1,1,261.4,551.58,216.71000000000004,170.01999999999998,1,1,1.0
1,2,393.6,580.5,179.86,277.4,1,1,1.0
1,3,327.4,510.73,74.61000000000001,44.569999999999936,1,1,0.0
1,4,605.93,382.33,157.47000000000003,259.46999999999997,1,1,1.0
1,5,645.55,652.94,160.75,270.5899999999999,1,1,1.0
1,6,774.6,440.64,241.11,221.15999999999997,1,1,1.0
1,7,818.27,253.0,263.79999999999995,175.26,1,1,1.0
1,8,961.35,449.86,198.17999999999995,263.05999999999995,1,1,1.0
1,9,1385.74,763.93,270.5899999999999,201.19000000000005,1,1,1.0
2,1,323.6,507.3,122.27999999999997,213.3,1,1,1.0
2,2,398.4,582.23,170.73000000000002,282.77,1,1,1.0
2,3,324.1,502.91,30.899999999999977,45.29000000000002,1,1,0.0
2,4,606.5,380.6,154.29999999999995,260.0,1,1,1.0
2,5,642.95,655.97,160.75,271.53,1,1,1.0
2,6,753.7,470.7,233.26999999999998,208.50000000000006,1,1,1.0
2,7,818.27,253.0,263.79999999999995,175.26,1,1,1.0
2,8,986.97,386.57,156.02999999999997,297.63000000000005,1,1,1.0
2,9,1385.74,763.93,270.5899999999999,201.19000000000005,1,1,1.0
3,1,348.0,372.99,214.98000000000002,288.90999999999997,1,1,1.0
3,2,399.2,578.76,176.85999999999996,280.03999999999996,1,1,1.0
3,3,329.1,513.94,60.849999999999966,29.959999999999923,1,1,0.0
3,4,607.98,379.08,155.30999999999995,263.07,1,1,1.0
3,5,654.22,654.67,151.27999999999997,276.0300000000001,1,1,1.0
3,6,743.6,462.23,228.26999999999998,216.87,1,1,1.0
3,7,818.27,256.8,263.79999999999995,171.45999999999998,1,1,1.0
3,8,970.4,386.57,172.60000000000002,303.72999999999996,1,1,1.0
3,9,1385.74,763.93,276.6600000000001,204.17000000000007,1,1,1.0
4,1,375.5,339.59,186.17999999999995,268.11000000000007,1,1,1.0
4,2,400.1,579.2,172.49,278.29999999999995,1,1,1.0
4,3,323.1,512.44,70.10999999999996,37.95999999999992,1,1,0.0
4,4,609.46,377.57,156.31999999999994,266.13000000000005,1,1,1.0
4,5,641.56,655.96,170.34000000000003,267.8399999999999,1,1,1.0
4,6,761.3,451.37,210.4000000000001,251.63,1,1,1.0
4,7,818.27,260.7,263.79999999999995,167.56,1,1,1.0
4,8,950.56,401.12,185.74,290.17999999999995,1,1,1.0
4,9,1385.74,763.93,276.6600000000001,204.17000000000007,1,1,1.0
5,1,378.5,361.2,180.58000000000004,241.3,1,1,1.0
5,2,399.7,578.33,172.03000000000003,284.66999999999996,1,1,1.0
5,3,319.6,510.4,87.59999999999997,46.80000000000007,1,1,0.0
5,4,612.24,376.92,152.15999999999997,261.87999999999994,1,1,1.0
5,5,654.3,659.3,165.0,259.70000000000005,1,1,1.0
5,6,777.7,460.9,191.39999999999998,258.5,1,1,1.0
5,7,818.27,249.9,263.79999999999995,178.35999999999999,1,1,1.0
5,8,957.3,421.1,175.10000000000014,262.4,1,1,1.0
5,9,1385.74,763.93,276.6600000000001,204.17000000000007,1,1,1.0
6,1,378.1,343.67,185.31999999999994,256.62999999999994,1,1,1.0
6,2,397.5,576.6,178.99,279.4,1,1,1.0
6,3,330.6,512.69,71.38,40.20999999999992,1,1,0.0
6,4,612.4,377.13,146.23000000000002,272.27,1,1,1.0
6,5,659.93,631.0,143.57000000000005,303.5,1,1,1.0
6,6,749.0,531.1,152.57000000000005,293.0,1,1,1.0
6,7,818.27,238.6,263.79999999999995,189.66,1,1,1.0
6,8,953.9,417.5,178.5000000000001,263.0,1,1,1.0
6,9,1385.74,763.93,276.6600000000001,204.17000000000007,1,1,1.0
7,1,381.1,345.74,174.94999999999993,255.86,1,1,1.0
7,2,397.1,577.03,179.81999999999994,286.97,1,1,1.0
7,3,329.4,512.19,74.84000000000003,40.20999999999992,1,1,0.0
7,4,607.23,374.54,155.56999999999994,288.75999999999993,1,1,1.0
7,5,644.18,617.53,146.32000000000005,308.07000000000005,1,1,1.0
7,6,744.06,527.1,147.9000000000001,292.6,1,1,1.0
7,7,818.27,249.3,263.79999999999995,178.95999999999998,1,1,1.0
7,8,957.5,408.6,172.5999999999999,271.9,1,1,1.0
7,9,1385.74,763.93,276.6600000000001,204.17000000000007,1,1,1.0
8,1,381.6,347.8,177.91999999999996,258.2,1,1,1.0
8,2,404.0,574.87,175.51999999999998,307.33000000000004,1,1,1.0
8,3,329.4,512.44,80.10000000000002,40.25999999999999,1,1,0.0
8,4,599.93,374.97,172.37,264.42999999999995,1,1,1.0
8,5,637.7,650.23,167.79999999999995,274.47,1,1,1.0
8,6,747.96,534.7,153.03999999999996,261.69999999999993,1,1,1.0
8,7,818.27,255.6,259.43000000000006,170.79999999999998,1,1,1.0
8,8,953.9,419.8,192.80000000000007,253.99999999999994,1,1,1.0
8,9,1385.74,768.5,276.6600000000001,199.60000000000002,1,1,1.0
9,1,384.6,357.5,185.89999999999998,250.60000000000002,1,1,1.0
9,2,407.9,571.83,169.46000000000004,289.16999999999996,1,1,1.0
9,3,326.4,509.4,86.90000000000003,47.80000000000007,1,1,0.0
9,4,609.13,371.94,151.97000000000003,273.96,1,1,1.0
9,5,640.3,651.53,171.60000000000002,269.27,1,1,1.0
9,6,755.76,518.47,156.89999999999998,286.0,1,1,1.0
9,7,813.9,255.6,263.80000000000007,170.79999999999998,1,1,1.0
9,8,953.9,418.08,195.89999999999998,258.32,1,1,1.0
9,9,1385.74,763.2,276.6600000000001,204.89999999999998,1,1,1.0
10,1,433.4,324.12,236.14,232.27999999999997,1,1,1.0
10,2,409.4,572.7,166.65999999999997,279.0,1,1,1.0
10,3,333.7,509.77,73.32999999999998,43.83000000000004,1,1,0.0
10,4,593.9,371.6,167.20000000000005,270.29999999999995,1,1,1.0
10,5,644.59,656.4,179.11,262.4,1,1,1.0
10,6,770.3,468.5,166.9000000000001,275.1,1,1,1.0
10,7,772.3,251.8,334.29999999999995,168.3,1,1,1.0
10,8,955.98,421.72,203.72000000000003,253.17999999999995,1,1,1.0
10,9,1382.0,763.2,280.4000000000001,207.89999999999998,1,1,1.0
11,1,423.8,334.83,250.36999999999995,198.96999999999997,1,1,1.0
11,2,413.3,574.87,164.92000000000002,262.83000000000004,1,1,1.0
11,3,329.4,512.9,79.60000000000002,42.5,1,1,0.0
11,4,588.33,372.03,177.9699999999999,267.6700000000001,1,1,1.0
11,5,674.4,648.6,147.10000000000002,253.29999999999995,1,1,1.0
11,6,772.17,459.82,159.83000000000004,297.97999999999996,1,1,1.0
11,7,805.6,256.8,292.19999999999993,185.7,1,1,1.0
11,8,954.42,428.46,203.88,244.33999999999997,1,1,1.0
11,9,1382.0,763.2,280.4000000000001,207.89999999999998,1,1,1.0
12,1,420.8,347.63,260.22999999999996,177.76999999999998,1,1,1.0
12,2,415.1,573.13,163.12,256.07000000000005,1,1,1.0
12,3,328.9,510.4,78.80000000000001,45.5,1,1,0.0
12,4,612.33,370.73,155.66999999999996,307.87,1,1,1.0
12,5,663.13,649.9,113.97000000000003,263.70000000000005,1,1,1.0
12,6,765.7,571.82,150.55999999999995,279.4799999999999,1,1,1.0
12,7,815.2,255.8,241.15999999999985,171.8,1,1,1.0
12,8,956.5,428.16,203.9000000000001,240.54000000000002,1,1,1.0
12,9,1382.0,763.2,280.4000000000001,201.89999999999998,1,1,1.0
13,1,417.8,349.0,257.77000000000004,184.60000000000002,1,1,1.0
13,2,418.1,573.13,160.99,256.57000000000005,1,1,1.0
13,3,332.1,510.68,73.38999999999999,40.02000000000004,1,1,0.0
13,4,614.06,369.0,149.1400000000001,311.5,1,1,1.0
13,5,657.3,621.47,124.30000000000007,307.42999999999995,1,1,1.0
13,6,738.4,583.34,174.5,266.76,1,1,1.0
13,7,819.26,253.2,238.66000000000008,174.90000000000003,1,1,1.0
13,8,958.58,430.24,203.01999999999987,238.96000000000004,1,1,1.0
13,9,1367.7,763.2,294.70000000000005,201.89999999999998,1,1,1.0
14,1,441.2,305.57,216.77000000000004,218.72999999999996,1,1,1.0
14,2,414.9,579.2,161.15999999999997,265.79999999999995,1,1,1.0
14,3,331.4,511.94,68.58000000000004,42.76000000000005,1,1,0.0
14,4,596.63,369.43,163.57000000000005,305.07,1,1,1.0
14,5,674.89,612.69,123.71000000000004,293.6099999999999,1,1,1.0
14,6,738.5,590.48,185.67999999999995,272.91999999999996,1,1,1.0
14,7,818.22,255.44,242.77999999999997,174.36,1,1,1.0
14,8,955.46,427.12,204.83999999999992,245.67999999999995,1,1,1.0
14,9,1348.1,763.2,314.3000000000002,201.89999999999998,1,1,1.0
15,1,468.7,338.27,182.33999999999997,239.63,1,1,1.0
15,2,380.1,576.6,194.23000000000002,271.6,1,1,1.0
15,3,333.9,510.68,73.60000000000002,38.52000000000004,1,1,0.0
15,4,607.4,369.0,159.30000000000007,308.20000000000005,1,1,1.0
15,5,672.29,627.56,130.21000000000004,275.6400000000001,1,1,1.0
15,6,751.5,587.88,171.64,273.32000000000005,1,1,1.0
15,7,821.34,255.96,244.36,173.84,1,1,1.0
15,8,955.98,427.64,205.31999999999994,247.15999999999997,1,1,1.0
15,9,1351.9,764.7,296.89999999999986,204.19999999999993,1,1,1.0
16,1,490.9,353.17,148.07000000000005,260.62999999999994,1,1,1.0
16,2,405.1,583.1,167.05999999999995,264.1,1,1,1.0
16,3,331.4,508.68,84.12,42.02000000000004,1,1,0.0
16,4,596.43,371.17,165.97000000000003,290.22999999999996,1,1,1.0
16,5,636.3,636.33,167.0,260.37,1,1,1.0
16,6,769.8,587.88,143.99,274.82000000000005,1,1,1.0
16,7,805.72,261.84,270.0799999999999,168.66000000000003,1,1,1.0
16,8,958.06,430.24,206.24,244.36,1,1,1.0
16,9,1357.9,770.7,290.89999999999986,198.19999999999993,1,1,1.0
17,1,429.43,337.96,210.86999999999995,266.54,1,1,1.0
17,2,404.2,585.26,166.22999999999996,258.03999999999996,1,1,1.0
17,3,328.6,510.68,82.65999999999997,43.71999999999997,1,1,0.0
17,4,601.4,369.43,161.80000000000007,294.57,1,1,1.0
17,5,643.4,640.13,156.60000000000002,230.87,1,1,1.0
17,6,763.1,595.67,153.27999999999997,287.13,1,1,1.0
17,7,765.6,267.6,330.30000000000007,161.89999999999998,1,1,1.0
17,8,957.02,428.16,208.77999999999997,242.23999999999995,1,1,1.0
17,9,1360.9,770.7,287.89999999999986,198.19999999999993,1,1,1.0
18,1,427.46,333.67,216.74000000000007,268.62999999999994,1,1,1.0
18,2,402.1,577.9,166.59000000000003,267.6,1,1,1.0
18,3,328.9,511.69,70.08000000000004,37.51000000000005,1,1,0.0
18,4,611.26,369.43,151.94000000000005,311.07,1,1,1.0
18,5,640.37,644.13,157.42999999999995,229.47000000000003,1,1,1.0
18,6,777.7,607.08,141.3499999999999,264.2199999999999,1,1,1.0
18,7,767.0,284.75,222.10000000000002,159.85000000000002,1,1,1.0
18,8,959.62,426.6,205.67999999999995,239.60000000000002,1,1,1.0
18,9,1363.9,770.7,284.89999999999986,198.19999999999993,1,1,1.0
19,1,459.63,333.73,182.66999999999996,269.87,1,1,1.0
19,2,398.7,582.23,172.16000000000003,259.37,1,1,1.0
19,3,332.2,510.71,85.66000000000003,38.69,1,1,0.0
19,4,616.3,371.6,150.0,300.79999999999995,1,1,1.0
19,5,643.4,645.0,160.10000000000002,224.10000000000002,1,1,1.0
19,6,762.5,673.3,239.24,156.5,1,1,1.0
19,7,767.5,282.15,227.55999999999995,159.85000000000002,1,1,1.0
19,8,957.54,429.2,207.76,238.8,1,1,1.0
19,9,1363.9,770.7,284.89999999999986,205.0,1,1,1.0
20,1,437.19,338.4,205.60999999999996,264.80000000000007,1,1,1.0
20,2,397.8,584.4,176.95999999999998,257.20000000000005,1,1,1.0
20,3,333.5,511.14,76.99000000000001,40.860000000000014,1,1,0.0
20,4,613.67,374.63,148.73000000000002,288.97,1,1,1.0
20,5,639.5,642.4,166.60000000000002,229.30000000000007,1,1,1.0
20,6,824.3,503.53,166.09000000000003,269.77,1,1,1.0
20,7,708.8,263.9,280.22,177.8,1,1,1.0
20,8,957.54,429.2,208.86000000000013,240.3,1,1,1.0
20,9,1363.9,770.7,284.89999999999986,202.69999999999993,1,1,1.0
21,1,446.19,350.39,198.70999999999998,258.01,1,1,1.0
21,2,394.8,582.66,180.39000000000004,261.14,1,1,1.0
21,3,331.6,512.2,83.69999999999999,35.69999999999993,1,1,0.0
21,4,614.97,375.5,149.52999999999997,286.4,1,1,1.0
21,5,636.8,642.83,166.30000000000007,228.87,1,1,1.0
21,6,839.0,480.28,136.5,295.12,1,1,1.0
21,7,726.5,276.84,284.44000000000005,179.76000000000005,1,1,1.0
21,8,958.58,429.2,206.2199999999999,240.90000000000003,1,1,1.0
21,9,1357.9,792.5,298.39999999999986,199.70000000000005,1,1,1.0
22,1,431.03,335.67,212.57000000000005,265.83,1,1,1.0
22,2,380.7,583.09,194.49000000000007,259.2099999999999,1,1,1.0
22,3,332.9,510.68,83.37,37.71999999999997,1,1,0.0
22,4,612.8,377.66,148.70000000000005,286.44,1,1,1.0
22,5,634.63,645.0,171.66999999999996,225.0,1,1,1.0
22,6,845.2,461.66,138.62,303.84,1,1,1.0
22,7,717.5,260.0,277.14,198.60000000000002,1,1,1.0
22,8,957.54,427.12,206.76,242.98000000000002,1,1,1.0
22,9,1374.5,769.1,283.29999999999995,220.79999999999995,1,1,1.0
23,1,432.33,336.97,209.96999999999997,265.3299999999999,1,1,1.0
23,2,407.4,580.5,168.23000000000002,261.5,1,1,1.0
23,3,333.3,509.77,80.94999999999999,38.430000000000064,1,1,0.0
23,4,613.67,376.8,147.43000000000006,291.2,1,1,1.0
23,5,638.53,644.57,170.76999999999998,221.02999999999997,1,1,1.0
23,6,844.72,489.24,141.57999999999993,283.05999999999995,1,1,1.0
23,7,759.7,252.32,223.38,204.57999999999998,1,1,1.0
23,8,959.1,428.68,207.10000000000002,237.42000000000002,1,1,1.0
23,9,1348.9,777.4,316.39999999999986,199.70000000000005,1,1,1.0
24,1,482.53,334.06,158.97000000000003,272.64000000000004,1,1,1.0
24,2,404.7,586.13,190.74000000000007,248.47000000000003,1,1,1.0
24,3,328.1,511.18,87.66999999999996,40.81999999999999,1,1,0.0
24,4,611.0,378.5,153.10000000000002,300.79999999999995,1,1,1.0
24,5,631.46,649.33,177.83999999999992,210.76999999999998,1,1,1.0
24,6,840.04,470.42,146.86,291.78000000000003,1,1,1.0
24,7,761.7,273.38,225.79999999999995,193.22000000000003,1,1,1.0
24,8,960.48,427.12,205.22000000000003,241.08000000000004,1,1,1.0
24,9,1336.8,777.4,331.5,199.70000000000005,1,1,1.0
25,1,447.36,343.5,195.84000000000003,264.9,1,1,1.0
25,2,403.8,589.16,189.90000000000003,247.64,1,1,1.0
25,3,318.8,509.68,93.45999999999998,45.02000000000004,1,1,0.0
25,4,614.8,376.36,148.0,290.53999999999996,1,1,1.0
25,5,630.9,643.7,172.80000000000007,216.69999999999993,1,1,1.0
25,6,836.4,480.24,138.5,282.46000000000004,1,1,1.0
25,7,758.0,307.64,242.08000000000004,142.76,1,1,1.0
25,8,958.4,426.6,207.30000000000007,242.60000000000002,1,1,1.0
25,9,1343.6,811.3,332.20000000000005,196.70000000000005,1,1,1.0
26,1,437.03,345.76,207.47000000000003,261.74,1,1,1.0
26,2,403.4,590.89,197.23000000000002,244.61,1,1,1.0
26,3,310.8,510.93,103.96999999999997,48.77000000000004,1,1,0.0
26,4,613.13,369.43,144.87,302.36999999999995,1,1,1.0
26,5,630.03,641.53,179.26999999999998,220.17000000000007,1,1,1.0
26,6,844.9,359.61,191.06000000000006,262.18999999999994,1,1,1.0
26,7,730.5,347.94,223.96000000000004,125.36000000000001,1,1,1.0
26,8,964.4,422.1,195.30000000000007,250.29999999999995,1,1,1.0
26,9,1360.5,814.7,308.5,193.29999999999995,1,1,1.0
27,1,469.63,333.13,172.26999999999998,274.37,1,1,1.0
27,2,404.7,591.76,194.2,243.74,1,1,1.0
27,3,320.4,506.17,106.51000000000005,68.12999999999994,1,1,0.0
27,4,619.4,369.0,140.80000000000007,301.9,1,1,1.0
27,5,625.27,639.37,183.23000000000002,222.33000000000004,1,1,1.0
27,6,989.14,288.57,274.9599999999999,134.03000000000003,1,1,1.0
27,7,695.9,355.86,248.80000000000007,128.33999999999997,1,1,1.0
27,8,953.66,419.56,193.34000000000003,255.14000000000004,1,1,1.0
27,9,1377.5,805.3,291.5,205.70000000000005,1,1,1.0
28,1,438.76,335.06,208.74,273.34,1,1,1.0
28,2,405.1,589.16,192.5,245.04000000000008,1,1,1.0
28,3,318.1,502.91,106.29999999999995,73.88999999999993,1,1,0.0
28,4,618.97,369.87,142.52999999999997,283.42999999999995,1,1,1.0
28,5,623.1,641.1,187.10000000000002,218.39999999999998,1,1,1.0
28,6,1086.52,320.62,268.18000000000006,170.68,1,1,1.0
28,7,582.2,342.63,283.29999999999995,121.97000000000003,1,1,1.0
28,8,955.98,413.62,193.72000000000003,266.17999999999995,1,1,1.0
28,9,1377.5,805.3,286.20000000000005,205.70000000000005,1,1,1.0
29,1,436.16,335.03,211.33999999999997,268.1700000000001,1,1,1.0
29,2,395.7,586.66,184.94,291.84000000000003,1,1,1.0
29,3,309.3,509.43,117.86000000000001,93.07,1,1,0.0
29,4,618.53,374.63,144.67000000000007,281.77,1,1,1.0
29,5,635.9,641.1,174.30000000000007,224.5,1,1,1.0
29,6,1137.88,327.3,234.81999999999994,181.0,1,1,1.0
29,7,522.0,319.11,232.89999999999998,106.38999999999999,1,1,1.0
29,8,962.44,404.12,183.76,281.17999999999995,1,1,1.0
29,9,1377.5,805.3,286.20000000000005,205.70000000000005,1,1,1.0
30,1,429.23,335.9,216.16999999999996,263.0,1,1,1.0
30,2,393.1,598.2,181.69999999999993,270.0999999999999,1,1,1.0
30,3,298.8,506.92,125.84999999999997,100.78000000000003,1,1,0.0
30,4,620.7,372.9,143.39999999999998,280.4,1,1,1.0
30,5,648.16,638.5,165.54000000000008,224.5,1,1,1.0
30,6,1136.84,334.06,235.36000000000013,191.14000000000004,1,1,1.0
30,7,517.48,328.78,184.91999999999996,88.42000000000002,1,1,1.0
30,8,944.22,408.1,194.77999999999997,290.5,1,1,1.0
30,9,1371.5,805.3,285.5,205.70000000000005,1,1,1.0
31,1,447.53,337.7,202.17000000000007,260.3,1,1,1.0
31,2,351.3,589.1,219.59999999999997,269.5,1,1,1.0
31,3,285.0,478.54,180.58999999999997,161.95999999999998,1,1,1.0
31,4,622.0,373.33,144.29999999999995,272.17,1,1,1.0
31,5,637.2,640.23,174.29999999999995,224.06999999999994,1,1,1.0
31,6,1138.92,334.58,224.17999999999984,193.12000000000006,1,1,1.0
31,7,461.7,326.6,218.8,139.79999999999995,1,1,0.0
31,8,951.48,407.06,197.72000000000003,293.04,1,1,1.0
31,9,1368.4,805.3,288.5999999999999,203.4000000000001,1,1,1.0
32,1,466.0,338.13,176.79999999999995,267.66999999999996,1,1,1.0
32,2,368.6,583.8,208.79999999999995,281.0,1,1,1.0
32,3,288.11,500.54,213.69,155.56,1,1,1.0
32,4,622.0,366.4,142.5,280.4,1,1,1.0
32,5,635.9,637.9,174.30000000000007,225.5,1,1,1.0
32,6,1135.8,324.7,231.79999999999995,204.50000000000006,1,1,1.0
32,7,452.3,326.6,228.2,140.29999999999995,1,1,0.0
32,8,946.06,424.18,196.94000000000005,273.82,1,1,1.0
32,9,1369.2,810.0,287.79999999999995,198.70000000000005,1,1,1.0
33,1,468.0,344.36,176.5,266.24,1,1,1.0
33,2,348.6,592.9,227.5,249.89999999999998,1,1,1.0
33,3,299.71,517.97,175.39000000000004,229.52999999999997,1,1,1.0
33,4,618.53,368.57,147.67000000000007,284.72999999999996,1,1,1.0
33,5,624.93,637.47,183.07000000000005,223.82999999999993,1,1,1.0
33,6,1144.12,322.62,219.18000000000006,212.38,1,1,1.0
33,7,449.1,326.6,231.39999999999998,139.5,1,1,0.0
33,8,949.28,406.54,208.51999999999998,283.16,1,1,1.0
33,9,1365.4,805.3,291.5999999999999,203.4000000000001,1,1,1.0
34,1,462.1,339.7,186.29999999999995,271.3,1,1,1.0
34,2,349.5,590.96,228.76999999999998,258.3399999999999,1,1,1.0
34,3,303.9,517.25,147.71000000000004,259.04999999999995,1,1,1.0
34,4,620.27,367.5,144.73000000000002,282.4,1,1,1.0
34,5,634.75,639.42,172.54999999999995,219.08000000000004,1,1,1.0
34,6,1146.4,311.7,219.0,229.50000000000006,1,1,1.0
34,7,448.1,326.6,232.39999999999998,138.79999999999995,1,1,0.0
34,8,951.88,412.24,206.7199999999999,283.65999999999997,1,1,1.0
34,9,1365.4,809.8,291.5999999999999,198.9000000000001,1,1,1.0
35,1,433.33,339.76,206.87000000000006,269.94000000000005,1,1,1.0
35,2,376.6,590.1,200.79999999999995,257.9,1,1,1.0
35,3,316.0,527.35,137.27999999999997,230.25,1,1,1.0
35,4,620.7,364.9,143.79999999999995,288.9,1,1,1.0
35,5,638.93,639.78,169.37,222.42000000000007,1,1,1.0
35,6,1158.44,296.16,211.55999999999995,267.44,1,1,1.0
35,7,451.1,326.6,225.0,133.5,1,1,0.0
35,8,952.4,412.76,194.10000000000002,290.03999999999996,1,1,1.0
35,9,1338.3,809.8,318.70000000000005,207.20000000000005,1,1,1.0
36,1,433.13,340.47,208.76999999999998,264.92999999999995,1,1,1.0
36,2,381.0,593.56,199.87,245.44000000000005,1,1,1.0
36,3,296.94,524.83,154.86,230.56999999999994,1,1,1.0
36,4,621.57,364.47,143.42999999999995,289.73,1,1,1.0
36,5,639.86,640.36,170.24,224.43999999999994,1,1,1.0
36,6,1163.12,300.32,200.58000000000015,271.97999999999996,1,1,1.0
36,7,469.6,326.6,205.66999999999996,133.29999999999995,1,1,0.0
36,8,925.3,422.1,220.70000000000005,254.79999999999995,1,1,1.0
36,9,1371.5,795.5,296.0,216.20000000000005,1,1,1.0
37,1,482.29,335.46,159.20999999999998,274.24000000000007,1,1,1.0
37,2,370.4,597.46,210.04000000000008,239.24,1,1,1.0
37,3,294.06,524.47,158.14,228.02999999999997,1,1,1.0
37,4,620.27,365.77,146.43000000000006,289.73,1,1,1.0
37,5,638.2,640.93,171.0999999999999,225.97000000000003,1,1,1.0
37,6,1171.94,308.28,181.8599999999999,289.72,1,1,1.0
37,7,454.1,326.6,220.32999999999993,135.29999999999995,1,1,0.0
37,8,940.98,416.74,203.72000000000003,257.15999999999997,1,1,1.0
37,9,1384.3,782.7,283.20000000000005,225.19999999999993,1,1,1.0
38,1,496.13,323.63,144.87,291.37,1,1,1.0
38,2,376.7,592.7,198.09999999999997,260.19999999999993,1,1,1.0
38,3,296.22,516.16,157.57999999999998,235.24,1,1,1.0
38,4,619.4,363.2,146.0,293.17,1,1,1.0
38,5,639.5,639.2,172.89999999999998,225.89999999999998,1,1,1.0
38,6,1192.26,328.42,178.94000000000005,273.78000000000003,1,1,1.0
38,7,455.6,326.6,218.0,137.29999999999995,1,1,0.0
38,8,948.82,401.04,195.88,270.85999999999996,1,1,1.0
38,9,1327.0,763.9,335.20000000000005,215.39999999999998,1,1,1.0
39,1,467.03,339.57,178.76999999999998,274.63000000000005,1,1,1.0
39,2,386.0,592.26,179.26999999999998,284.74,1,1,1.0
39,3,296.58,523.74,154.32,224.96000000000004,1,1,1.0
39,4,622.0,364.03,140.79999999999995,291.87,1,1,1.0
39,5,638.2,639.63,169.5999999999999,225.07000000000005,1,1,1.0
39,6,1230.09,330.11,151.71000000000004,269.39,1,1,1.0
39,7,461.3,326.6,212.3,138.0,1,1,0.0
39,8,942.7,397.42,199.79999999999995,263.37999999999994,1,1,1.0
39,9,1324.0,772.2,338.20000000000005,207.0999999999999,1,1,1.0
40,1,432.93,337.03,204.17000000000002,274.97,1,1,1.0
40,2,401.9,591.83,172.89999999999998,283.16999999999996,1,1,1.0
40,3,292.61,516.16,155.78999999999996,228.94000000000005,1,1,1.0
40,4,619.83,364.47,143.37,284.53,1,1,1.0
40,5,638.63,640.07,172.66999999999996,223.32999999999993,1,1,1.0
40,6,1236.33,326.99,158.07000000000016,266.30999999999995,1,1,1.0
40,7,452.6,323.5,221.0,133.60000000000002,1,1,0.0
40,8,938.26,394.3,221.03999999999996,243.59999999999997,1,1,1.0
40,9,1388.0,752.6,372.20000000000005,265.9,1,1,1.0
41,1,419.7,335.2,228.7,274.59999999999997,1,1,1.0
41,2,403.0,592.26,165.30999999999995,296.53999999999996,1,1,1.0
41,3,294.06,524.47,158.44,225.02999999999997,1,1,1.0
41,4,619.8,363.6,144.30000000000007,295.79999999999995,1,1,1.0
41,5,623.47,639.2,189.13,233.69999999999993,1,1,1.0
41,6,1237.18,345.62,155.01999999999998,260.38,1,1,1.0
41,7,453.9,323.5,219.70000000000005,133.2,1,1,0.0
41,8,918.6,389.0,252.19999999999993,238.79999999999995,1,1,1.0
41,9,1397.0,767.7,323.20000000000005,290.70000000000005,1,1,1.0
42,1,467.13,342.56,182.57000000000005,269.44,1,1,1.0
42,2,402.3,593.13,175.96999999999997,263.77,1,1,1.0
42,3,297.67,526.27,146.93,225.02999999999997,1,1,1.0
42,4,621.56,369.67,139.04000000000008,280.22999999999996,1,1,1.0
42,5,646.8,638.77,163.60000000000002,227.63,1,1,1.0
42,6,1239.05,338.76,150.54999999999995,266.03999999999996,1,1,1.0
42,7,453.5,323.5,220.10000000000002,134.39999999999998,1,1,0.0
42,8,792.76,367.9,317.03999999999996,182.30000000000007,1,1,1.0
42,9,1409.1,760.9,284.70000000000005,285.4,1,1,1.0
43,1,493.03,329.4,158.37,282.6,1,1,1.0
43,2,399.3,592.7,173.77000000000004,253.5,1,1,1.0
43,3,309.22,528.44,146.38,252.45999999999992,1,1,1.0
43,4,621.56,371.4,141.1400000000001,279.20000000000005,1,1,1.0
43,5,641.1,646.0,170.60000000000002,225.60000000000002,1,1,1.0
43,6,1230.94,336.27,158.65999999999985,270.33000000000004,1,1,1.0
43,7,453.5,323.5,220.10000000000002,140.5,1,1,0.0
43,8,703.09,356.6,317.03999999999996,155.2,1,1,1.0
43,9,1409.1,773.7,265.9000000000001,272.5999999999999,1,1,1.0
44,1,466.83,338.96,174.67000000000002,278.24000000000007,1,1,1.0
44,2,402.3,593.13,175.09999999999997,251.37,1,1,1.0
44,3,274.99,517.97,173.81,255.32999999999993,1,1,1.0
44,4,622.86,378.23,149.14,271.97,1,1,1.0
44,5,645.0,636.3,156.79999999999995,235.30000000000007,1,1,1.0
44,6,1234.68,345.0,157.41999999999985,256.20000000000005,1,1,1.0
44,7,453.5,323.5,220.10000000000002,146.5,1,1,0.0
44,8,614.93,346.8,307.2700000000001,144.7,1,1,1.0
44,9,1409.1,788.0,256.10000000000014,255.29999999999995,1,1,1.0
45,1,470.96,336.0,171.33999999999997,279.5,1,1,1.0
45,2,400.6,591.4,175.06999999999994,251.80000000000007,1,1,1.0
45,3,257.25,523.02,190.14999999999998,235.98000000000002,1,1,1.0
45,4,623.73,376.5,154.56999999999994,272.79999999999995,1,1,1.0
45,5,644.02,635.38,164.08000000000004,229.41999999999996,1,1,1.0
45,6,1234.06,339.38,156.84000000000015,260.12,1,1,1.0
45,7,453.5,321.0,220.10000000000002,144.5,1,1,0.0
45,8,639.8,332.5,277.9000000000001,146.89999999999998,1,1,1.0
45,9,1409.1,788.0,247.10000000000014,244.79999999999995,1,1,1.0
46,1,469.63,337.97,149.76999999999998,268.42999999999995,1,1,1.0
46,2,399.3,592.26,176.36999999999995,250.03999999999996,1,1,1.0
46,3,258.69,524.47,192.70999999999998,234.13,1,1,1.0
46,4,614.03,379.53,160.37,292.77,1,1,1.0
46,5,644.02,636.08,162.98000000000002,227.7199999999999,1,1,1.0
46,6,1230.32,335.02,158.3800000000001,264.58000000000004,1,1,1.0
46,7,463.4,321.0,210.20000000000005,139.2,1,1,0.0
46,8,596.1,358.1,303.5,130.29999999999995,1,1,1.0
46,9,1402.3,795.5,264.4000000000001,225.20000000000005,1,1,1.0
47,1,461.06,342.03,164.83999999999997,272.97,1,1,1.0
47,2,404.0,586.2,166.47000000000003,263.9,1,1,1.0
47,3,262.3,524.47,188.7,235.92999999999995,1,1,1.0
47,4,614.96,378.23,153.33999999999992,263.97,1,1,1.0
47,5,646.6,633.7,166.10000000000002,229.0999999999999,1,1,1.0
47,6,1227.82,341.88,159.98000000000002,282.52,1,1,1.0
47,7,461.8,322.04,210.75999999999993,143.15999999999997,1,1,0.0
47,8,556.2,333.2,280.0999999999999,153.7,1,1,1.0
47,9,1405.3,803.0,255.4000000000001,217.70000000000005,1,1,1.0
48,1,484.9,343.9,133.5,272.80000000000007,1,1,1.0
48,2,402.7,587.06,173.40000000000003,292.6400000000001,1,1,1.0
48,3,274.2,524.47,177.55,259.8299999999999,1,1,1.0
48,4,596.93,484.88,256.47,185.51999999999998,1,1,1.0
48,5,645.06,642.02,163.04000000000008,221.27999999999997,1,1,1.0
48,6,1240.3,347.0,153.70000000000005,282.4,1,1,1.0
48,7,458.7,322.04,211.26000000000005,138.45999999999998,1,1,0.0
48,8,463.52,382.2,246.98000000000002,238.07,1,1,1.0
48,9,1388.7,809.8,272.0,210.9000000000001,1,1,1.0
49,1,457.6,337.07,247.06999999999994,209.93,1,1,1.0
49,2,404.9,612.2,169.47000000000003,284.5999999999999,1,1,1.0
49,3,265.3,562.0,153.17000000000002,294.6,1,1,1.0
49,4,656.59,517.73,298.30999999999995,157.16999999999996,1,1,1.0
49,5,640.9,637.86,166.10000000000002,229.03999999999996,1,1,1.0
49,6,1235.93,344.51,156.3699999999999,272.39,1,1,1.0
49,7,461.3,322.56,212.3,141.54000000000002,1,1,1.0
49,8,350.49,482.4,294.40999999999997,146.89999999999998,1,1,1.0
49,9,1384.2,809.8,272.0,210.9000000000001,1,1,1.0
50,1,492.6,328.73,284.4,164.46999999999997,1,1,1.0
50,2,429.4,653.76,162.87,245.03999999999996,1,1,1.0
50,3,276.8,635.5,149.7,299.0,1,1,1.0
50,4,658.02,526.03,297.48,148.26999999999998,1,1,1.0
50,5,650.3,640.46,166.5,223.33999999999992,1,1,1.0
50,6,1236.56,347.0,155.74,271.5,1,1,1.0
50,7,458.7,321.0,214.38000000000005,137.39999999999998,1,1,1.0
50,8,359.5,494.5,293.70000000000005,145.29999999999995,1,1,1.0
50,9,1397.8,809.8,250.10000000000014,210.9000000000001,1,1,1.0
51,1,502.2,356.2,314.7,118.19999999999999,1,1,1.0
51,2,397.86,744.43,241.24,177.67000000000007,1,1,1.0
51,3,256.4,685.63,181.40000000000003,262.77,1,1,1.0
51,4,658.46,523.36,278.93999999999994,142.03999999999996,1,1,1.0
51,5,635.2,637.34,176.39999999999998,229.05999999999995,1,1,1.0
51,6,1230.94,345.76,157.15999999999985,256.94000000000005,1,1,1.0
51,7,460.8,321.0,212.28000000000003,144.8,1,1,1.0
51,8,357.2,494.5,296.00000000000006,143.79999999999995,1,1,1.0
51,9,1367.7,809.8,286.20000000000005,215.4000000000001,1,1,1.0
52,1,505.22,357.08,338.0799999999999,118.72000000000003,1,1,1.0
52,2,399.6,772.5,241.47000000000003,150.89999999999998,1,1,1.0
52,3,247.37,722.96,183.13,246.14,1,1,1.0
52,4,649.83,519.9,309.66999999999996,144.60000000000002,1,1,1.0
52,5,602.56,646.17,208.04000000000008,234.0300000000001,1,1,1.0
52,6,1230.32,343.26,155.8800000000001,261.94000000000005,1,1,1.0
52,7,469.6,325.16,204.0,147.44,1,1,1.0
52,8,351.2,498.2,299.40000000000003,140.09999999999997,1,1,1.0
52,9,1343.6,809.8,323.10000000000014,210.9000000000001,1,1,1.0
53,1,517.67,360.11,279.0300000000001,148.78999999999996,1,1,1.0
53,2,403.1,780.5,228.14,145.89999999999998,1,1,1.0
53,3,254.5,731.63,175.13,247.07000000000005,1,1,1.0
53,4,729.7,509.14,313.93000000000006,148.96000000000004,1,1,1.0
53,5,592.18,645.14,219.42000000000007,234.56000000000006,1,1,1.0
53,6,1231.56,342.01,155.94000000000005,256.39,1,1,1.0
53,7,444.2,361.02,171.12000000000006,145.18,1,1,1.0
53,8,356.4,508.6,303.1,129.69999999999993,1,1,1.0
53,9,1392.6,742.0,276.4000000000001,282.5,1,1,1.0
54,1,531.25,387.86,245.64999999999998,216.34000000000003,1,1,1.0
54,2,407.7,785.27,247.00000000000006,139.83000000000004,1,1,1.0
54,3,252.7,733.36,183.32999999999998,243.53999999999996,1,1,1.0
54,4,807.0,468.13,292.1300000000001,162.87,1,1,1.0
54,5,642.0,636.02,163.70000000000005,257.58000000000004,1,1,1.0
54,6,1227.2,342.64,159.70000000000005,261.96000000000004,1,1,1.0
54,7,331.0,370.6,226.39999999999998,171.10000000000002,1,1,0.0
54,8,356.3,506.0,292.7,132.29999999999995,1,1,1.0
54,9,1401.6,726.9,261.4000000000001,297.6,1,1,1.0
55,1,527.42,445.7,212.7800000000001,258.40000000000003,1,1,1.0
55,2,409.8,791.33,247.07,136.87,1,1,1.0
55,3,266.1,736.82,175.56,241.77999999999997,1,1,1.0
55,4,896.4,470.05,335.0000000000001,144.34999999999997,1,1,1.0
55,5,670.5,614.9,143.5,277.6,1,1,1.0
55,6,1227.2,336.4,156.5,259.5,1,1,1.0
55,7,306.6,417.07,231.32999999999993,149.32999999999998,1,1,0.0
55,8,355.8,510.2,288.99999999999994,128.09999999999997,1,1,1.0
55,9,1401.6,740.5,261.4000000000001,284.0,1,1,1.0
56,1,362.93,622.4,279.46999999999997,143.80000000000007,1,1,1.0
56,2,407.2,783.16,242.3,143.04000000000008,1,1,1.0
56,3,304.2,736.06,131.53000000000003,249.94000000000005,1,1,1.0
56,4,1016.3,486.4,385.25,158.13,1,1,1.0
56,5,675.38,618.54,148.01999999999998,278.26,1,1,1.0
56,6,1227.2,344.51,159.0,243.99,1,1,1.0
56,7,306.6,423.8,220.39999999999998,142.59999999999997,1,1,0.0
56,8,362.1,510.2,282.69999999999993,127.09999999999997,1,1,1.0
56,9,1401.6,740.5,261.4000000000001,288.5,1,1,1.0
57,1,354.36,642.31,269.03999999999996,120.8900000000001,1,1,1.0
57,2,412.3,785.33,235.90000000000003,142.16999999999996,1,1,1.0
57,3,328.62,835.63,183.98000000000002,164.37,1,1,1.0
57,4,1228.9,569.33,326.0,134.26999999999998,1,1,1.0
57,5,671.12,572.36,151.88,317.43999999999994,1,1,1.0
57,6,1206.89,347.08,178.51,230.02000000000004,1,1,1.0
57,7,306.6,423.3,222.0,143.09999999999997,1,1,0.0
57,8,347.4,510.2,297.4,127.09999999999997,1,1,1.0
57,9,1405.4,769.1,238.79999999999995,271.9999999999999,1,1,1.0
58,1,320.5,595.48,269.29999999999995,158.72000000000003,1,1,1.0
58,2,412.7,778.4,237.3,152.10000000000002,1,1,1.0
58,3,379.77,874.77,211.33000000000004,131.73000000000002,1,1,1.0
58,4,1475.58,425.72,373.1200000000001,241.38,1,1,1.0
58,5,674.24,614.22,152.36,283.98,1,1,1.0
58,6,1210.63,342.71,168.26999999999998,247.58999999999997,1,1,1.0
58,7,306.6,426.9,222.5,139.5,1,1,0.0
58,8,358.9,510.2,285.9,127.09999999999997,1,1,1.0
58,9,1411.4,749.5,221.5,300.5999999999999,1,1,1.0
59,1,270.38,552.55,239.32,186.85000000000002,1,1,1.0
59,2,411.0,787.49,232.10000000000002,139.11,1,1,1.0
59,3,457.47,881.8,262.92999999999995,127.20000000000005,1,1,1.0
59,4,1565.4,407.13,311.31999999999994,225.26999999999998,1,1,1.0
59,5,676.08,610.16,145.12,286.0400000000001,1,1,1.0
59,6,1213.75,345.2,170.1500000000001,245.09999999999997,1,1,1.0
59,7,312.9,428.4,216.20000000000005,130.5,1,1,0.0
59,8,369.4,510.2,275.4,127.09999999999997,1,1,1.0
59,9,1411.4,757.0,227.5,293.0999999999999,1,1,1.0
60,1,261.26,537.03,208.84000000000003,202.67000000000007,1,1,1.0
60,2,419.2,778.4,243.50000000000006,147.39999999999998,1,1,1.0
60,3,611.2,873.8,225.79999999999995,143.80000000000007,1,1,1.0
60,4,1652.2,366.78,204.48000000000002,331.32000000000005,1,1,1.0
60,5,672.96,617.74,137.33999999999992,268.55999999999995,1,1,1.0
60,6,1211.67,354.83,176.92999999999984,235.46999999999997,1,1,1.0
60,7,312.9,428.4,216.20000000000005,130.5,1,1,0.0
60,8,369.4,510.2,272.30000000000007,127.09999999999997,1,1,1.0
60,9,1361.4,777.3,292.5999999999999,233.60000000000002,1,1,1.0
61,1,244.6,535.4,215.50000000000003,206.89999999999998,1,1,1.0
61,2,411.0,784.9,229.70000000000005,141.20000000000005,1,1,1.0
61,3,713.9,807.6,207.75,178.0,1,1,1.0
61,4,1660.9,263.49,197.27999999999997,378.30999999999995,1,1,1.0
61,5,675.32,608.9,143.27999999999997,279.5,1,1,1.0
61,6,1217.56,354.9,181.34000000000015,231.20000000000005,1,1,1.0
61,7,307.9,428.4,221.20000000000005,129.80000000000007,1,1,0.0
61,8,361.0,520.1,280.70000000000005,117.19999999999993,1,1,1.0
61,9,1339.28,763.24,317.9200000000001,250.55999999999995,1,1,1.0
62,1,244.7,531.2,210.2,209.79999999999995,1,1,1.0
62,2,406.2,778.83,237.13000000000005,145.9699999999999,1,1,1.0
62,3,752.9,774.23,172.94000000000005,190.56999999999994,1,1,1.0
62,4,1642.6,212.01,195.87000000000012,368.49,1,1,1.0
62,5,672.84,574.72,147.36,319.88,1,1,1.0
62,6,1230.81,358.59,197.49,226.31,1,1,1.0
62,7,311.1,428.4,218.0,125.5,1,1,0.0
62,8,346.1,522.7,295.6,114.59999999999991,1,1,1.0
62,9,1342.1,741.9,328.5,262.9,1,1,1.0
63,1,241.67,525.13,209.73,208.37,1,1,1.0
63,2,405.37,782.3,236.63,151.80000000000007,1,1,1.0
63,3,753.4,776.26,186.23000000000002,193.74,1,1,1.0
63,4,1643.08,155.73,207.72000000000003,348.07000000000005,1,1,1.0
63,5,671.28,567.28,153.42000000000007,328.4200000000001,1,1,1.0
63,6,1231.84,411.02,232.36000000000013,214.38,1,1,1.0
63,7,311.0,436.2,216.5,113.90000000000003,1,1,0.0
63,8,341.1,512.2,306.4,129.29999999999995,1,1,1.0
63,9,1373.7,732.9,312.0,264.4,1,1,1.0
64,1,245.13,534.23,206.26999999999998,197.66999999999996,1,1,1.0
64,2,407.97,783.16,233.23000000000002,152.24,1,1,1.0
64,3,748.5,774.26,219.52999999999997,186.24,1,1,1.0
64,4,1645.74,176.98,231.16000000000008,303.72,1,1,1.0
64,5,679.18,573.28,156.32000000000005,306.32000000000005,1,1,1.0
64,6,1220.32,425.56,236.77999999999997,207.64000000000004,1,1,1.0
64,7,334.6,428.4,194.5,122.5,1,1,0.0
64,8,364.7,512.2,282.8,129.29999999999995,1,1,1.0
64,9,1343.9,769.74,321.89999999999986,220.15999999999997,1,1,1.0
65,1,244.53,525.83,209.86999999999998,203.06999999999994,1,1,1.0
65,2,401.2,783.16,240.00000000000006,156.14,1,1,1.0
65,3,748.1,769.73,206.26999999999998,183.37,1,1,1.0
65,4,1645.74,175.73,229.76,299.27,1,1,1.0
65,5,693.2,575.36,137.5999999999999,285.84000000000003,1,1,1.0
65,6,1224.06,421.82,234.24,210.78000000000003,1,1,1.0
65,7,322.4,432.8,204.80000000000007,117.30000000000001,1,1,0.0
65,8,357.9,518.5,284.9,123.0,1,1,1.0
65,9,1346.6,770.48,306.10000000000014,212.12,1,1,1.0
66,1,248.17,532.83,202.33,195.16999999999996,1,1,1.0
66,2,402.5,784.03,236.94000000000005,150.07000000000005,1,1,1.0
66,3,747.2,769.37,226.89999999999998,189.83000000000004,1,1,1.0
66,4,1642.62,173.24,242.8800000000001,292.36,1,1,1.0
66,5,684.2,523.21,147.79999999999995,284.18999999999994,1,1,1.0
66,6,1220.94,421.82,253.5999999999999,216.40000000000003,1,1,1.0
66,7,322.4,432.8,204.80000000000007,119.19999999999999,1,1,0.0
66,8,360.54,512.72,281.75999999999993,125.77999999999997,1,1,1.0
66,9,1401.08,718.82,299.4200000000001,305.77999999999986,1,1,1.0
67,1,235.93,535.63,217.17000000000002,189.37,1,1,1.0
67,2,401.6,787.06,237.84000000000003,147.84000000000003,1,1,1.0
67,3,737.1,763.5,237.19999999999993,190.39999999999998,1,1,1.0
67,4,1644.49,178.85,257.71000000000004,239.85,1,1,1.0
67,5,687.32,542.38,147.17999999999995,262.91999999999996,1,1,1.0
67,6,1216.6,439.3,233.70000000000005,208.99999999999994,1,1,1.0
67,7,323.0,432.8,204.20000000000005,114.19999999999999,1,1,0.0
67,8,353.8,512.7,284.3,130.89999999999998,1,1,1.0
67,9,1368.12,772.6,337.8800000000001,283.1,1,1,1.0
68,1,243.73,540.03,212.87000000000003,189.76999999999998,1,1,1.0
68,2,400.3,787.5,246.93,148.29999999999995,1,1,1.0
68,3,736.7,786.06,235.06999999999994,170.44000000000005,1,1,1.0
68,4,1648.23,177.6,245.8699999999999,250.50000000000003,1,1,1.0
68,5,684.2,563.0,144.0999999999999,252.20000000000005,1,1,1.0
68,6,1211.67,434.92,233.62999999999988,206.47999999999996,1,1,1.0
68,7,318.6,432.8,208.60000000000002,115.40000000000003,1,1,0.0
68,8,361.64,515.3,274.36,125.20000000000005,1,1,1.0
68,9,1378.98,724.04,333.81999999999994,316.1600000000001,1,1,1.0
69,1,245.03,538.3,213.77,188.9000000000001,1,1,1.0
69,2,399.9,789.66,239.97000000000003,148.74,1,1,1.0
69,3,736.3,784.77,228.34000000000003,165.63,1,1,1.0
69,4,1645.74,173.86,251.46000000000004,251.74,1,1,1.0
69,5,683.1,544.38,145.19999999999993,265.62,1,1,1.0
69,6,1223.52,428.68,221.18000000000006,225.82,1,1,1.0
69,7,319.2,432.8,208.00000000000006,117.90000000000003,1,1,0.0
69,8,357.94,513.74,278.06,128.86,1,1,1.0
69,9,1394.8,724.04,307.10000000000014,316.1600000000001,1,1,1.0
70,1,244.16,542.2,219.64000000000001,181.89999999999998,1,1,1.0
70,2,399.5,786.63,240.79999999999995,152.66999999999996,1,1,1.0
70,3,740.6,784.67,212.19999999999993,165.73000000000002,1,1,1.0
70,4,1649.48,180.1,243.42000000000007,246.1,1,1,1.0
70,5,683.6,571.48,142.62,237.51999999999998,1,1,1.0
70,6,1227.48,417.19,206.42000000000007,230.81,1,1,1.0
70,7,333.1,432.8,194.10000000000002,114.80000000000001,1,1,0.0
70,8,358.72,512.18,280.88,128.82000000000005,1,1,1.0
70,9,1396.31,734.6,293.09000000000015,307.1,1,1,1.0
71,1,242.63,543.5,223.76999999999998,185.79999999999995,1,1,1.0
71,2,402.1,781.0,248.60000000000002,157.39999999999998,1,1,1.0
71,3,747.1,787.93,192.26999999999998,162.47000000000003,1,1,1.0
71,4,1650.73,175.73,244.56999999999994,253.57000000000002,1,1,1.0
71,5,686.7,566.8,141.5999999999999,253.70000000000005,1,1,1.0
71,6,1255.07,445.39,215.83000000000015,191.71000000000004,1,1,1.0
71,7,329.3,432.8,197.90000000000003,119.19999999999999,1,1,0.0
71,8,355.34,512.18,282.76000000000005,129.42000000000007,1,1,1.0
71,9,1399.3,721.7,289.29999999999995,330.5,1,1,1.0
72,1,248.26,544.8,222.64,185.9000000000001,1,1,1.0
72,2,399.9,787.93,248.63,150.87,1,1,1.0
72,3,744.6,782.3,196.5,174.20000000000005,1,1,1.0
72,4,1651.97,180.1,242.73000000000002,251.1,1,1,1.0
72,5,678.9,533.6,149.39999999999998,299.0,1,1,1.0
72,6,1267.14,432.62,194.3599999999999,203.88,1,1,1.0
72,7,329.3,432.8,197.90000000000003,131.09999999999997,1,1,0.0
72,8,364.24,513.74,275.96000000000004,129.86,1,1,1.0
72,9,1404.6,731.5,284.0,320.70000000000005,1,1,1.0
73,1,240.47,556.92,230.83,178.98000000000002,1,1,1.0
73,2,400.3,781.86,250.40000000000003,154.34000000000003,1,1,1.0
73,3,752.8,788.57,183.80000000000007,164.02999999999997,1,1,1.0
73,4,1646.36,181.97,245.24,252.92999999999998,1,1,1.0
73,5,684.62,566.48,149.38,259.91999999999996,1,1,1.0
73,6,1269.01,438.86,204.3900000000001,198.93999999999994,1,1,1.0
73,7,312.3,432.8,214.90000000000003,116.69999999999999,1,1,0.0
73,8,358.48,515.32,277.52,125.67999999999995,1,1,1.0
73,9,1359.2,760.6,334.5999999999999,278.9999999999999,1,1,1.0
74,1,250.36,556.8,219.44,187.10000000000002,1,1,1.0
74,2,401.2,778.83,250.35999999999996,158.66999999999996,1,1,1.0
74,3,750.2,788.27,212.64,167.83000000000004,1,1,1.0
74,4,1646.36,179.47,245.24,254.83,1,1,1.0
74,5,683.58,561.7,154.12,267.79999999999995,1,1,1.0
74,6,1267.97,453.01,220.93000000000006,181.59000000000003,1,1,1.0
74,7,322.4,432.8,204.80000000000007,121.09999999999997,1,1,0.0
74,8,354.32,516.36,285.28000000000003,124.13999999999999,1,1,1.0
74,9,1342.0,749.6,362.29999999999995,269.1,1,1,1.0
75,1,278.96,550.83,192.94,218.9699999999999,1,1,1.0
75,2,403.4,776.66,245.13,159.14,1,1,1.0
75,3,748.1,788.2,215.10000000000002,169.29999999999995,1,1,1.0
75,4,1644.49,180.1,244.30999999999995,257.0,1,1,1.0
75,5,678.9,564.4,149.39999999999998,266.6,1,1,1.0
75,6,1263.06,455.29,222.94000000000005,180.20999999999998,1,1,1.0
75,7,330.5,432.8,196.70000000000005,117.90000000000003,1,1,0.0
75,8,351.18,517.4,288.42,128.80000000000007,1,1,1.0
75,9,1404.1,730.64,286.10000000000014,313.2600000000001,1,1,1.0
76,1,285.6,590.6,235.29999999999995,164.60000000000002,1,1,1.0
76,2,401.2,781.86,250.35999999999996,158.34000000000003,1,1,1.0
76,3,748.1,785.4,193.39999999999998,173.89999999999998,1,1,1.0
76,4,1654.47,185.71,249.02999999999997,249.48999999999998,1,1,1.0
76,5,687.22,567.0,144.17999999999995,261.4,1,1,1.0
76,6,1258.62,452.11,228.68000000000006,179.78999999999996,1,1,1.0
76,7,319.2,427.8,204.90000000000003,133.59999999999997,1,1,0.0
76,8,371.14,515.32,266.96000000000004,130.38,1,1,1.0
76,9,1406.18,755.26,278.52,309.03999999999996,1,1,1.0
77,1,352.43,637.67,198.86999999999995,122.23000000000002,1,1,1.0
77,2,402.5,777.1,247.33000000000004,164.29999999999995,1,1,1.0
77,3,750.2,733.7,183.56999999999994,220.79999999999995,1,1,1.0
77,4,1645.74,188.21,245.26,255.48999999999998,1,1,1.0
77,5,687.74,562.68,145.26,262.12,1,1,1.0
77,6,1258.0,445.25,231.0999999999999,186.64999999999998,1,1,1.0
77,7,316.7,430.9,208.00000000000006,127.39999999999998,1,1,0.0
77,8,364.86,514.8,274.24,128.30000000000007,1,1,1.0
77,9,1360.8,785.8,332.4000000000001,283.20000000000005,1,1,1.0
78,1,330.88,639.3,207.91999999999996,142.76,1,1,1.0
78,2,400.8,780.1,249.49999999999994,164.79999999999995,1,1,1.0
78,3,791.3,658.09,157.19000000000005,293.01,1,1,1.0
78,4,1648.23,181.97,235.97000000000003,271.83000000000004,1,1,1.0
78,5,686.7,558.52,144.19999999999993,271.98,1,1,1.0
78,6,1263.62,445.25,226.8800000000001,187.75,1,1,1.0
78,7,273.8,428.4,250.3,125.89999999999998,1,1,0.0
78,8,354.92,515.92,280.08,125.68000000000006,1,1,1.0
78,9,1386.4,749.6,336.1999999999998,234.0,1,1,1.0
79,1,334.07,643.6,205.53000000000003,152.56999999999994,1,1,1.0
79,2,407.7,772.26,243.00000000000006,172.94000000000005,1,1,1.0
79,3,832.1,551.45,144.74,319.04999999999995,1,1,1.0
79,4,1649.48,183.22,247.1199999999999,267.17999999999995,1,1,1.0
79,5,691.37,561.12,135.33000000000004,268.88,1,1,1.0
79,6,1268.6,444.62,197.0,188.67999999999995,1,1,1.0
79,7,272.8,423.4,251.3,141.10000000000002,1,1,0.0
79,8,361.24,504.94,274.76,140.26000000000005,1,1,1.0
79,9,1372.8,787.3,342.10000000000014,234.10000000000002,1,1,1.0
80,1,336.2,635.7,192.83999999999997,159.19999999999993,1,1,1.0
80,2,404.2,770.53,246.06,175.07000000000005,1,1,1.0
80,3,857.4,527.05,144.70000000000005,284.75,1,1,1.0
80,4,1646.36,185.71,245.44000000000005,270.99,1,1,1.0
80,5,689.3,543.18,141.60000000000002,282.62,1,1,1.0
80,6,1271.39,432.62,189.40999999999985,202.17999999999995,1,1,1.0
80,7,277.8,420.9,246.3,147.39999999999998,1,1,0.0
80,8,360.9,510.4,277.4,137.70000000000005,1,1,1.0
80,9,1365.7,790.7,343.5,231.19999999999993,1,1,1.0
81,1,343.5,632.39,183.57000000000005,191.40999999999997,1,1,1.0
81,2,401.6,767.6,243.02999999999997,177.60000000000002,1,1,1.0
81,3,862.3,500.68,147.3900000000001,289.42,1,1,1.0
81,4,1646.36,182.59,239.5400000000002,283.80999999999995,1,1,1.0
81,5,686.7,533.16,139.5,298.44000000000005,1,1,1.0
81,6,1275.76,432.62,181.94000000000005,203.38,1,1,1.0
81,7,280.9,417.1,242.60000000000002,149.89999999999998,1,1,0.0
81,8,346.0,506.5,288.4,136.10000000000002,1,1,1.0
81,9,1315.62,787.54,408.8800000000001,217.96000000000004,1,1,1.0
82,1,376.7,631.53,145.60999999999996,218.97000000000003,1,1,1.0
82,2,393.4,780.6,249.89999999999998,156.5,1,1,1.0
82,3,860.1,467.63,136.51,284.77,1,1,1.0
82,4,1650.11,183.84,242.99,277.55999999999995,1,1,1.0
82,5,688.4,529.0,142.5,311.6,1,1,1.0
82,6,1275.14,434.49,185.65999999999985,199.71000000000004,1,1,1.0
82,7,290.2,413.5,236.40000000000003,197.39999999999998,1,1,0.0
82,8,365.9,506.5,268.5,136.10000000000002,1,1,1.0
82,9,1391.62,754.16,324.08000000000015,256.34000000000003,1,1,1.0
83,1,375.1,635.23,144.60000000000002,249.16999999999996,1,1,1.0
83,2,399.47,782.77,244.92999999999995,152.52999999999997,1,1,1.0
83,3,851.78,463.52,146.32000000000005,261.48,1,1,1.0
83,4,1641.99,164.54,250.41000000000008,304.46000000000004,1,1,1.0
83,5,681.95,576.5,151.64999999999998,278.70000000000005,1,1,1.0
83,6,1274.51,434.49,188.19000000000005,200.30999999999995,1,1,1.0
83,7,288.5,516.4,114.19999999999999,239.10000000000002,1,1,1.0
83,8,364.3,506.5,270.09999999999997,136.10000000000002,1,1,1.0
83,9,1388.44,780.16,325.65999999999985,234.54000000000008,1,1,1.0
84,1,376.8,633.07,142.46999999999997,254.42999999999995,1,1,1.0
84,2,401.2,786.66,240.59999999999997,143.04000000000008,1,1,1.0
84,3,860.56,463.52,149.24,262.98,1,1,1.0
84,4,1646.98,140.64,241.51999999999998,331.66,1,1,1.0
84,5,681.4,592.72,150.12,262.48,1,1,1.0
84,6,1274.52,429.5,183.18000000000006,202.79999999999995,1,1,1.0
84,7,291.6,523.9,116.29999999999995,269.1,1,1,1.0
84,8,358.0,506.5,276.4,136.10000000000002,1,1,1.0
84,9,1361.4,791.7,352.5,229.19999999999993,1,1,1.0
85,1,370.1,624.46,158.0,242.03999999999996,1,1,1.0
85,2,400.77,779.3,242.33000000000004,141.10000000000002,1,1,1.0
85,3,864.72,466.64,146.67999999999995,265.56000000000006,1,1,1.0
85,4,1638.88,138.77,250.91999999999985,344.73,1,1,1.0
85,5,683.0,594.68,150.60000000000002,261.5200000000001,1,1,1.0
85,6,1273.27,427.15,178.32999999999993,218.35000000000002,1,1,1.0
85,7,290.97,533.9,123.22999999999996,295.52,1,1,1.0
85,8,349.7,522.2,284.7,120.39999999999998,1,1,1.0
85,9,1310.26,784.94,409.3399999999999,215.05999999999995,1,1,1.0
86,1,381.4,609.74,139.76999999999998,229.96000000000004,1,1,1.0
86,2,405.53,776.4,243.17000000000007,179.80000000000007,1,1,1.0
86,3,869.16,468.72,140.14,263.17999999999995,1,1,1.0
86,4,1644.49,176.73,238.51,303.47,1,1,1.0
86,5,683.3,598.82,159.0,261.28,1,1,1.0
86,6,1242.58,390.48,164.92000000000007,210.81999999999994,1,1,1.0
86,7,295.7,538.0,118.5,276.1,1,1,1.0
86,8,357.0,513.3,277.4,129.30000000000007,1,1,1.0
86,9,1335.22,790.14,396.18000000000006,196.76,1,1,1.0
87,1,407.2,592.93,152.27000000000004,200.57000000000005,1,1,1.0
87,2,390.13,796.46,301.66999999999996,159.64,1,1,1.0
87,3,870.72,460.93,141.17999999999995,272.46999999999997,1,1,1.0
87,4,1639.5,173.4,247.20000000000005,303.6,1,1,1.0
87,5,674.6,605.3,178.0,260.5,1,1,1.0
87,6,1227.66,391.78,191.74,202.92000000000007,1,1,1.0
87,7,290.97,530.4,123.22999999999996,279.5,1,1,1.0
87,8,344.6,519.1,289.79999999999995,117.69999999999993,1,1,1.0
87,9,1346.64,800.18,382.15999999999985,200.0200000000001,1,1,1.0
88,1,403.33,589.46,161.77000000000004,217.83999999999992,1,1,1.0
88,2,391.43,816.3,297.77000000000004,136.60000000000002,1,1,1.0
88,3,870.72,462.48,142.67999999999995,269.41999999999996,1,1,1.0
88,4,1643.87,179.01,240.93000000000006,295.49,1,1,1.0
88,5,669.4,600.86,167.29000000000008,268.53999999999996,1,1,1.0
88,6,1232.92,397.25,192.98000000000002,212.54999999999995,1,1,1.0
88,7,297.21,522.05,117.99000000000001,273.6500000000001,1,1,1.0
88,8,343.0,514.9,292.4,120.89999999999998,1,1,1.0
88,9,1371.78,797.24,326.72,240.96000000000004,1,1,1.0
89,1,405.9,587.83,155.30000000000007,216.4699999999999,1,1,1.0
89,2,392.3,795.16,276.3,155.14,1,1,1.0
89,3,870.72,460.41,144.27999999999997,274.59,1,1,1.0
89,4,1639.5,173.4,241.5999999999999,298.0,1,1,1.0
89,5,682.6,602.98,138.69999999999993,268.22,1,1,1.0
89,6,1233.54,391.64,180.86000000000013,216.06000000000006,1,1,1.0
89,7,295.13,534.32,126.76999999999998,265.0799999999999,1,1,1.0
89,8,358.6,514.9,283.6,118.30000000000007,1,1,1.0
89,9,1382.5,780.46,317.29999999999995,236.33999999999992,1,1,1.0
90,1,404.2,588.26,156.57,216.44000000000005,1,1,1.0
90,2,412.6,796.7,252.89999999999998,163.0,1,1,1.0
90,3,871.24,459.89,145.86,274.11,1,1,1.0
90,4,1644.49,183.38,234.1099999999999,298.02,1,1,1.0
90,5,682.1,604.25,143.88,270.75,1,1,1.0
90,6,1232.91,394.76,180.38999999999987,211.94000000000005,1,1,1.0
90,7,293.05,541.08,126.84999999999997,246.41999999999996,1,1,1.0
90,8,351.3,505.5,270.99999999999994,118.79999999999995,1,1,1.0
90,9,1387.7,770.14,316.89999999999986,233.06000000000006,1,1,1.0
91,1,389.8,582.2,175.3,234.79999999999995,1,1,1.0
91,2,415.2,795.83,265.2,154.16999999999996,1,1,1.0
91,3,873.32,459.89,144.77999999999997,276.11,1,1,1.0
91,4,1645.11,178.39,244.09000000000015,285.51,1,1,1.0
91,5,686.24,612.05,151.70000000000005,262.95000000000005,1,1,1.0
91,6,1232.91,395.38,183.38999999999987,213.82000000000005,1,1,1.0
91,7,294.61,541.76,123.28999999999996,253.14,1,1,1.0
91,8,351.3,510.7,273.09999999999997,113.59999999999997,1,1,1.0
91,9,1313.78,784.6,402.52,202.69999999999993,1,1,1.0
92,1,389.8,582.2,175.3,232.39999999999998,1,1,1.0
92,2,419.17,794.53,264.33,161.37,1,1,1.0
92,3,873.84,460.93,145.36,275.07,1,1,1.0
92,4,1647.61,180.88,249.49,277.92,1,1,1.0
92,5,682.08,612.05,149.12,262.95000000000005,1,1,1.0
92,6,1236.66,399.13,180.24,211.87,1,1,1.0
92,7,297.66,566.4,123.63999999999999,266.0,1,1,1.0
92,8,339.8,494.0,284.59999999999997,130.29999999999995,1,1,1.0
92,9,1349.36,794.41,385.5400000000002,186.69000000000005,1,1,1.0
93,1,397.9,582.2,167.20000000000005,236.39999999999998,1,1,1.0
93,2,415.7,786.5,269.50000000000006,151.60000000000002,1,1,1.0
93,3,874.36,460.41,143.74,277.69,1,1,1.0
93,4,1647.61,180.26,249.49,275.44,1,1,1.0
93,5,679.5,602.2,149.60000000000002,269.19999999999993,1,1,1.0
93,6,1234.16,403.49,182.74,206.30999999999995,1,1,1.0
93,7,292.82,596.88,129.48000000000002,301.82000000000005,1,1,1.0
93,8,347.6,501.8,276.79999999999995,122.49999999999994,1,1,1.0
93,9,1383.14,754.96,319.8599999999999,263.8399999999999,1,1,1.0
94,1,395.79,586.1,163.70999999999998,235.10000000000002,1,1,1.0
94,2,422.63,789.53,254.26999999999998,139.37,1,1,1.0
94,3,872.28,464.56,139.62,271.44,1,1,1.0
94,4,1645.74,175.89,249.55999999999995,275.41,1,1,1.0
94,5,681.6,601.1,147.5,272.9,1,1,1.0
94,6,1231.04,399.75,204.36000000000013,212.45000000000005,1,1,1.0
94,7,307.56,636.3,139.14,277.9000000000001,1,1,1.0
94,8,347.6,504.4,276.79999999999995,119.89999999999998,1,1,1.0
94,9,1386.94,770.58,316.8599999999999,229.91999999999996,1,1,1.0
95,1,395.06,587.83,160.14000000000004,232.06999999999994,1,1,1.0
95,2,420.46,791.7,261.24000000000007,134.5,1,1,1.0
95,3,872.8,465.08,145.30000000000007,275.12000000000006,1,1,1.0
95,4,1648.86,174.02,239.74,293.78,1,1,1.0
95,5,683.1,599.1,145.0,261.9,1,1,1.0
95,6,1258.14,457.92,273.65999999999985,142.18,1,1,1.0
95,7,311.2,639.42,128.60000000000002,264.68000000000006,1,1,1.0
95,8,347.6,506.5,276.79999999999995,117.79999999999995,1,1,1.0
95,9,1345.2,763.78,343.5,248.22000000000003,1,1,1.0
96,1,392.9,586.97,164.89999999999998,235.73000000000002,1,1,1.0
96,2,415.7,786.5,266.00000000000006,144.10000000000002,1,1,1.0
96,3,871.24,447.92,147.36,290.68,1,1,1.0
96,4,1646.36,174.02,244.1400000000001,293.17999999999995,1,1,1.0
96,5,682.6,602.18,158.45999999999992,260.9200000000001,1,1,1.0
96,6,1258.77,463.53,271.1300000000001,137.76999999999998,1,1,1.0
96,7,310.58,637.86,128.42000000000002,269.43999999999994,1,1,1.0
96,8,332.4,502.3,292.0,121.99999999999994,1,1,1.0
96,9,1376.62,709.02,299.98,327.78,1,1,1.0
97,1,374.36,588.7,183.84000000000003,213.89999999999998,1,1,1.0
97,2,420.03,796.89,262.57000000000005,135.40999999999997,1,1,1.0
97,3,865.0,444.8,150.0,298.49999999999994,1,1,1.0
97,4,1646.98,172.78,252.22000000000003,293.12,1,1,1.0
97,5,681.6,604.25,150.10000000000002,257.75,1,1,1.0
97,6,1256.27,469.77,274.23,132.13,1,1,1.0
97,7,311.1,649.8,149.09999999999997,264.1,1,1,1.0
97,8,335.5,501.3,288.9,122.99999999999994,1,1,1.0
97,9,1382.34,766.66,317.46000000000004,250.94000000000005,1,1,1.0
98,1,366.5,586.97,195.20000000000005,226.63,1,1,1.0
98,2,417.43,793.0,264.27000000000004,157.5,1,1,1.0
98,3,868.12,460.72,143.77999999999997,279.98,1,1,1.0
98,4,1648.23,174.65,253.17000000000007,283.95000000000005,1,1,1.0
98,5,682.6,604.25,149.62,259.35,1,1,1.0
98,6,1255.02,469.77,283.5999999999999,134.63,1,1,1.0
98,7,316.8,664.4,144.5,260.30000000000007,1,1,1.0
98,8,340.2,498.7,284.2,125.59999999999997,1,1,1.0
98,9,1375.42,774.8,320.17999999999984,244.10000000000002,1,1,1.0
99,1,369.96,583.07,193.04000000000002,232.92999999999995,1,1,1.0
99,2,417.87,793.0,263.42999999999995,153.39999999999998,1,1,1.0
99,3,869.16,461.36,144.34000000000003,281.64,1,1,1.0
99,4,1652.6,175.89,250.70000000000005,282.71000000000004,1,1,1.0
99,5,682.6,601.1,146.5,267.19999999999993,1,1,1.0
99,6,1254.4,467.3,279.89999999999986,137.12999999999994,1,1,1.0
99,7,306.7,657.12,156.10000000000002,268.58000000000004,1,1,1.0
99,8,332.9,500.2,291.5,124.09999999999997,1,1,1.0
99,9,1389.82,727.36,297.8800000000001,287.74,1,1,1.0
100,1,372.23,585.23,186.87,230.37,1,1,1.0
100,2,420.46,793.43,250.44,149.97000000000003,1,1,1.0
100,3,870.93,461.59,143.87,282.91,1,1,1.0
100,4,1650.73,177.14,258.77,277.16,1,1,1.0
100,5,684.2,602.7,145.93999999999994,264.0999999999999,1,1,1.0
100,6,1254.4,469.1,281.6999999999998,137.19999999999993,1,1,1.0
100,7,304.56,676.4,159.33999999999997,245.20000000000005,1,1,1.0
100,8,332.9,498.7,291.5,125.59999999999997,1,1,1.0
100,9,1385.56,718.0,313.44000000000005,284.9,1,1,1.0
101,1,395.36,599.46,154.03999999999996,214.93999999999994,1,1,1.0
101,2,420.46,793.43,249.54000000000002,152.17000000000007,1,1,1.0
101,3,869.45,462.07,145.44999999999993,280.03000000000003,1,1,1.0
101,4,1650.1,177.77,258.9000000000001,274.53,1,1,1.0
101,5,681.6,544.0,147.5,319.20000000000005,1,1,1.0
101,6,1251.28,466.65,281.72,131.55000000000007,1,1,1.0
101,7,287.8,670.24,176.09999999999997,251.86,1,1,1.0
101,8,350.7,496.6,273.7,127.69999999999993,1,1,1.0
101,9,1403.04,706.76,282.05999999999995,323.1400000000001,1,1,1.0
102,1,393.3,629.02,270.7,137.58000000000004,1,1,1.0
102,2,423.5,796.03,251.29999999999995,135.97000000000003,1,1,1.0
102,3,871.6,461.34,145.39999999999998,282.36000000000007,1,1,1.0
102,4,1646.98,175.89,261.4200000000001,274.51,1,1,1.0
102,5,681.6,556.96,145.93999999999994,300.74,1,1,1.0
102,6,1257.52,458.54,245.27999999999997,135.25999999999993,1,1,1.0
102,7,264.0,674.4,199.86,233.20000000000005,1,1,1.0
102,8,344.4,496.6,280.0,127.69999999999993,1,1,1.0
102,9,1320.48,766.84,395.1199999999999,233.65999999999997,1,1,1.0
103,1,448.7,524.49,232.32999999999998,212.80999999999995,1,1,1.0
103,2,420.0,795.6,260.9,134.60000000000002,1,1,1.0
103,3,872.46,460.88,140.43999999999994,283.12,1,1,1.0
103,4,1651.98,177.14,260.1199999999999,274.56,1,1,1.0
103,5,682.6,561.64,145.98000000000002,278.76,1,1,1.0
103,6,1258.14,462.91,250.26,135.29000000000002,1,1,1.0
103,7,262.4,666.56,201.96000000000004,242.6400000000001,1,1,1.0
103,8,337.1,496.6,287.29999999999995,127.69999999999993,1,1,1.0
103,9,1374.62,765.28,341.48,216.42000000000007,1,1,1.0
104,1,539.3,472.87,187.92000000000007,247.13,1,1,1.0
104,2,421.33,794.33,266.07,138.9699999999999,1,1,1.0
104,3,870.72,445.34,146.88,297.46,1,1,1.0
104,4,1651.98,139.0,252.72000000000003,327.6,1,1,1.0
104,5,674.1,542.26,153.43999999999994,275.03999999999996,1,1,1.0
104,6,1253.09,456.74,269.1100000000001,145.05999999999995,1,1,1.0
104,7,270.7,666.04,194.18,244.66000000000008,1,1,1.0
104,8,337.1,496.6,287.29999999999995,127.69999999999993,1,1,1.0
104,9,1399.62,740.66,296.8800000000001,249.04000000000008,1,1,1.0
105,1,567.6,474.3,148.42999999999995,278.90000000000003,1,1,1.0
105,2,407.8,747.8,206.69,226.9000000000001,1,1,1.0
105,3,776.81,452.01,207.8900000000001,263.69000000000005,1,1,1.0
105,4,1646.36,179.46,258.34000000000015,285.84000000000003,1,1,1.0
105,5,637.9,595.82,204.10000000000002,193.4799999999999,1,1,1.0
105,6,1313.6,447.09,202.45000000000005,197.41000000000003,1,1,1.0
105,7,288.9,664.48,172.86,255.72000000000003,1,1,1.0
105,8,337.1,496.6,253.29999999999995,127.69999999999993,1,1,1.0
105,9,983.38,364.8,251.7199999999999,244.09999999999997,1,1,1.0
106,1,563.6,465.21,173.45999999999992,286.19,1,1,1.0
106,2,357.72,767.77,236.38,168.93000000000006,1,1,1.0
106,3,743.79,445.93,206.51,250.36999999999995,1,1,1.0
106,4,1598.26,181.38,313.44000000000005,278.42,1,1,1.0
106,5,633.0,615.25,210.26,187.75,1,1,1.0
106,6,1081.65,379.22,272.25,135.17999999999995,1,1,1.0
106,7,302.2,661.64,124.30000000000001,261.15999999999997,1,1,1.0
106,8,286.9,506.0,261.6,131.89999999999998,1,1,1.0
106,9,754.49,287.3,280.51,143.89999999999998,1,1,1.0
107,1,559.1,463.7,187.10000000000002,283.09999999999997,1,1,1.0
107,2,370.45,667.32,148.55,289.38,1,1,1.0
107,3,741.3,436.74,196.0,282.86,1,1,1.0
107,4,1616.37,183.46,285.33000000000015,272.64,1,1,1.0
107,5,636.5,617.44,207.79999999999995,203.55999999999995,1,1,1.0
107,6,1082.9,381.71,267.89999999999986,135.79000000000002,1,1,1.0
107,7,267.96,661.12,151.24,257.79999999999995,1,1,1.0
107,8,286.9,513.3,259.0,133.0,1,1,1.0
107,9,741.04,299.4,283.6600000000001,130.70000000000005,1,1,1.0
108,1,555.2,458.26,189.76,287.24,1,1,1.0
108,2,372.62,669.92,144.17999999999995,300.08000000000004,1,1,1.0
108,3,773.98,449.18,152.81999999999994,273.52000000000004,1,1,1.0
108,4,1617.0,184.08,283.5,273.81999999999994,1,1,1.0
108,5,634.6,632.8,208.29999999999995,191.20000000000005,1,1,1.0
108,6,1068.43,376.72,282.97,148.27999999999997,1,1,1.0
108,7,272.1,663.72,145.79999999999995,249.48000000000002,1,1,1.0
108,8,307.8,517.0,243.3,129.29999999999995,1,1,1.0
108,9,719.58,366.37,248.62,132.63,1,1,1.0
109,1,549.3,460.0,195.23000000000002,276.6,1,1,1.0
109,2,368.3,658.48,151.59999999999997,278.02,1,1,1.0
109,3,956.6,493.94,359.19999999999993,129.76000000000005,1,1,1.0
109,4,1616.99,180.97,284.1099999999999,280.13,1,1,1.0
109,5,623.2,650.9,287.0999999999999,155.30000000000007,1,1,1.0
109,6,1073.14,368.2,279.55999999999995,151.97999999999996,1,1,1.0
109,7,272.6,657.16,147.89999999999998,259.70000000000005,1,1,1.0
109,8,298.9,517.0,252.20000000000005,124.60000000000002,1,1,1.0
109,9,698.34,356.43,209.86,158.67000000000002,1,1,1.0
110,1,549.7,455.66,193.95999999999992,280.54,1,1,1.0
110,2,367.0,627.36,148.5,301.43999999999994,1,1,1.0
110,3,1133.4,510.26,321.79999999999995,137.14,1,1,1.0
110,4,1620.11,182.84,282.2900000000002,277.55999999999995,1,1,1.0
110,5,674.52,634.02,293.30000000000007,144.62,1,1,1.0
110,6,1050.32,370.09,308.58000000000015,129.01000000000005,1,1,1.0
110,7,271.6,657.68,155.26,257.22,1,1,1.0
110,8,273.8,511.2,274.2,126.80000000000001,1,1,1.0
110,9,703.78,345.82,158.62,182.28000000000003,1,1,1.0
111,1,564.1,471.06,181.29999999999995,270.64000000000004,1,1,1.0
111,2,373.5,630.39,145.89999999999998,295.61,1,1,1.0
111,3,1209.24,509.47,320.76,138.73000000000002,1,1,1.0
111,4,1649.63,150.86,257.06999999999994,307.74,1,1,1.0
111,5,684.39,640.78,321.01,136.82000000000005,1,1,1.0
111,6,1049.78,364.48,304.72,137.82,1,1,1.0
111,7,310.2,661.14,115.88,262.86,1,1,1.0
111,8,281.1,511.2,265.29999999999995,132.00000000000006,1,1,1.0
111,9,703.26,356.86,154.64,188.34000000000003,1,1,1.0
112,1,562.8,459.3,176.10000000000002,277.2,1,1,1.0
112,2,359.64,653.5,157.65999999999997,249.0,1,1,1.0
112,3,1341.74,506.48,321.96000000000004,135.51999999999998,1,1,1.0
112,4,1649.0,145.87,245.79999999999995,326.53,1,1,1.0
112,5,688.9,639.0,275.6,143.5,1,1,1.0
112,6,976.64,378.82,298.06000000000006,139.68,1,1,1.0
112,7,317.22,678.04,109.47999999999996,258.26,1,1,1.0
112,8,296.8,511.2,249.59999999999997,147.2,1,1,1.0
112,9,702.74,361.02,164.65999999999997,178.88,1,1,1.0
113,1,655.4,510.37,332.58000000000004,121.02999999999997,1,1,1.0
113,2,361.37,654.77,166.23000000000002,237.93000000000006,1,1,1.0
113,3,1376.98,512.72,308.4200000000001,137.07999999999993,1,1,1.0
113,4,1605.46,177.11,275.6399999999999,304.09,1,1,1.0
113,5,682.73,634.5,273.97,132.60000000000002,1,1,1.0
113,6,936.92,382.83,297.88,141.46999999999997,1,1,1.0
113,7,268.3,702.02,170.3,213.38,1,1,1.0
113,8,296.8,511.2,249.59999999999997,143.50000000000006,1,1,1.0
113,9,696.8,338.82,167.0,180.78000000000003,1,1,1.0
114,1,1083.8,428.19,260.4100000000001,170.91000000000003,1,1,1.0
114,2,368.73,646.54,171.97000000000003,234.96000000000004,1,1,1.0
114,3,1391.3,517.4,297.20000000000005,151.0,1,1,1.0
114,4,1604.03,176.81,297.47,293.99,1,1,1.0
114,5,682.73,645.8,300.06999999999994,137.10000000000002,1,1,1.0
114,6,955.49,370.0,267.9100000000001,155.13,1,1,1.0
114,7,248.2,717.68,181.5,191.42000000000007,1,1,1.0
114,8,312.0,511.2,234.39999999999998,137.2,1,1,1.0
114,9,629.42,354.54,266.58000000000004,150.56,1,1,1.0
115,1,1134.4,372.13,220.08999999999992,217.97000000000003,1,1,1.0
115,2,367.03,644.93,167.97000000000003,234.87,1,1,1.0
115,3,1384.62,526.14,252.3800000000001,139.65999999999997,1,1,1.0
115,4,1616.5,169.33,299.70000000000005,278.06999999999994,1,1,1.0
115,5,694.2,632.2,305.0,155.89999999999998,1,1,1.0
115,6,970.69,367.5,263.80999999999995,167.49,1,1,1.0
115,7,238.62,742.3,199.38,135.70000000000005,1,1,1.0
115,8,312.0,514.8,230.79999999999995,133.60000000000002,1,1,1.0
115,9,655.82,353.5,247.9799999999999,127.0,1,1,1.0
116,1,1165.4,359.43,190.3499999999999,236.07,1,1,1.0
116,2,351.23,637.87,200.66999999999996,233.52999999999997,1,1,1.0
116,3,1367.32,509.66,248.98000000000002,149.73999999999995,1,1,1.0
116,4,1629.21,174.76,279.49,276.94,1,1,1.0
116,5,694.98,644.38,247.41999999999996,138.51999999999998,1,1,1.0
116,6,968.89,362.6,168.5100000000001,239.36,1,1,1.0
116,7,248.1,707.0,203.50000000000003,144.70000000000005,1,1,1.0
116,8,282.6,514.3,265.4,127.80000000000007,1,1,1.0
116,9,663.94,350.4,246.15999999999997,135.70000000000005,1,1,1.0
117,1,1207.4,317.29,177.06999999999994,260.31,1,1,1.0
117,2,296.11,621.32,216.89,204.38,1,1,1.0
117,3,1359.36,507.86,258.44000000000005,136.74,1,1,1.0
117,4,1635.97,185.22,277.73,258.98,1,1,1.0
117,5,690.3,641.6,256.70000000000005,136.19999999999993,1,1,1.0
117,6,984.36,342.5,137.14,260.09000000000003,1,1,1.0
117,7,236.8,560.1,168.39999999999998,242.0,1,1,1.0
117,8,270.6,519.5,276.9,121.0,1,1,1.0
117,9,660.3,351.96,255.0,133.64000000000004,1,1,1.0
118,1,1261.6,134.58,386.24,190.92,1,1,1.0
118,2,257.62,618.73,258.98,190.66999999999996,1,1,1.0
118,3,1664.84,507.34,411.26,184.95999999999998,1,1,1.0
118,4,1649.12,155.89,315.3800000000001,217.21000000000004,1,1,1.0
118,5,708.4,639.7,217.10000000000002,145.5,1,1,1.0
118,6,902.92,413.1,172.7800000000001,231.14,1,1,1.0
118,7,233.0,538.8,153.39999999999998,247.60000000000002,1,1,1.0
118,8,287.3,514.3,256.49999999999994,126.20000000000005,1,1,1.0
118,9,585.45,363.88,281.8499999999999,131.22000000000003,1,1,1.0
119,1,1254.3,113.43,409.6300000000001,181.46999999999997,1,1,1.0
119,2,269.7,599.63,248.40000000000003,212.97000000000003,1,1,1.0
119,3,1681.74,502.92,370.4599999999998,192.78000000000003,1,1,1.0
119,4,1648.08,157.44,313.02,207.16000000000003,1,1,1.0
119,5,717.46,640.22,198.14,136.67999999999995,1,1,1.0
119,6,921.69,365.8,175.30999999999995,258.62999999999994,1,1,1.0
119,7,270.7,538.8,54.19999999999999,105.70000000000005,1,1,0.0
119,8,295.14,515.86,247.15999999999997,124.13999999999999,1,1,1.0
119,9,577.5,374.12,286.1,116.18,1,1,1.0
120,1,1254.28,113.43,397.1200000000001,177.26999999999998,1,1,1.0
120,2,276.37,585.79,238.33000000000004,228.11,1,1,1.0
120,3,1689.28,496.68,341.22,210.02000000000004,1,1,1.0
120,4,1644.71,174.08,314.78999999999996,185.31999999999996,1,1,1.0
120,5,709.22,642.82,226.17999999999995,136.17999999999995,1,1,1.0
120,6,1051.7,449.63,360.39999999999986,149.47000000000003,1,1,1.0
120,7,282.76,501.9,128.04000000000002,117.73000000000002,1,1,0.0
120,8,316.58,508.0,237.71999999999997,160.79999999999995,1,1,1.0
120,9,617.34,373.08,250.45999999999992,120.82,1,1,1.0
