1,1,148.7,773.0,331.40000000000003,124.29999999999995,1,1,1.0
1,2,700.8,252.39,299.9000000000001,165.8,1,1,1.0
1,3,916.2,247.5,178.0999999999999,302.4,1,1,1.0
1,4,1103.3,242.5,149.20000000000005,334.5,1,1,1.0
1,5,148.7,550.5,206.90000000000003,216.0,1,1,1.0
1,6,227.4,401.5,137.6,75.25,1,1,0.0
1,7,1144.0,185.7,403.79999999999995,198.3,1,1,1.0
1,8,381.3,460.2,114.80000000000001,337.2,1,1,1.0
1,9,588.0,401.7,284.0,239.90000000000003,1,1,1.0
1,10,1455.7,591.9,92.09999999999991,124.30000000000007,1,1,0.0
2,1,189.4,773.0,290.70000000000005,125.79999999999995,1,1,1.0
2,2,700.8,255.6,300.70000000000005,165.79999999999998,1,1,1.0
2,3,932.6,240.0,160.39999999999998,301.79999999999995,1,1,1.0
2,4,1078.3,241.1,163.10000000000014,329.6,1,1,1.0
2,5,148.7,540.8,224.3,233.30000000000007,1,1,1.0
2,6,231.0,396.9,130.39999999999998,75.5,1,1,0.0
2,7,1142.3,185.7,405.5,198.3,1,1,1.0
2,8,376.6,486.86,117.42999999999995,332.6,1,1,1.0
2,9,591.4,398.6,288.1,229.69999999999993,1,1,1.0
2,10,1484.0,599.4,63.799999999999955,111.0,1,1,0.0
3,1,187.9,765.5,292.20000000000005,135.60000000000002,1,1,1.0
3,2,700.8,255.6,299.20000000000005,165.1,1,1,1.0
3,3,922.1,235.5,162.60000000000002,296.5,1,1,1.0
3,4,1085.2,275.1,148.5999999999999,301.79999999999995,1,1,1.0
3,5,165.4,501.9,218.70000000000002,272.20000000000005,1,1,1.0
3,6,228.7,396.9,130.40000000000003,74.90000000000003,1,1,0.0
3,7,1143.15,185.7,404.25,198.3,1,1,1.0
3,8,368.8,492.3,153.99999999999994,337.59999999999997,1,1,1.0
3,9,595.6,398.6,280.6,233.89999999999998,1,1,1.0
3,10,1484.0,586.9,61.200000000000045,146.0,1,1,0.0
4,1,176.6,774.5,303.5,125.10000000000002,1,1,1.0
4,2,703.1,258.6,301.4,167.39999999999998,1,1,1.0
4,3,931.1,243.8,169.39999999999998,303.99999999999994,1,1,1.0
4,4,1097.7,290.4,138.20000000000005,296.20000000000005,1,1,1.0
4,5,200.8,445.7,185.39999999999998,276.3,1,1,1.0
4,6,230.4,396.9,128.70000000000002,74.90000000000003,1,1,0.0
4,7,1144.0,185.7,403.0,198.3,1,1,1.0
4,8,378.0,497.3,145.60000000000002,329.3,1,1,1.0
4,9,589.8,401.2,298.9000000000001,212.09999999999997,1,1,1.0
4,10,1433.2,566.1,111.59999999999991,148.5,1,1,0.0
5,1,152.5,773.7,327.6,125.89999999999998,1,1,1.0
5,2,703.1,257.1,305.19999999999993,174.89999999999998,1,1,1.0
5,3,939.4,237.0,155.80000000000007,302.5,1,1,1.0
5,4,1087.3,279.3,160.4000000000001,316.99999999999994,1,1,1.0
5,5,210.5,435.3,181.89999999999998,288.09999999999997,1,1,1.0
5,6,237.9,412.3,110.20000000000002,34.0,1,1,0.0
5,7,1142.75,185.7,402.5999999999999,198.3,1,1,1.0
5,8,374.7,509.0,149.7,327.6,1,1,1.0
5,9,591.4,395.9,287.30000000000007,202.39999999999998,1,1,1.0
5,10,1437.4,562.8,108.69999999999982,130.10000000000002,1,1,0.0
6,1,152.5,773.7,329.1,125.89999999999998,1,1,1.0
6,2,702.3,259.4,306.80000000000007,177.10000000000002,1,1,1.0
6,3,934.1,249.1,162.60000000000002,287.4,1,1,1.0
6,4,1098.4,268.9,154.19999999999982,330.9,1,1,1.0
6,5,224.4,431.1,205.49999999999997,281.9,1,1,1.0
6,6,247.2,374.9,132.10000000000002,111.90000000000003,1,1,0.0
6,7,1141.5,185.7,402.20000000000005,198.3,1,1,1.0
6,8,354.7,526.5,213.00000000000006,307.6,1,1,1.0
6,9,598.1,395.9,277.29999999999995,202.39999999999998,1,1,1.0
6,10,1453.2,554.5,92.0,137.60000000000002,1,1,0.0
7,1,168.3,772.2,311.8,131.19999999999993,1,1,1.0
7,2,706.8,252.6,295.5,168.1,1,1,1.0
7,3,931.1,252.1,166.39999999999998,282.9,1,1,1.0
7,4,1075.5,285.6,175.0,312.1,1,1,1.0
7,5,225.8,428.3,197.2,275.7,1,1,1.0
7,6,241.4,379.5,137.29999999999998,86.5,1,1,0.0
7,7,1143.2,189.0,397.20000000000005,195.8,1,1,1.0
7,8,377.2,517.3,199.59999999999997,308.5,1,1,1.0
7,9,598.1,395.9,270.6,199.89999999999998,1,1,1.0
7,10,1451.5,554.5,93.29999999999995,137.60000000000002,1,1,0.0
8,1,184.9,772.2,295.20000000000005,127.39999999999998,1,1,1.0
8,2,698.2,249.6,301.0999999999999,162.79999999999998,1,1,1.0
8,3,919.0,197.1,180.0,334.1,1,1,1.0
8,4,1052.6,287.7,202.0,300.2,1,1,1.0
8,5,252.2,374.8,206.90000000000003,284.8,1,1,1.0
8,6,221.7,405.5,132.10000000000002,58.19999999999999,1,1,0.0
8,7,1143.2,189.0,397.20000000000005,195.0,1,1,1.0
8,8,358.9,519.0,150.5,329.6,1,1,1.0
8,9,596.45,395.9,272.25,204.89999999999998,1,1,1.0
8,10,1449.7,588.7,94.5,117.69999999999993,1,1,0.0
9,1,205.2,773.0,277.90000000000003,124.29999999999995,1,1,1.0
9,2,701.5,248.1,301.6,156.20000000000002,1,1,1.0
9,3,931.1,187.3,158.89999999999998,319.0,1,1,1.0
9,4,1080.4,297.4,177.69999999999982,286.30000000000007,1,1,1.0
9,5,230.0,463.7,174.2,264.00000000000006,1,1,1.0
9,6,221.7,382.9,128.60000000000002,66.30000000000001,1,1,0.0
9,7,1141.5,189.0,398.0999999999999,195.8,1,1,1.0
9,8,348.8,533.2,156.39999999999998,319.29999999999995,1,1,1.0
9,9,594.8,395.9,273.9000000000001,209.89999999999998,1,1,1.0
9,10,1475.1,585.4,70.61000000000013,84.60000000000002,1,1,0.0
10,1,242.9,749.6,234.9,152.19999999999993,1,1,1.0
10,2,701.5,246.6,302.1,152.6,1,1,1.0
10,3,926.6,194.8,170.10000000000002,305.5,1,1,1.0
10,4,1089.4,296.0,168.69999999999982,287.0,1,1,1.0
10,5,227.9,476.3,180.20000000000002,260.40000000000003,1,1,1.0
10,6,231.0,381.7,114.69999999999999,66.30000000000001,1,1,0.0
10,7,1141.5,189.0,398.9000000000001,195.8,1,1,1.0
10,8,358.8,535.7,144.7,328.5,1,1,1.0
10,9,602.3,394.2,258.9000000000001,220.8,1,1,1.0
10,10,1487.4,573.5,57.70999999999981,113.10000000000002,1,1,0.0
11,1,232.4,751.9,237.9,158.20000000000005,1,1,1.0
11,2,701.5,246.3,305.6,154.2,1,1,1.0
11,3,922.1,228.0,185.89999999999998,273.8,1,1,1.0
11,4,1088.0,288.4,170.0999999999999,299.5,1,1,1.0
11,5,225.8,478.3,185.39999999999998,259.8,1,1,1.0
11,6,225.2,402.0,120.5,53.5,1,1,0.0
11,7,1141.5,189.0,409.70000000000005,195.8,1,1,1.0
11,8,358.8,535.7,143.0,322.5999999999999,1,1,1.0
11,9,611.5,394.2,244.70000000000005,228.3,1,1,1.0
11,10,1414.71,527.6,130.38999999999987,128.39999999999998,1,1,0.0
12,1,239.1,742.9,227.4,171.0,1,1,1.0
12,2,701.5,244.3,309.1,157.5,1,1,1.0
12,3,919.8,222.7,182.9000000000001,279.1,1,1,1.0
12,4,1079.0,287.7,162.4000000000001,293.3,1,1,1.0
12,5,225.8,481.1,185.39999999999998,260.5,1,1,1.0
12,6,232.1,407.2,108.4,55.19999999999999,1,1,0.0
12,7,1141.5,189.0,411.4000000000001,195.8,1,1,1.0
12,8,398.0,547.8,102.10000000000002,341.4000000000001,1,1,1.0
12,9,614.0,392.5,248.89999999999998,234.20000000000005,1,1,1.0
12,10,1422.3,526.2,123.10000000000014,130.0999999999999,1,1,0.0
13,1,230.1,745.2,236.4,168.69999999999993,1,1,1.0
13,2,699.2,245.1,311.0999999999999,165.9,1,1,1.0
13,3,918.3,202.4,187.4000000000001,307.70000000000005,1,1,1.0
13,4,1084.6,293.3,183.20000000000005,287.7,1,1,1.0
13,5,222.3,455.4,184.7,275.1,1,1,1.0
13,6,242.5,407.2,102.10000000000002,47.69999999999999,1,1,0.0
13,7,1141.5,189.0,411.0,195.8,1,1,1.0
13,8,374.7,553.2,123.19999999999999,305.19999999999993,1,1,1.0
13,9,614.0,392.5,252.20000000000005,234.20000000000005,1,1,1.0
13,10,1424.8,523.7,120.29999999999995,137.5999999999999,1,1,0.0
14,1,175.1,740.7,291.4,162.69999999999993,1,1,1.0
14,2,698.4,242.8,309.9,167.3,1,1,1.0
14,3,923.6,197.1,161.80000000000007,311.5,1,1,1.0
14,4,1065.9,382.9,281.79999999999995,189.80000000000007,1,1,1.0
14,5,225.1,463.0,202.00000000000003,254.29999999999995,1,1,1.0
14,6,271.4,402.7,36.700000000000045,41.80000000000001,1,1,0.0
14,7,1141.5,189.0,410.5999999999999,195.8,1,1,1.0
14,8,382.6,533.2,119.19999999999999,311.9,1,1,1.0
14,9,616.5,382.5,245.5,244.20000000000005,1,1,1.0
14,10,1423.1,521.2,122.30000000000018,142.5999999999999,1,1,0.0
15,1,159.3,723.4,311.7,165.70000000000005,1,1,1.0
15,2,692.4,242.8,317.6,170.7,1,1,1.0
15,3,929.6,193.3,123.39999999999998,287.4,1,1,1.0
15,4,947.9,409.3,363.69999999999993,156.49999999999994,1,1,1.0
15,5,229.3,476.2,203.39999999999998,236.90000000000003,1,1,1.0
15,6,262.11,376.0,107.38999999999999,109.60000000000002,1,1,0.0
15,7,1143.2,189.0,406.39999999999986,195.8,1,1,1.0
15,8,383.1,541.5,118.69999999999999,291.1,1,1,1.0
15,9,621.5,379.2,238.79999999999995,253.3,1,1,1.0
15,10,1426.4,518.7,119.59999999999991,145.0999999999999,1,1,0.0
16,1,163.8,727.2,304.2,169.39999999999998,1,1,1.0
16,2,686.4,242.8,312.9,167.3,1,1,1.0
16,3,916.8,228.0,173.10000000000014,267.8,1,1,1.0
16,4,816.0,461.4,386.5799999999999,132.89999999999998,1,1,1.0
16,5,234.2,442.2,198.2,268.09999999999997,1,1,1.0
16,6,255.2,377.2,114.30000000000001,95.10000000000002,1,1,0.0
16,7,1143.2,189.0,405.5999999999999,195.8,1,1,1.0
16,8,388.0,541.5,125.60000000000002,325.79999999999995,1,1,1.0
16,9,633.3,388.1,227.0,245.79999999999995,1,1,1.0
16,10,1432.2,520.4,112.0,150.10000000000002,1,1,0.0
17,1,164.6,729.5,301.1,175.39999999999998,1,1,1.0
17,2,684.1,245.8,326.5,156.8,1,1,1.0
17,3,1001.9,256.6,274.1,137.5,1,1,1.0
17,4,814.6,457.9,361.6,142.64999999999998,1,1,1.0
17,5,234.2,403.3,211.40000000000003,268.09999999999997,1,1,1.0
17,6,254.6,372.6,114.9,96.19999999999999,1,1,0.0
17,7,1144.05,189.0,404.75,195.8,1,1,1.0
17,8,372.0,524.1,126.30000000000001,335.6,1,1,1.0
17,9,631.9,388.5,242.30000000000007,246.79999999999995,1,1,1.0
17,10,1432.2,517.1,113.5,180.19999999999993,1,1,0.0
18,1,164.6,732.5,304.79999999999995,176.89999999999998,1,1,1.0
18,2,660.0,248.8,353.20000000000005,161.3,1,1,1.0
18,3,989.8,273.9,316.29999999999995,119.40000000000003,1,1,1.0
18,4,814.6,457.9,363.69999999999993,142.64999999999998,1,1,1.0
18,5,213.4,393.1,213.49999999999997,303.6,1,1,1.0
18,6,260.4,372.6,109.10000000000002,96.19999999999999,1,1,0.0
18,7,1144.9,189.0,403.89999999999986,195.8,1,1,1.0
18,8,376.2,527.6,122.10000000000002,353.6,1,1,1.0
18,9,641.6,399.3,223.60000000000002,238.09999999999997,1,1,1.0
18,10,1438.8,515.4,107.5,176.80000000000007,1,1,0.0
19,1,164.6,733.65,304.79999999999995,175.75,1,1,1.0
19,2,653.2,248.8,355.9,161.3,1,1,1.0
19,3,1012.4,286.7,317.1,117.90000000000003,1,1,1.0
19,4,788.9,457.9,380.4,146.10000000000002,1,1,1.0
19,5,191.2,489.4,242.8,195.20000000000005,1,1,1.0
19,6,257.5,373.8,112.0,95.0,1,1,0.0
19,7,1144.9,189.0,400.5999999999999,195.8,1,1,1.0
19,8,376.2,542.2,122.10000000000002,334.79999999999995,1,1,1.0
19,9,631.9,403.4,236.10000000000002,228.39999999999998,1,1,1.0
19,10,1438.8,522.1,106.0,177.79999999999995,1,1,0.0
20,1,164.6,734.8,304.79999999999995,174.60000000000002,1,1,1.0
20,2,701.4,244.3,299.4,182.39999999999998,1,1,1.0
20,3,1026.0,292.0,305.79999999999995,117.89999999999998,1,1,1.0
20,4,662.52,510.0,395.68000000000006,206.49,1,1,1.0
20,5,191.2,485.2,226.10000000000002,205.59999999999997,1,1,1.0
20,6,257.5,373.8,102.19999999999999,82.80000000000001,1,1,0.0
20,7,1145.7,189.0,423.0999999999999,195.8,1,1,1.0
20,8,374.8,540.8,123.5,342.4000000000001,1,1,1.0
20,9,620.1,411.7,252.79999999999995,213.8,1,1,1.0
20,10,1438.0,527.1,107.09999999999991,170.89999999999998,1,1,0.0
21,1,163.8,734.8,305.59999999999997,175.4000000000001,1,1,1.0
21,2,702.9,246.6,296.4,187.6,1,1,1.0
21,3,1031.3,286.0,302.0,116.39999999999998,1,1,1.0
21,4,581.28,546.1,315.82000000000005,248.19999999999993,1,1,1.0
21,5,198.1,461.7,210.9,235.40000000000003,1,1,1.0
21,6,257.5,344.3,119.5,115.19999999999999,1,1,0.0
21,7,1144.9,189.0,421.39999999999986,195.8,1,1,1.0
21,8,374.8,538.7,123.5,345.9,1,1,1.0
21,9,613.2,414.5,250.69999999999993,203.39999999999998,1,1,1.0
21,10,1421.3,528.7,123.5,161.79999999999995,1,1,0.0
22,1,163.8,738.1,305.59999999999997,169.10000000000002,1,1,1.0
22,2,696.2,248.1,298.5999999999999,174.79999999999998,1,1,1.0
22,3,1033.6,286.0,299.70000000000005,120.89999999999998,1,1,1.0
22,4,574.3,560.0,317.20000000000005,243.29999999999995,1,1,1.0
22,5,201.6,428.3,211.00000000000003,274.40000000000003,1,1,1.0
22,6,247.1,358.2,117.29999999999998,105.40000000000003,1,1,0.0
22,7,1143.2,189.0,426.39999999999986,195.8,1,1,1.0
22,8,374.8,540.1,123.5,368.1,1,1,1.0
22,9,613.2,411.0,258.29999999999995,212.5,1,1,1.0
22,10,1422.1,544.6,123.0,126.69999999999993,1,1,0.0
23,1,174.3,746.1,298.09999999999997,161.10000000000002,1,1,1.0
23,2,707.4,250.4,287.4,167.20000000000002,1,1,1.0
23,3,1052.4,276.2,283.89999999999986,133.0,1,1,1.0
23,4,603.5,575.3,280.4,234.9000000000001,1,1,1.0
23,5,199.5,431.1,210.89999999999998,273.69999999999993,1,1,1.0
23,6,257.5,374.4,95.30000000000001,92.10000000000002,1,1,0.0
23,7,1147.4,181.5,388.89999999999986,205.0,1,1,1.0
23,8,374.8,534.5,123.5,354.29999999999995,1,1,1.0
23,9,619.4,400.6,252.10000000000002,226.39999999999998,1,1,1.0
23,10,1422.9,543.8,121.29999999999995,126.70000000000005,1,1,0.0
24,1,171.3,752.0,301.09999999999997,147.70000000000005,1,1,1.0
24,2,707.4,249.6,276.9,168.00000000000003,1,1,1.0
24,3,1054.7,270.2,291.39999999999986,151.10000000000002,1,1,1.0
24,4,618.1,580.9,272.0,207.10000000000002,1,1,1.0
24,5,199.5,461.6,208.8,247.39999999999998,1,1,1.0
24,6,294.0,408.5,11.300000000000011,11.699999999999989,1,1,0.0
24,7,1169.0,147.3,379.79999999999995,226.7,1,1,1.0
24,8,374.8,534.5,123.5,363.29999999999995,1,1,1.0
24,9,627.69,403.38,253.30999999999995,224.32000000000005,1,1,1.0
24,10,1429.6,543.8,115.80000000000018,122.5,1,1,0.0
25,1,167.5,760.9,301.9,126.70000000000005,1,1,1.0
25,2,712.7,248.8,281.4,161.09999999999997,1,1,1.0
25,3,1050.2,270.2,275.5999999999999,168.40000000000003,1,1,1.0
25,4,565.3,592.7,322.70000000000005,194.5999999999999,1,1,1.0
25,5,198.1,509.5,252.6,189.79999999999995,1,1,1.0
25,6,270.3,366.3,94.0,115.80000000000001,1,1,0.0
25,7,1159.8,180.6,377.29999999999995,224.20000000000002,1,1,1.0
25,8,371.3,534.5,127.0,325.79999999999995,1,1,1.0
25,9,627.69,402.7,245.80999999999995,227.8,1,1,1.0
25,10,1429.6,543.8,115.80000000000018,120.80000000000007,1,1,0.0
26,1,141.9,648.2,235.6,219.0999999999999,1,1,1.0
26,2,712.7,248.8,282.9,184.59999999999997,1,1,1.0
26,3,1063.0,270.2,265.0999999999999,155.60000000000002,1,1,1.0
26,4,554.2,595.5,352.5,159.89999999999998,1,1,1.0
26,5,199.5,477.6,235.2,221.0,1,1,1.0
26,6,272.6,363.4,88.79999999999995,89.80000000000001,1,1,0.0
26,7,1160.6,173.1,371.5,233.4,1,1,1.0
26,8,378.0,527.8,120.30000000000001,313.30000000000007,1,1,1.0
26,9,627.69,402.7,244.1099999999999,227.8,1,1,1.0
26,10,1431.3,543.8,114.70000000000005,120.80000000000007,1,1,0.0
27,1,161.5,527.6,140.60000000000002,291.5,1,1,1.0
27,2,709.7,249.6,281.4,170.20000000000002,1,1,1.0
27,3,1069.8,262.7,250.79999999999995,163.10000000000002,1,1,1.0
27,4,569.5,601.1,331.0,147.39999999999998,1,1,1.0
27,5,203.7,422.8,206.0,243.2,1,1,1.0
27,6,270.9,367.5,90.5,90.89999999999998,1,1,0.0
27,7,1161.4,170.6,389.0,210.9,1,1,1.0
27,8,378.0,520.3,120.30000000000001,298.30000000000007,1,1,1.0
27,9,627.69,405.2,240.80999999999995,226.09999999999997,1,1,1.0
27,10,1431.3,542.1,113.5,125.79999999999995,1,1,0.0
28,1,160.7,523.8,121.5,280.6,1,1,1.0
28,2,709.7,249.6,276.9,183.79999999999998,1,1,1.0
28,3,1068.3,270.2,260.60000000000014,160.90000000000003,1,1,1.0
28,4,504.9,578.2,306.70000000000005,162.0,1,1,1.0
28,5,227.3,389.4,238.7,221.10000000000002,1,1,1.0
28,6,270.3,359.4,88.19999999999999,100.20000000000005,1,1,0.0
28,7,1158.9,173.9,425.6999999999998,217.6,1,1,1.0
28,8,367.2,529.5,131.10000000000002,329.1,1,1,1.0
28,9,627.69,393.8,240.80999999999995,237.49999999999994,1,1,1.0
28,10,1430.5,541.3,115.5,128.30000000000007,1,1,0.0
29,1,163.7,510.2,112.69999999999999,308.2,1,1,1.0
29,2,709.7,249.6,275.4,182.1,1,1,1.0
29,3,1048.7,270.2,283.20000000000005,158.60000000000002,1,1,1.0
29,4,485.5,573.3,296.20000000000005,179.4000000000001,1,1,1.0
29,5,282.16,302.6,258.84,263.5,1,1,1.0
29,6,261.6,376.2,106.19999999999999,109.40000000000003,1,1,0.0
29,7,1159.7,169.7,409.0999999999999,226.8,1,1,1.0
29,8,339.7,556.2,130.3,304.9,1,1,1.0
29,9,625.6,396.0,242.10000000000002,237.79999999999995,1,1,1.0
29,10,1418.0,547.1,127.70000000000005,120.79999999999995,1,1,0.0
30,1,118.5,573.5,179.0,247.89999999999998,1,1,1.0
30,2,709.7,249.6,274.5999999999999,176.29999999999998,1,1,1.0
30,3,1041.2,344.0,326.89999999999986,148.10000000000002,1,1,1.0
30,4,483.49,576.1,296.1,200.19999999999993,1,1,1.0
30,5,354.4,258.2,208.80000000000007,281.50000000000006,1,1,1.0
30,6,262.8,353.1,129.8,107.59999999999997,1,1,0.0
30,7,1159.7,167.2,405.3499999999999,229.3,1,1,1.0
30,8,323.0,614.5,135.3,279.1,1,1,1.0
30,9,623.5,396.0,240.0,240.29999999999995,1,1,1.0
30,10,1419.25,539.6,126.34999999999991,125.39999999999998,1,1,0.0
31,1,106.4,595.4,195.6,253.89999999999998,1,1,1.0
31,2,709.7,249.6,271.5999999999999,184.6,1,1,1.0
31,3,1123.5,442.6,311.70000000000005,124.10000000000002,1,1,1.0
31,4,511.3,558.7,252.99999999999994,249.5,1,1,1.0
31,5,401.6,252.0,295.0,152.3,1,1,1.0
31,6,296.9,298.1,103.20000000000005,188.09999999999997,1,1,0.0
31,7,1159.7,167.2,401.5999999999999,229.3,1,1,1.0
31,8,312.5,606.2,148.3,255.69999999999993,1,1,1.0
31,9,629.3,397.7,235.0,235.3,1,1,1.0
31,10,1420.5,532.1,124.90000000000009,130.0,1,1,0.0
32,1,118.5,600.7,172.2,259.0999999999999,1,1,1.0
32,2,709.7,249.6,273.0999999999999,175.6,1,1,1.0
32,3,1121.1,425.2,288.5,159.8,1,1,1.0
32,4,527.3,560.8,232.10000000000002,260.6,1,1,1.0
32,5,420.3,255.5,297.8,118.89999999999998,1,1,1.0
32,6,321.2,255.3,71.40000000000003,180.59999999999997,1,1,0.0
32,7,1159.7,168.9,401.5999999999999,227.6,1,1,1.0
32,8,316.6,614.5,142.5,255.79999999999995,1,1,1.0
32,9,629.3,397.7,235.9000000000001,234.45,1,1,1.0
32,10,1474.7,557.9,71.0,80.89999999999998,1,1,0.0
33,1,114.8,583.4,181.2,274.20000000000005,1,1,1.0
33,2,708.2,249.6,271.5999999999999,177.1,1,1,1.0
33,3,1216.8,347.8,167.20000000000005,321.40000000000003,1,1,1.0
33,4,487.0,574.7,258.5,244.5999999999999,1,1,1.0
33,5,438.3,247.2,281.90000000000003,107.80000000000001,1,1,1.0
33,6,340.9,297.54,101.5,199.65999999999997,1,1,1.0
33,7,1159.7,164.7,413.29999999999995,231.8,1,1,1.0
33,8,314.9,614.5,145.0,249.89999999999998,1,1,1.0
33,9,629.3,397.7,235.0,233.59999999999997,1,1,1.0
33,10,1481.4,551.2,64.59999999999991,99.29999999999995,1,1,0.0
34,1,99.7,578.1,196.3,277.19999999999993,1,1,1.0
34,2,696.9,251.1,284.4,172.79999999999998,1,1,1.0
34,3,1229.9,426.3,130.5999999999999,289.99999999999994,1,1,1.0
34,4,470.3,584.4,273.8,230.0,1,1,1.0
34,5,434.1,227.8,259.69999999999993,134.09999999999997,1,1,1.0
34,6,337.4,295.2,109.60000000000002,189.3,1,1,1.0
34,7,1179.7,114.7,415.0,303.5,1,1,1.0
34,8,314.9,626.2,144.20000000000005,249.0999999999999,1,1,1.0
34,9,626.8,397.7,237.5,233.59999999999997,1,1,1.0
34,10,1453.9,545.4,91.79999999999995,108.39999999999998,1,1,0.0
35,1,94.4,599.2,209.9,245.5999999999999,1,1,1.0
35,2,696.9,252.6,286.70000000000005,170.1,1,1,1.0
35,3,1223.6,386.0,125.40000000000009,342.9,1,1,1.0
35,4,477.2,574.7,273.09999999999997,249.39999999999998,1,1,1.0
35,5,412.6,214.7,251.5,186.8,1,1,1.0
35,6,337.4,306.8,111.90000000000003,159.8,1,1,1.0
35,7,1199.7,93.0,380.0,263.5,1,1,1.0
35,8,316.6,617.9,147.5,259.9,1,1,1.0
35,9,626.8,397.7,240.0,232.8,1,1,1.0
35,10,1451.4,546.2,93.69999999999982,102.59999999999991,1,1,0.0
36,1,149.4,566.7,159.4,277.29999999999995,1,1,1.0
36,2,696.1,252.6,287.5,176.6,1,1,1.0
36,3,1188.1,337.9,118.5,321.4,1,1,1.0
36,4,482.7,576.8,267.59999999999997,241.70000000000005,1,1,1.0
36,5,439.0,232.0,205.0,250.10000000000002,1,1,1.0
36,6,337.4,308.0,115.40000000000003,165.5,1,1,1.0
36,7,1197.2,91.3,379.20000000000005,279.4,1,1,1.0
36,8,316.6,607.9,149.2,275.70000000000005,1,1,1.0
36,9,626.8,397.7,240.0,231.09999999999997,1,1,1.0
36,10,1451.4,546.2,93.69999999999982,105.09999999999991,1,1,0.0
37,1,179.5,424.3,123.89999999999998,335.3,1,1,1.0
37,2,696.9,254.1,292.0,174.20000000000002,1,1,1.0
37,3,1146.2,263.5,169.29999999999995,298.5,1,1,1.0
37,4,512.6,551.8,237.69999999999993,261.80000000000007,1,1,1.0
37,5,402.2,240.3,166.59999999999997,252.89999999999998,1,1,1.0
37,6,337.4,313.2,113.10000000000002,150.5,1,1,1.0
37,7,1207.2,71.3,332.5,351.09999999999997,1,1,1.0
37,8,314.9,607.9,143.40000000000003,265.70000000000005,1,1,1.0
37,9,626.8,393.5,240.0,235.29999999999995,1,1,1.0
37,10,1455.15,546.2,89.94999999999982,103.44999999999993,1,1,0.0
38,1,186.2,417.0,112.0,283.1,1,1,1.0
38,2,647.9,238.3,345.5,155.5,1,1,1.0
38,3,1142.0,267.2,165.0999999999999,285.90000000000003,1,1,1.0
38,4,518.2,534.4,216.79999999999995,295.9,1,1,1.0
38,5,423.7,234.0,143.8,267.5,1,1,1.0
38,6,296.9,327.7,138.60000000000002,129.10000000000002,1,1,0.0
38,7,1296.4,62.1,221.5999999999999,433.59999999999997,1,1,1.0
38,8,314.9,597.9,137.60000000000002,284.0,1,1,1.0
38,9,621.0,396.0,251.60000000000002,227.79999999999995,1,1,1.0
38,10,1458.9,546.2,86.19999999999982,101.79999999999995,1,1,0.0
39,1,181.0,416.0,118.60000000000002,273.6,1,1,1.0
39,2,653.9,248.1,312.4,150.79999999999998,1,1,1.0
39,3,1142.0,261.4,150.4000000000001,306.4,1,1,1.0
39,4,514.7,550.4,232.0999999999999,271.6,1,1,1.0
39,5,378.8,259.0,198.40000000000003,229.3,1,1,1.0
39,6,256.39,324.2,176.81,99.30000000000001,1,1,0.0
39,7,1299.7,327.08,205.0,381.12000000000006,1,1,1.0
39,8,314.9,602.1,137.60000000000002,277.29999999999995,1,1,1.0
39,9,621.0,399.3,244.89999999999998,231.99999999999994,1,1,1.0
39,10,1529.7,663.7,18.09999999999991,26.799999999999955,1,1,0.0
40,1,183.3,424.1,113.89999999999998,295.6,1,1,1.0
40,2,646.4,254.9,312.4,151.49999999999997,1,1,1.0
40,3,1038.3,294.5,201.4000000000001,282.1,1,1,1.0
40,4,450.1,576.8,298.79999999999995,212.60000000000002,1,1,1.0
40,5,348.0,251.4,173.0,126.49999999999997,1,1,1.0
40,6,237.3,325.6,194.89999999999998,104.69999999999999,1,1,0.0
40,7,1193.04,586.1,221.86000000000013,207.89999999999998,1,1,1.0
40,8,309.9,607.9,144.3,275.70000000000005,1,1,1.0
40,9,616.0,401.0,258.20000000000005,233.60000000000002,1,1,1.0
40,10,1528.7,672.94,17.680000000000064,23.659999999999968,1,1,0.0
41,1,185.95,423.45,113.55000000000001,286.45,1,1,1.0
41,2,629.8,251.9,324.5,139.4,1,1,1.0
41,3,947.9,368.6,330.1,151.5,1,1,1.0
41,4,461.2,542.8,282.09999999999997,209.10000000000002,1,1,1.0
41,5,335.5,254.9,135.5,119.20000000000002,1,1,1.0
41,6,233.8,329.9,202.5,99.40000000000003,1,1,0.0
41,7,1344.7,397.05,182.5,285.24999999999994,1,1,1.0
41,8,313.2,597.9,142.7,273.20000000000005,1,1,1.0
41,9,602.7,406.0,278.19999999999993,211.10000000000002,1,1,1.0
41,10,1527.7,682.18,17.25999999999999,20.520000000000095,1,1,0.0
42,1,187.1,424.5,114.70000000000002,275.6,1,1,1.0
42,2,646.4,250.4,312.4,137.9,1,1,1.0
42,3,993.11,387.8,318.18999999999994,142.99999999999994,1,1,1.0
42,4,388.98,510.2,269.62,214.59999999999997,1,1,1.0
42,5,324.4,255.6,131.3,105.00000000000003,1,1,0.0
42,6,255.8,333.9,183.3,98.30000000000001,1,1,0.0
42,7,1388.0,319.55,152.5,319.45,1,1,1.0
42,8,314.9,597.9,133.5,284.0,1,1,1.0
42,9,606.0,406.0,268.20000000000005,209.39999999999998,1,1,1.0
42,10,1526.7,691.42,16.839999999999918,17.379999999999995,1,1,0.0
43,1,181.8,421.3,119.59999999999997,294.59999999999997,1,1,1.0
43,2,650.9,246.6,306.4,140.9,1,1,1.0
43,3,1120.6,452.7,327.0,133.40000000000003,1,1,1.0
43,4,352.9,498.4,292.5,226.39999999999998,1,1,1.0
43,5,327.9,248.0,163.90000000000003,140.39999999999998,1,1,1.0
43,6,274.3,336.3,152.7,94.19999999999999,1,1,0.0
43,7,1421.3,329.6,130.87000000000012,103.59999999999997,1,1,0.0
43,8,315.7,604.6,134.40000000000003,271.5,1,1,1.0
43,9,606.0,405.2,250.70000000000005,221.90000000000003,1,1,1.0
43,10,1525.7,700.66,16.419999999999845,14.240000000000009,1,1,0.0
44,1,193.1,414.5,130.00000000000003,304.4,1,1,1.0
44,2,650.1,246.6,308.0,140.9,1,1,1.0
44,3,1121.2,445.8,315.0999999999999,155.3,1,1,1.0
44,4,342.5,486.6,308.5,213.89999999999998,1,1,1.0
44,5,333.5,241.1,234.0,104.9,1,1,1.0
44,6,287.0,334.6,126.10000000000002,87.19999999999999,1,1,0.0
44,7,1443.0,295.4,109.17000000000007,97.0,1,1,0.0
44,8,317.4,604.6,131.0,281.5,1,1,1.0
44,9,611.0,401.8,247.39999999999998,225.3,1,1,1.0
44,10,1524.7,709.9,16.0,11.100000000000023,1,1,0.0
45,1,193.1,422.0,129.1,300.70000000000005,1,1,1.0
45,2,635.0,245.8,325.29999999999995,141.7,1,1,1.0
45,3,1186.5,370.4,273.5999999999999,268.4,1,1,1.0
45,4,356.4,488.7,307.1,193.7,1,1,1.0
45,5,382.1,257.1,244.5,147.2,1,1,1.0
45,6,286.4,358.3,77.5,66.39999999999998,1,1,0.0
45,7,1516.3,288.7,35.87000000000012,352.00000000000006,1,1,0.0
45,8,319.9,623.8,154.3,250.60000000000002,1,1,1.0
45,9,613.5,401.8,244.89999999999998,232.8,1,1,1.0
45,10,1522.2,720.02,17.730000000000018,28.159999999999968,1,1,0.0
46,1,193.1,420.5,128.6,302.20000000000005,1,1,1.0
46,2,636.5,253.3,321.6,135.7,1,1,1.0
46,3,1310.2,300.7,224.5999999999999,340.59999999999997,1,1,1.0
46,4,350.1,486.6,313.4,190.19999999999993,1,1,1.0
46,5,396.7,228.6,160.40000000000003,247.20000000000002,1,1,1.0
46,6,271.9,362.9,89.70000000000005,64.70000000000005,1,1,0.0
46,7,1523.0,535.3,25.700000000000045,105.40000000000009,1,1,0.0
46,8,319.9,614.6,147.60000000000002,243.10000000000002,1,1,1.0
46,9,616.0,401.0,242.39999999999998,233.89999999999998,1,1,1.0
46,10,1519.7,730.15,19.450000000000045,45.200000000000045,1,1,0.0
47,1,186.3,431.8,140.5,290.90000000000003,1,1,1.0
47,2,601.1,217.9,330.6,198.99999999999997,1,1,1.0
47,3,1317.1,309.5,220.20000000000005,324.9,1,1,1.0
47,4,364.0,490.8,304.4,181.09999999999997,1,1,1.0
47,5,421.0,223.0,136.10000000000002,260.4,1,1,1.0
47,6,271.9,357.7,89.70000000000005,70.5,1,1,0.0
47,7,1521.3,529.5,24.0,112.89999999999998,1,1,0.0
47,8,321.6,609.6,145.89999999999998,261.4,1,1,1.0
47,9,603.5,381.8,254.0,244.49999999999994,1,1,1.0
47,10,1517.2,740.27,21.180000000000064,62.25,1,1,0.0
48,1,192.3,422.8,128.3,296.90000000000003,1,1,1.0
48,2,555.1,267.6,311.0,259.29999999999995,1,1,1.0
48,3,1371.7,296.9,161.79999999999995,334.4,1,1,1.0
48,4,346.6,476.2,319.69999999999993,179.00000000000006,1,1,1.0
48,5,421.0,215.4,136.10000000000002,263.1,1,1,1.0
48,6,289.8,358.3,71.80000000000001,67.59999999999997,1,1,0.0
48,7,1521.3,546.2,23.600000000000136,140.39999999999998,1,1,0.0
48,8,321.6,609.6,130.89999999999998,272.29999999999995,1,1,1.0
48,9,602.3,353.5,253.5,281.79999999999995,1,1,1.0
48,10,1514.7,750.4,22.899999999999864,79.30000000000007,1,1,0.0
49,1,183.3,416.0,107.39999999999998,271.29999999999995,1,1,1.0
49,2,597.3,275.1,234.10000000000002,263.1,1,1,1.0
49,3,1409.4,305.1,132.29999999999995,339.4,1,1,1.0
49,4,285.5,494.9,289.79999999999995,152.0,1,1,1.0
49,5,421.0,215.4,136.10000000000002,279.79999999999995,1,1,1.0
49,6,276.5,359.5,85.10000000000002,66.39999999999998,1,1,0.0
49,7,1500.2,502.9,47.700000000000045,176.5,1,1,0.0
49,8,321.6,609.6,137.59999999999997,262.29999999999995,1,1,1.0
49,9,584.3,373.5,271.5,277.79999999999995,1,1,1.0
49,10,1456.4,727.9,81.79999999999995,61.0,1,1,0.0
50,1,183.3,416.0,107.39999999999998,269.0,1,1,1.0
50,2,590.5,279.6,221.29999999999995,268.4,1,1,1.0
50,3,1395.8,357.2,147.20000000000005,321.2,1,1,1.0
50,4,262.6,492.3,230.09999999999997,214.3,1,1,1.0
50,5,427.9,214.7,129.20000000000005,329.09999999999997,1,1,1.0
50,6,276.5,359.5,88.0,67.60000000000002,1,1,0.0
50,7,1520.9,558.7,23.529999999999973,173.69999999999993,1,1,0.0
50,8,323.3,609.6,142.59999999999997,259.79999999999995,1,1,1.0
50,9,580.1,380.2,275.69999999999993,271.09999999999997,1,1,1.0
50,10,1498.1,727.9,41.0,75.20000000000005,1,1,0.0
51,1,183.2,424.6,106.69999999999999,272.5,1,1,1.0
51,2,589.0,279.6,219.79999999999995,263.9,1,1,1.0
51,3,1393.5,367.7,150.79999999999995,290.09999999999997,1,1,1.0
51,4,148.0,560.17,255.82,220.73000000000002,1,1,1.0
51,5,426.5,321.64,123.70000000000005,298.56000000000006,1,1,1.0
51,6,287.5,359.5,78.19999999999999,73.39999999999998,1,1,0.0
51,7,1485.0,599.45,59.430000000000064,134.94999999999993,1,1,0.0
51,8,323.3,613.8,153.39999999999998,253.10000000000002,1,1,1.0
51,9,596.8,366.9,237.30000000000007,290.20000000000005,1,1,1.0
51,10,1513.1,748.7,23.90000000000009,23.59999999999991,1,1,0.0
52,1,167.4,426.5,163.49999999999997,273.6,1,1,1.0
52,2,585.2,287.1,222.0999999999999,282.79999999999995,1,1,1.0
52,3,1395.4,371.5,148.89999999999986,291.9,1,1,1.0
52,4,104.9,583.1,263.5,210.29999999999995,1,1,1.0
52,5,389.7,400.8,159.8,240.99999999999994,1,1,1.0
52,6,267.2,352.6,106.60000000000002,86.09999999999997,1,1,0.0
52,7,1519.6,653.7,23.5,23.5,1,1,0.0
52,8,323.3,612.1,126.69999999999999,271.5,1,1,1.0
52,9,596.8,375.2,248.10000000000002,288.59999999999997,1,1,1.0
52,10,1517.07,750.11,19.910000000000082,18.789999999999964,1,1,0.0
53,1,175.7,441.6,142.8,258.5,1,1,1.0
53,2,584.4,285.6,222.89999999999998,269.19999999999993,1,1,1.0
53,3,1375.9,385.3,169.69999999999982,237.3,1,1,1.0
53,4,104.9,601.2,272.5,197.0999999999999,1,1,1.0
53,5,357.1,432.7,174.29999999999995,197.3,1,1,1.0
53,6,273.6,350.8,107.69999999999999,88.5,1,1,0.0
53,7,1527.1,641.06,16.720000000000027,41.84000000000003,1,1,0.0
53,8,320.8,612.9,136.7,291.5,1,1,1.0
53,9,600.1,375.2,244.79999999999995,293.59999999999997,1,1,1.0
53,10,1521.03,751.52,15.930000000000064,13.980000000000018,1,1,0.0
54,1,164.4,441.2,200.29999999999998,251.7,1,1,1.0
54,2,576.9,285.6,216.10000000000002,263.19999999999993,1,1,1.0
54,3,1269.2,425.5,278.29999999999995,136.20000000000005,1,1,1.0
54,4,87.6,611.6,280.1,193.69999999999993,1,1,1.0
54,5,286.7,493.0,216.60000000000002,130.79999999999995,1,1,1.0
54,6,287.5,352.5,99.60000000000002,77.0,1,1,0.0
54,7,1525.28,621.6,19.220000000000027,43.309999999999945,1,1,0.0
54,8,332.5,593.7,155.89999999999998,234.89999999999998,1,1,1.0
54,9,602.6,388.5,257.29999999999995,284.5,1,1,1.0
54,10,1525.0,752.93,11.940000000000055,9.170000000000073,1,1,0.0
55,1,199.8,419.7,289.8,186.2,1,1,1.0
55,2,567.1,288.6,220.60000000000002,273.0,1,1,1.0
55,3,1286.2,421.7,261.29999999999995,181.40000000000003,1,1,1.0
55,4,79.3,617.2,260.59999999999997,192.29999999999995,1,1,1.0
55,5,235.6,541.0,183.96,94.60000000000002,1,1,1.0
55,6,274.2,352.0,126.19999999999999,73.39999999999998,1,1,0.0
55,7,1523.47,602.14,21.720000000000027,44.77999999999997,1,1,0.0
55,8,332.5,604.53,163.39999999999998,227.37,1,1,1.0
55,9,596.8,394.3,272.30000000000007,278.7,1,1,1.0
55,10,1517.3,771.67,19.319999999999936,45.879999999999995,1,1,0.0
56,1,223.9,412.4,332.0,155.80000000000007,1,1,1.0
56,2,555.8,278.1,188.20000000000005,283.5,1,1,1.0
56,3,1247.3,441.2,300.20000000000005,170.7,1,1,1.0
56,4,82.8,641.0,268.4,192.10000000000002,1,1,1.0
56,5,174.5,446.56,122.89999999999998,199.44,1,1,1.0
56,6,291.6,355.5,108.79999999999995,65.19999999999999,1,1,0.0
56,7,1521.65,582.68,24.230000000000018,46.24000000000001,1,1,0.0
56,8,335.0,600.4,160.89999999999998,240.70000000000005,1,1,1.0
56,9,583.5,401.8,308.9,256.99999999999994,1,1,1.0
56,10,1509.6,790.4,26.700000000000045,82.60000000000002,1,1,0.0
57,1,220.9,412.2,321.4,153.7,1,1,1.0
57,2,557.3,272.1,184.4000000000001,282.0,1,1,1.0
57,3,1229.1,461.3,318.4000000000001,148.7,1,1,1.0
57,4,76.5,630.4,246.0,218.60000000000002,1,1,1.0
57,5,182.8,432.7,95.89999999999998,247.3,1,1,1.0
57,6,286.9,352.6,123.90000000000003,67.59999999999997,1,1,0.0
57,7,1519.84,563.23,26.720000000000027,47.69999999999993,1,1,0.0
57,8,334.2,600.4,161.7,270.70000000000005,1,1,1.0
57,9,586.0,424.3,288.9,232.8,1,1,1.0
57,10,1463.3,773.6,74.20000000000005,50.799999999999955,1,1,0.0
58,1,245.0,404.7,314.20000000000005,162.7,1,1,1.0
58,2,555.1,272.1,184.29999999999995,280.5,1,1,1.0
58,3,1234.1,462.5,313.4000000000001,146.79999999999995,1,1,1.0
58,4,50.8,630.4,237.0,226.30000000000007,1,1,1.0
58,5,179.3,427.8,98.69999999999999,255.7,1,1,1.0
58,6,290.3,343.9,120.5,68.20000000000005,1,1,0.0
58,7,1518.02,543.77,29.230000000000018,49.17000000000007,1,1,0.0
58,8,340.9,581.2,136.70000000000005,279.9,1,1,1.0
58,9,573.5,423.5,321.4,211.89999999999998,1,1,1.0
58,10,1477.2,777.1,60.299999999999955,57.10000000000002,1,1,0.0
59,1,253.3,397.2,304.09999999999997,163.40000000000003,1,1,1.0
59,2,553.9,275.9,186.30000000000007,273.70000000000005,1,1,1.0
59,3,1189.5,476.3,358.0,154.99999999999994,1,1,1.0
59,4,43.9,647.1,260.6,216.60000000000002,1,1,1.0
59,5,182.1,432.0,104.9,257.1,1,1,1.0
59,6,337.7,343.9,73.10000000000002,58.400000000000034,1,1,0.0
59,7,1516.21,524.31,31.720000000000027,50.6400000000001,1,1,0.0
59,8,339.2,585.4,138.40000000000003,279.0,1,1,1.0
59,9,568.5,422.7,315.6,204.40000000000003,1,1,1.0
59,10,1530.1,784.8,7.400000000000091,46.700000000000045,1,1,0.0
60,1,253.3,399.4,311.59999999999997,161.20000000000005,1,1,1.0
60,2,559.6,270.6,176.79999999999995,276.0,1,1,1.0
60,3,1138.0,519.6,373.70000000000005,122.39999999999998,1,1,1.0
60,4,43.9,645.7,257.1,226.29999999999995,1,1,1.0
60,5,180.0,432.7,104.10000000000002,263.3,1,1,1.0
60,6,293.7,342.2,117.10000000000002,67.69999999999999,1,1,0.0
60,7,1514.39,504.85,34.22999999999979,52.10000000000002,1,1,0.0
60,8,335.9,592.9,138.10000000000002,279.9,1,1,1.0
60,9,570.2,404.4,291.4,223.5,1,1,1.0
60,10,1499.0,777.4,36.700000000000045,102.30000000000007,1,1,0.0
61,1,255.6,398.7,307.0,161.90000000000003,1,1,1.0
61,2,559.6,270.6,171.29999999999995,276.0,1,1,1.0
61,3,1124.2,506.4,347.29999999999995,111.10000000000002,1,1,1.0
61,4,42.85,643.35,255.35,225.19999999999993,1,1,1.0
61,5,181.4,423.0,100.1,273.0,1,1,1.0
61,6,337.1,339.9,73.69999999999999,63.0,1,1,0.0
61,7,1512.58,485.39,36.73000000000002,53.57000000000005,1,1,0.0
61,8,334.2,593.7,140.7,280.79999999999995,1,1,1.0
61,9,575.2,396.1,281.4,241.79999999999995,1,1,1.0
61,10,1526.5,762.0,11.0,43.0,1,1,0.0
62,1,264.6,395.7,303.29999999999995,177.00000000000006,1,1,1.0
62,2,558.85,271.2,170.85000000000002,276.90000000000003,1,1,1.0
62,3,1214.6,519.6,329.70000000000005,114.19999999999993,1,1,1.0
62,4,41.8,641.0,253.59999999999997,224.10000000000002,1,1,1.0
62,5,176.5,420.8,107.10000000000002,250.2,1,1,1.0
62,6,337.1,339.9,73.69999999999999,60.10000000000002,1,1,0.0
62,7,1510.76,465.93,39.23000000000002,55.04000000000002,1,1,0.0
62,8,334.2,593.7,138.90000000000003,281.69999999999993,1,1,1.0
62,9,583.3,385.2,280.5,262.59999999999997,1,1,1.0
62,10,1526.69,743.48,11.649999999999864,41.07999999999993,1,1,0.0
63,1,283.4,386.7,284.5,174.7,1,1,1.0
63,2,558.1,263.1,185.10000000000002,286.5,1,1,1.0
63,3,1227.2,519.6,317.0999999999999,114.19999999999993,1,1,1.0
63,4,34.2,638.8,263.3,218.70000000000005,1,1,1.0
63,5,188.3,449.4,93.19999999999999,240.30000000000007,1,1,1.0
63,6,337.1,339.9,73.69999999999999,56.0,1,1,0.0
63,7,1508.95,446.48,41.73000000000002,56.5,1,1,0.0
63,8,331.5,593.7,142.5,282.5999999999999,1,1,1.0
63,9,583.3,400.6,285.0,243.60000000000002,1,1,1.0
63,10,1526.88,724.96,12.289999999999964,39.14999999999998,1,1,0.0
64,1,313.5,402.5,248.39999999999998,145.29999999999995,1,1,1.0
64,2,552.7,266.9,198.0,275.20000000000005,1,1,1.0
64,3,1220.9,515.2,323.39999999999986,114.79999999999995,1,1,1.0
64,4,66.1,638.8,239.00000000000003,219.4000000000001,1,1,1.0
64,5,186.9,432.0,108.6,259.79999999999995,1,1,1.0
64,6,337.1,339.9,73.69999999999999,61.200000000000045,1,1,0.0
64,7,1507.13,427.02,44.22999999999979,57.97000000000003,1,1,0.0
64,8,331.5,593.7,139.8,282.5999999999999,1,1,1.0
64,9,587.8,397.0,276.0,242.70000000000005,1,1,1.0
64,10,1527.07,706.43,12.940000000000055,37.24000000000001,1,1,0.0
65,1,309.0,383.7,261.9,143.00000000000006,1,1,1.0
65,2,555.1,269.2,195.60000000000002,288.00000000000006,1,1,1.0
65,3,1198.3,515.2,346.0,117.0,1,1,1.0
65,4,95.3,641.6,216.7,224.89999999999998,1,1,1.0
65,5,184.1,432.0,109.6,259.1,1,1,1.0
65,6,337.1,339.9,74.89999999999998,60.0,1,1,0.0
65,7,1505.32,407.56,46.73000000000002,59.43000000000001,1,1,0.0
65,8,331.5,593.7,148.60000000000002,281.69999999999993,1,1,1.0
65,9,587.8,395.2,289.6,244.50000000000006,1,1,1.0
65,10,1527.26,687.91,13.579999999999927,35.31000000000006,1,1,0.0
66,1,311.3,391.2,256.59999999999997,123.40000000000003,1,1,1.0
66,2,554.7,264.7,196.0,279.7,1,1,1.0
66,3,1195.8,515.2,348.5,116.69999999999993,1,1,1.0
66,4,88.4,641.6,227.1,222.79999999999995,1,1,1.0
66,5,182.7,451.4,113.80000000000001,241.10000000000002,1,1,1.0
66,6,337.1,341.1,82.39999999999998,58.799999999999955,1,1,0.0
66,7,1503.5,388.1,49.23000000000002,60.89999999999998,1,1,0.0
66,8,327.0,603.6,154.60000000000002,266.4,1,1,1.0
66,9,587.8,404.2,300.5,237.3,1,1,1.0
66,10,1527.44,669.39,14.240000000000009,33.389999999999986,1,1,0.0
67,1,316.6,383.7,251.29999999999995,121.90000000000003,1,1,1.0
67,2,555.1,264.7,195.60000000000002,286.50000000000006,1,1,1.0
67,3,1187.6,511.4,356.70000000000005,115.5,1,1,1.0
67,4,78.7,646.5,239.60000000000002,215.79999999999995,1,1,1.0
67,5,184.1,435.4,108.50000000000003,257.1,1,1,1.0
67,6,337.1,342.8,82.39999999999998,57.099999999999966,1,1,0.0
67,7,1352.8,356.9,199.94000000000005,123.30000000000001,1,1,1.0
67,8,327.0,598.2,155.2,271.79999999999995,1,1,1.0
67,9,584.2,392.4,306.79999999999995,245.5,1,1,1.0
67,10,1527.63,650.87,14.889999999999873,31.460000000000036,1,1,0.0
68,1,307.6,384.5,260.29999999999995,118.80000000000001,1,1,1.0
68,2,557.7,272.2,196.79999999999995,273.00000000000006,1,1,1.0
68,3,1190.7,519.6,354.89999999999986,116.10000000000002,1,1,1.0
68,4,78.7,647.9,239.60000000000002,214.39999999999998,1,1,1.0
68,5,184.8,434.0,106.39999999999998,258.5,1,1,1.0
68,6,338.3,345.1,80.59999999999997,56.5,1,1,0.0
68,7,1079.21,397.17,374.8899999999999,130.93,1,1,1.0
68,8,317.1,603.6,165.09999999999997,270.0,1,1,1.0
68,9,584.2,400.5,318.5999999999999,237.39999999999998,1,1,1.0
68,10,1527.82,632.34,15.529999999999973,29.549999999999955,1,1,0.0
69,1,282.7,334.8,308.59999999999997,161.7,1,1,1.0
69,2,554.3,265.4,191.9000000000001,273.80000000000007,1,1,1.0
69,3,1186.4,518.3,357.89999999999986,116.10000000000002,1,1,1.0
69,4,80.8,647.9,237.5,214.39999999999998,1,1,1.0
69,5,181.3,431.9,108.09999999999997,260.6,1,1,1.0
69,6,338.3,345.1,78.89999999999998,57.099999999999966,1,1,0.0
69,7,1001.7,318.85,319.0999999999999,185.04999999999995,1,1,1.0
69,8,306.2,596.4,137.10000000000002,274.5,1,1,1.0
69,9,580.6,402.3,303.19999999999993,231.09999999999997,1,1,1.0
69,10,1528.01,613.82,16.180000000000064,27.620000000000005,1,1,0.0
70,1,327.9,291.1,297.30000000000007,204.59999999999997,1,1,1.0
70,2,555.8,265.4,190.4000000000001,273.80000000000007,1,1,1.0
70,3,1188.9,517.0,356.6999999999998,115.5,1,1,1.0
70,4,64.1,650.7,257.0,207.39999999999998,1,1,1.0
70,5,181.3,429.8,109.09999999999997,262.7,1,1,1.0
70,6,338.3,349.2,80.09999999999997,57.60000000000002,1,1,0.0
70,7,968.37,322.18,311.5300000000001,190.92000000000002,1,1,1.0
70,8,306.2,595.5,136.2,275.4,1,1,1.0
70,9,580.6,399.6,303.19999999999993,235.60000000000002,1,1,1.0
70,10,1528.2,595.3,16.819999999999936,25.700000000000045,1,1,0.0
71,1,371.6,292.6,289.79999999999995,228.0,1,1,1.0
71,2,557.3,263.1,186.60000000000002,276.1,1,1,1.0
71,3,1191.4,516.4,353.5,116.10000000000002,1,1,1.0
71,4,59.9,650.7,261.20000000000005,217.0999999999999,1,1,1.0
71,5,175.0,415.2,96.10000000000002,209.2,1,1,1.0
71,6,287.4,345.7,134.5,66.90000000000003,1,1,0.0
71,7,979.2,322.18,289.89999999999986,193.42000000000002,1,1,1.0
71,8,306.2,590.1,132.60000000000002,280.79999999999995,1,1,1.0
71,9,584.2,403.2,273.4,229.3,1,1,1.0
71,10,1528.2,595.3,16.819999999999936,60.40000000000009,1,1,0.0
72,1,382.2,292.6,327.50000000000006,199.39999999999998,1,1,1.0
72,2,558.8,264.6,185.10000000000002,275.4,1,1,1.0
72,3,1193.9,516.4,352.29999999999995,116.10000000000002,1,1,1.0
72,4,134.2,641.0,188.3,251.79999999999995,1,1,1.0
72,5,159.7,437.4,143.3,284.20000000000005,1,1,1.0
72,6,281.0,324.9,169.3,95.80000000000001,1,1,0.0
72,7,968.8,297.9,248.79999999999995,232.70000000000005,1,1,1.0
72,8,306.2,590.1,129.90000000000003,289.79999999999995,1,1,1.0
72,9,584.2,404.1,274.69999999999993,228.39999999999998,1,1,1.0
72,10,1528.2,595.3,16.819999999999936,95.10000000000002,1,1,0.0
73,1,384.5,294.1,240.79999999999995,203.89999999999998,1,1,1.0
73,2,558.8,266.9,185.10000000000002,270.80000000000007,1,1,1.0
73,3,1175.7,512.6,369.89999999999986,116.79999999999995,1,1,1.0
73,4,152.3,634.7,162.59999999999997,259.5,1,1,1.0
73,5,168.7,462.4,134.3,264.1,1,1,1.0
73,6,281.0,318.0,167.60000000000002,102.69999999999999,1,1,0.0
73,7,981.5,251.6,192.0999999999999,305.0,1,1,1.0
73,8,305.9,588.6,129.90000000000003,293.1,1,1,1.0
73,9,584.2,403.2,277.9,229.3,1,1,1.0
73,10,1528.2,577.9,16.819999999999936,44.200000000000045,1,1,0.0
74,1,383.7,298.6,233.3,199.39999999999998,1,1,1.0
74,2,558.0,265.4,185.89999999999998,271.5,1,1,1.0
74,3,1190.1,512.6,354.8000000000002,116.79999999999995,1,1,1.0
74,4,102.3,650.7,220.2,219.89999999999998,1,1,1.0
74,5,159.7,445.7,143.3,274.59999999999997,1,1,1.0
74,6,249.8,303.0,192.39999999999998,123.39999999999998,1,1,0.0
74,7,1000.6,223.2,141.80000000000007,336.90000000000003,1,1,1.0
74,8,305.6,587.1,130.34999999999997,296.4,1,1,1.0
74,9,582.4,403.65,283.30000000000007,230.64999999999998,1,1,1.0
74,10,1530.5,574.4,14.519999999999982,60.39999999999998,1,1,0.0
75,1,382.9,249.6,268.80000000000007,244.6,1,1,1.0
75,2,559.5,265.4,185.89999999999998,270.70000000000005,1,1,1.0
75,3,1187.59,512.6,356.71000000000004,116.79999999999995,1,1,1.0
75,4,81.5,648.9,238.0,221.0,1,1,1.0
75,5,157.6,467.9,145.4,251.70000000000005,1,1,1.0
75,6,279.3,306.5,165.8,117.60000000000002,1,1,0.0
75,7,994.8,202.4,141.20000000000005,333.4,1,1,1.0
75,8,305.3,585.6,130.8,299.69999999999993,1,1,1.0
75,9,584.2,404.1,285.0999999999999,228.39999999999998,1,1,1.0
75,10,1530.4,574.4,14.61999999999989,61.60000000000002,1,1,0.0
76,1,390.4,242.8,230.39999999999998,268.7,1,1,1.0
76,2,559.5,266.9,188.20000000000005,269.20000000000005,1,1,1.0
76,3,1169.3,483.7,354.9000000000001,127.50000000000006,1,1,1.0
76,4,81.5,650.6,241.0,217.19999999999993,1,1,1.0
76,5,161.1,451.2,141.9,268.40000000000003,1,1,1.0
76,6,253.8,304.2,191.3,119.30000000000001,1,1,0.0
76,7,1018.5,186.2,149.9000000000001,335.7,1,1,1.0
76,8,304.4,594.6,125.30000000000001,281.69999999999993,1,1,1.0
76,9,584.2,404.1,296.79999999999995,228.39999999999998,1,1,1.0
76,10,1528.7,574.4,16.319999999999936,61.60000000000002,1,1,0.0
77,1,390.4,257.8,216.80000000000007,253.7,1,1,1.0
77,2,559.5,269.2,188.20000000000005,269.90000000000003,1,1,1.0
77,3,1119.1,443.6,308.5,177.0,1,1,1.0
77,4,81.5,650.2,234.5,231.5,1,1,1.0
77,5,159.7,453.3,143.3,267.7,1,1,1.0
77,6,257.9,314.0,188.40000000000003,107.19999999999999,1,1,0.0
77,7,1024.3,187.3,144.10000000000014,341.49999999999994,1,1,1.0
77,8,305.3,590.1,129.0,293.4,1,1,1.0
77,9,584.2,404.1,281.4,228.39999999999998,1,1,1.0
77,10,1528.7,574.4,16.319999999999936,57.0,1,1,0.0
78,1,388.1,262.3,207.79999999999995,290.59999999999997,1,1,1.0
78,2,559.5,269.2,188.20000000000005,272.90000000000003,1,1,1.0
78,3,1191.3,502.0,319.79999999999995,188.29999999999995,1,1,1.0
78,4,91.2,657.0,218.8,217.10000000000002,1,1,1.0
78,5,159.7,424.1,153.7,274.69999999999993,1,1,1.0
78,6,286.8,326.7,166.39999999999998,96.80000000000001,1,1,0.0
78,7,1019.7,215.7,141.79999999999995,320.00000000000006,1,1,1.0
78,8,308.0,590.1,123.60000000000002,293.4,1,1,1.0
78,9,584.2,399.6,286.79999999999995,232.89999999999998,1,1,1.0
78,10,1528.7,571.5,16.319999999999936,62.799999999999955,1,1,0.0
79,1,396.4,269.1,176.89999999999998,305.69999999999993,1,1,1.0
79,2,559.5,269.2,188.20000000000005,270.59999999999997,1,1,1.0
79,3,1230.9,508.9,280.1999999999998,186.39999999999998,1,1,1.0
79,4,97.4,645.2,219.49999999999997,225.39999999999998,1,1,1.0
79,5,143.0,415.8,170.39999999999998,260.8,1,1,1.0
79,6,272.9,326.7,176.8,93.40000000000003,1,1,0.0
79,7,1013.5,245.6,179.20000000000005,284.5,1,1,1.0
79,8,307.1,582.0,125.39999999999998,299.70000000000005,1,1,1.0
79,9,584.2,391.5,286.79999999999995,241.0,1,1,1.0
79,10,1528.7,573.8,16.319999999999936,60.5,1,1,0.0
80,1,363.2,273.5,210.09999999999997,304.29999999999995,1,1,1.0
80,2,561.0,271.5,188.89999999999998,268.29999999999995,1,1,1.0
80,3,1214.6,486.3,292.70000000000005,214.7,1,1,1.0
80,4,110.6,665.9,229.9,200.5,1,1,1.0
80,5,143.0,434.5,174.7,242.10000000000002,1,1,1.0
80,6,207.5,317.4,238.10000000000002,133.40000000000003,1,1,0.0
80,7,976.6,256.0,259.80000000000007,263.4,1,1,1.0
80,8,307.1,574.8,125.39999999999998,306.0,1,1,1.0
80,9,584.2,394.2,284.0999999999999,238.3,1,1,1.0
80,10,1528.7,573.8,16.319999999999936,65.10000000000002,1,1,0.0
81,1,356.4,273.8,221.39999999999998,290.40000000000003,1,1,1.0
81,2,558.0,270.7,193.60000000000002,279.59999999999997,1,1,1.0
81,3,1194.5,509.5,314.0999999999999,189.0,1,1,1.0
81,4,152.3,650.8,160.39999999999998,214.9000000000001,1,1,1.0
81,5,143.0,424.8,147.5,251.8,1,1,1.0
81,6,274.6,287.3,135.7,266.49999999999994,1,1,1.0
81,7,978.8,254.6,246.5,265.1,1,1,1.0
81,8,308.9,591.1,123.60000000000002,306.0,1,1,1.0
81,9,584.2,397.8,282.29999999999995,234.7,1,1,1.0
81,10,1527.5,573.8,17.519999999999982,65.10000000000002,1,1,0.0
82,1,397.8,274.3,179.99999999999994,298.90000000000003,1,1,1.0
82,2,556.5,270.7,200.89999999999998,282.59999999999997,1,1,1.0
82,3,1187.0,516.4,329.0999999999999,172.10000000000002,1,1,1.0
82,4,155.1,618.8,150.70000000000002,286.5,1,1,1.0
82,5,138.8,409.5,170.2,216.39999999999998,1,1,1.0
82,6,313.95,413.45,221.25000000000006,261.84999999999997,1,1,1.0
82,7,995.5,256.7,240.20000000000005,272.7,1,1,1.0
82,8,267.5,631.9,186.3,281.5,1,1,1.0
82,9,589.6,396.0,285.0,233.79999999999995,1,1,1.0
82,10,1529.2,573.8,15.819999999999936,63.40000000000009,1,1,0.0
83,1,413.6,261.5,161.89999999999998,306.4,1,1,1.0
83,2,556.5,266.9,201.0,288.70000000000005,1,1,1.0
83,3,1105.4,500.6,385.0,159.0,1,1,1.0
83,4,166.2,607.8,139.60000000000002,285.70000000000005,1,1,1.0
83,5,138.8,419.9,173.7,206.0,1,1,1.0
83,6,863.9,464.4,242.69999999999993,170.39999999999998,1,1,1.0
83,7,1003.8,251.8,202.0,255.2,1,1,1.0
83,8,291.4,659.5,206.40000000000003,237.60000000000002,1,1,1.0
83,9,589.6,405.9,278.69999999999993,212.10000000000002,1,1,1.0
83,10,1529.2,573.8,15.819999999999936,60.30000000000007,1,1,0.0
84,1,410.6,263.8,169.60000000000002,304.09999999999997,1,1,1.0
84,2,558.8,266.9,198.9000000000001,287.9,1,1,1.0
84,3,1139.3,498.2,342.9000000000001,161.40000000000003,1,1,1.0
84,4,164.8,582.1,152.09999999999997,307.19999999999993,1,1,1.0
84,5,150.6,418.5,165.1,207.39999999999998,1,1,1.0
84,6,824.0,471.3,289.0,103.30000000000001,1,1,1.0
84,7,1002.4,255.3,293.69999999999993,254.59999999999997,1,1,1.0
84,8,342.9,629.4,195.72000000000003,229.20000000000005,1,1,1.0
84,9,584.2,407.7,284.0999999999999,209.40000000000003,1,1,1.0
84,10,1529.2,573.8,15.819999999999936,57.200000000000045,1,1,0.0
85,1,410.6,247.2,164.89999999999998,326.00000000000006,1,1,1.0
85,2,560.3,263.1,188.20000000000005,275.1,1,1,1.0
85,3,1139.9,495.1,346.0999999999999,172.69999999999993,1,1,1.0
85,4,155.8,573.1,120.09999999999997,320.4,1,1,1.0
85,5,152.0,413.6,164.8,217.19999999999993,1,1,1.0
85,6,809.5,467.9,316.20000000000005,110.70000000000005,1,1,1.0
85,7,1006.6,255.3,196.4999999999999,252.59999999999997,1,1,1.0
85,8,347.3,652.6,198.2,216.5,1,1,1.0
85,9,584.2,407.7,282.29999999999995,213.00000000000006,1,1,1.0
85,10,1529.2,573.8,15.819999999999936,54.10000000000002,1,1,0.0
86,1,357.9,271.5,207.10000000000002,260.29999999999995,1,1,1.0
86,2,560.3,263.1,188.20000000000005,276.6,1,1,1.0
86,3,1142.4,494.5,343.5999999999999,175.79999999999995,1,1,1.0
86,4,132.9,573.8,142.99999999999997,316.9000000000001,1,1,1.0
86,5,149.2,419.2,163.0,197.00000000000006,1,1,1.0
86,6,805.4,467.9,324.4,110.70000000000005,1,1,1.0
86,7,1002.4,245.6,189.60000000000002,258.9,1,1,1.0
86,8,351.7,647.6,186.90000000000003,212.39999999999998,1,1,1.0
86,9,580.6,407.7,276.9,217.50000000000006,1,1,1.0
86,10,1531.47,547.83,14.660000000000082,48.5,1,1,0.0
87,1,354.1,252.5,148.39999999999998,182.8,1,1,1.0
87,2,561.8,260.1,182.20000000000005,277.29999999999995,1,1,1.0
87,3,1142.4,493.2,343.5999999999999,177.09999999999997,1,1,1.0
87,4,110.7,584.9,177.7,289.1,1,1,1.0
87,5,144.4,408.1,168.79999999999998,220.60000000000002,1,1,1.0
87,6,803.1,467.9,325.4999999999999,112.39999999999998,1,1,1.0
87,7,989.7,249.8,191.89999999999986,254.39999999999998,1,1,1.0
87,8,348.6,647.6,192.60000000000002,215.5,1,1,1.0
87,9,580.6,404.55,277.79999999999995,220.65000000000003,1,1,1.0
87,10,1533.73,521.87,13.519999999999982,42.89999999999998,1,1,0.0
88,1,345.1,258.5,152.09999999999997,143.60000000000002,1,1,1.0
88,2,561.8,255.6,179.20000000000005,281.0,1,1,1.0
88,3,1142.4,492.6,343.5999999999999,177.69999999999993,1,1,1.0
88,4,146.8,590.5,178.39999999999998,296.0,1,1,1.0
88,5,141.6,411.6,174.9,212.89999999999998,1,1,1.0
88,6,803.1,467.9,322.6,112.39999999999998,1,1,1.0
88,7,977.4,263.0,279.9,245.60000000000002,1,1,1.0
88,8,349.9,647.0,192.5,219.20000000000005,1,1,1.0
88,9,580.6,401.4,278.69999999999993,223.80000000000007,1,1,1.0
88,10,1536.0,495.9,12.3599999999999,37.30000000000007,1,1,0.0
89,1,342.1,255.6,155.09999999999997,151.00000000000003,1,1,1.0
89,2,563.3,254.8,174.70000000000005,281.8,1,1,1.0
89,3,1143.6,492.0,342.4000000000001,178.29999999999995,1,1,1.0
89,4,160.7,592.6,164.5,301.5,1,1,1.0
89,5,160.3,419.9,155.39999999999998,220.60000000000002,1,1,1.0
89,6,806.6,467.9,324.9,114.70000000000005,1,1,1.0
89,7,982.3,256.1,283.29999999999995,251.79999999999995,1,1,1.0
89,8,349.9,639.5,190.0,234.20000000000005,1,1,1.0
89,9,580.6,395.1,284.1,233.10000000000002,1,1,1.0
89,10,1477.8,679.3,63.700000000000045,64.80000000000007,1,1,0.0
90,1,342.1,252.5,141.5,148.10000000000002,1,1,1.0
90,2,563.3,254.8,173.9000000000001,282.59999999999997,1,1,1.0
90,3,1147.4,489.5,338.5999999999999,178.29999999999995,1,1,1.0
90,4,164.9,613.4,160.29999999999998,292.5,1,1,1.0
90,5,197.1,414.3,118.29999999999998,207.49999999999994,1,1,1.0
90,6,802.0,474.8,327.20000000000005,170.8,1,1,1.0
90,7,1004.5,256.1,206.20000000000005,257.4,1,1,1.0
90,8,349.9,634.5,190.0,246.10000000000002,1,1,1.0
90,9,582.4,387.9,282.30000000000007,237.30000000000007,1,1,1.0
90,10,1495.7,698.4,43.59999999999991,45.700000000000045,1,1,0.0
91,1,340.6,261.5,94.79999999999995,111.19999999999999,1,1,0.0
91,2,565.6,254.8,171.60000000000002,283.40000000000003,1,1,1.0
91,3,1144.0,495.8,355.20000000000005,172.40000000000003,1,1,1.0
91,4,167.0,615.5,158.2,290.4,1,1,1.0
91,5,164.46,518.5,139.93999999999997,164.39999999999998,1,1,1.0
91,6,798.0,472.5,320.79999999999995,154.0,1,1,1.0
91,7,948.9,242.8,205.09000000000003,260.9,1,1,1.0
91,8,349.9,638.3,190.0,237.30000000000007,1,1,1.0
91,9,583.4,387.0,281.75,241.0,1,1,1.0
91,10,1518.1,601.05,25.15000000000009,40.35000000000002,1,1,0.0
92,1,236.9,263.0,197.70000000000002,172.60000000000002,1,1,0.0
92,2,566.4,254.8,173.10000000000002,288.7,1,1,1.0
92,3,1156.2,497.1,340.5,134.89999999999998,1,1,1.0
92,4,170.5,585.6,154.7,323.79999999999995,1,1,1.0
92,5,158.22,539.7,111.97999999999999,237.89999999999998,1,1,1.0
92,6,804.9,473.1,310.4,114.10000000000002,1,1,1.0
92,7,942.5,239.9,222.5,242.4,1,1,1.0
92,8,349.9,638.3,188.10000000000002,237.30000000000007,1,1,1.0
92,9,581.5,375.2,284.1,252.7,1,1,1.0
92,10,1540.5,503.7,6.7000000000000455,35.00000000000006,1,1,0.0
93,1,232.1,284.1,197.20000000000002,165.5,1,1,0.0
93,2,566.4,257.1,178.39999999999998,296.19999999999993,1,1,1.0
93,3,1200.8,391.0,266.4000000000001,283.1,1,1,1.0
93,4,194.11,546.7,156.78999999999996,307.0999999999999,1,1,1.0
93,5,139.5,494.9,116.30000000000001,265.80000000000007,1,1,1.0
93,6,802.6,468.44,332.9999999999999,117.59999999999997,1,1,1.0
93,7,883.5,250.9,318.0,171.79999999999998,1,1,1.0
93,8,346.8,645.8,188.09999999999997,218.5,1,1,1.0
93,9,585.1,382.4,284.1,246.39999999999998,1,1,1.0
93,10,1518.5,567.4,28.700000000000045,136.80000000000007,1,1,0.0
94,1,232.1,281.6,195.9,168.0,1,1,0.0
94,2,567.2,259.4,177.5999999999999,287.1,1,1,1.0
94,3,1155.6,224.6,167.80000000000018,359.1,1,1,1.0
94,4,205.2,541.8,177.60000000000002,296.0,1,1,1.0
94,5,139.5,488.7,109.4,272.00000000000006,1,1,1.0
94,6,850.1,487.0,367.1,111.20000000000005,1,1,1.0
94,7,806.5,256.7,367.79999999999995,126.69999999999999,1,1,1.0
94,8,349.9,649.6,185.0,227.29999999999995,1,1,1.0
94,9,586.1,389.6,283.1,236.5,1,1,1.0
94,10,1512.9,536.2,34.299999999999955,154.0999999999999,1,1,0.0
95,1,339.5,297.9,104.19999999999999,99.0,1,1,0.0
95,2,567.2,259.4,174.5999999999999,287.1,1,1,1.0
95,3,1144.3,241.0,177.79999999999995,326.4,1,1,1.0
95,4,234.4,541.8,148.4,309.9000000000001,1,1,1.0
95,5,152.7,499.1,109.30000000000001,278.29999999999995,1,1,1.0
95,6,1026.01,523.5,332.3900000000001,150.5,1,1,1.0
95,7,705.8,258.4,376.9000000000001,119.80000000000001,1,1,1.0
95,8,326.7,650.9,205.7,214.10000000000002,1,1,1.0
95,9,586.1,388.7,283.1,237.40000000000003,1,1,1.0
95,10,1504.3,540.2,42.90000000000009,157.5999999999999,1,1,0.0
96,1,239.0,334.3,179.0,95.89999999999998,1,1,0.0
96,2,567.2,260.9,177.5999999999999,286.4,1,1,1.0
96,3,1080.9,249.2,199.0999999999999,310.7,1,1,1.0
96,4,230.9,547.4,164.79999999999998,292.5,1,1,1.0
96,5,138.1,519.9,116.30000000000001,268.70000000000005,1,1,1.0
96,6,1103.55,546.6,303.45000000000005,157.5,1,1,1.0
96,7,705.8,254.9,351.0,120.99999999999997,1,1,1.0
96,8,325.4,677.3,188.80000000000007,202.20000000000005,1,1,1.0
96,9,581.6,389.6,287.6,240.10000000000002,1,1,1.0
96,10,1502.4,540.2,44.799999999999955,154.0999999999999,1,1,0.0
97,1,290.5,338.1,148.2,146.09999999999997,1,1,0.0
97,2,567.2,264.7,176.89999999999998,282.59999999999997,1,1,1.0
97,3,1035.1,268.0,289.5,269.29999999999995,1,1,1.0
97,4,232.3,536.3,163.89999999999998,307.80000000000007,1,1,1.0
97,5,147.1,521.3,108.70000000000002,287.4000000000001,1,1,1.0
97,6,1127.3,553.0,330.5,143.0,1,1,1.0
97,7,671.0,238.7,356.9000000000001,148.2,1,1,1.0
97,8,318.5,681.1,197.79999999999995,184.0,1,1,1.0
97,9,581.6,402.3,288.5,227.40000000000003,1,1,1.0
97,10,1499.2,513.6,48.0,185.89999999999998,1,1,0.0
98,1,288.6,322.4,126.89999999999998,196.30000000000007,1,1,0.0
98,2,567.2,275.4,170.0,273.4,1,1,1.0
98,3,1015.6,268.6,308.9999999999999,253.60000000000002,1,1,1.0
98,4,235.8,530.7,163.8,309.19999999999993,1,1,1.0
98,5,147.1,524.8,108.70000000000002,262.4000000000001,1,1,1.0
98,6,1184.0,544.9,279.0,206.10000000000002,1,1,1.0
98,7,639.2,225.4,369.0,146.99999999999997,1,1,1.0
98,8,325.4,681.5,186.3,199.29999999999995,1,1,1.0
98,9,582.7,402.3,300.0999999999999,229.59999999999997,1,1,1.0
98,10,1501.4,515.3,45.799999999999955,180.10000000000002,1,1,0.0
99,1,310.0,323.7,108.0,211.40000000000003,1,1,0.0
99,2,559.7,295.6,156.5,290.1,1,1,1.0
99,3,1006.8,262.9,317.79999999999995,241.70000000000005,1,1,1.0
99,4,235.8,527.2,154.39999999999998,312.69999999999993,1,1,1.0
99,5,153.4,526.9,102.4,261.70000000000005,1,1,1.0
99,6,1214.7,514.2,225.20000000000005,239.0999999999999,1,1,1.0
99,7,601.0,223.7,355.70000000000005,140.0,1,1,1.0
99,8,316.6,682.8,195.09999999999997,186.70000000000005,1,1,1.0
99,9,584.3,402.3,291.30000000000007,231.90000000000003,1,1,1.0
99,10,1515.5,518.2,31.700000000000045,178.39999999999998,1,1,0.0
100,1,310.6,323.7,107.39999999999998,213.90000000000003,1,1,0.0
100,2,479.1,343.0,210.69999999999993,274.29999999999995,1,1,1.0
100,3,1006.8,268.6,325.29999999999995,188.89999999999998,1,1,1.0
100,4,235.8,531.4,157.8,308.5,1,1,1.0
100,5,159.6,526.9,96.20000000000002,265.9,1,1,1.0
100,6,1225.1,517.1,206.70000000000005,236.19999999999993,1,1,1.0
100,7,585.9,228.3,350.5,137.7,1,1,1.0
100,8,319.1,683.6,192.59999999999997,185.89999999999998,1,1,1.0
100,9,584.3,402.3,287.70000000000005,231.90000000000003,1,1,1.0
100,10,1491.8,488.1,56.559999999999945,243.19999999999993,1,1,0.0
101,1,293.7,323.7,124.30000000000001,208.90000000000003,1,1,0.0
101,2,477.6,391.2,220.5,222.3,1,1,1.0
101,3,1050.1,267.3,260.0,222.89999999999998,1,1,1.0
101,4,239.3,540.4,159.0,299.5,1,1,1.0
101,5,150.6,526.9,108.70000000000002,256.9,1,1,1.0
101,6,1234.9,517.1,213.0999999999999,259.9,1,1,1.0
101,7,599.2,228.3,340.5999999999999,137.7,1,1,1.0
101,8,322.2,684.4,189.5,192.60000000000002,1,1,1.0
101,9,584.3,404.1,298.6,230.10000000000002,1,1,1.0
101,10,1498.7,519.3,49.659999999999854,212.0,1,1,0.0
102,1,308.1,319.3,110.5,216.99999999999994,1,1,0.0
102,2,437.7,379.1,254.40000000000003,229.89999999999998,1,1,1.0
102,3,1041.9,265.4,258.1999999999998,233.60000000000002,1,1,1.0
102,4,239.3,548.75,156.2,291.15,1,1,1.0
102,5,152.0,526.9,107.30000000000001,256.20000000000005,1,1,1.0
102,6,1223.9,520.6,223.5,234.39999999999998,1,1,1.0
102,7,605.6,225.4,342.4,140.6,1,1,1.0
102,8,310.9,685.4,210.80000000000007,211.70000000000005,1,1,1.0
102,9,583.4,397.8,305.80000000000007,236.40000000000003,1,1,1.0
102,10,1489.4,558.6,58.95999999999981,165.19999999999993,1,1,0.0
103,1,295.2,322.4,125.90000000000003,209.5,1,1,0.0
103,2,467.1,385.1,215.0,277.4,1,1,1.0
103,3,1046.3,235.9,252.5,266.9,1,1,1.0
103,4,239.3,557.1,153.39999999999998,282.79999999999995,1,1,1.0
103,5,156.2,526.9,103.10000000000002,256.9,1,1,1.0
103,6,1221.0,518.3,206.70000000000005,237.80000000000007,1,1,1.0
103,7,581.9,225.4,363.20000000000005,141.79999999999998,1,1,1.0
103,8,278.2,669.7,232.2,229.89999999999998,1,1,1.0
103,9,582.5,402.3,293.1,231.90000000000003,1,1,1.0
103,10,1501.6,700.4,38.200000000000045,51.80000000000007,1,1,0.0
104,1,308.7,323.0,113.69999999999999,205.10000000000002,1,1,0.0
104,2,440.0,401.7,230.20000000000005,283.40000000000003,1,1,1.0
104,3,1050.1,227.7,245.0,271.3,1,1,1.0
104,4,240.7,538.4,151.60000000000002,296.6,1,1,1.0
104,5,156.9,526.9,103.79999999999998,256.9,1,1,1.0
104,6,1221.0,513.3,206.70000000000005,234.70000000000005,1,1,1.0
104,7,550.7,248.5,369.5,132.0,1,1,1.0
104,8,345.4,654.0,207.70000000000005,222.39999999999998,1,1,1.0
104,9,582.5,401.4,295.79999999999995,232.80000000000007,1,1,1.0
104,10,1438.5,633.8,106.09999999999991,122.40000000000009,1,1,0.0
105,1,318.7,323.0,110.0,192.5,1,1,0.0
105,2,406.8,391.2,231.8,266.8,1,1,1.0
105,3,1014.9,261.6,294.0000000000001,252.5,1,1,1.0
105,4,246.3,525.9,146.89999999999998,309.1,1,1,1.0
105,5,155.15,526.9,105.54999999999998,256.9,1,1,1.0
105,6,1219.8,513.1,209.60000000000014,229.10000000000002,1,1,1.0
105,7,340.65,270.5,359.65,135.60000000000002,1,1,1.0
105,8,341.6,666.6,213.39999999999998,201.60000000000002,1,1,1.0
105,9,582.5,387.8,291.29999999999995,249.09999999999997,1,1,1.0
105,10,1435.0,635.0,109.20000000000005,125.20000000000005,1,1,0.0
106,1,333.7,316.7,99.40000000000003,164.90000000000003,1,1,0.0
106,2,428.7,380.7,168.50000000000006,317.90000000000003,1,1,1.0
106,3,1035.6,258.5,253.80000000000018,285.1,1,1,1.0
106,4,239.4,520.3,157.6,307.80000000000007,1,1,1.0
106,5,153.4,526.9,107.29999999999998,256.9,1,1,1.0
106,6,1225.0,502.7,202.0999999999999,239.50000000000006,1,1,1.0
106,7,337.8,256.6,352.7,158.0,1,1,1.0
106,8,347.3,676.0,207.7,192.20000000000005,1,1,1.0
106,9,582.5,403.2,296.70000000000005,231.00000000000006,1,1,1.0
106,10,1437.9,637.3,104.19999999999982,124.60000000000002,1,1,0.0
107,1,331.8,318.6,96.89999999999998,142.29999999999995,1,1,0.0
107,2,444.6,384.4,157.10000000000002,297.70000000000005,1,1,1.0
107,3,1087.1,228.4,204.80000000000018,315.20000000000005,1,1,1.0
107,4,244.3,521.0,150.59999999999997,315.4,1,1,1.0
107,5,149.2,526.9,111.5,256.9,1,1,1.0
107,6,1295.6,406.2,141.30000000000018,338.90000000000003,1,1,1.0
107,7,368.5,282.1,330.1,130.79999999999995,1,1,1.0
107,8,347.3,686.0,210.2,181.60000000000002,1,1,1.0
107,9,580.3,403.6,300.4000000000001,232.39999999999998,1,1,1.0
107,10,1440.2,639.6,102.79999999999995,123.5,1,1,0.0
108,1,331.8,327.4,96.89999999999998,143.5,1,1,0.0
108,2,458.9,387.4,148.80000000000007,340.70000000000005,1,1,1.0
108,3,1100.9,240.3,168.39999999999986,303.3,1,1,1.0
108,4,237.4,494.6,143.29999999999998,333.5,1,1,1.0
108,5,149.9,527.6,101.79999999999998,257.6,1,1,1.0
108,6,1271.9,415.9,201.5,328.0,1,1,1.0
108,7,344.8,261.2,356.09999999999997,152.10000000000002,1,1,1.0
108,8,334.7,692.9,223.40000000000003,174.70000000000005,1,1,1.0
108,9,582.5,384.2,287.70000000000005,253.59999999999997,1,1,1.0
108,10,1435.0,643.7,107.09999999999991,121.09999999999991,1,1,0.0
109,1,324.9,327.4,103.20000000000005,142.90000000000003,1,1,0.0
109,2,462.7,380.3,172.09999999999997,343.99999999999994,1,1,1.0
109,3,1092.7,242.8,156.5,298.90000000000003,1,1,1.0
109,4,200.5,512.0,198.89999999999998,298.0,1,1,1.0
109,5,158.2,526.9,89.30000000000001,278.4,1,1,1.0
109,6,1271.3,439.6,210.79999999999995,305.5,1,1,1.0
109,7,343.6,250.8,355.6,164.5,1,1,1.0
109,8,334.7,725.6,205.8,147.0,1,1,1.0
109,9,587.0,391.4,282.29999999999995,243.70000000000005,1,1,1.0
109,10,1444.8,636.8,98.60000000000014,128.0,1,1,0.0
110,1,324.9,327.4,99.40000000000003,137.90000000000003,1,1,0.0
110,2,527.5,529.1,269.29999999999995,237.60000000000002,1,1,1.0
110,3,1105.3,252.8,132.60000000000014,301.49999999999994,1,1,1.0
110,4,200.5,500.2,215.7,300.8,1,1,1.0
110,5,163.8,528.3,94.80000000000001,281.9000000000001,1,1,1.0
110,6,1294.4,430.3,192.29999999999995,315.99999999999994,1,1,1.0
110,7,341.9,260.1,357.30000000000007,156.89999999999998,1,1,1.0
110,8,305.8,724.3,203.89999999999998,164.60000000000002,1,1,1.0
110,9,614.1,400.4,252.5,247.39999999999998,1,1,1.0
110,10,1460.4,629.3,82.19999999999982,133.20000000000005,1,1,0.0
111,1,334.3,334.9,101.30000000000001,113.40000000000003,1,1,0.0
111,2,578.0,566.8,221.60000000000002,235.20000000000005,1,1,1.0
111,3,1105.3,249.0,145.10000000000014,305.29999999999995,1,1,1.0
111,4,233.8,528.0,180.7,284.1,1,1,1.0
111,5,151.3,532.5,114.19999999999999,270.79999999999995,1,1,1.0
111,6,1262.4,460.8,213.5,298.40000000000003,1,1,1.0
111,7,343.3,251.1,355.90000000000003,165.9,1,1,1.0
111,8,247.4,738.1,279.9,134.5,1,1,1.0
111,9,591.5,405.8,271.5,210.40000000000003,1,1,1.0
111,10,1455.2,622.9,87.79999999999995,138.39999999999998,1,1,0.0
112,1,334.3,324.9,108.80000000000001,112.70000000000005,1,1,0.0
112,2,580.3,574.3,217.30000000000007,228.5,1,1,1.0
112,3,1114.1,249.0,151.4000000000001,317.9,1,1,1.0
112,4,240.0,541.2,177.0,275.79999999999995,1,1,1.0
112,5,160.3,538.7,108.0,264.5999999999999,1,1,1.0
112,6,1266.7,465.6,209.5999999999999,287.1,1,1,1.0
112,7,335.7,251.1,363.50000000000006,165.9,1,1,1.0
112,8,286.3,699.2,240.99999999999994,177.79999999999995,1,1,1.0
112,9,591.5,408.5,275.1,214.0,1,1,1.0
112,10,1455.2,621.7,86.89999999999986,139.5999999999999,1,1,0.0
113,1,334.3,322.4,113.80000000000001,112.70000000000005,1,1,0.0
113,2,575.0,575.8,226.39999999999998,225.5,1,1,1.0
113,3,1117.3,256.5,209.10000000000014,308.5,1,1,1.0
113,4,247.6,537.0,164.29999999999998,280.0,1,1,1.0
113,5,161.0,539.2,105.55000000000001,263.69999999999993,1,1,1.0
113,6,1270.2,462.1,198.5999999999999,293.5,1,1,1.0
113,7,338.0,266.4,367.4,150.60000000000002,1,1,1.0
113,8,332.1,701.7,197.10000000000002,174.69999999999993,1,1,1.0
113,9,591.5,409.4,269.70000000000005,213.10000000000002,1,1,1.0
113,10,1448.3,624.6,94.29999999999995,133.19999999999993,1,1,0.0
114,1,330.53,322.4,122.57000000000005,107.70000000000005,1,1,0.0
114,2,559.2,580.4,242.19999999999993,211.89999999999998,1,1,1.0
114,3,1060.8,266.5,276.9000000000001,259.6,1,1,1.0
114,4,250.4,505.8,159.79999999999998,317.40000000000003,1,1,1.0
114,5,161.7,531.9,103.10000000000002,286.0,1,1,1.0
114,6,1244.7,489.9,205.5999999999999,274.4,1,1,1.0
114,7,368.7,283.2,334.40000000000003,133.8,1,1,1.0
114,8,333.4,682.9,184.5,192.20000000000005,1,1,1.0
114,9,589.7,412.1,261.5999999999999,214.0,1,1,1.0
114,10,1451.8,625.8,90.29999999999995,132.0,1,1,0.0
115,1,324.3,322.4,132.59999999999997,107.70000000000005,1,1,0.0
115,2,565.2,590.2,342.5,159.89999999999998,1,1,1.0
115,3,1056.4,247.7,289.39999999999986,271.50000000000006,1,1,1.0
115,4,260.1,514.8,149.59999999999997,308.4000000000001,1,1,1.0
115,5,164.5,534.5,101.69999999999999,284.1,1,1,1.0
115,6,1268.4,448.2,169.69999999999982,312.59999999999997,1,1,1.0
115,7,366.4,273.9,332.0,142.5,1,1,1.0
115,8,324.0,671.6,185.10000000000002,201.60000000000002,1,1,1.0
115,9,589.7,412.1,261.5999999999999,218.5,1,1,1.0
115,10,1450.6,622.9,91.60000000000014,134.89999999999998,1,1,0.0
116,1,324.3,318.6,136.39999999999998,104.0,1,1,0.0
116,2,755.1,437.99,298.80000000000007,181.01,1,1,1.0
116,3,1063.9,249.0,281.89999999999986,275.20000000000005,1,1,1.0
116,4,244.8,517.6,166.59999999999997,315.29999999999995,1,1,1.0
116,5,164.5,534.5,101.69999999999999,284.1,1,1,1.0
116,6,1278.8,428.5,147.70000000000005,317.29999999999995,1,1,1.0
116,7,343.8,256.0,354.59999999999997,161.0,1,1,1.0
116,8,301.4,665.9,207.70000000000005,207.30000000000007,1,1,1.0
116,9,587.9,412.1,263.4,218.5,1,1,1.0
116,10,1452.9,621.7,90.09999999999991,138.39999999999998,1,1,0.0
117,11,1523.73,514.42,21.680000000000064,35.10000000000002,1,1,0.0
117,1,332.5,318.6,123.80000000000001,104.0,1,1,0.0
117,2,920.1,510.3,329.69999999999993,154.7,1,1,1.0
117,3,1118.8,249.0,212.4000000000001,296.70000000000005,1,1,1.0
117,4,209.4,507.2,164.99999999999997,309.00000000000006,1,1,1.0
117,5,165.2,560.9,122.5,258.75,1,1,1.0
117,6,1278.8,414.0,142.5,348.0,1,1,1.0
117,7,343.2,247.9,350.00000000000006,165.6,1,1,1.0
117,8,333.4,663.4,171.3,206.70000000000005,1,1,1.0
117,9,587.9,412.1,261.6,218.5,1,1,1.0
117,10,1450.6,648.3,91.10000000000014,123.40000000000009,1,1,0.0
118,11,1528.3,498.45,19.180000000000064,103.15000000000003,1,1,0.0
118,1,333.1,310.4,110.59999999999997,116.60000000000002,1,1,0.0
118,2,1125.8,573.59,227.20000000000005,233.80999999999995,1,1,1.0
118,3,1104.2,251.2,230.5,280.59999999999997,1,1,1.0
118,4,210.8,491.9,217.09999999999997,211.80000000000007,1,1,1.0
118,5,165.9,587.3,133.6,233.4000000000001,1,1,1.0
118,6,1278.8,441.2,143.10000000000014,323.7,1,1,1.0
118,7,336.8,257.7,353.49999999999994,157.5,1,1,1.0
118,8,335.3,663.4,168.8,208.0,1,1,1.0
118,9,587.0,380.5,262.5,253.70000000000005,1,1,1.0
118,10,1501.5,625.2,42.40000000000009,121.0,1,1,0.0
119,11,1531.0,498.45,16.480000000000018,103.15000000000003,1,1,0.0
119,1,335.0,305.4,108.10000000000002,113.40000000000003,1,1,0.0
119,2,1144.6,543.5,206.10000000000014,309.9,1,1,1.0
119,3,1080.6,235.1,268.0,274.5,1,1,1.0
119,4,224.7,513.4,232.40000000000003,171.60000000000002,1,1,1.0
119,5,163.1,534.5,132.29999999999998,280.6,1,1,1.0
119,6,1278.8,459.7,141.9000000000001,300.00000000000006,1,1,1.0
119,7,336.8,262.9,353.49999999999994,154.5,1,1,1.0
119,8,335.3,663.4,168.2,209.30000000000007,1,1,1.0
119,9,588.8,380.5,260.70000000000005,252.79999999999995,1,1,1.0
119,10,1422.2,655.3,118.70000000000005,126.20000000000005,1,1,0.0
120,11,1527.47,574.78,16.49000000000001,25.82000000000005,1,1,0.0
120,1,331.2,307.9,113.19999999999999,114.0,1,1,0.0
120,2,1152.1,543.5,187.30000000000018,329.6,1,1,1.0
120,3,1090.3,232.3,259.0,269.0,1,1,1.0
120,4,222.6,515.5,238.70000000000002,157.70000000000005,1,1,1.0
120,5,163.1,534.5,132.29999999999998,277.79999999999995,1,1,1.0
120,6,1278.8,463.2,152.29999999999995,293.00000000000006,1,1,1.0
120,7,340.3,264.1,349.99999999999994,155.09999999999997,1,1,1.0
120,8,334.7,677.2,177.59999999999997,199.89999999999998,1,1,1.0
120,9,587.9,398.6,261.6,239.19999999999993,1,1,1.0
120,10,1433.8,648.4,107.90000000000009,137.70000000000005,1,1,0.0
