1,1,1038.06,226.8,230.62000000000012,230.61,1,1,1.0
1,2,386.9,318.0,227.60000000000002,208.10000000000002,1,1,0.0
1,3,834.38,288.69,286.88,156.82,1,1,1.0
1,4,552.4,386.16,188.08000000000004,347.44,1,1,1.0
1,5,324.8,518.84,234.7,193.36,1,1,1.0
1,6,1401.25,445.7,253.77999999999997,213.63000000000005,1,1,1.0
1,7,1770.45,742.78,12.909999999999854,11.800000000000068,1,1,0.0
1,8,1279.09,277.91,137.06000000000017,316.09,1,1,1.0
1,9,768.56,477.65,282.6300000000001,170.0,1,1,1.0
1,10,363.75,693.87,327.78,138.65999999999997,1,1,1.0
2,1,959.26,222.1,308.1400000000001,178.20000000000002,1,1,1.0
2,2,394.4,314.7,180.10000000000002,226.00000000000006,1,1,0.0
2,3,834.38,291.2,286.88,154.31,1,1,1.0
2,4,544.7,365.1,195.77999999999997,368.5,1,1,1.0
2,5,323.7,520.04,232.8,191.24,1,1,1.0
2,6,1454.81,485.99,248.8900000000001,213.62,1,1,1.0
2,7,1771.2,744.46,12.879999999999882,11.43999999999994,1,1,0.0
2,8,1279.09,272.7,134.91000000000008,326.50000000000006,1,1,1.0
2,9,788.1,502.4,263.09000000000003,145.25,1,1,1.0
2,10,370.8,697.9,323.3,134.63,1,1,1.0
3,1,731.27,247.16,340.93000000000006,109.84,1,1,1.0
3,2,397.6,320.6,194.39999999999998,228.10000000000002,1,1,0.0
3,3,812.6,312.6,363.9,156.29999999999995,1,1,1.0
3,4,544.7,365.1,195.77999999999997,365.9,1,1,1.0
3,5,313.7,516.5,240.09999999999997,194.77999999999997,1,1,1.0
3,6,1472.08,510.78,260.4200000000001,214.01999999999998,1,1,1.0
3,7,1773.9,744.58,9.209999999999809,10.120000000000005,1,1,0.0
3,8,1270.2,298.9,158.0999999999999,302.9,1,1,1.0
3,9,793.3,498.8,257.8900000000001,148.84999999999997,1,1,1.0
3,10,406.6,694.2,287.5,138.32999999999993,1,1,1.0
4,1,640.96,258.2,310.8399999999999,180.64,1,1,1.0
4,2,432.3,337.9,152.2,226.89999999999998,1,1,0.0
4,3,907.16,331.19,286.34000000000003,240.81,1,1,1.0
4,4,544.7,412.3,195.77999999999997,318.7,1,1,1.0
4,5,313.7,511.6,237.3,199.67999999999995,1,1,1.0
4,6,1471.6,499.3,229.0,231.3,1,1,1.0
4,7,1765.28,756.8,16.62000000000012,14.020000000000095,1,1,0.0
4,8,1272.8,274.2,135.9000000000001,337.90000000000003,1,1,1.0
4,9,788.1,497.2,263.09000000000003,150.45,1,1,1.0
4,10,376.3,694.2,319.59999999999997,138.29999999999995,1,1,1.0
5,1,617.94,246.7,277.65999999999997,204.10000000000002,1,1,1.0
5,2,460.4,350.2,121.30000000000007,143.7,1,1,0.0
5,3,948.07,358.82,247.02999999999986,310.88000000000005,1,1,1.0
5,4,548.5,443.5,191.98000000000002,285.0,1,1,1.0
5,5,311.1,508.0,243.19999999999993,203.27999999999997,1,1,1.0
5,6,1411.83,403.7,209.07000000000016,297.24000000000007,1,1,1.0
5,7,1762.4,756.8,19.5,13.300000000000068,1,1,0.0
5,8,1272.8,282.7,135.9000000000001,337.09999999999997,1,1,1.0
5,9,773.3,488.7,277.8900000000001,145.3,1,1,1.0
5,10,358.6,694.2,348.0,138.29999999999995,1,1,1.0
6,1,604.1,239.6,276.0,212.50000000000003,1,1,1.0
6,2,319.8,410.8,243.3,82.89999999999998,1,1,0.0
6,3,997.5,403.44,159.3499999999999,370.35999999999996,1,1,1.0
6,4,544.0,404.0,196.48000000000002,330.9,1,1,1.0
6,5,312.2,511.6,238.8,201.5,1,1,1.0
6,6,1328.16,487.37,339.24,234.83000000000004,1,1,1.0
6,7,1762.7,681.5,23.59999999999991,27.700000000000045,1,1,0.0
6,8,1269.4,299.9,147.39999999999986,312.9,1,1,1.0
6,9,764.4,488.7,275.0000000000001,151.00000000000006,1,1,1.0
6,10,368.9,694.2,337.70000000000005,138.29999999999995,1,1,1.0
7,1,622.4,230.7,260.4,221.40000000000003,1,1,1.0
7,2,333.0,410.8,235.20000000000005,85.09999999999997,1,1,0.0
7,3,961.4,483.1,186.39999999999998,355.5,1,1,1.0
7,4,544.0,385.9,196.48000000000002,349.0,1,1,1.0
7,5,310.0,511.6,241.5,201.5,1,1,1.0
7,6,1301.16,486.0,290.9399999999998,179.52999999999997,1,1,1.0
7,7,1676.0,588.2,110.29999999999995,121.0,1,1,0.0
7,8,1263.8,272.0,151.60000000000014,304.9,1,1,1.0
7,9,758.5,488.7,280.9000000000001,155.59999999999997,1,1,1.0
7,10,388.8,705.6,317.8,126.89999999999998,1,1,1.0
8,1,622.4,239.1,258.6,213.00000000000003,1,1,1.0
8,2,390.8,405.8,177.40000000000003,95.09999999999997,1,1,0.0
8,3,925.8,539.4,212.4000000000001,289.1,1,1,1.0
8,4,544.0,379.0,196.48000000000002,351.70000000000005,1,1,1.0
8,5,310.0,511.6,238.79999999999995,198.19999999999993,1,1,1.0
8,6,1279.9,505.5,339.79999999999995,144.10000000000002,1,1,1.0
8,7,1689.3,561.6,97.0,147.60000000000002,1,1,0.0
8,8,1099.02,276.43,290.98,228.87,1,1,1.0
8,9,758.5,488.7,295.29999999999995,167.8,1,1,1.0
8,10,390.3,716.7,327.7,115.79999999999995,1,1,1.0
9,1,562.19,305.5,251.1099999999999,123.13999999999999,1,1,1.0
9,2,400.3,418.5,159.59999999999997,85.89999999999998,1,1,0.0
9,3,880.6,604.2,277.30000000000007,245.0,1,1,1.0
9,4,546.7,437.4,193.77999999999997,289.6,1,1,1.0
9,5,310.0,511.6,238.79999999999995,198.19999999999993,1,1,1.0
9,6,1290.5,505.5,338.4000000000001,144.10000000000002,1,1,1.0
9,7,1635.81,434.32,150.8900000000001,250.88000000000005,1,1,1.0
9,8,879.15,281.96,317.05000000000007,146.44,1,1,1.0
9,9,758.5,484.6,321.20000000000005,156.5,1,1,1.0
9,10,423.1,716.7,296.4,124.39999999999998,1,1,1.0
10,1,562.6,291.3,191.79999999999995,128.89999999999998,1,1,1.0
10,2,400.3,431.1,158.3,47.599999999999966,1,1,0.0
10,3,838.6,669.0,321.4,200.39999999999998,1,1,1.0
10,4,546.7,387.5,193.77999999999997,341.6,1,1,1.0
10,5,323.3,511.6,225.49999999999994,205.60000000000002,1,1,1.0
10,6,1299.4,492.7,310.0,156.90000000000003,1,1,1.0
10,7,1531.03,393.37,255.67000000000007,260.13,1,1,1.0
10,8,817.54,301.5,351.3600000000001,169.8,1,1,1.0
10,9,755.06,485.09,356.53999999999996,193.61000000000007,1,1,1.0
10,10,384.4,716.7,327.4,115.79999999999995,1,1,1.0
11,1,554.7,284.7,193.89999999999998,135.5,1,1,1.0
11,2,400.3,419.8,203.2,58.89999999999998,1,1,0.0
11,3,828.5,683.3,348.0,179.20000000000005,1,1,1.0
11,4,606.0,428.9,149.39999999999998,291.20000000000005,1,1,1.0
11,5,355.8,504.2,192.99999999999994,233.7,1,1,1.0
11,6,1315.8,480.7,287.79999999999995,168.90000000000003,1,1,1.0
11,7,1342.15,365.33,347.54999999999995,133.57,1,1,1.0
11,8,812.0,300.0,366.5,167.0,1,1,1.0
11,9,765.2,481.7,349.0999999999999,220.3,1,1,1.0
11,10,317.3,716.7,321.09999999999997,115.79999999999995,1,1,1.0
12,1,543.0,284.7,205.60000000000002,135.5,1,1,1.0
12,2,326.1,411.5,290.6,129.39999999999998,1,1,0.0
12,3,825.3,679.6,344.29999999999995,156.29999999999995,1,1,1.0
12,4,609.2,391.2,199.89999999999998,245.50000000000006,1,1,1.0
12,5,381.6,489.1,167.19999999999993,236.29999999999995,1,1,1.0
12,6,1303.4,482.9,301.0,161.80000000000007,1,1,1.0
12,7,1223.35,336.56,337.95000000000005,133.56,1,1,1.0
12,8,819.4,301.1,368.0000000000001,130.59999999999997,1,1,1.0
12,9,768.81,492.54,346.49,164.16000000000003,1,1,1.0
12,10,343.5,716.7,298.79999999999995,132.39999999999998,1,1,1.0
13,1,544.1,281.47,198.29999999999995,137.32999999999998,1,1,1.0
13,2,339.73,404.7,269.27,132.71999999999997,1,1,0.0
13,3,826.9,679.6,342.69999999999993,153.10000000000002,1,1,1.0
13,4,613.6,390.7,200.29999999999995,234.3,1,1,1.0
13,5,436.94,481.35,145.06,269.15,1,1,1.0
13,6,1303.4,499.4,304.5999999999999,145.30000000000007,1,1,1.0
13,7,1233.7,344.7,297.70000000000005,125.42000000000002,1,1,1.0
13,8,824.6,301.1,359.80000000000007,130.59999999999997,1,1,1.0
13,9,780.12,511.51,337.2800000000001,162.99,1,1,1.0
13,10,318.8,716.7,319.59999999999997,125.79999999999995,1,1,1.0
14,1,533.0,274.8,197.0,130.8,1,1,1.0
14,2,374.2,436.7,223.40000000000003,66.0,1,1,0.0
14,3,830.6,672.2,344.9999999999999,148.29999999999995,1,1,1.0
14,4,613.6,396.0,205.29999999999995,231.70000000000005,1,1,1.0
14,5,513.67,541.49,185.23000000000002,300.11,1,1,1.0
14,6,1280.3,507.3,334.70000000000005,140.49999999999994,1,1,1.0
14,7,1173.93,328.5,297.70000000000005,141.62,1,1,1.0
14,8,862.2,297.7,315.89999999999986,134.0,1,1,1.0
14,9,804.35,514.81,341.2499999999999,175.8900000000001,1,1,1.0
14,10,318.8,716.7,288.90000000000003,134.69999999999993,1,1,1.0
15,1,536.9,270.5,181.10000000000002,139.0,1,1,1.0
15,2,369.2,436.7,232.7,60.19999999999999,1,1,0.0
15,3,824.2,670.1,350.70000000000005,148.29999999999995,1,1,1.0
15,4,613.6,397.4,198.79999999999995,230.30000000000007,1,1,1.0
15,5,585.3,603.1,143.60000000000002,287.29999999999995,1,1,1.0
15,6,1229.0,479.79,304.70000000000005,149.00999999999993,1,1,1.0
15,7,1146.6,328.5,321.0,141.62,1,1,1.0
15,8,823.5,297.8,354.5999999999999,133.89999999999998,1,1,1.0
15,9,813.9,500.5,313.6,190.70000000000005,1,1,1.0
15,10,321.55,718.1,287.3,133.29999999999995,1,1,1.0
16,1,544.1,276.3,164.60000000000002,137.3,1,1,0.0
16,2,381.0,436.7,226.79999999999995,64.19999999999999,1,1,0.0
16,3,824.2,670.1,350.70000000000005,148.29999999999995,1,1,1.0
16,4,622.1,402.4,192.29999999999995,228.5,1,1,1.0
16,5,575.8,638.1,153.10000000000002,280.69999999999993,1,1,1.0
16,6,1229.0,457.7,301.20000000000005,181.3,1,1,1.0
16,7,1142.91,338.8,325.79999999999995,141.7,1,1,1.0
16,8,847.1,297.8,327.9999999999999,133.89999999999998,1,1,1.0
16,9,804.3,499.6,325.20000000000005,189.19999999999993,1,1,1.0
16,10,324.3,712.6,285.7,138.79999999999995,1,1,1.0
17,1,531.7,268.3,171.69999999999993,150.2,1,1,0.0
17,2,391.16,437.51,194.99999999999994,63.900000000000034,1,1,0.0
17,3,833.8,667.4,342.70000000000005,151.0,1,1,1.0
17,4,623.7,393.4,177.89999999999998,241.20000000000005,1,1,1.0
17,5,520.6,665.1,216.69999999999993,258.4,1,1,1.0
17,6,1217.94,429.81,291.8599999999999,200.58999999999997,1,1,1.0
17,7,1142.91,338.8,331.28999999999996,141.7,1,1,1.0
17,8,803.9,297.8,379.30000000000007,133.89999999999998,1,1,1.0
17,9,800.71,503.22,334.8899999999999,183.77999999999997,1,1,1.0
17,10,342.7,681.6,273.90000000000003,157.60000000000002,1,1,1.0
18,1,539.6,257.7,178.0,153.90000000000003,1,1,0.0
18,2,379.2,441.6,212.50000000000006,67.29999999999995,1,1,0.0
18,3,848.1,667.4,327.30000000000007,151.0,1,1,1.0
18,4,625.3,379.1,172.10000000000002,255.5,1,1,1.0
18,5,424.6,777.5,258.19999999999993,156.29999999999995,1,1,1.0
18,6,1213.2,394.4,283.79999999999995,218.0,1,1,1.0
18,7,1136.6,338.8,337.60000000000014,141.7,1,1,1.0
18,8,791.7,301.5,389.70000000000005,130.2,1,1,1.0
18,9,794.63,507.1,335.69999999999993,171.89999999999998,1,1,1.0
18,10,362.62,507.47,151.38,306.23,1,1,1.0
19,1,498.4,245.7,186.39999999999998,252.90000000000003,1,1,1.0
19,2,375.6,445.1,227.79999999999995,80.69999999999993,1,1,0.0
19,3,808.3,671.1,363.4000000000001,147.29999999999995,1,1,1.0
19,4,625.3,385.5,158.80000000000007,249.10000000000002,1,1,1.0
19,5,400.3,797.9,257.3,130.10000000000002,1,1,1.0
19,6,1212.8,410.3,291.70000000000005,194.99999999999994,1,1,1.0
19,7,1136.6,338.8,337.60000000000014,141.7,1,1,1.0
19,8,720.0,322.5,331.5,160.11,1,1,1.0
19,9,805.33,507.1,333.87,162.79999999999995,1,1,1.0
19,10,351.6,495.3,162.39999999999998,305.49999999999994,1,1,1.0
20,1,512.8,268.57,144.73000000000002,301.28000000000003,1,1,1.0
20,2,391.5,445.1,131.29999999999995,80.0,1,1,0.0
20,3,790.8,668.2,380.9000000000001,150.19999999999993,1,1,1.0
20,4,631.14,396.67,144.5,242.7,1,1,1.0
20,5,375.5,810.3,282.1,114.60000000000002,1,1,1.0
20,6,1210.2,403.2,294.29999999999995,202.09999999999997,1,1,1.0
20,7,1132.5,338.8,345.20000000000005,141.7,1,1,1.0
20,8,701.6,305.9,316.29999999999995,165.3,1,1,1.0
20,9,805.85,509.3,388.15,160.59999999999997,1,1,1.0
20,10,328.7,492.0,192.3,308.79999999999995,1,1,1.0
21,1,506.3,398.9,132.49999999999994,215.76999999999998,1,1,1.0
21,2,395.5,444.1,127.64999999999998,80.25,1,1,0.0
21,3,768.0,669.7,406.20000000000005,148.69999999999993,1,1,1.0
21,4,631.14,396.67,147.96000000000004,245.32999999999998,1,1,1.0
21,5,334.3,799.7,289.7,125.19999999999993,1,1,1.0
21,6,1207.6,421.4,296.9000000000001,183.89999999999998,1,1,1.0
21,7,1132.5,338.8,347.20000000000005,141.7,1,1,1.0
21,8,701.3,299.6,314.4000000000001,171.59999999999997,1,1,1.0
21,9,808.43,509.82,348.57000000000005,154.97999999999996,1,1,1.0
21,10,325.0,517.8,199.89999999999998,273.0,1,1,1.0
22,1,531.2,345.2,114.69999999999993,330.59999999999997,1,1,1.0
22,2,391.5,445.1,142.20000000000005,78.5,1,1,0.0
22,3,761.1,671.1,413.80000000000007,147.29999999999995,1,1,1.0
22,4,640.2,395.4,139.29999999999995,246.60000000000002,1,1,1.0
22,5,315.71,788.63,295.39000000000004,144.66999999999996,1,1,1.0
22,6,1208.5,410.8,301.5999999999999,194.49999999999994,1,1,1.0
22,7,1152.8,338.8,326.9000000000001,141.7,1,1,1.0
22,8,686.5,293.0,325.1,138.7,1,1,1.0
22,9,817.27,506.2,331.73,153.7,1,1,1.0
22,10,351.9,511.9,170.39999999999998,278.9,1,1,1.0
23,1,523.0,450.12,140.60000000000002,328.88,1,1,1.0
23,2,372.01,448.21,156.69000000000005,77.89000000000004,1,1,0.0
23,3,823.3,674.8,348.9000000000001,203.10000000000002,1,1,1.0
23,4,640.2,398.8,138.5,243.2,1,1,1.0
23,5,305.1,782.9,306.5,148.20000000000005,1,1,1.0
23,6,1210.2,392.3,297.79999999999995,212.99999999999994,1,1,1.0
23,7,1152.8,338.8,333.20000000000005,141.7,1,1,1.0
23,8,691.7,293.0,325.79999999999995,138.7,1,1,1.0
23,9,823.58,492.0,347.62,188.79999999999995,1,1,1.0
23,10,348.9,515.2,166.89999999999998,277.0999999999999,1,1,1.0
24,1,522.35,617.46,246.14999999999998,200.53999999999996,1,1,1.0
24,2,391.5,443.3,187.0,104.30000000000001,1,1,0.0
24,3,864.2,676.9,302.70000000000005,243.5,1,1,1.0
24,4,640.2,397.9,135.43999999999994,247.80000000000007,1,1,1.0
24,5,294.0,782.9,317.6,134.0,1,1,1.0
24,6,1208.9,367.0,299.0999999999999,238.29999999999995,1,1,1.0
24,7,1158.4,308.2,327.5999999999999,163.0,1,1,1.0
24,8,645.58,288.2,315.12,123.90000000000003,1,1,1.0
24,9,820.48,506.78,338.52,149.01999999999998,1,1,1.0
24,10,328.8,499.7,201.3,292.59999999999997,1,1,1.0
25,1,643.2,480.2,235.5,304.59999999999997,1,1,1.0
25,2,391.5,440.3,190.5,73.59999999999997,1,1,0.0
25,3,872.2,668.4,293.0999999999999,286.5,1,1,1.0
25,4,640.2,398.8,132.89999999999998,247.99999999999994,1,1,1.0
25,5,303.7,777.1,303.00000000000006,139.79999999999995,1,1,1.0
25,6,1213.5,367.0,294.5,238.29999999999995,1,1,1.0
25,7,1152.8,308.2,333.20000000000005,163.0,1,1,1.0
25,8,586.9,291.9,286.4,109.90000000000003,1,1,1.0
25,9,833.05,506.26,333.1500000000001,151.14,1,1,1.0
25,10,326.0,511.2,200.89999999999998,281.09999999999997,1,1,1.0
26,1,761.85,382.8,180.25,301.06,1,1,1.0
26,2,399.5,443.3,185.39999999999998,103.40000000000003,1,1,0.0
26,3,873.2,674.2,310.70000000000005,186.0999999999999,1,1,1.0
26,4,639.3,398.8,133.10000000000002,249.99999999999994,1,1,1.0
26,5,294.4,770.0,308.30000000000007,138.89999999999998,1,1,1.0
26,6,1208.8,421.6,299.20000000000005,183.69999999999993,1,1,1.0
26,7,1152.8,306.4,333.20000000000005,164.8,1,1,1.0
26,8,557.08,294.03,192.62,105.97000000000003,1,1,1.0
26,9,880.87,431.5,284.92999999999995,223.29999999999995,1,1,1.0
26,10,340.4,476.5,186.5,315.79999999999995,1,1,1.0
27,1,763.62,281.9,306.9799999999999,192.12,1,1,1.0
27,2,356.5,430.1,256.70000000000005,94.5,1,1,0.0
27,3,833.2,682.4,327.0999999999999,182.39999999999998,1,1,1.0
27,4,640.2,393.5,124.29999999999995,255.29999999999995,1,1,1.0
27,5,291.4,768.0,311.08000000000004,140.24,1,1,1.0
27,6,1205.9,432.5,305.5999999999999,175.39999999999998,1,1,1.0
27,7,1156.9,299.8,329.0999999999999,171.39999999999998,1,1,1.0
27,8,550.63,297.04,170.66999999999996,106.56,1,1,0.0
27,9,846.6,455.5,330.30000000000007,209.79999999999995,1,1,1.0
27,10,336.2,464.3,190.7,327.99999999999994,1,1,1.0
28,1,793.28,295.0,289.52,153.33999999999997,1,1,1.0
28,2,395.2,430.1,228.50000000000006,89.0,1,1,0.0
28,3,646.2,785.75,289.5999999999999,115.95000000000005,1,1,1.0
28,4,640.2,382.9,137.0,265.9,1,1,1.0
28,5,298.36,766.0,303.9,141.57000000000005,1,1,1.0
28,6,1193.06,456.89,322.03999999999996,147.71000000000004,1,1,1.0
28,7,1156.9,306.8,329.0999999999999,169.09999999999997,1,1,1.0
28,8,551.49,297.9,172.40999999999997,106.90000000000003,1,1,0.0
28,9,843.23,459.08,288.1700000000001,227.62000000000006,1,1,1.0
28,10,337.1,466.9,185.69999999999993,315.1,1,1,1.0
29,1,796.8,297.4,286.0,150.94,1,1,1.0
29,2,392.7,430.1,231.00000000000006,93.79999999999995,1,1,0.0
29,3,610.3,778.3,308.5,119.70000000000005,1,1,1.0
29,4,619.0,368.3,206.5,279.99999999999994,1,1,1.0
29,5,302.7,766.5,299.56,141.07000000000005,1,1,1.0
29,6,1182.35,458.09,331.85000000000014,146.51000000000005,1,1,1.0
29,7,1144.0,335.2,342.0,136.0,1,1,1.0
29,8,557.08,300.05,165.51999999999998,105.25,1,1,0.0
29,9,848.1,456.3,281.19999999999993,235.99999999999994,1,1,1.0
29,10,347.4,465.4,161.8,301.80000000000007,1,1,1.0
30,1,792.8,297.4,292.10000000000014,156.0,1,1,1.0
30,2,392.7,430.5,228.59999999999997,94.60000000000002,1,1,0.0
30,3,601.8,705.0,279.6,215.89999999999998,1,1,1.0
30,4,627.0,355.3,203.29999999999995,282.40000000000003,1,1,1.0
30,5,294.8,766.5,307.46,141.07000000000005,1,1,1.0
30,6,1165.1,456.8,350.4000000000001,141.3,1,1,1.0
30,7,1144.0,335.2,342.0,136.0,1,1,1.0
30,8,551.49,298.76,171.11,107.34000000000003,1,1,0.0
30,9,848.1,456.3,281.19999999999993,255.90000000000003,1,1,1.0
30,10,342.2,465.4,167.0,298.5,1,1,1.0
31,1,790.1,289.9,296.30000000000007,158.44,1,1,1.0
31,2,402.0,433.9,216.79999999999995,93.5,1,1,0.0
31,3,608.7,719.9,209.69999999999993,221.60000000000002,1,1,1.0
31,4,571.2,370.7,259.0999999999999,275.00000000000006,1,1,1.0
31,5,287.3,766.5,314.96,141.07000000000005,1,1,1.0
31,6,1173.53,456.8,340.27,142.59999999999997,1,1,1.0
31,7,1144.0,335.2,342.0,133.90000000000003,1,1,1.0
31,8,549.3,300.48,217.10000000000002,113.82,1,1,0.0
31,9,848.5,453.7,280.79999999999995,258.50000000000006,1,1,1.0
31,10,323.0,485.0,186.2,278.9,1,1,1.0
32,1,789.5,292.59,292.70000000000005,161.11,1,1,1.0
32,2,394.4,435.9,220.10000000000002,91.80000000000007,1,1,0.0
32,3,595.0,736.5,216.79999999999995,200.89999999999998,1,1,1.0
32,4,565.9,370.21,268.65,280.79,1,1,1.0
32,5,287.3,766.5,318.09999999999997,145.89999999999998,1,1,1.0
32,6,1192.12,458.09,323.3800000000001,145.11000000000007,1,1,1.0
32,7,1130.3,315.3,355.70000000000005,155.89999999999998,1,1,1.0
32,8,561.81,292.3,252.8900000000001,92.09999999999997,1,1,1.0
32,9,849.53,450.09,278.77,225.61000000000007,1,1,1.0
32,10,311.9,485.0,197.3,278.9,1,1,1.0
33,1,791.9,292.6,292.4,155.73999999999995,1,1,1.0
33,2,398.61,440.98,195.28999999999996,90.12,1,1,0.0
33,3,597.69,735.61,218.19999999999993,201.60000000000002,1,1,1.0
33,4,559.0,372.3,275.54999999999995,278.7,1,1,1.0
33,5,314.3,755.0,291.09999999999997,157.39999999999998,1,1,1.0
33,6,1195.55,458.09,323.45000000000005,144.31,1,1,1.0
33,7,1084.55,295.01,319.85000000000014,173.09000000000003,1,1,1.0
33,8,561.81,302.2,243.99,82.19999999999999,1,1,1.0
33,9,850.0,450.0,272.4000000000001,225.20000000000005,1,1,1.0
33,10,352.1,483.7,157.09999999999997,289.8,1,1,1.0
34,1,788.4,297.9,300.6,158.5,1,1,1.0
34,2,405.2,439.5,184.09999999999997,88.5,1,1,0.0
34,3,596.2,736.5,230.0,189.79999999999995,1,1,1.0
34,4,594.1,373.9,240.44999999999993,265.4,1,1,1.0
34,5,308.1,766.5,299.1,150.79999999999995,1,1,1.0
34,6,1155.0,456.8,360.0999999999999,145.09999999999997,1,1,1.0
34,7,1098.62,295.01,283.2800000000002,171.39,1,1,1.0
34,8,552.2,302.2,258.0,112.80000000000001,1,1,1.0
34,9,850.0,451.55,290.20000000000005,215.45,1,1,1.0
34,10,367.6,493.1,141.59999999999997,300.69999999999993,1,1,1.0
35,1,788.4,291.7,302.4,161.10000000000002,1,1,1.0
35,2,384.3,431.1,210.8,99.10000000000002,1,1,0.0
35,3,596.5,726.71,225.89999999999998,199.28999999999996,1,1,1.0
35,4,571.8,369.1,262.75,270.19999999999993,1,1,1.0
35,5,328.0,706.0,279.20000000000005,211.29999999999995,1,1,1.0
35,6,1151.44,463.35,375.05999999999995,151.25,1,1,1.0
35,7,1101.2,279.9,284.89999999999986,190.90000000000003,1,1,1.0
35,8,552.2,302.2,258.0,103.60000000000002,1,1,1.0
35,9,850.0,452.58,288.9000000000001,212.42000000000002,1,1,1.0
35,10,413.71,462.8,163.79000000000002,256.59999999999997,1,1,1.0
36,1,788.4,291.7,302.4,164.7,1,1,1.0
36,2,379.8,440.7,143.90000000000003,74.80000000000001,1,1,0.0
36,3,603.59,731.2,222.70999999999992,193.89999999999998,1,1,1.0
36,4,558.0,364.3,276.54999999999995,283.49999999999994,1,1,1.0
36,5,324.0,719.1,283.20000000000005,198.19999999999993,1,1,1.0
36,6,1173.95,460.34,349.54999999999995,152.10000000000008,1,1,1.0
36,7,1099.4,262.2,288.89999999999986,209.0,1,1,1.0
36,8,552.2,302.2,256.19999999999993,78.10000000000002,1,1,1.0
36,9,851.03,453.7,291.6700000000001,212.8,1,1,1.0
36,10,442.49,409.3,202.90999999999997,277.87999999999994,1,1,1.0
37,1,801.7,297.5,287.20000000000005,155.3,1,1,1.0
37,2,339.5,435.9,180.89999999999998,110.0,1,1,0.0
37,3,604.19,729.71,225.80999999999995,198.28999999999996,1,1,1.0
37,4,566.0,353.1,268.54999999999995,296.4,1,1,1.0
37,5,327.1,719.1,280.1,198.19999999999993,1,1,1.0
37,6,1176.19,464.69,348.5999999999999,154.8,1,1,1.0
37,7,1100.66,270.99,293.9399999999998,198.40999999999997,1,1,1.0
37,8,552.2,302.2,260.5999999999999,103.19999999999999,1,1,1.0
37,9,850.0,453.7,296.29999999999995,212.8,1,1,1.0
37,10,455.0,394.5,192.60000000000002,296.70000000000005,1,1,1.0
38,1,801.9,299.74,284.15999999999997,150.36,1,1,1.0
38,2,309.37,439.7,215.13,149.24000000000007,1,1,1.0
38,3,588.7,736.7,239.0,189.5999999999999,1,1,1.0
38,4,556.97,316.44,233.52999999999997,301.06,1,1,1.0
38,5,320.9,719.1,286.30000000000007,194.60000000000002,1,1,1.0
38,6,1210.34,462.54,308.8000000000002,154.8,1,1,1.0
38,7,1083.25,282.15,309.95000000000005,192.95000000000005,1,1,1.0
38,8,563.5,302.2,249.29999999999995,99.90000000000003,1,1,0.0
38,9,850.0,453.7,296.29999999999995,212.8,1,1,1.0
38,10,468.6,378.08,179.5,312.59999999999997,1,1,1.0
39,1,789.6,299.89,297.19999999999993,149.81,1,1,1.0
39,2,288.5,443.3,231.79999999999995,147.49999999999994,1,1,1.0
39,3,564.49,743.2,266.71000000000004,170.79999999999995,1,1,1.0
39,4,552.7,306.4,248.39999999999998,259.5,1,1,1.0
39,5,320.9,743.9,286.30000000000007,166.80000000000007,1,1,1.0
39,6,1188.1,463.4,328.5,149.80000000000007,1,1,1.0
39,7,1083.68,286.01,313.41999999999985,191.29000000000002,1,1,1.0
39,8,568.9,300.71,241.5,100.49000000000001,1,1,0.0
39,9,850.0,453.7,279.29999999999995,221.7,1,1,1.0
39,10,481.43,376.0,167.77000000000004,314.16999999999996,1,1,1.0
40,1,788.7,301.98,296.6099999999999,149.82,1,1,1.0
40,2,288.5,427.8,241.60000000000002,162.99999999999994,1,1,1.0
40,3,524.7,703.8,309.69999999999993,200.0,1,1,1.0
40,4,586.7,296.8,214.39999999999998,252.7,1,1,1.0
40,5,327.5,710.7,267.29999999999995,200.0,1,1,1.0
40,6,1184.23,458.67,331.3699999999999,149.82999999999998,1,1,1.0
40,7,1079.91,288.16,328.8899999999999,187.33999999999997,1,1,1.0
40,8,572.8,306.2,56.700000000000045,80.90000000000003,1,1,0.0
40,9,851.8,447.4,277.5,228.0,1,1,1.0
40,10,489.3,360.2,158.31,335.40000000000003,1,1,1.0
41,1,786.8,301.1,311.10000000000014,150.39999999999998,1,1,1.0
41,2,282.7,438.6,240.8,156.5,1,1,1.0
41,3,497.8,663.9,321.8,190.5,1,1,1.0
41,4,546.33,281.39,257.4699999999999,248.40999999999997,1,1,1.0
41,5,300.05,665.1,227.45,239.79999999999995,1,1,1.0
41,6,1172.99,456.74,342.21000000000004,149.15999999999997,1,1,1.0
41,7,1080.15,287.3,331.4499999999998,177.3,1,1,1.0
41,8,544.49,296.5,31.50999999999999,37.89999999999998,1,1,0.0
41,9,855.1,447.4,285.9999999999999,221.0,1,1,1.0
41,10,513.6,325.5,146.60000000000002,358.70000000000005,1,1,1.0
42,1,785.3,302.59,312.59000000000015,147.71000000000004,1,1,1.0
42,2,282.7,438.6,240.8,156.5,1,1,1.0
42,3,469.4,671.6,328.80000000000007,178.39999999999998,1,1,1.0
42,4,559.6,277.1,244.19999999999993,255.39999999999998,1,1,1.0
42,5,323.1,628.4,200.79999999999995,269.4,1,1,1.0
42,6,1170.41,453.17,340.1899999999998,148.22999999999996,1,1,1.0
42,7,1083.23,293.2,333.27,166.60000000000002,1,1,1.0
42,8,569.7,311.8,23.809999999999945,22.69999999999999,1,1,0.0
42,9,855.1,447.4,285.9999999999999,221.0,1,1,1.0
42,10,513.6,315.5,146.60000000000002,349.1,1,1,1.0
43,1,791.6,298.71,297.6,150.69,1,1,1.0
43,2,282.7,438.6,240.8,158.69999999999993,1,1,1.0
43,3,469.4,671.6,322.9,183.89999999999998,1,1,1.0
43,4,592.0,282.4,207.0,256.5,1,1,1.0
43,5,304.5,638.1,212.79999999999995,254.39999999999998,1,1,1.0
43,6,1172.23,452.27,335.3699999999999,148.23000000000002,1,1,1.0
43,7,1086.88,300.23,334.91999999999985,157.37,1,1,1.0
43,8,594.91,327.1,16.100000000000023,7.5,1,1,0.0
43,9,853.3,452.2,292.20000000000005,216.2,1,1,1.0
43,10,508.8,313.3,151.40000000000003,352.8,1,1,1.0
44,1,785.6,263.0,313.5099999999999,201.60000000000002,1,1,1.0
44,2,289.8,449.6,228.49999999999994,161.79999999999995,1,1,1.0
44,3,469.4,671.6,315.20000000000005,186.89999999999998,1,1,1.0
44,4,592.0,289.3,203.79999999999995,253.90000000000003,1,1,1.0
44,5,297.0,627.0,220.29999999999995,257.1,1,1,1.0
44,6,1200.99,447.8,308.30999999999995,153.59999999999997,1,1,1.0
44,7,1092.07,299.8,325.43000000000006,152.7,1,1,1.0
44,8,560.2,327.1,50.809999999999945,21.599999999999966,1,1,0.0
44,9,853.3,452.2,292.20000000000005,216.2,1,1,1.0
44,10,508.8,343.5,151.40000000000003,322.6,1,1,1.0
45,1,885.8,213.8,218.3800000000001,277.59999999999997,1,1,1.0
45,2,289.8,445.1,222.59999999999997,166.29999999999995,1,1,1.0
45,3,442.1,686.4,335.1,162.10000000000002,1,1,1.0
45,4,573.4,282.4,222.39999999999998,260.80000000000007,1,1,1.0
45,5,294.3,635.4,235.8,248.70000000000005,1,1,1.0
45,6,1200.99,449.95,307.4100000000001,151.84999999999997,1,1,1.0
45,7,1107.05,300.66,316.45000000000005,153.53999999999996,1,1,1.0
45,8,562.69,325.44,50.20999999999992,32.25999999999999,1,1,0.0
45,9,853.3,452.2,288.10000000000014,216.2,1,1,1.0
45,10,508.8,362.0,151.40000000000003,304.1,1,1,1.0
46,1,830.44,268.25,307.3599999999999,202.25,1,1,1.0
46,2,304.6,441.9,211.79999999999995,171.60000000000002,1,1,1.0
46,3,442.1,671.3,320.9,130.70000000000005,1,1,1.0
46,4,555.9,306.3,239.89999999999998,234.2,1,1,1.0
46,5,294.3,635.4,218.99999999999994,248.70000000000005,1,1,1.0
46,6,1200.13,449.58,308.27,153.02000000000004,1,1,1.0
46,7,1132.2,265.9,278.89999999999986,190.70000000000005,1,1,1.0
46,8,568.9,320.0,54.0,13.800000000000011,1,1,0.0
46,9,853.3,470.6,263.0,208.10000000000002,1,1,1.0
46,10,502.5,374.2,161.79999999999995,288.90000000000003,1,1,1.0
47,1,828.3,290.08,325.1300000000001,179.02000000000004,1,1,1.0
47,2,375.0,453.8,138.0,175.8,1,1,1.0
47,3,398.2,656.2,360.2,137.69999999999993,1,1,1.0
47,4,558.7,306.3,237.0999999999999,230.99999999999994,1,1,1.0
47,5,294.3,635.4,218.99999999999994,248.70000000000005,1,1,1.0
47,6,1197.98,451.3,313.02,152.59999999999997,1,1,1.0
47,7,1131.77,260.65,287.93000000000006,195.55,1,1,1.0
47,8,564.2,320.0,58.69999999999993,45.5,1,1,0.0
47,9,853.3,474.3,263.0,204.40000000000003,1,1,1.0
47,10,502.5,388.2,161.79999999999995,274.90000000000003,1,1,1.0
48,1,764.01,377.1,239.69000000000005,262.06999999999994,1,1,1.0
48,2,428.2,507.5,105.80000000000001,213.60000000000002,1,1,1.0
48,3,385.3,671.7,356.09999999999997,144.29999999999995,1,1,1.0
48,4,554.3,306.3,241.5,230.99999999999994,1,1,1.0
48,5,307.1,632.3,208.39999999999998,251.4000000000001,1,1,1.0
48,6,1182.26,446.57,325.24,152.22999999999996,1,1,1.0
48,7,1131.34,258.5,290.26,205.8,1,1,1.0
48,8,564.2,315.6,71.09999999999991,41.0,1,1,0.0
48,9,832.6,523.0,277.4,152.39999999999998,1,1,1.0
48,10,509.1,388.2,156.29999999999995,285.59999999999997,1,1,1.0
49,1,659.54,415.6,236.56000000000006,291.19999999999993,1,1,1.0
49,2,351.09,607.1,209.31,235.88,1,1,1.0
49,3,422.56,703.1,331.73999999999995,154.22000000000003,1,1,1.0
49,4,591.5,309.0,204.29999999999995,231.0,1,1,1.0
49,5,362.0,581.39,127.80000000000001,282.40999999999997,1,1,1.0
49,6,1188.7,442.55,310.39999999999986,157.05,1,1,1.0
49,7,1082.86,291.35,333.44000000000005,171.14999999999998,1,1,1.0
49,8,341.52,444.4,176.08000000000004,132.22000000000003,1,1,1.0
49,9,832.6,511.6,277.4,156.79999999999995,1,1,1.0
49,10,514.6,383.8,145.60000000000002,296.99999999999994,1,1,1.0
50,1,662.2,420.0,229.0,286.46000000000004,1,1,1.0
50,2,293.1,700.5,282.9,167.72000000000003,1,1,1.0
50,3,437.7,704.2,321.8,150.89999999999998,1,1,1.0
50,4,565.5,305.4,230.29999999999995,234.60000000000002,1,1,1.0
50,5,377.9,492.41,145.10000000000002,275.79,1,1,1.0
50,6,1195.72,440.4,303.28,160.5,1,1,1.0
50,7,1082.0,293.5,334.29999999999995,169.0,1,1,1.0
50,8,336.6,447.4,155.29999999999995,129.5,1,1,1.0
50,9,840.3,514.1,274.9000000000001,145.79999999999995,1,1,1.0
50,10,516.1,390.4,144.10000000000002,298.5,1,1,1.0
51,1,662.2,426.2,229.0,280.26000000000005,1,1,1.0
51,2,292.8,759.3,201.89999999999998,118.80000000000007,1,1,1.0
51,3,437.7,706.4,314.8,146.10000000000002,1,1,1.0
51,4,563.9,307.4,230.30000000000007,240.0,1,1,1.0
51,5,391.2,471.2,131.8,290.8,1,1,1.0
51,6,1197.87,442.12,300.33000000000015,157.98000000000002,1,1,1.0
51,7,1112.6,280.6,303.3000000000002,184.09999999999997,1,1,1.0
51,8,331.7,437.6,167.0,162.39999999999998,1,1,1.0
51,9,840.3,518.2,267.9000000000001,151.0,1,1,1.0
51,10,516.1,344.3,150.79999999999995,344.59999999999997,1,1,1.0
52,1,586.06,516.5,292.74,223.61,1,1,1.0
52,2,281.7,761.0,202.10000000000002,118.0,1,1,1.0
52,3,462.0,712.7,280.20000000000005,142.79999999999995,1,1,1.0
52,4,563.9,307.4,230.30000000000007,240.0,1,1,1.0
52,5,401.4,480.1,121.60000000000002,281.9,1,1,1.0
52,6,1172.55,441.98,324.75,161.91999999999996,1,1,1.0
52,7,1120.0,290.6,295.9000000000001,174.09999999999997,1,1,1.0
52,8,314.3,451.0,191.89999999999998,121.0,1,1,1.0
52,9,835.9,504.9,272.30000000000007,155.0,1,1,1.0
52,10,516.1,344.3,149.79999999999995,339.40000000000003,1,1,1.0
53,1,590.0,545.3,283.0,170.5,1,1,1.0
53,2,269.4,761.0,264.4,124.5,1,1,1.0
53,3,510.7,686.0,171.2,217.83000000000004,1,1,1.0
53,4,579.2,302.2,215.0,245.2,1,1,1.0
53,5,401.4,479.2,121.60000000000002,282.8,1,1,1.0
53,6,1145.59,442.07,313.1100000000001,150.93,1,1,1.0
53,7,1120.0,287.3,290.4000000000001,185.89999999999998,1,1,1.0
53,8,320.3,443.2,183.2,128.8,1,1,1.0
53,9,835.9,504.9,272.30000000000007,155.0,1,1,1.0
53,10,516.1,332.1,147.69999999999993,356.79999999999995,1,1,1.0
54,1,531.0,440.4,346.0,231.60000000000002,1,1,1.0
54,2,318.6,751.2,281.69999999999993,128.19999999999993,1,1,1.0
54,3,710.58,783.42,300.52,128.2800000000001,1,1,1.0
54,4,608.5,302.2,180.5,247.00000000000006,1,1,1.0
54,5,401.8,484.4,121.19999999999999,290.9,1,1,1.0
54,6,1095.9,446.0,279.0899999999999,225.79999999999995,1,1,1.0
54,7,1120.0,281.4,290.4000000000001,191.8,1,1,1.0
54,8,321.5,441.3,179.60000000000002,130.7,1,1,1.0
54,9,831.5,510.8,276.70000000000005,149.09999999999997,1,1,1.0
54,10,516.1,326.6,156.0,356.0,1,1,1.0
55,1,492.16,451.89,331.23999999999995,212.11,1,1,1.0
55,2,326.29,636.53,226.70999999999998,229.67000000000007,1,1,1.0
55,3,776.5,785.6,344.20000000000005,142.98000000000002,1,1,1.0
55,4,603.3,294.8,190.30000000000007,248.09999999999997,1,1,1.0
55,5,437.22,454.4,125.48000000000002,313.37,1,1,1.0
55,6,1091.1,447.09,287.0,178.61000000000007,1,1,1.0
55,7,1120.0,271.4,294.0999999999999,190.0,1,1,1.0
55,8,339.9,440.4,113.30000000000001,152.20000000000005,1,1,1.0
55,9,831.5,510.8,276.70000000000005,142.49999999999994,1,1,1.0
55,10,526.0,354.6,120.89999999999998,328.0,1,1,1.0
56,1,555.0,450.56,248.0,223.64000000000004,1,1,1.0
56,2,313.99,551.98,195.70999999999998,273.02,1,1,1.0
56,3,783.04,779.7,336.26,145.94999999999993,1,1,1.0
56,4,561.58,301.35,241.2199999999999,234.35000000000002,1,1,1.0
56,5,443.0,434.04,92.89999999999998,224.84999999999997,1,1,1.0
56,6,1084.5,448.38,294.03,176.41999999999996,1,1,1.0
56,7,1083.8,250.7,330.29999999999995,210.7,1,1,1.0
56,8,387.2,440.4,71.5,140.80000000000007,1,1,0.0
56,9,835.2,500.8,273.0,156.90000000000003,1,1,1.0
56,10,526.4,377.8,120.5,309.2,1,1,1.0
57,1,586.0,404.5,215.70000000000005,273.0,1,1,1.0
57,2,312.1,518.0,184.2,302.70000000000005,1,1,1.0
57,3,784.27,775.7,333.03,151.0,1,1,1.0
57,4,550.9,304.7,248.80000000000007,230.50000000000006,1,1,1.0
57,5,447.9,434.04,88.0,133.16000000000003,1,1,0.0
57,6,1081.83,462.38,294.0,159.41999999999996,1,1,1.0
57,7,1078.3,226.0,337.29999999999995,229.10000000000002,1,1,1.0
57,8,421.2,478.65,164.7,273.65,1,1,1.0
57,9,835.2,500.8,268.20000000000005,156.90000000000003,1,1,1.0
57,10,526.4,401.8,100.89999999999998,285.2,1,1,1.0
58,1,582.9,412.0,223.60000000000002,265.29999999999995,1,1,1.0
58,2,318.6,494.6,176.7,280.9,1,1,1.0
58,3,810.34,771.0,288.9599999999999,152.36,1,1,1.0
58,4,565.68,310.2,239.22000000000003,222.40000000000003,1,1,1.0
58,5,449.7,439.8,86.19999999999999,68.09999999999997,1,1,0.0
58,6,1081.4,468.5,299.5999999999999,153.29999999999995,1,1,1.0
58,7,1064.7,285.0,352.70000000000005,173.8,1,1,1.0
58,8,458.4,570.73,169.56000000000006,282.97,1,1,1.0
58,9,837.0,496.4,266.4000000000001,170.20000000000005,1,1,1.0
58,10,526.4,405.9,112.30000000000007,281.1,1,1,1.0
59,1,614.5,397.8,189.79999999999995,294.99999999999994,1,1,1.0
59,2,309.03,484.93,206.07000000000005,252.77000000000004,1,1,1.0
59,3,818.76,773.5,283.24,148.61,1,1,1.0
59,4,560.81,309.31,244.79000000000008,218.39000000000004,1,1,1.0
59,5,366.9,439.8,171.5,72.30000000000001,1,1,0.0
59,6,1081.4,462.9,300.0,158.89999999999998,1,1,1.0
59,7,1058.8,289.1,358.60000000000014,167.5,1,1,1.0
59,8,372.96,653.1,236.83999999999997,230.69999999999993,1,1,1.0
59,9,837.0,492.0,266.4000000000001,174.60000000000002,1,1,1.0
59,10,526.4,369.3,112.30000000000007,323.99999999999994,1,1,1.0
60,1,626.7,379.1,178.0,315.5,1,1,1.0
60,2,295.6,484.4,214.5,238.89999999999998,1,1,1.0
60,3,815.7,767.6,282.20000000000005,150.37,1,1,1.0
60,4,561.33,309.83,246.37,215.96999999999997,1,1,1.0
60,5,308.0,439.8,231.0,58.80000000000001,1,1,0.0
60,6,1079.7,468.5,297.0,153.29999999999995,1,1,1.0
60,7,1045.9,289.1,371.5,167.5,1,1,1.0
60,8,365.4,653.1,244.39999999999998,265.69999999999993,1,1,1.0
60,9,842.9,469.1,260.5000000000001,197.5,1,1,1.0
60,10,526.4,399.2,112.30000000000007,294.09999999999997,1,1,1.0
61,1,626.7,379.7,184.19999999999993,310.00000000000006,1,1,1.0
61,2,332.6,483.6,182.89999999999998,278.29999999999995,1,1,1.0
61,3,814.44,765.5,290.3599999999999,151.71000000000004,1,1,1.0
61,4,562.7,307.2,241.39999999999998,219.59999999999997,1,1,1.0
61,5,326.6,424.7,227.5,71.69999999999999,1,1,0.0
61,6,1071.7,460.8,309.39999999999986,160.99999999999994,1,1,1.0
61,7,1043.7,296.5,377.39999999999986,160.10000000000002,1,1,1.0
61,8,369.8,666.4,253.3,238.70000000000005,1,1,1.0
61,9,849.2,468.7,254.20000000000005,197.90000000000003,1,1,1.0
61,10,526.4,399.2,112.30000000000007,294.09999999999997,1,1,1.0
62,1,623.6,379.7,182.39999999999998,306.00000000000006,1,1,1.0
62,2,323.7,481.2,186.40000000000003,281.8,1,1,1.0
62,3,816.9,763.7,279.4,154.05999999999995,1,1,1.0
62,4,562.7,307.2,241.39999999999998,224.00000000000006,1,1,1.0
62,5,308.4,420.5,243.0,84.30000000000001,1,1,0.0
62,6,1071.7,466.3,309.39999999999986,155.49999999999994,1,1,1.0
62,7,1051.4,296.5,372.29999999999995,148.7,1,1,1.0
62,8,368.9,666.4,254.20000000000005,211.70000000000005,1,1,1.0
62,9,849.2,468.7,254.20000000000005,200.90000000000003,1,1,1.0
62,10,508.0,408.4,130.70000000000005,290.4,1,1,1.0
63,1,612.5,415.1,195.70000000000005,274.6,1,1,1.0
63,2,368.3,484.0,102.30000000000001,283.6,1,1,1.0
63,3,815.0,764.7,280.5,147.0999999999999,1,1,1.0
63,4,607.3,303.5,196.80000000000007,227.70000000000005,1,1,1.0
63,5,320.4,424.7,233.70000000000005,99.09999999999997,1,1,0.0
63,6,1078.3,468.5,305.0,153.29999999999995,1,1,1.0
63,7,1051.4,296.5,372.29999999999995,148.7,1,1,1.0
63,8,378.6,655.8,224.10000000000002,244.9000000000001,1,1,1.0
63,9,849.2,474.2,254.20000000000005,195.40000000000003,1,1,1.0
63,10,443.4,479.2,228.10000000000002,148.8,1,1,1.0
64,1,581.5,411.1,253.29999999999995,255.60000000000002,1,1,1.0
64,2,381.2,452.64,201.7,201.06000000000006,1,1,1.0
64,3,814.83,764.0,278.9699999999999,152.66999999999996,1,1,1.0
64,4,587.8,305.7,219.9000000000001,222.2,1,1,1.0
64,5,353.6,437.1,155.5,139.39999999999998,1,1,0.0
64,6,1078.3,468.5,305.5,153.29999999999995,1,1,1.0
64,7,1102.7,284.0,321.0,161.2,1,1,1.0
64,8,343.2,696.0,236.3,173.29999999999995,1,1,1.0
64,9,849.2,474.2,254.20000000000005,195.40000000000003,1,1,1.0
64,10,453.73,574.75,284.56999999999994,195.64999999999998,1,1,1.0
65,1,549.59,387.27,262.2099999999999,242.63,1,1,1.0
65,2,437.77,419.4,138.13,266.15999999999997,1,1,1.0
65,3,815.82,762.8,280.27999999999986,155.6400000000001,1,1,1.0
65,4,559.4,304.6,254.30000000000007,225.10000000000002,1,1,1.0
65,5,351.83,441.9,127.87,261.21000000000004,1,1,1.0
65,6,1080.0,468.5,303.79999999999995,153.29999999999995,1,1,1.0
65,7,1124.8,261.9,298.20000000000005,187.40000000000003,1,1,1.0
65,8,339.5,709.3,252.20000000000005,144.9000000000001,1,1,1.0
65,9,849.2,474.2,255.70000000000005,202.40000000000003,1,1,1.0
65,10,507.59,638.57,284.57,179.02999999999997,1,1,1.0
66,1,543.4,286.5,159.10000000000002,266.79999999999995,1,1,1.0
66,2,463.0,436.6,109.5,212.10000000000002,1,1,1.0
66,3,815.7,764.4,286.79999999999995,152.76999999999998,1,1,1.0
66,4,561.2,308.7,245.5,227.7,1,1,1.0
66,5,378.83,471.6,183.17000000000002,288.6,1,1,1.0
66,6,1081.7,468.5,302.0999999999999,153.29999999999995,1,1,1.0
66,7,1124.8,268.2,288.60000000000014,184.10000000000002,1,1,1.0
66,8,336.5,703.4,250.0,168.5,1,1,1.0
66,9,849.9,468.7,255.0000000000001,207.90000000000003,1,1,1.0
66,10,524.19,689.85,312.6099999999999,139.14999999999998,1,1,1.0
67,1,551.13,265.27,113.37,257.93000000000006,1,1,1.0
67,2,439.2,424.6,121.30000000000001,146.29999999999995,1,1,0.0
67,3,818.49,762.6,283.71000000000004,153.57999999999993,1,1,1.0
67,4,598.5,309.1,205.60000000000002,231.29999999999995,1,1,1.0
67,5,423.55,550.4,153.05,301.0,1,1,1.0
67,6,1079.6,468.5,304.20000000000005,148.39999999999998,1,1,1.0
67,7,1131.8,265.6,266.4000000000001,197.0,1,1,1.0
67,8,336.5,703.4,252.10000000000002,168.5,1,1,1.0
67,9,849.9,468.7,258.30000000000007,207.90000000000003,1,1,1.0
67,10,524.19,689.85,312.6099999999999,139.14999999999998,1,1,1.0
68,1,559.3,283.5,102.0,244.10000000000002,1,1,1.0
68,2,350.2,421.9,267.2,128.10000000000002,1,1,1.0
68,3,816.93,764.2,287.7700000000001,155.04999999999995,1,1,1.0
68,4,605.8,303.2,194.60000000000002,248.3,1,1,1.0
68,5,452.4,614.59,183.08000000000004,263.80999999999995,1,1,1.0
68,6,1085.8,458.4,301.5,177.70000000000005,1,1,1.0
68,7,1121.8,257.1,278.29999999999995,205.5,1,1,1.0
68,8,336.1,638.1,155.09999999999997,214.79999999999995,1,1,1.0
68,9,857.3,449.1,250.9000000000001,220.10000000000002,1,1,1.0
68,10,532.3,671.4,287.5,230.30000000000007,1,1,1.0
69,1,539.4,268.1,124.10000000000002,253.29999999999995,1,1,1.0
69,2,328.06,438.8,265.94,160.99999999999994,1,1,1.0
69,3,815.42,762.0,286.2800000000001,157.55999999999995,1,1,1.0
69,4,640.1,227.9,161.79999999999995,348.70000000000005,1,1,1.0
69,5,431.6,629.6,211.0,275.4,1,1,1.0
69,6,1087.6,459.6,298.4000000000001,207.0,1,1,1.0
69,7,1130.3,257.1,268.29999999999995,210.29999999999995,1,1,1.0
69,8,309.9,638.1,197.70000000000005,209.29999999999995,1,1,1.0
69,9,878.7,414.17,229.5,253.99999999999994,1,1,1.0
69,10,588.38,672.14,243.91999999999996,227.36,1,1,1.0
70,1,557.6,266.8,109.39999999999998,260.8,1,1,1.0
70,2,328.06,438.8,265.94,160.99999999999994,1,1,1.0
70,3,811.76,760.0,290.74,156.46000000000004,1,1,1.0
70,4,659.4,227.9,164.60000000000002,316.20000000000005,1,1,1.0
70,5,387.77,754.4,260.13,186.46000000000004,1,1,1.0
70,6,1078.3,459.6,307.70000000000005,210.0,1,1,1.0
70,7,1130.3,284.0,268.29999999999995,183.39999999999998,1,1,1.0
70,8,348.6,606.26,160.0,253.03999999999996,1,1,1.0
70,9,880.9,394.5,193.5000000000001,276.79999999999995,1,1,1.0
70,10,593.54,662.55,239.46000000000004,267.55000000000007,1,1,1.0
71,1,543.4,290.7,120.10000000000002,243.50000000000006,1,1,1.0
71,2,303.8,437.3,277.90000000000003,162.49999999999994,1,1,1.0
71,3,810.07,758.89,293.33000000000004,163.5,1,1,1.0
71,4,655.6,261.5,168.39999999999998,285.9,1,1,1.0
71,5,347.9,796.0,271.20000000000005,141.29999999999995,1,1,1.0
71,6,1080.5,460.3,305.5,188.09999999999997,1,1,1.0
71,7,1130.3,270.7,265.0,205.2,1,1,1.0
71,8,376.9,557.35,156.13,278.65,1,1,1.0
71,9,890.4,386.0,200.89999999999998,294.29999999999995,1,1,1.0
71,10,625.6,654.1,207.39999999999998,290.79999999999995,1,1,1.0
72,1,543.4,294.7,124.10000000000002,238.59999999999997,1,1,1.0
72,2,305.4,441.0,276.30000000000007,158.79999999999995,1,1,1.0
72,3,808.3,759.5,294.5,159.70000000000005,1,1,1.0
72,4,655.6,270.7,168.39999999999998,276.7,1,1,1.0
72,5,321.34,779.1,296.86000000000007,155.5,1,1,1.0
72,6,1075.8,470.3,304.9000000000001,151.90000000000003,1,1,1.0
72,7,1206.3,353.7,141.29999999999995,146.18,1,1,1.0
72,8,392.87,554.4,235.42999999999995,211.64,1,1,1.0
72,9,890.4,369.4,168.80000000000007,310.9,1,1,1.0
72,10,622.6,633.8,210.39999999999998,283.4000000000001,1,1,1.0
73,1,544.4,283.2,129.70000000000005,246.59999999999997,1,1,1.0
73,2,317.36,438.8,253.84000000000003,213.87999999999994,1,1,1.0
73,3,806.0,731.3,296.5999999999999,195.9000000000001,1,1,1.0
73,4,689.54,258.9,264.6600000000001,230.58000000000004,1,1,1.0
73,5,302.75,735.79,258.35,192.21000000000004,1,1,1.0
73,6,1059.7,470.3,315.0999999999999,164.8,1,1,1.0
73,7,1302.6,378.82,300.4000000000001,216.57999999999998,1,1,1.0
73,8,650.75,394.7,281.95000000000005,220.82,1,1,1.0
73,9,825.8,376.4,241.10000000000014,314.6,1,1,1.0
73,10,571.3,630.8,214.5,279.80000000000007,1,1,1.0
74,1,573.99,279.2,214.61,209.43,1,1,1.0
74,2,306.29,489.2,262.10999999999996,207.44,1,1,1.0
74,3,802.1,736.3,291.4,193.42000000000007,1,1,1.0
74,4,770.0,235.66,311.1099999999999,162.23999999999998,1,1,1.0
74,5,296.55,711.89,251.24999999999994,206.40999999999997,1,1,1.0
74,6,1054.39,401.7,245.30999999999995,223.90000000000003,1,1,1.0
74,7,1406.27,371.81,197.82999999999993,301.39000000000004,1,1,1.0
74,8,803.85,349.7,309.94999999999993,157.35000000000002,1,1,1.0
74,9,807.7,450.6,255.89999999999986,293.19999999999993,1,1,1.0
74,10,397.23,667.37,297.47,162.02999999999997,1,1,1.0
75,1,603.21,245.1,242.68999999999994,193.50000000000003,1,1,1.0
75,2,306.29,528.5,282.10999999999996,169.89999999999998,1,1,1.0
75,3,829.0,666.1,273.70000000000005,294.19999999999993,1,1,1.0
75,4,775.2,226.1,287.79999999999995,157.00000000000003,1,1,1.0
75,5,287.2,717.2,265.90000000000003,198.89999999999998,1,1,1.0
75,6,1137.2,360.1,213.8499999999999,283.40999999999997,1,1,1.0
75,7,1374.2,370.5,233.22000000000003,347.29999999999995,1,1,1.0
75,8,813.4,351.9,322.5000000000001,133.8,1,1,1.0
75,9,550.56,572.34,344.44000000000005,139.76,1,1,1.0
75,10,368.8,657.0,325.90000000000003,166.89999999999998,1,1,1.0
76,1,609.85,308.9,254.25,138.90000000000003,1,1,1.0
76,2,304.1,564.5,225.66999999999996,132.39999999999998,1,1,1.0
76,3,793.2,522.79,269.0999999999999,304.01,1,1,1.0
76,4,835.0,220.9,228.0,200.1,1,1,1.0
76,5,279.2,716.0,270.40000000000003,193.0,1,1,1.0
76,6,1186.34,448.6,311.6600000000001,154.17999999999995,1,1,1.0
76,7,1353.9,379.6,253.51999999999998,328.6,1,1,1.0
76,8,896.8,306.2,322.5,152.90000000000003,1,1,1.0
76,9,438.78,509.63,354.4200000000001,162.66999999999996,1,1,1.0
76,10,368.8,657.0,325.90000000000003,160.29999999999995,1,1,1.0
77,1,729.82,390.4,373.77999999999986,156.70000000000005,1,1,1.0
77,2,336.0,471.67,216.70000000000005,160.53000000000003,1,1,1.0
77,3,712.18,578.4,270.4200000000001,223.89,1,1,1.0
77,4,789.4,213.4,280.80000000000007,182.6,1,1,1.0
77,5,272.6,714.2,275.29999999999995,194.79999999999995,1,1,1.0
77,6,1202.3,444.2,312.10000000000014,146.8,1,1,1.0
77,7,1348.4,385.7,267.89999999999986,311.40000000000003,1,1,1.0
77,8,1023.3,275.95,248.3900000000001,183.55,1,1,1.0
77,9,395.62,443.59,306.48,155.31,1,1,1.0
77,10,368.8,657.0,330.3,160.29999999999995,1,1,1.0
78,1,826.33,458.93,323.26999999999987,165.67000000000002,1,1,1.0
78,2,390.41,450.42,101.28999999999996,172.28000000000003,1,1,0.0
78,3,523.63,772.7,272.97,169.89999999999998,1,1,1.0
78,4,785.7,199.1,282.46000000000004,203.50000000000003,1,1,1.0
78,5,272.6,711.6,273.9,189.39999999999998,1,1,1.0
78,6,1200.58,408.34,270.02,188.56,1,1,1.0
78,7,1424.8,395.5,200.0,341.1,1,1,1.0
78,8,1135.5,270.05,384.0999999999999,128.14999999999998,1,1,1.0
78,9,399.7,443.59,302.40000000000003,155.31,1,1,1.0
78,10,368.8,657.0,330.3,160.29999999999995,1,1,1.0
79,1,833.0,450.6,297.0999999999999,156.29999999999995,1,1,1.0
79,2,401.5,450.0,135.79999999999995,155.0,1,1,0.0
79,3,464.01,799.25,304.19000000000005,127.85000000000002,1,1,1.0
79,4,787.8,203.2,275.20000000000005,193.7,1,1,1.0
79,5,304.9,699.1,218.10000000000002,205.39999999999998,1,1,1.0
79,6,1173.2,356.4,197.79999999999995,315.80000000000007,1,1,1.0
79,7,1483.83,401.4,153.87000000000012,333.4,1,1,1.0
79,8,1191.6,279.6,368.20000000000005,141.5,1,1,1.0
79,9,399.7,443.59,307.2,164.51000000000005,1,1,1.0
79,10,368.8,657.0,330.3,160.29999999999995,1,1,1.0
80,1,833.0,449.2,297.0999999999999,157.7,1,1,1.0
80,2,374.5,450.0,149.5,180.20000000000005,1,1,0.0
80,3,432.13,803.11,346.27,128.18999999999994,1,1,1.0
80,4,785.6,216.5,277.4,170.8,1,1,1.0
80,5,329.69,595.91,145.51,273.19000000000005,1,1,1.0
80,6,1182.4,339.7,185.5999999999999,339.00000000000006,1,1,1.0
80,7,1508.18,433.87,168.6199999999999,338.53,1,1,1.0
80,8,1196.0,288.5,337.5999999999999,121.5,1,1,1.0
80,9,382.7,445.8,330.50000000000006,152.3,1,1,1.0
80,10,367.0,657.0,332.1,155.89999999999998,1,1,1.0
81,1,835.2,444.0,299.29999999999995,159.39999999999998,1,1,1.0
81,2,399.7,438.5,113.69999999999999,180.60000000000002,1,1,0.0
81,3,339.28,792.25,337.4200000000001,126.95000000000005,1,1,1.0
81,4,779.7,220.6,283.29999999999995,166.70000000000002,1,1,1.0
81,5,329.69,577.3,182.20999999999998,290.5,1,1,1.0
81,6,1171.3,342.4,199.70000000000005,342.30000000000007,1,1,1.0
81,7,1518.14,428.33,170.65999999999985,341.46999999999997,1,1,1.0
81,8,1196.0,288.5,323.9000000000001,114.89999999999998,1,1,1.0
81,9,388.6,445.8,335.29999999999995,150.49999999999994,1,1,1.0
81,10,377.0,657.0,325.5,160.20000000000005,1,1,1.0
82,1,839.2,443.9,291.79999999999995,159.5,1,1,1.0
82,2,399.7,453.1,147.8,151.39999999999998,1,1,0.0
82,3,340.74,707.35,282.15999999999997,209.64999999999998,1,1,1.0
82,4,780.0,221.3,283.0,169.0,1,1,1.0
82,5,326.59,483.45,190.41000000000003,281.75000000000006,1,1,1.0
82,6,1160.2,355.2,217.70000000000005,305.00000000000006,1,1,1.0
82,7,1518.14,428.33,172.65999999999985,382.46999999999997,1,1,1.0
82,8,1189.4,288.5,340.5,114.89999999999998,1,1,1.0
82,9,384.9,446.9,339.0,147.60000000000002,1,1,1.0
82,10,377.0,662.2,322.1,150.69999999999993,1,1,1.0
83,1,836.1,431.9,287.30000000000007,168.80000000000007,1,1,1.0
83,2,394.4,443.8,161.10000000000002,145.2,1,1,0.0
83,3,299.71,665.2,253.29000000000002,255.79999999999995,1,1,1.0
83,4,788.6,214.7,274.4,191.0,1,1,1.0
83,5,306.7,444.0,202.10000000000002,237.89999999999998,1,1,1.0
83,6,1160.2,355.2,214.20000000000005,268.3,1,1,1.0
83,7,1518.14,450.1,267.8599999999999,302.5,1,1,1.0
83,8,1189.4,288.5,299.5999999999999,124.89999999999998,1,1,1.0
83,9,391.9,446.9,332.0,147.60000000000002,1,1,1.0
83,10,377.0,662.2,323.79999999999995,150.69999999999993,1,1,1.0
84,1,831.7,433.23,304.98,165.37,1,1,1.0
84,2,417.4,441.6,122.60000000000002,174.0,1,1,0.0
84,3,313.66,611.58,200.04000000000002,293.41999999999996,1,1,1.0
84,4,770.2,212.6,279.89999999999986,218.6,1,1,1.0
84,5,324.0,448.3,164.39999999999998,236.7,1,1,1.0
84,6,1158.91,355.2,210.79999999999995,273.2,1,1,1.0
84,7,1525.1,450.1,260.9000000000001,294.6,1,1,1.0
84,8,1189.4,281.1,287.79999999999995,132.29999999999995,1,1,1.0
84,9,391.9,446.9,332.0,147.60000000000002,1,1,1.0
84,10,374.0,662.2,325.1,152.39999999999998,1,1,1.0
85,1,830.4,439.0,315.19999999999993,157.89999999999998,1,1,1.0
85,2,428.5,453.1,110.60000000000002,138.60000000000002,1,1,0.0
85,3,287.99,577.5,196.20999999999998,302.70000000000005,1,1,1.0
85,4,775.7,214.7,274.39999999999986,234.60000000000002,1,1,1.0
85,5,359.8,441.83,117.09999999999997,209.07,1,1,0.0
85,6,1171.3,348.1,205.29999999999995,310.0,1,1,1.0
85,7,1506.3,542.7,279.70000000000005,197.89999999999998,1,1,1.0
85,8,1193.7,269.3,289.0,144.09999999999997,1,1,1.0
85,9,391.9,446.9,332.0,147.60000000000002,1,1,1.0
85,10,415.43,653.98,284.07,163.62,1,1,1.0
86,1,844.54,390.3,355.8600000000001,202.2,1,1,1.0
86,2,452.41,391.4,121.88999999999993,87.90000000000003,1,1,0.0
86,3,274.26,576.17,212.84000000000003,306.23,1,1,1.0
86,4,829.2,266.7,214.29999999999995,255.3,1,1,1.0
86,5,355.4,441.83,102.5,176.77000000000004,1,1,0.0
86,6,1048.1,462.3,244.10000000000014,261.3,1,1,1.0
86,7,1515.89,467.4,245.40999999999985,248.11,1,1,1.0
86,8,1185.7,282.2,333.89999999999986,135.0,1,1,1.0
86,9,400.8,446.9,323.09999999999997,147.60000000000002,1,1,1.0
86,10,415.86,652.6,280.24,160.69999999999993,1,1,1.0
87,1,1138.94,431.91,381.05999999999995,144.19,1,1,1.0
87,2,461.3,385.4,145.09999999999997,93.90000000000003,1,1,0.0
87,3,274.26,576.58,202.04000000000002,305.41999999999996,1,1,1.0
87,4,633.7,315.4,276.29999999999995,128.60000000000002,1,1,1.0
87,5,351.4,441.83,122.90000000000003,196.27000000000004,1,1,0.0
87,6,949.5,562.4,265.70000000000005,269.70000000000005,1,1,1.0
87,7,1553.5,469.6,231.0,266.6,1,1,1.0
87,8,1178.7,286.3,340.89999999999986,130.8,1,1,1.0
87,9,399.0,446.9,324.9,147.60000000000002,1,1,1.0
87,10,408.4,652.6,287.20000000000005,164.60000000000002,1,1,1.0
88,1,1262.9,462.6,322.6999999999998,153.10000000000002,1,1,1.0
88,2,472.8,388.9,134.90000000000003,81.55000000000001,1,1,0.0
88,3,292.41,562.41,183.48999999999995,319.59000000000003,1,1,1.0
88,4,573.2,325.4,329.4,130.60000000000002,1,1,1.0
88,5,355.6,441.83,121.59999999999997,188.77000000000004,1,1,0.0
88,6,952.08,591.21,228.9999999999999,252.86,1,1,1.0
88,7,1556.5,463.0,205.9000000000001,288.29999999999995,1,1,1.0
88,8,1182.8,290.7,310.60000000000014,126.40000000000003,1,1,1.0
88,9,399.0,446.9,324.9,147.60000000000002,1,1,1.0
88,10,408.4,652.6,288.5,160.29999999999995,1,1,1.0
89,1,1266.0,458.2,320.8499999999999,155.8,1,1,1.0
89,2,484.3,379.1,126.49999999999994,82.5,1,1,0.0
89,3,292.85,559.75,185.25,323.54999999999995,1,1,1.0
89,4,564.7,322.3,344.5,144.2,1,1,1.0
89,5,349.9,441.83,124.40000000000003,188.77000000000004,1,1,0.0
89,6,949.5,590.3,223.70000000000005,269.70000000000005,1,1,1.0
89,7,1556.5,479.2,210.29999999999995,272.09999999999997,1,1,1.0
89,8,1185.4,280.0,310.5999999999999,137.10000000000002,1,1,1.0
89,9,390.5,446.9,333.4,147.60000000000002,1,1,1.0
89,10,398.1,607.6,298.79999999999995,224.89999999999998,1,1,1.0
90,1,1266.0,455.3,323.0999999999999,167.3,1,1,1.0
90,2,532.5,388.3,77.0,70.89999999999998,1,1,0.0
90,3,290.16,566.84,185.73999999999995,319.9599999999999,1,1,1.0
90,4,564.7,320.2,344.5,145.8,1,1,1.0
90,5,358.5,441.83,115.80000000000001,181.67000000000002,1,1,0.0
90,6,949.5,592.5,229.9000000000001,290.1,1,1,1.0
90,7,1560.2,479.2,224.29999999999995,272.50000000000006,1,1,1.0
90,8,1185.4,280.0,310.5999999999999,137.10000000000002,1,1,1.0
90,9,390.5,446.9,333.4,147.60000000000002,1,1,1.0
90,10,397.1,649.8,306.6,179.5,1,1,1.0
91,1,1261.1,456.1,364.60000000000014,161.79999999999995,1,1,1.0
91,2,518.8,385.0,90.70000000000005,76.60000000000002,1,1,0.0
91,3,291.91,599.15,193.69,284.15,1,1,1.0
91,4,564.7,320.2,347.5,135.5,1,1,1.0
91,5,358.5,441.83,115.80000000000001,180.32,1,1,1.0
91,6,950.79,587.17,219.70000000000005,276.80000000000007,1,1,1.0
91,7,1560.9,471.1,216.5999999999999,284.69999999999993,1,1,1.0
91,8,1189.8,248.6,308.79999999999995,168.50000000000003,1,1,1.0
91,9,417.4,453.9,302.4,149.10000000000002,1,1,1.0
91,10,387.0,659.2,317.20000000000005,164.0999999999999,1,1,1.0
92,1,1259.81,456.1,356.28999999999996,160.0,1,1,1.0
92,2,465.6,382.31,144.01999999999998,90.99000000000001,1,1,0.0
92,3,292.13,599.38,196.57,284.12,1,1,1.0
92,4,627.4,318.4,294.4,149.60000000000002,1,1,1.0
92,5,358.5,441.83,115.80000000000001,178.96999999999997,1,1,0.0
92,6,951.22,578.81,209.0999999999999,275.9000000000001,1,1,1.0
92,7,1560.9,408.4,215.0999999999999,347.4,1,1,1.0
92,8,1189.8,248.6,314.29999999999995,168.50000000000003,1,1,1.0
92,9,446.9,441.2,271.4,171.00000000000006,1,1,1.0
92,10,435.0,640.4,275.70000000000005,180.70000000000005,1,1,1.0
93,1,1263.2,459.5,312.5999999999999,157.5,1,1,1.0
93,2,507.13,388.43,103.21000000000004,77.59999999999997,1,1,0.0
93,3,302.53,578.79,178.17000000000002,307.21000000000004,1,1,1.0
93,4,683.1,294.8,213.19999999999993,244.59999999999997,1,1,1.0
93,5,387.3,441.83,91.39999999999998,175.67000000000002,1,1,0.0
93,6,949.5,574.3,207.29999999999995,292.30000000000007,1,1,1.0
93,7,1560.9,420.6,196.29999999999995,335.19999999999993,1,1,1.0
93,8,1193.9,288.4,357.79999999999995,128.70000000000005,1,1,1.0
93,9,446.2,448.8,269.09999999999997,168.59999999999997,1,1,1.0
93,10,432.4,633.0,275.70000000000005,198.79999999999995,1,1,1.0
94,1,1258.9,455.2,316.89999999999986,158.8,1,1,1.0
94,2,507.2,385.0,99.40000000000003,76.69999999999999,1,1,0.0
94,3,295.01,591.18,186.59000000000003,294.82000000000005,1,1,1.0
94,4,683.1,294.8,199.5,244.59999999999997,1,1,1.0
94,5,368.3,441.83,115.39999999999998,172.77000000000004,1,1,0.0
94,6,953.0,581.4,216.5999999999999,297.20000000000005,1,1,1.0
94,7,1565.0,454.2,192.20000000000005,301.59999999999997,1,1,1.0
94,8,1195.7,288.4,332.79999999999995,128.70000000000005,1,1,1.0
94,9,431.7,451.8,295.40000000000003,184.8,1,1,1.0
94,10,429.8,601.3,271.09999999999997,230.10000000000002,1,1,1.0
95,1,1258.9,462.5,337.6999999999998,153.60000000000002,1,1,1.0
95,2,520.4,334.1,96.70000000000005,137.2,1,1,0.0
95,3,336.2,540.76,166.3,343.03999999999996,1,1,1.0
95,4,683.1,294.8,202.60000000000002,244.59999999999997,1,1,1.0
95,5,381.6,441.83,83.39999999999998,172.77000000000004,1,1,0.0
95,6,938.5,575.17,227.1300000000001,276.33000000000004,1,1,1.0
95,7,1565.0,447.9,188.0999999999999,307.9,1,1,1.0
95,8,1199.0,288.4,316.79999999999995,128.70000000000005,1,1,1.0
95,9,422.1,444.8,305.0,191.8,1,1,1.0
95,10,411.72,488.04,190.27999999999997,316.06,1,1,1.0
96,1,1256.7,462.5,318.70000000000005,156.20000000000005,1,1,1.0
96,2,528.2,340.4,79.59999999999991,132.10000000000002,1,1,0.0
96,3,320.0,475.3,158.3,319.90000000000003,1,1,1.0
96,4,686.71,294.08,199.5,252.7,1,1,1.0
96,5,422.3,539.6,16.099999999999966,37.39999999999998,1,1,0.0
96,6,932.8,589.8,259.3600000000001,263.0,1,1,1.0
96,7,1618.9,409.9,141.2099999999998,313.1,1,1,1.0
96,8,1200.5,288.4,307.5999999999999,128.70000000000005,1,1,1.0
96,9,443.7,451.6,279.00000000000006,182.79999999999995,1,1,1.0
96,10,406.6,472.2,189.89999999999998,319.7,1,1,1.0
97,1,1275.3,457.6,290.4000000000001,162.19999999999993,1,1,1.0
97,2,526.7,346.1,82.0,131.39999999999998,1,1,0.0
97,3,312.31,502.68,171.58999999999997,297.42,1,1,1.0
97,4,690.8,293.0,205.80000000000007,244.60000000000002,1,1,1.0
97,5,422.3,483.8,41.80000000000001,60.19999999999999,1,1,0.0
97,6,775.1,658.0,406.4799999999999,171.89999999999998,1,1,1.0
97,7,1593.8,398.5,166.30999999999995,313.1,1,1,1.0
97,8,1197.92,285.49,308.39999999999986,134.20999999999998,1,1,1.0
97,9,420.1,445.9,303.69999999999993,192.60000000000002,1,1,1.0
97,10,364.5,530.5,259.29999999999995,237.39999999999998,1,1,1.0
98,1,1291.2,416.9,258.5,232.60000000000002,1,1,1.0
98,2,538.0,335.9,77.89999999999998,150.0,1,1,0.0
98,3,302.12,510.26,179.98000000000002,292.94000000000005,1,1,1.0
98,4,690.8,293.0,209.9000000000001,253.5,1,1,1.0
98,5,421.0,483.8,37.30000000000001,60.900000000000034,1,1,0.0
98,6,775.0,672.6,408.29999999999995,153.39999999999998,1,1,1.0
98,7,1593.8,398.5,152.29999999999995,313.1,1,1,1.0
98,8,1200.5,279.9,296.0999999999999,137.20000000000005,1,1,1.0
98,9,421.48,448.75,290.22,185.35000000000002,1,1,1.0
98,10,352.7,534.9,277.7,234.10000000000002,1,1,1.0
99,1,1292.1,422.2,257.60000000000014,233.90000000000003,1,1,1.0
99,2,543.1,340.7,65.60000000000002,145.2,1,1,0.0
99,3,306.11,516.46,164.89,291.03999999999996,1,1,1.0
99,4,690.8,293.0,207.70000000000005,253.5,1,1,1.0
99,5,398.1,464.35,54.39999999999998,83.23000000000002,1,1,0.0
99,6,775.9,672.6,404.69999999999993,153.39999999999998,1,1,1.0
99,7,1593.8,398.5,152.29999999999995,313.1,1,1,1.0
99,8,1173.8,277.89,279.8900000000001,184.31,1,1,1.0
99,9,399.98,448.39,310.22,181.90999999999997,1,1,1.0
99,10,352.7,539.7,277.7,229.29999999999995,1,1,1.0
100,1,1299.6,423.1,249.70000000000005,239.60000000000002,1,1,1.0
100,2,534.4,340.7,74.30000000000007,138.3,1,1,0.0
100,3,306.11,515.7,173.08999999999997,297.19999999999993,1,1,1.0
100,4,685.6,293.0,207.39999999999998,255.60000000000002,1,1,1.0
100,5,375.2,444.9,71.5,105.56000000000006,1,1,0.0
100,6,775.9,670.9,402.0000000000001,155.10000000000002,1,1,1.0
100,7,1593.8,415.5,152.29999999999995,305.29999999999995,1,1,1.0
100,8,1090.93,265.16,237.8699999999999,237.94,1,1,1.0
100,9,355.7,446.6,366.00000000000006,160.5,1,1,1.0
100,10,347.2,543.0,283.2,226.0,1,1,1.0
101,1,1295.2,424.4,251.0,235.70000000000005,1,1,1.0
101,2,533.45,336.4,75.25,143.85000000000002,1,1,0.0
101,3,303.45,529.75,184.25,286.65,1,1,1.0
101,4,681.5,293.0,211.5,256.5,1,1,1.0
101,5,384.67,465.2,56.39999999999998,85.25000000000006,1,1,0.0
101,6,757.3,672.6,420.60000000000014,146.29999999999995,1,1,1.0
101,7,1593.8,402.2,145.29999999999995,314.90000000000003,1,1,1.0
101,8,882.2,312.8,324.0999999999999,172.7,1,1,1.0
101,9,373.0,448.7,349.1,160.90000000000003,1,1,1.0
101,10,353.5,543.0,278.0,227.79999999999995,1,1,1.0
102,1,1291.3,420.1,251.76999999999998,240.29999999999995,1,1,1.0
102,2,532.5,368.6,76.20000000000005,112.89999999999998,1,1,0.0
102,3,317.18,494.7,174.42000000000002,319.90000000000003,1,1,1.0
102,4,665.6,293.0,210.10000000000002,253.20000000000005,1,1,1.0
102,5,377.4,455.5,63.670000000000016,94.95000000000005,1,1,0.0
102,6,511.6,708.5,267.4,129.88,1,1,1.0
102,7,1593.8,402.2,145.29999999999995,314.90000000000003,1,1,1.0
102,8,889.1,295.5,302.1,194.7,1,1,1.0
102,9,351.6,448.4,369.69999999999993,161.89999999999998,1,1,1.0
102,10,353.5,543.0,250.70000000000005,217.10000000000002,1,1,1.0
103,1,1286.4,420.96,257.0999999999999,233.74000000000007,1,1,1.0
103,2,525.42,368.2,82.08000000000004,115.10000000000002,1,1,0.0
103,3,317.18,469.2,160.12,315.90000000000003,1,1,1.0
103,4,663.0,293.0,212.70000000000005,249.5,1,1,1.0
103,5,385.55,481.6,56.39999999999998,76.38,1,1,0.0
103,6,386.76,724.44,297.14,156.45999999999992,1,1,1.0
103,7,1593.8,408.1,145.29999999999995,309.0,1,1,1.0
103,8,872.9,282.2,314.4,241.90000000000003,1,1,1.0
103,9,388.6,446.6,329.0,172.69999999999993,1,1,1.0
103,10,377.8,532.3,226.40000000000003,219.30000000000007,1,1,1.0
104,1,1284.1,423.97,259.4000000000001,228.52999999999997,1,1,1.0
104,2,534.51,335.1,69.78999999999996,147.79999999999995,1,1,0.0
104,3,315.85,469.98,153.34999999999997,316.81999999999994,1,1,1.0
104,4,662.3,283.2,213.4000000000001,257.65000000000003,1,1,1.0
104,5,440.9,452.4,19.200000000000045,15.700000000000045,1,1,0.0
104,6,386.76,724.44,290.03999999999996,156.45999999999992,1,1,1.0
104,7,1593.8,414.4,145.29999999999995,302.70000000000005,1,1,1.0
104,8,893.02,283.7,290.70000000000005,246.7,1,1,1.0
104,9,402.6,452.5,315.4,179.70000000000005,1,1,1.0
104,10,425.8,528.6,178.40000000000003,220.0,1,1,1.0
105,1,1286.8,422.68,257.55999999999995,228.52000000000004,1,1,1.0
105,2,543.6,285.8,103.19999999999993,208.13,1,1,0.0
105,3,321.6,484.99,165.39999999999998,307.11,1,1,1.0
105,4,659.2,283.71,217.01999999999998,252.39000000000004,1,1,1.0
105,5,467.02,419.6,94.48000000000002,41.41999999999996,1,1,0.0
105,6,386.76,724.44,293.14,149.3599999999999,1,1,1.0
105,7,1593.8,414.4,145.29999999999995,302.70000000000005,1,1,1.0
105,8,872.5,287.0,309.5,201.3,1,1,1.0
105,9,380.7,452.5,338.00000000000006,186.70000000000005,1,1,1.0
105,10,400.0,528.6,204.20000000000005,220.0,1,1,1.0
106,1,1286.3,422.25,257.6300000000001,230.64999999999998,1,1,1.0
106,2,551.4,297.9,109.60000000000002,164.10000000000002,1,1,0.0
106,3,317.18,517.34,170.82,277.65999999999997,1,1,1.0
106,4,663.4,288.9,212.30000000000007,250.30000000000007,1,1,1.0
106,5,521.5,400.6,40.0,54.21999999999997,1,1,0.0
106,6,353.6,728.4,329.79999999999995,145.39999999999998,1,1,1.0
106,7,1593.8,414.4,145.29999999999995,302.70000000000005,1,1,1.0
106,8,867.3,302.5,325.0,185.8,1,1,1.0
106,9,380.7,452.5,338.00000000000006,186.70000000000005,1,1,1.0
106,10,351.3,540.0,252.90000000000003,208.60000000000002,1,1,1.0
107,1,1288.6,402.73,254.0300000000002,252.87,1,1,1.0
107,2,555.96,305.3,103.74000000000001,96.0,1,1,0.0
107,3,316.7,505.43,173.90000000000003,287.07,1,1,1.0
107,4,658.3,288.9,217.4000000000001,262.1,1,1,1.0
107,5,344.1,419.3,213.79999999999995,117.09999999999997,1,1,0.0
107,6,353.6,725.4,324.9,140.89999999999998,1,1,1.0
107,7,1593.8,414.4,145.29999999999995,302.70000000000005,1,1,1.0
107,8,867.3,314.7,331.60000000000014,173.60000000000002,1,1,1.0
107,9,380.7,452.5,339.8,183.10000000000002,1,1,1.0
107,10,351.3,545.5,252.90000000000003,203.10000000000002,1,1,1.0
108,1,1289.0,400.1,247.4000000000001,255.5,1,1,1.0
108,2,329.4,305.3,309.0,154.0,1,1,0.0
108,3,317.11,502.33,177.49,313.07,1,1,1.0
108,4,657.6,288.54,222.5,249.2,1,1,1.0
108,5,367.4,373.9,226.39999999999998,158.5,1,1,0.0
108,6,353.6,721.3,324.9,145.0,1,1,1.0
108,7,1593.8,411.1,145.29999999999995,306.0,1,1,1.0
108,8,867.3,319.1,333.4000000000001,169.2,1,1,1.0
108,9,380.7,452.5,338.00000000000006,186.70000000000005,1,1,1.0
108,10,348.3,543.3,255.90000000000003,205.30000000000007,1,1,1.0
109,1,1283.2,400.1,251.39999999999986,250.19999999999993,1,1,1.0
109,2,324.2,293.8,268.59999999999997,212.39999999999998,1,1,0.0
109,3,318.0,491.25,179.5,324.65,1,1,1.0
109,4,661.2,286.4,218.89999999999998,248.0,1,1,1.0
109,5,361.2,406.4,223.8,151.70000000000005,1,1,0.0
109,6,343.86,704.92,293.03999999999996,152.98000000000002,1,1,1.0
109,7,1593.8,411.1,145.29999999999995,306.0,1,1,1.0
109,8,865.5,332.0,340.4000000000001,156.3,1,1,1.0
109,9,389.9,452.5,336.9,196.29999999999995,1,1,1.0
109,10,351.3,543.3,252.90000000000003,205.30000000000007,1,1,1.0
110,1,1283.6,396.1,251.0,250.19999999999993,1,1,1.0
110,2,548.93,281.85,39.0,35.19999999999999,1,1,0.0
110,3,327.74,503.64,168.86,307.86,1,1,1.0
110,4,661.2,288.9,221.0999999999999,235.70000000000005,1,1,1.0
110,5,392.2,401.5,204.8,146.89999999999998,1,1,0.0
110,6,341.2,659.3,280.59999999999997,222.9000000000001,1,1,1.0
110,7,1593.8,411.1,145.29999999999995,306.0,1,1,1.0
110,8,865.5,337.2,340.4000000000001,151.10000000000002,1,1,1.0
110,9,451.4,456.2,276.9,200.7,1,1,1.0
110,10,351.3,543.3,252.90000000000003,254.70000000000005,1,1,1.0
111,1,1286.7,401.9,250.39999999999986,244.39999999999998,1,1,1.0
111,2,548.93,287.2,27.970000000000027,29.850000000000023,1,1,0.0
111,3,327.3,501.91,169.2,308.19,1,1,1.0
111,4,658.3,290.0,225.10000000000002,251.79999999999995,1,1,1.0
111,5,357.6,391.8,237.60000000000002,147.8,1,1,0.0
111,6,341.2,659.3,280.59999999999997,222.9000000000001,1,1,1.0
111,7,1593.8,411.1,145.29999999999995,303.4,1,1,1.0
111,8,865.5,337.2,340.4000000000001,151.10000000000002,1,1,1.0
111,9,454.1,439.2,279.4,224.7,1,1,1.0
111,10,351.3,533.7,252.90000000000003,264.29999999999995,1,1,1.0
112,1,1285.4,405.9,282.79999999999995,237.70000000000005,1,1,1.0
112,2,477.51,473.7,55.23000000000002,40.95999999999998,1,1,0.0
112,3,348.1,475.79,147.59999999999997,310.00999999999993,1,1,1.0
112,4,656.2,290.0,227.19999999999993,227.79999999999995,1,1,1.0
112,5,311.2,401.5,268.09999999999997,138.5,1,1,0.0
112,6,341.2,659.3,280.59999999999997,222.9000000000001,1,1,1.0
112,7,1593.8,417.4,145.29999999999995,297.1,1,1,1.0
112,8,890.6,337.2,315.30000000000007,151.10000000000002,1,1,1.0
112,9,439.7,452.9,293.8,211.0,1,1,1.0
112,10,351.3,536.7,252.90000000000003,261.29999999999995,1,1,1.0
113,1,1282.3,408.6,285.9000000000001,230.10000000000002,1,1,1.0
113,2,406.09,660.2,82.5,52.069999999999936,1,1,0.0
113,3,351.2,492.57,133.55,216.22999999999996,1,1,1.0
113,4,625.8,297.0,260.20000000000005,204.10000000000002,1,1,1.0
113,5,340.5,345.7,276.9,152.7,1,1,0.0
113,6,349.6,664.6,272.19999999999993,212.69999999999993,1,1,1.0
113,7,1593.8,410.0,148.4000000000001,304.5,1,1,1.0
113,8,876.6,337.2,329.30000000000007,151.10000000000002,1,1,1.0
113,9,454.1,441.5,283.1,226.10000000000002,1,1,1.0
113,10,401.1,503.9,219.19999999999993,294.1,1,1,1.0
114,1,1282.3,405.5,256.70000000000005,233.20000000000005,1,1,1.0
114,2,394.7,643.0,107.91000000000003,203.29999999999995,1,1,0.0
114,3,367.6,389.0,241.10000000000002,243.20000000000005,1,1,1.0
114,4,625.8,297.0,258.5,199.8,1,1,1.0
114,5,358.6,388.7,250.10000000000002,136.7,1,1,0.0
114,6,350.9,664.6,286.80000000000007,212.69999999999993,1,1,1.0
114,7,1593.8,411.8,145.29999999999995,302.7,1,1,1.0
114,8,872.5,337.2,324.9000000000001,151.10000000000002,1,1,1.0
114,9,500.6,437.1,235.5,251.5,1,1,1.0
114,10,394.8,525.3,237.40000000000003,250.60000000000002,1,1,1.0
115,1,1283.6,371.4,255.4000000000001,277.9,1,1,1.0
115,2,367.29,660.2,128.60999999999996,197.7299999999999,1,1,0.0
115,3,438.88,282.7,234.91999999999996,245.91000000000003,1,1,1.0
115,4,618.8,297.0,268.0,203.0,1,1,1.0
115,5,343.94,454.6,144.56,173.10000000000002,1,1,0.0
115,6,358.5,664.6,281.9,214.0,1,1,1.0
115,7,1593.8,411.8,145.29999999999995,297.90000000000003,1,1,1.0
115,8,838.93,336.1,296.87,180.24,1,1,1.0
115,9,525.69,477.68,210.80999999999995,275.11999999999995,1,1,1.0
115,10,399.4,553.5,232.27999999999997,247.5,1,1,1.0
116,1,1292.0,349.7,237.70000000000005,299.59999999999997,1,1,1.0
116,2,318.2,671.9,171.0,220.62,1,1,1.0
116,3,516.8,273.5,134.0,267.5,1,1,1.0
116,4,641.3,297.0,250.20000000000005,202.0,1,1,1.0
116,5,334.2,439.1,168.90000000000003,219.60000000000002,1,1,1.0
116,6,358.5,664.6,281.9,214.0,1,1,1.0
116,7,1593.8,418.8,148.60000000000014,290.90000000000003,1,1,1.0
116,8,811.9,325.8,305.1,214.49999999999994,1,1,1.0
116,9,525.69,475.5,221.51,328.6,1,1,1.0
116,10,445.3,542.2,173.99999999999994,272.5,1,1,1.0
117,1,1299.08,289.05,220.01999999999998,286.74999999999994,1,1,1.0
117,2,295.6,669.8,196.2,222.72000000000003,1,1,1.0
117,3,550.0,323.5,113.20000000000005,171.0,1,1,0.0
117,4,618.8,299.2,266.20000000000005,196.85000000000002,1,1,1.0
117,5,353.7,439.1,149.40000000000003,256.29999999999995,1,1,1.0
117,6,366.0,664.6,278.79999999999995,214.89999999999998,1,1,1.0
117,7,1593.8,420.6,155.60000000000014,289.1,1,1,1.0
117,8,829.3,348.08,287.9100000000001,208.82,1,1,1.0
117,9,558.1,481.7,192.79999999999995,332.00000000000006,1,1,1.0
117,10,461.2,496.8,158.09999999999997,307.2,1,1,1.0
118,1,1233.56,301.7,280.24,188.2,1,1,1.0
118,2,295.6,690.2,184.2,202.31999999999994,1,1,1.0
118,3,550.0,323.5,89.29999999999995,115.69999999999999,1,1,0.0
118,4,610.3,299.2,274.70000000000005,196.85000000000002,1,1,1.0
118,5,326.25,449.7,163.05,293.07,1,1,1.0
118,6,431.1,712.4,223.89999999999998,176.89999999999998,1,1,1.0
118,7,1593.8,400.3,150.79999999999995,309.40000000000003,1,1,1.0
118,8,846.3,349.8,269.60000000000014,281.7,1,1,1.0
118,9,565.5,464.4,185.39999999999998,349.30000000000007,1,1,1.0
118,10,427.6,465.1,191.69999999999993,327.5,1,1,1.0
119,1,1214.5,316.9,310.4000000000001,153.0,1,1,1.0
119,2,303.1,681.9,194.79999999999995,210.62,1,1,1.0
119,3,560.2,301.8,67.09999999999991,67.89999999999998,1,1,0.0
119,4,641.3,299.2,261.4000000000001,186.5,1,1,1.0
119,5,324.92,487.8,159.14999999999998,310.74999999999994,1,1,1.0
119,6,390.8,676.1,274.40000000000003,220.29999999999995,1,1,1.0
119,7,1593.8,397.7,147.10000000000014,312.00000000000006,1,1,1.0
119,8,793.5,346.1,311.0,239.29999999999995,1,1,1.0
119,9,565.5,466.6,185.39999999999998,349.69999999999993,1,1,1.0
119,10,466.3,479.5,152.99999999999994,313.1,1,1,1.0
120,1,1180.4,316.9,345.79999999999995,167.90000000000003,1,1,1.0
120,2,300.6,693.9,191.29999999999995,200.0,1,1,1.0
120,3,390.4,345.2,222.70000000000005,148.7,1,1,0.0
120,4,659.8,299.2,245.9000000000001,198.8,1,1,1.0
120,5,317.4,509.9,181.70000000000005,290.0,1,1,1.0
120,6,390.8,683.2,272.2,211.39999999999998,1,1,1.0
120,7,1593.8,397.7,147.10000000000014,312.00000000000006,1,1,1.0
120,8,814.5,353.5,291.79999999999995,245.20000000000005,1,1,1.0
120,9,574.7,449.3,176.19999999999993,375.90000000000003,1,1,1.0
120,10,466.3,468.1,152.99999999999994,324.5,1,1,1.0
