1,1,1780.7,761.8,241.5,185.10000000000002,1,1,1.0
1,2,446.2,631.2,144.7,284.79999999999995,1,1,1.0
1,3,1352.6,805.3,279.20000000000005,183.9000000000001,1,1,1.0
1,4,2057.2,527.9,150.9000000000001,307.0,1,1,1.0
1,5,1343.5,106.5,282.70000000000005,185.39999999999998,1,1,1.0
1,6,900.7,417.3,209.5,193.99999999999994,1,1,1.0
1,7,282.6,571.1,184.5,266.29999999999995,1,1,1.0
1,8,835.7,579.3,212.0,258.4000000000001,1,1,1.0
1,9,1415.9,287.5,144.19999999999982,277.4,1,1,1.0
2,1,1781.3,763.0,243.4000000000001,184.29999999999995,1,1,1.0
2,2,455.5,631.2,140.60000000000002,294.5999999999999,1,1,1.0
2,3,1352.6,806.5,280.9000000000001,182.70000000000005,1,1,1.0
2,4,2057.2,529.1,153.80000000000018,305.79999999999995,1,1,1.0
2,5,1341.9,105.5,283.29999999999995,185.39999999999998,1,1,1.0
2,6,901.1,417.3,209.10000000000002,191.40000000000003,1,1,1.0
2,7,287.0,572.4,184.5,267.5,1,1,1.0
2,8,829.6,573.92,221.9899999999999,265.7800000000001,1,1,1.0
2,9,1414.2,287.5,145.89999999999986,274.5,1,1,1.0
3,1,1778.8,761.1,249.70000000000005,186.60000000000002,1,1,1.0
3,2,460.7,634.1,134.8,279.0,1,1,1.0
3,3,1346.9,805.9,282.0,182.10000000000002,1,1,1.0
3,4,2051.8,521.0,134.89999999999964,316.20000000000005,1,1,1.0
3,5,1346.6,105.5,277.0,185.39999999999998,1,1,1.0
3,6,901.1,417.3,207.80000000000007,190.49999999999994,1,1,1.0
3,7,326.6,568.0,153.7,298.9,1,1,1.0
3,8,833.8,570.6,223.5,272.1,1,1,1.0
3,9,1414.7,287.5,146.5999999999999,278.0,1,1,1.0
4,1,1778.2,763.1,253.39999999999986,185.10000000000002,1,1,1.0
4,2,460.7,634.1,134.8,295.19999999999993,1,1,1.0
4,3,1345.7,804.7,282.0999999999999,183.29999999999995,1,1,1.0
4,4,2057.2,500.4,124.5,329.9,1,1,1.0
4,5,1345.0,99.2,278.5999999999999,191.7,1,1,1.0
4,6,901.1,417.7,208.19999999999993,190.50000000000006,1,1,1.0
4,7,322.8,574.9,158.7,273.80000000000007,1,1,1.0
4,8,833.8,590.1,227.29999999999995,256.4,1,1,1.0
4,9,1415.3,287.5,146.0,268.70000000000005,1,1,1.0
5,1,1778.2,761.8,257.79999999999995,186.4000000000001,1,1,1.0
5,2,467.6,653.8,136.5,283.0,1,1,1.0
5,3,1351.5,803.5,286.4000000000001,184.5,1,1,1.0
5,4,2055.5,502.5,127.69999999999982,325.5,1,1,1.0
5,5,1345.0,96.1,273.9000000000001,194.79999999999998,1,1,1.0
5,6,901.1,417.7,209.10000000000002,187.90000000000003,1,1,1.0
5,7,325.3,580.6,159.3,261.19999999999993,1,1,1.0
5,8,832.5,593.2,202.9000000000001,252.69999999999993,1,1,1.0
5,9,1415.9,287.5,145.39999999999986,273.29999999999995,1,1,1.0
6,1,1776.9,761.7,261.5,190.29999999999995,1,1,1.0
6,2,467.0,655.0,135.39999999999998,265.6,1,1,1.0
6,3,1352.4,803.2,285.04999999999995,184.79999999999995,1,1,1.0
6,4,2054.3,492.7,128.89999999999964,332.40000000000003,1,1,1.0
6,5,1345.0,98.1,272.79999999999995,192.79999999999998,1,1,1.0
6,6,900.2,416.8,209.0999999999999,184.90000000000003,1,1,1.0
6,7,328.5,583.7,152.3,261.19999999999993,1,1,1.0
6,8,849.5,579.4,177.0999999999999,277.20000000000005,1,1,1.0
6,9,1417.0,287.5,144.29999999999995,276.20000000000005,1,1,1.0
7,1,1776.9,761.1,263.5,189.0,1,1,1.0
7,2,464.7,686.2,140.00000000000006,280.0999999999999,1,1,1.0
7,3,1363.7,802.9,273.29999999999995,185.10000000000002,1,1,1.0
7,4,2053.4,482.2,131.5,341.7,1,1,1.0
7,5,1346.0,97.6,271.79999999999995,193.29999999999998,1,1,1.0
7,6,900.2,416.8,209.0999999999999,181.90000000000003,1,1,1.0
7,7,330.4,585.6,150.40000000000003,259.29999999999995,1,1,1.0
7,8,867.7,566.8,155.79999999999995,293.6,1,1,1.0
7,9,1415.9,287.5,144.79999999999995,282.0,1,1,1.0
8,1,1777.6,759.3,264.0,190.20000000000005,1,1,1.0
8,2,453.1,694.9,166.29999999999995,246.5,1,1,1.0
8,3,1352.2,802.9,283.5999999999999,185.10000000000002,1,1,1.0
8,4,2052.6,485.7,132.9000000000001,336.50000000000006,1,1,1.0
8,5,1345.5,97.6,272.29999999999995,193.29999999999998,1,1,1.0
8,6,900.7,416.8,208.5999999999999,181.3,1,1,1.0
8,7,330.4,585.6,139.70000000000005,256.19999999999993,1,1,1.0
8,8,868.65,566.8,156.39999999999998,292.05000000000007,1,1,1.0
8,9,1418.8,287.5,141.29999999999995,280.79999999999995,1,1,1.0
9,1,1775.6,761.2,266.0,188.89999999999998,1,1,1.0
9,2,449.0,693.2,183.0,243.5999999999999,1,1,1.0
9,3,1331.9,803.5,302.6999999999998,184.5,1,1,1.0
9,4,2053.8,493.8,131.69999999999982,328.40000000000003,1,1,1.0
9,5,1344.5,97.6,273.29999999999995,193.29999999999998,1,1,1.0
9,6,900.7,416.8,208.5999999999999,184.90000000000003,1,1,1.0
9,7,330.4,585.6,130.90000000000003,256.19999999999993,1,1,1.0
9,8,869.6,566.8,156.9999999999999,290.5,1,1,1.0
9,9,1415.9,287.5,142.5,274.4,1,1,1.0
10,1,1775.6,760.5,267.9000000000001,189.60000000000002,1,1,1.0
10,2,447.8,695.5,187.8,234.39999999999998,1,1,1.0
10,3,1342.9,803.5,295.79999999999995,184.5,1,1,1.0
10,4,2053.8,490.91,131.69999999999982,332.98999999999995,1,1,1.0
10,5,1343.5,96.0,278.0,194.89999999999998,1,1,1.0
10,6,900.2,416.8,209.0999999999999,183.09999999999997,1,1,1.0
10,7,330.4,585.6,130.90000000000003,257.5,1,1,1.0
10,8,870.9,566.2,155.10000000000002,291.0999999999999,1,1,1.0
10,9,1416.4,287.5,142.0,276.1,1,1,1.0
11,1,1775.6,760.5,267.9000000000001,189.60000000000002,1,1,1.0
11,2,447.8,708.8,196.8,259.9000000000001,1,1,1.0
11,3,1350.4,803.5,284.79999999999995,184.5,1,1,1.0
11,4,2057.3,487.4,128.19999999999982,335.9,1,1,1.0
11,5,1345.6,89.7,275.9000000000001,201.2,1,1,1.0
11,6,900.2,416.8,209.0999999999999,182.2,1,1,1.0
11,7,330.4,585.6,133.40000000000003,257.5,1,1,1.0
11,8,867.1,560.5,156.39999999999998,299.29999999999995,1,1,1.0
11,9,1414.1,287.5,144.30000000000018,290.6,1,1,1.0
12,1,1775.6,761.2,270.4000000000001,188.89999999999998,1,1,1.0
12,2,447.2,703.69,186.00000000000006,239.70999999999992,1,1,1.0
12,3,1366.0,803.5,269.20000000000005,184.5,1,1,1.0
12,4,2053.8,499.6,131.0999999999999,323.69999999999993,1,1,1.0
12,5,1345.6,89.7,274.3000000000002,201.2,1,1,1.0
12,6,899.8,416.8,209.5,187.99999999999994,1,1,1.0
12,7,329.8,585.6,129.0,255.60000000000002,1,1,1.0
12,8,862.1,562.4,155.69999999999993,297.4,1,1,1.0
12,9,1415.8,287.5,142.60000000000014,270.9,1,1,1.0
13,1,1780.0,763.7,266.0,183.89999999999998,1,1,1.0
13,2,447.2,697.8,175.40000000000003,237.30000000000007,1,1,1.0
13,3,1359.1,803.5,276.10000000000014,184.5,1,1,1.0
13,4,2054.4,504.2,131.69999999999982,320.8,1,1,1.0
13,5,1350.3,87.1,269.60000000000014,203.79999999999998,1,1,1.0
13,6,898.9,416.8,210.39999999999998,188.8,1,1,1.0
13,7,329.8,583.1,129.0,256.79999999999995,1,1,1.0
13,8,776.1,558.0,249.89999999999998,250.89999999999998,1,1,1.0
13,9,1415.3,287.5,140.20000000000005,260.5,1,1,1.0
14,1,1780.7,761.2,264.5999999999999,186.39999999999998,1,1,1.0
14,2,446.0,694.9,181.0,230.39999999999998,1,1,1.0
14,3,1374.1,803.5,261.10000000000014,183.29999999999995,1,1,1.0
14,4,2054.4,512.3,132.9000000000001,315.0,1,1,1.0
14,5,1354.5,96.5,265.4000000000001,187.60000000000002,1,1,1.0
14,6,898.9,416.8,210.39999999999998,184.90000000000003,1,1,1.0
14,7,329.8,589.4,129.0,250.5,1,1,1.0
14,8,712.1,550.5,298.79999999999995,190.0,1,1,1.0
14,9,1417.6,283.4,142.0,275.0,1,1,1.0
15,1,1778.8,761.2,267.79999999999995,186.39999999999998,1,1,1.0
15,2,447.15,693.15,180.45000000000005,231.85000000000002,1,1,1.0
15,3,1349.8,803.5,285.4000000000001,183.29999999999995,1,1,1.0
15,4,2053.3,496.7,134.0,328.3,1,1,1.0
15,5,1356.6,87.1,263.3000000000002,199.6,1,1,1.0
15,6,881.0,416.8,228.29999999999995,188.59999999999997,1,1,1.0
15,7,329.2,586.3,129.60000000000002,254.9000000000001,1,1,1.0
15,8,708.4,516.6,183.20000000000005,260.29999999999995,1,1,1.0
15,9,1419.9,281.1,138.53999999999996,274.4,1,1,1.0
16,1,1776.9,761.2,271.0,186.39999999999998,1,1,1.0
16,2,448.3,691.4,182.90000000000003,233.30000000000007,1,1,1.0
16,3,1366.0,803.5,269.20000000000005,183.29999999999995,1,1,1.0
16,4,2053.9,489.2,132.19999999999982,334.59999999999997,1,1,1.0
16,5,1354.0,95.5,265.9000000000001,190.7,1,1,1.0
16,6,881.0,416.8,228.29999999999995,189.40000000000003,1,1,1.0
16,7,329.2,590.7,132.7,250.5,1,1,1.0
16,8,741.7,577.5,198.89999999999998,288.6,1,1,1.0
16,9,1419.9,281.1,141.39999999999986,264.6,1,1,1.0
17,1,1781.3,760.0,269.10000000000014,193.89999999999998,1,1,1.0
17,2,448.3,689.7,171.40000000000003,243.0999999999999,1,1,1.0
17,3,1375.3,803.5,259.9000000000001,183.29999999999995,1,1,1.0
17,4,2056.8,504.8,134.5,316.09999999999997,1,1,1.0
17,5,1355.1,95.5,264.8000000000002,191.2,1,1,1.0
17,6,879.7,416.8,229.5999999999999,186.8,1,1,1.0
17,7,330.5,587.6,133.3,255.5,1,1,1.0
17,8,721.0,654.7,264.20000000000005,249.69999999999993,1,1,1.0
17,9,1421.6,281.1,139.70000000000005,269.19999999999993,1,1,1.0
18,1,1780.6,760.0,271.7000000000003,198.89999999999998,1,1,1.0
18,2,453.5,689.1,163.29999999999995,247.79999999999995,1,1,1.0
18,3,1363.7,803.5,271.5,182.10000000000002,1,1,1.0
18,4,2056.8,498.6,134.89999999999964,317.69999999999993,1,1,1.0
18,5,1355.1,88.7,265.8000000000002,200.10000000000002,1,1,1.0
18,6,871.9,416.8,237.39999999999998,192.7,1,1,1.0
18,7,330.5,587.6,135.10000000000002,252.39999999999998,1,1,1.0
18,8,720.4,747.0,336.4,178.70000000000005,1,1,1.0
18,9,1420.5,282.2,139.5999999999999,271.59999999999997,1,1,1.0
19,1,1775.0,763.1,278.5999999999999,215.19999999999993,1,1,1.0
19,2,453.5,689.7,155.79999999999995,255.29999999999995,1,1,1.0
19,3,1374.8,803.5,260.4000000000001,182.10000000000002,1,1,1.0
19,4,2056.8,452.1,132.69999999999982,363.0,1,1,1.0
19,5,1354.1,82.4,267.8000000000002,206.9,1,1,1.0
19,6,871.9,416.8,237.69999999999993,192.7,1,1,1.0
19,7,328.0,585.7,137.60000000000002,260.0,1,1,1.0
19,8,734.2,752.0,364.0,151.79999999999995,1,1,1.0
19,9,1421.0,282.2,138.5,295.90000000000003,1,1,1.0
20,1,1777.0,761.1,276.5999999999999,217.29999999999995,1,1,1.0
20,2,451.2,683.9,156.90000000000003,261.1,1,1,1.0
20,3,1373.1,804.7,259.20000000000005,180.31999999999994,1,1,1.0
20,4,2057.4,490.9,130.4000000000001,322.5,1,1,1.0
20,5,1356.7,91.8,271.0,196.5,1,1,1.0
20,6,868.0,416.8,241.5999999999999,188.8,1,1,1.0
20,7,332.4,585.7,133.20000000000005,256.19999999999993,1,1,1.0
20,8,751.2,734.4,342.5999999999999,169.39999999999998,1,1,1.0
20,9,1421.0,282.2,140.20000000000005,280.3,1,1,1.0
21,1,1761.6,761.1,292.0,185.5,1,1,1.0
21,2,455.8,683.9,156.3,254.70000000000005,1,1,1.0
21,3,1371.1,805.9,262.9000000000001,180.89999999999998,1,1,1.0
21,4,2053.9,498.4,133.9000000000001,315.0,1,1,1.0
21,5,1355.7,95.5,274.0999999999999,193.8,1,1,1.0
21,6,869.8,416.8,239.20000000000005,188.8,1,1,1.0
21,7,332.4,590.1,135.10000000000002,258.1,1,1,1.0
21,8,752.5,730.0,328.70000000000005,167.5,1,1,1.0
21,9,1421.0,282.2,140.20000000000005,279.7,1,1,1.0
22,1,1760.2,761.1,293.39999999999986,185.5,1,1,1.0
22,2,459.9,686.2,160.30000000000007,240.79999999999995,1,1,1.0
22,3,1350.0,804.2,284.0,181.39999999999998,1,1,1.0
22,4,2053.9,498.4,133.29999999999973,321.9,1,1,1.0
22,5,1361.5,98.6,318.0,187.6,1,1,1.0
22,6,869.8,416.8,240.20000000000005,188.8,1,1,1.0
22,7,280.9,573.7,187.20000000000005,262.5999999999999,1,1,1.0
22,8,751.9,733.8,329.9,165.0,1,1,1.0
22,9,1421.0,282.2,140.20000000000005,299.40000000000003,1,1,1.0
23,1,1750.5,761.1,303.0999999999999,185.5,1,1,1.0
23,2,458.2,691.4,150.40000000000003,260.5,1,1,1.0
23,3,1345.4,805.4,288.5999999999999,183.10000000000002,1,1,1.0
23,4,2020.4,525.0,165.0999999999999,303.4,1,1,1.0
23,5,1360.5,97.0,309.5999999999999,186.60000000000002,1,1,1.0
23,6,869.8,416.8,240.20000000000005,188.8,1,1,1.0
23,7,280.9,572.4,187.8,263.9,1,1,1.0
23,8,750.0,730.7,324.29999999999995,168.69999999999993,1,1,1.0
23,9,1414.6,282.2,146.60000000000014,273.90000000000003,1,1,1.0
24,1,1733.1,761.1,321.9000000000001,185.5,1,1,1.0
24,2,454.1,691.4,152.79999999999995,258.20000000000005,1,1,1.0
24,3,1339.6,807.7,294.4000000000001,182.0,1,1,1.0
24,4,2055.6,529.6,128.20000000000027,304.6,1,1,1.0
24,5,1358.4,100.1,328.5,186.1,1,1,1.0
24,6,869.8,416.8,240.20000000000005,189.3,1,1,1.0
24,7,283.4,574.9,185.3,266.4,1,1,1.0
24,8,750.0,738.9,326.20000000000005,160.5,1,1,1.0
24,9,1419.2,282.2,142.0,279.7,1,1,1.0
25,1,1728.8,758.2,327.20000000000005,183.19999999999993,1,1,1.0
25,2,455.3,693.7,152.40000000000003,254.19999999999993,1,1,1.0
25,3,1337.3,807.7,296.70000000000005,182.5999999999999,1,1,1.0
25,4,2055.6,494.9,128.20000000000027,330.0,1,1,1.0
25,5,1358.4,97.0,306.5,193.89999999999998,1,1,1.0
25,6,870.3,416.8,238.70000000000005,189.3,1,1,1.0
25,7,283.4,574.9,184.0,265.1,1,1,1.0
25,8,751.3,738.9,329.9000000000001,161.10000000000002,1,1,1.0
25,9,1419.2,282.2,143.20000000000005,306.3,1,1,1.0
26,1,1750.5,758.2,305.5,188.39999999999998,1,1,1.0
26,2,461.1,694.9,146.39999999999998,250.60000000000002,1,1,1.0
26,3,1337.3,807.8,296.70000000000005,182.5,1,1,1.0
26,4,2013.1,491.8,175.9000000000001,319.2,1,1,1.0
26,5,1362.6,97.0,318.0,191.3,1,1,1.0
26,6,882.3,416.8,226.70000000000005,188.3,1,1,1.0
26,7,283.4,574.9,190.3,265.1,1,1,1.0
26,8,752.6,736.4,329.19999999999993,163.60000000000002,1,1,1.0
26,9,1414.6,282.2,147.80000000000018,299.40000000000003,1,1,1.0
27,1,1743.8,759.6,311.20000000000005,187.0,1,1,1.0
27,2,463.4,696.6,144.10000000000002,254.69999999999993,1,1,1.0
27,3,1337.3,807.2,296.70000000000005,183.0999999999999,1,1,1.0
27,4,2057.4,446.9,133.29999999999973,362.4,1,1,1.0
27,5,1355.8,101.7,331.60000000000014,181.40000000000003,1,1,1.0
27,6,882.3,416.8,226.70000000000005,188.3,1,1,1.0
27,7,317.9,574.3,155.8,289.6,1,1,1.0
27,8,765.8,727.0,252.60000000000002,177.39999999999998,1,1,1.0
27,9,1410.0,282.2,158.20000000000005,301.7,1,1,1.0
28,1,1759.7,758.2,293.89999999999986,187.89999999999998,1,1,1.0
28,2,465.1,703.5,143.60000000000002,265.20000000000005,1,1,1.0
28,3,1336.1,807.2,295.60000000000014,183.0999999999999,1,1,1.0
28,4,2057.4,462.4,141.5,324.9,1,1,1.0
28,5,1348.5,101.2,316.4000000000001,181.40000000000003,1,1,1.0
28,6,882.0,416.8,227.0,189.3,1,1,1.0
28,7,287.8,574.3,199.7,270.1,1,1,1.0
28,8,772.7,720.7,241.29999999999995,184.29999999999995,1,1,1.0
28,9,1419.3,285.7,155.29999999999995,291.40000000000003,1,1,1.0
29,1,1759.2,759.6,294.79999999999995,187.5,1,1,1.0
29,2,463.9,712.8,146.0,255.9000000000001,1,1,1.0
29,3,1335.0,807.2,299.0,183.0999999999999,1,1,1.0
29,4,2006.5,469.5,186.5,316.1,1,1,1.0
29,5,1351.1,100.2,295.5,193.40000000000003,1,1,1.0
29,6,879.7,416.8,229.29999999999995,188.3,1,1,1.0
29,7,269.0,574.9,209.7,262.6,1,1,1.0
29,8,763.3,720.7,273.29999999999995,203.0999999999999,1,1,1.0
29,9,1432.0,289.7,157.0999999999999,296.50000000000006,1,1,1.0
30,1,1774.6,762.0,277.0999999999999,185.39999999999998,1,1,1.0
30,2,447.7,708.7,163.90000000000003,251.89999999999998,1,1,1.0
30,3,1335.0,806.6,299.0,183.69999999999993,1,1,1.0
30,4,2006.6,468.9,198.0,311.5,1,1,1.0
30,5,1350.1,106.5,291.8000000000002,187.10000000000002,1,1,1.0
30,6,872.4,416.8,236.60000000000002,188.3,1,1,1.0
30,7,269.0,580.6,194.60000000000002,256.9,1,1,1.0
30,8,756.4,716.3,291.5000000000001,196.80000000000007,1,1,1.0
30,9,1430.8,289.7,148.5,290.7,1,1,1.0
31,1,1779.4,768.17,263.53,177.23000000000002,1,1,1.0
31,2,448.9,702.3,154.0,267.0,1,1,1.0
31,3,1336.2,806.6,294.89999999999986,183.69999999999993,1,1,1.0
31,4,2007.8,468.9,198.50000000000023,310.30000000000007,1,1,1.0
31,5,1336.5,103.4,296.5,191.20000000000002,1,1,1.0
31,6,863.0,419.4,253.79999999999995,178.39999999999998,1,1,1.0
31,7,326.8,574.4,139.3,292.6,1,1,1.0
31,8,757.7,725.7,341.70000000000005,181.0999999999999,1,1,1.0
31,9,1426.7,289.7,146.79999999999995,277.40000000000003,1,1,1.0
32,1,1778.27,767.96,264.01,181.20999999999992,1,1,1.0
32,2,461.1,711.0,141.79999999999995,231.70000000000005,1,1,1.0
32,3,1337.9,806.6,293.1999999999998,185.39999999999998,1,1,1.0
32,4,2002.8,427.4,183.79999999999995,356.4,1,1,1.0
32,5,1336.5,100.8,296.5,193.3,1,1,1.0
32,6,861.4,407.9,255.89999999999998,183.60000000000002,1,1,1.0
32,7,328.1,575.7,144.89999999999998,266.79999999999995,1,1,1.0
32,8,751.4,734.5,326.0000000000001,172.29999999999995,1,1,1.0
32,9,1422.1,289.7,147.9000000000001,280.90000000000003,1,1,1.0
33,1,1778.0,766.02,264.5,185.20000000000005,1,1,1.0
33,2,465.2,714.2,142.90000000000003,237.79999999999995,1,1,1.0
33,3,1348.3,806.6,282.79999999999995,184.79999999999995,1,1,1.0
33,4,2001.8,474.1,185.39999999999986,301.0,1,1,1.0
33,5,1336.5,101.8,294.9000000000001,191.8,1,1,1.0
33,6,879.2,406.9,290.39999999999986,204.0,1,1,1.0
33,7,330.0,575.7,151.10000000000002,263.69999999999993,1,1,1.0
33,8,757.1,733.9,320.30000000000007,172.30000000000007,1,1,1.0
33,9,1437.7,292.6,158.29999999999995,298.79999999999995,1,1,1.0
34,1,1779.4,764.3,263.5999999999999,185.20000000000005,1,1,1.0
34,2,465.8,721.4,143.49999999999994,248.5,1,1,1.0
34,3,1350.6,807.8,280.5,182.4000000000001,1,1,1.0
34,4,2005.5,480.5,182.9000000000001,294.6,1,1,1.0
34,5,1334.4,103.4,293.29999999999995,191.20000000000002,1,1,1.0
34,6,866.7,394.87,348.0999999999999,222.63,1,1,1.0
34,7,330.0,577.6,150.5,264.9,1,1,1.0
34,8,757.1,732.6,333.4999999999999,172.29999999999995,1,1,1.0
34,9,1450.4,291.4,154.89999999999986,300.6,1,1,1.0
35,1,1780.4,764.3,252.5,185.20000000000005,1,1,1.0
35,2,465.8,718.9,145.2,247.5,1,1,1.0
35,3,1351.0,807.8,280.0999999999999,182.4000000000001,1,1,1.0
35,4,2005.3,464.3,177.89999999999986,309.59999999999997,1,1,1.0
35,5,1336.0,103.4,292.20000000000005,190.70000000000002,1,1,1.0
35,6,875.0,370.8,334.79999999999995,249.49999999999994,1,1,1.0
35,7,330.0,580.1,149.2,261.1,1,1,1.0
35,8,763.4,721.9,336.0000000000001,178.0,1,1,1.0
35,9,1450.4,294.3,153.69999999999982,291.3,1,1,1.0
36,1,1779.9,762.4,253.0,187.10000000000002,1,1,1.0
36,2,463.5,713.9,142.89999999999998,253.0,1,1,1.0
36,3,1351.3,807.8,279.79999999999995,182.4000000000001,1,1,1.0
36,4,2005.9,463.7,176.44999999999982,308.75000000000006,1,1,1.0
36,5,1338.1,103.4,288.0,190.70000000000002,1,1,1.0
36,6,884.4,381.8,325.4,231.7,1,1,1.0
36,7,329.4,582.0,156.10000000000002,260.5,1,1,1.0
36,8,766.5,720.0,332.9000000000001,179.89999999999998,1,1,1.0
36,9,1450.4,288.5,144.39999999999986,309.79999999999995,1,1,1.0
37,1,1778.9,762.9,255.39999999999986,186.60000000000002,1,1,1.0
37,2,462.3,716.8,143.49999999999994,249.0,1,1,1.0
37,3,1353.3,807.8,277.79999999999995,182.4000000000001,1,1,1.0
37,4,2000.3,463.1,181.20000000000005,307.9,1,1,1.0
37,5,1337.1,103.9,287.4000000000001,190.20000000000002,1,1,1.0
37,6,887.5,377.6,321.79999999999995,223.89999999999998,1,1,1.0
37,7,330.7,585.2,153.5,260.5,1,1,1.0
37,8,773.4,728.8,341.0000000000001,183.70000000000005,1,1,1.0
37,9,1433.1,331.3,140.9000000000001,289.59999999999997,1,1,1.0
38,1,1776.0,764.3,257.29999999999995,184.70000000000005,1,1,1.0
38,2,459.4,716.8,145.80000000000007,254.20000000000005,1,1,1.0
38,3,1359.3,807.8,271.79999999999995,182.4000000000001,1,1,1.0
38,4,2001.5,464.3,180.5999999999999,306.7,1,1,1.0
38,5,1338.7,103.9,285.79999999999995,190.20000000000002,1,1,1.0
38,6,898.5,377.6,279.9000000000001,223.39999999999998,1,1,1.0
38,7,330.7,586.4,149.3,258.0,1,1,1.0
38,8,773.4,740.1,344.80000000000007,185.0,1,1,1.0
38,9,1425.0,335.3,147.79999999999995,262.99999999999994,1,1,1.0
39,1,1777.4,764.3,255.89999999999986,184.70000000000005,1,1,1.0
39,2,454.2,716.8,153.3,253.60000000000002,1,1,1.0
39,3,1359.3,807.8,270.60000000000014,182.4000000000001,1,1,1.0
39,4,2001.5,467.2,178.9000000000001,303.8,1,1,1.0
39,5,1336.6,103.9,287.9000000000001,190.20000000000002,1,1,1.0
39,6,899.1,376.6,272.4999999999999,218.19999999999993,1,1,1.0
39,7,330.7,587.7,145.3,255.39999999999998,1,1,1.0
39,8,781.6,760.2,356.1,169.29999999999995,1,1,1.0
39,9,1427.9,335.3,140.29999999999995,258.40000000000003,1,1,1.0
40,1,1778.4,764.3,256.29999999999995,183.70000000000005,1,1,1.0
40,2,457.1,718.0,152.10000000000002,252.39999999999998,1,1,1.0
40,3,1358.7,807.8,272.39999999999986,182.4000000000001,1,1,1.0
40,4,2002.1,468.9,178.9000000000001,303.30000000000007,1,1,1.0
40,5,1335.6,103.9,288.9000000000001,190.20000000000002,1,1,1.0
40,6,899.0,375.6,270.5,226.89999999999998,1,1,1.0
40,7,330.7,589.0,142.3,257.9,1,1,1.0
40,8,796.7,746.4,337.20000000000005,187.5,1,1,1.0
40,9,1429.1,334.1,137.9000000000001,264.19999999999993,1,1,1.0
41,1,1778.4,764.8,256.29999999999995,183.20000000000005,1,1,1.0
41,2,458.3,726.7,150.3,243.69999999999993,1,1,1.0
41,3,1379.5,810.1,251.5999999999999,180.10000000000002,1,1,1.0
41,4,2005.3,467.1,177.00000000000023,305.1,1,1,1.0
41,5,1335.1,103.9,289.4000000000001,190.20000000000002,1,1,1.0
41,6,903.2,375.6,266.29999999999995,251.5,1,1,1.0
41,7,330.7,591.5,144.0,250.39999999999998,1,1,1.0
41,8,802.4,742.6,315.80000000000007,185.60000000000002,1,1,1.0
41,9,1424.5,335.3,141.4000000000001,273.99999999999994,1,1,1.0
42,1,1777.9,764.8,255.79999999999995,183.20000000000005,1,1,1.0
42,2,455.4,727.3,159.0,241.4000000000001,1,1,1.0
42,3,1380.1,807.8,249.80000000000018,184.70000000000005,1,1,1.0
42,4,2005.9,464.1,179.5,308.1,1,1,1.0
42,5,1339.3,104.4,288.9000000000001,188.70000000000002,1,1,1.0
42,6,901.1,376.6,268.4,255.69999999999993,1,1,1.0
42,7,330.7,591.5,146.10000000000002,247.29999999999995,1,1,1.0
42,8,798.0,752.0,325.9000000000001,176.20000000000005,1,1,1.0
42,9,1411.2,339.9,150.70000000000005,247.39999999999998,1,1,1.0
43,1,1778.4,766.2,256.6999999999998,181.79999999999995,1,1,1.0
43,2,453.1,721.5,164.19999999999993,233.29999999999995,1,1,1.0
43,3,1380.1,809.7,248.4000000000001,182.79999999999995,1,1,1.0
43,4,2002.8,464.1,182.60000000000014,308.1,1,1,1.0
43,5,1338.3,103.9,288.29999999999995,190.79999999999998,1,1,1.0
43,6,904.2,376.6,255.5999999999999,259.9,1,1,1.0
43,7,330.7,591.5,142.3,249.79999999999995,1,1,1.0
43,8,794.9,755.6,303.9,175.10000000000002,1,1,1.0
43,9,1412.9,339.9,150.19999999999982,265.30000000000007,1,1,1.0
44,1,1777.0,766.2,260.0,181.79999999999995,1,1,1.0
44,2,451.9,716.9,171.80000000000007,229.80000000000007,1,1,1.0
44,3,1377.7,810.7,252.20000000000005,182.79999999999995,1,1,1.0
44,4,2004.1,464.1,181.30000000000018,308.1,1,1,1.0
44,5,1339.3,103.9,285.70000000000005,190.79999999999998,1,1,1.0
44,6,904.2,376.6,250.0999999999999,258.29999999999995,1,1,1.0
44,7,328.8,591.5,142.89999999999998,244.10000000000002,1,1,1.0
44,8,784.2,762.0,294.5,169.29999999999995,1,1,1.0
44,9,1424.5,341.1,152.5,266.4,1,1,1.0
45,1,1777.0,766.2,257.5999999999999,183.19999999999993,1,1,1.0
45,2,447.3,712.3,187.99999999999994,225.70000000000005,1,1,1.0
45,3,1377.7,811.7,250.79999999999995,181.79999999999995,1,1,1.0
45,4,2000.9,454.1,184.5,316.19999999999993,1,1,1.0
45,5,1344.5,105.5,284.70000000000005,190.2,1,1,1.0
45,6,901.6,376.6,253.30000000000007,247.79999999999995,1,1,1.0
45,7,326.3,591.5,142.5,249.79999999999995,1,1,1.0
45,8,774.2,780.2,283.79999999999995,151.69999999999993,1,1,1.0
45,9,1441.9,349.8,171.0,257.7,1,1,1.0
46,1,1777.0,763.8,257.5999999999999,186.30000000000007,1,1,1.0
46,2,432.3,726.2,228.59999999999997,214.0999999999999,1,1,1.0
46,3,1382.1,811.7,245.0,180.79999999999995,1,1,1.0
46,4,2003.5,459.1,182.5,312.5,1,1,1.0
46,5,1346.6,100.8,284.20000000000005,193.89999999999998,1,1,1.0
46,6,876.8,375.24,276.0,227.65999999999997,1,1,1.0
46,7,325.0,591.5,136.0,247.29999999999995,1,1,1.0
46,8,761.6,788.9,328.4,140.5,1,1,1.0
46,9,1417.6,360.2,166.9000000000001,281.40000000000003,1,1,1.0
47,1,1777.0,761.4,257.5999999999999,188.60000000000002,1,1,1.0
47,2,422.5,751.7,210.10000000000002,224.79999999999995,1,1,1.0
47,3,1382.1,808.3,247.4000000000001,185.20000000000005,1,1,1.0
47,4,2005.9,454.7,178.79999999999973,320.7,1,1,1.0
47,5,1357.1,100.8,282.10000000000014,187.59999999999997,1,1,1.0
47,6,873.4,374.5,279.9,225.79999999999995,1,1,1.0
47,7,325.0,591.5,155.39999999999998,229.70000000000005,1,1,1.0
47,8,774.2,774.5,328.39999999999986,154.89999999999998,1,1,1.0
47,9,1419.3,358.5,175.60000000000014,283.1,1,1,1.0
48,1,1776.5,758.5,258.0999999999999,192.39999999999998,1,1,1.0
48,2,432.3,747.6,212.90000000000003,235.0,1,1,1.0
48,3,1361.8,807.8,267.70000000000005,185.70000000000005,1,1,1.0
48,4,2005.4,464.7,175.5,308.2,1,1,1.0
48,5,1358.1,100.3,278.5,191.2,1,1,1.0
48,6,873.9,376.1,275.19999999999993,223.69999999999993,1,1,1.0
48,7,325.0,591.5,155.89999999999998,227.79999999999995,1,1,1.0
48,8,780.5,774.5,324.0,155.5,1,1,1.0
48,9,1417.6,340.0,164.0,273.79999999999995,1,1,1.0
49,1,1775.5,759.0,259.0999999999999,192.39999999999998,1,1,1.0
49,2,424.8,778.8,248.59999999999997,198.5,1,1,1.0
49,3,1366.1,804.9,268.20000000000005,185.70000000000005,1,1,1.0
49,4,2001.6,459.0,179.9000000000001,309.5,1,1,1.0
49,5,1367.5,100.8,272.20000000000005,190.2,1,1,1.0
49,6,872.9,376.1,276.80000000000007,224.19999999999993,1,1,1.0
49,7,326.55,591.5,155.84999999999997,227.79999999999995,1,1,1.0
49,8,781.1,774.5,323.4,156.10000000000002,1,1,1.0
49,9,1432.6,346.9,151.9000000000001,259.4,1,1,1.0
50,1,1776.0,759.0,256.70000000000005,192.39999999999998,1,1,1.0
50,2,410.9,803.7,262.5,174.79999999999995,1,1,1.0
50,3,1367.5,804.9,266.29999999999995,187.60000000000002,1,1,1.0
50,4,2002.2,455.9,179.89999999999986,312.6,1,1,1.0
50,5,1368.6,100.8,271.10000000000014,190.2,1,1,1.0
50,6,872.9,376.1,274.69999999999993,224.19999999999993,1,1,1.0
50,7,328.1,591.5,152.29999999999995,227.79999999999995,1,1,1.0
50,8,781.1,778.9,322.1,151.70000000000005,1,1,1.0
50,9,1430.9,351.5,155.29999999999995,257.1,1,1,1.0
51,1,1770.2,744.1,264.39999999999986,208.19999999999993,1,1,1.0
51,2,412.6,806.0,274.69999999999993,174.0,1,1,1.0
51,3,1367.5,804.9,266.79999999999995,187.20000000000005,1,1,1.0
51,4,1998.4,458.4,183.69999999999982,312.6,1,1,1.0
51,5,1366.5,95.0,270.0999999999999,196.0,1,1,1.0
51,6,869.8,376.1,277.29999999999995,224.19999999999993,1,1,1.0
51,7,327.5,583.3,151.2,238.60000000000002,1,1,1.0
51,8,781.1,778.9,322.1,151.70000000000005,1,1,1.0
51,9,1437.3,348.0,150.60000000000014,256.0,1,1,1.0
52,1,1768.8,739.8,264.79999999999995,212.5,1,1,1.0
52,2,416.1,800.8,265.4,177.10000000000002,1,1,1.0
52,3,1373.3,804.9,261.0,187.20000000000005,1,1,1.0
52,4,1999.6,468.4,181.20000000000027,300.70000000000005,1,1,1.0
52,5,1366.5,99.7,277.4000000000001,188.7,1,1,1.0
52,6,861.4,376.1,284.1,224.19999999999993,1,1,1.0
52,7,327.5,585.2,151.2,239.19999999999993,1,1,1.0
52,8,782.4,775.2,319.4,155.39999999999998,1,1,1.0
52,9,1436.1,350.9,153.0,258.30000000000007,1,1,1.0
53,1,1767.3,755.7,265.9000000000001,196.5999999999999,1,1,1.0
53,2,419.0,800.8,270.6,175.9000000000001,1,1,1.0
53,3,1350.6,804.9,279.4000000000001,187.20000000000005,1,1,1.0
53,4,2001.0,470.9,177.9000000000001,302.0,1,1,1.0
53,5,1369.6,100.2,271.70000000000005,187.2,1,1,1.0
53,6,844.7,377.1,300.79999999999995,220.10000000000002,1,1,1.0
53,7,328.1,586.5,152.7,252.29999999999995,1,1,1.0
53,8,785.5,768.9,320.20000000000005,160.39999999999998,1,1,1.0
53,9,1437.3,350.9,152.4000000000001,260.6,1,1,1.0
54,1,1752.8,766.3,280.4000000000001,183.60000000000002,1,1,1.0
54,2,419.0,796.7,250.60000000000002,180.5999999999999,1,1,1.0
54,3,1354.5,809.7,278.4000000000001,184.29999999999995,1,1,1.0
54,4,1999.6,481.6,180.5999999999999,292.6,1,1,1.0
54,5,1370.6,100.2,270.70000000000005,187.7,1,1,1.0
54,6,838.9,377.1,306.6,220.10000000000002,1,1,1.0
54,7,320.3,589.0,161.0,252.89999999999998,1,1,1.0
54,8,787.4,768.9,320.19999999999993,160.39999999999998,1,1,1.0
54,9,1437.9,349.2,151.19999999999982,263.50000000000006,1,1,1.0
55,1,1754.7,767.7,286.20000000000005,180.69999999999993,1,1,1.0
55,2,420.7,786.9,251.3,190.39999999999998,1,1,1.0
55,3,1381.5,806.3,251.4000000000001,185.30000000000007,1,1,1.0
55,4,1998.3,467.8,197.00000000000023,309.49999999999994,1,1,1.0
55,5,1369.6,101.8,269.60000000000014,187.09999999999997,1,1,1.0
55,6,838.9,377.1,307.1,222.19999999999993,1,1,1.0
55,7,320.8,590.9,159.2,252.89999999999998,1,1,1.0
55,8,791.1,768.9,318.9,161.70000000000005,1,1,1.0
55,9,1437.9,351.5,151.79999999999995,260.6,1,1,1.0
56,1,1755.7,765.8,283.79999999999995,182.10000000000002,1,1,1.0
56,2,428.8,778.8,223.7,195.60000000000002,1,1,1.0
56,3,1360.3,806.8,270.20000000000005,184.80000000000007,1,1,1.0
56,4,1992.1,465.3,233.30000000000018,311.99999999999994,1,1,1.0
56,5,1368.0,100.2,269.0999999999999,189.7,1,1,1.0
56,6,837.9,377.1,308.1,220.60000000000002,1,1,1.0
56,7,326.8,589.0,154.5,251.0,1,1,1.0
56,8,791.1,768.9,320.1,162.35000000000002,1,1,1.0
56,9,1437.9,356.1,152.39999999999986,271.0,1,1,1.0
57,1,1753.8,765.8,285.60000000000014,182.10000000000002,1,1,1.0
57,2,436.3,768.4,208.2,215.80000000000007,1,1,1.0
57,3,1375.7,806.3,273.5999999999999,188.70000000000005,1,1,1.0
57,4,1997.7,435.1,222.70000000000005,347.19999999999993,1,1,1.0
57,5,1363.3,100.2,273.79999999999995,189.7,1,1,1.0
57,6,837.9,377.1,308.1,220.60000000000002,1,1,1.0
57,7,318.7,589.0,163.40000000000003,250.39999999999998,1,1,1.0
57,8,791.1,768.9,317.80000000000007,163.0,1,1,1.0
57,9,1405.5,366.5,195.79999999999995,234.0,1,1,1.0
58,1,1741.3,767.7,298.79999999999995,179.19999999999993,1,1,1.0
58,2,447.9,762.0,202.20000000000005,221.10000000000002,1,1,1.0
58,3,1371.8,785.1,274.60000000000014,207.0,1,1,1.0
58,4,2002.1,453.9,181.30000000000018,322.70000000000005,1,1,1.0
58,5,1356.0,100.2,283.70000000000005,190.7,1,1,1.0
58,6,836.3,377.1,309.70000000000005,220.60000000000002,1,1,1.0
58,7,320.8,589.0,158.8,250.39999999999998,1,1,1.0
58,8,791.1,768.9,316.4999999999999,162.39999999999998,1,1,1.0
58,9,1410.7,342.8,169.20000000000005,255.40000000000003,1,1,1.0
59,1,1728.2,767.2,312.5999999999999,178.69999999999993,1,1,1.0
59,2,450.8,766.0,200.59999999999997,207.79999999999995,1,1,1.0
59,3,1372.8,803.4,273.60000000000014,188.70000000000005,1,1,1.0
59,4,1999.6,438.8,184.4000000000001,335.3,1,1,1.0
59,5,1355.0,100.2,282.0999999999999,191.7,1,1,1.0
59,6,853.6,377.1,292.4,220.60000000000002,1,1,1.0
59,7,320.0,589.0,161.3,251.95000000000005,1,1,1.0
59,8,789.8,773.3,270.10000000000014,156.70000000000005,1,1,1.0
59,9,1407.2,340.5,203.39999999999986,255.39999999999998,1,1,1.0
60,1,1740.7,767.7,298.70000000000005,172.0,1,1,1.0
60,2,443.2,762.5,209.90000000000003,218.79999999999995,1,1,1.0
60,3,1373.7,806.3,263.0999999999999,186.80000000000007,1,1,1.0
60,4,2005.9,459.5,179.4000000000001,314.6,1,1,1.0
60,5,1350.3,100.7,288.9000000000001,191.2,1,1,1.0
60,6,849.4,377.1,296.6,220.60000000000002,1,1,1.0
60,7,316.15,589.43,161.75,253.07000000000005,1,1,1.0
60,8,785.4,773.9,270.1,158.60000000000002,1,1,1.0
60,9,1407.2,340.5,228.29999999999995,247.89999999999998,1,1,1.0
61,1,1755.1,766.7,277.5,174.89999999999998,1,1,1.0
61,2,449.0,759.6,204.10000000000002,226.29999999999995,1,1,1.0
61,3,1372.3,806.3,262.60000000000014,186.80000000000007,1,1,1.0
61,4,2004.7,477.1,181.20000000000005,297.0,1,1,1.0
61,5,1345.6,100.7,288.4000000000001,194.3,1,1,1.0
61,6,849.4,377.1,297.6,221.10000000000002,1,1,1.0
61,7,328.7,589.6,139.8,252.89999999999998,1,1,1.0
61,8,785.4,773.9,280.1,158.60000000000002,1,1,1.0
61,9,1411.3,360.8,201.60000000000014,237.40000000000003,1,1,1.0
62,1,1756.1,766.2,285.70000000000005,175.39999999999998,1,1,1.0
62,2,451.9,759.6,201.20000000000005,230.89999999999998,1,1,1.0
62,3,1378.6,806.3,254.9000000000001,186.80000000000007,1,1,1.0
62,4,2004.7,454.5,181.20000000000005,319.6,1,1,1.0
62,5,1345.6,100.7,284.70000000000005,195.3,1,1,1.0
62,6,850.4,377.1,296.6,221.10000000000002,1,1,1.0
62,7,330.6,590.9,137.89999999999998,244.70000000000005,1,1,1.0
62,8,785.4,773.9,331.6,158.60000000000002,1,1,1.0
62,9,1414.8,366.0,188.79999999999995,235.70000000000005,1,1,1.0
63,1,1758.5,764.3,277.0,178.30000000000007,1,1,1.0
63,2,458.3,755.0,194.8,228.0,1,1,1.0
63,3,1379.5,806.3,255.0,188.70000000000005,1,1,1.0
63,4,2002.2,458.3,183.70000000000005,315.2,1,1,1.0
63,5,1347.7,100.7,278.89999999999986,194.8,1,1,1.0
63,6,852.0,377.1,295.0,221.10000000000002,1,1,1.0
63,7,329.3,589.0,139.2,246.0,1,1,1.0
63,8,786.7,770.8,335.89999999999986,163.10000000000002,1,1,1.0
63,9,1416.5,361.9,179.0,241.5,1,1,1.0
64,1,1764.8,763.4,274.10000000000014,179.20000000000005,1,1,1.0
64,2,461.8,754.4,190.09999999999997,229.80000000000007,1,1,1.0
64,3,1375.2,799.5,264.5999999999999,195.5,1,1,1.0
64,4,2003.5,452.0,182.4000000000001,321.5,1,1,1.0
64,5,1347.7,100.7,282.5999999999999,194.8,1,1,1.0
64,6,853.0,377.1,294.0,222.10000000000002,1,1,1.0
64,7,329.3,589.0,139.2,244.70000000000005,1,1,1.0
64,8,789.5,765.9,333.0999999999999,167.30000000000007,1,1,1.0
64,9,1418.2,364.8,178.5,240.90000000000003,1,1,1.0
65,1,1769.7,763.4,269.20000000000005,181.10000000000002,1,1,1.0
65,2,460.1,750.9,191.79999999999995,225.80000000000007,1,1,1.0
65,3,1383.9,799.5,250.0999999999999,195.5,1,1,1.0
65,4,2000.9,468.3,229.5999999999999,308.99999999999994,1,1,1.0
65,5,1349.3,102.8,279.4000000000001,191.09999999999997,1,1,1.0
65,6,855.1,377.1,291.9,222.10000000000002,1,1,1.0
65,7,323.62,589.58,143.0,234.69999999999993,1,1,1.0
65,8,792.3,765.9,328.9000000000001,166.60000000000002,1,1,1.0
65,9,1422.9,363.1,157.5999999999999,259.4,1,1,1.0
66,1,1750.9,762.9,291.39999999999986,180.60000000000002,1,1,1.0
66,2,458.9,749.2,193.0,234.39999999999998,1,1,1.0
66,3,1388.2,799.5,258.79999999999995,194.5,1,1,1.0
66,4,2004.7,472.1,220.70000000000005,303.9,1,1,1.0
66,5,1347.7,103.8,276.29999999999995,189.09999999999997,1,1,1.0
66,6,855.1,377.1,291.9,222.10000000000002,1,1,1.0
66,7,323.62,585.8,145.18,237.20000000000005,1,1,1.0
66,8,795.1,765.9,321.9,166.60000000000002,1,1,1.0
66,9,1422.9,363.6,157.5999999999999,258.9,1,1,1.0
67,1,1775.5,764.8,266.79999999999995,177.30000000000007,1,1,1.0
67,2,470.9,749.8,182.20000000000005,227.4000000000001,1,1,1.0
67,3,1383.4,798.5,255.89999999999986,195.5,1,1,1.0
67,4,2004.7,470.8,215.70000000000005,304.59999999999997,1,1,1.0
67,5,1348.7,103.8,279.0,190.09999999999997,1,1,1.0
67,6,865.6,377.1,281.4,222.10000000000002,1,1,1.0
67,7,321.7,585.8,147.3,239.10000000000002,1,1,1.0
67,8,797.9,763.8,312.19999999999993,167.30000000000007,1,1,1.0
67,9,1422.9,365.9,157.5999999999999,256.6,1,1,1.0
68,1,1775.0,766.7,267.29999999999995,175.39999999999998,1,1,1.0
68,2,476.8,742.9,176.3,243.0,1,1,1.0
68,3,1384.4,805.3,248.0999999999999,188.70000000000005,1,1,1.0
68,4,2005.35,455.5,209.45000000000027,319.9,1,1,1.0
68,5,1347.7,99.6,280.0,195.29999999999998,1,1,1.0
68,6,865.6,377.1,280.4,221.60000000000002,1,1,1.0
68,7,325.5,585.2,148.60000000000002,238.39999999999998,1,1,1.0
68,8,797.9,765.9,312.19999999999993,165.20000000000005,1,1,1.0
68,9,1423.5,365.9,158.20000000000005,259.5,1,1,1.0
69,1,1769.2,765.7,270.20000000000005,173.5,1,1,1.0
69,2,478.5,746.3,174.60000000000002,237.30000000000007,1,1,1.0
69,3,1385.8,810.6,244.79999999999995,184.79999999999995,1,1,1.0
69,4,2006.0,473.3,218.69999999999982,302.09999999999997,1,1,1.0
69,5,1346.7,102.2,279.39999999999986,193.2,1,1,1.0
69,6,861.9,377.1,282.6,221.60000000000002,1,1,1.0
69,7,324.3,585.2,149.8,242.19999999999993,1,1,1.0
69,8,800.7,762.4,307.29999999999995,168.70000000000005,1,1,1.0
69,9,1434.5,361.8,146.5999999999999,271.7,1,1,1.0
70,1,1761.5,765.7,279.29999999999995,180.29999999999995,1,1,1.0
70,2,480.2,750.4,172.90000000000003,221.60000000000002,1,1,1.0
70,3,1386.3,812.5,241.9000000000001,181.89999999999998,1,1,1.0
70,4,2000.4,476.4,224.29999999999973,298.4,1,1,1.0
70,5,1333.1,102.8,297.70000000000005,192.09999999999997,1,1,1.0
70,6,861.9,377.1,281.0000000000001,221.60000000000002,1,1,1.0
70,7,320.2,585.2,153.90000000000003,240.89999999999998,1,1,1.0
70,8,799.3,762.4,311.29999999999995,168.70000000000005,1,1,1.0
70,9,1395.2,439.9,198.0999999999999,235.80000000000007,1,1,1.0
71,1,1766.8,764.7,274.5,180.29999999999995,1,1,1.0
71,2,475.8,755.6,177.3,210.60000000000002,1,1,1.0
71,3,1387.26,812.5,239.03999999999996,181.89999999999998,1,1,1.0
71,4,2000.9,475.2,224.4000000000001,296.40000000000003,1,1,1.0
71,5,1333.1,104.9,296.70000000000005,189.99999999999997,1,1,1.0
71,6,861.37,377.1,281.5300000000001,221.60000000000002,1,1,1.0
71,7,325.5,585.2,144.8,243.39999999999998,1,1,1.0
71,8,797.9,763.8,308.69999999999993,167.30000000000007,1,1,1.0
71,9,1342.0,490.2,305.70000000000005,164.09999999999997,1,1,1.0
72,1,1773.6,759.7,276.4000000000001,181.89999999999998,1,1,1.0
72,2,479.0,756.2,174.10000000000002,229.0999999999999,1,1,1.0
72,3,1388.7,812.5,238.5999999999999,181.89999999999998,1,1,1.0
72,4,2002.2,473.3,208.70000000000005,298.3,1,1,1.0
72,5,1333.6,103.3,291.0,191.09999999999997,1,1,1.0
72,6,860.83,377.1,282.07000000000005,221.60000000000002,1,1,1.0
72,7,324.9,587.1,147.3,245.29999999999995,1,1,1.0
72,8,797.9,766.6,308.69999999999993,166.60000000000002,1,1,1.0
72,9,1309.0,502.4,344.5,139.20000000000005,1,1,1.0
73,1,1776.9,761.3,280.2999999999997,186.60000000000002,1,1,1.0
73,2,477.8,756.2,175.3,229.0999999999999,1,1,1.0
73,3,1388.2,811.5,239.0999999999999,182.89999999999998,1,1,1.0
73,4,2002.8,431.2,179.79999999999995,343.50000000000006,1,1,1.0
73,5,1335.2,99.1,287.79999999999995,195.29999999999998,1,1,1.0
73,6,860.3,377.1,282.60000000000014,221.60000000000002,1,1,1.0
73,7,324.9,587.1,154.20000000000005,241.0,1,1,1.0
73,8,790.3,768.0,330.20000000000005,163.10000000000002,1,1,1.0
73,9,1310.2,492.6,335.79999999999995,140.89999999999998,1,1,1.0
74,1,1776.9,760.3,283.6999999999998,186.60000000000002,1,1,1.0
74,2,475.0,750.4,178.10000000000002,237.20000000000005,1,1,1.0
74,3,1390.1,809.1,237.70000000000005,185.29999999999995,1,1,1.0
74,4,2003.4,451.9,179.19999999999982,312.80000000000007,1,1,1.0
74,5,1320.5,101.7,304.5999999999999,192.7,1,1,1.0
74,6,859.8,377.1,283.10000000000014,221.60000000000002,1,1,1.0
74,7,324.3,587.1,147.3,245.29999999999995,1,1,1.0
74,8,802.8,766.6,335.79999999999995,163.79999999999995,1,1,1.0
74,9,1270.3,462.51,288.9000000000001,162.89,1,1,1.0
75,1,1769.2,760.3,291.39999999999986,188.0,1,1,1.0
75,2,450.0,766.0,203.10000000000002,211.79999999999995,1,1,1.0
75,3,1391.1,806.7,238.60000000000014,187.69999999999993,1,1,1.0
75,4,2002.7,471.4,181.20000000000005,297.1,1,1,1.0
75,5,1322.1,101.7,303.0,192.7,1,1,1.0
75,6,858.8,377.1,284.10000000000014,221.60000000000002,1,1,1.0
75,7,323.0,587.1,148.60000000000002,238.39999999999998,1,1,1.0
75,8,805.6,757.6,324.69999999999993,174.19999999999993,1,1,1.0
75,9,1255.3,449.2,290.0,185.50000000000006,1,1,1.0
76,1,1767.3,759.8,292.29999999999995,180.30000000000007,1,1,1.0
76,2,451.7,749.2,197.3,245.39999999999998,1,1,1.0
76,3,1378.59,804.82,257.9000000000001,190.0999999999999,1,1,1.0
76,4,2001.5,455.1,180.5,314.69999999999993,1,1,1.0
76,5,1323.7,102.7,301.39999999999986,191.7,1,1,1.0
76,6,857.8,377.1,285.10000000000014,221.60000000000002,1,1,1.0
76,7,321.1,585.2,150.79999999999995,240.29999999999995,1,1,1.0
76,8,802.8,759.7,323.29999999999995,172.0999999999999,1,1,1.0
76,9,1244.3,455.0,292.9000000000001,176.79999999999995,1,1,1.0
77,1,1752.8,759.8,307.79999999999995,187.4000000000001,1,1,1.0
77,2,422.8,808.3,163.8,177.60000000000002,1,1,1.0
77,3,1370.9,803.4,262.6999999999998,190.10000000000002,1,1,1.0
77,4,2001.5,462.6,179.9000000000001,310.29999999999995,1,1,1.0
77,5,1320.0,102.7,306.0999999999999,191.7,1,1,1.0
77,6,862.5,377.1,280.4000000000001,221.60000000000002,1,1,1.0
77,7,325.5,581.4,156.7,251.0,1,1,1.0
77,8,804.2,756.2,313.5999999999999,174.19999999999993,1,1,1.0
77,9,1246.6,449.2,290.60000000000014,178.00000000000006,1,1,1.0
78,1,1743.6,759.8,317.8000000000002,187.30000000000007,1,1,1.0
78,2,408.4,854.6,182.70000000000005,136.5,1,1,1.0
78,3,1373.3,806.3,260.29999999999995,187.70000000000005,1,1,1.0
78,4,2004.6,466.4,176.80000000000018,306.5,1,1,1.0
78,5,1328.9,102.7,295.5999999999999,191.7,1,1,1.0
78,6,861.5,377.1,281.4000000000001,221.60000000000002,1,1,1.0
78,7,324.2,581.4,155.60000000000002,259.20000000000005,1,1,1.0
78,8,804.2,757.6,315.70000000000005,172.79999999999995,1,1,1.0
78,9,1242.0,463.1,290.0,152.5,1,1,1.0
79,1,1742.4,759.0,320.1999999999998,188.10000000000002,1,1,1.0
79,2,408.4,854.6,189.60000000000002,133.60000000000002,1,1,1.0
79,3,1374.7,806.3,256.5,187.70000000000005,1,1,1.0
79,4,2002.7,462.0,179.29999999999995,310.20000000000005,1,1,1.0
79,5,1342.0,102.7,285.0999999999999,191.7,1,1,1.0
79,6,862.0,377.1,280.9000000000001,221.60000000000002,1,1,1.0
79,7,322.9,581.4,155.60000000000002,252.89999999999998,1,1,1.0
79,8,804.2,759.0,310.0999999999999,174.89999999999998,1,1,1.0
79,9,1232.2,462.5,314.79999999999995,152.5,1,1,1.0
80,1,1744.0,759.0,318.5999999999999,189.79999999999995,1,1,1.0
80,2,417.1,860.4,182.60000000000002,129.5,1,1,1.0
80,3,1376.1,807.3,254.10000000000014,187.20000000000005,1,1,1.0
80,4,2002.7,424.3,185.60000000000014,350.40000000000003,1,1,1.0
80,5,1352.4,102.2,273.0999999999999,190.10000000000002,1,1,1.0
80,6,862.0,378.1,280.9000000000001,220.60000000000002,1,1,1.0
80,7,322.9,581.4,155.60000000000002,268.6,1,1,1.0
80,8,802.8,760.4,311.5,172.10000000000002,1,1,1.0
80,9,1182.4,476.3,352.5,139.90000000000003,1,1,1.0
81,1,1740.8,759.0,323.39999999999986,188.10000000000002,1,1,1.0
81,2,418.8,846.5,179.2,144.60000000000002,1,1,1.0
81,3,1380.4,804.9,248.79999999999995,189.60000000000002,1,1,1.0
81,4,2006.5,411.7,173.5999999999999,316.50000000000006,1,1,1.0
81,5,1356.1,103.2,264.70000000000005,189.60000000000002,1,1,1.0
81,6,862.0,378.1,281.9000000000001,220.60000000000002,1,1,1.0
81,7,322.9,586.4,158.10000000000002,262.30000000000007,1,1,1.0
81,8,802.8,759.7,304.60000000000014,172.79999999999995,1,1,1.0
81,9,1132.6,469.4,334.0,143.30000000000007,1,1,1.0
82,1,1760.1,759.0,302.9000000000001,188.10000000000002,1,1,1.0
82,2,410.7,853.4,193.09999999999997,137.10000000000002,1,1,1.0
82,3,1383.8,800.1,245.4000000000001,193.0,1,1,1.0
82,4,2005.2,409.2,171.79999999999995,313.40000000000003,1,1,1.0
82,5,1355.0,103.2,265.79999999999995,190.60000000000002,1,1,1.0
82,6,862.0,378.1,252.5999999999999,220.60000000000002,1,1,1.0
82,7,322.9,586.4,158.10000000000002,264.20000000000005,1,1,1.0
82,8,802.8,762.5,306.70000000000005,170.70000000000005,1,1,1.0
82,9,1090.4,478.7,307.89999999999986,134.00000000000006,1,1,1.0
83,1,1752.1,759.0,308.5,188.10000000000002,1,1,1.0
83,2,413.6,845.3,193.69999999999993,144.0,1,1,1.0
83,3,1385.7,803.0,241.5999999999999,190.10000000000002,1,1,1.0
83,4,2002.8,433.7,179.20000000000005,295.2,1,1,1.0
83,5,1354.5,103.2,263.20000000000005,190.60000000000002,1,1,1.0
83,6,863.6,378.1,241.10000000000002,221.60000000000002,1,1,1.0
83,7,322.9,586.4,158.10000000000002,262.30000000000007,1,1,1.0
83,8,802.8,764.6,303.20000000000005,170.69999999999993,1,1,1.0
83,9,1043.5,481.0,327.0,136.29999999999995,1,1,1.0
84,1,1761.3,759.0,303.29999999999995,188.10000000000002,1,1,1.0
84,2,416.5,843.8,190.79999999999995,145.5,1,1,1.0
84,3,1386.9,804.7,243.29999999999995,189.0,1,1,1.0
84,4,2005.9,443.7,177.4000000000001,291.40000000000003,1,1,1.0
84,5,1351.9,102.2,265.79999999999995,191.60000000000002,1,1,1.0
84,6,863.6,378.1,233.30000000000007,221.60000000000002,1,1,1.0
84,7,322.9,586.4,158.70000000000005,260.4,1,1,1.0
84,8,798.6,764.6,305.30000000000007,170.69999999999993,1,1,1.0
84,9,948.6,471.2,350.1,157.09999999999997,1,1,1.0
85,1,1736.0,759.0,328.5999999999999,189.29999999999995,1,1,1.0
85,2,389.3,859.2,217.99999999999994,128.89999999999998,1,1,1.0
85,3,1380.0,804.7,249.0,189.5999999999999,1,1,1.0
85,4,2004.6,439.9,177.4000000000001,294.70000000000005,1,1,1.0
85,5,1334.6,101.2,283.10000000000014,196.3,1,1,1.0
85,6,863.8,378.1,233.10000000000014,221.60000000000002,1,1,1.0
85,7,322.9,586.4,158.10000000000002,254.80000000000007,1,1,1.0
85,8,797.2,765.3,303.89999999999986,167.9000000000001,1,1,1.0
85,9,964.2,470.6,322.29999999999995,149.60000000000002,1,1,1.0
86,1,1736.0,758.6,327.0,189.69999999999993,1,1,1.0
86,2,351.1,857.5,258.5,131.79999999999995,1,1,1.0
86,3,1384.0,805.3,242.70000000000005,189.0,1,1,1.0
86,4,2004.6,443.0,178.0,291.6,1,1,1.0
86,5,1340.4,101.2,278.29999999999995,195.3,1,1,1.0
86,6,864.0,378.1,232.9000000000001,221.60000000000002,1,1,1.0
86,7,322.9,586.4,158.10000000000002,254.80000000000007,1,1,1.0
86,8,797.2,765.3,261.5,165.80000000000007,1,1,1.0
86,9,982.1,463.7,294.6,175.59999999999997,1,1,1.0
87,1,1732.8,759.0,323.0000000000002,188.10000000000002,1,1,1.0
87,2,398.5,807.7,227.29999999999995,148.0,1,1,1.0
87,3,1386.3,807.6,242.70000000000005,189.0,1,1,1.0
87,4,1999.0,446.8,183.5999999999999,289.7,1,1,1.0
87,5,1315.8,101.2,307.10000000000014,195.3,1,1,1.0
87,6,862.1,378.1,234.80000000000007,221.60000000000002,1,1,1.0
87,7,322.9,586.4,158.10000000000002,252.30000000000007,1,1,1.0
87,8,796.6,765.65,257.6,168.55000000000007,1,1,1.0
87,9,967.6,474.1,310.80000000000007,160.60000000000002,1,1,1.0
88,1,1736.8,759.0,316.60000000000014,189.70000000000005,1,1,1.0
88,2,448.3,614.4,128.90000000000003,315.26,1,1,1.0
88,3,1385.1,806.4,248.5,190.20000000000005,1,1,1.0
88,4,1999.0,449.3,183.5999999999999,287.2,1,1,1.0
88,5,1318.9,102.2,310.29999999999995,194.3,1,1,1.0
88,6,862.6,378.1,234.30000000000007,221.60000000000002,1,1,1.0
88,7,319.1,583.9,136.09999999999997,271.1,1,1,1.0
88,8,783.3,766.0,266.4000000000001,171.29999999999995,1,1,1.0
88,9,987.3,477.6,317.70000000000005,169.79999999999995,1,1,1.0
89,1,1766.2,759.0,281.9999999999998,189.70000000000005,1,1,1.0
89,2,359.19,506.8,188.10999999999996,273.59999999999997,1,1,1.0
89,3,1385.7,811.0,246.70000000000005,185.60000000000002,1,1,1.0
89,4,1999.0,449.3,184.9000000000001,289.09999999999997,1,1,1.0
89,5,1326.2,102.2,299.29999999999995,191.7,1,1,1.0
89,6,862.6,379.4,234.30000000000007,220.80000000000007,1,1,1.0
89,7,317.8,583.3,153.7,266.70000000000005,1,1,1.0
89,8,747.2,779.9,282.39999999999986,142.80000000000007,1,1,1.0
89,9,985.0,473.0,326.4000000000001,153.0,1,1,1.0
90,1,1767.4,761.3,279.5999999999999,189.10000000000002,1,1,1.0
90,2,351.7,504.1,200.00000000000006,270.5,1,1,1.0
90,3,1388.0,811.0,241.5,185.60000000000002,1,1,1.0
90,4,2005.3,437.4,178.60000000000014,299.70000000000005,1,1,1.0
90,5,1325.7,102.7,297.70000000000005,190.2,1,1,1.0
90,6,862.6,380.7,234.30000000000007,220.00000000000006,1,1,1.0
90,7,319.7,586.4,153.10000000000002,247.30000000000007,1,1,1.0
90,8,734.0,757.0,320.5999999999999,136.5,1,1,1.0
90,9,1020.9,462.6,278.30000000000007,202.69999999999993,1,1,1.0
91,1,1773.8,763.6,274.39999999999986,186.79999999999995,1,1,1.0
91,2,347.1,503.3,199.29999999999995,267.3,1,1,1.0
91,3,1388.6,804.6,241.5,188.5,1,1,1.0
91,4,2005.3,446.2,178.60000000000014,289.59999999999997,1,1,1.0
91,5,1300.6,104.8,330.10000000000014,190.2,1,1,1.0
91,6,885.6,380.7,225.39999999999998,220.00000000000006,1,1,1.0
91,7,319.7,588.9,158.10000000000002,241.70000000000005,1,1,1.0
91,8,733.3,761.2,336.20000000000005,133.69999999999993,1,1,1.0
91,9,1035.4,458.0,247.0,273.29999999999995,1,1,1.0
92,1,1772.1,759.5,276.0999999999999,190.89999999999998,1,1,1.0
92,2,347.7,506.2,196.50000000000006,262.7,1,1,1.0
92,3,1389.8,804.6,240.9000000000001,190.79999999999995,1,1,1.0
92,4,2002.2,452.5,181.70000000000005,283.29999999999995,1,1,1.0
92,5,1314.7,111.1,316.0,186.00000000000003,1,1,1.0
92,6,884.0,380.7,214.4000000000001,220.00000000000006,1,1,1.0
92,7,320.3,590.8,157.5,248.60000000000002,1,1,1.0
92,8,736.8,759.8,331.0,134.4000000000001,1,1,1.0
92,9,1035.9,452.8,236.0999999999999,252.99999999999994,1,1,1.0
93,1,1773.8,762.4,274.39999999999986,188.0,1,1,1.0
93,2,347.1,507.65,199.10000000000002,261.25,1,1,1.0
93,3,1390.4,811.0,239.69999999999982,185.0,1,1,1.0
93,4,1998.4,428.0,185.5,302.79999999999995,1,1,1.0
93,5,1324.6,112.1,307.70000000000005,191.29999999999998,1,1,1.0
93,6,884.0,380.7,213.4000000000001,220.00000000000006,1,1,1.0
93,7,323.4,592.1,154.40000000000003,246.0,1,1,1.0
93,8,735.4,760.5,340.1,133.0,1,1,1.0
93,9,1031.8,448.2,237.9000000000001,263.40000000000003,1,1,1.0
94,1,1742.0,762.4,312.0,188.0,1,1,1.0
94,2,346.0,509.1,199.89999999999998,259.79999999999995,1,1,1.0
94,3,1390.2,791.2,239.29999999999995,206.5,1,1,1.0
94,4,1997.8,425.5,185.50000000000023,295.9,1,1,1.0
94,5,1323.6,112.1,307.70000000000005,191.29999999999998,1,1,1.0
94,6,883.0,380.7,213.9000000000001,220.00000000000006,1,1,1.0
94,7,323.4,592.1,157.5,242.19999999999993,1,1,1.0
94,8,735.4,758.4,344.30000000000007,140.70000000000005,1,1,1.0
94,9,1035.3,445.3,232.10000000000014,229.3,1,1,1.0
95,1,1753.6,762.4,303.9000000000001,188.0,1,1,1.0
95,2,346.6,507.4,200.5,261.5,1,1,1.0
95,3,1390.4,782.7,242.5999999999999,215.0,1,1,1.0
95,4,1997.8,433.0,188.00000000000023,288.4,1,1,1.0
95,5,1322.6,110.0,307.70000000000005,189.2,1,1,1.0
95,6,867.3,380.7,229.60000000000014,220.00000000000006,1,1,1.0
95,7,321.5,592.1,160.0,244.69999999999993,1,1,1.0
95,8,739.6,761.2,349.80000000000007,136.5,1,1,1.0
95,9,1037.6,457.5,228.10000000000014,211.89999999999998,1,1,1.0
96,1,1746.7,759.5,310.79999999999995,190.29999999999995,1,1,1.0
96,2,340.2,509.7,205.7,259.2,1,1,1.0
96,3,1389.8,773.9,245.5,223.80000000000007,1,1,1.0
96,4,2006.0,428.0,179.80000000000018,294.70000000000005,1,1,1.0
96,5,1318.4,106.9,310.29999999999995,192.29999999999998,1,1,1.0
96,6,947.4,415.1,172.0000000000001,274.6,1,1,1.0
96,7,320.2,592.1,168.8,235.29999999999995,1,1,1.0
96,8,739.6,763.3,351.9,141.30000000000007,1,1,1.0
96,9,1037.6,468.5,229.30000000000018,228.70000000000005,1,1,1.0
97,1,1718.3,759.5,338.0000000000002,190.29999999999995,1,1,1.0
97,2,353.5,511.4,192.39999999999998,257.5,1,1,1.0
97,3,1382.3,789.1,246.10000000000014,207.39999999999998,1,1,1.0
97,4,2006.0,423.0,179.80000000000018,301.6,1,1,1.0
97,5,1318.4,103.2,305.5999999999999,192.3,1,1,1.0
97,6,954.9,438.5,178.19999999999993,244.89999999999998,1,1,1.0
97,7,325.2,596.5,161.90000000000003,235.89999999999998,1,1,1.0
97,8,753.5,764.7,348.4000000000001,148.89999999999998,1,1,1.0
97,9,1135.4,386.3,154.5999999999999,273.86999999999995,1,1,1.0
98,1,1747.2,758.9,307.89999999999986,190.89999999999998,1,1,1.0
98,2,337.3,506.8,209.8,254.59999999999997,1,1,1.0
98,3,1358.0,800.7,271.5999999999999,195.19999999999993,1,1,1.0
98,4,2004.7,422.4,180.49999999999977,304.70000000000005,1,1,1.0
98,5,1320.5,105.3,304.5,191.8,1,1,1.0
98,6,948.6,370.1,175.80000000000007,287.6,1,1,1.0
98,7,334.0,664.3,151.8,237.20000000000005,1,1,1.0
98,8,750.7,768.2,279.0,139.19999999999993,1,1,1.0
98,9,1169.0,381.7,157.4000000000001,289.40000000000003,1,1,1.0
99,1,1747.8,758.9,307.29999999999995,189.70000000000005,1,1,1.0
99,2,350.0,506.4,188.5,255.0,1,1,1.0
99,3,1359.7,808.2,270.5,189.39999999999998,1,1,1.0
99,4,2003.4,421.1,179.9000000000001,310.4,1,1,1.0
99,5,1318.4,105.3,305.5999999999999,191.8,1,1,1.0
99,6,867.4,380.8,262.0000000000001,317.40000000000003,1,1,1.0
99,7,285.6,610.9,179.5,211.5,1,1,1.0
99,8,745.1,763.3,277.69999999999993,142.10000000000002,1,1,1.0
99,9,1167.3,379.4,180.5,339.70000000000005,1,1,1.0
100,1,1772.1,762.9,278.9000000000001,185.5,1,1,1.0
100,2,353.8,509.15,188.59999999999997,249.95000000000005,1,1,1.0
100,3,1359.1,807.0,269.4000000000001,190.60000000000002,1,1,1.0
100,4,2001.5,442.5,183.0999999999999,290.29999999999995,1,1,1.0
100,5,1317.4,104.8,305.5999999999999,190.7,1,1,1.0
100,6,848.2,391.5,291.20000000000005,219.60000000000002,1,1,1.0
100,7,268.6,588.3,200.29999999999995,213.4000000000001,1,1,1.0
100,8,741.6,765.4,285.9999999999999,133.80000000000007,1,1,1.0
100,9,1163.5,374.8,198.20000000000005,314.8,1,1,1.0
101,1,1730.4,758.8,321.1999999999998,192.60000000000002,1,1,1.0
101,2,339.6,501.5,202.29999999999995,255.29999999999995,1,1,1.0
101,3,1384.0,815.1,246.20000000000005,183.69999999999993,1,1,1.0
101,4,2001.5,443.8,185.0,292.8,1,1,1.0
101,5,1321.6,105.8,300.9000000000001,190.7,1,1,1.0
101,6,668.61,486.3,334.49,142.99999999999994,1,1,1.0
101,7,271.1,576.4,196.5,234.70000000000005,1,1,1.0
101,8,738.8,764.0,338.10000000000014,135.20000000000005,1,1,1.0
101,9,1180.0,376.0,144.0999999999999,303.20000000000005,1,1,1.0
102,1,1747.8,758.8,309.60000000000014,192.60000000000002,1,1,1.0
102,2,353.5,509.2,188.39999999999998,251.09999999999997,1,1,1.0
102,3,1384.0,798.3,243.9000000000001,204.0,1,1,1.0
102,4,2003.4,436.9,181.79999999999973,297.80000000000007,1,1,1.0
102,5,1333.1,106.3,291.5,190.7,1,1,1.0
102,6,504.1,463.1,314.4,141.10000000000002,1,1,1.0
102,7,273.6,583.3,177.7,237.20000000000005,1,1,1.0
102,8,739.5,763.3,335.29999999999995,135.20000000000005,1,1,1.0
102,9,1180.0,382.4,140.5999999999999,280.6,1,1,1.0
103,1,1743.2,758.2,315.89999999999986,193.19999999999993,1,1,1.0
103,2,350.1,509.2,191.79999999999995,251.09999999999997,1,1,1.0
103,3,1366.6,798.3,274.60000000000014,206.30000000000007,1,1,1.0
103,4,2005.9,426.9,176.79999999999973,305.30000000000007,1,1,1.0
103,5,1328.9,106.8,296.79999999999995,187.59999999999997,1,1,1.0
103,6,468.9,423.5,321.30000000000007,153.70000000000005,1,1,1.0
103,7,271.1,582.7,174.5,247.19999999999993,1,1,1.0
103,8,739.5,763.3,338.79999999999995,135.20000000000005,1,1,1.0
103,9,1161.5,382.4,146.4000000000001,278.30000000000007,1,1,1.0
104,1,1768.6,757.6,287.5999999999999,193.79999999999995,1,1,1.0
104,2,349.2,507.5,192.7,257.4,1,1,1.0
104,3,1375.9,808.7,267.0,191.79999999999995,1,1,1.0
104,4,2004.6,416.2,175.5999999999999,316.00000000000006,1,1,1.0
104,5,1330.5,106.8,291.5,189.7,1,1,1.0
104,6,462.0,407.8,321.9,168.8,1,1,1.0
104,7,273.0,582.7,169.5,244.69999999999993,1,1,1.0
104,8,738.1,764.7,337.4,131.0,1,1,1.0
104,9,1086.3,382.4,223.9000000000001,268.5,1,1,1.0
105,1,1773.8,757.6,282.39999999999986,193.79999999999995,1,1,1.0
105,2,340.8,510.4,201.7,253.30000000000007,1,1,1.0
105,3,1384.6,812.2,258.3000000000002,186.5999999999999,1,1,1.0
105,4,2002.7,409.3,173.10000000000014,315.99999999999994,1,1,1.0
105,5,1331.5,106.8,293.0999999999999,189.2,1,1,1.0
105,6,494.7,453.0,275.40000000000003,131.70000000000005,1,1,1.0
105,7,289.3,581.4,146.3,289.30000000000007,1,1,1.0
105,8,738.8,764.7,338.10000000000014,132.39999999999998,1,1,1.0
105,9,1044.6,420.6,292.8000000000002,212.39999999999998,1,1,1.0
106,1,1748.3,757.6,307.89999999999986,193.79999999999995,1,1,1.0
106,2,343.7,513.1,199.3,250.60000000000002,1,1,1.0
106,3,1388.1,814.5,242.10000000000014,184.29999999999995,1,1,1.0
106,4,2002.7,428.8,171.79999999999995,293.40000000000003,1,1,1.0
106,5,1334.6,107.8,288.4000000000001,185.8,1,1,1.0
106,6,455.8,451.1,313.7,134.19999999999993,1,1,1.0
106,7,302.5,626.0,172.7,279.20000000000005,1,1,1.0
106,8,738.1,759.1,344.4,135.19999999999993,1,1,1.0
106,9,1038.8,471.5,283.0,152.20000000000005,1,1,1.0
107,1,1737.3,766.3,317.70000000000005,183.4000000000001,1,1,1.0
107,2,352.4,510.4,190.10000000000002,250.39999999999998,1,1,1.0
107,3,1385.2,792.5,247.29999999999995,209.79999999999995,1,1,1.0
107,4,2002.7,416.2,170.60000000000014,307.90000000000003,1,1,1.0
107,5,1302.2,106.8,321.29999999999995,187.59999999999997,1,1,1.0
107,6,448.3,431.0,318.7,154.29999999999995,1,1,1.0
107,7,263.57,581.4,170.82999999999998,234.60000000000002,1,1,1.0
107,8,737.4,760.5,339.5000000000001,135.89999999999998,1,1,1.0
107,9,911.5,492.9,329.29999999999995,149.89999999999998,1,1,1.0
108,1,1735.6,768.6,320.5999999999999,179.39999999999998,1,1,1.0
108,2,355.9,511.6,186.60000000000002,246.89999999999998,1,1,1.0
108,3,1387.5,803.5,246.20000000000005,200.0,1,1,1.0
108,4,2004.0,374.8,163.5999999999999,341.09999999999997,1,1,1.0
108,5,1327.3,107.3,296.20000000000005,188.7,1,1,1.0
108,6,452.1,446.1,316.19999999999993,139.19999999999993,1,1,1.0
108,7,257.3,578.3,191.5,211.30000000000007,1,1,1.0
108,8,737.4,759.1,341.6,135.89999999999998,1,1,1.0
108,9,842.1,498.7,347.80000000000007,140.59999999999997,1,1,1.0
109,1,1729.2,766.3,322.89999999999986,181.70000000000005,1,1,1.0
109,2,346.6,507.5,197.0,245.20000000000005,1,1,1.0
109,3,1389.2,802.9,247.39999999999986,200.60000000000002,1,1,1.0
109,4,2004.0,392.4,164.9000000000001,326.0,1,1,1.0
109,5,1334.6,104.1,288.9000000000001,191.9,1,1,1.0
109,6,477.8,453.7,286.7,125.90000000000003,1,1,1.0
109,7,257.3,579.6,177.09999999999997,210.0,1,1,1.0
109,8,736.7,757.7,348.5,137.29999999999995,1,1,1.0
109,9,795.2,518.4,324.70000000000005,138.30000000000007,1,1,1.0
110,1,1760.4,760.5,288.1999999999998,178.79999999999995,1,1,1.0
110,2,340.5,511.0,203.10000000000002,247.5,1,1,1.0
110,3,1388.0,809.3,245.0999999999999,193.0,1,1,1.0
110,4,2004.0,411.2,164.9000000000001,317.2,1,1,1.0
110,5,1354.5,103.1,269.0,192.9,1,1,1.0
110,6,454.6,457.5,293.6,134.70000000000005,1,1,1.0
110,7,258.6,579.6,182.7,206.89999999999998,1,1,1.0
110,8,736.7,757.7,340.20000000000005,141.5,1,1,1.0
110,9,795.2,518.4,327.5999999999999,141.80000000000007,1,1,1.0
111,1,1743.0,761.7,305.5999999999999,177.5999999999999,1,1,1.0
111,2,356.1,511.0,187.5,247.5,1,1,1.0
111,3,1389.2,763.0,244.5,239.29999999999995,1,1,1.0
111,4,2004.0,409.9,164.30000000000018,311.0,1,1,1.0
111,5,1355.5,96.8,267.0,198.09999999999997,1,1,1.0
111,6,478.5,470.7,267.79999999999995,130.3,1,1,1.0
111,7,250.4,582.7,182.1,197.5,1,1,1.0
111,8,736.7,761.2,326.29999999999995,135.89999999999998,1,1,1.0
111,9,787.7,514.9,328.70000000000005,145.30000000000007,1,1,1.0
112,1,1737.2,761.7,311.39999999999986,177.5999999999999,1,1,1.0
112,2,351.2,511.6,192.40000000000003,242.29999999999995,1,1,1.0
112,3,1384.0,775.7,250.9000000000001,227.79999999999995,1,1,1.0
112,4,2004.0,407.4,164.30000000000018,314.1,1,1,1.0
112,5,1356.0,94.7,266.5,201.8,1,1,1.0
112,6,490.4,454.4,259.70000000000005,146.60000000000002,1,1,1.0
112,7,246.6,582.1,185.9,203.10000000000002,1,1,1.0
112,8,736.7,761.2,327.70000000000005,135.89999999999998,1,1,1.0
112,9,790.6,515.5,323.4999999999999,142.39999999999998,1,1,1.0
113,1,1737.2,761.7,313.70000000000005,177.5999999999999,1,1,1.0
113,2,357.6,511.0,186.0,245.20000000000005,1,1,1.0
113,3,1373.6,775.7,267.10000000000014,229.0,1,1,1.0
113,4,2000.2,423.7,193.20000000000005,313.50000000000006,1,1,1.0
113,5,1359.7,94.7,262.79999999999995,199.2,1,1,1.0
113,6,474.7,437.4,278.50000000000006,149.80000000000007,1,1,1.0
113,7,246.6,586.5,185.9,220.70000000000005,1,1,1.0
113,8,737.4,761.2,286.69999999999993,129.5999999999999,1,1,1.0
113,9,816.6,519.0,295.80000000000007,140.60000000000002,1,1,1.0
114,1,1739.5,757.1,317.1999999999998,187.39999999999998,1,1,1.0
114,2,355.3,512.2,189.49999999999994,245.19999999999993,1,1,1.0
114,3,1383.4,760.7,253.79999999999995,244.0,1,1,1.0
114,4,2003.4,404.9,173.69999999999982,331.0,1,1,1.0
114,5,1356.6,83.2,268.5,213.3,1,1,1.0
114,6,465.2,414.8,288.00000000000006,178.7,1,1,1.0
114,7,307.5,640.5,165.8,249.5,1,1,1.0
114,8,739.5,734.1,271.4,143.5,1,1,1.0
114,9,824.7,516.1,288.29999999999995,142.89999999999998,1,1,1.0
115,1,1750.5,757.1,308.5,188.60000000000002,1,1,1.0
115,2,350.7,507.6,193.50000000000006,248.60000000000002,1,1,1.0
115,3,1388.6,768.8,246.9000000000001,236.5,1,1,1.0
115,4,2004.0,384.8,171.80000000000018,332.8,1,1,1.0
115,5,1358.2,86.3,266.39999999999986,210.2,1,1,1.0
115,6,457.7,415.4,295.50000000000006,178.10000000000002,1,1,1.0
115,7,309.4,589.01,136.40000000000003,227.49,1,1,1.0
115,8,733.9,725.8,324.9,142.80000000000007,1,1,1.0
115,9,790.6,499.9,320.69999999999993,159.10000000000002,1,1,1.0
116,1,1751.1,757.7,310.2000000000003,189.19999999999993,1,1,1.0
116,2,350.7,518.6,192.3,241.10000000000002,1,1,1.0
116,3,1383.4,782.7,264.29999999999995,222.5999999999999,1,1,1.0
116,4,2004.0,384.8,164.9000000000001,315.8,1,1,1.0
116,5,1359.8,86.3,262.20000000000005,210.2,1,1,1.0
116,6,453.3,429.8,301.2,163.7,1,1,1.0
116,7,309.4,589.01,131.70000000000005,215.59000000000003,1,1,1.0
116,8,732.5,735.5,336.0,140.70000000000005,1,1,1.0
116,9,758.8,509.2,330.5,133.00000000000006,1,1,1.0
117,1,1748.2,757.1,313.10000000000014,189.79999999999995,1,1,1.0
117,2,357.6,510.5,190.60000000000002,248.60000000000002,1,1,1.0
117,3,1384.5,776.3,263.20000000000005,230.20000000000005,1,1,1.0
117,4,2002.1,411.2,172.5,296.3,1,1,1.0
117,5,1355.6,98.3,274.3000000000002,200.8,1,1,1.0
117,6,476.5,448.0,271.1,143.0,1,1,1.0
117,7,308.1,582.1,130.0,229.39999999999998,1,1,1.0
117,8,732.5,743.8,334.5999999999999,134.5,1,1,1.0
117,9,765.2,518.5,336.79999999999995,137.60000000000002,1,1,1.0
118,1,1726.8,757.1,334.5000000000002,189.79999999999995,1,1,1.0
118,2,355.3,509.9,192.90000000000003,242.80000000000007,1,1,1.0
118,3,1370.6,782.1,269.0,223.79999999999995,1,1,1.0
118,4,2002.1,413.1,174.4000000000001,301.9,1,1,1.0
118,5,1349.3,85.7,279.0,217.10000000000002,1,1,1.0
118,6,445.7,444.9,295.59999999999997,146.10000000000002,1,1,1.0
118,7,308.7,588.4,125.0,221.20000000000005,1,1,1.0
118,8,738.7,744.5,318.70000000000005,136.60000000000002,1,1,1.0
118,9,706.76,449.1,304.44000000000005,199.5,1,1,1.0
119,1,1769.6,756.5,284.2000000000003,187.5,1,1,1.0
119,2,353.0,515.9,195.20000000000005,236.80000000000007,1,1,1.0
119,3,1363.7,782.7,269.0,219.0999999999999,1,1,1.0
119,4,2002.1,364.1,175.0,357.19999999999993,1,1,1.0
119,5,1351.4,79.4,274.29999999999995,222.9,1,1,1.0
119,6,463.3,453.7,271.09999999999997,137.3,1,1,1.0
119,7,304.0,593.03,135.60000000000002,222.87,1,1,1.0
119,8,741.5,731.3,292.29999999999995,155.4000000000001,1,1,1.0
119,9,658.1,397.5,229.29999999999995,234.89999999999998,1,1,1.0
120,1,1776.0,756.0,273.1999999999998,195.5,1,1,1.0
120,2,359.4,512.9,187.60000000000002,237.5,1,1,1.0
120,3,1352.7,784.4,280.0,217.39999999999998,1,1,1.0
120,4,2006.5,369.8,170.0,345.2,1,1,1.0
120,5,1357.2,77.8,266.39999999999986,225.5,1,1,1.0
120,6,462.1,455.6,259.1,140.39999999999998,1,1,1.0
120,7,307.4,592.8,131.90000000000003,224.9000000000001,1,1,1.0
120,8,759.6,662.6,245.69999999999993,235.19999999999993,1,1,1.0
120,9,582.3,358.2,264.6,181.00000000000006,1,1,1.0
