1,1,233.09,520.0,207.07000000000002,219.73000000000002,1,1,1.0
1,2,421.8,610.42,334.66,176.42000000000007,1,1,1.0
1,3,798.14,640.63,311.05000000000007,131.11,1,1,1.0
1,4,1078.98,416.86,210.98000000000002,278.04999999999995,1,1,1.0
1,5,1261.83,462.49,191.69000000000005,284.02,1,1,1.0
1,6,1332.46,831.4,354.15999999999985,212.54000000000008,1,1,1.0
1,7,1763.02,780.21,335.32000000000016,210.23000000000002,1,1,1.0
1,8,1326.21,114.7,369.22,201.94,1,1,1.0
1,9,1631.99,154.48,328.6099999999999,186.20000000000002,1,1,1.0
2,1,296.4,504.6,160.90000000000003,123.0,1,1,0.0
2,2,416.2,618.0,356.59999999999997,163.79999999999995,1,1,1.0
2,3,798.14,640.63,311.05000000000007,131.11,1,1,1.0
2,4,1078.98,419.9,213.22000000000003,278.80000000000007,1,1,1.0
2,5,1265.4,462.49,188.1199999999999,279.51,1,1,1.0
2,6,1332.46,831.4,354.15999999999985,212.54000000000008,1,1,1.0
2,7,1763.8,780.21,334.5400000000002,199.68999999999994,1,1,1.0
2,8,1349.6,119.2,351.10000000000014,197.44,1,1,1.0
2,9,1620.7,158.3,345.20000000000005,177.89999999999998,1,1,1.0
3,1,306.9,513.6,150.40000000000003,114.0,1,1,0.0
3,2,416.2,618.0,356.59999999999997,160.70000000000005,1,1,1.0
3,3,800.9,640.63,299.30000000000007,136.57000000000005,1,1,1.0
3,4,1078.98,422.9,215.51999999999998,272.80000000000007,1,1,1.0
3,5,1256.4,458.9,198.0,275.9,1,1,1.0
3,6,1340.0,831.4,346.6199999999999,212.54000000000008,1,1,1.0
3,7,1757.8,780.21,340.5400000000002,210.18999999999994,1,1,1.0
3,8,1317.2,111.7,383.5,204.94,1,1,1.0
3,9,1620.7,158.3,345.20000000000005,177.89999999999998,1,1,1.0
4,1,269.8,525.7,167.2,306.29999999999995,1,1,1.0
4,2,330.17,626.8,316.43,145.62,1,1,1.0
4,3,800.9,640.63,299.30000000000007,136.57000000000005,1,1,1.0
4,4,1078.98,420.6,216.22000000000003,281.9,1,1,1.0
4,5,1259.1,458.9,195.30000000000018,283.1,1,1,1.0
4,6,1329.5,831.4,357.1199999999999,212.54000000000008,1,1,1.0
4,7,1798.5,780.21,299.84000000000015,202.68999999999994,1,1,1.0
4,8,1332.3,111.7,374.4000000000001,204.94,1,1,1.0
4,9,1620.7,158.3,345.20000000000005,177.89999999999998,1,1,1.0
5,1,242.67,656.1,194.33,275.37,1,1,1.0
5,2,313.2,649.4,298.2,146.89999999999998,1,1,1.0
5,3,800.9,640.63,301.19999999999993,136.57000000000005,1,1,1.0
5,4,1078.98,420.6,216.22000000000003,281.9,1,1,1.0
5,5,1261.8,458.9,192.60000000000014,279.5,1,1,1.0
5,6,1356.6,831.4,330.02,222.30000000000007,1,1,1.0
5,7,1775.9,780.21,322.44000000000005,259.19000000000005,1,1,1.0
5,8,1298.4,111.7,415.89999999999986,204.94,1,1,1.0
5,9,1620.7,158.3,345.20000000000005,177.89999999999998,1,1,1.0
6,1,252.5,656.1,184.5,270.79999999999995,1,1,1.0
6,2,365.9,663.8,229.20000000000005,139.4000000000001,1,1,1.0
6,3,800.9,640.63,294.9,136.57000000000005,1,1,1.0
6,4,1078.98,425.1,216.22000000000003,272.9,1,1,1.0
6,5,1249.1,458.9,205.30000000000018,274.1,1,1,1.0
6,6,1388.2,831.4,298.41999999999985,229.80000000000007,1,1,1.0
6,7,1766.9,780.21,341.1999999999998,256.19000000000005,1,1,1.0
6,8,1302.9,111.7,411.39999999999986,201.90000000000003,1,1,1.0
6,9,1620.7,158.3,345.20000000000005,177.89999999999998,1,1,1.0
7,1,287.9,660.6,149.10000000000002,298.69999999999993,1,1,1.0
7,2,375.3,663.8,219.8,139.4000000000001,1,1,1.0
7,3,800.9,636.2,296.19999999999993,141.0,1,1,1.0
7,4,1078.98,425.1,216.22000000000003,276.69999999999993,1,1,1.0
7,5,1253.6,458.9,200.80000000000018,281.30000000000007,1,1,1.0
7,6,1378.4,831.4,308.2199999999998,237.30000000000007,1,1,1.0
7,7,1816.6,780.21,291.5,207.99,1,1,1.0
7,8,1314.2,122.2,411.39999999999986,186.90000000000003,1,1,1.0
7,9,1620.7,158.3,345.20000000000005,177.89999999999998,1,1,1.0
8,1,228.4,739.0,204.1,248.89999999999998,1,1,1.0
8,2,368.4,638.7,228.60000000000002,148.19999999999993,1,1,1.0
8,3,794.6,636.2,292.4999999999999,129.69999999999993,1,1,1.0
8,4,1078.98,429.6,222.22000000000003,274.5,1,1,1.0
8,5,1261.7,458.9,192.70000000000005,274.1,1,1,1.0
8,6,1383.7,831.4,302.91999999999985,223.69999999999993,1,1,1.0
8,7,1816.6,780.21,284.0,207.99,1,1,1.0
8,8,1308.9,111.7,416.6999999999998,201.2,1,1,1.0
8,9,1620.7,158.3,345.20000000000005,177.89999999999998,1,1,1.0
9,1,251.8,739.0,180.7,248.89999999999998,1,1,1.0
9,2,313.1,616.7,287.69999999999993,164.5,1,1,1.0
9,3,794.6,636.2,302.4999999999999,129.69999999999993,1,1,1.0
9,4,1078.98,434.9,227.51999999999998,252.60000000000002,1,1,1.0
9,5,1261.7,458.9,192.70000000000005,246.10000000000002,1,1,1.0
9,6,1355.1,831.4,331.52,204.10000000000002,1,1,1.0
9,7,1816.6,780.21,284.0,207.99,1,1,1.0
9,8,850.14,369.6,299.86,144.69999999999993,1,1,1.0
9,9,1620.7,158.3,345.20000000000005,177.89999999999998,1,1,1.0
10,1,281.2,739.0,160.3,264.0,1,1,1.0
10,2,313.7,628.0,287.09999999999997,150.70000000000005,1,1,1.0
10,3,794.6,636.2,282.9999999999999,129.69999999999993,1,1,1.0
10,4,1035.3,447.0,268.9000000000001,205.79999999999995,1,1,1.0
10,5,1271.6,465.2,191.80000000000018,262.40000000000003,1,1,1.0
10,6,1338.5,835.2,351.9000000000001,197.29999999999995,1,1,1.0
10,7,1816.6,780.21,284.0,207.99,1,1,1.0
10,8,468.86,469.1,299.14,172.53999999999996,1,1,1.0
10,9,1613.9,158.3,352.0,177.89999999999998,1,1,1.0
11,1,275.2,781.2,220.5,160.0,1,1,1.0
11,2,317.5,636.2,278.29999999999995,139.39999999999998,1,1,1.0
11,3,797.7,636.2,328.89999999999986,133.5,1,1,1.0
11,4,1057.2,427.4,228.20000000000005,254.0,1,1,1.0
11,5,1273.7,465.2,187.0,298.59999999999997,1,1,1.0
11,6,1339.3,831.4,351.10000000000014,201.10000000000002,1,1,1.0
11,7,1816.6,780.21,284.0,204.99,1,1,1.0
11,8,298.69,503.6,328.01000000000005,126.11000000000001,1,1,1.0
11,9,1613.9,158.3,355.0,177.89999999999998,1,1,1.0
12,1,251.09,581.52,179.01000000000002,276.08000000000004,1,1,1.0
12,2,317.5,636.2,278.29999999999995,139.39999999999998,1,1,1.0
12,3,805.2,629.9,308.79999999999995,144.80000000000007,1,1,1.0
12,4,1084.3,385.2,195.79999999999995,304.50000000000006,1,1,1.0
12,5,1269.9,466.7,181.79999999999995,290.3,1,1,1.0
12,6,1339.3,815.6,351.10000000000014,204.79999999999995,1,1,1.0
12,7,1816.6,780.21,284.0,204.99,1,1,1.0
12,8,301.21,506.1,258.89000000000004,128.64,1,1,1.0
12,9,1613.9,158.3,355.0,177.89999999999998,1,1,1.0
13,1,282.7,505.4,110.5,185.70000000000005,1,1,0.0
13,2,315.6,636.2,280.19999999999993,139.39999999999998,1,1,1.0
13,3,806.5,626.13,308.1300000000001,135.37,1,1,1.0
13,4,1090.3,380.7,180.0,316.50000000000006,1,1,1.0
13,5,1270.7,462.2,184.0,288.00000000000006,1,1,1.0
13,6,1328.7,827.7,361.70000000000005,226.5999999999999,1,1,1.0
13,7,1816.6,780.21,284.0,204.99,1,1,1.0
13,8,286.7,506.1,273.40000000000003,119.19999999999993,1,1,1.0
13,9,1613.9,158.3,355.0,177.89999999999998,1,1,1.0
14,1,305.31,514.44,86.38999999999999,75.65999999999997,1,1,0.0
14,2,315.6,636.2,280.19999999999993,139.39999999999998,1,1,1.0
14,3,806.5,626.13,301.79999999999995,135.37,1,1,1.0
14,4,1090.3,373.2,177.0,324.00000000000006,1,1,1.0
14,5,1279.7,453.2,176.5,283.40000000000003,1,1,1.0
14,6,1345.3,827.7,345.10000000000014,204.70000000000005,1,1,1.0
14,7,1816.6,780.21,284.0,204.99,1,1,1.0
14,8,268.49,486.6,218.11,240.41999999999996,1,1,1.0
14,9,1613.9,158.3,355.0,177.89999999999998,1,1,1.0
15,1,291.0,506.2,112.0,127.59999999999997,1,1,0.0
15,2,315.6,636.2,280.19999999999993,139.39999999999998,1,1,1.0
15,3,806.5,626.13,288.5999999999999,135.37,1,1,1.0
15,4,1090.3,376.2,178.5,321.00000000000006,1,1,1.0
15,5,1250.3,458.4,209.70000000000005,268.4,1,1,1.0
15,6,1355.1,827.7,335.3000000000002,200.20000000000005,1,1,1.0
15,7,1816.6,780.21,284.0,204.99,1,1,1.0
15,8,230.81,627.9,219.99,260.5,1,1,1.0
15,9,1613.9,158.3,348.1999999999998,177.89999999999998,1,1,1.0
16,1,436.4,400.0,154.20000000000005,139.60000000000002,1,1,1.0
16,2,326.9,636.2,268.9,139.39999999999998,1,1,1.0
16,3,804.0,626.13,297.4000000000001,130.97000000000003,1,1,1.0
16,4,1092.6,380.7,183.0,323.3,1,1,1.0
16,5,1259.3,461.4,199.20000000000005,272.20000000000005,1,1,1.0
16,6,1352.1,827.7,338.3000000000002,200.20000000000005,1,1,1.0
16,7,1816.6,780.21,284.0,204.99,1,1,1.0
16,8,243.37,668.71,209.93,260.51,1,1,1.0
16,9,1619.9,158.3,342.1999999999998,177.89999999999998,1,1,1.0
17,1,452.98,377.39,133.81999999999994,180.31000000000006,1,1,1.0
17,2,310.6,636.2,285.19999999999993,139.39999999999998,1,1,1.0
17,3,810.3,628.6,294.9000000000001,134.79999999999995,1,1,1.0
17,4,1092.6,380.7,183.0,316.50000000000006,1,1,1.0
17,5,1266.8,455.4,192.5,279.70000000000005,1,1,1.0
17,6,1352.1,827.7,338.3000000000002,200.20000000000005,1,1,1.0
17,7,1816.6,780.21,284.0,204.99,1,1,1.0
17,8,254.0,674.4,199.3,246.0,1,1,1.0
17,9,1619.9,158.3,342.1999999999998,177.89999999999998,1,1,1.0
18,1,452.98,390.2,133.81999999999994,174.3,1,1,1.0
18,2,335.1,636.2,260.69999999999993,139.39999999999998,1,1,1.0
18,3,810.3,633.0,292.4000000000001,130.39999999999998,1,1,1.0
18,4,1092.6,378.4,188.30000000000018,315.0,1,1,1.0
18,5,1266.0,455.4,193.29999999999995,287.20000000000005,1,1,1.0
18,6,1383.0,827.7,307.4000000000001,200.20000000000005,1,1,1.0
18,7,1816.6,780.21,284.0,204.99,1,1,1.0
18,8,279.7,678.8,173.60000000000002,232.80000000000007,1,1,1.0
18,9,1619.9,158.3,342.1999999999998,177.89999999999998,1,1,1.0
19,1,452.98,386.4,133.81999999999994,178.10000000000002,1,1,1.0
19,2,342.0,636.2,253.79999999999995,139.39999999999998,1,1,1.0
19,3,822.2,627.4,303.70000000000005,149.80000000000007,1,1,1.0
19,4,1092.6,377.6,182.30000000000018,315.79999999999995,1,1,1.0
19,5,1271.3,455.4,188.0,305.30000000000007,1,1,1.0
19,6,1388.3,827.7,302.10000000000014,198.70000000000005,1,1,1.0
19,7,1816.6,780.21,284.0,204.99,1,1,1.0
19,8,283.5,678.8,169.8,235.30000000000007,1,1,1.0
19,9,1619.9,158.3,342.1999999999998,177.89999999999998,1,1,1.0
20,1,452.98,393.97,133.81999999999994,173.52999999999997,1,1,1.0
20,2,342.0,636.2,253.79999999999995,139.39999999999998,1,1,1.0
20,3,822.2,624.9,297.39999999999986,152.30000000000007,1,1,1.0
20,4,1092.6,368.6,179.30000000000018,324.79999999999995,1,1,1.0
20,5,1269.8,455.4,189.5,300.80000000000007,1,1,1.0
20,6,1388.3,827.7,302.10000000000014,198.70000000000005,1,1,1.0
20,7,1816.6,780.21,284.0,204.99,1,1,1.0
20,8,283.5,678.8,169.8,235.30000000000007,1,1,1.0
20,9,1619.9,158.3,342.1999999999998,177.89999999999998,1,1,1.0
21,1,452.98,393.97,133.81999999999994,173.52999999999997,1,1,1.0
21,2,362.1,636.2,233.69999999999993,139.39999999999998,1,1,1.0
21,3,822.2,624.9,283.0,152.30000000000007,1,1,1.0
21,4,1092.6,368.6,179.30000000000018,324.79999999999995,1,1,1.0
21,5,1277.3,457.7,178.20000000000005,289.50000000000006,1,1,1.0
21,6,1358.2,827.7,332.20000000000005,193.39999999999998,1,1,1.0
21,7,1816.6,780.21,284.0,192.18999999999994,1,1,1.0
21,8,283.5,678.8,169.8,235.30000000000007,1,1,1.0
21,9,1650.0,154.5,312.0999999999999,181.7,1,1,1.0
22,1,452.98,393.97,133.81999999999994,168.23000000000002,1,1,1.0
22,2,326.9,636.2,271.4,139.39999999999998,1,1,1.0
22,3,812.2,630.6,299.89999999999986,124.0,1,1,1.0
22,4,1092.6,368.6,179.30000000000018,331.6,1,1,1.0
22,5,1264.5,456.2,195.5,275.90000000000003,1,1,1.0
22,6,1358.2,827.7,332.20000000000005,193.39999999999998,1,1,1.0
22,7,1816.6,780.21,291.5,201.18999999999994,1,1,1.0
22,8,288.5,678.8,164.8,230.9000000000001,1,1,1.0
22,9,1650.0,154.5,312.0999999999999,181.7,1,1,1.0
23,1,452.98,393.97,133.81999999999994,168.23000000000002,1,1,1.0
23,2,326.9,636.2,271.4,139.39999999999998,1,1,1.0
23,3,812.2,630.6,294.89999999999986,124.0,1,1,1.0
23,4,1092.6,376.1,182.30000000000018,320.29999999999995,1,1,1.0
23,5,1260.0,453.9,203.0999999999999,272.20000000000005,1,1,1.0
23,6,1358.2,827.7,332.20000000000005,193.39999999999998,1,1,1.0
23,7,1816.6,780.21,291.5,190.68999999999994,1,1,1.0
23,8,281.6,671.9,171.7,237.80000000000007,1,1,1.0
23,9,1650.0,154.5,312.0999999999999,181.7,1,1,1.0
24,1,452.98,393.97,133.81999999999994,168.23000000000002,1,1,1.0
24,2,315.0,636.2,283.29999999999995,139.39999999999998,1,1,1.0
24,3,812.2,633.7,297.39999999999986,120.89999999999998,1,1,1.0
24,4,1092.6,376.1,182.30000000000018,316.5,1,1,1.0
24,5,1260.0,453.9,203.0999999999999,272.20000000000005,1,1,1.0
24,6,1351.4,827.7,339.0,193.39999999999998,1,1,1.0
24,7,1810.6,780.21,297.5,197.49,1,1,1.0
24,8,269.0,666.2,184.3,252.89999999999998,1,1,1.0
24,9,1650.0,154.5,312.0999999999999,181.7,1,1,1.0
25,1,452.98,393.97,133.81999999999994,168.23000000000002,1,1,1.0
25,2,315.0,636.2,283.29999999999995,139.39999999999998,1,1,1.0
25,3,819.7,633.7,294.89999999999986,137.19999999999993,1,1,1.0
25,4,1092.6,371.6,182.30000000000018,325.5,1,1,1.0
25,5,1266.0,453.9,197.0999999999999,298.6,1,1,1.0
25,6,1337.8,827.7,352.60000000000014,193.39999999999998,1,1,1.0
25,7,1810.6,780.21,301.3000000000002,197.49,1,1,1.0
25,8,280.3,666.2,173.0,248.5,1,1,1.0
25,9,1650.0,154.5,312.0999999999999,181.7,1,1,1.0
26,1,452.98,393.97,133.81999999999994,168.23000000000002,1,1,1.0
26,2,289.9,636.2,308.4,139.39999999999998,1,1,1.0
26,3,821.6,633.7,292.9999999999999,134.69999999999993,1,1,1.0
26,4,1092.6,371.6,182.30000000000018,325.5,1,1,1.0
26,5,1275.8,453.9,187.29999999999995,279.80000000000007,1,1,1.0
26,6,1337.8,827.7,352.60000000000014,193.39999999999998,1,1,1.0
26,7,1810.6,780.21,301.3000000000002,224.58999999999992,1,1,1.0
26,8,280.3,666.2,173.0,241.5999999999999,1,1,1.0
26,9,1650.0,154.5,312.0999999999999,181.7,1,1,1.0
27,1,452.98,393.97,133.81999999999994,168.23000000000002,1,1,1.0
27,2,293.0,636.2,305.29999999999995,139.39999999999998,1,1,1.0
27,3,814.1,633.7,296.69999999999993,132.79999999999995,1,1,1.0
27,4,1092.6,371.6,182.30000000000018,318.69999999999993,1,1,1.0
27,5,1299.9,449.4,166.19999999999982,220.30000000000007,1,1,1.0
27,6,1354.4,827.7,336.0,193.39999999999998,1,1,1.0
27,7,1810.6,780.21,301.3000000000002,224.58999999999992,1,1,1.0
27,8,291.6,666.2,161.7,241.5999999999999,1,1,1.0
27,9,1650.0,154.5,301.5,181.7,1,1,1.0
28,1,452.98,393.97,133.81999999999994,168.23000000000002,1,1,1.0
28,2,310.0,636.2,288.29999999999995,139.39999999999998,1,1,1.0
28,3,817.9,633.7,296.0000000000001,130.89999999999998,1,1,1.0
28,4,1092.6,371.6,182.30000000000018,324.69999999999993,1,1,1.0
28,5,1299.9,449.4,166.19999999999982,220.30000000000007,1,1,1.0
28,6,1354.4,827.7,336.0,193.39999999999998,1,1,1.0
28,7,1810.6,780.21,301.3000000000002,210.28999999999996,1,1,1.0
28,8,291.6,666.2,161.7,241.5999999999999,1,1,1.0
28,9,1641.7,154.5,309.79999999999995,181.7,1,1,1.0
29,1,452.98,393.97,133.81999999999994,168.23000000000002,1,1,1.0
29,2,310.0,636.2,288.29999999999995,135.5999999999999,1,1,1.0
29,3,817.9,633.7,292.19999999999993,130.89999999999998,1,1,1.0
29,4,1080.5,383.7,197.4000000000001,239.50000000000006,1,1,1.0
29,5,1299.9,449.4,166.19999999999982,220.30000000000007,1,1,1.0
29,6,1354.4,827.7,336.0,193.39999999999998,1,1,1.0
29,7,1810.6,780.21,301.3000000000002,215.58999999999992,1,1,1.0
29,8,286.6,666.2,166.7,241.5999999999999,1,1,1.0
29,9,1641.7,154.5,309.79999999999995,181.7,1,1,1.0
30,1,452.98,393.97,133.81999999999994,168.23000000000002,1,1,1.0
30,2,312.5,636.2,285.79999999999995,135.5999999999999,1,1,1.0
30,3,817.9,629.9,254.5000000000001,134.70000000000005,1,1,1.0
30,4,1067.7,388.2,212.5,233.50000000000006,1,1,1.0
30,5,1299.9,449.4,166.19999999999982,220.30000000000007,1,1,1.0
30,6,1354.4,827.7,336.0,193.39999999999998,1,1,1.0
30,7,1810.6,775.7,296.0,220.0999999999999,1,1,1.0
30,8,286.6,666.2,166.7,241.5999999999999,1,1,1.0
30,9,1633.4,154.5,318.0999999999999,181.7,1,1,1.0
31,1,452.98,393.97,133.81999999999994,168.23000000000002,1,1,1.0
31,2,312.5,636.2,285.79999999999995,135.5999999999999,1,1,1.0
31,3,823.6,624.9,253.19999999999993,144.10000000000002,1,1,1.0
31,4,1067.7,388.2,218.5,229.7,1,1,1.0
31,5,1299.9,442.6,163.89999999999986,227.10000000000002,1,1,1.0
31,6,1354.4,827.7,336.0,193.39999999999998,1,1,1.0
31,7,1810.6,775.7,296.0,197.5,1,1,1.0
31,8,280.9,666.2,172.40000000000003,241.5999999999999,1,1,1.0
31,9,1631.9,154.5,319.5999999999999,181.7,1,1,1.0
32,1,452.98,393.97,133.81999999999994,168.23000000000002,1,1,1.0
32,2,321.3,636.2,276.99999999999994,135.5999999999999,1,1,1.0
32,3,823.6,623.6,258.9,145.39999999999998,1,1,1.0
32,4,1067.7,388.2,218.5,229.7,1,1,1.0
32,5,1299.9,442.6,163.89999999999986,231.60000000000002,1,1,1.0
32,6,1354.4,827.7,336.0,193.39999999999998,1,1,1.0
32,7,1810.6,775.7,296.0,194.5,1,1,1.0
32,8,275.2,666.2,178.10000000000002,250.39999999999998,1,1,1.0
32,9,1631.9,154.5,319.5999999999999,181.7,1,1,1.0
33,1,452.98,393.97,133.81999999999994,168.23000000000002,1,1,1.0
33,2,330.7,636.2,267.59999999999997,135.5999999999999,1,1,1.0
33,3,830.5,623.6,228.0999999999999,158.0,1,1,1.0
33,4,1070.7,388.2,215.5,225.90000000000003,1,1,1.0
33,5,1304.4,442.6,159.39999999999986,225.60000000000002,1,1,1.0
33,6,1362.7,827.7,327.70000000000005,193.39999999999998,1,1,1.0
33,7,1810.6,775.7,296.0,194.5,1,1,1.0
33,8,286.5,666.2,166.8,240.39999999999998,1,1,1.0
33,9,1631.9,154.5,319.5999999999999,181.7,1,1,1.0
34,1,452.98,393.97,133.81999999999994,168.23000000000002,1,1,1.0
34,2,348.9,634.94,253.80000000000007,135.5999999999999,1,1,1.0
34,3,830.5,623.6,254.5,158.0,1,1,1.0
34,4,1070.7,388.2,215.5,238.7,1,1,1.0
34,5,1304.4,442.6,159.39999999999986,225.60000000000002,1,1,1.0
34,6,1362.7,827.7,327.70000000000005,193.39999999999998,1,1,1.0
34,7,1810.6,775.7,296.0,194.5,1,1,1.0
34,8,310.4,678.8,191.3,231.60000000000002,1,1,1.0
34,9,1631.9,154.5,319.5999999999999,181.7,1,1,1.0
35,1,452.98,393.97,133.81999999999994,168.23000000000002,1,1,1.0
35,2,338.9,634.94,263.80000000000007,135.5999999999999,1,1,1.0
35,3,830.5,603.5,311.5999999999999,134.14,1,1,1.0
35,4,1070.7,387.4,208.70000000000005,242.5,1,1,1.0
35,5,1304.4,442.6,159.39999999999986,225.60000000000002,1,1,1.0
35,6,1362.7,827.7,327.70000000000005,193.39999999999998,1,1,1.0
35,7,1810.6,775.7,296.0,194.5,1,1,1.0
35,8,326.73,779.27,245.97000000000003,156.23000000000002,1,1,1.0
35,9,1626.6,154.5,324.9000000000001,181.7,1,1,1.0
36,1,452.98,393.97,133.81999999999994,168.23000000000002,1,1,1.0
36,2,348.3,634.94,254.40000000000003,135.5999999999999,1,1,1.0
36,3,846.2,603.5,306.5999999999999,136.0,1,1,1.0
36,4,1070.7,387.4,208.70000000000005,232.0,1,1,1.0
36,5,1304.4,442.6,159.39999999999986,225.60000000000002,1,1,1.0
36,6,1365.7,827.7,318.70000000000005,193.39999999999998,1,1,1.0
36,7,1810.6,775.7,296.0,198.29999999999995,1,1,1.0
36,8,331.7,807.5,241.00000000000006,128.0,1,1,1.0
36,9,1569.3,154.5,382.20000000000005,181.7,1,1,1.0
37,1,452.98,393.97,133.81999999999994,168.23000000000002,1,1,1.0
37,2,352.7,634.94,250.00000000000006,135.5999999999999,1,1,1.0
37,3,850.0,603.5,297.79999999999995,141.0,1,1,1.0
37,4,1067.7,380.6,202.70000000000005,241.79999999999995,1,1,1.0
37,5,1304.4,442.6,159.39999999999986,225.60000000000002,1,1,1.0
37,6,1365.7,814.1,318.70000000000005,199.5,1,1,1.0
37,7,1810.6,775.7,290.0,198.29999999999995,1,1,1.0
37,8,331.7,803.7,241.00000000000006,131.79999999999995,1,1,1.0
37,9,1593.4,154.5,358.0999999999999,181.7,1,1,1.0
38,1,452.98,393.97,133.81999999999994,168.23000000000002,1,1,1.0
38,2,352.7,634.94,250.00000000000006,135.5999999999999,1,1,1.0
38,3,846.2,603.5,289.70000000000005,135.29999999999995,1,1,1.0
38,4,1068.5,380.6,201.9000000000001,256.1,1,1,1.0
38,5,1304.4,438.1,161.69999999999982,226.29999999999995,1,1,1.0
38,6,1349.9,825.4,341.29999999999995,196.5,1,1,1.0
38,7,1810.6,775.7,290.0,198.29999999999995,1,1,1.0
38,8,331.7,803.7,241.00000000000006,129.29999999999995,1,1,1.0
38,9,1641.6,154.5,309.9000000000001,181.7,1,1,1.0
39,1,452.98,393.97,133.81999999999994,168.23000000000002,1,1,1.0
39,2,313.1,634.94,289.6,138.15999999999997,1,1,1.0
39,3,841.2,603.5,280.29999999999995,129.0,1,1,1.0
39,4,1055.7,376.8,214.70000000000005,235.8,1,1,1.0
39,5,1304.4,438.1,161.69999999999982,226.29999999999995,1,1,1.0
39,6,1381.5,825.4,309.70000000000005,203.30000000000007,1,1,1.0
39,7,1810.6,775.7,290.0,198.29999999999995,1,1,1.0
39,8,331.7,803.7,241.00000000000006,129.29999999999995,1,1,1.0
39,9,1640.1,131.9,311.4000000000001,204.29999999999998,1,1,1.0
40,1,452.98,393.97,133.81999999999994,168.23000000000002,1,1,1.0
40,2,326.3,634.94,283.3,138.15999999999997,1,1,1.0
40,3,831.8,603.5,280.29999999999995,123.29999999999995,1,1,1.0
40,4,1064.7,372.3,206.5,235.8,1,1,1.0
40,5,1304.4,438.1,161.69999999999982,226.29999999999995,1,1,1.0
40,6,1395.1,825.4,296.10000000000014,203.30000000000007,1,1,1.0
40,7,1810.6,775.7,290.0,198.29999999999995,1,1,1.0
40,8,331.7,803.7,241.00000000000006,129.29999999999995,1,1,1.0
40,9,1621.3,156.0,330.20000000000005,180.2,1,1,1.0
41,1,452.98,393.97,133.81999999999994,195.32999999999993,1,1,1.0
41,2,335.7,618.0,273.90000000000003,138.79999999999995,1,1,1.0
41,3,831.8,603.5,264.60000000000014,123.29999999999995,1,1,1.0
41,4,1064.7,369.3,209.5,273.49999999999994,1,1,1.0
41,5,1304.4,432.1,163.19999999999982,232.29999999999995,1,1,1.0
41,6,1381.5,825.4,309.70000000000005,222.89999999999998,1,1,1.0
41,7,1810.6,775.7,290.0,198.29999999999995,1,1,1.0
41,8,331.7,803.7,241.00000000000006,129.29999999999995,1,1,1.0
41,9,1628.8,156.8,322.70000000000005,179.39999999999998,1,1,1.0
42,1,452.98,393.97,158.72000000000003,156.13,1,1,1.0
42,2,339.5,600.4,234.29999999999995,145.10000000000002,1,1,1.0
42,3,810.5,616.1,290.9000000000001,126.39999999999998,1,1,1.0
42,4,1064.7,369.3,209.5,252.40000000000003,1,1,1.0
42,5,1314.2,428.3,155.70000000000005,227.81,1,1,1.0
42,6,1380.7,825.4,310.5,219.10000000000002,1,1,1.0
42,7,1810.6,775.7,290.0,198.29999999999995,1,1,1.0
42,8,338.0,795.5,234.70000000000005,130.0,1,1,1.0
42,9,1597.9,156.8,353.5999999999999,179.39999999999998,1,1,1.0
43,1,485.4,449.0,215.20000000000005,207.29999999999995,1,1,1.0
43,2,288.01,607.93,254.99,151.37,1,1,1.0
43,3,803.6,623.1,295.30000000000007,119.39999999999998,1,1,1.0
43,4,1064.7,366.3,195.89999999999986,255.40000000000003,1,1,1.0
43,5,1314.2,428.3,155.70000000000005,227.81,1,1,1.0
43,6,1383.0,825.4,308.20000000000005,202.5000000000001,1,1,1.0
43,7,1810.6,775.7,290.0,198.29999999999995,1,1,1.0
43,8,338.0,795.5,234.70000000000005,134.39999999999998,1,1,1.0
43,9,1517.3,165.8,434.20000000000005,170.39999999999998,1,1,1.0
44,1,566.0,464.1,163.20000000000005,311.29999999999995,1,1,1.0
44,2,274.8,586.6,269.49999999999994,146.29999999999995,1,1,1.0
44,3,798.6,624.4,293.9999999999999,124.39999999999998,1,1,1.0
44,4,1064.7,366.3,195.89999999999986,250.09999999999997,1,1,1.0
44,5,1312.7,426.8,168.5,231.59999999999997,1,1,1.0
44,6,1374.0,825.4,317.20000000000005,202.5000000000001,1,1,1.0
44,7,1810.6,775.7,290.0,198.29999999999995,1,1,1.0
44,8,338.0,798.0,234.70000000000005,136.89999999999998,1,1,1.0
44,9,1279.2,137.9,400.29999999999995,343.0,1,1,1.0
45,1,566.0,464.1,163.20000000000005,283.4,1,1,1.0
45,2,274.8,583.5,270.09999999999997,135.60000000000002,1,1,1.0
45,3,798.6,629.4,268.9,126.89999999999998,1,1,1.0
45,4,1060.2,364.79,195.0999999999999,292.3,1,1,1.0
45,5,1304.4,408.7,202.39999999999986,230.90000000000003,1,1,1.0
45,6,1374.0,825.4,317.20000000000005,202.5000000000001,1,1,1.0
45,7,1771.4,775.7,329.1999999999998,198.29999999999995,1,1,1.0
45,8,341.1,798.0,231.60000000000002,136.89999999999998,1,1,1.0
45,9,1348.8,108.96,379.53,236.34000000000003,1,1,1.0
46,1,557.0,542.5,166.89999999999998,274.29999999999995,1,1,1.0
46,2,274.8,583.5,270.09999999999997,135.60000000000002,1,1,1.0
46,3,792.9,629.4,264.6,126.89999999999998,1,1,1.0
46,4,1043.6,383.6,178.5,319.5,1,1,1.0
46,5,1295.4,396.6,211.39999999999986,230.19999999999993,1,1,1.0
46,6,1374.0,825.4,317.20000000000005,202.5000000000001,1,1,1.0
46,7,1758.6,775.7,342.0,189.29999999999995,1,1,1.0
46,8,341.1,798.0,231.60000000000002,135.0,1,1,1.0
46,9,1329.8,114.4,383.20000000000005,202.9,1,1,1.0
47,1,538.9,558.3,173.70000000000005,269.0,1,1,1.0
47,2,274.8,579.7,270.09999999999997,139.39999999999998,1,1,1.0
47,3,782.2,629.4,302.89999999999986,131.30000000000007,1,1,1.0
47,4,1037.6,394.9,181.5,324.80000000000007,1,1,1.0
47,5,1233.6,411.67,260.4000000000001,200.82999999999998,1,1,1.0
47,6,1374.0,825.4,317.20000000000005,202.5000000000001,1,1,1.0
47,7,1750.3,764.4,362.39999999999986,191.60000000000002,1,1,1.0
47,8,341.1,794.2,231.60000000000002,136.29999999999995,1,1,1.0
47,9,1339.7,106.3,373.29999999999995,211.0,1,1,1.0
48,1,538.9,558.3,173.70000000000005,299.9000000000001,1,1,1.0
48,2,274.8,579.7,270.09999999999997,139.39999999999998,1,1,1.0
48,3,791.0,633.8,294.0999999999999,126.90000000000009,1,1,1.0
48,4,1042.9,381.3,170.89999999999986,328.59999999999997,1,1,1.0
48,5,1088.92,290.35,279.28,225.64999999999998,1,1,1.0
48,6,1353.7,825.4,337.5,202.5000000000001,1,1,1.0
48,7,1608.34,666.74,291.8600000000001,203.36,1,1,1.0
48,8,341.1,794.2,231.60000000000002,140.0999999999999,1,1,1.0
48,9,1354.2,106.3,342.5,211.0,1,1,1.0
49,1,460.6,574.1,256.5,254.0,1,1,1.0
49,2,283.0,579.7,261.9,139.39999999999998,1,1,1.0
49,3,793.5,633.8,304.79999999999995,126.90000000000009,1,1,1.0
49,4,1042.9,385.8,163.39999999999986,315.8,1,1,1.0
49,5,804.85,284.3,306.35,175.94,1,1,1.0
49,6,1326.6,825.4,364.60000000000014,219.10000000000002,1,1,1.0
49,7,1177.35,446.69,219.55000000000018,170.20999999999998,1,1,1.0
49,8,341.1,779.1,231.60000000000002,167.10000000000002,1,1,1.0
49,9,1307.2,88.2,389.5,233.60000000000002,1,1,1.0
50,1,460.6,585.4,254.19999999999993,249.5,1,1,1.0
50,2,283.0,579.7,261.9,139.39999999999998,1,1,1.0
50,3,793.5,633.8,306.70000000000005,126.90000000000009,1,1,1.0
50,4,1045.9,380.5,147.5999999999999,321.1,1,1,1.0
50,5,787.5,292.6,316.9000000000001,152.59999999999997,1,1,1.0
50,6,1316.1,872.9,387.20000000000005,195.69999999999993,1,1,1.0
50,7,1088.43,370.59,294.8699999999999,207.91000000000003,1,1,1.0
50,8,347.4,773.4,225.30000000000007,199.20000000000005,1,1,1.0
50,9,1299.1,77.3,405.70000000000005,211.0,1,1,1.0
51,1,460.6,595.2,248.19999999999993,243.5,1,1,1.0
51,2,283.0,579.7,261.9,139.39999999999998,1,1,1.0
51,3,793.5,637.6,306.70000000000005,123.10000000000002,1,1,1.0
51,4,1045.9,392.6,152.89999999999986,312.0,1,1,1.0
51,5,816.9,292.6,287.5000000000001,150.29999999999995,1,1,1.0
51,6,1306.3,861.6,386.5,203.9999999999999,1,1,1.0
51,7,525.25,462.4,270.04999999999995,162.70000000000005,1,1,1.0
51,8,341.1,752.0,231.60000000000002,220.60000000000002,1,1,1.0
51,9,1292.8,69.2,412.0,208.2,1,1,1.0
52,1,508.8,584.7,198.49999999999994,269.79999999999995,1,1,1.0
52,2,288.7,579.7,256.2,139.39999999999998,1,1,1.0
52,3,793.5,635.1,289.70000000000005,120.60000000000002,1,1,1.0
52,4,1045.9,392.6,152.89999999999986,312.0,1,1,1.0
52,5,779.2,292.6,325.20000000000005,147.29999999999995,1,1,1.0
52,6,1321.4,856.3,371.39999999999986,203.29999999999995,1,1,1.0
52,7,476.27,491.0,253.43000000000006,175.53999999999996,1,1,1.0
52,8,281.4,807.89,222.23000000000002,160.90999999999997,1,1,1.0
52,9,1299.1,64.7,404.8000000000002,261.5,1,1,1.0
53,1,541.2,607.3,169.89999999999998,275.80000000000007,1,1,1.0
53,2,288.7,579.7,251.8,139.39999999999998,1,1,1.0
53,3,793.5,635.1,299.70000000000005,117.5,1,1,1.0
53,4,1045.9,391.1,160.39999999999986,315.79999999999995,1,1,1.0
53,5,783.7,292.6,320.70000000000005,141.29999999999995,1,1,1.0
53,6,1360.6,816.4,332.20000000000005,216.10000000000002,1,1,1.0
53,7,496.6,485.7,233.10000000000002,177.09999999999997,1,1,1.0
53,8,238.7,795.33,273.1,133.26999999999998,1,1,1.0
53,9,1299.1,64.7,433.70000000000005,226.2,1,1,1.0
54,1,545.7,617.1,165.39999999999998,266.0,1,1,1.0
54,2,288.7,579.7,251.2,139.39999999999998,1,1,1.0
54,3,793.5,635.1,294.70000000000005,117.5,1,1,1.0
54,4,1045.9,391.1,165.69999999999982,316.6,1,1,1.0
54,5,783.7,292.6,324.5,141.29999999999995,1,1,1.0
54,6,1291.3,816.4,401.5,227.39999999999998,1,1,1.0
54,7,491.3,488.7,238.40000000000003,171.09999999999997,1,1,1.0
54,8,258.8,795.33,253.0,127.56999999999994,1,1,1.0
54,9,1276.5,64.7,452.70000000000005,217.2,1,1,1.0
55,1,545.7,617.1,165.39999999999998,266.0,1,1,1.0
55,2,288.7,579.7,251.8,139.39999999999998,1,1,1.0
55,3,793.5,635.1,297.20000000000005,123.19999999999993,1,1,1.0
55,4,1045.9,391.1,165.69999999999982,315.1,1,1,1.0
55,5,789.0,294.9,319.20000000000005,139.0,1,1,1.0
55,6,1287.5,816.4,405.29999999999995,236.39999999999998,1,1,1.0
55,7,491.3,491.7,238.40000000000003,168.09999999999997,1,1,1.0
55,8,217.4,795.33,294.4,124.46999999999991,1,1,1.0
55,9,1292.8,81.0,436.4000000000001,245.2,1,1,1.0
56,1,545.7,617.1,165.39999999999998,266.0,1,1,1.0
56,2,288.7,579.7,249.3,139.39999999999998,1,1,1.0
56,3,793.5,638.2,300.29999999999995,120.09999999999991,1,1,1.0
56,4,1045.9,394.1,171.0,312.1,1,1,1.0
56,5,790.5,294.9,305.5999999999999,139.0,1,1,1.0
56,6,1276.2,816.4,416.5999999999999,228.89999999999998,1,1,1.0
56,7,498.1,491.7,231.60000000000002,179.40000000000003,1,1,1.0
56,8,242.5,795.33,269.3,144.56999999999994,1,1,1.0
56,9,1330.8,89.1,391.20000000000005,237.1,1,1,1.0
57,1,553.2,608.1,157.89999999999998,277.29999999999995,1,1,1.0
57,2,288.7,579.7,248.7,139.39999999999998,1,1,1.0
57,3,793.5,638.2,300.29999999999995,120.09999999999991,1,1,1.0
57,4,1045.9,394.1,171.0,312.1,1,1,1.0
57,5,814.6,294.9,281.4999999999999,139.0,1,1,1.0
57,6,1271.7,816.4,421.0999999999999,237.19999999999993,1,1,1.0
57,7,498.1,496.1,238.5,165.60000000000002,1,1,1.0
57,8,245.0,799.7,266.8,129.5,1,1,1.0
57,9,1330.8,89.1,380.29999999999995,237.1,1,1,1.0
58,1,526.8,608.1,184.30000000000007,308.19999999999993,1,1,1.0
58,2,288.7,579.7,248.00000000000006,139.39999999999998,1,1,1.0
58,3,793.5,638.2,300.29999999999995,120.09999999999991,1,1,1.0
58,4,1045.9,382.0,157.39999999999986,317.4,1,1,1.0
58,5,780.7,294.9,315.39999999999986,139.0,1,1,1.0
58,6,1303.3,816.4,389.5,214.60000000000002,1,1,1.0
58,7,498.1,496.1,238.5,183.19999999999993,1,1,1.0
58,8,250.0,799.7,261.8,124.5,1,1,1.0
58,9,1330.8,89.1,380.29999999999995,237.1,1,1,1.0
59,1,490.6,622.4,220.5,260.0,1,1,1.0
59,2,279.9,579.7,256.80000000000007,139.39999999999998,1,1,1.0
59,3,793.5,638.2,300.29999999999995,120.09999999999991,1,1,1.0
59,4,1045.9,382.0,157.39999999999986,317.4,1,1,1.0
59,5,765.6,294.9,344.1,139.0,1,1,1.0
59,6,1390.0,816.4,302.79999999999995,207.10000000000002,1,1,1.0
59,7,501.9,496.1,234.70000000000005,190.10000000000002,1,1,1.0
59,8,223.7,799.7,288.1,119.5,1,1,1.0
59,9,1368.8,89.1,318.79999999999995,237.1,1,1,1.0
60,1,490.6,666.9,222.79999999999995,248.70000000000005,1,1,1.0
60,2,298.1,579.7,234.89999999999998,139.39999999999998,1,1,1.0
60,3,795.4,628.2,264.4,118.19999999999993,1,1,1.0
60,4,1045.9,364.7,149.0999999999999,270.7,1,1,1.0
60,5,626.95,343.1,348.65,142.78999999999996,1,1,1.0
60,6,1378.7,816.4,314.0999999999999,214.60000000000002,1,1,1.0
60,7,506.9,496.1,229.70000000000005,212.69999999999993,1,1,1.0
60,8,249.4,777.1,262.4,141.5,1,1,1.0
60,9,1358.9,101.8,310.5999999999999,224.39999999999998,1,1,1.0
61,1,489.9,666.9,223.5,240.39999999999998,1,1,1.0
61,2,291.2,579.7,243.00000000000006,139.39999999999998,1,1,1.0
61,3,823.0,612.5,266.9000000000001,125.10000000000002,1,1,1.0
61,4,1112.96,345.9,128.03999999999996,272.9200000000001,1,1,1.0
61,5,478.51,349.9,233.39,181.20000000000005,1,1,1.0
61,6,1343.3,814.1,366.10000000000014,186.79999999999995,1,1,1.0
61,7,511.3,453.4,180.7,251.60000000000002,1,1,1.0
61,8,235.6,786.5,276.20000000000005,132.10000000000002,1,1,1.0
61,9,1310.1,105.4,359.4000000000001,220.79999999999998,1,1,1.0
62,1,495.2,666.9,218.2,241.89999999999998,1,1,1.0
62,2,291.2,579.7,242.40000000000003,139.39999999999998,1,1,1.0
62,3,821.1,612.5,253.69999999999993,122.0,1,1,1.0
62,4,1106.9,345.9,134.0999999999999,272.9200000000001,1,1,1.0
62,5,474.0,345.4,240.89999999999998,179.70000000000005,1,1,1.0
62,6,1366.7,823.9,323.89999999999986,190.60000000000002,1,1,1.0
62,7,511.3,444.6,160.59999999999997,260.4,1,1,1.0
62,8,235.6,786.5,276.20000000000005,132.10000000000002,1,1,1.0
62,9,1360.7,105.4,308.79999999999995,220.79999999999998,1,1,1.0
63,1,495.2,666.9,218.2,241.89999999999998,1,1,1.0
63,2,291.2,579.7,244.3,139.39999999999998,1,1,1.0
63,3,821.1,612.5,253.69999999999993,122.0,1,1,1.0
63,4,1106.9,345.9,134.0999999999999,272.9200000000001,1,1,1.0
63,5,467.2,345.4,253.8,177.39999999999998,1,1,1.0
63,6,1390.8,823.9,299.79999999999995,195.89999999999998,1,1,1.0
63,7,511.3,454.0,166.90000000000003,261.0,1,1,1.0
63,8,253.2,777.1,258.6,141.5,1,1,1.0
63,9,1360.7,105.4,308.79999999999995,220.79999999999998,1,1,1.0
64,1,481.6,666.9,231.79999999999995,241.89999999999998,1,1,1.0
64,2,291.2,579.7,245.50000000000006,139.39999999999998,1,1,1.0
64,3,815.4,615.0,251.19999999999993,122.0,1,1,1.0
64,4,1106.9,345.9,134.0999999999999,272.9200000000001,1,1,1.0
64,5,467.2,345.4,253.8,177.39999999999998,1,1,1.0
64,6,1390.8,823.9,299.79999999999995,199.70000000000005,1,1,1.0
64,7,511.3,458.4,171.90000000000003,256.6,1,1,1.0
64,8,248.2,780.9,263.6,137.70000000000005,1,1,1.0
64,9,1360.7,105.4,308.79999999999995,220.79999999999998,1,1,1.0
65,1,471.8,666.9,241.59999999999997,247.20000000000005,1,1,1.0
65,2,291.2,579.7,241.09999999999997,139.39999999999998,1,1,1.0
65,3,801.0,618.2,301.4000000000001,122.59999999999991,1,1,1.0
65,4,1106.9,345.9,134.0999999999999,272.9200000000001,1,1,1.0
65,5,467.2,345.4,253.8,177.39999999999998,1,1,1.0
65,6,1396.1,817.1,294.5,245.69999999999993,1,1,1.0
65,7,513.8,460.9,180.70000000000005,250.30000000000007,1,1,1.0
65,8,248.2,780.2,263.6,134.5999999999999,1,1,1.0
65,9,1360.7,105.4,308.79999999999995,220.79999999999998,1,1,1.0
66,1,456.7,693.3,258.2,221.60000000000002,1,1,1.0
66,2,291.2,579.7,241.09999999999997,139.39999999999998,1,1,1.0
66,3,817.3,605.6,319.60000000000014,122.60000000000002,1,1,1.0
66,4,1103.9,345.9,137.0999999999999,272.9200000000001,1,1,1.0
66,5,455.1,345.4,265.9,182.70000000000005,1,1,1.0
66,6,1396.1,817.1,294.5,269.80000000000007,1,1,1.0
66,7,580.99,432.01,156.80999999999995,284.89,1,1,1.0
66,8,248.2,780.2,263.6,134.5999999999999,1,1,1.0
66,9,1366.1,105.4,303.4000000000001,220.79999999999998,1,1,1.0
67,1,416.8,701.6,256.7,211.0,1,1,1.0
67,2,291.2,579.7,242.40000000000003,139.39999999999998,1,1,1.0
67,3,852.5,598.7,312.70000000000005,120.09999999999991,1,1,1.0
67,4,1103.9,345.9,137.0999999999999,272.9200000000001,1,1,1.0
67,5,492.8,347.7,228.2,200.00000000000006,1,1,1.0
67,6,1414.2,822.4,272.5999999999999,210.19999999999993,1,1,1.0
67,7,582.2,432.01,155.5999999999999,284.89,1,1,1.0
67,8,248.2,787.1,263.6,127.69999999999993,1,1,1.0
67,9,1350.7,105.4,318.79999999999995,220.79999999999998,1,1,1.0
68,1,400.22,748.32,261.98,137.88,1,1,1.0
68,2,288.7,579.7,244.90000000000003,139.39999999999998,1,1,1.0
68,3,862.5,598.7,300.20000000000005,126.39999999999998,1,1,1.0
68,4,1103.9,345.9,137.0999999999999,272.9200000000001,1,1,1.0
68,5,495.0,347.7,226.0,194.7,1,1,1.0
68,6,1402.9,822.4,283.89999999999986,208.69999999999993,1,1,1.0
68,7,582.2,426.4,187.0,298.0,1,1,1.0
68,8,250.08,695.42,197.02,211.88,1,1,1.0
68,9,1350.7,105.4,318.79999999999995,213.6,1,1,1.0
69,1,358.8,752.8,296.59999999999997,123.60000000000002,1,1,1.0
69,2,269.9,573.4,268.70000000000005,145.70000000000005,1,1,1.0
69,3,863.8,598.7,298.9000000000001,128.89999999999998,1,1,1.0
69,4,1103.9,345.9,137.0999999999999,272.9200000000001,1,1,1.0
69,5,495.0,347.7,226.0,194.7,1,1,1.0
69,6,1323.0,826.2,363.79999999999995,209.39999999999986,1,1,1.0
69,7,602.92,504.89,174.48000000000002,290.51,1,1,1.0
69,8,242.5,677.8,204.60000000000002,229.5,1,1,1.0
69,9,1350.7,105.4,318.79999999999995,213.6,1,1,1.0
70,1,387.4,736.2,259.0,132.69999999999993,1,1,1.0
70,2,272.4,579.7,264.30000000000007,139.39999999999998,1,1,1.0
70,3,855.6,598.7,292.69999999999993,128.29999999999995,1,1,1.0
70,4,1103.9,345.9,137.0999999999999,272.9200000000001,1,1,1.0
70,5,495.0,347.7,226.0,194.7,1,1,1.0
70,6,1376.5,832.2,310.29999999999995,203.39999999999986,1,1,1.0
70,7,606.7,520.0,170.69999999999993,284.20000000000005,1,1,1.0
70,8,252.5,661.5,188.3,251.5,1,1,1.0
70,9,1350.7,105.4,318.79999999999995,213.6,1,1,1.0
71,1,373.8,744.5,282.40000000000003,134.20000000000005,1,1,1.0
71,2,272.4,579.7,266.20000000000005,139.39999999999998,1,1,1.0
71,3,838.6,600.0,290.9,125.70000000000005,1,1,1.0
71,4,1103.9,345.9,137.0999999999999,272.9200000000001,1,1,1.0
71,5,492.7,347.7,228.3,184.2,1,1,1.0
71,6,1359.2,814.1,327.5999999999999,194.39999999999998,1,1,1.0
71,7,606.7,520.0,170.69999999999993,255.29999999999995,1,1,1.0
71,8,252.5,661.5,188.3,251.5,1,1,1.0
71,9,1350.7,105.4,318.79999999999995,213.6,1,1,1.0
72,1,395.7,706.8,225.09999999999997,193.0,1,1,1.0
72,2,272.4,579.7,263.70000000000005,139.39999999999998,1,1,1.0
72,3,832.9,600.0,290.9,123.20000000000005,1,1,1.0
72,4,1103.9,345.9,137.0999999999999,272.9200000000001,1,1,1.0
72,5,498.7,347.7,222.3,197.00000000000006,1,1,1.0
72,6,1344.9,829.2,326.0999999999999,199.5999999999999,1,1,1.0
72,7,606.7,520.0,170.69999999999993,255.29999999999995,1,1,1.0
72,8,252.5,661.5,188.3,251.5,1,1,1.0
72,9,1350.7,105.4,318.79999999999995,213.6,1,1,1.0
73,1,467.3,682.0,151.2,236.60000000000002,1,1,1.0
73,2,279.9,574.7,250.60000000000002,144.39999999999998,1,1,1.0
73,3,832.9,600.0,282.1,123.20000000000005,1,1,1.0
73,4,1103.9,345.9,137.0999999999999,272.9200000000001,1,1,1.0
73,5,498.7,344.7,226.8,200.00000000000006,1,1,1.0
73,6,1368.26,816.35,299.03999999999996,194.39999999999998,1,1,1.0
73,7,562.1,524.4,234.10000000000002,263.5,1,1,1.0
73,8,248.1,679.1,192.70000000000002,233.89999999999998,1,1,1.0
73,9,1338.9,87.3,330.5999999999999,231.7,1,1,1.0
74,1,514.02,729.47,255.18000000000006,182.32999999999993,1,1,1.0
74,2,289.9,573.4,234.30000000000007,140.70000000000005,1,1,1.0
74,3,843.6,600.0,297.1,120.10000000000002,1,1,1.0
74,4,1098.6,345.9,134.10000000000014,272.9200000000001,1,1,1.0
74,5,509.2,344.7,216.3,216.59999999999997,1,1,1.0
74,6,1376.5,805.8,280.29999999999995,201.20000000000005,1,1,1.0
74,7,617.4,539.5,184.45000000000005,267.24,1,1,1.0
74,8,248.1,679.1,192.70000000000002,233.89999999999998,1,1,1.0
74,9,1330.8,132.5,338.70000000000005,186.5,1,1,1.0
75,1,523.8,728.0,249.20000000000005,177.0,1,1,1.0
75,2,289.9,565.2,234.30000000000007,143.25,1,1,1.0
75,3,838.6,603.8,285.80000000000007,120.70000000000005,1,1,1.0
75,4,1098.6,323.3,134.10000000000014,317.40000000000003,1,1,1.0
75,5,518.2,336.4,207.29999999999995,223.39999999999998,1,1,1.0
75,6,1370.5,805.8,286.29999999999995,201.20000000000005,1,1,1.0
75,7,646.3,525.7,155.55000000000007,286.0999999999999,1,1,1.0
75,8,261.3,679.1,179.5,233.89999999999998,1,1,1.0
75,9,1321.8,119.8,347.70000000000005,199.2,1,1,1.0
76,1,509.5,746.1,260.5,164.19999999999993,1,1,1.0
76,2,289.9,574.6,234.30000000000007,133.85000000000002,1,1,1.0
76,3,842.4,603.8,267.6,120.70000000000005,1,1,1.0
76,4,1098.6,336.9,127.30000000000018,281.9,1,1,1.0
76,5,496.3,331.1,220.2,255.10000000000002,1,1,1.0
76,6,1325.3,814.8,331.5,193.0,1,1,1.0
76,7,635.0,521.3,166.85000000000002,290.5,1,1,1.0
76,8,261.3,679.1,179.5,233.89999999999998,1,1,1.0
76,9,1321.8,126.1,320.60000000000014,192.9,1,1,1.0
77,1,509.5,757.4,260.5,152.89999999999998,1,1,1.0
77,2,289.9,576.5,234.30000000000007,131.95000000000005,1,1,1.0
77,3,845.5,603.8,275.79999999999995,120.70000000000005,1,1,1.0
77,4,1091.1,336.9,134.80000000000018,281.9,1,1,1.0
77,5,496.3,340.9,231.49999999999994,245.30000000000007,1,1,1.0
77,6,1325.3,814.8,331.5,196.0,1,1,1.0
77,7,631.2,521.3,170.64999999999998,290.5,1,1,1.0
77,8,272.0,679.1,168.8,233.89999999999998,1,1,1.0
77,9,1342.6,126.1,287.10000000000014,185.70000000000002,1,1,1.0
78,1,509.5,757.4,260.5,152.89999999999998,1,1,1.0
78,2,289.9,576.5,234.30000000000007,131.95000000000005,1,1,1.0
78,3,843.0,603.8,282.0999999999999,120.70000000000005,1,1,1.0
78,4,1091.1,336.9,134.80000000000018,281.9,1,1,1.0
78,5,496.3,336.4,231.49999999999994,249.80000000000007,1,1,1.0
78,6,1325.3,814.8,331.5,196.0,1,1,1.0
78,7,631.2,521.3,170.64999999999998,269.20000000000005,1,1,1.0
78,8,234.3,685.4,214.0,221.30000000000007,1,1,1.0
78,9,1342.6,126.1,287.10000000000014,185.70000000000002,1,1,1.0
79,1,509.5,757.4,260.5,152.89999999999998,1,1,1.0
79,2,289.9,576.5,234.30000000000007,131.95000000000005,1,1,1.0
79,3,843.0,600.0,279.5999999999999,120.70000000000005,1,1,1.0
79,4,1091.1,330.9,134.80000000000018,309.80000000000007,1,1,1.0
79,5,488.0,336.4,239.79999999999995,215.10000000000002,1,1,1.0
79,6,1325.3,814.8,331.5,196.0,1,1,1.0
79,7,631.2,527.6,170.64999999999998,272.29999999999995,1,1,1.0
79,8,234.3,685.4,214.59999999999997,215.60000000000002,1,1,1.0
79,9,1342.6,126.1,287.10000000000014,185.70000000000002,1,1,1.0
80,1,517.0,752.9,253.0,157.39999999999998,1,1,1.0
80,2,289.9,576.5,234.30000000000007,131.95000000000005,1,1,1.0
80,3,835.5,600.0,287.0999999999999,120.70000000000005,1,1,1.0
80,4,1092.6,330.9,139.30000000000018,358.80000000000007,1,1,1.0
80,5,488.0,336.4,233.79999999999995,215.10000000000002,1,1,1.0
80,6,1325.3,814.8,331.5,196.0,1,1,1.0
80,7,635.6,538.9,166.25,268.5,1,1,1.0
80,8,226.8,683.5,222.09999999999997,217.5,1,1,1.0
80,9,1329.0,129.7,300.70000000000005,182.10000000000002,1,1,1.0
81,1,517.0,749.1,253.0,155.19999999999993,1,1,1.0
81,2,259.8,563.9,251.8,138.89999999999998,1,1,1.0
81,3,835.5,600.0,287.0999999999999,120.70000000000005,1,1,1.0
81,4,1103.1,336.9,136.30000000000018,312.1,1,1,1.0
81,5,488.0,336.4,233.79999999999995,215.10000000000002,1,1,1.0
81,6,1331.3,814.8,325.5,196.0,1,1,1.0
81,7,635.6,538.9,166.25,273.5,1,1,1.0
81,8,268.9,660.9,183.10000000000002,243.20000000000005,1,1,1.0
81,9,1329.0,129.7,300.70000000000005,182.10000000000002,1,1,1.0
82,1,517.0,749.1,253.0,157.5,1,1,1.0
82,2,243.5,555.1,239.89999999999998,135.10000000000002,1,1,1.0
82,3,835.5,600.0,289.5999999999999,120.70000000000005,1,1,1.0
82,4,1068.4,330.9,162.0,287.20000000000005,1,1,1.0
82,5,508.3,336.4,213.49999999999994,234.70000000000005,1,1,1.0
82,6,1344.9,814.8,311.89999999999986,196.0,1,1,1.0
82,7,643.1,538.9,158.75,273.5,1,1,1.0
82,8,279.6,678.5,165.5,232.5,1,1,1.0
82,9,1338.9,129.7,290.79999999999995,182.10000000000002,1,1,1.0
83,1,524.5,749.1,245.5,157.5,1,1,1.0
83,2,247.9,550.1,239.9,129.39999999999998,1,1,1.0
83,3,835.5,600.0,289.5999999999999,120.70000000000005,1,1,1.0
83,4,1063.88,346.0,137.91999999999985,344.44000000000005,1,1,1.0
83,5,509.1,336.4,212.69999999999993,239.20000000000005,1,1,1.0
83,6,1347.2,814.8,309.5999999999999,196.0,1,1,1.0
83,7,643.1,538.9,158.75,273.5,1,1,1.0
83,8,279.6,678.5,165.5,232.5,1,1,1.0
83,9,1338.9,129.7,290.79999999999995,182.10000000000002,1,1,1.0
84,1,523.7,743.1,246.29999999999995,169.5,1,1,1.0
84,2,247.9,547.6,239.9,131.89999999999998,1,1,1.0
84,3,826.71,608.16,289.5999999999999,120.70000000000005,1,1,1.0
84,4,1074.4,346.0,130.39999999999986,344.44000000000005,1,1,1.0
84,5,509.1,330.4,203.69999999999993,209.80000000000007,1,1,1.0
84,6,1351.0,814.8,305.79999999999995,196.0,1,1,1.0
84,7,632.4,535.1,169.45000000000005,277.29999999999995,1,1,1.0
84,8,279.6,678.5,165.5,232.5,1,1,1.0
84,9,1338.9,129.7,290.79999999999995,182.10000000000002,1,1,1.0
85,1,523.7,743.1,246.29999999999995,169.5,1,1,1.0
85,2,247.9,546.3,239.9,133.20000000000005,1,1,1.0
85,3,822.9,625.12,293.40999999999997,120.70000000000005,1,1,1.0
85,4,1074.4,354.3,135.69999999999982,349.7,1,1,1.0
85,5,515.1,330.4,197.69999999999993,209.80000000000007,1,1,1.0
85,6,1351.0,814.8,305.79999999999995,196.0,1,1,1.0
85,7,580.91,525.7,214.69000000000005,249.64999999999998,1,1,1.0
85,8,279.6,678.5,165.5,232.5,1,1,1.0
85,9,1338.9,129.7,290.79999999999995,182.10000000000002,1,1,1.0
86,1,548.6,761.9,355.5,133.39999999999998,1,1,1.0
86,2,247.9,545.7,239.9,133.79999999999995,1,1,1.0
86,3,816.62,630.14,293.40999999999997,120.70000000000005,1,1,1.0
86,4,1074.4,354.3,135.69999999999982,343.7,1,1,1.0
86,5,518.1,324.4,186.39999999999998,221.10000000000002,1,1,1.0
86,6,1369.1,814.8,287.70000000000005,196.0,1,1,1.0
86,7,438.4,628.68,259.24,157.32000000000005,1,1,1.0
86,8,279.6,674.1,165.5,236.89999999999998,1,1,1.0
86,9,1338.9,129.7,290.79999999999995,182.10000000000002,1,1,1.0
87,1,670.7,763.41,263.53999999999996,133.39999999999998,1,1,1.0
87,2,247.9,543.2,239.9,136.29999999999995,1,1,1.0
87,3,822.9,632.03,283.36,120.07000000000005,1,1,1.0
87,4,1078.9,354.3,131.19999999999982,340.7,1,1,1.0
87,5,532.42,368.1,168.2800000000001,212.10000000000002,1,1,1.0
87,6,1369.1,814.8,287.70000000000005,196.0,1,1,1.0
87,7,361.79,663.2,263.00999999999993,198.14999999999998,1,1,1.0
87,8,272.7,658.4,161.10000000000002,265.80000000000007,1,1,1.0
87,9,1338.9,129.7,290.79999999999995,182.10000000000002,1,1,1.0
88,1,693.3,734.0,252.20000000000005,162.80999999999995,1,1,1.0
88,2,247.9,543.2,239.9,134.39999999999998,1,1,1.0
88,3,822.9,632.03,283.36,116.97000000000003,1,1,1.0
88,4,1078.9,358.1,131.19999999999982,343.69999999999993,1,1,1.0
88,5,512.1,384.7,196.10000000000002,194.00000000000006,1,1,1.0
88,6,1369.1,814.8,287.70000000000005,196.0,1,1,1.0
88,7,386.9,654.4,208.39999999999998,228.30000000000007,1,1,1.0
88,8,234.4,682.3,199.4,241.9000000000001,1,1,1.0
88,9,1338.9,129.7,290.79999999999995,182.10000000000002,1,1,1.0
89,1,703.1,733.2,240.10000000000002,168.0999999999999,1,1,1.0
89,2,247.9,543.2,239.9,134.39999999999998,1,1,1.0
89,3,822.9,632.03,289.6,116.97000000000003,1,1,1.0
89,4,1078.9,358.1,131.19999999999982,335.4,1,1,1.0
89,5,524.2,394.5,184.0,184.20000000000005,1,1,1.0
89,6,1369.1,814.8,287.70000000000005,192.20000000000005,1,1,1.0
89,7,379.4,648.1,229.70000000000005,244.60000000000002,1,1,1.0
89,8,234.4,676.6,199.4,233.19999999999993,1,1,1.0
89,9,1338.9,129.7,290.79999999999995,182.10000000000002,1,1,1.0
90,1,694.8,740.1,295.9000000000001,154.39999999999998,1,1,1.0
90,2,247.9,543.2,239.9,134.39999999999998,1,1,1.0
90,3,822.9,632.03,292.69999999999993,120.76999999999998,1,1,1.0
90,4,1078.9,358.1,131.19999999999982,335.4,1,1,1.0
90,5,524.2,394.5,170.39999999999998,182.70000000000005,1,1,1.0
90,6,1369.1,810.3,287.70000000000005,196.70000000000005,1,1,1.0
90,7,378.1,648.1,231.0,229.5,1,1,1.0
90,8,257.6,674.1,176.2,235.69999999999993,1,1,1.0
90,9,1338.9,129.7,290.79999999999995,182.10000000000002,1,1,1.0
91,1,688.79,731.06,277.81000000000006,154.4000000000001,1,1,1.0
91,2,247.9,543.2,239.9,134.39999999999998,1,1,1.0
91,3,822.9,632.03,292.69999999999993,120.76999999999998,1,1,1.0
91,4,1078.9,358.1,131.19999999999982,335.4,1,1,1.0
91,5,524.2,394.5,170.39999999999998,182.70000000000005,1,1,1.0
91,6,1369.1,810.3,287.70000000000005,196.70000000000005,1,1,1.0
91,7,393.2,645.6,225.3,202.5,1,1,1.0
91,8,259.5,674.1,174.3,235.69999999999993,1,1,1.0
91,9,1338.9,129.7,290.79999999999995,182.10000000000002,1,1,1.0
92,1,688.79,737.1,307.21000000000004,142.29999999999995,1,1,1.0
92,2,247.9,543.2,239.9,134.39999999999998,1,1,1.0
92,3,831.1,629.5,280.1,123.29999999999995,1,1,1.0
92,4,1078.9,347.6,131.19999999999982,343.6,1,1,1.0
92,5,524.2,394.5,170.39999999999998,182.70000000000005,1,1,1.0
92,6,1369.1,810.3,287.70000000000005,196.70000000000005,1,1,1.0
92,7,358.7,654.4,257.3,193.70000000000005,1,1,1.0
92,8,252.6,674.1,181.20000000000002,235.69999999999993,1,1,1.0
92,9,1338.9,129.7,290.79999999999995,182.10000000000002,1,1,1.0
93,1,688.79,737.1,292.9100000000001,150.60000000000002,1,1,1.0
93,2,247.9,543.2,239.9,134.39999999999998,1,1,1.0
93,3,826.7,629.5,284.5,123.29999999999995,1,1,1.0
93,4,1078.9,347.6,131.19999999999982,347.4,1,1,1.0
93,5,524.2,394.5,170.39999999999998,182.70000000000005,1,1,1.0
93,6,1369.1,810.3,287.70000000000005,196.70000000000005,1,1,1.0
93,7,351.8,654.4,264.2,194.30000000000007,1,1,1.0
93,8,248.2,674.1,194.40000000000003,233.79999999999995,1,1,1.0
93,9,1338.9,129.7,290.79999999999995,182.10000000000002,1,1,1.0
94,1,688.8,734.1,268.0,180.69999999999993,1,1,1.0
94,2,247.9,543.2,239.9,134.39999999999998,1,1,1.0
94,3,831.7,632.6,279.5,120.19999999999993,1,1,1.0
94,4,1078.9,347.6,131.19999999999982,346.65,1,1,1.0
94,5,524.2,394.5,170.39999999999998,182.70000000000005,1,1,1.0
94,6,1369.1,810.3,287.70000000000005,196.70000000000005,1,1,1.0
94,7,347.4,654.4,268.6,194.30000000000007,1,1,1.0
94,8,235.6,674.1,207.00000000000003,233.79999999999995,1,1,1.0
94,9,1338.9,129.7,290.79999999999995,182.10000000000002,1,1,1.0
95,1,688.8,734.1,268.0,180.69999999999993,1,1,1.0
95,2,247.9,543.2,239.9,134.39999999999998,1,1,1.0
95,3,832.3,632.6,278.9000000000001,120.19999999999993,1,1,1.0
95,4,1078.9,347.6,131.19999999999982,345.9,1,1,1.0
95,5,524.2,394.5,170.39999999999998,182.70000000000005,1,1,1.0
95,6,1369.1,810.3,287.70000000000005,196.70000000000005,1,1,1.0
95,7,347.4,659.4,268.0,189.30000000000007,1,1,1.0
95,8,247.5,627.6,195.10000000000002,280.29999999999995,1,1,1.0
95,9,1338.9,129.7,290.79999999999995,182.10000000000002,1,1,1.0
96,1,688.8,734.1,257.5,161.89999999999998,1,1,1.0
96,2,247.9,543.2,239.9,134.39999999999998,1,1,1.0
96,3,832.3,632.6,278.9000000000001,127.69999999999993,1,1,1.0
96,4,1078.9,355.1,131.19999999999982,345.9,1,1,1.0
96,5,524.2,394.5,170.39999999999998,182.70000000000005,1,1,1.0
96,6,1364.6,810.3,292.20000000000005,196.70000000000005,1,1,1.0
96,7,356.8,659.4,258.59999999999997,188.0,1,1,1.0
96,8,262.6,650.8,180.0,257.1,1,1,1.0
96,9,1338.9,129.7,290.79999999999995,182.10000000000002,1,1,1.0
97,1,696.3,734.1,260.5,160.39999999999998,1,1,1.0
97,2,247.9,543.2,239.9,134.39999999999998,1,1,1.0
97,3,832.3,637.6,278.9000000000001,122.69999999999993,1,1,1.0
97,4,1078.9,355.1,131.19999999999982,342.9,1,1,1.0
97,5,524.2,394.5,170.39999999999998,194.79999999999995,1,1,1.0
97,6,1364.6,810.3,292.20000000000005,196.70000000000005,1,1,1.0
97,7,403.3,659.4,212.09999999999997,206.80000000000007,1,1,1.0
97,8,251.3,669.6,191.3,238.29999999999995,1,1,1.0
97,9,1338.9,129.7,290.79999999999995,182.10000000000002,1,1,1.0
98,1,696.3,734.1,253.0,158.89999999999998,1,1,1.0
98,2,247.9,543.2,239.9,131.89999999999998,1,1,1.0
98,3,832.3,635.1,278.9000000000001,122.69999999999993,1,1,1.0
98,4,1078.9,355.1,131.19999999999982,342.9,1,1,1.0
98,5,524.2,394.5,170.39999999999998,194.79999999999995,1,1,1.0
98,6,1364.6,810.3,292.20000000000005,196.70000000000005,1,1,1.0
98,7,474.88,630.51,162.51999999999998,266.49,1,1,1.0
98,8,267.6,653.9,175.0,254.0,1,1,1.0
98,9,1338.9,129.7,290.79999999999995,182.10000000000002,1,1,1.0
99,1,716.6,723.6,226.69999999999993,182.19999999999993,1,1,1.0
99,2,247.9,543.2,239.9,131.89999999999998,1,1,1.0
99,3,829.8,635.1,281.4000000000001,120.79999999999995,1,1,1.0
99,4,1078.9,357.4,131.19999999999982,348.1,1,1,1.0
99,5,524.2,394.5,170.39999999999998,184.29999999999995,1,1,1.0
99,6,1364.6,810.3,292.20000000000005,196.70000000000005,1,1,1.0
99,7,484.93,701.47,210.27000000000004,207.42999999999995,1,1,1.0
99,8,257.6,669.0,185.0,238.89999999999998,1,1,1.0
99,9,1338.9,129.7,290.79999999999995,182.10000000000002,1,1,1.0
100,1,716.6,723.6,222.89999999999998,193.5,1,1,1.0
100,2,247.9,543.2,239.9,131.89999999999998,1,1,1.0
100,3,829.8,635.1,272.60000000000014,118.89999999999998,1,1,1.0
100,4,1078.9,360.4,139.5,313.5,1,1,1.0
100,5,524.2,394.5,172.69999999999993,184.29999999999995,1,1,1.0
100,6,1364.6,810.3,292.20000000000005,196.70000000000005,1,1,1.0
100,7,484.93,701.47,210.86999999999995,193.63,1,1,1.0
100,8,273.3,662.1,169.3,252.69999999999993,1,1,1.0
100,9,1329.9,129.7,299.79999999999995,182.10000000000002,1,1,1.0
101,1,716.6,723.6,222.89999999999998,189.0,1,1,1.0
101,2,247.9,543.2,239.9,131.89999999999998,1,1,1.0
101,3,829.8,629.4,275.10000000000014,120.80000000000007,1,1,1.0
101,4,1077.4,359.6,147.79999999999995,335.4,1,1,1.0
101,5,530.2,390.0,164.39999999999998,196.29999999999995,1,1,1.0
101,6,1364.6,810.3,292.20000000000005,196.70000000000005,1,1,1.0
101,7,484.93,701.47,210.86999999999995,193.63,1,1,1.0
101,8,260.7,659.6,181.90000000000003,255.19999999999993,1,1,1.0
101,9,1329.9,129.7,299.79999999999995,182.10000000000002,1,1,1.0
102,1,716.6,742.4,222.89999999999998,160.39999999999998,1,1,1.0
102,2,247.9,543.2,239.9,131.89999999999998,1,1,1.0
102,3,829.8,629.4,268.20000000000005,120.80000000000007,1,1,1.0
102,4,1039.0,387.5,172.5999999999999,319.6,1,1,1.0
102,5,558.08,414.11,252.51999999999998,172.18999999999994,1,1,1.0
102,6,1364.6,810.3,292.20000000000005,196.70000000000005,1,1,1.0
102,7,484.93,701.47,210.86999999999995,193.63,1,1,1.0
102,8,281.4,659.6,156.20000000000005,265.9,1,1,1.0
102,9,1336.2,129.7,293.5,182.10000000000002,1,1,1.0
103,1,691.7,740.9,301.29999999999995,157.39999999999998,1,1,1.0
103,2,247.9,543.2,239.9,131.89999999999998,1,1,1.0
103,3,832.9,629.4,261.30000000000007,120.80000000000007,1,1,1.0
103,4,1014.9,387.5,152.19999999999993,334.70000000000005,1,1,1.0
103,5,605.55,423.15,232.95000000000005,166.14999999999998,1,1,1.0
103,6,1360.1,810.3,296.70000000000005,196.70000000000005,1,1,1.0
103,7,484.93,701.47,210.86999999999995,193.63,1,1,1.0
103,8,333.5,678.4,160.0,258.4,1,1,1.0
103,9,1336.2,129.7,293.5,182.10000000000002,1,1,1.0
104,1,690.2,736.4,338.20000000000005,174.0,1,1,1.0
104,2,247.9,543.2,239.9,131.89999999999998,1,1,1.0
104,3,836.0,629.4,241.20000000000005,120.80000000000007,1,1,1.0
104,4,1023.9,387.5,143.19999999999993,334.70000000000005,1,1,1.0
104,5,677.1,379.45,281.9599999999999,190.25000000000006,1,1,1.0
104,6,1356.3,810.3,300.5,196.70000000000005,1,1,1.0
104,7,484.9,694.6,210.89999999999998,200.5,1,1,1.0
104,8,341.0,678.4,139.89999999999998,258.4,1,1,1.0
104,9,1336.2,129.7,293.5,182.10000000000002,1,1,1.0
105,1,687.9,728.9,328.4,204.89999999999998,1,1,1.0
105,2,247.9,543.2,239.9,131.89999999999998,1,1,1.0
105,3,827.2,629.4,277.5999999999999,118.30000000000007,1,1,1.0
105,4,1032.2,381.5,134.89999999999986,328.6,1,1,1.0
105,5,722.3,328.21,263.8900000000001,213.58999999999997,1,1,1.0
105,6,1356.3,810.3,300.5,196.70000000000005,1,1,1.0
105,7,484.9,694.6,210.89999999999998,206.79999999999995,1,1,1.0
105,8,341.0,684.7,128.60000000000002,252.0999999999999,1,1,1.0
105,9,1336.2,129.7,293.5,182.10000000000002,1,1,1.0
106,1,712.8,716.1,234.9000000000001,217.69999999999993,1,1,1.0
106,2,247.9,543.2,239.9,131.89999999999998,1,1,1.0
106,3,827.2,629.4,287.0,118.30000000000007,1,1,1.0
106,4,1039.7,379.2,127.39999999999986,315.8,1,1,1.0
106,5,789.4,273.2,309.07000000000005,190.2,1,1,1.0
106,6,1356.3,810.3,300.5,196.70000000000005,1,1,1.0
106,7,484.9,694.6,210.89999999999998,210.60000000000002,1,1,1.0
106,8,341.0,684.7,128.60000000000002,252.0999999999999,1,1,1.0
106,9,1336.2,129.7,293.5,182.10000000000002,1,1,1.0
107,1,720.3,713.1,223.60000000000002,204.10000000000002,1,1,1.0
107,2,247.9,543.2,239.9,131.89999999999998,1,1,1.0
107,3,827.2,629.4,298.29999999999995,118.30000000000007,1,1,1.0
107,4,1045.0,373.9,131.9000000000001,321.1,1,1,1.0
107,5,1191.78,325.2,261.6200000000001,197.00000000000006,1,1,1.0
107,6,1356.3,810.3,300.5,196.70000000000005,1,1,1.0
107,7,482.4,674.51,256.1,189.89,1,1,1.0
107,8,341.0,692.2,124.19999999999999,244.5999999999999,1,1,1.0
107,9,1336.2,129.7,293.5,182.10000000000002,1,1,1.0
108,1,728.6,713.1,222.79999999999995,216.89999999999998,1,1,1.0
108,2,247.9,543.2,239.9,131.89999999999998,1,1,1.0
108,3,836.0,632.5,289.5,123.39999999999998,1,1,1.0
108,4,1045.0,373.9,131.9000000000001,322.6,1,1,1.0
108,5,1234.73,335.75,249.56999999999994,203.04999999999995,1,1,1.0
108,6,1356.3,810.3,300.5,196.70000000000005,1,1,1.0
108,7,641.9,440.27,278.74,158.52999999999997,1,1,1.0
108,8,334.1,690.9,249.19999999999993,188.80000000000007,1,1,1.0
108,9,1336.2,129.7,293.5,182.10000000000002,1,1,1.0
109,1,725.6,721.4,225.79999999999995,208.60000000000002,1,1,1.0
109,2,247.9,543.2,239.9,131.89999999999998,1,1,1.0
109,3,836.0,636.3,283.20000000000005,119.60000000000002,1,1,1.0
109,4,1045.0,373.9,131.9000000000001,322.6,1,1,1.0
109,5,1277.7,359.1,220.20000000000005,201.60000000000002,1,1,1.0
109,6,1362.3,810.3,294.5,196.70000000000005,1,1,1.0
109,7,641.9,440.27,274.30000000000007,158.52999999999997,1,1,1.0
109,8,365.5,669.55,273.05999999999995,150.45000000000005,1,1,1.0
109,9,1338.0,129.7,291.70000000000005,182.10000000000002,1,1,1.0
110,1,725.6,741.7,216.79999999999995,181.5,1,1,1.0
110,2,247.9,543.2,239.9,131.89999999999998,1,1,1.0
110,3,836.0,640.7,273.20000000000005,121.5,1,1,1.0
110,4,1045.0,373.9,131.9000000000001,322.6,1,1,1.0
110,5,1294.3,365.1,199.10000000000014,215.19999999999993,1,1,1.0
110,6,1362.3,810.3,294.5,196.70000000000005,1,1,1.0
110,7,641.9,440.27,274.30000000000007,155.43000000000006,1,1,1.0
110,8,452.2,608.64,267.99000000000007,199.46000000000004,1,1,1.0
110,9,1329.9,129.7,299.79999999999995,198.40000000000003,1,1,1.0
111,1,703.7,750.7,238.69999999999993,158.89999999999998,1,1,1.0
111,2,247.9,543.2,239.9,131.89999999999998,1,1,1.0
111,3,831.6,643.2,271.9,120.89999999999998,1,1,1.0
111,4,1045.0,373.9,131.9000000000001,330.1,1,1,1.0
111,5,1294.3,365.1,195.29999999999995,218.19999999999993,1,1,1.0
111,6,1362.3,810.3,294.5,196.70000000000005,1,1,1.0
111,7,641.9,445.9,333.30000000000007,149.80000000000007,1,1,1.0
111,8,481.1,588.5,254.19999999999993,212.70000000000005,1,1,1.0
111,9,1336.2,129.7,293.5,194.8,1,1,1.0
112,1,703.7,750.7,236.39999999999998,148.29999999999995,1,1,1.0
112,2,247.9,543.2,239.9,131.89999999999998,1,1,1.0
112,3,831.6,643.2,271.9,120.89999999999998,1,1,1.0
112,4,1051.0,373.9,133.4000000000001,330.1,1,1,1.0
112,5,1294.3,365.1,192.29999999999995,219.0,1,1,1.0
112,6,1362.3,810.3,294.5,196.70000000000005,1,1,1.0
112,7,653.2,417.64,326.4,181.15999999999997,1,1,1.0
112,8,489.9,600.4,251.10000000000002,197.0,1,1,1.0
112,9,1338.6,129.7,291.10000000000014,194.8,1,1,1.0
113,1,693.2,743.9,246.89999999999998,155.10000000000002,1,1,1.0
113,2,267.4,543.2,220.40000000000003,131.89999999999998,1,1,1.0
113,3,831.6,636.9,271.9,120.89999999999998,1,1,1.0
113,4,1051.0,373.9,133.4000000000001,330.1,1,1,1.0
113,5,1300.3,362.1,186.29999999999995,228.0,1,1,1.0
113,6,1362.3,810.3,294.5,196.70000000000005,1,1,1.0
113,7,714.7,386.87,273.05999999999995,151.63,1,1,1.0
113,8,489.9,592.2,251.10000000000002,205.19999999999993,1,1,1.0
113,9,1341.0,129.7,288.70000000000005,194.8,1,1,1.0
114,1,693.2,743.9,273.29999999999995,149.80000000000007,1,1,1.0
114,2,272.4,538.2,215.40000000000003,136.89999999999998,1,1,1.0
114,3,831.6,636.9,271.9,117.10000000000002,1,1,1.0
114,4,1051.0,373.9,133.4000000000001,330.1,1,1,1.0
114,5,1300.3,362.1,195.29999999999995,228.0,1,1,1.0
114,6,1362.3,810.3,294.5,196.70000000000005,1,1,1.0
114,7,714.7,386.87,322.0,159.13,1,1,1.0
114,8,499.9,572.1,246.10000000000002,230.29999999999995,1,1,1.0
114,9,1343.4,129.7,286.29999999999995,194.8,1,1,1.0
115,1,693.2,743.9,267.29999999999995,149.80000000000007,1,1,1.0
115,2,269.9,536.9,217.90000000000003,138.20000000000005,1,1,1.0
115,3,831.6,636.9,276.30000000000007,118.39999999999998,1,1,1.0
115,4,1051.0,373.9,133.4000000000001,330.1,1,1,1.0
115,5,1300.3,362.1,185.5,228.79999999999995,1,1,1.0
115,6,1362.3,810.3,294.5,196.70000000000005,1,1,1.0
115,7,818.9,352.96,307.59000000000003,150.94,1,1,1.0
115,8,504.9,596.6,271.9,197.0,1,1,1.0
115,9,1343.4,129.7,286.29999999999995,194.8,1,1,1.0
116,1,693.2,743.9,243.89999999999998,155.80000000000007,1,1,1.0
116,2,269.9,536.9,217.90000000000003,138.20000000000005,1,1,1.0
116,3,831.6,636.9,276.30000000000007,118.39999999999998,1,1,1.0
116,4,1051.0,373.9,133.4000000000001,330.1,1,1,1.0
116,5,1300.3,362.1,185.5,228.79999999999995,1,1,1.0
116,6,1362.3,810.3,294.5,196.70000000000005,1,1,1.0
116,7,807.6,352.96,277.4999999999999,150.94,1,1,1.0
116,8,504.9,558.3,221.70000000000005,235.30000000000007,1,1,1.0
116,9,1330.7,129.7,299.0,194.8,1,1,1.0
117,1,710.5,746.9,226.60000000000002,155.80000000000007,1,1,1.0
117,2,252.9,536.9,234.9,138.20000000000005,1,1,1.0
117,3,831.6,636.9,280.69999999999993,118.39999999999998,1,1,1.0
117,4,1051.0,373.9,133.4000000000001,330.1,1,1,1.0
117,5,1300.3,362.1,185.5,228.79999999999995,1,1,1.0
117,6,1362.3,810.3,294.5,196.70000000000005,1,1,1.0
117,7,807.6,352.96,301.4,150.94,1,1,1.0
117,8,557.0,558.3,206.60000000000002,251.60000000000002,1,1,1.0
117,9,1330.7,129.7,299.0,194.8,1,1,1.0
118,1,710.5,746.9,250.0,155.0,1,1,1.0
118,2,252.9,541.9,234.9,133.20000000000005,1,1,1.0
118,3,831.6,626.9,280.69999999999993,122.10000000000002,1,1,1.0
118,4,1051.0,373.9,133.4000000000001,330.1,1,1,1.0
118,5,1300.3,362.1,185.5,228.79999999999995,1,1,1.0
118,6,1362.3,810.3,294.5,196.70000000000005,1,1,1.0
118,7,875.4,322.82,356.05000000000007,146.57999999999998,1,1,1.0
118,8,519.32,526.27,227.9799999999999,276.73,1,1,1.0
118,9,1337.9,129.7,291.79999999999995,189.40000000000003,1,1,1.0
119,1,710.5,743.9,253.0,151.20000000000005,1,1,1.0
119,2,252.9,541.9,234.9,133.20000000000005,1,1,1.0
119,3,826.6,629.4,279.9999999999999,119.0,1,1,1.0
119,4,1051.0,373.9,133.4000000000001,330.1,1,1,1.0
119,5,1295.0,362.1,190.79999999999995,234.79999999999995,1,1,1.0
119,6,1362.3,810.3,294.5,196.70000000000005,1,1,1.0
119,7,1104.6,307.7,211.62000000000012,308.64000000000004,1,1,1.0
119,8,451.51,526.27,281.39,146.73000000000002,1,1,1.0
119,9,1343.3,129.7,292.70000000000005,183.10000000000002,1,1,1.0
120,1,675.8,728.8,271.9000000000001,153.5,1,1,1.0
120,2,252.9,541.9,205.4,133.20000000000005,1,1,1.0
120,3,826.6,635.1,279.9999999999999,122.10000000000002,1,1,1.0
120,4,1051.0,382.2,133.4000000000001,321.8,1,1,1.0
120,5,1295.0,362.1,190.79999999999995,234.79999999999995,1,1,1.0
120,6,1369.8,810.3,287.0,196.70000000000005,1,1,1.0
120,7,1177.5,354.2,142.49,290.40000000000003,1,1,1.0
120,8,403.2,564.6,298.90000000000003,136.65999999999997,1,1,1.0
120,9,1343.3,129.7,292.70000000000005,183.10000000000002,1,1,1.0
