1,1,114.19,614.04,191.69,260.51,1,1,1.0
1,2,1196.8,459.4,297.97,199.89999999999998,1,1,1.0
1,3,503.91,579.3,294.79,128.36,1,1,1.0
1,4,187.4,407.8,118.6,115.69999999999999,1,1,0.0
1,5,296.6,480.1,189.89999999999998,250.79999999999995,1,1,1.0
1,6,1423.2,323.0,129.89999999999986,177.89999999999998,1,1,1.0
1,7,802.0,439.8,342.0,119.49999999999994,1,1,1.0
1,8,1049.0,267.1,236.79999999999995,225.89999999999998,1,1,1.0
1,9,594.6,241.3,274.1,191.7,1,1,1.0
1,10,1503.2,830.9,31.59999999999991,31.700000000000045,1,1,0.0
2,1,83.5,621.3,236.39999999999998,241.30000000000007,1,1,1.0
2,2,1245.43,399.9,203.76999999999998,296.30000000000007,1,1,1.0
2,3,506.9,573.3,284.30000000000007,125.30000000000007,1,1,1.0
2,4,191.6,409.8,116.20000000000002,105.99999999999994,1,1,0.0
2,5,318.8,504.1,181.59999999999997,216.10000000000002,1,1,1.0
2,6,1426.1,342.7,127.0,158.2,1,1,1.0
2,7,822.4,436.5,320.30000000000007,185.70000000000005,1,1,1.0
2,8,1081.6,273.2,202.80000000000018,249.50000000000006,1,1,1.0
2,9,592.6,240.1,271.5,193.6,1,1,1.0
2,10,1505.7,825.7,28.59999999999991,25.09999999999991,1,1,0.0
3,1,117.1,626.6,204.4,233.69999999999993,1,1,1.0
3,2,1244.57,402.2,162.6300000000001,316.7,1,1,1.0
3,3,506.9,573.3,284.30000000000007,123.0,1,1,1.0
3,4,193.7,408.0,114.69999999999999,125.20000000000005,1,1,0.0
3,5,326.4,503.7,174.0,200.50000000000006,1,1,1.0
3,6,1432.5,351.3,120.59999999999991,148.2,1,1,1.0
3,7,834.2,421.9,303.29999999999995,198.39999999999998,1,1,1.0
3,8,1026.6,285.5,234.70000000000005,240.79999999999995,1,1,1.0
3,9,591.4,227.7,274.4,209.5,1,1,1.0
3,10,1498.5,819.1,34.90000000000009,39.799999999999955,1,1,0.0
4,1,144.3,611.58,165.12,257.7199999999999,1,1,1.0
4,2,1245.0,393.2,163.9000000000001,330.2,1,1,1.0
4,3,506.9,574.0,282.80000000000007,122.29999999999995,1,1,1.0
4,4,189.5,409.1,117.69,136.60000000000002,1,1,0.0
4,5,326.4,504.4,169.8,199.80000000000007,1,1,1.0
4,6,1415.7,356.4,134.89999999999986,142.8,1,1,1.0
4,7,829.7,423.7,306.79999999999995,192.8,1,1,1.0
4,8,1035.3,254.4,241.5,213.99999999999997,1,1,1.0
4,9,602.4,230.2,261.70000000000005,205.3,1,1,1.0
4,10,1504.7,816.0,30.5,32.200000000000045,1,1,0.0
5,1,133.3,612.3,177.2,258.1,1,1,1.0
5,2,1245.8,393.2,163.10000000000014,332.50000000000006,1,1,1.0
5,3,510.7,571.0,277.50000000000006,129.79999999999995,1,1,1.0
5,4,165.2,417.6,123.19999999999999,144.10000000000002,1,1,0.0
5,5,332.0,504.4,161.39999999999998,199.80000000000007,1,1,1.0
5,6,1398.4,361.2,151.79999999999995,138.90000000000003,1,1,1.0
5,7,820.3,421.9,318.29999999999995,224.20000000000005,1,1,1.0
5,8,1024.4,218.2,250.5999999999999,237.2,1,1,1.0
5,9,612.8,211.7,251.30000000000007,230.2,1,1,1.0
5,10,1501.4,816.0,33.59999999999991,38.60000000000002,1,1,0.0
6,1,107.2,612.63,203.3,288.97,1,1,1.0
6,2,1245.8,399.2,166.10000000000014,329.50000000000006,1,1,1.0
6,3,513.7,573.3,276.0,125.20000000000005,1,1,1.0
6,4,125.6,414.12,167.70000000000002,179.5,1,1,1.0
6,5,341.0,494.7,149.60000000000002,212.3,1,1,1.0
6,6,1430.2,359.66,121.09999999999991,139.95999999999998,1,1,1.0
6,7,791.7,429.5,340.5,162.10000000000002,1,1,1.0
6,8,999.8,213.9,247.70000000000005,219.1,1,1,1.0
6,9,618.6,197.2,253.0,244.7,1,1,1.0
6,10,1497.1,822.8,37.700000000000045,30.40000000000009,1,1,0.0
7,1,135.6,611.91,171.71,283.2900000000001,1,1,1.0
7,2,1246.4,391.7,168.5,334.00000000000006,1,1,1.0
7,3,503.9,571.8,307.70000000000005,156.80000000000007,1,1,1.0
7,4,127.0,416.9,173.2,178.10000000000002,1,1,1.0
7,5,332.7,502.7,158.60000000000002,212.00000000000006,1,1,1.0
7,6,1443.9,359.23,106.29999999999995,139.91999999999996,1,1,1.0
7,7,781.4,437.1,351.30000000000007,144.10000000000002,1,1,1.0
7,8,1007.0,242.1,265.0999999999999,195.9,1,1,1.0
7,9,627.9,208.8,234.39999999999998,263.8,1,1,1.0
7,10,1501.4,826.1,33.299999999999955,29.0,1,1,0.0
8,1,141.8,614.13,163.86,267.97,1,1,1.0
8,2,1245.8,403.0,172.9000000000001,325.70000000000005,1,1,1.0
8,3,535.5,525.1,268.6,204.29999999999995,1,1,1.0
8,4,127.0,416.9,175.3,168.39999999999998,1,1,1.0
8,5,294.5,477.3,184.3,221.40000000000003,1,1,1.0
8,6,1445.8,360.5,104.10000000000014,136.7,1,1,1.0
8,7,795.3,437.1,339.10000000000014,131.60000000000002,1,1,1.0
8,8,1001.9,239.2,264.80000000000007,201.7,1,1,1.0
8,9,664.4,247.0,213.5,280.0,1,1,1.0
8,10,1496.2,833.9,37.59999999999991,38.5,1,1,0.0
9,1,141.8,609.4,170.09999999999997,269.5,1,1,1.0
9,2,1245.8,394.0,175.9000000000001,323.4,1,1,1.0
9,3,537.0,525.1,264.79999999999995,197.5,1,1,1.0
9,4,129.1,413.0,160.70000000000002,173.0,1,1,1.0
9,5,275.1,455.8,186.29999999999995,176.90000000000003,1,1,1.0
9,6,1445.85,359.72,102.05000000000018,137.73999999999995,1,1,1.0
9,7,734.2,444.0,407.0999999999999,124.70000000000005,1,1,1.0
9,8,998.3,239.2,252.9000000000001,201.7,1,1,1.0
9,9,671.3,263.8,202.0,236.59999999999997,1,1,1.0
9,10,1497.4,831.6,36.399999999999864,23.299999999999955,1,1,0.0
10,1,160.5,600.88,142.36,293.32000000000005,1,1,1.0
10,2,1244.3,395.5,171.4000000000001,328.0,1,1,1.0
10,3,534.0,528.1,267.79999999999995,190.69999999999993,1,1,1.0
10,4,138.8,416.9,146.2,179.5,1,1,1.0
10,5,199.4,467.6,241.20000000000002,123.39999999999998,1,1,1.0
10,6,1445.9,358.94,103.29999999999995,138.79000000000002,1,1,1.0
10,7,629.4,454.4,407.1,118.5,1,1,1.0
10,8,999.7,232.7,246.5,216.90000000000003,1,1,1.0
10,9,686.3,263.8,222.80000000000007,169.5,1,1,1.0
10,10,1507.3,815.9,27.0,24.100000000000023,1,1,0.0
11,1,162.3,600.02,140.61,290.78,1,1,1.0
11,2,1244.3,397.0,172.20000000000005,326.5,1,1,1.0
11,3,525.0,530.4,275.29999999999995,183.10000000000002,1,1,1.0
11,4,142.3,414.8,153.7,175.99999999999994,1,1,1.0
11,5,332.7,448.16,166.90000000000003,125.44,1,1,1.0
11,6,1446.69,362.1,101.90999999999985,135.09999999999997,1,1,1.0
11,7,532.9,462.7,318.9,167.7,1,1,1.0
11,8,1004.0,229.1,248.0,224.1,1,1,1.0
11,9,699.6,268.4,189.39999999999998,164.90000000000003,1,1,1.0
11,10,1507.3,817.05,26.5,23.90000000000009,1,1,0.0
12,1,159.2,603.84,141.18,272.55999999999995,1,1,1.0
12,2,1245.8,397.0,174.5,326.5,1,1,1.0
12,3,558.9,512.3,337.9,145.4000000000001,1,1,1.0
12,4,137.8,412.4,161.5,170.80000000000007,1,1,1.0
12,5,340.3,441.2,164.89999999999998,134.50000000000006,1,1,1.0
12,6,1443.9,360.3,105.29999999999995,136.46999999999997,1,1,1.0
12,7,432.7,462.7,260.78000000000003,287.7,1,1,1.0
12,8,964.3,247.2,310.5,198.0,1,1,1.0
12,9,703.1,268.4,199.79999999999995,161.40000000000003,1,1,1.0
12,10,1510.2,818.2,25.200000000000045,23.699999999999932,1,1,0.0
13,1,155.7,590.64,135.52000000000004,272.26,1,1,1.0
13,2,1245.8,397.0,179.0,326.5,1,1,1.0
13,3,543.1,471.6,306.19999999999993,137.89999999999998,1,1,1.0
13,4,148.4,416.9,151.79999999999998,187.10000000000002,1,1,1.0
13,5,339.4,439.3,165.8,135.7,1,1,1.0
13,6,1437.7,356.6,111.09999999999991,138.0,1,1,1.0
13,7,374.0,554.4,236.89999999999998,218.0,1,1,1.0
13,8,933.2,255.9,348.5,169.79999999999998,1,1,1.0
13,9,699.6,265.3,210.29999999999995,166.2,1,1,1.0
13,10,1507.7,815.5,26.299999999999955,25.899999999999977,1,1,0.0
14,1,170.56,585.91,169.2,278.70000000000005,1,1,1.0
14,2,1245.8,395.1,178.10000000000014,326.19999999999993,1,1,1.0
14,3,541.4,471.6,295.1,156.0,1,1,1.0
14,4,149.9,416.9,149.6,174.60000000000002,1,1,1.0
14,5,339.4,437.2,165.8,138.50000000000006,1,1,1.0
14,6,1456.3,358.3,92.90000000000009,136.3,1,1,1.0
14,7,366.2,589.8,194.00000000000006,218.0,1,1,1.0
14,8,915.8,263.1,355.0,136.59999999999997,1,1,1.0
14,9,703.1,259.7,226.69999999999993,177.60000000000002,1,1,1.0
14,10,1504.0,815.5,30.09999999999991,40.0,1,1,0.0
15,1,174.1,583.15,164.96,279.95000000000005,1,1,1.0
15,2,1245.8,389.8,179.0,333.7,1,1,1.0
15,3,544.6,461.1,339.4,134.89999999999998,1,1,1.0
15,4,149.9,414.8,149.6,171.09999999999997,1,1,1.0
15,5,340.3,444.0,167.0,133.10000000000002,1,1,1.0
15,6,1456.7,358.3,92.09999999999991,138.0,1,1,1.0
15,7,370.4,596.0,195.70000000000005,215.0,1,1,1.0
15,8,917.2,277.6,316.0,220.5,1,1,1.0
15,9,705.4,263.2,234.0,174.10000000000002,1,1,1.0
15,10,1504.0,808.3,30.299999999999955,44.5,1,1,0.0
16,1,109.8,590.0,228.39999999999998,298.29999999999995,1,1,1.0
16,2,1245.8,391.9,176.4000000000001,331.6,1,1,1.0
16,3,555.9,470.1,303.20000000000005,187.69999999999993,1,1,1.0
16,4,145.1,415.85,154.4,170.04999999999995,1,1,1.0
16,5,340.0,447.3,168.8,128.40000000000003,1,1,1.0
16,6,1433.6,367.0,115.60000000000014,130.5,1,1,1.0
16,7,370.8,598.1,196.40000000000003,226.69999999999993,1,1,1.0
16,8,959.2,255.9,210.29999999999995,329.1,1,1,1.0
16,9,636.5,265.0,300.0,172.3,1,1,1.0
16,10,1495.9,804.2,38.59999999999991,44.0,1,1,0.0
17,1,119.0,605.3,219.2,269.0,1,1,1.0
17,2,1245.8,394.0,179.0,329.5,1,1,1.0
17,3,568.0,461.8,283.6,194.49999999999994,1,1,1.0
17,4,143.6,415.4,155.9,170.5,1,1,1.0
17,5,336.7,446.4,170.60000000000002,127.89999999999998,1,1,1.0
17,6,1409.2,363.5,141.39999999999986,132.10000000000002,1,1,1.0
17,7,370.4,592.5,199.60000000000002,232.39999999999998,1,1,1.0
17,8,967.2,242.2,169.70000000000005,350.00000000000006,1,1,1.0
17,9,675.8,259.2,252.0,175.8,1,1,1.0
17,10,1503.7,827.6,28.399999999999864,31.5,1,1,0.0
18,1,97.34,612.79,253.20000000000002,246.71000000000004,1,1,1.0
18,2,1245.8,397.0,179.0,326.5,1,1,1.0
18,3,614.0,392.5,171.29999999999995,321.0,1,1,1.0
18,4,148.4,416.9,151.1,170.39999999999998,1,1,1.0
18,5,332.7,444.0,180.2,128.89999999999998,1,1,1.0
18,6,1403.5,365.8,146.0,132.89999999999998,1,1,1.0
18,7,366.2,594.6,198.90000000000003,255.19999999999993,1,1,1.0
18,8,986.0,283.4,189.20000000000005,349.4,1,1,1.0
18,9,683.9,253.4,243.89999999999998,171.79999999999998,1,1,1.0
18,10,1503.7,841.7,28.5,28.0,1,1,0.0
19,1,113.34,621.79,260.1,216.41000000000008,1,1,1.0
19,2,1245.8,395.5,179.0,327.20000000000005,1,1,1.0
19,3,534.1,443.7,196.94999999999993,275.8,1,1,1.0
19,4,151.0,416.9,148.5,184.30000000000007,1,1,1.0
19,5,335.6,440.4,173.79999999999995,168.89999999999998,1,1,1.0
19,6,1418.9,346.1,129.19999999999982,154.39999999999998,1,1,1.0
19,7,368.4,611.0,195.60000000000002,205.20000000000005,1,1,1.0
19,8,972.3,284.8,216.29999999999995,306.7,1,1,1.0
19,9,683.3,254.6,245.10000000000002,167.1,1,1,1.0
19,10,1498.7,841.7,34.0,29.0,1,1,0.0
20,1,118.5,640.91,260.23,186.99,1,1,1.0
20,2,1245.8,393.6,177.9000000000001,327.6,1,1,1.0
20,3,534.9,439.2,196.14999999999998,273.50000000000006,1,1,1.0
20,4,147.0,413.3,152.5,203.90000000000003,1,1,1.0
20,5,343.9,425.9,173.80000000000007,198.70000000000005,1,1,1.0
20,6,1429.8,341.5,120.20000000000005,156.2,1,1,1.0
20,7,346.4,609.56,216.19000000000005,204.24,1,1,1.0
20,8,913.0,285.5,201.4000000000001,306.6,1,1,1.0
20,9,654.3,233.8,285.1,188.5,1,1,1.0
20,10,1500.8,849.3,31.40000000000009,32.60000000000002,1,1,0.0
21,1,130.1,623.67,246.85,207.83000000000004,1,1,1.0
21,2,1245.8,391.7,170.0,327.2,1,1,1.0
21,3,574.1,421.1,153.19999999999993,308.9,1,1,1.0
21,4,142.3,415.7,157.2,190.40000000000003,1,1,1.0
21,5,342.3,427.3,169.2,192.2,1,1,1.0
21,6,1439.1,345.0,109.70000000000005,156.0,1,1,1.0
21,7,350.0,624.55,225.78999999999996,202.35000000000002,1,1,1.0
21,8,873.2,305.0,262.89999999999986,272.6,1,1,1.0
21,9,661.8,226.3,284.0,200.59999999999997,1,1,1.0
21,10,1499.8,851.6,31.799999999999955,30.299999999999955,1,1,0.0
22,1,151.4,593.93,194.08,269.87,1,1,1.0
22,2,1245.8,388.0,175.29999999999995,332.4,1,1,1.0
22,3,531.9,510.0,270.70000000000005,230.60000000000002,1,1,1.0
22,4,147.2,416.9,152.3,189.89999999999998,1,1,1.0
22,5,320.1,450.9,153.89999999999998,213.0,1,1,1.0
22,6,1441.4,343.3,108.19999999999982,158.8,1,1,1.0
22,7,342.7,615.55,229.58999999999997,211.45000000000005,1,1,1.0
22,8,892.0,296.3,277.4000000000001,257.40000000000003,1,1,1.0
22,9,668.6,226.3,277.19999999999993,211.0,1,1,1.0
22,10,1493.4,834.2,39.299999999999955,38.39999999999998,1,1,0.0
23,1,171.2,589.52,174.28000000000003,274.08000000000004,1,1,1.0
23,2,1244.3,406.1,181.29999999999995,318.79999999999995,1,1,1.0
23,3,577.1,469.3,370.19999999999993,143.2,1,1,1.0
23,4,155.5,415.4,144.0,180.30000000000007,1,1,1.0
23,5,316.6,440.2,150.5,202.90000000000003,1,1,1.0
23,6,1443.3,328.3,105.90000000000009,173.2,1,1,1.0
23,7,349.9,615.86,215.12,206.14,1,1,1.0
23,8,953.5,355.6,317.5,140.2,1,1,1.0
23,9,671.1,216.5,266.0,220.8,1,1,1.0
23,10,1503.1,823.3,29.90000000000009,22.600000000000023,1,1,0.0
24,1,179.4,580.25,155.30999999999997,295.75,1,1,1.0
24,2,1239.0,417.8,184.29999999999995,321.40000000000003,1,1,1.0
24,3,685.6,421.8,323.5,118.40000000000003,1,1,1.0
24,4,150.2,416.9,149.3,185.0,1,1,1.0
24,5,317.5,441.4,149.60000000000002,199.60000000000002,1,1,1.0
24,6,1442.6,341.0,107.0,160.5,1,1,1.0
24,7,334.2,635.03,249.7,181.57000000000005,1,1,1.0
24,8,983.2,375.1,309.89999999999986,122.19999999999999,1,1,1.0
24,9,682.7,215.3,244.19999999999993,231.59999999999997,1,1,1.0
24,10,1508.9,805.9,24.09999999999991,26.0,1,1,0.0
25,1,193.99,574.65,142.01,302.25,1,1,1.0
25,2,1236.0,439.3,191.0999999999999,302.2,1,1,1.0
25,3,730.1,418.8,304.6,147.09999999999997,1,1,1.0
25,4,115.2,414.8,184.3,162.09999999999997,1,1,1.0
25,5,318.1,441.1,149.0,193.89999999999998,1,1,1.0
25,6,1445.6,343.2,102.90000000000009,158.3,1,1,1.0
25,7,343.2,633.6,240.7,181.60000000000002,1,1,1.0
25,8,978.5,378.7,311.79999999999995,123.30000000000001,1,1,1.0
25,9,644.6,240.8,279.79999999999995,202.3,1,1,1.0
25,10,1508.9,796.6,26.0,30.699999999999932,1,1,0.0
26,1,162.96,688.82,210.73999999999998,218.88,1,1,1.0
26,2,1237.5,439.3,183.5999999999999,302.2,1,1,1.0
26,3,768.3,347.9,253.30000000000007,279.0,1,1,1.0
26,4,115.4,415.85,184.1,159.85000000000002,1,1,1.0
26,5,319.1,441.1,146.79999999999995,196.39999999999998,1,1,1.0
26,6,1446.0,350.8,103.5,152.39999999999998,1,1,1.0
26,7,357.8,648.2,249.7,148.89999999999998,1,1,1.0
26,8,974.6,377.3,347.4,123.59999999999997,1,1,1.0
26,9,628.4,253.0,297.1,170.39999999999998,1,1,1.0
26,10,1506.0,796.6,28.90000000000009,30.699999999999932,1,1,0.0
27,1,136.1,771.7,243.00000000000003,117.5,1,1,1.0
27,2,1242.8,430.3,154.9000000000001,315.7,1,1,1.0
27,3,561.4,411.6,131.20000000000005,258.19999999999993,1,1,1.0
27,4,103.6,416.9,195.9,161.20000000000005,1,1,1.0
27,5,318.8,444.0,145.89999999999998,199.10000000000002,1,1,1.0
27,6,1447.1,342.3,102.5,159.5,1,1,1.0
27,7,340.4,661.4,257.4,137.10000000000002,1,1,1.0
27,8,982.2,375.8,356.0,117.19999999999999,1,1,1.0
27,9,585.6,228.1,297.79999999999995,125.9,1,1,1.0
27,10,1506.0,790.0,28.90000000000009,57.200000000000045,1,1,0.0
28,1,138.9,789.8,280.1,114.10000000000002,1,1,1.0
28,2,1255.5,342.6,178.4000000000001,366.29999999999995,1,1,1.0
28,3,551.4,383.6,142.80000000000007,273.1,1,1,1.0
28,4,102.0,412.4,197.5,159.70000000000005,1,1,1.0
28,5,317.3,445.4,149.8,197.70000000000005,1,1,1.0
28,6,1450.4,334.8,99.0,164.39999999999998,1,1,1.0
28,7,334.2,661.4,263.59999999999997,135.30000000000007,1,1,1.0
28,8,986.2,376.5,352.70000000000005,114.30000000000001,1,1,1.0
28,9,587.9,237.9,300.0,129.99999999999997,1,1,1.0
28,10,1510.7,790.0,24.200000000000045,28.0,1,1,0.0
29,1,173.08,779.15,272.52,124.95000000000005,1,1,1.0
29,2,1310.3,351.6,147.10000000000014,337.4,1,1,1.0
29,3,542.9,437.6,241.80000000000007,236.10000000000002,1,1,1.0
29,4,149.2,415.4,150.0,185.89999999999998,1,1,1.0
29,5,317.3,445.4,149.8,191.30000000000007,1,1,1.0
29,6,1449.3,347.4,99.70000000000005,152.8,1,1,1.0
29,7,349.5,656.5,262.9,135.79999999999995,1,1,1.0
29,8,975.5,379.4,355.9000000000001,112.10000000000002,1,1,1.0
29,9,630.1,217.1,249.10000000000002,228.29999999999998,1,1,1.0
29,10,1509.0,793.1,25.90000000000009,29.699999999999932,1,1,0.0
30,1,188.0,794.3,308.6,114.70000000000005,1,1,1.0
30,2,1323.4,351.6,138.5,350.0,1,1,1.0
30,3,563.3,433.9,230.20000000000005,243.60000000000002,1,1,1.0
30,4,156.1,416.9,133.00000000000003,296.9,1,1,1.0
30,5,318.5,439.9,148.60000000000002,208.20000000000005,1,1,1.0
30,6,1445.3,350.9,104.79999999999995,145.70000000000005,1,1,1.0
30,7,349.5,656.5,269.79999999999995,135.79999999999995,1,1,1.0
30,8,981.6,375.8,398.6,111.39999999999998,1,1,1.0
30,9,643.4,212.5,199.30000000000007,287.9,1,1,1.0
30,10,1504.3,799.1,30.600000000000136,34.60000000000002,1,1,0.0
31,1,243.6,792.04,325.29999999999995,116.40000000000009,1,1,1.0
31,2,1321.7,351.6,141.0999999999999,349.1,1,1,1.0
31,3,552.0,435.8,273.6,234.8,1,1,1.0
31,4,144.3,442.6,149.0,332.29999999999995,1,1,1.0
31,5,306.9,439.0,160.20000000000005,204.10000000000002,1,1,1.0
31,6,1421.2,352.4,127.79999999999995,144.3,1,1,1.0
31,7,346.0,656.5,257.29999999999995,135.79999999999995,1,1,1.0
31,8,983.4,373.6,319.80000000000007,114.29999999999995,1,1,1.0
31,9,637.6,286.6,305.79999999999995,199.29999999999995,1,1,1.0
31,10,1514.2,794.8,20.700000000000045,23.200000000000045,1,1,0.0
32,1,271.5,780.7,301.20000000000005,117.19999999999993,1,1,1.0
32,2,1322.6,351.6,140.20000000000005,349.1,1,1,1.0
32,3,735.6,456.5,337.4,103.0,1,1,1.0
32,4,115.8,448.2,177.5,294.8,1,1,1.0
32,5,273.6,438.4,193.5,217.89999999999998,1,1,1.0
32,6,1433.3,352.4,116.79999999999995,144.3,1,1,1.0
32,7,319.6,673.2,275.4,116.19999999999993,1,1,1.0
32,8,991.4,372.9,378.4,114.30000000000001,1,1,1.0
32,9,687.9,294.7,331.30000000000007,169.2,1,1,1.0
32,10,1510.9,797.0,24.0,27.0,1,1,0.0
33,1,296.4,771.7,343.4,119.39999999999998,1,1,1.0
33,2,1322.6,355.2,140.20000000000005,345.50000000000006,1,1,1.0
33,3,929.13,473.41,287.66999999999996,186.88999999999993,1,1,1.0
33,4,95.0,448.2,198.3,278.09999999999997,1,1,1.0
33,5,278.6,433.5,188.5,222.79999999999995,1,1,1.0
33,6,1435.3,352.4,114.29999999999995,144.3,1,1,1.0
33,7,319.6,667.4,273.29999999999995,115.89999999999998,1,1,1.0
33,8,1027.6,368.6,294.5,176.5,1,1,1.0
33,9,737.1,285.2,276.29999999999995,187.40000000000003,1,1,1.0
33,10,1517.5,797.0,17.40000000000009,27.0,1,1,0.0
34,1,392.1,735.6,321.5,172.10000000000002,1,1,1.0
34,2,1323.3,371.3,140.60000000000014,337.2,1,1,1.0
34,3,1034.8,518.6,286.9000000000001,212.29999999999995,1,1,1.0
34,4,94.3,448.2,199.0,278.09999999999997,1,1,1.0
34,5,268.8,432.1,203.7,190.0,1,1,1.0
34,6,1436.3,352.4,114.29999999999995,144.3,1,1,1.0
34,7,319.6,671.8,276.79999999999995,112.20000000000005,1,1,1.0
34,8,1150.6,438.0,292.4000000000001,226.20000000000005,1,1,1.0
34,9,750.4,278.5,266.5,205.7,1,1,1.0
34,10,1517.5,805.3,17.40000000000009,22.0,1,1,0.0
35,1,499.1,708.47,286.84000000000003,181.13,1,1,1.0
35,2,1320.4,345.29,165.89999999999986,305.21,1,1,1.0
35,3,1055.9,399.54,237.19999999999982,244.66000000000003,1,1,1.0
35,4,140.1,448.2,153.20000000000002,304.50000000000006,1,1,1.0
35,5,314.3,440.5,174.39999999999998,184.20000000000005,1,1,1.0
35,6,1464.9,348.9,86.69999999999982,143.3,1,1,1.0
35,7,318.2,667.8,276.8,119.0,1,1,1.0
35,8,1280.8,506.0,260.60000000000014,243.89999999999998,1,1,1.0
35,9,753.3,283.2,255.5,206.2,1,1,1.0
35,10,1517.5,811.1,17.40000000000009,20.699999999999932,1,1,0.0
36,1,539.8,685.0,261.5,247.10000000000002,1,1,1.0
36,2,1322.1,349.8,163.30000000000018,312.8,1,1,1.0
36,3,582.4,374.0,213.89999999999998,209.20000000000005,1,1,1.0
36,4,163.7,505.1,135.2,319.79999999999995,1,1,1.0
36,5,291.7,422.1,171.8,250.0,1,1,1.0
36,6,1457.4,345.9,92.69999999999982,145.3,1,1,1.0
36,7,318.2,673.2,281.50000000000006,114.29999999999995,1,1,1.0
36,8,1332.9,612.3,212.0999999999999,132.5,1,1,1.0
36,9,790.9,235.1,231.20000000000005,238.70000000000002,1,1,1.0
36,10,1512.8,808.2,22.100000000000136,23.59999999999991,1,1,0.0
37,1,539.8,704.8,260.20000000000005,217.4000000000001,1,1,1.0
37,2,1321.9,352.5,151.69999999999982,311.9,1,1,1.0
37,3,659.3,357.4,216.9000000000001,234.80000000000007,1,1,1.0
37,4,160.2,537.7,138.7,296.19999999999993,1,1,1.0
37,5,302.9,400.3,153.20000000000005,247.7,1,1,1.0
37,6,1463.4,347.9,86.69999999999982,143.8,1,1,1.0
37,7,334.2,682.2,270.50000000000006,102.5,1,1,1.0
37,8,1392.7,606.6,153.29999999999995,131.39999999999998,1,1,0.0
37,9,802.5,266.3,283.70000000000005,205.2,1,1,1.0
37,10,1504.1,823.5,29.300000000000182,25.5,1,1,0.0
38,1,541.0,704.4,256.70000000000005,208.60000000000002,1,1,1.0
38,2,1320.7,340.7,144.79999999999995,326.40000000000003,1,1,1.0
38,3,801.7,435.0,297.20000000000005,133.10000000000002,1,1,1.0
38,4,144.3,562.9,206.0,293.20000000000005,1,1,1.0
38,5,255.7,399.6,194.7,218.5,1,1,1.0
38,6,1464.4,346.9,85.19999999999982,147.05,1,1,1.0
38,7,337.3,679.4,277.7,103.5,1,1,1.0
38,8,1455.9,621.1,90.09999999999991,144.89999999999998,1,1,0.0
38,9,847.2,279.7,338.0999999999999,142.2,1,1,1.0
38,10,1504.1,836.5,29.600000000000136,26.299999999999955,1,1,0.0
39,1,535.3,702.63,268.6600000000001,209.66999999999996,1,1,1.0
39,2,1321.8,335.3,145.5,329.99999999999994,1,1,1.0
39,3,1005.9,468.2,298.30000000000007,180.50000000000006,1,1,1.0
39,4,190.7,755.7,284.6,154.5999999999999,1,1,1.0
39,5,248.1,407.9,202.4,208.80000000000007,1,1,1.0
39,6,1465.4,345.9,83.69999999999982,150.3,1,1,1.0
39,7,338.7,658.6,288.3,121.89999999999998,1,1,1.0
39,8,1479.5,613.9,65.40000000000009,132.80000000000007,1,1,0.0
39,9,926.9,317.5,304.1,130.8,1,1,1.0
39,10,1496.0,827.6,37.90000000000009,43.19999999999993,1,1,0.0
40,1,533.5,702.2,266.0,208.79999999999995,1,1,1.0
40,2,1324.9,341.6,146.89999999999986,323.69999999999993,1,1,1.0
40,3,1121.9,494.6,283.29999999999995,250.60000000000002,1,1,1.0
40,4,225.6,800.1,317.1,110.19999999999993,1,1,1.0
40,5,222.4,432.2,204.49999999999997,197.7,1,1,1.0
40,6,1467.4,311.8,82.69999999999982,183.3,1,1,1.0
40,7,352.3,640.3,273.99999999999994,142.30000000000007,1,1,1.0
40,8,1487.7,607.6,56.5,132.79999999999995,1,1,0.0
40,9,926.9,319.0,335.30000000000007,120.60000000000002,1,1,1.0
40,10,1488.2,813.8,45.899999999999864,57.0,1,1,0.0
41,1,534.4,702.2,264.20000000000005,209.19999999999993,1,1,1.0
41,2,1323.3,309.6,174.4000000000001,355.69999999999993,1,1,1.0
41,3,1141.5,480.28,226.0,267.9200000000001,1,1,1.0
41,4,227.5,797.3,326.9,110.20000000000005,1,1,1.0
41,5,198.1,480.9,202.79999999999998,140.0,1,1,1.0
41,6,1466.7,301.7,82.39999999999986,190.0,1,1,1.0
41,7,378.0,574.6,248.29999999999995,223.60000000000002,1,1,1.0
41,8,1486.7,590.2,59.299999999999955,138.0999999999999,1,1,0.0
41,9,926.9,314.9,355.0000000000001,123.5,1,1,1.0
41,10,1487.8,808.0,46.90000000000009,39.39999999999998,1,1,0.0
42,1,534.4,702.2,267.80000000000007,209.19999999999993,1,1,1.0
42,2,1322.8,343.4,148.10000000000014,313.80000000000007,1,1,1.0
42,3,585.0,372.9,331.79999999999995,181.10000000000002,1,1,1.0
42,4,237.3,801.8,309.49999999999994,106.40000000000009,1,1,1.0
42,5,196.7,508.6,207.3,110.19999999999993,1,1,1.0
42,6,1469.4,320.9,79.19999999999982,174.8,1,1,1.0
42,7,366.9,574.6,161.5,262.1,1,1,1.0
42,8,1485.7,578.6,59.819999999999936,101.5,1,1,0.0
42,9,939.9,316.6,308.5000000000001,116.0,1,1,1.0
42,10,1508.7,826.4,25.299999999999955,21.800000000000068,1,1,0.0
43,1,538.0,703.1,257.0,217.29999999999995,1,1,1.0
43,2,1321.8,343.4,150.9000000000001,317.4,1,1,1.0
43,3,547.0,445.2,249.5,234.59999999999997,1,1,1.0
43,4,240.8,802.2,319.2,108.79999999999995,1,1,1.0
43,5,162.0,457.9,216.3,198.0,1,1,1.0
43,6,1469.8,288.2,80.79999999999995,209.5,1,1,1.0
43,7,345.1,587.7,222.19999999999993,243.29999999999995,1,1,1.0
43,8,1482.3,591.6,63.22000000000003,91.39999999999998,1,1,0.0
43,9,944.3,320.7,291.4000000000001,116.5,1,1,1.0
43,10,1511.2,826.4,23.09999999999991,21.800000000000068,1,1,0.0
44,1,538.2,703.1,256.79999999999995,212.10000000000002,1,1,1.0
44,2,1345.1,300.9,133.0,350.9,1,1,1.0
44,3,525.3,506.0,370.4000000000001,134.60000000000002,1,1,1.0
44,4,246.4,801.5,336.5,108.10000000000002,1,1,1.0
44,5,130.8,450.3,255.8,182.99999999999994,1,1,1.0
44,6,1473.9,296.6,76.69999999999982,199.59999999999997,1,1,1.0
44,7,285.3,537.6,263.72999999999996,239.10000000000002,1,1,1.0
44,8,1475.5,590.2,70.01999999999998,90.39999999999998,1,1,0.0
44,9,931.6,327.6,337.30000000000007,115.39999999999998,1,1,1.0
44,10,1511.39,817.1,23.50999999999999,19.100000000000023,1,1,0.0
45,1,546.5,703.1,248.5,220.29999999999995,1,1,1.0
45,2,1328.6,362.4,140.5,299.30000000000007,1,1,1.0
45,3,943.5,445.7,339.79999999999995,165.40000000000003,1,1,1.0
45,4,258.9,803.2,344.80000000000007,109.89999999999998,1,1,1.0
45,5,100.9,458.6,285.70000000000005,164.39999999999998,1,1,1.0
45,6,1471.4,284.1,78.09999999999991,210.09999999999997,1,1,1.0
45,7,307.5,495.9,207.5,283.6,1,1,1.0
45,8,1477.4,590.2,68.11999999999989,92.79999999999995,1,1,0.0
45,9,933.9,321.8,324.30000000000007,117.69999999999999,1,1,1.0
45,10,1520.8,817.1,14.8900000000001,19.100000000000023,1,1,0.0
46,1,550.0,703.5,240.20000000000005,224.60000000000002,1,1,1.0
46,2,1327.7,348.8,145.89999999999986,295.7,1,1,1.0
46,3,1041.4,490.4,278.6999999999998,168.60000000000002,1,1,1.0
46,4,263.8,804.3,325.99999999999994,109.5,1,1,1.0
46,5,98.1,466.9,299.6,155.39999999999998,1,1,1.0
46,6,1471.4,281.1,78.5,213.09999999999997,1,1,1.0
46,7,367.2,462.2,152.3,305.2,1,1,1.0
46,8,1475.0,590.2,70.51999999999998,92.79999999999995,1,1,0.0
46,9,975.0,318.3,271.5999999999999,116.59999999999997,1,1,1.0
46,10,1513.8,825.45,21.200000000000045,30.899999999999977,1,1,0.0
47,1,547.9,703.1,242.64,216.89999999999998,1,1,1.0
47,2,1326.2,319.0,147.39999999999986,316.5,1,1,1.0
47,3,1049.4,477.2,267.1999999999998,176.2,1,1,1.0
47,4,263.8,802.2,318.40000000000003,111.59999999999991,1,1,1.0
47,5,96.0,469.0,301.7,151.89999999999998,1,1,1.0
47,6,1470.1,284.1,80.5,210.09999999999997,1,1,1.0
47,7,398.5,437.6,121.0,336.29999999999995,1,1,1.0
47,8,1479.8,597.5,65.72000000000003,86.0,1,1,0.0
47,9,984.3,317.1,264.10000000000014,117.19999999999999,1,1,1.0
47,10,1506.8,833.8,27.5,42.710000000000036,1,1,0.0
48,1,547.0,704.9,242.60000000000002,213.70000000000005,1,1,1.0
48,2,1328.1,303.6,143.70000000000005,331.9,1,1,1.0
48,3,1072.7,477.2,262.5999999999999,244.90000000000003,1,1,1.0
48,4,265.9,801.5,306.6,112.29999999999995,1,1,1.0
48,5,98.1,474.5,298.9,146.39999999999998,1,1,1.0
48,6,1470.9,293.0,77.89999999999986,201.2,1,1,1.0
48,7,396.0,437.9,123.5,336.70000000000005,1,1,1.0
48,8,1474.5,596.1,71.01999999999998,89.29999999999995,1,1,0.0
48,9,978.5,316.5,266.4000000000001,119.0,1,1,1.0
48,10,1510.3,827.6,24.0,28.0,1,1,0.0
49,1,547.0,704.9,241.70000000000005,213.70000000000005,1,1,1.0
49,2,1327.2,310.8,159.0999999999999,337.40000000000003,1,1,1.0
49,3,1083.1,480.8,248.70000000000005,213.49999999999994,1,1,1.0
49,4,271.5,801.5,312.1,112.29999999999995,1,1,1.0
49,5,125.9,478.1,276.5,140.0,1,1,1.0
49,6,1475.9,291.6,74.69999999999982,203.29999999999995,1,1,1.0
49,7,396.4,424.8,120.20000000000005,349.49999999999994,1,1,1.0
49,8,1469.2,591.8,76.31999999999994,87.80000000000007,1,1,0.0
49,9,977.9,315.3,271.1,120.80000000000001,1,1,1.0
49,10,1519.4,830.3,14.899999999999864,20.100000000000023,1,1,0.0
50,1,547.0,701.3,242.60000000000002,214.70000000000005,1,1,1.0
50,2,1328.0,309.9,158.29999999999995,343.70000000000005,1,1,1.0
50,3,1103.2,465.4,228.5999999999999,228.20000000000005,1,1,1.0
50,4,274.3,802.9,296.09999999999997,110.89999999999998,1,1,1.0
50,5,125.9,474.5,278.70000000000005,145.0,1,1,1.0
50,6,1475.9,291.6,73.29999999999995,202.59999999999997,1,1,1.0
50,7,392.9,442.4,126.60000000000002,319.30000000000007,1,1,1.0
50,8,1470.6,588.4,74.92000000000007,84.39999999999998,1,1,0.0
50,9,976.7,314.1,270.5999999999999,118.0,1,1,1.0
50,10,1519.4,838.1,14.899999999999864,12.299999999999955,1,1,0.0
51,1,547.0,701.3,247.10000000000002,217.30000000000007,1,1,1.0
51,2,1259.2,439.2,236.0999999999999,252.40000000000003,1,1,1.0
51,3,755.8,259.3,159.9000000000001,319.3,1,1,1.0
51,4,272.2,802.9,298.2,110.89999999999998,1,1,1.0
51,5,132.8,472.0,271.09999999999997,148.20000000000005,1,1,1.0
51,6,1444.7,309.7,105.20000000000005,186.10000000000002,1,1,1.0
51,7,395.4,459.3,124.10000000000002,309.49999999999994,1,1,1.0
51,8,1484.6,576.8,60.92000000000007,94.10000000000002,1,1,0.0
51,9,979.6,301.9,299.6,129.60000000000002,1,1,1.0
51,10,1517.9,835.95,16.399999999999864,17.149999999999977,1,1,0.0
52,1,554.2,693.2,236.29999999999995,235.29999999999995,1,1,1.0
52,2,1044.0,450.1,322.9000000000001,124.0,1,1,1.0
52,3,813.4,289.2,173.10000000000002,295.00000000000006,1,1,1.0
52,4,272.9,800.1,297.5,113.69999999999993,1,1,1.0
52,5,133.5,473.1,271.1,148.5,1,1,1.0
52,6,1449.3,297.6,100.60000000000014,198.2,1,1,1.0
52,7,391.8,449.6,127.69999999999999,326.69999999999993,1,1,1.0
52,8,1508.7,568.1,36.819999999999936,68.10000000000002,1,1,0.0
52,9,979.6,301.9,288.1,129.60000000000002,1,1,1.0
52,10,1516.4,833.8,17.899999999999864,22.0,1,1,0.0
53,1,554.2,689.5,236.29999999999995,239.0,1,1,1.0
53,2,1040.5,448.3,339.0999999999999,116.80000000000001,1,1,1.0
53,3,1071.7,558.6,308.5,152.69999999999993,1,1,1.0
53,4,274.3,800.1,296.09999999999997,113.69999999999993,1,1,1.0
53,5,155.7,464.1,250.3,157.5,1,1,1.0
53,6,1448.9,327.4,100.29999999999995,167.8,1,1,1.0
53,7,393.6,426.7,127.60000000000002,348.40000000000003,1,1,1.0
53,8,1508.93,569.97,36.58999999999992,71.22000000000003,1,1,0.0
53,9,978.4,293.8,256.80000000000007,134.8,1,1,1.0
53,10,1519.0,833.8,15.299999999999955,22.0,1,1,0.0
54,1,554.2,692.1,236.29999999999995,236.39999999999998,1,1,1.0
54,2,1028.6,442.9,349.20000000000005,114.10000000000002,1,1,1.0
54,3,1112.0,550.3,267.5,170.70000000000005,1,1,1.0
54,4,276.4,795.9,313.4,114.39999999999998,1,1,1.0
54,5,145.3,465.1,267.2,157.19999999999993,1,1,1.0
54,6,1445.8,300.2,104.79999999999995,195.0,1,1,1.0
54,7,395.4,436.4,124.10000000000002,346.80000000000007,1,1,1.0
54,8,1509.16,571.84,36.3599999999999,74.33999999999992,1,1,0.0
54,9,987.2,267.3,234.5999999999999,167.09999999999997,1,1,1.0
54,10,1519.0,831.2,15.299999999999955,24.5,1,1,0.0
55,1,531.6,666.1,257.1,251.5,1,1,1.0
55,2,1039.5,450.1,341.9000000000001,110.5,1,1,1.0
55,3,1128.0,558.6,266.79999999999995,163.79999999999995,1,1,1.0
55,4,275.0,790.3,331.5,120.0,1,1,1.0
55,5,156.4,463.0,253.1,169.0,1,1,1.0
55,6,1448.6,287.5,101.30000000000018,206.7,1,1,1.0
55,7,399.4,467.6,125.30000000000007,317.6,1,1,1.0
55,8,1509.39,573.71,36.12999999999988,77.44999999999993,1,1,0.0
55,9,702.4,305.4,311.1,185.13,1,1,1.0
55,10,1519.0,829.5,15.299999999999955,19.440000000000055,1,1,0.0
56,1,537.0,666.1,251.70000000000005,251.5,1,1,1.0
56,2,1049.4,428.4,332.0,132.20000000000005,1,1,1.0
56,3,1121.3,556.5,265.20000000000005,172.10000000000002,1,1,1.0
56,4,269.4,767.4,323.20000000000005,138.0,1,1,1.0
56,5,157.5,461.3,250.60000000000002,168.2,1,1,1.0
56,6,1450.2,281.0,99.70000000000005,213.2,1,1,1.0
56,7,385.7,486.3,135.2,297.59999999999997,1,1,1.0
56,8,1509.62,575.58,35.90000000000009,80.56999999999994,1,1,0.0
56,9,523.59,401.4,291.40999999999997,137.70000000000005,1,1,1.0
56,10,1519.0,830.4,15.299999999999955,18.200000000000045,1,1,0.0
57,1,546.9,670.4,239.10000000000002,243.60000000000002,1,1,1.0
57,2,1068.4,374.1,313.0,199.19999999999993,1,1,1.0
57,3,1121.8,558.6,293.79999999999995,172.79999999999995,1,1,1.0
57,4,288.1,773.6,330.9,121.39999999999998,1,1,1.0
57,5,150.9,459.9,261.79999999999995,163.70000000000005,1,1,1.0
57,6,1445.8,281.0,103.70000000000005,213.2,1,1,1.0
57,7,383.0,459.1,137.89999999999998,335.4,1,1,1.0
57,8,1509.85,577.45,35.67000000000007,83.68999999999994,1,1,0.0
57,9,531.7,420.6,277.5,115.0,1,1,1.0
57,10,1519.0,813.43,15.299999999999955,22.0,1,1,0.0
58,1,557.7,672.4,244.5999999999999,225.30000000000007,1,1,1.0
58,2,1083.8,342.5,252.4000000000001,241.70000000000005,1,1,1.0
58,3,1116.9,565.5,329.29999999999995,160.29999999999995,1,1,1.0
58,4,290.2,775.7,328.8,119.29999999999995,1,1,1.0
58,5,137.0,461.3,274.6,163.7,1,1,1.0
58,6,1445.8,277.5,104.78999999999996,216.7,1,1,1.0
58,7,386.3,451.6,134.59999999999997,349.79999999999995,1,1,1.0
58,8,1510.08,579.32,35.440000000000055,86.80999999999995,1,1,0.0
58,9,534.5,417.7,272.4,122.69999999999999,1,1,1.0
58,10,1519.0,812.0,15.299999999999955,21.5,1,1,0.0
59,1,569.5,684.1,310.6,209.10000000000002,1,1,1.0
59,2,1082.0,300.9,242.4000000000001,277.0,1,1,1.0
59,3,1121.8,557.2,265.4000000000001,168.5999999999999,1,1,1.0
59,4,302.7,768.1,280.2,124.10000000000002,1,1,1.0
59,5,120.3,463.4,297.59999999999997,160.20000000000005,1,1,1.0
59,6,1450.2,277.5,100.38999999999987,216.7,1,1,1.0
59,7,389.8,447.8,131.09999999999997,358.49999999999994,1,1,1.0
59,8,1510.31,581.19,35.210000000000036,89.92999999999995,1,1,0.0
59,9,559.5,344.2,218.5,186.2,1,1,1.0
59,10,1519.0,809.75,15.299999999999955,21.399999999999977,1,1,0.0
60,1,561.4,679.6,297.0,183.5,1,1,1.0
60,2,1055.8,314.5,180.0,281.5,1,1,1.0
60,3,1128.7,547.5,250.20000000000005,178.29999999999995,1,1,1.0
60,4,319.4,721.0,271.80000000000007,139.29999999999995,1,1,1.0
60,5,133.5,463.4,285.7,160.20000000000005,1,1,1.0
60,6,1450.1,271.5,100.49000000000001,222.7,1,1,1.0
60,7,391.2,450.2,129.7,351.09999999999997,1,1,1.0
60,8,1510.54,583.06,34.98000000000002,93.05000000000007,1,1,0.0
60,9,555.4,268.4,170.5,244.10000000000002,1,1,1.0
60,10,1519.0,807.5,15.299999999999955,21.299999999999955,1,1,0.0
61,1,566.8,682.2,270.80000000000007,199.29999999999995,1,1,1.0
61,2,1056.7,316.3,148.39999999999986,272.49999999999994,1,1,1.0
61,3,737.2,456.9,325.79999999999995,156.39999999999998,1,1,1.0
61,4,336.06,661.1,296.14000000000004,183.91999999999996,1,1,1.0
61,5,137.7,463.4,281.5,160.20000000000005,1,1,1.0
61,6,1443.6,319.2,106.99000000000001,177.5,1,1,1.0
61,7,362.0,453.2,155.0,332.09999999999997,1,1,1.0
61,8,1510.77,584.94,34.75,96.14999999999998,1,1,0.0
61,9,542.1,269.6,143.29999999999995,230.7,1,1,1.0
61,10,1519.0,818.7,15.299999999999955,22.399999999999977,1,1,0.0
62,1,566.8,673.3,267.20000000000005,203.9000000000001,1,1,1.0
62,2,1061.2,328.1,129.39999999999986,285.1,1,1,1.0
62,3,716.2,317.7,159.29999999999995,276.90000000000003,1,1,1.0
62,4,368.0,667.2,269.1,196.5,1,1,1.0
62,5,148.8,463.4,269.0,161.89999999999998,1,1,1.0
62,6,1445.0,322.7,105.58999999999992,174.0,1,1,1.0
62,7,370.1,481.4,153.0,310.1,1,1,1.0
62,8,1510.99,586.81,34.52999999999997,99.2700000000001,1,1,0.0
62,9,545.0,271.3,140.39999999999998,227.3,1,1,1.0
62,10,1519.66,818.26,14.639999999999873,20.879999999999995,1,1,0.0
63,1,560.4,690.5,336.98,182.0,1,1,1.0
63,2,1063.9,325.4,127.59999999999991,293.20000000000005,1,1,1.0
63,3,721.1,304.5,143.29999999999995,294.29999999999995,1,1,1.0
63,4,400.6,613.15,242.10000000000002,245.64999999999998,1,1,1.0
63,5,114.8,463.4,304.4,160.20000000000005,1,1,1.0
63,6,1445.0,319.7,105.58999999999992,177.0,1,1,1.0
63,7,367.5,447.5,153.39999999999998,352.29999999999995,1,1,1.0
63,8,1511.22,588.68,34.299999999999955,102.3900000000001,1,1,0.0
63,9,542.7,270.7,154.29999999999995,225.60000000000002,1,1,1.0
63,10,1520.32,817.82,13.980000000000018,19.3599999999999,1,1,0.0
64,1,624.2,626.69,359.0799999999999,214.30999999999995,1,1,1.0
64,2,1067.5,327.2,127.59999999999991,294.09999999999997,1,1,1.0
64,3,925.2,481.6,307.89999999999986,191.5,1,1,1.0
64,4,419.3,607.6,221.3,288.0,1,1,1.0
64,5,118.3,463.4,300.9,158.39999999999998,1,1,1.0
64,6,1455.3,361.4,95.28999999999996,135.3,1,1,1.0
64,7,368.2,463.1,152.7,332.4,1,1,1.0
64,8,1511.45,590.55,34.069999999999936,105.50999999999999,1,1,0.0
64,9,543.9,272.6,147.30000000000007,221.39999999999998,1,1,1.0
64,10,1520.98,817.38,13.319999999999936,17.840000000000032,1,1,0.0
65,1,749.5,620.87,342.20000000000005,182.92999999999995,1,1,1.0
65,2,1051.2,306.4,146.5999999999999,289.6,1,1,1.0
65,3,1168.2,586.9,297.5,134.10000000000002,1,1,1.0
65,4,374.9,568.0,252.5,285.20000000000005,1,1,1.0
65,5,130.8,456.7,255.09999999999997,166.2,1,1,1.0
65,6,1456.8,361.4,93.78999999999996,130.3,1,1,1.0
65,7,349.7,452.5,158.60000000000002,331.5,1,1,1.0
65,8,1511.68,592.42,33.83999999999992,108.63,1,1,0.0
65,9,512.1,241.7,167.0,232.10000000000002,1,1,1.0
65,10,1521.64,816.94,12.659999999999854,16.319999999999936,1,1,0.0
66,1,644.6,612.2,363.01,198.79999999999995,1,1,1.0
66,2,1060.2,291.9,156.5999999999999,289.6,1,1,1.0
66,3,1209.9,555.0,271.79999999999995,150.0,1,1,1.0
66,4,382.5,609.0,251.10000000000002,265.0,1,1,1.0
66,5,174.6,442.52,179.62000000000003,256.1,1,1,1.0
66,6,1464.8,350.8,84.40000000000009,145.89999999999998,1,1,1.0
66,7,344.5,460.0,166.2,322.4,1,1,1.0
66,8,1511.91,594.29,33.6099999999999,111.75,1,1,0.0
66,9,516.3,251.5,163.4000000000001,225.2,1,1,1.0
66,10,1522.3,816.5,12.0,14.799999999999955,1,1,0.0
67,1,629.2,593.7,340.4,206.39999999999998,1,1,1.0
67,2,1060.2,303.7,156.5999999999999,287.7,1,1,1.0
67,3,1209.9,556.6,271.0999999999999,149.10000000000002,1,1,1.0
67,4,381.1,605.5,260.1,268.5,1,1,1.0
67,5,189.9,414.0,143.20000000000002,292.9,1,1,1.0
67,6,1464.8,360.8,84.0,133.39999999999998,1,1,1.0
67,7,336.9,454.0,188.89999999999998,325.6,1,1,1.0
67,8,1512.14,596.16,33.37999999999988,114.86000000000001,1,1,0.0
67,9,524.3,264.8,157.10000000000002,217.7,1,1,1.0
67,10,1518.8,798.8,15.5,21.300000000000068,1,1,0.0
68,1,754.0,605.5,400.0999999999999,185.60000000000002,1,1,1.0
68,2,1061.1,301.0,154.80000000000018,290.4,1,1,1.0
68,3,1240.5,496.2,233.5999999999999,229.59999999999997,1,1,1.0
68,4,408.9,592.31,318.4,219.8900000000001,1,1,1.0
68,5,167.7,421.6,159.8,272.79999999999995,1,1,1.0
68,6,1463.8,360.8,85.35000000000014,133.39999999999998,1,1,1.0
68,7,327.6,455.3,195.19999999999993,322.3,1,1,1.0
68,8,1512.37,598.03,33.15000000000009,117.98000000000002,1,1,0.0
68,9,528.9,279.3,152.5,201.5,1,1,1.0
68,10,1518.8,793.8,15.5,20.200000000000045,1,1,0.0
69,1,658.2,585.6,406.39999999999986,144.89999999999998,1,1,1.0
69,2,1062.0,281.1,153.9000000000001,304.9,1,1,1.0
69,3,1294.7,444.8,166.89999999999986,278.90000000000003,1,1,1.0
69,4,442.2,590.2,314.3,265.69999999999993,1,1,1.0
69,5,141.3,426.5,199.39999999999998,265.70000000000005,1,1,1.0
69,6,1462.8,360.8,86.70000000000005,133.39999999999998,1,1,1.0
69,7,331.1,469.4,194.89999999999998,314.9,1,1,1.0
69,8,1512.6,599.9,32.92000000000007,121.10000000000002,1,1,0.0
69,9,532.4,268.3,150.20000000000005,216.59999999999997,1,1,1.0
69,10,1524.7,777.3,9.599999999999909,21.40000000000009,1,1,0.0
70,1,679.9,589.2,417.30000000000007,137.69999999999993,1,1,1.0
70,2,1063.8,282.6,152.10000000000014,307.9,1,1,1.0
70,3,1298.9,447.6,162.69999999999982,278.9,1,1,1.0
70,4,472.8,599.2,288.59999999999997,278.9,1,1,1.0
70,5,144.8,413.3,206.3,287.99999999999994,1,1,1.0
70,6,1460.3,360.8,89.60000000000014,133.39999999999998,1,1,1.0
70,7,342.4,399.0,126.70000000000005,335.4,1,1,1.0
70,8,1323.7,669.1,216.79999999999995,149.19999999999993,1,1,1.0
70,9,532.4,258.5,150.20000000000005,224.7,1,1,1.0
70,10,1524.7,778.79,9.599999999999909,21.370000000000005,1,1,0.0
71,1,760.4,588.3,439.9,136.80000000000007,1,1,1.0
71,2,1063.8,295.7,147.60000000000014,291.2,1,1,1.0
71,3,1306.9,443.7,151.19999999999982,311.3,1,1,1.0
71,4,462.3,538.1,267.2,285.1,1,1,1.0
71,5,186.5,415.4,166.7,267.80000000000007,1,1,1.0
71,6,1459.8,360.8,89.70000000000005,133.39999999999998,1,1,1.0
71,7,347.2,486.0,135.60000000000002,331.70000000000005,1,1,1.0
71,8,1239.1,611.9,300.20000000000005,187.89999999999998,1,1,1.0
71,9,531.2,263.1,153.0999999999999,217.79999999999995,1,1,1.0
71,10,1524.7,780.29,9.599999999999909,21.33000000000004,1,1,0.0
72,1,631.1,582.9,419.1,133.20000000000005,1,1,1.0
72,2,1058.4,302.8,129.5,278.7,1,1,1.0
72,3,1293.3,451.77,189.10000000000014,265.03,1,1,1.0
72,4,448.4,590.2,258.20000000000005,246.19999999999993,1,1,1.0
72,5,183.7,426.5,161.2,247.0,1,1,1.0
72,6,1458.3,360.8,90.5,133.39999999999998,1,1,1.0
72,7,355.6,523.7,119.59999999999997,295.5,1,1,1.0
72,8,1031.4,505.7,283.0999999999999,223.3,1,1,1.0
72,9,535.3,263.1,155.4000000000001,218.39999999999998,1,1,1.0
72,10,1524.7,781.78,9.599999999999909,21.300000000000068,1,1,0.0
73,1,670.9,585.6,373.0000000000001,146.79999999999995,1,1,1.0
73,2,1054.8,302.8,149.29999999999995,281.40000000000003,1,1,1.0
73,3,1267.6,472.6,220.4000000000001,242.10000000000002,1,1,1.0
73,4,456.0,582.6,233.89999999999998,284.4,1,1,1.0
73,5,183.7,426.5,169.5,242.79999999999995,1,1,1.0
73,6,1459.3,360.8,90.20000000000005,133.39999999999998,1,1,1.0
73,7,359.1,512.9,117.0,305.5,1,1,1.0
73,8,799.73,442.5,341.1700000000001,184.39999999999998,1,1,1.0
73,9,527.8,263.1,169.70000000000005,206.29999999999995,1,1,1.0
73,10,1524.7,783.28,9.599999999999909,21.25999999999999,1,1,0.0
74,1,741.4,594.6,427.30000000000007,139.60000000000002,1,1,1.0
74,2,1053.0,308.2,144.79999999999995,279.59999999999997,1,1,1.0
74,3,1250.3,484.0,270.29999999999995,228.60000000000002,1,1,1.0
74,4,451.8,586.8,268.7,268.80000000000007,1,1,1.0
74,5,183.7,428.6,169.5,240.69999999999993,1,1,1.0
74,6,1460.3,360.8,89.20000000000005,133.39999999999998,1,1,1.0
74,7,357.8,526.0,119.09999999999997,291.5,1,1,1.0
74,8,714.3,425.1,328.70000000000005,131.0,1,1,1.0
74,9,522.0,270.6,173.79999999999995,197.09999999999997,1,1,1.0
74,10,1524.7,784.77,9.599999999999909,21.230000000000018,1,1,0.0
75,1,622.95,587.4,437.25,142.30000000000007,1,1,1.0
75,2,1053.0,308.2,132.0999999999999,286.8,1,1,1.0
75,3,1228.7,490.6,244.0,222.0,1,1,1.0
75,4,468.5,565.3,268.0,273.20000000000005,1,1,1.0
75,5,184.8,427.2,168.39999999999998,243.59999999999997,1,1,1.0
75,6,1460.7,360.8,89.0,132.89999999999998,1,1,1.0
75,7,354.4,528.1,126.60000000000002,292.4,1,1,1.0
75,8,654.5,445.2,372.20000000000005,144.09999999999997,1,1,1.0
75,9,502.9,243.4,171.5,225.99999999999997,1,1,1.0
75,10,1524.7,786.27,9.599999999999909,21.200000000000045,1,1,0.0
76,1,686.2,597.3,452.70000000000005,139.60000000000002,1,1,1.0
76,2,1059.3,308.2,166.5,298.59999999999997,1,1,1.0
76,3,1255.1,476.7,218.30000000000018,244.2,1,1,1.0
76,4,459.5,604.2,310.29999999999995,205.79999999999995,1,1,1.0
76,5,185.1,427.2,168.1,246.3,1,1,1.0
76,6,1458.3,360.8,90.5,132.39999999999998,1,1,1.0
76,7,356.1,523.4,124.44999999999999,297.1,1,1,1.0
76,8,654.5,433.4,305.79999999999995,169.20000000000005,1,1,1.0
76,9,474.0,266.5,205.0,201.7,1,1,1.0
76,10,1524.7,787.76,9.599999999999909,21.16999999999996,1,1,0.0
77,1,735.0,589.6,433.70000000000005,123.79999999999995,1,1,1.0
77,2,1074.4,299.2,151.39999999999986,318.90000000000003,1,1,1.0
77,3,1234.3,494.8,216.9000000000001,300.40000000000003,1,1,1.0
77,4,489.4,686.8,392.20000000000005,132.20000000000005,1,1,1.0
77,5,185.8,421.6,164.59999999999997,256.1,1,1,1.0
77,6,1418.1,357.8,132.49,132.89999999999998,1,1,1.0
77,7,355.6,485.1,124.5,335.4,1,1,1.0
77,8,639.2,373.7,283.0,266.40000000000003,1,1,1.0
77,9,489.6,240.8,179.60000000000002,233.8,1,1,1.0
77,10,1524.7,789.26,9.599999999999909,21.129999999999995,1,1,0.0
78,1,620.2,586.5,415.89999999999986,128.70000000000005,1,1,1.0
78,2,1083.4,280.2,132.5999999999999,329.59999999999997,1,1,1.0
78,3,1246.8,494.8,204.4000000000001,274.7,1,1,1.0
78,4,489.4,691.0,365.1,126.60000000000002,1,1,1.0
78,5,190.0,431.0,154.39999999999998,275.9,1,1,1.0
78,6,1440.7,360.8,108.39999999999986,133.89999999999998,1,1,1.0
78,7,355.6,493.3,124.5,324.2,1,1,1.0
78,8,631.6,364.0,283.69999999999993,284.4,1,1,1.0
78,9,490.8,250.9,181.2,235.9,1,1,1.0
78,10,1524.7,790.75,9.599999999999909,21.100000000000023,1,1,0.0
79,1,726.0,586.5,400.20000000000005,122.0,1,1,1.0
79,2,1078.9,275.8,131.0999999999999,333.99999999999994,1,1,1.0
79,3,1279.4,494.8,173.19999999999982,286.49999999999994,1,1,1.0
79,4,493.6,682.0,403.29999999999995,128.0,1,1,1.0
79,5,182.4,463.23,139.4,283.27,1,1,1.0
79,6,1450.8,360.8,98.0,133.89999999999998,1,1,1.0
79,7,357.8,516.9,122.30000000000001,301.5,1,1,1.0
79,8,639.9,365.4,274.0,265.6,1,1,1.0
79,9,503.5,257.3,169.79999999999995,248.59999999999997,1,1,1.0
79,10,1524.7,792.25,9.599999999999909,21.059999999999945,1,1,0.0
80,1,751.1,573.8,410.4999999999999,117.20000000000005,1,1,1.0
80,2,1078.9,303.7,132.5999999999999,303.8,1,1,1.0
80,3,1201.6,535.8,284.3000000000002,218.4000000000001,1,1,1.0
80,4,495.0,677.1,372.0,130.79999999999995,1,1,1.0
80,5,178.9,454.9,142.6,292.30000000000007,1,1,1.0
80,6,1442.2,326.8,106.5,167.89999999999998,1,1,1.0
80,7,354.9,517.5,125.20000000000005,302.29999999999995,1,1,1.0
80,8,658.6,365.4,248.39999999999998,312.1,1,1,1.0
80,9,515.1,237.0,158.19999999999993,263.7,1,1,1.0
80,10,1524.7,793.74,9.599999999999909,21.029999999999973,1,1,0.0
81,1,660.0,554.6,364.9000000000001,143.39999999999998,1,1,1.0
81,2,1083.4,292.4,139.39999999999986,315.1,1,1,1.0
81,3,1191.9,547.6,305.0999999999999,202.29999999999995,1,1,1.0
81,4,500.6,677.1,334.5,130.79999999999995,1,1,1.0
81,5,175.4,464.6,145.4,297.9,1,1,1.0
81,6,1444.9,345.2,103.89999999999986,149.5,1,1,1.0
81,7,356.4,494.8,123.70000000000005,326.40000000000003,1,1,1.0
81,8,653.7,360.9,253.29999999999995,347.1,1,1,1.0
81,9,517.4,231.2,158.80000000000007,267.2,1,1,1.0
81,10,1524.7,795.24,9.599999999999909,20.99000000000001,1,1,0.0
82,1,728.7,587.3,382.0999999999999,126.10000000000002,1,1,1.0
82,2,1083.4,283.4,130.39999999999986,326.4,1,1,1.0
82,3,1250.2,550.1,235.79999999999995,202.0,1,1,1.0
82,4,502.7,679.9,327.50000000000006,128.0,1,1,1.0
82,5,180.3,481.3,129.09999999999997,320.99999999999994,1,1,1.0
82,6,1443.5,347.1,104.40000000000009,146.39999999999998,1,1,1.0
82,7,356.4,496.9,123.70000000000005,324.30000000000007,1,1,1.0
82,8,655.1,361.5,251.60000000000002,323.70000000000005,1,1,1.0
82,9,522.0,232.4,154.79999999999995,266.6,1,1,1.0
82,10,1524.7,796.73,9.599999999999909,20.960000000000036,1,1,0.0
83,1,703.4,589.1,422.80000000000007,137.89999999999998,1,1,1.0
83,2,1080.4,300.7,189.19999999999982,300.8,1,1,1.0
83,3,1195.3,544.1,288.5,206.60000000000002,1,1,1.0
83,4,504.8,682.7,325.40000000000003,128.69999999999993,1,1,1.0
83,5,187.9,509.1,116.6,307.5,1,1,1.0
83,6,1443.1,348.17,103.80000000000018,146.52999999999997,1,1,1.0
83,7,356.4,505.9,123.70000000000005,315.30000000000007,1,1,1.0
83,8,653.7,368.8,255.39999999999998,274.7,1,1,1.0
83,9,526.6,232.4,150.19999999999993,266.6,1,1,1.0
83,10,1524.7,798.23,9.599999999999909,20.91999999999996,1,1,0.0
84,1,612.1,593.6,411.0,150.89999999999998,1,1,1.0
84,2,1082.7,300.7,156.89999999999986,298.50000000000006,1,1,1.0
84,3,1250.2,537.9,233.5999999999999,213.5,1,1,1.0
84,4,504.8,700.0,296.90000000000003,117.60000000000002,1,1,1.0
84,5,182.3,507.7,122.89999999999998,311.00000000000006,1,1,1.0
84,6,1441.8,357.31,106.10000000000014,137.08999999999997,1,1,1.0
84,7,356.4,483.7,123.70000000000005,337.50000000000006,1,1,1.0
84,8,646.7,374.3,268.0,270.8,1,1,1.0
84,9,547.4,249.8,182.10000000000002,261.9,1,1,1.0
84,10,1524.7,799.72,9.599999999999909,20.889999999999986,1,1,0.0
85,1,707.9,599.9,394.80000000000007,161.70000000000005,1,1,1.0
85,2,1085.0,276.6,146.20000000000005,321.1,1,1,1.0
85,3,1230.8,533.0,250.8900000000001,230.79999999999995,1,1,1.0
85,4,507.6,684.7,321.9,132.89999999999998,1,1,1.0
85,5,174.7,507.7,130.5,301.7,1,1,1.0
85,6,1444.1,335.2,105.0,158.7,1,1,1.0
85,7,356.4,494.1,123.70000000000005,327.1,1,1,1.0
85,8,654.4,395.1,265.20000000000005,253.60000000000002,1,1,1.0
85,9,537.0,275.8,194.20000000000005,230.09999999999997,1,1,1.0
85,10,1524.7,801.21,9.599999999999909,20.870000000000005,1,1,0.0
86,1,671.7,601.7,374.0,158.79999999999995,1,1,1.0
86,2,1085.8,287.2,130.29999999999995,306.7,1,1,1.0
86,3,1255.3,538.6,227.79999999999995,213.79999999999995,1,1,1.0
86,4,504.8,684.7,332.99999999999994,132.89999999999998,1,1,1.0
86,5,168.5,502.8,136.7,301.3,1,1,1.0
86,6,1440.3,335.2,109.40000000000009,158.0,1,1,1.0
86,7,339.7,468.4,129.3,338.9,1,1,1.0
86,8,650.6,395.9,270.1,249.39999999999998,1,1,1.0
86,9,545.7,275.8,185.5,193.09999999999997,1,1,1.0
86,10,1524.7,802.71,9.599999999999909,20.829999999999927,1,1,0.0
87,1,618.4,601.7,372.1,143.89999999999998,1,1,1.0
87,2,1076.8,299.3,134.0,301.40000000000003,1,1,1.0
87,3,1264.8,525.4,194.0,229.39999999999998,1,1,1.0
87,4,503.1,694.4,297.9,121.10000000000002,1,1,1.0
87,5,174.7,502.8,130.5,308.2,1,1,1.0
87,6,1442.3,338.2,106.79999999999995,155.0,1,1,1.0
87,7,328.6,467.7,136.2,333.40000000000003,1,1,1.0
87,8,661.3,405.5,269.20000000000005,236.60000000000002,1,1,1.0
87,9,549.2,275.2,173.29999999999995,199.0,1,1,1.0
87,10,1524.7,804.2,9.599999999999909,20.799999999999955,1,1,0.0
88,1,738.0,599.0,378.5,143.39999999999998,1,1,1.0
88,2,1064.0,308.3,156.5999999999999,287.09999999999997,1,1,1.0
88,3,1250.2,519.8,222.5,240.60000000000002,1,1,1.0
88,4,507.6,679.9,305.19999999999993,132.80000000000007,1,1,1.0
88,5,194.1,495.9,111.1,315.1,1,1,1.0
88,6,1441.5,317.7,107.90000000000009,177.5,1,1,1.0
88,7,340.4,526.0,127.90000000000003,314.0,1,1,1.0
88,8,663.4,413.8,266.0,222.7,1,1,1.0
88,9,550.4,285.2,183.10000000000002,195.2,1,1,1.0
88,10,1524.7,805.7,9.599999999999909,20.75999999999999,1,1,0.0
89,1,680.8,585.4,403.79999999999995,133.5,1,1,1.0
89,2,1038.4,302.9,191.19999999999982,301.5,1,1,1.0
89,3,1220.3,515.5,254.10000000000014,244.20000000000005,1,1,1.0
89,4,507.6,675.7,304.5,137.0,1,1,1.0
89,5,181.7,498.2,127.40000000000003,294.7,1,1,1.0
89,6,1443.1,258.8,107.20000000000005,240.59999999999997,1,1,1.0
89,7,342.3,510.7,126.0,323.2,1,1,1.0
89,8,664.8,415.9,266.0,210.70000000000005,1,1,1.0
89,9,550.4,283.3,190.39999999999998,203.0,1,1,1.0
89,10,1524.7,807.19,9.599999999999909,20.729999999999905,1,1,0.0
90,1,658.2,583.6,368.70000000000005,121.69999999999993,1,1,1.0
90,2,1058.0,309.1,157.29999999999995,293.0,1,1,1.0
90,3,1132.8,558.5,345.5,179.70000000000005,1,1,1.0
90,4,506.2,677.1,308.00000000000006,136.29999999999995,1,1,1.0
90,5,176.4,500.3,133.1,304.99999999999994,1,1,1.0
90,6,1442.5,272.4,106.59999999999991,226.3,1,1,1.0
90,7,341.1,512.1,127.19999999999999,318.79999999999995,1,1,1.0
90,8,667.6,408.3,252.79999999999995,224.7,1,1,1.0
90,9,549.2,273.4,193.0999999999999,217.0,1,1,1.0
90,10,1524.7,808.69,9.599999999999909,20.68999999999994,1,1,0.0
91,1,782.1,560.6,357.4999999999999,133.10000000000002,1,1,1.0
91,2,1061.0,308.3,152.79999999999995,303.59999999999997,1,1,1.0
91,3,1196.7,594.1,276.70000000000005,139.89999999999998,1,1,1.0
91,4,507.9,675.7,322.4,151.5999999999999,1,1,1.0
91,5,174.1,496.3,136.29999999999998,308.40000000000003,1,1,1.0
91,6,1441.0,297.5,109.58999999999992,199.7,1,1,1.0
91,7,340.4,509.0,127.90000000000003,322.95000000000005,1,1,1.0
91,8,667.6,408.3,263.6,223.99999999999994,1,1,1.0
91,9,549.2,272.4,188.29999999999995,218.0,1,1,1.0
91,10,1524.7,810.18,9.599999999999909,20.660000000000082,1,1,0.0
92,1,717.9,562.8,373.9,133.5,1,1,1.0
92,2,1060.3,318.1,141.4000000000001,314.1,1,1,1.0
92,3,1087.7,621.9,355.79999999999995,110.70000000000005,1,1,1.0
92,4,493.7,676.3,362.3,166.30000000000007,1,1,1.0
92,5,173.4,497.3,135.20000000000002,303.2,1,1,1.0
92,6,1442.6,292.3,107.99000000000001,201.89999999999998,1,1,1.0
92,7,341.0,494.7,127.30000000000001,337.40000000000003,1,1,1.0
92,8,668.3,404.1,237.4000000000001,228.19999999999993,1,1,1.0
92,9,549.2,261.4,175.0,223.20000000000005,1,1,1.0
92,10,1524.7,811.68,9.599999999999909,20.620000000000005,1,1,0.0
93,1,663.52,586.3,398.4000000000001,133.5,1,1,1.0
93,2,1077.6,333.2,139.20000000000005,303.50000000000006,1,1,1.0
93,3,1079.3,606.6,341.29999999999995,113.5,1,1,1.0
93,4,494.4,663.8,326.20000000000005,219.10000000000002,1,1,1.0
93,5,174.7,493.9,133.5,309.38,1,1,1.0
93,6,1442.1,261.2,107.0,227.2,1,1,1.0
93,7,339.0,486.4,129.3,346.6,1,1,1.0
93,8,668.3,397.2,220.70000000000005,228.2,1,1,1.0
93,9,549.2,266.1,202.69999999999993,238.2,1,1,1.0
93,10,1524.7,813.17,9.599999999999909,20.590000000000032,1,1,0.0
94,1,718.4,589.9,385.19999999999993,132.60000000000002,1,1,1.0
94,2,1031.6,270.7,170.80000000000018,345.7,1,1,1.0
94,3,1109.2,595.5,349.5999999999999,106.5,1,1,1.0
94,4,501.3,663.8,326.49999999999994,171.20000000000005,1,1,1.0
94,5,159.5,497.3,149.60000000000002,301.8,1,1,1.0
94,6,1441.7,269.4,108.88999999999987,220.8,1,1,1.0
94,7,339.0,517.6,129.3,314.1,1,1,1.0
94,8,666.2,397.9,217.19999999999993,231.70000000000005,1,1,1.0
94,9,549.2,275.4,191.0999999999999,227.70000000000005,1,1,1.0
94,10,1524.7,814.67,9.599999999999909,20.550000000000068,1,1,0.0
95,1,636.9,608.0,401.6,127.20000000000005,1,1,1.0
95,2,990.1,263.2,256.80000000000007,314.00000000000006,1,1,1.0
95,3,1132.1,598.3,321.10000000000014,105.80000000000007,1,1,1.0
95,4,512.4,688.5,375.6,143.0,1,1,1.0
95,5,128.6,500.4,180.00000000000003,291.1,1,1,1.0
95,6,1442.3,309.7,106.79999999999995,180.5,1,1,1.0
95,7,334.1,487.0,134.2,334.20000000000005,1,1,1.0
95,8,671.1,396.5,218.5,233.79999999999995,1,1,1.0
95,9,547.5,271.9,172.5,219.60000000000002,1,1,1.0
95,10,1524.7,816.16,9.599999999999909,20.530000000000086,1,1,0.0
96,1,651.9,573.6,349.1,173.39999999999998,1,1,1.0
96,2,903.4,276.8,346.5000000000001,214.5,1,1,1.0
96,3,1156.4,589.3,287.0999999999999,144.0,1,1,1.0
96,4,520.7,692.3,368.69999999999993,140.60000000000002,1,1,1.0
96,5,110.2,498.7,198.90000000000003,297.50000000000006,1,1,1.0
96,6,1444.7,356.8,105.88999999999987,135.89999999999998,1,1,1.0
96,7,326.5,484.2,141.8,342.59999999999997,1,1,1.0
96,8,669.0,400.7,240.70000000000005,227.50000000000006,1,1,1.0
96,9,548.7,285.2,178.19999999999993,210.90000000000003,1,1,1.0
96,10,1524.7,817.66,9.599999999999909,20.49000000000001,1,1,0.0
97,1,707.1,557.3,375.6,208.70000000000005,1,1,1.0
97,2,838.6,306.9,391.69999999999993,148.20000000000005,1,1,1.0
97,3,1153.6,556.7,304.4000000000001,172.39999999999998,1,1,1.0
97,4,524.9,688.1,413.1,140.60000000000002,1,1,1.0
97,5,110.2,498.7,198.0,287.2,1,1,1.0
97,6,1433.1,333.2,115.70000000000005,162.0,1,1,1.0
97,7,329.3,473.8,139.0,348.09999999999997,1,1,1.0
97,8,663.4,388.9,219.20000000000005,239.30000000000007,1,1,1.0
97,9,548.7,284.0,178.19999999999993,207.5,1,1,1.0
97,10,1524.7,819.15,9.599999999999909,20.460000000000036,1,1,0.0
98,1,710.8,546.4,306.80000000000007,272.9,1,1,1.0
98,2,831.1,316.7,396.19999999999993,135.40000000000003,1,1,1.0
98,3,1120.3,566.4,334.9000000000001,140.5,1,1,1.0
98,4,524.9,683.2,369.4,145.5,1,1,1.0
98,5,115.1,498.7,192.70000000000002,294.8,1,1,1.0
98,6,1433.3,331.1,116.70000000000005,165.59999999999997,1,1,1.0
98,7,323.7,505.0,144.60000000000002,319.70000000000005,1,1,1.0
98,8,664.8,394.5,226.10000000000002,237.20000000000005,1,1,1.0
98,9,549.9,285.2,168.30000000000007,199.90000000000003,1,1,1.0
98,10,1524.7,820.65,9.599999999999909,20.420000000000073,1,1,0.0
99,1,747.0,549.1,343.79999999999995,246.69999999999993,1,1,1.0
99,2,859.7,322.0,354.0,121.80000000000001,1,1,1.0
99,3,1178.58,535.1,284.22,170.40999999999997,1,1,1.0
99,4,540.2,692.2,369.4,130.29999999999995,1,1,1.0
99,5,142.9,498.7,164.49999999999997,292.7,1,1,1.0
99,6,1408.0,346.2,142.58999999999992,151.5,1,1,1.0
99,7,321.6,499.1,146.7,329.79999999999995,1,1,1.0
99,8,665.5,386.9,235.79999999999995,245.5,1,1,1.0
99,9,550.5,286.4,178.70000000000005,199.90000000000003,1,1,1.0
99,10,1524.7,822.14,9.599999999999909,20.389999999999986,1,1,0.0
100,1,945.9,426.13,233.5100000000001,264.77,1,1,1.0
100,2,780.6,303.1,367.4999999999999,124.89999999999998,1,1,1.0
100,3,1221.4,473.9,231.39999999999986,271.80000000000007,1,1,1.0
100,4,547.8,681.8,389.6,140.70000000000005,1,1,1.0
100,5,165.8,494.9,139.39999999999998,307.6,1,1,1.0
100,6,1399.0,355.7,151.58999999999992,142.0,1,1,1.0
100,7,333.4,498.0,134.90000000000003,329.5,1,1,1.0
100,8,666.9,392.4,234.60000000000002,240.0,1,1,1.0
100,9,550.5,278.9,172.29999999999995,209.10000000000002,1,1,1.0
100,10,1524.7,823.64,9.599999999999909,20.350000000000023,1,1,0.0
101,1,1003.8,372.78,257.9000000000001,236.72000000000003,1,1,1.0
101,2,796.4,299.4,342.0000000000001,120.30000000000001,1,1,1.0
101,3,1286.3,609.6,258.20000000000005,138.19999999999993,1,1,1.0
101,4,534.6,612.4,320.9,187.19000000000005,1,1,1.0
101,5,166.7,496.6,143.2,294.79999999999995,1,1,1.0
101,6,1399.0,342.6,150.4000000000001,153.09999999999997,1,1,1.0
101,7,336.2,506.7,132.10000000000002,320.09999999999997,1,1,1.0
101,8,666.9,393.7,233.0,238.7,1,1,1.0
101,9,551.7,269.6,170.5,210.29999999999995,1,1,1.0
101,10,1524.7,825.13,9.599999999999909,20.32000000000005,1,1,0.0
102,1,983.9,381.8,302.19999999999993,193.3,1,1,1.0
102,2,772.3,303.9,377.4000000000001,147.40000000000003,1,1,1.0
102,3,1311.0,621.1,233.5,114.19999999999993,1,1,1.0
102,4,534.6,596.7,309.79999999999995,209.79999999999995,1,1,1.0
102,5,174.3,502.2,132.59999999999997,284.50000000000006,1,1,1.0
102,6,1410.6,362.7,139.99,133.0,1,1,1.0
102,7,336.9,507.0,131.40000000000003,319.79999999999995,1,1,1.0
102,8,666.9,403.6,232.30000000000007,228.79999999999995,1,1,1.0
102,9,550.0,280.0,195.39999999999998,217.8,1,1,1.0
102,10,1524.7,826.62,9.599999999999909,20.289999999999964,1,1,0.0
103,1,1013.7,384.5,286.0,190.60000000000002,1,1,1.0
103,2,775.3,303.9,372.9000000000001,136.90000000000003,1,1,1.0
103,3,1300.6,617.6,243.9000000000001,121.89999999999998,1,1,1.0
103,4,534.6,631.2,308.9,164.19999999999993,1,1,1.0
103,5,115.8,654.3,214.39999999999998,160.70000000000005,1,1,1.0
103,6,1438.3,367.2,110.5,136.10000000000002,1,1,1.0
103,7,338.3,516.0,130.0,316.79999999999995,1,1,1.0
103,8,646.8,436.9,254.5,203.80000000000007,1,1,1.0
103,9,550.6,270.7,244.0,243.3,1,1,1.0
103,10,1524.7,828.12,9.599999999999909,20.25,1,1,0.0
104,1,1030.9,375.5,268.79999999999995,195.10000000000002,1,1,1.0
104,2,814.5,303.9,333.70000000000005,181.40000000000003,1,1,1.0
104,3,1307.5,617.6,237.0,143.39999999999998,1,1,1.0
104,4,529.7,633.9,308.5,137.89999999999998,1,1,1.0
104,5,149.8,605.0,190.09999999999997,224.60000000000002,1,1,1.0
104,6,1443.1,370.7,105.70000000000005,136.8,1,1,1.0
104,7,332.7,480.0,135.60000000000002,348.20000000000005,1,1,1.0
104,8,614.2,491.8,315.5999999999999,149.59999999999997,1,1,1.0
104,9,542.5,263.2,202.89999999999998,249.09999999999997,1,1,1.0
104,10,1524.7,829.61,9.599999999999909,20.220000000000027,1,1,0.0
105,1,1030.9,365.6,267.89999999999986,203.29999999999995,1,1,1.0
105,2,840.1,296.4,299.1,215.3,1,1,1.0
105,3,1301.2,621.8,243.29999999999995,126.70000000000005,1,1,1.0
105,4,535.3,638.1,318.1,121.19999999999993,1,1,1.0
105,5,199.8,543.4,140.09999999999997,277.20000000000005,1,1,1.0
105,6,1435.2,371.9,113.59999999999991,137.3,1,1,1.0
105,7,334.8,510.6,133.5,322.5,1,1,1.0
105,8,648.9,457.1,224.0,210.69999999999993,1,1,1.0
105,9,541.9,271.3,197.70000000000005,233.89999999999998,1,1,1.0
105,10,1524.7,831.11,9.599999999999909,20.18999999999994,1,1,0.0
106,1,1027.3,383.7,262.5,181.50000000000006,1,1,1.0
106,2,817.5,289.6,297.5999999999999,187.39999999999998,1,1,1.0
106,3,1274.8,626.0,269.70000000000005,108.60000000000002,1,1,1.0
106,4,549.2,660.8,395.19999999999993,122.10000000000002,1,1,1.0
106,5,208.2,462.65,151.2,280.05000000000007,1,1,1.0
106,6,1398.0,398.2,150.5,146.7,1,1,1.0
106,7,334.8,510.1,133.3,323.0,1,1,1.0
106,8,681.5,446.7,175.10000000000002,221.59999999999997,1,1,1.0
106,9,545.4,273.0,193.0,223.10000000000002,1,1,1.0
106,10,1524.7,832.6,9.599999999999909,20.159999999999968,1,1,0.0
107,1,1022.8,377.4,277.9000000000001,186.0,1,1,1.0
107,2,819.8,290.4,293.79999999999995,186.60000000000002,1,1,1.0
107,3,1282.4,626.0,257.89999999999986,160.0,1,1,1.0
107,4,549.2,654.8,407.69999999999993,132.30000000000007,1,1,1.0
107,5,210.2,406.4,200.2,253.10000000000002,1,1,1.0
107,6,1312.1,474.2,235.20000000000005,139.00000000000006,1,1,1.0
107,7,334.8,492.4,131.39999999999998,340.70000000000005,1,1,1.0
107,8,681.5,459.9,165.10000000000002,214.30000000000007,1,1,1.0
107,9,547.1,278.2,192.5,222.0,1,1,1.0
107,10,1524.7,834.1,9.599999999999909,20.120000000000005,1,1,0.0
108,1,1018.28,389.1,275.22,171.60000000000002,1,1,1.0
108,2,829.6,292.7,289.30000000000007,190.3,1,1,1.0
108,3,1293.5,618.4,249.0,160.70000000000005,1,1,1.0
108,4,542.3,669.3,382.70000000000005,117.80000000000007,1,1,1.0
108,5,214.5,404.3,195.3,254.8,1,1,1.0
108,6,1304.1,464.2,241.70000000000005,137.50000000000006,1,1,1.0
108,7,336.2,500.7,132.10000000000002,333.09999999999997,1,1,1.0
108,8,680.8,460.6,155.30000000000007,226.0,1,1,1.0
108,9,547.1,270.1,193.69999999999993,228.89999999999998,1,1,1.0
108,10,1524.7,835.59,9.599999999999909,20.089999999999918,1,1,0.0
109,1,1005.6,389.1,287.9,162.69999999999993,1,1,1.0
109,2,828.8,294.2,290.10000000000014,192.60000000000002,1,1,1.0
109,3,1283.0,636.5,261.0,152.29999999999995,1,1,1.0
109,4,537.4,662.4,346.6,119.80000000000007,1,1,1.0
109,5,213.6,413.3,195.1,245.8,1,1,1.0
109,6,1279.0,494.3,262.70000000000005,146.40000000000003,1,1,1.0
109,7,334.8,517.4,130.7,310.1,1,1,1.0
109,8,682.2,461.3,163.5999999999999,219.7,1,1,1.0
109,9,547.1,273.6,192.0,228.29999999999995,1,1,1.0
109,10,1524.7,837.09,9.599999999999909,20.049999999999955,1,1,0.0
110,1,974.0,317.7,215.5,262.90000000000003,1,1,1.0
110,2,825.7,285.2,282.70000000000005,220.40000000000003,1,1,1.0
110,3,1294.8,658.7,246.9000000000001,116.29999999999995,1,1,1.0
110,4,547.1,670.0,305.0,146.20000000000005,1,1,1.0
110,5,226.4,410.5,180.17,254.20000000000005,1,1,1.0
110,6,1165.2,281.6,378.70000000000005,386.1,1,1,1.0
110,7,329.9,510.5,135.60000000000002,315.6,1,1,1.0
110,8,682.2,461.3,163.5999999999999,219.7,1,1,1.0
110,9,547.1,264.3,186.79999999999995,233.0,1,1,1.0
110,10,1524.7,838.58,9.599999999999909,20.019999999999982,1,1,0.0
111,1,941.4,342.1,148.60000000000002,292.79999999999995,1,1,1.0
111,2,812.9,246.8,242.0000000000001,246.7,1,1,1.0
111,3,1278.8,580.5,237.9000000000001,195.79999999999995,1,1,1.0
111,4,528.4,664.4,295.9,173.80000000000007,1,1,1.0
111,5,225.5,415.4,181.07,246.70000000000005,1,1,1.0
111,6,1179.1,22.8,442.60000000000014,443.09999999999997,1,1,1.0
111,7,311.2,524.4,154.3,297.5,1,1,1.0
111,8,685.7,448.1,162.19999999999993,254.69999999999993,1,1,1.0
111,9,543.6,259.7,186.19999999999993,232.40000000000003,1,1,1.0
111,10,1524.7,823.85,9.599999999999909,20.019999999999982,1,1,0.0
112,1,925.1,321.3,159.4999999999999,308.2,1,1,1.0
112,2,808.4,252.1,256.30000000000007,218.79999999999998,1,1,1.0
112,3,1300.3,476.8,179.60000000000014,268.90000000000003,1,1,1.0
112,4,530.5,656.0,302.79999999999995,198.39999999999998,1,1,1.0
112,5,226.8,411.9,179.76999999999998,252.30000000000007,1,1,1.0
112,6,1146.0,198.2,493.9000000000001,208.10000000000002,1,1,1.0
112,7,312.6,525.9,154.2,301.1,1,1,1.0
112,8,677.4,407.1,155.89999999999998,312.1,1,1,1.0
112,9,543.6,262.6,182.10000000000002,237.59999999999997,1,1,1.0
112,10,1524.7,823.85,9.599999999999909,20.019999999999982,1,1,0.0
113,1,936.0,337.6,192.0,253.89999999999998,1,1,1.0
113,2,812.2,255.9,267.5999999999999,214.99999999999997,1,1,1.0
113,3,1264.2,479.6,223.29999999999995,263.29999999999995,1,1,1.0
113,4,537.4,673.4,323.70000000000005,151.10000000000002,1,1,1.0
113,5,223.3,405.7,183.26999999999998,254.7,1,1,1.0
113,6,1148.3,180.8,484.70000000000005,193.0,1,1,1.0
113,7,314.0,510.2,151.5,327.00000000000006,1,1,1.0
113,8,689.2,403.3,143.5999999999999,300.49999999999994,1,1,1.0
113,9,545.9,265.5,202.39999999999998,239.3,1,1,1.0
113,10,1524.7,823.85,9.599999999999909,20.019999999999982,1,1,0.0
114,1,906.2,324.0,242.5999999999999,238.60000000000002,1,1,1.0
114,2,748.9,259.7,346.0000000000001,210.40000000000003,1,1,1.0
114,3,1235.7,500.4,267.0999999999999,232.10000000000002,1,1,1.0
114,4,537.4,667.8,314.0,156.70000000000005,1,1,1.0
114,5,222.4,398.8,184.17,258.99999999999994,1,1,1.0
114,6,1142.1,187.7,492.4000000000001,205.2,1,1,1.0
114,7,312.6,493.2,159.79999999999995,341.2,1,1,1.0
114,8,692.7,432.1,147.5999999999999,276.69999999999993,1,1,1.0
114,9,545.9,266.7,207.60000000000002,241.0,1,1,1.0
114,10,1524.7,823.85,9.599999999999909,20.019999999999982,1,1,0.0
115,1,909.8,301.4,212.79999999999995,264.20000000000005,1,1,1.0
115,2,783.5,265.0,310.5999999999999,204.3,1,1,1.0
115,3,1148.2,553.9,366.29999999999995,168.20000000000005,1,1,1.0
115,4,524.9,667.8,350.80000000000007,140.70000000000005,1,1,1.0
115,5,215.8,413.4,190.76999999999998,244.39999999999998,1,1,1.0
115,6,1145.2,202.5,496.5,201.7,1,1,1.0
115,7,315.4,463.3,174.40000000000003,371.09999999999997,1,1,1.0
115,8,686.5,391.8,145.29999999999995,315.99999999999994,1,1,1.0
115,9,545.3,269.6,209.9000000000001,235.79999999999995,1,1,1.0
115,10,1524.7,823.85,9.599999999999909,20.019999999999982,1,1,0.0
116,1,925.2,290.5,192.0,279.29999999999995,1,1,1.0
116,2,804.6,266.5,296.30000000000007,205.10000000000002,1,1,1.0
116,3,1189.2,565.0,321.29999999999995,158.0,1,1,1.0
116,4,526.98,622.0,370.22,147.61,1,1,1.0
116,5,219.3,413.4,187.26999999999998,246.10000000000002,1,1,1.0
116,6,1138.3,199.9,485.20000000000005,179.1,1,1,1.0
116,7,324.4,492.5,204.30000000000007,339.70000000000005,1,1,1.0
116,8,680.2,409.1,151.5999999999999,288.6,1,1,1.0
116,9,545.9,277.1,224.89999999999998,227.7,1,1,1.0
116,10,1524.7,823.85,9.599999999999909,20.019999999999982,1,1,0.0
117,1,916.2,271.4,195.5999999999999,300.20000000000005,1,1,1.0
117,2,803.8,263.5,293.29999999999995,208.10000000000002,1,1,1.0
117,3,1153.1,593.5,364.3000000000002,126.5,1,1,1.0
117,4,536.7,630.3,409.0999999999999,135.10000000000002,1,1,1.0
117,5,222.8,404.4,183.76999999999998,262.0,1,1,1.0
117,6,1139.2,190.1,502.5,182.79999999999998,1,1,1.0
117,7,273.7,484.2,200.10000000000002,304.40000000000003,1,1,1.0
117,8,676.7,409.8,155.0999999999999,285.8,1,1,1.0
117,9,544.7,273.0,210.5,233.0,1,1,1.0
117,10,1524.7,823.85,9.599999999999909,20.019999999999982,1,1,0.0
118,1,925.2,237.1,186.5999999999999,334.5,1,1,1.0
118,2,803.8,263.5,294.10000000000014,210.39999999999998,1,1,1.0
118,3,1148.9,581.7,360.1999999999998,122.29999999999995,1,1,1.0
118,4,547.1,616.4,424.4,153.89999999999998,1,1,1.0
118,5,224.5,396.8,182.07,270.90000000000003,1,1,1.0
118,6,1142.7,191.2,499.89999999999986,182.60000000000002,1,1,1.0
118,7,272.2,468.9,195.0,316.70000000000005,1,1,1.0
118,8,673.9,407.7,157.89999999999998,279.59999999999997,1,1,1.0
118,9,547.0,256.8,197.79999999999995,255.0,1,1,1.0
118,10,1524.7,823.85,9.599999999999909,20.019999999999982,1,1,0.0
119,1,925.2,281.4,199.29999999999995,284.80000000000007,1,1,1.0
119,2,803.0,249.2,289.5999999999999,224.7,1,1,1.0
119,3,1191.3,581.7,317.10000000000014,120.89999999999998,1,1,1.0
119,4,561.7,616.4,382.69999999999993,177.5,1,1,1.0
119,5,233.9,409.3,146.29999999999998,243.90000000000003,1,1,1.0
119,6,1147.0,165.1,472.20000000000005,208.70000000000002,1,1,1.0
119,7,319.5,430.0,151.5,341.1,1,1,1.0
119,8,670.4,398.7,161.39999999999998,289.3,1,1,1.0
119,9,546.4,270.7,222.70000000000005,240.5,1,1,1.0
119,10,1524.7,823.85,9.599999999999909,20.019999999999982,1,1,0.0
120,1,1010.2,257.9,154.20000000000005,284.80000000000007,1,1,1.0
120,2,803.0,253.0,287.29999999999995,220.89999999999998,1,1,1.0
120,3,1179.5,574.8,327.5,132.70000000000005,1,1,1.0
120,4,547.1,624.7,348.69999999999993,151.0999999999999,1,1,1.0
120,5,228.3,409.3,135.89999999999998,234.90000000000003,1,1,1.0
120,6,1149.6,160.3,440.10000000000014,213.5,1,1,1.0
120,7,318.8,479.0,178.7,305.4,1,1,1.0
120,8,662.1,398.7,166.29999999999995,250.40000000000003,1,1,1.0
120,9,549.3,263.2,207.10000000000002,243.3,1,1,1.0
120,10,1524.7,823.85,9.599999999999909,20.019999999999982,1,1,0.0
