1,1,167.0,446.6,277.4,137.5,1,1,1.0
1,2,677.7,334.1,210.19999999999993,229.5,1,1,1.0
1,3,592.7,601.2,355.19999999999993,166.79999999999995,1,1,1.0
1,4,637.0,747.4,272.1,257.4,1,1,1.0
1,5,1232.8,542.0,281.9000000000001,147.79999999999995,1,1,1.0
1,6,1675.9,272.8,249.39999999999986,200.39999999999998,1,1,1.0
1,7,1561.0,389.7,389.9000000000001,207.7,1,1,1.0
1,8,1534.8,579.3,390.79999999999995,180.10000000000002,1,1,1.0
1,9,1597.9,875.3,443.0999999999999,209.10000000000014,1,1,1.0
2,1,168.9,446.6,275.5,136.10000000000002,1,1,1.0
2,2,677.7,348.6,232.5999999999999,220.19999999999993,1,1,1.0
2,3,598.3,599.1,349.6,170.29999999999995,1,1,1.0
2,4,635.6,753.0,272.1,262.20000000000005,1,1,1.0
2,5,1231.4,541.6,283.29999999999995,147.79999999999995,1,1,1.0
2,6,1663.7,271.6,258.29999999999995,197.0,1,1,1.0
2,7,1543.4,385.6,402.39999999999986,194.69999999999993,1,1,1.0
2,8,1526.6,588.1,399.0,175.69999999999993,1,1,1.0
2,9,1550.4,874.3,489.79999999999995,187.5,1,1,1.0
3,1,169.4,447.1,274.5,135.60000000000002,1,1,1.0
3,2,687.0,348.0,227.5,220.20000000000005,1,1,1.0
3,3,612.9,604.7,289.20000000000005,167.5,1,1,1.0
3,4,639.1,749.5,268.6,255.29999999999995,1,1,1.0
3,5,1230.0,540.9,284.70000000000005,149.89999999999998,1,1,1.0
3,6,1666.0,275.7,253.70000000000005,189.40000000000003,1,1,1.0
3,7,1575.6,392.0,375.8000000000002,189.79999999999995,1,1,1.0
3,8,1539.2,583.7,390.79999999999995,192.69999999999993,1,1,1.0
3,9,1543.6,874.7,495.8000000000002,187.0999999999999,1,1,1.0
4,1,168.9,447.1,275.0,135.60000000000002,1,1,1.0
4,2,683.5,341.1,229.79999999999995,224.19999999999993,1,1,1.0
4,3,626.8,602.6,278.1,172.39999999999998,1,1,1.0
4,4,662.7,739.1,250.5999999999999,267.1,1,1,1.0
4,5,1247.09,509.76,241.91000000000008,265.74,1,1,1.0
4,6,1663.1,275.7,256.60000000000014,189.40000000000003,1,1,1.0
4,7,1577.8,390.3,371.9000000000001,202.49999999999994,1,1,1.0
4,8,1527.9,605.7,363.1999999999998,265.5,1,1,1.0
4,9,1571.5,871.7,447.5999999999999,198.39999999999986,1,1,1.0
5,1,166.9,447.6,277.0,135.10000000000002,1,1,1.0
5,2,682.3,341.1,225.70000000000005,223.0,1,1,1.0
5,3,634.0,605.4,280.6,172.39999999999998,1,1,1.0
5,4,657.8,761.3,285.4000000000001,254.60000000000002,1,1,1.0
5,5,1284.2,488.1,167.20000000000005,342.29999999999995,1,1,1.0
5,6,1663.7,275.7,259.5,185.3,1,1,1.0
5,7,1592.35,392.26,363.5,267.9,1,1,1.0
5,8,1512.8,703.0,385.79999999999995,227.89999999999998,1,1,1.0
5,9,1558.7,873.2,471.70000000000005,193.89999999999986,1,1,1.0
6,1,167.4,447.6,276.5,134.60000000000002,1,1,1.0
6,2,677.7,339.9,228.29999999999995,224.20000000000005,1,1,1.0
6,3,640.0,605.4,274.6,171.0,1,1,1.0
6,4,671.7,744.6,220.0999999999999,261.6,1,1,1.0
6,5,1177.9,526.4,290.89999999999986,197.10000000000002,1,1,1.0
6,6,1639.4,280.9,302.89999999999986,198.60000000000002,1,1,1.0
6,7,1637.7,385.1,321.29999999999995,355.19999999999993,1,1,1.0
6,8,1493.3,732.48,396.5,177.10000000000002,1,1,1.0
6,9,1574.5,883.4,458.20000000000005,186.69999999999993,1,1,1.0
7,1,175.1,447.6,268.79999999999995,134.60000000000002,1,1,1.0
7,2,674.8,341.6,244.80000000000007,224.19999999999993,1,1,1.0
7,3,642.8,605.4,264.20000000000005,169.60000000000002,1,1,1.0
7,4,681.4,730.7,218.0,274.79999999999995,1,1,1.0
7,5,1034.78,455.05,284.81999999999994,210.95,1,1,1.0
7,6,1631.3,286.1,306.9000000000001,193.29999999999995,1,1,1.0
7,7,1638.3,430.8,376.79999999999995,283.49999999999994,1,1,1.0
7,8,1218.7,860.84,462.39999999999986,224.56000000000006,1,1,1.0
7,9,1665.7,880.8,373.0,180.29999999999995,1,1,1.0
8,1,173.7,447.6,270.2,134.60000000000002,1,1,1.0
8,2,674.8,339.9,238.4000000000001,225.30000000000007,1,1,1.0
8,3,639.3,604.7,263.5,167.5,1,1,1.0
8,4,683.5,732.8,215.89999999999998,274.1,1,1,1.0
8,5,1044.6,433.86,257.70000000000005,226.14,1,1,1.0
8,6,1654.4,271.6,281.5,207.29999999999995,1,1,1.0
8,7,1607.6,455.5,424.3000000000002,267.5,1,1,1.0
8,8,1205.1,884.6,474.5,205.19999999999993,1,1,1.0
8,9,1576.0,870.2,458.9000000000001,181.89999999999986,1,1,1.0
9,1,175.1,447.6,268.79999999999995,134.60000000000002,1,1,1.0
9,2,662.6,342.2,244.79999999999995,226.50000000000006,1,1,1.0
9,3,651.1,603.3,255.19999999999993,165.4000000000001,1,1,1.0
9,4,690.4,725.9,208.30000000000007,278.20000000000005,1,1,1.0
9,5,1023.8,421.48,279.79999999999995,239.39999999999998,1,1,1.0
9,6,1628.4,287.2,302.29999999999995,193.40000000000003,1,1,1.0
9,7,1597.8,470.7,449.10000000000014,252.3,1,1,1.0
9,8,1234.5,879.4,443.4000000000001,218.10000000000002,1,1,1.0
9,9,1608.4,873.2,422.6999999999998,175.89999999999986,1,1,1.0
10,1,175.1,448.1,270.20000000000005,138.0,1,1,1.0
10,2,662.6,341.0,243.10000000000002,225.39999999999998,1,1,1.0
10,3,657.4,603.3,281.5,188.30000000000007,1,1,1.0
10,4,698.7,719.0,199.29999999999995,285.79999999999995,1,1,1.0
10,5,1004.16,427.26,294.5400000000001,231.64,1,1,1.0
10,6,1587.9,281.4,355.0,198.0,1,1,1.0
10,7,1596.1,469.5,468.2000000000003,258.70000000000005,1,1,1.0
10,8,1271.5,878.3,399.20000000000005,234.29999999999995,1,1,1.0
10,9,1556.9,874.0,471.1999999999998,176.5999999999999,1,1,1.0
11,1,187.6,447.1,257.20000000000005,143.29999999999995,1,1,1.0
11,2,666.7,324.2,241.29999999999995,241.00000000000006,1,1,1.0
11,3,663.6,620.7,263.5,171.29999999999995,1,1,1.0
11,4,691.8,721.1,206.9000000000001,283.69999999999993,1,1,1.0
11,5,1022.98,444.0,309.70000000000005,191.09000000000003,1,1,1.0
11,6,1576.9,282.0,364.29999999999995,195.10000000000002,1,1,1.0
11,7,1608.8,484.5,393.0,259.9,1,1,1.0
11,8,1266.42,877.46,404.29999999999995,220.79999999999995,1,1,1.0
11,9,1551.9,880.0,482.1999999999998,187.9000000000001,1,1,1.0
12,1,181.4,447.1,255.20000000000002,149.60000000000002,1,1,1.0
12,2,674.2,306.8,239.5999999999999,254.3,1,1,1.0
12,3,660.1,626.3,262.1,168.10000000000002,1,1,1.0
12,4,652.9,754.3,259.70000000000005,249.10000000000002,1,1,1.0
12,5,1022.1,458.83,316.32000000000005,168.87000000000006,1,1,1.0
12,6,1603.5,283.2,341.20000000000005,189.3,1,1,1.0
12,7,1607.6,478.1,398.8000000000002,260.5,1,1,1.0
12,8,1259.4,871.5,412.5999999999999,241.0999999999999,1,1,1.0
12,9,1636.52,855.23,395.0799999999999,214.20000000000005,1,1,1.0
13,1,181.4,447.1,255.20000000000002,143.79999999999995,1,1,1.0
13,2,678.8,302.2,235.0,257.2,1,1,1.0
13,3,655.2,630.5,268.4,159.0,1,1,1.0
13,4,644.6,766.3,278.6,233.60000000000002,1,1,1.0
13,5,1031.5,459.8,312.4000000000001,165.09999999999997,1,1,1.0
13,6,1624.3,286.7,338.29999999999995,182.40000000000003,1,1,1.0
13,7,1610.5,465.9,375.0999999999999,310.9,1,1,1.0
13,8,1210.5,876.0,464.5,223.79999999999995,1,1,1.0
13,9,1611.24,843.42,411.55999999999995,200.17999999999995,1,1,1.0
14,1,173.7,446.6,261.5,142.89999999999998,1,1,1.0
14,2,680.0,302.2,235.0,257.2,1,1,1.0
14,3,655.9,627.7,295.5,236.79999999999995,1,1,1.0
14,4,666.1,737.8,247.19999999999993,264.9000000000001,1,1,1.0
14,5,1031.5,467.4,308.20000000000005,192.20000000000005,1,1,1.0
14,6,1608.1,286.1,360.3000000000002,183.59999999999997,1,1,1.0
14,7,1609.9,455.5,350.79999999999995,317.29999999999995,1,1,1.0
14,8,1211.2,875.2,466.0999999999999,219.29999999999995,1,1,1.0
14,9,1657.4,801.77,383.5,231.93000000000006,1,1,1.0
15,1,170.8,447.1,270.2,138.10000000000002,1,1,1.0
15,2,678.3,297.0,233.20000000000005,260.70000000000005,1,1,1.0
15,3,663.5,613.8,299.0,291.0,1,1,1.0
15,4,681.4,717.7,248.60000000000002,282.19999999999993,1,1,1.0
15,5,1030.8,470.2,305.4000000000001,179.7,1,1,1.0
15,6,1619.7,283.8,348.0999999999999,188.7,1,1,1.0
15,7,1599.5,460.1,346.70000000000005,283.1,1,1,1.0
15,8,1216.5,872.2,462.29999999999995,217.79999999999995,1,1,1.0
15,9,1667.78,823.86,362.1200000000001,212.64,1,1,1.0
16,1,171.8,447.1,270.59999999999997,138.10000000000002,1,1,1.0
16,2,667.9,309.7,248.20000000000005,246.3,1,1,1.0
16,3,663.5,613.8,251.79999999999995,239.60000000000002,1,1,1.0
16,4,703.6,705.9,202.79999999999995,300.20000000000005,1,1,1.0
16,5,1029.4,464.6,306.79999999999995,147.79999999999995,1,1,1.0
16,6,1626.7,288.4,380.39999999999986,185.90000000000003,1,1,1.0
16,7,1572.3,499.4,396.5,234.5,1,1,1.0
16,8,1236.8,870.7,442.79999999999995,212.5999999999999,1,1,1.0
16,9,1669.57,832.12,358.83000000000015,208.17999999999995,1,1,1.0
17,1,193.5,447.1,248.89999999999998,141.0,1,1,1.0
17,2,678.9,306.8,226.30000000000007,253.8,1,1,1.0
17,3,663.5,616.6,249.70000000000005,224.29999999999995,1,1,1.0
17,4,711.9,714.2,176.5,289.79999999999995,1,1,1.0
17,5,1005.8,470.2,328.29999999999995,162.3,1,1,1.0
17,6,1585.6,285.5,416.3000000000002,188.2,1,1,1.0
17,7,1572.3,500.6,397.70000000000005,277.9,1,1,1.0
17,8,1236.8,873.0,440.5,223.9000000000001,1,1,1.0
17,9,1694.25,823.82,327.6500000000001,215.17999999999995,1,1,1.0
18,1,221.5,447.1,218.0,145.29999999999995,1,1,1.0
18,2,698.6,306.8,197.5,253.8,1,1,1.0
18,3,663.5,614.5,244.10000000000002,220.79999999999995,1,1,1.0
18,4,500.7,765.1,300.7,145.19999999999993,1,1,1.0
18,5,1002.3,472.3,334.60000000000014,153.99999999999994,1,1,1.0
18,6,1586.2,286.1,408.20000000000005,187.0,1,1,1.0
18,7,1572.3,497.1,399.4000000000001,258.29999999999995,1,1,1.0
18,8,1241.5,873.0,435.79999999999995,217.9000000000001,1,1,1.0
18,9,1687.82,827.69,334.08000000000015,211.90999999999985,1,1,1.0
19,1,221.5,447.1,213.2,146.69999999999993,1,1,1.0
19,2,703.8,302.2,188.30000000000007,253.50000000000006,1,1,1.0
19,3,663.5,608.9,244.10000000000002,194.5,1,1,1.0
19,4,430.0,504.5,182.5,325.95000000000005,1,1,1.0
19,5,1036.4,471.6,294.89999999999986,232.89999999999998,1,1,1.0
19,6,1607.6,285.5,386.8000000000002,189.3,1,1,1.0
19,7,1575.2,499.4,384.29999999999995,273.4,1,1,1.0
19,8,1224.7,868.5,451.0999999999999,225.4000000000001,1,1,1.0
19,9,1686.8,823.6,336.10000000000014,218.80000000000007,1,1,1.0
20,1,224.4,447.6,203.49999999999997,159.69999999999993,1,1,1.0
20,2,703.8,308.0,190.70000000000005,276.6,1,1,1.0
20,3,668.4,606.1,239.89999999999998,236.19999999999993,1,1,1.0
20,4,457.1,429.51,146.60000000000002,334.28999999999996,1,1,1.0
20,5,1036.4,469.0,294.89999999999986,233.0,1,1,1.0
20,6,1608.8,286.7,385.60000000000014,188.7,1,1,1.0
20,7,1570.0,505.2,387.79999999999995,267.59999999999997,1,1,1.0
20,8,1224.7,868.1,449.5999999999999,228.80000000000007,1,1,1.0
20,9,1686.8,817.6,336.10000000000014,224.80000000000007,1,1,1.0
21,1,227.3,447.6,191.0,177.10000000000002,1,1,1.0
21,2,710.7,309.7,186.29999999999995,275.2,1,1,1.0
21,3,677.3,538.6,189.10000000000002,281.69999999999993,1,1,1.0
21,4,330.7,429.5,273.00000000000006,291.9,1,1,1.0
21,5,1034.3,468.3,297.0,228.8,1,1,1.0
21,6,1630.8,288.4,370.5,187.60000000000002,1,1,1.0
21,7,1567.1,502.3,411.5,279.49999999999994,1,1,1.0
21,8,1238.3,867.7,437.5,226.20000000000005,1,1,1.0
21,9,1686.8,830.2,341.4000000000001,212.20000000000005,1,1,1.0
22,1,239.8,445.7,157.3,209.40000000000003,1,1,1.0
22,2,710.7,306.2,186.29999999999995,274.59999999999997,1,1,1.0
22,3,498.9,630.9,284.6,232.70000000000005,1,1,1.0
22,4,332.1,429.5,271.6,286.29999999999995,1,1,1.0
22,5,1038.5,468.6,292.79999999999995,228.5,1,1,1.0
22,6,1619.25,284.65,382.3499999999999,188.15000000000003,1,1,1.0
22,7,1567.1,493.0,443.3000000000002,276.4,1,1,1.0
22,8,1250.4,856.4,425.39999999999986,238.30000000000007,1,1,1.0
22,9,1686.8,817.6,341.4000000000001,224.80000000000007,1,1,1.0
23,1,247.5,445.7,146.2,216.7,1,1,1.0
23,2,716.5,310.2,171.39999999999998,274.7,1,1,1.0
23,3,369.5,727.6,348.70000000000005,137.29999999999995,1,1,1.0
23,4,339.7,430.9,266.09999999999997,259.9,1,1,1.0
23,5,1038.0,471.6,291.9000000000001,163.60000000000002,1,1,1.0
23,6,1607.7,280.9,438.20000000000005,188.70000000000005,1,1,1.0
23,7,1571.2,491.8,427.0,269.49999999999994,1,1,1.0
23,8,1262.5,870.7,407.29999999999995,239.0999999999999,1,1,1.0
23,9,1686.8,791.3,341.4000000000001,255.60000000000014,1,1,1.0
24,1,255.2,443.7,142.8,221.09999999999997,1,1,1.0
24,2,716.5,307.9,172.39999999999998,273.9,1,1,1.0
24,3,309.2,716.3,310.40000000000003,144.80000000000007,1,1,1.0
24,4,343.2,437.1,263.3,248.10000000000002,1,1,1.0
24,5,1008.4,475.53,329.9,146.47000000000003,1,1,1.0
24,6,1258.8,243.3,478.68000000000006,221.09999999999997,1,1,1.0
24,7,1582.2,493.0,384.79999999999995,311.70000000000005,1,1,1.0
24,8,1262.5,861.7,398.29999999999995,261.89999999999986,1,1,1.0
24,9,1686.8,827.5,341.4000000000001,216.4000000000001,1,1,1.0
25,1,255.6,439.8,143.79999999999998,226.90000000000003,1,1,1.0
25,2,718.8,307.9,170.10000000000002,272.9,1,1,1.0
25,3,227.57,677.4,317.93,167.39999999999998,1,1,1.0
25,4,359.8,436.4,248.09999999999997,248.80000000000007,1,1,1.0
25,5,1006.5,480.0,334.0999999999999,145.0,1,1,1.0
25,6,1302.2,235.2,433.5,204.90000000000003,1,1,1.0
25,7,1590.3,494.7,427.0,262.59999999999997,1,1,1.0
25,8,1270.8,796.1,373.4000000000001,322.80000000000007,1,1,1.0
25,9,1681.5,803.0,349.0,235.5999999999999,1,1,1.0
26,1,254.7,439.8,142.8,231.7,1,1,1.0
26,2,718.8,308.5,170.10000000000002,254.39999999999998,1,1,1.0
26,3,168.5,669.2,299.8,158.0,1,1,1.0
26,4,342.5,435.0,265.4,246.70000000000005,1,1,1.0
26,5,918.3,489.1,316.79999999999995,144.29999999999995,1,1,1.0
26,6,1303.3,230.0,424.29999999999995,251.2,1,1,1.0
26,7,1588.6,505.1,419.4000000000001,288.1,1,1,1.0
26,8,1046.2,659.4,538.3,459.5000000000001,1,1,1.0
26,9,1652.9,825.1,377.5999999999999,213.4999999999999,1,1,1.0
27,1,259.0,439.8,138.5,229.3,1,1,1.0
27,2,707.8,305.6,175.60000000000002,261.9,1,1,1.0
27,3,198.6,663.5,262.20000000000005,176.29999999999995,1,1,1.0
27,4,343.9,432.9,264.0,244.60000000000002,1,1,1.0
27,5,907.2,483.5,301.89999999999986,152.60000000000002,1,1,1.0
27,6,1306.8,239.3,422.0,221.09999999999997,1,1,1.0
27,7,1608.9,451.3,348.79999999999995,357.49999999999994,1,1,1.0
27,8,1297.5,485.1,182.20000000000005,277.6,1,1,1.0
27,9,1635.6,837.2,397.20000000000005,201.39999999999986,1,1,1.0
28,1,262.4,441.2,136.5,217.8,1,1,1.0
28,2,708.4,309.7,174.70000000000005,257.8,1,1,1.0
28,3,191.7,662.9,272.2,171.89999999999998,1,1,1.0
28,4,350.8,430.6,260.59999999999997,244.0,1,1,1.0
28,5,907.9,484.2,297.69999999999993,168.59999999999997,1,1,1.0
28,6,1258.2,242.2,474.0999999999999,230.90000000000003,1,1,1.0
28,7,1603.7,454.8,349.39999999999986,351.99999999999994,1,1,1.0
28,8,1241.5,497.3,207.5,262.7,1,1,1.0
28,9,1628.1,830.4,407.0,201.39999999999998,1,1,1.0
29,1,264.3,438.3,135.59999999999997,221.2,1,1,1.0
29,2,696.2,306.8,178.19999999999993,322.59999999999997,1,1,1.0
29,3,211.2,662.9,252.7,171.89999999999998,1,1,1.0
29,4,351.9,435.8,260.1,241.7,1,1,1.0
29,5,910.7,460.3,284.5,259.09999999999997,1,1,1.0
29,6,1309.7,268.8,426.70000000000005,213.59999999999997,1,1,1.0
29,7,1595.6,462.3,356.9000000000001,349.40000000000003,1,1,1.0
29,8,1159.2,398.0,241.89999999999986,275.20000000000005,1,1,1.0
29,9,1602.5,834.9,430.29999999999995,190.89999999999998,1,1,1.0
30,1,266.2,439.3,136.60000000000002,219.7,1,1,1.0
30,2,681.2,318.4,196.69999999999993,334.1,1,1,1.0
30,3,178.9,650.1,286.9,191.0,1,1,1.0
30,4,351.9,429.4,263.0,252.20000000000005,1,1,1.0
30,5,912.1,465.5,290.69999999999993,197.70000000000005,1,1,1.0
30,6,1299.9,261.9,429.0,219.3,1,1,1.0
30,7,1591.5,459.4,361.0,326.80000000000007,1,1,1.0
30,8,972.93,296.7,325.07000000000005,164.0,1,1,1.0
30,9,1665.0,824.4,373.79999999999995,201.39999999999998,1,1,1.0
31,1,267.2,439.8,135.10000000000002,222.09999999999997,1,1,1.0
31,2,688.1,319.6,192.10000000000002,293.0,1,1,1.0
31,3,190.65,632.5,276.0,210.29999999999995,1,1,1.0
31,4,356.6,431.8,260.0,251.49999999999994,1,1,1.0
31,5,913.5,472.4,292.79999999999995,192.89999999999998,1,1,1.0
31,6,1308.6,252.6,418.0,237.9,1,1,1.0
31,7,1595.0,466.3,334.4000000000001,298.49999999999994,1,1,1.0
31,8,889.7,296.7,343.20000000000005,155.0,1,1,1.0
31,9,1625.8,828.9,420.5,203.69999999999993,1,1,1.0
32,1,263.85,435.9,139.89999999999998,227.89999999999998,1,1,1.0
32,2,678.8,327.7,202.0,287.2,1,1,1.0
32,3,211.8,655.1,254.0,184.10000000000002,1,1,1.0
32,4,355.4,427.2,264.1,254.40000000000003,1,1,1.0
32,5,903.1,486.3,310.80000000000007,161.7,1,1,1.0
32,6,1312.7,237.6,400.0,259.29999999999995,1,1,1.0
32,7,1711.99,504.16,223.1099999999999,299.73999999999995,1,1,1.0
32,8,826.7,307.3,382.70000000000005,144.39999999999998,1,1,1.0
32,9,1687.6,828.9,354.20000000000005,211.10000000000002,1,1,1.0
33,1,261.0,433.5,142.75,231.29999999999995,1,1,1.0
33,2,674.2,331.2,206.5999999999999,281.00000000000006,1,1,1.0
33,3,215.9,657.2,249.6,183.69999999999993,1,1,1.0
33,4,355.4,423.7,264.1,257.90000000000003,1,1,1.0
33,5,887.8,486.3,329.60000000000014,158.59999999999997,1,1,1.0
33,6,1326.0,240.2,371.70000000000005,273.50000000000006,1,1,1.0
33,7,1724.1,523.0,209.30000000000018,282.29999999999995,1,1,1.0
33,8,786.6,304.9,385.69999999999993,143.20000000000005,1,1,1.0
33,9,1679.3,758.1,360.20000000000005,284.9999999999999,1,1,1.0
34,1,269.7,439.3,135.5,230.3,1,1,1.0
34,2,669.0,342.8,211.79999999999995,255.3,1,1,1.0
34,3,216.8,652.2,251.5,188.29999999999995,1,1,1.0
34,4,360.6,437.6,257.69999999999993,246.89999999999998,1,1,1.0
34,5,886.4,490.5,331.69999999999993,149.20000000000005,1,1,1.0
34,6,1328.9,238.1,359.0,285.4,1,1,1.0
34,7,1716.6,524.7,218.5,280.5999999999999,1,1,1.0
34,8,712.7,285.0,369.20000000000005,157.7,1,1,1.0
34,9,1679.3,735.5,343.60000000000014,315.0999999999999,1,1,1.0
35,1,265.4,439.3,139.8,227.40000000000003,1,1,1.0
35,2,626.8,358.4,254.0,257.4,1,1,1.0
35,3,193.6,652.2,254.00000000000003,205.29999999999995,1,1,1.0
35,4,350.2,430.1,266.90000000000003,252.10000000000002,1,1,1.0
35,5,892.0,488.3,326.0999999999999,170.09999999999997,1,1,1.0
35,6,1328.3,213.8,364.20000000000005,308.49999999999994,1,1,1.0
35,7,1721.2,541.5,208.0999999999999,266.1,1,1,1.0
35,8,544.5,275.64,362.79999999999995,112.19999999999999,1,1,1.0
35,9,1635.6,792.8,388.10000000000014,265.29999999999995,1,1,1.0
36,1,263.5,436.9,142.2,227.39999999999998,1,1,1.0
36,2,702.0,361.9,168.39999999999998,375.70000000000005,1,1,1.0
36,3,185.6,650.6,264.4,198.79999999999995,1,1,1.0
36,4,350.2,424.3,268.09999999999997,260.8,1,1,1.0
36,5,871.2,496.8,345.5,136.59999999999997,1,1,1.0
36,6,1319.0,215.5,387.4000000000001,288.3,1,1,1.0
36,7,1718.9,527.6,213.29999999999995,281.19999999999993,1,1,1.0
36,8,419.4,278.7,340.4,142.3,1,1,1.0
36,9,1680.1,718.2,335.3000000000002,353.5,1,1,1.0
37,1,264.5,444.1,137.3,221.19999999999993,1,1,1.0
37,2,700.3,406.5,149.80000000000007,338.29999999999995,1,1,1.0
37,3,187.2,632.93,249.2,218.57000000000005,1,1,1.0
37,4,349.6,440.5,267.5,242.29999999999995,1,1,1.0
37,5,890.6,474.6,326.1,157.39999999999998,1,1,1.0
37,6,1323.1,239.2,365.4000000000001,283.09999999999997,1,1,1.0
37,7,1710.8,521.8,230.10000000000014,317.70000000000005,1,1,1.0
37,8,381.4,278.7,368.1,139.10000000000002,1,1,1.0
37,9,1685.4,742.3,305.89999999999986,356.5,1,1,1.0
38,1,262.6,439.7,138.7,223.2,1,1,1.0
38,2,691.0,416.9,152.70000000000005,318.4,1,1,1.0
38,3,198.8,645.8,239.59999999999997,209.4000000000001,1,1,1.0
38,4,347.3,429.5,268.59999999999997,253.29999999999995,1,1,1.0
38,5,885.0,450.3,312.29999999999995,185.2,1,1,1.0
38,6,1354.3,239.2,277.5,360.09999999999997,1,1,1.0
38,7,1714.3,506.2,296.60000000000014,305.50000000000006,1,1,1.0
38,8,428.8,278.7,322.2,142.3,1,1,1.0
38,9,1677.1,692.6,266.0,416.80000000000007,1,1,1.0
39,1,262.6,432.9,139.7,227.10000000000002,1,1,1.0
39,2,689.8,419.2,150.4000000000001,327.09999999999997,1,1,1.0
39,3,198.8,654.5,239.59999999999997,201.89999999999998,1,1,1.0
39,4,362.9,427.2,254.20000000000005,258.50000000000006,1,1,1.0
39,5,903.7,465.6,301.89999999999986,175.5,1,1,1.0
39,6,1309.7,210.3,314.5999999999999,343.3,1,1,1.0
39,7,1713.1,510.3,319.8000000000002,301.40000000000003,1,1,1.0
39,8,390.6,277.9,349.1,144.0,1,1,1.0
39,9,1628.1,726.5,356.4000000000001,310.5999999999999,1,1,1.0
40,1,264.0,442.5,137.3,217.5,1,1,1.0
40,2,692.7,416.9,147.5,332.0,1,1,1.0
40,3,208.6,654.5,229.79999999999998,201.89999999999998,1,1,1.0
40,4,347.9,428.4,269.80000000000007,261.4,1,1,1.0
40,5,903.0,453.8,300.5,192.90000000000003,1,1,1.0
40,6,1173.7,243.9,483.5999999999999,199.79999999999998,1,1,1.0
40,7,1716.0,485.4,322.0999999999999,310.70000000000005,1,1,1.0
40,8,389.7,291.5,349.2,129.5,1,1,1.0
40,9,1619.1,710.7,437.7000000000003,206.5999999999999,1,1,1.0
41,1,262.6,431.4,138.2,230.0,1,1,1.0
41,2,690.4,430.8,157.89999999999998,350.8,1,1,1.0
41,3,214.4,648.7,216.49999999999997,204.79999999999995,1,1,1.0
41,4,364.1,439.4,251.29999999999995,250.39999999999998,1,1,1.0
41,5,906.5,456.6,296.29999999999995,185.89999999999998,1,1,1.0
41,6,1183.5,225.4,425.79999999999995,266.9,1,1,1.0
41,7,1713.7,487.7,316.29999999999995,303.8,1,1,1.0
41,8,379.8,284.7,340.99999999999994,175.3,1,1,1.0
41,9,1593.5,724.3,456.5,190.5,1,1,1.0
42,1,264.5,439.1,136.3,221.29999999999995,1,1,1.0
42,2,665.5,438.7,166.0,340.00000000000006,1,1,1.0
42,3,214.4,653.3,215.9,201.9000000000001,1,1,1.0
42,4,350.2,430.7,268.7,261.40000000000003,1,1,1.0
42,5,909.3,456.6,294.9000000000001,188.69999999999993,1,1,1.0
42,6,1190.4,222.5,442.0,235.7,1,1,1.0
42,7,1713.7,488.3,312.79999999999995,301.99999999999994,1,1,1.0
42,8,370.8,287.0,346.7,178.5,1,1,1.0
42,9,1575.8,749.9,453.9000000000001,176.5,1,1,1.0
43,1,265.0,442.0,136.3,217.0,1,1,1.0
43,2,700.0,493.45,222.10000000000002,304.45,1,1,1.0
43,3,199.3,653.3,230.39999999999998,203.10000000000002,1,1,1.0
43,4,349.0,432.4,271.1,262.0,1,1,1.0
43,5,907.9,464.9,292.1,174.80000000000007,1,1,1.0
43,6,1194.5,223.1,454.70000000000005,256.5,1,1,1.0
43,7,1707.3,484.8,271.70000000000005,323.40000000000003,1,1,1.0
43,8,398.6,289.3,314.69999999999993,169.3,1,1,1.0
43,9,1542.04,697.65,376.6600000000001,212.35000000000002,1,1,1.0
44,1,262.6,431.9,138.7,227.10000000000002,1,1,1.0
44,2,705.2,513.1,203.5999999999999,298.1,1,1,1.0
44,3,199.8,653.3,227.5,196.30000000000007,1,1,1.0
44,4,360.0,445.9,260.1,248.5,1,1,1.0
44,5,896.8,439.2,305.29999999999995,196.3,1,1,1.0
44,6,1198.0,226.0,447.0999999999999,251.3,1,1,1.0
44,7,1702.1,496.4,271.10000000000014,306.0,1,1,1.0
44,8,370.8,288.5,342.49999999999994,173.3,1,1,1.0
44,9,1434.67,624.65,381.53,221.55000000000007,1,1,1.0
45,1,263.6,431.9,136.7,226.60000000000002,1,1,1.0
45,2,697.7,534.5,176.39999999999998,323.0,1,1,1.0
45,3,218.1,649.4,209.20000000000002,199.20000000000005,1,1,1.0
45,4,343.2,440.5,275.2,255.10000000000002,1,1,1.0
45,5,862.1,440.6,326.80000000000007,200.69999999999993,1,1,1.0
45,6,1198.6,226.0,411.8000000000002,249.0,1,1,1.0
45,7,1691.1,510.8,286.8000000000002,289.90000000000003,1,1,1.0
45,8,364.8,286.2,342.49999999999994,168.8,1,1,1.0
45,9,1099.8,414.8,269.20000000000005,181.90000000000003,1,1,1.0
46,1,263.6,446.8,137.2,212.7,1,1,1.0
46,2,720.6,598.2,141.89999999999998,321.79999999999995,1,1,1.0
46,3,218.1,651.8,212.1,193.4000000000001,1,1,1.0
46,4,333.4,434.1,284.4,263.79999999999995,1,1,1.0
46,5,760.0,376.0,276.79999999999995,255.20000000000005,1,1,1.0
46,6,1199.2,223.1,410.0,251.9,1,1,1.0
46,7,1708.5,557.7,299.5,234.29999999999995,1,1,1.0
46,8,359.8,291.2,345.59999999999997,163.8,1,1,1.0
46,9,1096.7,383.9,282.5999999999999,179.5,1,1,1.0
47,1,263.6,443.4,136.7,214.10000000000002,1,1,1.0
47,2,726.1,615.6,143.29999999999995,317.1,1,1,1.0
47,3,219.1,650.8,211.1,192.5,1,1,1.0
47,4,325.9,434.7,291.30000000000007,256.3,1,1,1.0
47,5,755.1,355.9,270.6,240.60000000000002,1,1,1.0
47,6,1187.0,202.8,418.70000000000005,300.0,1,1,1.0
47,7,1793.6,476.1,206.30000000000018,365.1,1,1,1.0
47,8,395.0,295.6,308.5,160.0,1,1,1.0
47,9,1045.9,405.4,308.29999999999995,164.30000000000007,1,1,1.0
48,1,263.1,453.5,136.7,204.0,1,1,1.0
48,2,726.1,626.6,194.19999999999993,310.19999999999993,1,1,1.0
48,3,220.1,650.3,211.1,193.0,1,1,1.0
48,4,353.1,446.3,265.79999999999995,240.09999999999997,1,1,1.0
48,5,757.9,365.6,263.6,231.60000000000002,1,1,1.0
48,6,1188.2,229.4,454.5,230.6,1,1,1.0
48,7,1793.6,449.5,202.80000000000018,416.6,1,1,1.0
48,8,419.5,296.2,287.79999999999995,161.10000000000002,1,1,1.0
48,9,1009.3,414.3,338.10000000000014,159.59999999999997,1,1,1.0
49,1,263.1,442.9,139.09999999999997,211.70000000000005,1,1,1.0
49,2,722.6,648.6,201.79999999999995,300.9,1,1,1.0
49,3,216.42,634.48,218.68000000000004,215.01999999999998,1,1,1.0
49,4,354.3,446.3,266.90000000000003,238.90000000000003,1,1,1.0
49,5,756.5,353.1,241.39999999999998,234.39999999999998,1,1,1.0
49,6,1201.5,189.5,433.70000000000005,244.5,1,1,1.0
49,7,1793.6,453.0,199.30000000000018,427.0,1,1,1.0
49,8,430.2,294.9,278.40000000000003,161.40000000000003,1,1,1.0
49,9,986.7,436.87,338.0999999999999,172.02999999999997,1,1,1.0
50,1,261.7,442.9,140.5,211.70000000000005,1,1,1.0
50,2,720.9,648.6,153.20000000000005,306.1,1,1,1.0
50,3,215.3,638.7,218.8,211.39999999999998,1,1,1.0
50,4,338.1,438.2,287.19999999999993,247.00000000000006,1,1,1.0
50,5,730.8,349.6,215.0,223.29999999999995,1,1,1.0
50,6,1195.7,212.6,421.5999999999999,322.1,1,1,1.0
50,7,1793.6,495.8,202.20000000000005,382.49999999999994,1,1,1.0
50,8,426.4,294.9,283.5,162.70000000000005,1,1,1.0
50,9,717.2,543.3,369.29999999999995,170.4000000000001,1,1,1.0
51,1,262.2,451.1,140.0,202.10000000000002,1,1,1.0
51,2,707.5,655.5,160.20000000000005,309.6,1,1,1.0
51,3,211.4,638.7,221.70000000000002,210.39999999999998,1,1,1.0
51,4,347.9,443.4,276.20000000000005,237.70000000000005,1,1,1.0
51,5,707.9,343.3,197.60000000000002,294.2,1,1,1.0
51,6,1261.0,169.5,353.5,365.20000000000005,1,1,1.0
51,7,1797.1,484.8,262.9000000000001,333.3,1,1,1.0
51,8,415.1,296.2,294.79999999999995,161.40000000000003,1,1,1.0
51,9,564.4,625.7,261.62,209.5,1,1,1.0
52,1,261.2,441.0,142.0,213.20000000000005,1,1,1.0
52,2,703.5,650.3,162.5,304.4000000000001,1,1,1.0
52,3,202.7,635.9,232.3,220.89999999999998,1,1,1.0
52,4,331.7,430.7,288.3,246.40000000000003,1,1,1.0
52,5,680.1,347.5,222.60000000000002,287.9,1,1,1.0
52,6,1237.4,213.9,407.6999999999998,259.70000000000005,1,1,1.0
52,7,1780.3,542.1,322.5000000000002,192.69999999999993,1,1,1.0
52,8,379.9,294.9,331.9,161.40000000000003,1,1,1.0
52,9,538.1,635.7,244.39999999999998,239.0999999999999,1,1,1.0
53,1,261.2,449.2,140.10000000000002,204.00000000000006,1,1,1.0
53,2,699.4,653.8,166.60000000000002,288.20000000000005,1,1,1.0
53,3,202.7,634.9,231.3,221.39999999999998,1,1,1.0
53,4,333.5,435.3,286.5,245.3,1,1,1.0
53,5,682.2,348.2,217.69999999999993,287.2,1,1,1.0
53,6,1224.2,207.0,439.0,241.60000000000002,1,1,1.0
53,7,1778.6,522.4,284.5,221.10000000000002,1,1,1.0
53,8,359.8,294.9,346.3,164.5,1,1,1.0
53,9,522.4,648.9,259.70000000000005,174.80000000000007,1,1,1.0
54,1,203.8,447.3,198.5,198.7,1,1,1.0
54,2,697.1,651.5,168.89999999999998,324.1,1,1,1.0
54,3,202.7,634.9,231.3,220.89999999999998,1,1,1.0
54,4,345.1,450.9,279.0,225.60000000000002,1,1,1.0
54,5,684.3,348.2,215.60000000000002,291.50000000000006,1,1,1.0
54,6,1206.8,211.9,458.4000000000001,233.9,1,1,1.0
54,7,1778.6,503.9,293.0,195.60000000000002,1,1,1.0
54,8,358.7,296.2,341.8,163.2,1,1,1.0
54,9,522.4,651.4,261.0,165.70000000000005,1,1,1.0
55,1,240.4,443.4,170.1,192.5,1,1,1.0
55,2,697.1,655.0,168.89999999999998,288.79999999999995,1,1,1.0
55,3,204.6,645.5,236.20000000000002,203.10000000000002,1,1,1.0
55,4,362.5,449.7,263.9,226.2,1,1,1.0
55,5,684.3,348.2,215.60000000000002,292.8,1,1,1.0
55,6,1206.1,209.1,436.20000000000005,249.20000000000002,1,1,1.0
55,7,1776.3,507.4,320.20000000000005,192.10000000000002,1,1,1.0
55,8,371.4,299.4,329.1,159.0,1,1,1.0
55,9,512.4,655.2,278.5,181.79999999999995,1,1,1.0
56,1,238.5,451.1,173.0,184.79999999999995,1,1,1.0
56,2,699.42,661.9,167.18000000000006,280.20000000000005,1,1,1.0
56,3,213.3,654.7,236.09999999999997,187.5999999999999,1,1,1.0
56,4,370.6,449.1,254.10000000000002,234.89999999999998,1,1,1.0
56,5,678.7,348.2,221.19999999999993,292.8,1,1,1.0
56,6,1211.0,205.6,397.29999999999995,319.4,1,1,1.0
56,7,1778.0,507.4,328.9000000000001,214.70000000000005,1,1,1.0
56,8,399.1,298.9,302.4,159.5,1,1,1.0
56,9,509.9,664.0,276.6,187.29999999999995,1,1,1.0
57,1,242.8,448.2,168.7,187.7,1,1,1.0
57,2,698.3,692.0,168.30000000000007,262.79999999999995,1,1,1.0
57,3,213.3,653.3,232.3,194.30000000000007,1,1,1.0
57,4,366.0,447.9,255.20000000000005,236.10000000000002,1,1,1.0
57,5,653.0,327.4,246.89999999999998,317.80000000000007,1,1,1.0
57,6,1219.3,198.0,376.5,319.4,1,1,1.0
57,7,1778.0,507.4,332.4000000000001,190.89999999999998,1,1,1.0
57,8,396.5,296.8,307.6,160.0,1,1,1.0
57,9,503.9,660.42,263.74,196.68000000000006,1,1,1.0
58,1,247.1,447.2,152.79999999999998,194.00000000000006,1,1,1.0
58,2,698.3,698.4,168.30000000000007,248.30000000000007,1,1,1.0
58,3,212.8,654.7,230.39999999999998,192.89999999999998,1,1,1.0
58,4,326.7,444.2,294.50000000000006,233.40000000000003,1,1,1.0
58,5,653.0,323.2,246.89999999999998,319.90000000000003,1,1,1.0
58,6,1233.9,206.3,364.0,267.4,1,1,1.0
58,7,1774.0,513.9,330.5999999999999,185.60000000000002,1,1,1.0
58,8,371.4,296.8,330.6,161.59999999999997,1,1,1.0
58,9,508.37,652.27,265.4,249.83000000000004,1,1,1.0
59,1,253.8,453.0,141.3,199.79999999999995,1,1,1.0
59,2,700.0,690.3,167.20000000000005,251.20000000000005,1,1,1.0
59,3,211.4,655.2,232.29999999999998,193.39999999999998,1,1,1.0
59,4,343.5,445.5,278.9,229.79999999999995,1,1,1.0
59,5,711.3,335.7,187.9000000000001,313.7,1,1,1.0
59,6,1263.1,184.8,334.10000000000014,288.9,1,1,1.0
59,7,1770.5,519.5,334.0999999999999,180.0,1,1,1.0
59,8,352.6,296.8,347.79999999999995,166.8,1,1,1.0
59,9,533.6,653.3,204.0,271.4000000000001,1,1,1.0
60,1,259.1,444.8,137.0,202.7,1,1,1.0
60,2,702.9,679.3,164.30000000000007,234.4000000000001,1,1,1.0
60,3,210.4,655.7,232.29999999999998,192.39999999999998,1,1,1.0
60,4,324.4,442.0,302.6,231.0,1,1,1.0
60,5,713.4,352.4,185.80000000000007,299.80000000000007,1,1,1.0
60,6,1278.4,176.5,303.5,293.7,1,1,1.0
60,7,1754.3,525.5,352.0000000000002,174.0,1,1,1.0
60,8,346.8,296.8,349.90000000000003,163.7,1,1,1.0
60,9,530.6,653.3,203.19999999999993,268.6,1,1,1.0
61,1,251.9,449.1,146.6,193.10000000000002,1,1,1.0
61,2,704.7,672.9,163.69999999999993,240.80000000000007,1,1,1.0
61,3,210.4,654.7,232.29999999999998,193.39999999999998,1,1,1.0
61,4,323.8,448.4,308.40000000000003,220.5,1,1,1.0
61,5,710.6,355.2,190.69999999999993,292.09999999999997,1,1,1.0
61,6,1284.0,173.7,293.0,298.6,1,1,1.0
61,7,1756.0,524.7,355.5,174.79999999999995,1,1,1.0
61,8,351.0,301.0,344.1,168.2,1,1,1.0
61,9,536.3,660.8,197.5,253.60000000000002,1,1,1.0
62,1,249.5,454.4,163.5,180.60000000000002,1,1,1.0
62,2,704.1,665.4,164.29999999999995,270.6,1,1,1.0
62,3,216.2,654.7,226.5,193.39999999999998,1,1,1.0
62,4,329.6,451.3,304.9,214.09999999999997,1,1,1.0
62,5,668.9,355.2,229.60000000000002,291.40000000000003,1,1,1.0
62,6,1218.0,236.9,447.9000000000001,239.6,1,1,1.0
62,7,1747.9,507.3,356.6999999999998,172.8,1,1,1.0
62,8,349.2,301.0,342.09999999999997,167.60000000000002,1,1,1.0
62,9,536.2,665.2,203.29999999999995,264.4,1,1,1.0
63,1,249.5,442.8,159.60000000000002,198.99999999999994,1,1,1.0
63,2,704.1,659.0,164.29999999999995,302.70000000000005,1,1,1.0
63,3,216.2,657.6,227.5,190.5,1,1,1.0
63,4,324.4,439.8,311.30000000000007,227.3,1,1,1.0
63,5,690.4,355.2,211.60000000000002,287.2,1,1,1.0
63,6,1199.9,224.4,458.39999999999986,208.99999999999997,1,1,1.0
63,7,1631.0,503.5,415.20000000000005,212.89999999999998,1,1,1.0
63,8,359.1,302.3,332.19999999999993,161.89999999999998,1,1,1.0
63,9,518.1,666.5,226.39999999999998,233.0,1,1,1.0
64,1,247.6,452.4,161.50000000000003,185.10000000000002,1,1,1.0
64,2,705.3,653.8,161.9000000000001,296.9000000000001,1,1,1.0
64,3,214.8,656.2,228.89999999999998,191.89999999999998,1,1,1.0
64,4,315.7,442.7,317.7,225.59999999999997,1,1,1.0
64,5,654.3,340.0,219.9000000000001,235.70000000000005,1,1,1.0
64,6,1187.4,240.4,470.89999999999986,211.1,1,1,1.0
64,7,1640.3,510.2,405.29999999999995,192.2,1,1,1.0
64,8,352.3,300.4,340.90000000000003,166.90000000000003,1,1,1.0
64,9,519.2,681.6,233.5,221.69999999999993,1,1,1.0
65,1,247.6,450.5,162.9,187.0,1,1,1.0
65,2,701.2,641.6,166.0,326.5,1,1,1.0
65,3,214.8,656.2,228.89999999999998,191.89999999999998,1,1,1.0
65,4,333.0,454.3,300.4,211.7,1,1,1.0
65,5,640.4,326.9,217.80000000000007,223.80000000000007,1,1,1.0
65,6,1185.3,255.0,495.9000000000001,208.3,1,1,1.0
65,7,1553.5,509.0,436.0,210.79999999999995,1,1,1.0
65,8,349.2,300.4,334.59999999999997,179.5,1,1,1.0
65,9,515.4,674.7,241.10000000000002,206.5999999999999,1,1,1.0
66,1,237.0,444.7,176.39999999999998,192.3,1,1,1.0
66,2,713.9,638.1,160.20000000000005,315.5,1,1,1.0
66,3,213.3,655.2,230.39999999999998,193.89999999999998,1,1,1.0
66,4,349.8,494.8,296.3,188.59999999999997,1,1,1.0
66,5,632.1,322.7,200.39999999999998,206.50000000000006,1,1,1.0
66,6,1189.5,208.5,433.4000000000001,248.60000000000002,1,1,1.0
66,7,1535.0,499.2,420.4000000000001,227.50000000000006,1,1,1.0
66,8,349.2,296.0,332.7,184.39999999999998,1,1,1.0
66,9,506.0,659.0,244.20000000000005,205.29999999999995,1,1,1.0
67,1,244.7,444.7,170.60000000000002,195.09999999999997,1,1,1.0
67,2,669.9,673.4,253.10000000000002,283.1,1,1,1.0
67,3,213.3,651.8,230.39999999999998,197.30000000000007,1,1,1.0
67,4,324.3,508.1,330.49999999999994,155.0,1,1,1.0
67,5,618.9,319.2,197.60000000000002,210.7,1,1,1.0
67,6,1185.3,253.6,414.0,199.29999999999998,1,1,1.0
67,7,1569.1,503.8,381.70000000000005,301.59999999999997,1,1,1.0
67,8,381.2,295.4,302.59999999999997,182.60000000000002,1,1,1.0
67,9,520.4,669.1,207.80000000000007,224.10000000000002,1,1,1.0
68,1,240.4,447.6,174.9,171.89999999999998,1,1,1.0
68,2,650.03,689.95,304.57000000000005,242.75,1,1,1.0
68,3,195.5,656.6,246.3,192.5,1,1,1.0
68,4,327.8,509.8,323.49999999999994,153.3,1,1,1.0
68,5,618.9,317.1,197.60000000000002,210.69999999999993,1,1,1.0
68,6,1186.0,251.5,473.0,202.10000000000002,1,1,1.0
68,7,1575.5,510.7,368.9000000000001,265.8,1,1,1.0
68,8,391.9,288.5,293.80000000000007,190.8,1,1,1.0
68,9,541.1,643.4,190.19999999999993,283.1,1,1,1.0
69,1,185.9,447.6,230.4,147.29999999999995,1,1,1.0
69,2,654.3,685.6,293.30000000000007,242.5,1,1,1.0
69,3,197.5,655.6,243.8,195.89999999999998,1,1,1.0
69,4,350.9,486.0,289.6,180.5,1,1,1.0
69,5,614.7,315.35,203.5999999999999,211.04999999999995,1,1,1.0
69,6,1183.2,252.9,448.0,220.1,1,1,1.0
69,7,1591.1,517.6,341.10000000000014,285.5,1,1,1.0
69,8,436.5,286.6,235.20000000000005,219.0,1,1,1.0
69,9,548.0,658.5,190.79999999999995,276.79999999999995,1,1,1.0
70,1,172.9,444.2,247.70000000000002,136.7,1,1,1.0
70,2,648.7,683.5,296.0999999999999,239.0,1,1,1.0
70,3,207.1,654.6,235.6,196.39999999999998,1,1,1.0
70,4,347.4,498.2,278.5,163.2,1,1,1.0
70,5,617.3,313.6,194.4000000000001,207.29999999999995,1,1,1.0
70,6,1189.4,244.6,434.89999999999986,252.00000000000003,1,1,1.0
70,7,1554.7,513.0,376.89999999999986,279.70000000000005,1,1,1.0
70,8,508.7,280.9,148.09999999999997,259.20000000000005,1,1,1.0
70,9,546.7,668.5,221.5999999999999,284.4,1,1,1.0
71,1,190.2,443.2,173.5,204.2,1,1,1.0
71,2,646.3,688.4,304.1,236.20000000000005,1,1,1.0
71,3,195.0,654.6,250.10000000000002,196.89999999999998,1,1,1.0
71,4,317.9,509.2,274.4,139.46999999999997,1,1,1.0
71,5,577.9,290.7,235.89999999999998,220.5,1,1,1.0
71,6,1206.8,227.9,404.29999999999995,315.20000000000005,1,1,1.0
71,7,1566.3,510.7,363.60000000000014,282.00000000000006,1,1,1.0
71,8,533.2,362.5,230.29999999999995,249.79999999999995,1,1,1.0
71,9,549.2,696.8,249.19999999999993,269.9000000000001,1,1,1.0
72,1,216.2,447.5,147.0,179.60000000000002,1,1,1.0
72,2,647.3,684.9,301.70000000000005,239.0,1,1,1.0
72,3,194.0,654.6,251.10000000000002,193.5,1,1,1.0
72,4,346.8,487.2,232.90000000000003,250.59999999999997,1,1,1.0
72,5,577.9,285.8,238.70000000000005,225.39999999999998,1,1,1.0
72,6,1227.6,182.8,368.20000000000005,367.90000000000003,1,1,1.0
72,7,1560.5,510.7,359.0,259.40000000000003,1,1,1.0
72,8,589.71,461.71,256.68999999999994,259.19,1,1,1.0
72,9,547.3,693.7,242.30000000000007,278.69999999999993,1,1,1.0
73,1,221.5,448.5,148.89999999999998,192.60000000000002,1,1,1.0
73,2,648.0,684.9,297.5,241.10000000000002,1,1,1.0
73,3,180.0,656.0,265.1,195.0,1,1,1.0
73,4,387.4,477.4,144.10000000000002,348.9,1,1,1.0
73,5,550.1,303.2,266.5,210.8,1,1,1.0
73,6,1244.3,171.7,350.79999999999995,348.40000000000003,1,1,1.0
73,7,1560.5,510.7,357.29999999999995,255.3,1,1,1.0
73,8,589.7,511.3,284.4,210.2,1,1,1.0
73,9,561.1,686.8,177.60000000000002,293.1,1,1,1.0
74,1,222.9,455.7,163.9,219.2,1,1,1.0
74,2,648.0,684.9,302.29999999999995,237.70000000000005,1,1,1.0
74,3,194.5,648.8,241.89999999999998,209.0,1,1,1.0
74,4,382.8,485.5,143.49999999999994,315.29999999999995,1,1,1.0
74,5,467.8,307.4,337.7,138.5,1,1,1.0
74,6,1217.2,198.1,427.20000000000005,254.6,1,1,1.0
74,7,1560.5,495.7,335.9000000000001,272.00000000000006,1,1,1.0
74,8,575.3,523.9,323.30000000000007,214.60000000000002,1,1,1.0
74,9,569.2,694.3,170.79999999999995,286.9000000000001,1,1,1.0
75,1,220.5,475.0,182.7,193.10000000000002,1,1,1.0
75,2,654.9,683.5,282.9,240.39999999999998,1,1,1.0
75,3,200.3,648.3,234.2,210.9000000000001,1,1,1.0
75,4,377.0,510.4,237.29999999999995,232.0,1,1,1.0
75,5,395.3,300.9,368.49999999999994,138.10000000000002,1,1,1.0
75,6,1297.1,249.5,514.6000000000001,199.7,1,1,1.0
75,7,1560.5,476.6,307.5,294.6,1,1,1.0
75,8,591.0,510.1,312.6,268.6,1,1,1.0
75,9,572.4,700.0,165.89999999999998,281.20000000000005,1,1,1.0
76,1,217.6,476.0,204.9,191.10000000000002,1,1,1.0
76,2,653.5,687.0,224.60000000000002,248.0,1,1,1.0
76,3,197.4,660.8,226.99999999999997,202.30000000000007,1,1,1.0
76,4,390.9,424.8,306.80000000000007,220.99999999999994,1,1,1.0
76,5,452.9,299.8,306.80000000000007,134.3,1,1,1.0
76,6,1776.9,373.8,227.0999999999999,324.7,1,1,1.0
76,7,1560.5,471.3,310.5,304.40000000000003,1,1,1.0
76,8,663.2,493.8,244.29999999999995,260.40000000000003,1,1,1.0
76,9,556.7,700.0,177.0999999999999,281.20000000000005,1,1,1.0
77,1,216.68,492.4,252.62,160.70000000000005,1,1,1.0
77,2,652.1,687.0,219.10000000000002,252.20000000000005,1,1,1.0
77,3,197.4,663.3,231.29999999999998,198.5,1,1,1.0
77,4,527.5,369.5,338.6,159.39999999999998,1,1,1.0
77,5,457.7,299.1,259.59999999999997,135.29999999999995,1,1,1.0
77,6,1758.9,447.4,206.19999999999982,426.30000000000007,1,1,1.0
77,7,1561.7,480.3,321.39999999999986,292.40000000000003,1,1,1.0
77,8,645.7,494.4,328.79999999999995,160.60000000000002,1,1,1.0
77,9,564.2,691.8,173.0,288.1,1,1,1.0
78,1,210.4,505.4,275.79999999999995,142.39999999999998,1,1,1.0
78,2,650.7,687.0,218.39999999999998,250.10000000000002,1,1,1.0
78,3,200.3,663.3,234.2,194.5,1,1,1.0
78,4,585.4,343.8,299.80000000000007,183.40000000000003,1,1,1.0
78,5,446.7,300.5,274.8,141.5,1,1,1.0
78,6,1759.6,495.3,209.70000000000005,404.59999999999997,1,1,1.0
78,7,1561.7,472.0,315.39999999999986,304.5,1,1,1.0
78,8,826.44,425.3,354.05999999999995,176.99999999999994,1,1,1.0
78,9,561.7,693.1,229.69999999999993,276.79999999999995,1,1,1.0
79,1,216.7,497.2,268.5,151.59999999999997,1,1,1.0
79,2,643.8,693.9,261.4000000000001,245.30000000000007,1,1,1.0
79,3,206.6,662.3,229.29999999999998,194.10000000000002,1,1,1.0
79,4,622.4,333.4,302.1,195.5,1,1,1.0
79,5,426.6,305.4,279.6,139.10000000000002,1,1,1.0
79,6,1751.3,522.4,204.79999999999995,424.0,1,1,1.0
79,7,1562.6,479.5,317.5,292.5,1,1,1.0
79,8,840.3,452.3,341.5,164.40000000000003,1,1,1.0
79,9,550.4,691.2,238.5,276.19999999999993,1,1,1.0
80,1,221.0,489.0,275.3,159.29999999999995,1,1,1.0
80,2,624.4,715.4,302.0,198.10000000000002,1,1,1.0
80,3,214.3,657.0,221.59999999999997,200.79999999999995,1,1,1.0
80,4,608.0,339.2,342.5,179.90000000000003,1,1,1.0
80,5,417.6,307.5,256.0,141.89999999999998,1,1,1.0
80,6,1748.0,597.4,198.4000000000001,459.80000000000007,1,1,1.0
80,7,1549.2,492.3,336.89999999999986,278.2,1,1,1.0
80,8,849.1,455.4,350.9,162.60000000000002,1,1,1.0
80,9,559.2,695.0,249.19999999999993,273.70000000000005,1,1,1.0
81,1,222.0,490.0,266.1,158.29999999999995,1,1,1.0
81,2,606.8,704.3,328.9000000000001,191.10000000000002,1,1,1.0
81,3,214.8,654.6,221.09999999999997,203.19999999999993,1,1,1.0
81,4,584.2,343.6,362.79999999999995,174.89999999999998,1,1,1.0
81,5,380.8,317.9,231.7,125.30000000000001,1,1,1.0
81,6,1750.8,615.5,185.20000000000005,382.70000000000005,1,1,1.0
81,7,1562.0,497.6,336.20000000000005,296.29999999999995,1,1,1.0
81,8,853.5,446.0,302.5,177.70000000000005,1,1,1.0
81,9,547.9,708.2,274.70000000000005,263.0,1,1,1.0
82,1,255.8,503.0,259.8,177.60000000000002,1,1,1.0
82,2,616.8,670.3,346.0,195.9000000000001,1,1,1.0
82,3,205.2,657.0,230.7,200.79999999999995,1,1,1.0
82,4,579.0,353.1,357.6,160.79999999999995,1,1,1.0
82,5,373.2,322.8,192.09999999999997,114.19999999999999,1,1,1.0
82,6,1709.1,618.3,247.70000000000005,352.80000000000007,1,1,1.0
82,7,1564.1,505.9,340.9000000000001,285.70000000000005,1,1,1.0
82,8,861.7,430.3,293.0,200.3,1,1,1.0
82,9,569.2,752.8,292.0,223.4000000000001,1,1,1.0
83,1,300.2,509.3,212.50000000000006,241.7,1,1,1.0
83,2,612.6,673.8,348.79999999999995,186.20000000000005,1,1,1.0
83,3,214.8,654.1,222.5,202.69999999999993,1,1,1.0
83,4,576.1,353.1,348.9,160.79999999999995,1,1,1.0
83,5,379.4,333.2,176.20000000000005,109.40000000000003,1,1,0.0
83,6,1666.8,675.9,296.9000000000001,341.80000000000007,1,1,1.0
83,7,1562.9,503.6,342.89999999999986,298.5,1,1,1.0
83,8,854.8,429.0,291.10000000000014,200.29999999999995,1,1,1.0
83,9,606.2,841.3,351.0999999999999,145.60000000000002,1,1,1.0
84,1,318.5,504.0,193.2,248.89999999999998,1,1,1.0
84,2,612.6,670.3,346.69999999999993,180.70000000000005,1,1,1.0
84,3,207.6,644.9,228.70000000000002,211.89999999999998,1,1,1.0
84,4,574.9,354.3,323.5,159.59999999999997,1,1,1.0
84,5,376.5,336.1,172.79999999999995,112.79999999999995,1,1,0.0
84,6,1615.4,798.8,393.39999999999986,219.60000000000002,1,1,1.0
84,7,1564.6,503.6,345.0,321.69999999999993,1,1,1.0
84,8,856.7,430.3,323.0999999999999,162.59999999999997,1,1,1.0
84,9,613.7,845.7,368.69999999999993,149.39999999999998,1,1,1.0
85,1,321.4,496.3,191.30000000000007,245.49999999999994,1,1,1.0
85,2,611.2,671.7,341.19999999999993,179.29999999999995,1,1,1.0
85,3,188.3,651.7,244.09999999999997,207.5,1,1,1.0
85,4,580.7,357.8,318.9,171.7,1,1,1.0
85,5,318.6,336.3,229.29999999999995,120.80000000000001,1,1,0.0
85,6,1618.9,808.5,406.5999999999999,216.0999999999999,1,1,1.0
85,7,1564.1,496.1,328.9000000000001,339.29999999999995,1,1,1.0
85,8,939.6,431.0,315.4999999999999,204.20000000000005,1,1,1.0
85,9,617.4,847.0,348.70000000000005,151.89999999999998,1,1,1.0
86,1,320.9,499.7,192.30000000000007,255.09999999999997,1,1,1.0
86,2,611.2,674.5,339.79999999999995,175.10000000000002,1,1,1.0
86,3,204.7,651.7,235.0,205.5999999999999,1,1,1.0
86,4,584.2,360.1,314.19999999999993,182.10000000000002,1,1,1.0
86,5,325.4,334.6,219.60000000000002,120.59999999999997,1,1,0.0
86,6,1638.3,805.0,366.4000000000001,212.70000000000005,1,1,1.0
86,7,1564.0,493.1,327.46000000000004,337.4,1,1,1.0
86,8,943.4,422.8,306.0000000000001,242.40000000000003,1,1,1.0
86,9,617.4,851.3,342.4,135.70000000000005,1,1,1.0
87,1,322.3,499.7,191.40000000000003,281.09999999999997,1,1,1.0
87,2,611.2,675.9,332.19999999999993,172.30000000000007,1,1,1.0
87,3,204.7,653.1,234.0,204.19999999999993,1,1,1.0
87,4,590.0,364.2,309.6,189.00000000000006,1,1,1.0
87,5,310.5,333.4,231.60000000000002,123.70000000000005,1,1,0.0
87,6,1620.3,796.7,398.29999999999995,205.0,1,1,1.0
87,7,1564.6,495.91,328.8800000000001,331.29,1,1,1.0
87,8,946.5,422.8,304.20000000000005,231.7,1,1,1.0
87,9,619.3,852.6,344.9000000000001,134.39999999999998,1,1,1.0
88,1,322.3,503.1,230.7,259.9,1,1,1.0
88,2,610.5,676.6,335.70000000000005,171.60000000000002,1,1,1.0
88,3,195.1,652.7,245.00000000000003,206.0,1,1,1.0
88,4,602.2,367.7,321.0999999999999,217.3,1,1,1.0
88,5,314.8,335.7,229.2,119.5,1,1,0.0
88,6,1622.4,782.8,374.0,223.10000000000002,1,1,1.0
88,7,1565.6,501.21,333.3700000000001,308.2,1,1,1.0
88,8,948.4,421.5,304.80000000000007,224.79999999999995,1,1,1.0
88,9,622.4,847.6,346.0,138.10000000000002,1,1,1.0
89,1,350.3,504.5,232.90000000000003,248.89999999999998,1,1,1.0
89,2,607.0,681.5,337.79999999999995,166.70000000000005,1,1,1.0
89,3,205.7,652.7,233.40000000000003,203.0999999999999,1,1,1.0
89,4,598.1,370.0,322.29999999999995,204.0,1,1,1.0
89,5,372.7,334.6,174.2,116.69999999999999,1,1,0.0
89,6,1609.2,798.1,421.89999999999986,193.89999999999998,1,1,1.0
89,7,1565.6,509.7,345.4000000000001,276.50000000000006,1,1,1.0
89,8,950.3,422.1,302.29999999999995,224.19999999999993,1,1,1.0
89,9,626.8,838.8,336.1,146.9000000000001,1,1,1.0
90,1,346.4,517.5,231.0,226.29999999999995,1,1,1.0
90,2,611.2,676.6,330.0999999999999,173.69999999999993,1,1,1.0
90,3,223.1,638.7,210.20000000000002,211.79999999999995,1,1,1.0
90,4,599.3,370.6,317.0,188.89999999999998,1,1,1.0
90,5,334.2,336.1,214.59999999999997,120.89999999999998,1,1,0.0
90,6,1602.3,825.2,450.29999999999995,232.79999999999995,1,1,1.0
90,7,1516.3,509.19,397.51,266.51000000000005,1,1,1.0
90,8,947.8,427.1,327.0,199.10000000000002,1,1,1.0
90,9,626.2,837.5,339.79999999999995,148.79999999999995,1,1,1.0
91,1,345.0,517.5,234.29999999999995,220.5,1,1,1.0
91,2,609.8,679.4,367.6,170.20000000000005,1,1,1.0
91,3,220.7,645.5,214.0,205.0,1,1,1.0
91,4,630.5,374.7,317.6,194.59999999999997,1,1,1.0
91,5,360.7,338.3,185.2,112.0,1,1,0.0
91,6,1565.5,799.5,469.70000000000005,212.0,1,1,1.0
91,7,1523.28,515.0,391.29999999999995,256.20000000000005,1,1,1.0
91,8,946.5,427.7,340.70000000000005,201.7,1,1,1.0
91,9,626.2,839.4,351.0999999999999,148.20000000000005,1,1,1.0
92,1,343.1,521.4,245.5,220.5,1,1,1.0
92,2,607.0,676.6,344.0,172.29999999999995,1,1,1.0
92,3,222.2,644.5,212.0,206.5,1,1,1.0
92,4,614.3,401.9,313.0,191.70000000000005,1,1,1.0
92,5,356.4,341.2,191.39999999999998,112.0,1,1,0.0
92,6,1166.5,837.5,514.73,237.79999999999995,1,1,1.0
92,7,1528.8,515.0,392.79999999999995,252.39999999999998,1,1,1.0
92,8,949.1,428.3,313.6,191.7,1,1,1.0
92,9,627.5,841.9,304.6,143.20000000000005,1,1,1.0
93,1,341.7,522.8,236.7,217.70000000000005,1,1,1.0
93,2,609.1,643.3,285.0,201.4000000000001,1,1,1.0
93,3,189.9,645.9,249.79999999999998,207.70000000000005,1,1,1.0
93,4,609.7,401.9,336.0999999999999,199.80000000000007,1,1,1.0
93,5,335.7,339.5,211.09999999999997,116.60000000000002,1,1,0.0
93,6,1172.3,839.2,501.4000000000001,221.89999999999986,1,1,1.0
93,7,1547.6,521.0,378.5,249.39999999999998,1,1,1.0
93,8,951.6,430.2,308.6,194.8,1,1,1.0
93,9,636.3,837.5,284.5,149.5,1,1,1.0
94,1,339.3,525.7,240.99999999999994,214.79999999999995,1,1,1.0
94,2,604.2,669.0,359.29999999999995,172.20000000000005,1,1,1.0
94,3,207.7,640.6,231.8,215.69999999999993,1,1,1.0
94,4,602.1,404.7,350.6,195.59999999999997,1,1,1.0
94,5,370.9,336.4,177.30000000000007,113.40000000000003,1,1,0.0
94,6,1170.6,838.4,489.8000000000002,225.19999999999993,1,1,1.0
94,7,1558.1,525.5,370.3000000000002,244.89999999999998,1,1,1.0
94,8,988.6,446.5,323.1,228.70000000000005,1,1,1.0
94,9,639.4,837.5,277.6,152.0,1,1,1.0
95,1,336.4,520.9,227.5,216.70000000000005,1,1,1.0
95,2,603.5,669.7,365.6,174.0999999999999,1,1,1.0
95,3,207.7,640.6,233.2,218.10000000000002,1,1,1.0
95,4,606.3,411.0,367.20000000000005,240.70000000000005,1,1,1.0
95,5,320.2,335.9,226.55,118.20000000000005,1,1,0.0
95,6,1194.8,835.1,458.10000000000014,225.9999999999999,1,1,1.0
95,7,1546.8,527.8,382.4000000000001,242.60000000000002,1,1,1.0
95,8,1184.5,507.4,225.20000000000005,312.22,1,1,1.0
95,9,653.8,835.6,256.9000000000001,160.79999999999995,1,1,1.0
96,1,333.5,521.4,232.29999999999995,216.20000000000005,1,1,1.0
96,2,603.5,669.7,374.6,168.0,1,1,1.0
96,3,220.2,643.0,222.60000000000002,218.60000000000002,1,1,1.0
96,4,633.4,412.4,364.4,225.39999999999998,1,1,1.0
96,5,205.4,336.0,308.6,156.2,1,1,1.0
96,6,1214.0,827.6,428.0999999999999,236.80000000000007,1,1,1.0
96,7,1540.8,529.3,388.4000000000001,241.10000000000002,1,1,1.0
96,8,1219.7,522.5,205.0999999999999,288.29999999999995,1,1,1.0
96,9,650.1,831.8,261.19999999999993,172.10000000000002,1,1,1.0
97,1,333.5,525.7,242.39999999999998,211.89999999999998,1,1,1.0
97,2,600.0,662.8,360.70000000000005,179.80000000000007,1,1,1.0
97,3,222.0,642.0,220.39999999999998,221.60000000000002,1,1,1.0
97,4,643.8,414.5,354.0,220.5,1,1,1.0
97,5,166.8,446.4,199.2,171.20000000000005,1,1,1.0
97,6,1241.5,811.8,390.5999999999999,312.60000000000014,1,1,1.0
97,7,1533.3,529.3,395.9000000000001,235.10000000000002,1,1,1.0
97,8,1254.9,526.3,171.19999999999982,307.1,1,1,1.0
97,9,635.7,836.2,276.9,165.79999999999995,1,1,1.0
98,1,327.7,531.5,262.7,204.20000000000005,1,1,1.0
98,2,592.4,655.9,344.70000000000005,174.39999999999998,1,1,1.0
98,3,169.6,646.8,273.70000000000005,224.5,1,1,1.0
98,4,648.7,418.7,344.9,204.50000000000006,1,1,1.0
98,5,164.4,440.6,204.29999999999998,178.0,1,1,1.0
98,6,1254.8,791.0,353.10000000000014,325.0,1,1,1.0
98,7,1551.4,531.6,377.79999999999995,238.79999999999995,1,1,1.0
98,8,1164.5,575.9,318.79999999999995,228.60000000000002,1,1,1.0
98,9,638.8,838.7,285.70000000000005,160.79999999999995,1,1,1.0
99,1,335.4,560.4,324.9,176.30000000000007,1,1,1.0
99,2,594.5,671.2,346.79999999999995,154.29999999999995,1,1,1.0
99,3,184.1,646.3,261.1,218.70000000000005,1,1,1.0
99,4,624.4,414.5,378.9,176.79999999999995,1,1,1.0
99,5,193.3,442.5,178.39999999999998,144.79999999999995,1,1,1.0
99,6,1257.3,774.3,338.9000000000001,328.4000000000001,1,1,1.0
99,7,1534.8,536.9,397.4000000000001,232.0,1,1,1.0
99,8,1173.3,597.9,323.79999999999995,187.10000000000002,1,1,1.0
99,9,629.4,834.3,298.9,153.9000000000001,1,1,1.0
100,1,335.4,563.3,274.20000000000005,201.9000000000001,1,1,1.0
100,2,591.7,672.6,354.5,151.0,1,1,1.0
100,3,187.5,648.7,255.3,213.39999999999998,1,1,1.0
100,4,627.9,397.8,367.1,171.3,1,1,1.0
100,5,195.2,447.8,180.40000000000003,138.09999999999997,1,1,1.0
100,6,1259.8,764.3,334.70000000000005,325.10000000000014,1,1,1.0
100,7,1503.2,529.4,429.0,225.20000000000005,1,1,1.0
100,8,1173.3,598.5,327.60000000000014,190.29999999999995,1,1,1.0
100,9,622.5,833.7,341.0,147.0,1,1,1.0
101,1,349.4,554.6,275.70000000000005,228.0,1,1,1.0
101,2,592.4,675.4,353.1,149.20000000000005,1,1,1.0
101,3,174.5,647.7,271.2,213.0,1,1,1.0
101,4,625.8,399.2,345.6,166.50000000000006,1,1,1.0
101,5,195.2,443.5,174.60000000000002,141.89999999999998,1,1,1.0
101,6,1174.0,795.1,436.29999999999995,277.6,1,1,1.0
101,7,1512.2,526.4,418.5,232.0,1,1,1.0
101,8,1196.3,613.6,315.9000000000001,174.60000000000002,1,1,1.0
101,9,618.7,835.0,327.79999999999995,153.20000000000005,1,1,1.0
102,1,357.1,547.9,249.19999999999993,256.9,1,1,1.0
102,2,594.5,665.6,368.4,153.5,1,1,1.0
102,3,177.4,648.7,269.70000000000005,211.0,1,1,1.0
102,4,642.5,374.9,335.1,243.5,1,1,1.0
102,5,183.6,449.3,189.1,163.09999999999997,1,1,1.0
102,6,1169.8,823.4,450.5,247.60000000000002,1,1,1.0
102,7,1472.3,524.9,456.9000000000001,235.0,1,1,1.0
102,8,1195.8,629.3,322.70000000000005,163.30000000000007,1,1,1.0
102,9,615.6,835.0,320.19999999999993,153.20000000000005,1,1,1.0
103,1,357.1,543.1,215.39999999999998,279.5,1,1,1.0
103,2,594.5,667.2,368.4,152.19999999999993,1,1,1.0
103,3,199.5,650.6,249.5,214.39999999999998,1,1,1.0
103,4,733.5,318.7,215.60000000000002,305.3,1,1,1.0
103,5,183.6,440.6,192.50000000000003,168.89999999999998,1,1,1.0
103,6,1266.5,804.2,355.70000000000005,322.5999999999999,1,1,1.0
103,7,1470.0,524.9,458.4000000000001,235.0,1,1,1.0
103,8,1185.8,631.8,332.70000000000005,159.5,1,1,1.0
103,9,616.9,835.0,318.9,158.20000000000005,1,1,1.0
104,1,361.0,534.4,209.60000000000002,311.80000000000007,1,1,1.0
104,2,595.9,659.5,333.70000000000005,159.5,1,1,1.0
104,3,216.0,648.2,235.89999999999998,212.89999999999998,1,1,1.0
104,4,782.8,310.4,158.0,320.5,1,1,1.0
104,5,173.5,438.4,202.8,151.80000000000007,1,1,1.0
104,6,1266.5,778.4,378.79999999999995,335.1,1,1,1.0
104,7,1509.2,530.2,419.20000000000005,225.19999999999993,1,1,1.0
104,8,1168.0,640.6,343.5999999999999,146.29999999999995,1,1,1.0
104,9,620.7,831.9,308.19999999999993,163.20000000000005,1,1,1.0
105,1,381.8,587.6,217.2,260.9,1,1,1.0
105,2,596.46,649.04,342.0,171.4000000000001,1,1,1.0
105,3,182.7,648.7,270.6,211.89999999999998,1,1,1.0
105,4,785.6,305.5,176.0,280.29999999999995,1,1,1.0
105,5,171.6,446.7,204.20000000000002,143.50000000000006,1,1,1.0
105,6,1249.8,710.1,303.0,390.9,1,1,1.0
105,7,1561.2,519.7,366.39999999999986,277.9,1,1,1.0
105,8,1187.6,646.3,333.4000000000001,137.5,1,1,1.0
105,9,625.7,831.9,300.19999999999993,145.0,1,1,1.0
106,1,420.0,580.7,183.10000000000002,296.4,1,1,1.0
106,2,602.2,614.4,296.0999999999999,217.20000000000005,1,1,1.0
106,3,178.8,648.7,275.5,210.89999999999998,1,1,1.0
106,4,787.0,309.0,169.0,285.1,1,1,1.0
106,5,177.9,448.9,196.29999999999998,140.80000000000007,1,1,1.0
106,6,1248.1,681.8,318.9000000000001,413.70000000000005,1,1,1.0
106,7,1565.3,506.1,348.70000000000005,307.29999999999995,1,1,1.0
106,8,1194.3,644.4,330.5,140.70000000000005,1,1,1.0
106,9,622.6,828.8,353.4,149.4000000000001,1,1,1.0
107,1,406.7,569.1,191.8,306.0,1,1,1.0
107,2,593.8,571.67,274.2700000000001,244.0300000000001,1,1,1.0
107,3,177.5,649.7,277.3,210.39999999999998,1,1,1.0
107,4,783.5,295.1,178.10000000000002,268.4,1,1,1.0
107,5,195.3,443.4,178.39999999999998,145.80000000000007,1,1,1.0
107,6,1230.6,693.5,283.9000000000001,402.5,1,1,1.0
107,7,1565.7,501.6,344.5,319.29999999999995,1,1,1.0
107,8,1150.0,630.6,371.70000000000005,149.5,1,1,1.0
107,9,623.9,842.0,340.80000000000007,138.10000000000002,1,1,1.0
108,1,404.4,556.4,192.89999999999998,306.0,1,1,1.0
108,2,593.8,554.94,283.70000000000005,218.95999999999992,1,1,1.0
108,3,217.5,639.1,234.39999999999998,221.0,1,1,1.0
108,4,709.9,300.0,250.30000000000007,226.0,1,1,1.0
108,5,202.5,448.4,171.8,164.0,1,1,1.0
108,6,1226.6,726.8,418.3000000000002,383.4000000000001,1,1,1.0
108,7,1563.4,506.1,358.0999999999999,264.29999999999995,1,1,1.0
108,8,1165.7,621.8,330.29999999999995,146.4000000000001,1,1,1.0
108,9,623.9,839.5,339.9,143.10000000000002,1,1,1.0
109,1,407.9,554.7,242.10000000000002,279.29999999999995,1,1,1.0
109,2,620.3,512.02,257.3900000000001,187.68000000000006,1,1,1.0
109,3,219.9,646.8,230.99999999999997,215.20000000000005,1,1,1.0
109,4,629.4,321.5,340.5,137.10000000000002,1,1,1.0
109,5,202.5,445.5,169.3,165.0,1,1,1.0
109,6,1084.0,858.5,500.5,231.70000000000005,1,1,1.0
109,7,1550.6,516.6,370.9000000000001,253.79999999999995,1,1,1.0
109,8,1019.2,446.85,327.0999999999999,154.75,1,1,1.0
109,9,627.0,836.4,302.5,143.70000000000005,1,1,1.0
110,1,442.62,664.07,304.58000000000004,200.63,1,1,1.0
110,2,611.9,520.18,249.98000000000002,169.22000000000003,1,1,1.0
110,3,222.3,633.4,231.5,225.20000000000005,1,1,1.0
110,4,546.8,338.9,309.9000000000001,170.40000000000003,1,1,1.0
110,5,188.0,445.5,181.89999999999998,170.29999999999995,1,1,1.0
110,6,1102.3,875.2,476.10000000000014,223.29999999999995,1,1,1.0
110,7,1545.3,519.6,377.70000000000005,249.29999999999995,1,1,1.0
110,8,964.7,463.6,316.70000000000005,201.29999999999995,1,1,1.0
110,9,625.7,830.7,372.9,148.19999999999993,1,1,1.0
111,1,449.6,678.0,306.29999999999995,189.0,1,1,1.0
111,2,615.2,520.99,246.3599999999999,172.71000000000004,1,1,1.0
111,3,214.1,639.67,235.4,225.20000000000005,1,1,1.0
111,4,488.5,384.0,302.9,174.60000000000002,1,1,1.0
111,5,204.9,449.4,166.4,152.39999999999998,1,1,1.0
111,6,1121.5,855.2,444.70000000000005,232.5,1,1,1.0
111,7,1541.5,519.6,381.5,248.5,1,1,1.0
111,8,974.6,450.0,299.4999999999999,239.0,1,1,1.0
111,9,634.5,830.9,296.29999999999995,154.20000000000005,1,1,1.0
112,1,474.5,697.7,284.86,189.0,1,1,1.0
112,2,611.7,519.19,251.89999999999998,169.40999999999997,1,1,1.0
112,3,227.6,622.3,221.9,242.57000000000005,1,1,1.0
112,4,493.4,382.6,298.0,173.89999999999998,1,1,1.0
112,5,207.8,441.2,158.7,167.40000000000003,1,1,1.0
112,6,1132.3,853.5,460.60000000000014,230.0,1,1,1.0
112,7,1504.6,529.4,419.9000000000001,231.89999999999998,1,1,1.0
112,8,971.5,436.9,294.20000000000005,273.0,1,1,1.0
112,9,630.1,835.2,300.79999999999995,149.29999999999995,1,1,1.0
113,1,484.9,702.3,266.4,194.80000000000007,1,1,1.0
113,2,603.0,523.61,282.72,164.78999999999996,1,1,1.0
113,3,166.8,627.1,288.0,234.89999999999998,1,1,1.0
113,4,494.8,384.7,290.40000000000003,176.00000000000006,1,1,1.0
113,5,210.7,447.0,165.2,158.70000000000005,1,1,1.0
113,6,1119.0,846.8,499.70000000000005,228.4000000000001,1,1,1.0
113,7,1558.9,496.2,319.5999999999999,299.8,1,1,1.0
113,8,934.9,428.0,308.30000000000007,292.4,1,1,1.0
113,9,622.6,834.6,330.19999999999993,147.39999999999998,1,1,1.0
114,1,488.9,701.7,259.5,197.69999999999993,1,1,1.0
114,2,606.0,522.46,285.78,163.64,1,1,1.0
114,3,193.8,632.8,259.09999999999997,227.80000000000007,1,1,1.0
114,4,520.5,365.3,241.79999999999995,199.59999999999997,1,1,1.0
114,5,209.7,448.9,163.90000000000003,161.60000000000002,1,1,1.0
114,6,1117.3,846.8,504.70000000000005,229.20000000000005,1,1,1.0
114,7,1561.5,523.3,364.5,259.4000000000001,1,1,1.0
114,8,941.2,423.8,264.29999999999995,307.59999999999997,1,1,1.0
114,9,623.9,833.3,310.9,161.30000000000007,1,1,1.0
115,1,495.8,701.7,243.3,196.5,1,1,1.0
115,2,603.9,526.47,288.01,159.82999999999993,1,1,1.0
115,3,200.1,627.8,252.79999999999998,231.4000000000001,1,1,1.0
115,4,542.7,362.5,224.39999999999998,196.20000000000005,1,1,1.0
115,5,210.2,448.9,157.2,160.60000000000002,1,1,1.0
115,6,1107.3,853.5,503.0,228.29999999999995,1,1,1.0
115,7,1528.7,517.8,411.5999999999999,219.4000000000001,1,1,1.0
115,8,948.0,420.1,259.0999999999999,296.1,1,1,1.0
115,9,623.3,838.3,313.80000000000007,142.5,1,1,1.0
116,1,499.3,701.7,243.3,196.5,1,1,1.0
116,2,603.0,532.6,288.4,155.69999999999993,1,1,1.0
116,3,204.4,608.3,251.4,250.9000000000001,1,1,1.0
116,4,551.7,367.4,223.0,191.30000000000007,1,1,1.0
116,5,214.1,448.9,160.29999999999998,160.60000000000002,1,1,1.0
116,6,1113.1,855.2,474.70000000000005,226.5999999999999,1,1,1.0
116,7,1532.5,516.6,409.29999999999995,213.10000000000002,1,1,1.0
116,8,956.4,421.1,259.1,287.29999999999995,1,1,1.0
116,9,623.3,837.0,337.70000000000005,141.89999999999998,1,1,1.0
117,1,498.1,701.7,242.19999999999993,197.69999999999993,1,1,1.0
117,2,600.0,534.7,287.20000000000005,151.0999999999999,1,1,1.0
117,3,204.4,638.7,251.4,222.39999999999998,1,1,1.0
117,4,548.9,375.7,225.80000000000007,186.50000000000006,1,1,1.0
117,5,215.4,447.0,155.20000000000002,207.60000000000002,1,1,1.0
117,6,1115.6,846.9,491.4000000000001,232.39999999999998,1,1,1.0
117,7,1528.7,511.3,413.0999999999999,204.09999999999997,1,1,1.0
117,8,903.9,425.3,299.0000000000001,270.90000000000003,1,1,1.0
117,9,623.3,834.5,366.1,146.29999999999995,1,1,1.0
118,1,496.4,700.5,239.30000000000007,201.20000000000005,1,1,1.0
118,2,599.3,534.7,286.5,165.0,1,1,1.0
118,3,191.4,650.3,263.4,209.4000000000001,1,1,1.0
118,4,558.5,378.5,216.20000000000005,187.20000000000005,1,1,1.0
118,5,218.6,447.28,149.48999999999998,207.80000000000007,1,1,1.0
118,6,1104.8,846.9,532.2,230.69999999999993,1,1,1.0
118,7,1510.6,507.9,429.70000000000005,201.70000000000005,1,1,1.0
118,8,877.9,429.0,286.30000000000007,297.1,1,1,1.0
118,9,630.8,832.6,316.30000000000007,162.0,1,1,1.0
119,1,498.1,693.6,230.69999999999993,209.29999999999995,1,1,1.0
119,2,595.8,534.7,285.80000000000007,165.0,1,1,1.0
119,3,204.4,651.3,249.4,208.4000000000001,1,1,1.0
119,4,555.1,376.4,216.79999999999995,188.60000000000002,1,1,1.0
119,5,219.06,450.69,148.60000000000002,176.41000000000003,1,1,1.0
119,6,1113.1,846.9,510.60000000000014,232.39999999999998,1,1,1.0
119,7,1521.5,503.8,415.5,201.99999999999994,1,1,1.0
119,8,751.1,499.96,316.4,298.34,1,1,1.0
119,9,632.1,829.5,295.5,154.39999999999998,1,1,1.0
120,1,508.5,690.7,242.29999999999995,247.5,1,1,1.0
120,2,592.3,529.5,298.0,154.60000000000002,1,1,1.0
120,3,204.9,652.5,248.70000000000002,208.70000000000005,1,1,1.0
120,4,555.8,370.8,214.0,192.09999999999997,1,1,1.0
120,5,214.1,442.6,143.70000000000002,186.60000000000002,1,1,1.0
120,6,1111.4,845.2,467.29999999999995,234.0999999999999,1,1,1.0
120,7,1053.5,477.4,277.20000000000005,197.30000000000007,1,1,1.0
120,8,727.2,610.47,226.5999999999999,228.82999999999993,1,1,1.0
120,9,640.9,807.5,283.6,181.39999999999998,1,1,1.0
121,1,521.2,686.7,220.39999999999998,249.79999999999995,1,1,1.0
121,2,592.3,533.4,290.5,153.0,1,1,1.0
121,3,214.0,653.7,232.60000000000002,209.89999999999998,1,1,1.0
121,4,556.7,361.8,189.0999999999999,204.7,1,1,1.0
121,5,218.3,464.96,177.8,197.2,1,1,1.0
121,6,1100.6,833.5,453.10000000000014,275.0,1,1,1.0
121,7,664.16,300.56,309.14,207.14,1,1,1.0
121,8,724.1,621.1,241.0,216.79999999999995,1,1,1.0
121,9,640.9,810.0,284.20000000000005,182.0,1,1,1.0
