1,1,173.59,303.8,304.90999999999997,182.28999999999996,1,1,1.0
1,2,181.8,440.9,228.39999999999998,159.5,1,1,1.0
1,3,411.95,377.45,285.45,160.55,1,1,1.0
1,4,488.54,553.4,176.85999999999996,315.20000000000005,1,1,1.0
1,5,694.0,335.7,134.29999999999995,333.77000000000004,1,1,1.0
1,6,819.59,287.17,211.62,199.68,1,1,1.0
1,7,826.06,455.64,327.1500000000001,121.25999999999999,1,1,1.0
1,8,1128.24,403.09,172.05999999999995,187.61000000000007,1,1,1.0
1,9,1148.2,199.89,389.91999999999985,168.11,1,1,1.0
1,10,1440.41,582.75,106.69999999999982,208.88,1,1,0.0
2,1,280.6,303.0,225.79999999999995,119.80000000000001,1,1,1.0
2,2,135.5,427.98,272.22,137.41999999999996,1,1,1.0
2,3,410.75,375.29,306.04999999999995,155.00999999999993,1,1,1.0
2,4,490.69,554.1,175.31,327.6,1,1,1.0
2,5,691.42,323.88,144.58000000000004,352.12,1,1,1.0
2,6,810.8,287.17,220.41000000000008,199.68,1,1,1.0
2,7,881.7,442.4,311.39999999999986,181.60000000000002,1,1,1.0
2,8,1128.29,383.86,177.30999999999995,198.03999999999996,1,1,1.0
2,9,1146.1,198.46,388.10000000000014,171.34,1,1,1.0
2,10,1440.41,582.75,106.69999999999982,208.88,1,1,0.0
3,1,336.4,292.45,188.10000000000002,112.25,1,1,1.0
3,2,125.2,405.6,289.8,142.0,1,1,1.0
3,3,413.74,370.51,316.05999999999995,175.28999999999996,1,1,1.0
3,4,499.3,547.9,178.09999999999997,319.5,1,1,1.0
3,5,692.97,359.83,149.42999999999995,315.57,1,1,1.0
3,6,814.8,287.17,213.5,193.63,1,1,1.0
3,7,1035.79,520.32,278.4100000000001,192.88,1,1,1.0
3,8,1140.44,396.57,236.76,182.53000000000003,1,1,1.0
3,9,1147.2,200.25,398.45000000000005,172.75,1,1,1.0
3,10,1440.41,582.75,106.69999999999982,208.88,1,1,0.0
4,1,340.1,286.42,170.83999999999997,119.07999999999998,1,1,1.0
4,2,129.6,417.79,286.71000000000004,134.70999999999998,1,1,1.0
4,3,415.9,369.3,310.30000000000007,156.8,1,1,1.0
4,4,482.3,567.6,213.09999999999997,313.1,1,1,1.0
4,5,681.11,369.34,193.28999999999996,266.76000000000005,1,1,1.0
4,6,819.5,280.9,208.79999999999995,198.10000000000002,1,1,1.0
4,7,1121.19,595.67,330.01,147.63,1,1,1.0
4,8,1125.34,410.17,237.56000000000017,163.62999999999994,1,1,1.0
4,9,1147.5,199.54,390.6199999999999,174.56000000000003,1,1,1.0
4,10,1440.41,582.75,106.69999999999982,208.88,1,1,0.0
5,1,332.6,294.9,187.89999999999998,110.60000000000002,1,1,1.0
5,2,120.2,429.2,300.51,126.30000000000001,1,1,1.0
5,3,415.74,374.53,310.0,154.26999999999998,1,1,1.0
5,4,455.29,609.04,248.10999999999996,262.06000000000006,1,1,1.0
5,5,667.11,374.74,199.68999999999994,254.86,1,1,1.0
5,6,817.7,285.9,208.12999999999988,194.70000000000005,1,1,1.0
5,7,1259.28,527.18,209.01999999999998,274.5200000000001,1,1,1.0
5,8,1114.54,429.5,254.96000000000004,144.10000000000002,1,1,1.0
5,9,1146.4,199.89,392.4399999999998,174.21000000000004,1,1,1.0
5,10,1440.41,582.75,106.69999999999982,160.04999999999995,1,1,0.0
6,1,329.6,285.9,216.79999999999995,117.40000000000003,1,1,1.0
6,2,118.1,436.07,302.72,117.93,1,1,1.0
6,3,412.3,377.7,305.8,151.09999999999997,1,1,1.0
6,4,458.73,606.03,237.16999999999996,252.26999999999998,1,1,1.0
6,5,658.49,378.36,206.80999999999995,251.74,1,1,1.0
6,6,818.1,286.3,209.89999999999998,190.7,1,1,1.0
6,7,1284.8,462.15,140.76,303.45000000000005,1,1,1.0
6,8,1142.49,366.35,191.80999999999995,260.94999999999993,1,1,1.0
6,9,1146.4,199.54,390.64999999999986,173.06000000000003,1,1,1.0
6,10,1444.7,582.75,102.40999999999985,145.85000000000002,1,1,0.0
7,1,341.5,288.13,199.87,113.87,1,1,1.0
7,2,112.2,439.1,312.5,115.79999999999995,1,1,1.0
7,3,411.4,380.65,273.4,147.25,1,1,1.0
7,4,455.3,606.9,234.49999999999994,259.20000000000005,1,1,1.0
7,5,649.86,380.41,205.24,240.19,1,1,1.0
7,6,817.72,283.41,208.07999999999993,194.98999999999995,1,1,1.0
7,7,1284.6,468.63,162.08000000000015,309.97,1,1,1.0
7,8,1201.02,362.91,118.68000000000006,267.38999999999993,1,1,1.0
7,9,1148.6,200.25,388.8100000000002,173.45,1,1,1.0
7,10,1440.41,582.75,106.69999999999982,147.54999999999995,1,1,0.0
8,1,344.6,264.0,223.39999999999998,104.60000000000002,1,1,1.0
8,2,109.3,440.39,316.9,113.61000000000001,1,1,1.0
8,3,412.6,378.56,276.4,169.33999999999997,1,1,1.0
8,4,460.42,606.58,228.07999999999998,265.52,1,1,1.0
8,5,658.6,376.8,199.75,230.3,1,1,1.0
8,6,819.5,281.6,207.4000000000001,195.09999999999997,1,1,1.0
8,7,1201.2,517.4,301.5,266.70000000000005,1,1,1.0
8,8,1197.58,368.07,127.92000000000007,306.03000000000003,1,1,1.0
8,9,1147.9,200.97,390.5799999999999,172.73,1,1,1.0
8,10,1445.6,576.74,99.79000000000019,144.96000000000004,1,1,0.0
9,1,348.3,276.6,213.40000000000003,105.39999999999998,1,1,1.0
9,2,133.5,440.7,295.1,114.80000000000001,1,1,1.0
9,3,416.2,380.4,257.7,168.39999999999998,1,1,1.0
9,4,466.87,603.57,221.23000000000002,263.8299999999999,1,1,1.0
9,5,649.3,378.86,206.99,219.14,1,1,1.0
9,6,819.87,283.41,210.2299999999999,194.98999999999995,1,1,1.0
9,7,1173.4,583.02,337.53999999999996,188.88,1,1,1.0
9,8,1171.85,341.92,128.35000000000014,293.47999999999996,1,1,1.0
9,9,1148.22,196.31,393.49,175.60000000000002,1,1,1.0
9,10,1460.1,587.48,85.72000000000003,131.22000000000003,1,1,0.0
10,1,344.6,275.3,226.19999999999993,108.39999999999998,1,1,1.0
10,2,133.2,441.6,294.5,115.10000000000002,1,1,1.0
10,3,424.7,381.29,266.09999999999997,208.10999999999996,1,1,1.0
10,4,471.18,597.58,205.02000000000004,269.7199999999999,1,1,1.0
10,5,667.5,379.9,187.79999999999995,225.39999999999998,1,1,1.0
10,6,818.43,283.05,207.37,192.55,1,1,1.0
10,7,1221.8,602.09,291.1400000000001,168.11,1,1,1.0
10,8,1165.83,338.48,184.37000000000012,246.91999999999996,1,1,1.0
10,9,1148.6,198.46,395.26,178.14000000000001,1,1,1.0
10,10,1461.9,585.76,83.91999999999985,137.64,1,1,0.0
11,1,344.6,275.1,248.5,106.39999999999998,1,1,1.0
11,2,152.6,437.1,279.9,122.0,1,1,1.0
11,3,432.79,380.19,246.60999999999996,184.51000000000005,1,1,1.0
11,4,476.89,592.65,204.11,289.65,1,1,1.0
11,5,665.4,381.96,193.47000000000003,211.64000000000004,1,1,1.0
11,6,818.08,283.05,207.01999999999987,196.84999999999997,1,1,1.0
11,7,1210.9,608.47,300.4699999999998,162.63,1,1,1.0
11,8,1180.45,339.34,145.75,274.16,1,1,1.0
11,9,1144.3,199.18,391.30999999999995,175.21999999999997,1,1,1.0
11,10,1461.4,586.34,83.91999999999985,138.36,1,1,0.0
12,1,352.32,274.84,224.78000000000003,112.46000000000004,1,1,1.0
12,2,157.6,442.5,271.0,116.60000000000002,1,1,1.0
12,3,433.39,411.49,293.1,140.61,1,1,1.0
12,4,482.91,597.38,214.29000000000002,283.91999999999996,1,1,1.0
12,5,669.0,369.57,189.87,222.63000000000005,1,1,1.0
12,6,817.72,277.67,224.20000000000005,199.7,1,1,1.0
12,7,1085.12,617.56,371.3800000000001,122.84000000000003,1,1,1.0
12,8,1188.42,352.68,184.48000000000002,284.32,1,1,1.0
12,9,1146.8,199.18,390.6100000000001,175.92000000000002,1,1,1.0
12,10,1459.9,586.34,85.77999999999997,140.05999999999995,1,1,0.0
13,1,344.85,275.34,223.14999999999998,109.66000000000003,1,1,1.0
13,2,161.7,438.3,263.63,118.99999999999994,1,1,1.0
13,3,452.69,384.1,235.70999999999998,188.89999999999998,1,1,1.0
13,4,484.56,593.08,194.83999999999997,286.91999999999996,1,1,1.0
13,5,679.5,376.3,176.79999999999995,211.90000000000003,1,1,1.0
13,6,817.4,272.5,222.39999999999998,207.0,1,1,1.0
13,7,1064.01,578.5,329.19000000000005,167.60000000000002,1,1,1.0
13,8,1219.42,400.48,191.98000000000002,270.12,1,1,1.0
13,9,1148.6,198.82,388.8100000000002,178.48000000000002,1,1,1.0
13,10,1453.5,590.64,91.46000000000004,144.76,1,1,0.0
14,1,349.8,274.1,249.40000000000003,107.19999999999999,1,1,1.0
14,2,132.38,442.17,300.32,114.22999999999996,1,1,1.0
14,3,451.2,362.62,237.90000000000003,247.58000000000004,1,1,1.0
14,4,484.13,595.66,179.37,269.64,1,1,1.0
14,5,671.06,378.34,186.74,209.36000000000007,1,1,1.0
14,6,818.79,287.7,224.91000000000008,194.7,1,1,1.0
14,7,997.14,547.92,365.36,125.18000000000006,1,1,1.0
14,8,1262.53,421.7,157.26999999999998,291.3,1,1,1.0
14,9,1146.4,199.18,390.28999999999996,177.42000000000002,1,1,1.0
14,10,1454.9,588.85,90.77999999999997,154.54999999999995,1,1,0.0
15,1,349.3,258.0,238.7,119.30000000000001,1,1,1.0
15,2,146.9,443.07,284.6,110.63000000000005,1,1,1.0
15,3,446.99,362.26,245.01,254.64,1,1,1.0
15,4,484.56,593.08,183.14000000000004,290.2199999999999,1,1,1.0
15,5,658.83,373.7,198.9699999999999,215.00000000000006,1,1,1.0
15,6,815.92,272.71,231.67999999999995,209.69,1,1,1.0
15,7,977.09,486.35,374.61,119.64999999999998,1,1,1.0
15,8,1219.58,376.81,167.42000000000007,238.79000000000002,1,1,1.0
15,9,1148.2,199.89,393.14999999999986,174.91000000000003,1,1,1.0
15,10,1457.4,589.21,88.27999999999997,151.39,1,1,0.0
16,1,329.5,258.04,252.95000000000005,147.85999999999996,1,1,1.0
16,2,186.1,428.3,239.01000000000002,133.90000000000003,1,1,1.0
16,3,422.52,399.03,298.28,203.67000000000007,1,1,1.0
16,4,486.71,594.37,193.39000000000004,285.13,1,1,1.0
16,5,656.77,371.9,199.02999999999997,218.39999999999998,1,1,1.0
16,6,823.45,275.93,224.14999999999986,205.07,1,1,1.0
16,7,859.1,456.04,330.08000000000004,194.66000000000003,1,1,1.0
16,8,1220.01,373.8,150.78999999999996,269.90000000000003,1,1,1.0
16,9,1147.5,199.89,394.20000000000005,172.71000000000004,1,1,1.0
16,10,1454.6,587.77,90.72000000000003,153.52999999999997,1,1,0.0
17,1,236.0,283.89,303.4,171.91000000000003,1,1,1.0
17,2,202.9,405.59,214.10999999999999,157.01000000000005,1,1,1.0
17,3,463.38,391.51,259.91999999999996,232.28999999999996,1,1,1.0
17,4,485.85,594.8,175.64999999999998,277.5,1,1,1.0
17,5,658.32,382.21,216.57999999999993,218.89000000000004,1,1,1.0
17,6,823.06,253.21,248.53999999999996,222.39000000000001,1,1,1.0
17,7,860.7,429.48,293.47,228.51999999999998,1,1,1.0
17,8,1259.4,385.85,125.39999999999986,301.35,1,1,1.0
17,9,1148.2,199.54,390.28,175.96,1,1,1.0
17,10,1457.4,589.92,87.55999999999995,145.2800000000001,1,1,0.0
18,1,236.6,286.1,305.29999999999995,164.09999999999997,1,1,1.0
18,2,219.6,409.28,209.60999999999999,152.32000000000005,1,1,1.0
18,3,449.93,375.35,254.46999999999997,228.25,1,1,1.0
18,4,485.42,591.55,172.68,286.55000000000007,1,1,1.0
18,5,695.56,348.19,181.04000000000008,284.81,1,1,1.0
18,6,821.02,269.03,258.5799999999999,226.47000000000003,1,1,1.0
18,7,862.6,405.59,239.89,357.11000000000007,1,1,1.0
18,8,1232.77,398.1,144.32999999999993,297.4,1,1,1.0
18,9,1150.0,199.18,389.55999999999995,175.92000000000002,1,1,1.0
18,10,1469.2,590.64,76.48000000000002,151.06000000000006,1,1,0.0
19,1,236.0,285.8,305.9,163.5,1,1,1.0
19,2,173.68,426.29,236.92000000000002,108.50999999999993,1,1,1.0
19,3,435.62,381.58,271.78,203.62000000000006,1,1,1.0
19,4,488.43,589.36,171.07,287.14,1,1,1.0
19,5,703.3,343.94,142.0,305.09,1,1,1.0
19,6,824.24,263.08,248.96000000000004,224.12,1,1,1.0
19,7,869.5,405.16,229.98000000000002,351.94,1,1,1.0
19,8,1180.35,367.53,150.75,291.1700000000001,1,1,1.0
19,9,1147.9,198.1,390.5799999999999,176.29999999999998,1,1,1.0
19,10,1491.3,606.4,52.590000000000146,133.80000000000007,1,1,0.0
20,1,236.0,285.5,315.70000000000005,157.3,1,1,1.0
20,2,233.4,462.68,201.49999999999997,98.61999999999995,1,1,1.0
20,3,457.51,394.15,287.39,262.45000000000005,1,1,1.0
20,4,487.14,585.76,175.06000000000006,286.44000000000005,1,1,1.0
20,5,678.5,322.0,183.20000000000005,338.1,1,1,1.0
20,6,821.73,267.02,252.17000000000007,216.68,1,1,1.0
20,7,865.8,408.17,239.26999999999998,286.72999999999996,1,1,1.0
20,8,1170.12,344.17,102.58000000000015,284.33,1,1,1.0
20,9,1143.6,198.46,394.52,176.64000000000001,1,1,1.0
20,10,1396.6,592.79,148.72000000000003,140.61,1,1,0.0
21,1,234.2,288.2,327.50000000000006,151.7,1,1,1.0
21,2,248.58,461.19,193.61999999999998,104.91000000000003,1,1,1.0
21,3,467.52,418.32,285.38,245.07999999999998,1,1,1.0
21,4,477.01,591.78,217.89,290.52,1,1,1.0
21,5,666.81,337.91,195.3900000000001,318.59,1,1,1.0
21,6,819.23,268.81,253.56999999999994,209.79000000000002,1,1,1.0
21,7,859.8,398.36,259.72,274.93999999999994,1,1,1.0
21,8,1164.97,342.88,107.73000000000002,287.32000000000005,1,1,1.0
21,9,1148.6,199.89,400.3600000000001,173.41000000000003,1,1,1.0
21,10,1394.8,590.64,149.44000000000005,121.25999999999999,1,1,0.0
22,1,232.8,289.6,349.40000000000003,149.39999999999998,1,1,1.0
22,2,244.69,461.18,194.91000000000003,106.32,1,1,1.0
22,3,465.4,416.5,284.9,238.0,1,1,1.0
22,4,479.59,592.49,211.31,293.80999999999995,1,1,1.0
22,5,665.78,348.04,203.12,305.56,1,1,1.0
22,6,819.94,273.83,258.26,207.67000000000002,1,1,1.0
22,7,860.7,399.65,246.07999999999993,254.95000000000005,1,1,1.0
22,8,1164.54,345.03,109.05999999999995,275.27,1,1,1.0
22,9,1149.3,198.46,385.29999999999995,175.93999999999997,1,1,1.0
22,10,1407.4,604.61,136.83999999999992,119.09000000000003,1,1,0.0
23,1,235.8,291.1,342.52000000000004,153.29999999999995,1,1,1.0
23,2,245.9,459.99,195.29999999999998,109.00999999999999,1,1,1.0
23,3,470.38,412.46,256.12,261.34,1,1,1.0
23,4,481.39,592.49,188.21000000000004,292.11,1,1,1.0
23,5,669.64,373.33,179.46000000000004,276.67,1,1,1.0
23,6,823.5,268.8,252.0,226.32999999999998,1,1,1.0
23,7,890.6,400.51,198.70999999999992,276.19000000000005,1,1,1.0
23,8,1131.1,347.0,186.0,236.29999999999995,1,1,1.0
23,9,1149.7,199.53,403.03,174.86999999999998,1,1,1.0
23,10,1453.2,602.95,91.39999999999986,109.84999999999991,1,1,0.0
24,1,237.9,289.6,330.30000000000007,140.59999999999997,1,1,1.0
24,2,249.2,452.99,188.40000000000003,113.30999999999995,1,1,1.0
24,3,493.48,391.08,212.51999999999998,301.62000000000006,1,1,1.0
24,4,481.82,592.06,178.18,288.44000000000005,1,1,1.0
24,5,665.28,367.8,183.32000000000005,276.40000000000003,1,1,1.0
24,6,824.96,273.11,262.24,224.19,1,1,1.0
24,7,889.7,408.23,202.19000000000005,304.97,1,1,1.0
24,8,1078.05,353.82,259.75,214.28000000000003,1,1,1.0
24,9,1149.3,199.89,404.1500000000001,172.41000000000003,1,1,1.0
24,10,1451.4,601.52,93.19999999999982,110.58000000000004,1,1,0.0
25,1,235.5,288.4,312.20000000000005,136.20000000000005,1,1,1.0
25,2,245.29,447.29,195.60999999999999,118.10999999999996,1,1,1.0
25,3,500.34,394.87,212.76000000000005,277.42999999999995,1,1,1.0
25,4,481.39,590.34,178.61,283.9599999999999,1,1,1.0
25,5,673.76,367.8,169.74,265.40000000000003,1,1,1.0
25,6,827.47,272.13,248.52999999999997,219.07,1,1,1.0
25,7,885.9,473.1,140.89999999999998,193.0,1,1,1.0
25,8,1061.82,288.82,183.27999999999997,349.58,1,1,1.0
25,9,1145.4,198.82,408.77,175.57999999999998,1,1,1.0
25,10,1448.9,600.8,96.05999999999995,111.30000000000007,1,1,0.0
26,1,336.2,289.6,203.7,119.29999999999995,1,1,1.0
26,2,225.89,407.49,183.61,146.80999999999995,1,1,1.0
26,3,506.08,388.43,204.12000000000006,278.57,1,1,1.0
26,4,485.26,581.77,163.53999999999996,312.13,1,1,1.0
26,5,671.19,367.28,174.30999999999995,270.02,1,1,1.0
26,6,822.45,273.56,252.14999999999986,200.74,1,1,1.0
26,7,931.33,458.68,228.76999999999987,188.82,1,1,1.0
26,8,1066.12,316.71,169.7800000000002,299.89000000000004,1,1,1.0
26,9,1144.6,199.53,412.7900000000002,175.27,1,1,1.0
26,10,1450.7,602.23,93.89999999999986,119.16999999999996,1,1,0.0
27,1,334.4,291.1,215.30000000000007,116.59999999999997,1,1,1.0
27,2,225.29,414.96,197.60999999999999,171.04000000000002,1,1,1.0
27,3,511.42,382.49,196.78000000000003,265.71000000000004,1,1,1.0
27,4,475.99,576.82,204.11,297.0799999999999,1,1,1.0
27,5,664.5,364.7,178.39999999999998,277.3,1,1,1.0
27,6,823.88,275.71,248.2199999999999,212.29000000000002,1,1,1.0
27,7,1038.91,382.71,250.78999999999996,300.19,1,1,1.0
27,8,1057.53,332.94,197.76999999999998,264.56,1,1,1.0
27,9,1146.8,197.74,398.04999999999995,176.36,1,1,1.0
27,10,1447.8,603.31,96.79999999999995,120.59000000000003,1,1,0.0
28,1,342.8,292.29,209.20999999999998,112.10999999999996,1,1,1.0
28,2,283.77,430.99,173.03000000000003,178.30999999999995,1,1,1.0
28,3,518.94,380.01,189.26,267.28999999999996,1,1,1.0
28,4,462.47,593.55,227.63,269.35,1,1,1.0
28,5,659.74,367.8,184.86,276.40000000000003,1,1,1.0
28,6,824.6,280.01,252.89999999999998,206.19,1,1,1.0
28,7,1101.62,462.68,244.18000000000006,278.21999999999997,1,1,1.0
28,8,1007.04,382.15,272.96000000000004,212.55000000000007,1,1,1.0
28,9,1151.8,198.46,369.8800000000001,172.73999999999998,1,1,1.0
28,10,1438.8,602.95,105.79999999999995,104.44999999999993,1,1,0.0
29,1,337.4,289.9,227.89999999999998,114.20000000000005,1,1,1.0
29,2,282.28,438.16,169.22000000000003,171.44,1,1,1.0
29,3,511.78,381.64,206.01999999999998,261.96000000000004,1,1,1.0
29,4,459.03,595.27,240.07000000000005,259.03,1,1,1.0
29,5,648.68,369.86,194.42000000000007,277.93999999999994,1,1,1.0
29,6,823.88,273.56,268.41999999999996,212.94,1,1,1.0
29,7,1133.22,519.12,302.5799999999999,234.67999999999995,1,1,1.0
29,8,837.72,453.37,339.48,118.63,1,1,1.0
29,9,1154.7,198.46,370.21000000000004,171.34,1,1,1.0
29,10,1463.2,609.76,81.75999999999999,91.53999999999996,1,1,0.0
30,1,336.8,294.68,228.2,107.62,1,1,1.0
30,2,282.28,436.69,173.92000000000002,171.41000000000003,1,1,1.0
30,3,503.83,390.64,234.27000000000004,253.06000000000006,1,1,1.0
30,4,460.32,592.26,209.18,272.74,1,1,1.0
30,5,660.53,367.28,180.97000000000003,275.82000000000005,1,1,1.0
30,6,824.24,277.5,251.8599999999999,208.3,1,1,1.0
30,7,1208.25,570.25,275.04999999999995,254.35000000000002,1,1,1.0
30,8,657.8,538.13,331.81000000000006,162.57000000000005,1,1,1.0
30,9,1155.0,200.97,369.54999999999995,170.92999999999998,1,1,1.0
30,10,1475.0,605.82,69.59999999999991,83.27999999999997,1,1,0.0
31,1,343.37,297.37,233.83000000000004,107.93,1,1,1.0
31,2,281.98,444.38,175.51999999999998,159.22000000000003,1,1,1.0
31,3,507.42,383.83,223.57999999999998,258.67,1,1,1.0
31,4,461.61,595.7,245.49,289.5999999999999,1,1,1.0
31,5,689.68,348.16,159.92000000000007,304.44,1,1,1.0
31,6,827.11,273.2,256.18999999999994,211.90000000000003,1,1,1.0
31,7,1295.38,540.23,209.1199999999999,338.77,1,1,1.0
31,8,478.5,562.02,280.4,150.88,1,1,1.0
31,9,1151.5,199.89,376.6700000000001,172.41000000000003,1,1,1.0
31,10,1473.6,611.19,70.6400000000001,79.70999999999992,1,1,0.0
32,1,336.5,309.19,258.5,104.70999999999998,1,1,1.0
32,2,280.49,439.0,173.70999999999998,164.60000000000002,1,1,1.0
32,3,502.04,395.99,210.85999999999996,246.11,1,1,1.0
32,4,452.57,607.97,243.03000000000003,270.3299999999999,1,1,1.0
32,5,675.68,392.6,196.92000000000007,214.84000000000003,1,1,1.0
32,6,826.75,274.63,263.3499999999999,212.97000000000003,1,1,1.0
32,7,1344.14,556.48,154.26,346.52,1,1,1.0
32,8,387.65,461.38,178.75,229.62,1,1,1.0
32,9,1151.8,201.68,372.03999999999996,169.82,1,1,1.0
32,10,1454.6,617.28,90.0,101.82000000000005,1,1,0.0
33,1,338.9,285.5,276.9,106.5,1,1,1.0
33,2,279.89,421.0,171.61,184.70000000000005,1,1,1.0
33,3,500.33,391.77,219.87000000000006,271.23,1,1,1.0
33,4,459.77,603.04,209.73000000000002,275.46000000000004,1,1,1.0
33,5,655.4,400.9,205.5,204.99,1,1,1.0
33,6,814.25,271.68,297.6500000000001,192.62,1,1,1.0
33,7,1338.72,555.02,158.57999999999993,326.98,1,1,1.0
33,8,367.4,445.6,204.20000000000005,224.69999999999993,1,1,1.0
33,9,1153.6,200.25,370.96000000000004,173.45,1,1,1.0
33,10,1474.6,567.07,71.79000000000019,150.92999999999995,1,1,0.0
34,1,345.16,283.69,294.23999999999995,106.20999999999998,1,1,1.0
34,2,281.38,442.59,170.42000000000002,164.61000000000007,1,1,1.0
34,3,500.68,387.11,256.11999999999995,285.18999999999994,1,1,1.0
34,4,461.06,596.7,208.73999999999995,281.5999999999999,1,1,1.0
34,5,654.36,402.5,206.03999999999996,210.10000000000002,1,1,1.0
34,6,818.55,287.95,286.25,175.25,1,1,1.0
34,7,1342.85,576.25,151.25,293.04999999999995,1,1,1.0
34,8,337.78,447.1,243.32000000000005,215.10000000000002,1,1,1.0
34,9,1147.9,201.33,393.31999999999994,170.17,1,1,1.0
34,10,1510.2,475.13,37.76999999999998,259.27,1,1,0.0
35,1,346.65,277.39,319.25,108.61000000000001,1,1,1.0
35,2,282.88,454.19,172.92000000000002,154.41000000000003,1,1,1.0
35,3,486.51,397.43,297.89,247.27000000000004,1,1,1.0
35,4,464.07,592.4,195.03000000000003,289.20000000000005,1,1,1.0
35,5,658.5,405.07,197.79999999999995,204.93,1,1,1.0
35,6,821.06,291.18,285.1400000000001,173.82,1,1,1.0
35,7,1355.75,566.96,142.45000000000005,327.8399999999999,1,1,1.0
35,8,355.09,411.11,224.70999999999998,255.78999999999996,1,1,1.0
35,9,1139.1,202.76,434.4200000000001,169.54000000000002,1,1,1.0
35,10,1519.0,472.98,28.680000000000064,260.52,1,1,0.0
36,1,350.2,271.42,272.50000000000006,121.47999999999996,1,1,1.0
36,2,253.68,461.98,201.21999999999997,151.41999999999996,1,1,1.0
36,3,489.52,394.85,269.48,262.04999999999995,1,1,1.0
36,4,461.92,596.7,217.87999999999994,284.0999999999999,1,1,1.0
36,5,630.7,386.71,230.25,228.69,1,1,1.0
36,6,823.4,292.93,263.69999999999993,178.87,1,1,1.0
36,7,1371.05,543.38,133.1500000000001,332.02,1,1,1.0
36,8,289.53,365.78,151.37,148.01999999999998,1,1,0.0
36,9,1144.1,193.53,423.33000000000015,173.67,1,1,1.0
36,10,1517.3,477.1,30.100000000000136,260.0,1,1,0.0
37,1,354.6,251.79,255.63,146.81000000000003,1,1,1.0
37,2,230.48,474.6,184.22,111.69999999999993,1,1,1.0
37,3,483.07,397.0,255.93,271.4,1,1,1.0
37,4,459.77,597.13,252.83000000000004,286.16999999999996,1,1,1.0
37,5,658.9,355.11,197.68000000000006,270.89,1,1,1.0
37,6,829.85,293.65,242.94999999999993,188.65000000000003,1,1,1.0
37,7,1314.8,476.7,151.4000000000001,302.09999999999997,1,1,1.0
37,8,267.3,256.5,118.59999999999997,239.89999999999998,1,1,0.0
37,9,1149.1,196.4,406.51,173.70000000000002,1,1,1.0
37,10,1501.54,490.82,45.210000000000036,212.97999999999996,1,1,0.0
38,1,351.3,287.4,275.3,108.5,1,1,1.0
38,2,222.99,468.99,189.01,108.90999999999997,1,1,1.0
38,3,486.08,391.84,216.21999999999997,276.76000000000005,1,1,1.0
38,4,459.77,596.7,250.43000000000006,281.0999999999999,1,1,1.0
38,5,642.8,383.96,234.82000000000005,240.83999999999997,1,1,1.0
38,6,821.96,290.78,245.03999999999996,191.52000000000004,1,1,1.0
38,7,1230.1,528.8,287.82000000000016,218.60000000000002,1,1,1.0
38,8,240.2,253.6,148.2,243.79999999999998,1,1,0.0
38,9,1147.3,193.52,409.58000000000015,175.87999999999997,1,1,1.0
38,10,1492.6,520.27,53.440000000000055,188.73000000000002,1,1,0.0
39,1,359.1,289.38,267.52,108.01999999999998,1,1,1.0
39,2,207.78,458.73,193.32000000000002,107.06999999999994,1,1,1.0
39,3,488.23,392.27,203.16999999999996,266.73,1,1,1.0
39,4,459.34,595.84,222.45999999999998,263.4599999999999,1,1,1.0
39,5,638.2,379.86,255.74,236.43999999999994,1,1,1.0
39,6,825.19,290.07,238.6099999999999,199.73000000000002,1,1,1.0
39,7,1124.75,561.48,362.3499999999999,137.22000000000003,1,1,1.0
39,8,240.2,258.4,141.7,239.0,1,1,0.0
39,9,1148.8,195.67,420.4000000000001,177.33,1,1,1.0
39,10,1503.7,528.9,43.409999999999854,143.5,1,1,0.0
40,1,354.0,289.98,254.42999999999995,111.32,1,1,1.0
40,2,213.19,455.19,186.51,115.81,1,1,1.0
40,3,489.95,393.56,215.95,258.23999999999995,1,1,1.0
40,4,459.77,594.12,221.63,266.48,1,1,1.0
40,5,617.1,372.01,270.4,240.09000000000003,1,1,1.0
40,6,825.19,289.35,237.01,201.84999999999997,1,1,1.0
40,7,1116.35,477.19,303.0500000000002,210.81,1,1,1.0
40,8,266.1,311.38,123.15999999999997,184.42000000000002,1,1,0.0
40,9,1148.8,196.03,400.9000000000001,180.86999999999998,1,1,1.0
40,10,1477.8,513.1,67.51999999999998,131.79999999999995,1,1,0.0
41,1,326.2,255.2,290.51000000000005,144.90000000000003,1,1,1.0
41,2,167.01,432.86,196.89,146.03999999999996,1,1,1.0
41,3,491.67,395.28,188.03000000000003,256.52,1,1,1.0
41,4,456.95,592.75,214.34999999999997,269.15,1,1,1.0
41,5,632.9,335.18,218.54000000000008,297.82,1,1,1.0
41,6,825.9,290.78,237.0000000000001,201.82000000000005,1,1,1.0
41,7,1130.02,429.72,233.48000000000002,255.48000000000002,1,1,1.0
41,8,280.07,264.6,106.73000000000002,247.0,1,1,0.0
41,9,1149.5,187.43,404.70000000000005,208.37,1,1,1.0
41,10,1511.0,503.8,36.1099999999999,77.30000000000001,1,1,0.0
42,1,333.7,252.19,271.12000000000006,149.61,1,1,1.0
42,2,228.63,448.27,146.76999999999998,217.33000000000004,1,1,1.0
42,3,497.75,394.85,185.45000000000005,255.64999999999998,1,1,1.0
42,4,451.79,595.33,220.91000000000003,267.77,1,1,1.0
42,5,633.4,383.33,239.35000000000002,243.87000000000006,1,1,1.0
42,6,824.11,295.08,246.68999999999994,199.32,1,1,1.0
42,7,1130.44,417.05,214.46000000000004,286.24999999999994,1,1,1.0
42,8,264.3,252.0,127.19999999999999,259.0,1,1,0.0
42,9,1150.6,192.81,406.09000000000015,198.69,1,1,1.0
42,10,1512.2,526.33,34.25,73.11000000000001,1,1,0.0
43,1,325.9,245.9,279.5,156.20000000000002,1,1,1.0
43,2,236.2,479.5,149.7,172.60000000000002,1,1,1.0
43,3,505.47,396.57,179.82999999999993,250.93,1,1,1.0
43,4,453.08,594.47,213.42000000000002,268.23,1,1,1.0
43,5,639.1,381.26,240.36,247.53999999999996,1,1,1.0
43,6,829.02,294.23,263.68000000000006,174.66999999999996,1,1,1.0
43,7,1129.58,413.9,216.22000000000003,284.30000000000007,1,1,1.0
43,8,255.8,253.78,132.81,255.22,1,1,0.0
43,9,1150.6,190.3,412.93000000000006,186.39999999999998,1,1,1.0
43,10,1513.4,548.86,32.38999999999987,68.92999999999995,1,1,0.0
44,1,337.18,242.18,264.11999999999995,161.71999999999997,1,1,1.0
44,2,237.1,462.6,148.50000000000003,194.19999999999993,1,1,1.0
44,3,510.82,384.56,171.47999999999996,258.64000000000004,1,1,1.0
44,4,446.27,616.01,248.73000000000002,243.49,1,1,1.0
44,5,634.5,377.93,247.86,249.77000000000004,1,1,1.0
44,6,813.3,283.03,311.70000000000005,174.17000000000002,1,1,1.0
44,7,1126.2,397.89,217.0,288.81000000000006,1,1,1.0
44,8,266.5,314.3,124.30000000000001,197.09999999999997,1,1,0.0
44,9,1147.7,190.3,423.89999999999986,179.3,1,1,1.0
44,10,1514.6,571.39,30.5300000000002,64.74000000000001,1,1,0.0
45,1,341.06,238.0,255.94,168.0,1,1,1.0
45,2,237.98,441.2,146.72,217.40000000000003,1,1,1.0
45,3,516.41,384.99,169.69000000000005,260.40999999999997,1,1,1.0
45,4,433.49,652.29,305.61,204.61,1,1,1.0
45,5,642.0,393.58,238.80999999999995,221.92000000000002,1,1,1.0
45,6,798.9,280.3,321.1,203.3,1,1,1.0
45,7,1124.71,372.29,193.08999999999992,306.31,1,1,1.0
45,8,233.9,231.6,158.29999999999998,260.0,1,1,0.0
45,9,1145.9,190.3,430.5999999999999,177.09999999999997,1,1,1.0
45,10,1515.8,593.91,28.680000000000064,60.56000000000006,1,1,0.0
46,1,345.89,233.8,247.51,172.8,1,1,1.0
46,2,240.1,462.8,136.4,209.49999999999994,1,1,1.0
46,3,510.8,382.4,170.2,272.0,1,1,1.0
46,4,478.9,716.06,314.1700000000001,139.6400000000001,1,1,1.0
46,5,641.0,395.13,227.84000000000003,227.07000000000005,1,1,1.0
46,6,790.59,297.33,337.2099999999999,177.07,1,1,1.0
46,7,1120.26,363.92,188.53999999999996,315.18,1,1,1.0
46,8,218.7,246.7,171.69,232.40000000000003,1,1,0.0
46,9,1147.69,194.6,431.71000000000004,175.70000000000002,1,1,1.0
46,10,1517.0,616.44,26.819999999999936,56.36999999999989,1,1,0.0
47,1,337.0,232.3,302.20000000000005,165.3,1,1,1.0
47,2,237.98,482.59,146.62000000000003,189.61000000000007,1,1,1.0
47,3,478.27,399.02,211.83000000000004,277.98,1,1,1.0
47,4,507.7,686.89,268.09,197.11,1,1,1.0
47,5,635.9,391.52,250.15999999999997,214.77999999999997,1,1,1.0
47,6,821.05,299.83,313.45000000000005,163.37,1,1,1.0
47,7,1119.4,375.53,187.69999999999982,305.6700000000001,1,1,1.0
47,8,220.4,256.2,168.9,228.90000000000003,1,1,0.0
47,9,1150.92,191.38,404.0799999999999,180.32,1,1,1.0
47,10,1518.2,638.97,24.960000000000036,52.18999999999994,1,1,0.0
48,1,327.2,229.3,331.2,166.3,1,1,1.0
48,2,229.67,488.26,166.33,167.24,1,1,1.0
48,3,482.57,399.88,211.43,286.22,1,1,1.0
48,4,509.4,698.69,266.86,178.01,1,1,1.0
48,5,634.3,390.0,252.80000000000007,220.39999999999998,1,1,1.0
48,6,820.33,298.04,311.26999999999987,163.35999999999996,1,1,1.0
48,7,1118.97,341.12,191.12999999999988,329.78,1,1,1.0
48,8,259.4,264.19,132.79000000000002,254.31,1,1,0.0
48,9,1153.42,190.3,385.3799999999999,178.89999999999998,1,1,1.0
48,10,1519.4,661.5,23.09999999999991,48.0,1,1,0.0
49,1,328.99,232.29,317.21000000000004,167.21,1,1,1.0
49,2,192.59,484.57,190.51000000000002,172.53000000000003,1,1,1.0
49,3,494.87,388.64,191.23000000000002,317.36,1,1,1.0
49,4,506.9,700.84,268.93000000000006,164.15999999999997,1,1,1.0
49,5,631.5,384.32,250.42999999999995,234.68,1,1,1.0
49,6,820.33,297.33,308.07000000000005,165.47000000000003,1,1,1.0
49,7,1111.76,341.98,159.53999999999996,302.02,1,1,1.0
49,8,231.2,267.0,166.7,234.2,1,1,0.0
49,9,1152.71,192.45,380.0899999999999,179.65000000000003,1,1,1.0
49,10,1526.0,592.97,18.13000000000011,43.75999999999999,1,1,0.0
50,1,328.99,236.17,347.01,164.73,1,1,1.0
50,2,175.59,446.59,161.80999999999997,156.91000000000003,1,1,1.0
50,3,480.84,396.36,193.16000000000003,343.74,1,1,1.0
50,4,496.0,702.99,293.08000000000004,148.71000000000004,1,1,1.0
50,5,634.1,391.54,245.65999999999997,237.35999999999996,1,1,1.0
50,6,822.13,297.68,303.07000000000005,166.51999999999998,1,1,1.0
50,7,1104.9,325.15,131.0,305.75,1,1,1.0
50,8,218.4,266.6,175.9,243.39999999999998,1,1,0.0
50,9,1148.41,193.17,381.0899999999999,178.23,1,1,1.0
50,10,1532.6,524.43,13.170000000000073,39.54000000000008,1,1,0.0
51,1,327.5,265.89,321.20000000000005,147.41000000000003,1,1,1.0
51,2,222.58,520.29,168.72,139.31000000000006,1,1,1.0
51,3,480.84,395.5,197.76000000000005,364.9,1,1,1.0
51,4,494.7,701.7,285.40000000000003,142.19999999999993,1,1,1.0
51,5,633.6,395.65,239.07999999999993,228.64999999999998,1,1,1.0
51,6,820.69,293.38,302.30999999999995,166.51999999999998,1,1,1.0
51,7,1102.17,277.22,160.32999999999993,324.88,1,1,1.0
51,8,207.9,340.5,187.70000000000002,153.8,1,1,0.0
51,9,1148.05,193.52,381.85000000000014,177.48,1,1,1.0
51,10,1539.2,455.9,8.200000000000045,35.30000000000001,1,1,0.0
52,1,323.09,252.29,313.81,163.41,1,1,1.0
52,2,231.83,522.44,160.77,136.55999999999995,1,1,1.0
52,3,485.14,396.36,189.15999999999997,325.74,1,1,1.0
52,4,502.4,697.4,268.84000000000003,143.10000000000002,1,1,1.0
52,5,637.7,389.08,224.7199999999999,240.82,1,1,1.0
52,6,822.12,293.38,302.38,170.12,1,1,1.0
52,7,1054.39,311.56,220.40999999999985,267.54,1,1,1.0
52,8,223.9,335.4,177.4,154.40000000000003,1,1,0.0
52,9,1147.69,190.3,380.80999999999995,177.5,1,1,1.0
52,10,1536.1,450.9,11.900000000000091,184.10000000000002,1,1,0.0
53,1,339.4,226.1,323.1,179.00000000000003,1,1,1.0
53,2,230.93,501.19,166.76999999999998,165.10999999999996,1,1,1.0
53,3,489.01,390.77,175.28999999999996,360.33000000000004,1,1,1.0
53,4,505.5,696.11,268.32000000000005,142.28999999999996,1,1,1.0
53,5,639.2,386.5,221.93999999999994,246.79999999999995,1,1,1.0
53,6,820.34,296.25,299.06000000000006,169.45,1,1,1.0
53,7,1032.65,258.21,240.04999999999995,270.99000000000007,1,1,1.0
53,8,233.6,253.8,169.79999999999998,252.3,1,1,0.0
53,9,1148.41,193.17,387.8899999999999,175.03,1,1,1.0
53,10,1537.2,605.2,7.399999999999864,78.0,1,1,0.0
54,1,334.88,231.99,313.02,171.01,1,1,1.0
54,2,234.81,494.29,162.49,175.41000000000003,1,1,1.0
54,3,489.2,388.91,177.2,290.48999999999995,1,1,1.0
54,4,506.7,697.4,264.96999999999997,142.30000000000007,1,1,1.0
54,5,646.5,386.51,200.89,258.69000000000005,1,1,1.0
54,6,822.49,296.25,295.80999999999995,168.35000000000002,1,1,1.0
54,7,1046.31,339.19,289.3900000000001,210.41000000000003,1,1,1.0
54,8,218.5,242.31,182.8,249.8,1,1,0.0
54,9,1144.11,196.39,417.19000000000005,173.51,1,1,1.0
54,10,1520.9,679.2,18.84999999999991,70.19999999999993,1,1,0.0
55,1,333.7,241.49,321.7,168.11,1,1,1.0
55,2,234.22,495.49,161.58,167.90999999999997,1,1,1.0
55,3,466.01,403.28,231.59000000000003,260.4200000000001,1,1,1.0
55,4,509.8,699.98,261.86999999999995,138.81999999999994,1,1,1.0
55,5,649.1,381.38,195.18999999999994,272.72,1,1,1.0
55,6,822.84,295.89,298.7599999999999,171.61,1,1,1.0
55,7,1098.33,352.15,255.17000000000007,210.55000000000007,1,1,1.0
55,8,215.5,259.5,186.5,225.8,1,1,0.0
55,9,1139.78,201.08,421.72,171.02,1,1,1.0
55,10,1527.1,668.67,15.210000000000036,85.83000000000004,1,1,0.0
56,1,332.29,236.2,308.91,179.40000000000003,1,1,1.0
56,2,214.9,483.89,166.1,169.31000000000006,1,1,1.0
56,3,454.13,414.52,269.66999999999996,257.18000000000006,1,1,1.0
56,4,508.9,703.42,272.23,138.88,1,1,1.0
56,5,655.7,375.7,191.16999999999996,277.90000000000003,1,1,1.0
56,6,824.64,296.61,298.7600000000001,167.99,1,1,1.0
56,7,1092.31,354.66,271.49,201.23999999999995,1,1,1.0
56,8,228.8,246.8,172.5,243.8,1,1,0.0
56,9,1140.1,205.02,419.9200000000001,169.17999999999998,1,1,1.0
56,10,1534.1,628.6,11.5,75.0,1,1,0.0
57,1,354.28,246.39,298.82000000000005,172.71000000000004,1,1,1.0
57,2,181.48,441.79,154.92,173.31,1,1,1.0
57,3,509.41,506.79,307.48999999999995,206.20999999999998,1,1,1.0
57,4,502.9,703.85,323.63,142.04999999999995,1,1,1.0
57,5,659.3,375.7,187.57000000000005,284.00000000000006,1,1,1.0
57,6,821.77,295.53,302.6300000000001,169.47000000000003,1,1,1.0
57,7,1070.42,359.81,299.5799999999999,187.98999999999995,1,1,1.0
57,8,237.17,248.1,170.93000000000004,249.67,1,1,0.0
57,9,1140.5,184.97,408.4200000000001,187.83,1,1,1.0
57,10,1486.4,565.4,59.19999999999982,203.39999999999998,1,1,0.0
58,1,357.18,258.79,315.52000000000004,127.20999999999998,1,1,1.0
58,2,188.08,424.18,167.52,135.61999999999995,1,1,1.0
58,3,497.23,541.9,317.06999999999994,183.35000000000002,1,1,1.0
58,4,495.99,712.25,322.40999999999997,144.14999999999998,1,1,1.0
58,5,651.5,384.99,189.51,264.61,1,1,1.0
58,6,821.05,294.1,298.75,169.79999999999995,1,1,1.0
58,7,1061.04,358.95,302.1600000000001,185.25000000000006,1,1,1.0
58,8,231.93,247.8,169.87,225.14,1,1,0.0
58,9,1141.2,182.46,408.06999999999994,195.73999999999998,1,1,1.0
58,10,1463.4,463.22,84.19999999999982,240.17999999999995,1,1,0.0
59,1,328.59,219.19,296.31,193.51,1,1,1.0
59,2,203.29,446.59,155.41,126.01000000000005,1,1,1.0
59,3,512.8,494.78,292.96000000000004,247.92000000000007,1,1,1.0
59,4,494.93,707.67,323.96999999999997,149.13,1,1,1.0
59,5,627.0,371.73,215.01999999999998,267.47,1,1,1.0
59,6,821.77,295.53,293.3299999999999,167.67000000000002,1,1,1.0
59,7,1069.99,324.4,267.4100000000001,213.80000000000007,1,1,1.0
59,8,214.48,249.2,156.42,205.07999999999998,1,1,0.0
59,9,1141.9,186.76,405.9399999999998,188.54000000000002,1,1,1.0
59,10,1464.7,454.2,82.5,236.7,1,1,0.0
60,1,332.77,217.4,260.33000000000004,189.29999999999998,1,1,1.0
60,2,176.89,434.59,152.91000000000003,106.81,1,1,1.0
60,3,513.3,498.22,289.88,234.88,1,1,1.0
60,4,497.51,707.24,299.19000000000005,168.46000000000004,1,1,1.0
60,5,622.6,387.9,232.37,243.39999999999998,1,1,1.0
60,6,816.04,294.82,298.6600000000001,166.88,1,1,1.0
60,7,1082.52,296.02,234.3800000000001,262.68000000000006,1,1,1.0
60,8,215.2,247.4,160.0,211.20000000000002,1,1,0.0
60,9,1140.5,174.78,418.80999999999995,201.22,1,1,1.0
60,10,1465.56,469.4,79.44000000000005,212.20000000000005,1,1,0.0
61,1,334.26,217.7,284.14,184.0,1,1,1.0
61,2,196.99,432.69,147.11,156.60999999999996,1,1,1.0
61,3,509.4,559.64,287.85,168.15999999999997,1,1,1.0
61,4,500.68,705.52,286.21999999999997,154.68000000000006,1,1,1.0
61,5,620.5,379.02,241.41999999999996,247.08000000000004,1,1,1.0
61,6,814.72,300.55,288.78,177.84999999999997,1,1,1.0
61,7,1056.75,304.16,250.3499999999999,261.44,1,1,1.0
61,8,210.9,243.1,161.49999999999997,214.4,1,1,0.0
61,9,1136.5,175.32,456.1300000000001,203.57999999999998,1,1,1.0
61,10,1464.7,477.46,81.20000000000005,205.83999999999997,1,1,0.0
62,1,352.9,224.0,279.5,201.0,1,1,1.0
62,2,215.08,458.98,136.22,155.51999999999998,1,1,1.0
62,3,506.8,580.3,315.2,132.60000000000002,1,1,1.0
62,4,511.27,705.09,268.33000000000004,156.11,1,1,1.0
62,5,633.4,401.51,224.39,224.28999999999996,1,1,1.0
62,6,817.95,297.68,281.54999999999995,184.92000000000002,1,1,1.0
62,7,1051.18,319.18,261.52,240.42000000000002,1,1,1.0
62,8,209.8,240.95,163.63,223.75,1,1,0.0
62,9,1140.8,178.2,429.4000000000001,199.7,1,1,1.0
62,10,1468.58,476.6,77.72000000000003,208.39999999999998,1,1,0.0
63,1,366.28,239.49,259.9200000000001,227.70999999999998,1,1,1.0
63,2,221.17,463.98,135.53,141.31999999999994,1,1,1.0
63,3,559.9,532.07,360.28,169.52999999999997,1,1,1.0
63,4,516.86,695.66,260.14,168.54000000000008,1,1,1.0
63,5,614.4,404.58,244.82000000000005,209.21999999999997,1,1,1.0
63,6,816.16,296.25,286.64,185.35000000000002,1,1,1.0
63,7,1039.08,263.51,261.22,275.19000000000005,1,1,1.0
63,8,207.7,241.67,200.8,215.53,1,1,0.0
63,9,1138.7,188.9,412.70000000000005,190.4,1,1,1.0
63,10,1497.98,508.12,48.72000000000003,212.67999999999995,1,1,0.0
64,1,405.04,217.13,288.56,238.26999999999998,1,1,1.0
64,2,218.27,454.99,136.62999999999997,157.11,1,1,1.0
64,3,678.0,458.44,296.65,194.76000000000005,1,1,1.0
64,4,517.29,703.4,258.51,137.80000000000007,1,1,1.0
64,5,612.9,402.79,247.47000000000003,194.60999999999996,1,1,1.0
64,6,822.25,294.82,279.45000000000005,184.57999999999998,1,1,1.0
64,7,996.02,235.77,227.8800000000001,254.62999999999997,1,1,1.0
64,8,210.9,236.5,198.29999999999998,219.3,1,1,0.0
64,9,1138.7,199.7,417.70000000000005,179.60000000000002,1,1,1.0
64,10,1497.46,544.33,47.440000000000055,199.26999999999998,1,1,0.0
65,1,414.76,229.3,276.53999999999996,216.7,1,1,1.0
65,2,219.98,457.79,133.72,152.50999999999993,1,1,1.0
65,3,702.1,468.8,352.64,200.8,1,1,1.0
65,4,528.78,699.53,241.82000000000005,157.47000000000003,1,1,1.0
65,5,607.6,402.28,253.79999999999995,197.12,1,1,1.0
65,6,820.46,294.82,275.8399999999999,187.78000000000003,1,1,1.0
65,7,1063.19,302.62,241.90999999999985,212.67999999999995,1,1,1.0
65,8,217.7,236.52,190.78000000000003,219.98,1,1,0.0
65,9,1140.5,170.3,401.0,206.89999999999998,1,1,1.0
65,10,1468.1,550.23,74.70000000000005,187.76999999999998,1,1,0.0
66,1,429.7,245.1,259.40000000000003,214.4,1,1,1.0
66,2,223.78,462.08,133.72,150.02000000000004,1,1,1.0
66,3,718.6,469.45,253.42999999999995,205.65000000000003,1,1,1.0
66,4,522.33,694.87,251.66999999999996,153.13,1,1,1.0
66,5,601.9,405.37,257.95000000000005,202.33000000000004,1,1,1.0
66,6,811.89,276.88,221.31000000000006,280.91999999999996,1,1,1.0
66,7,1163.7,357.13,135.0999999999999,271.27,1,1,1.0
66,8,206.6,235.45,202.6,224.65000000000003,1,1,0.0
66,9,1107.5,70.0,481.79999999999995,517.6,1,1,1.0
66,10,1471.0,543.93,73.09999999999991,192.37,1,1,0.0
67,1,394.15,230.52,270.15,205.08,1,1,1.0
67,2,220.98,459.96,150.52,136.64000000000004,1,1,1.0
67,3,705.8,465.22,257.30000000000007,206.67999999999995,1,1,1.0
67,4,535.67,644.47,251.33000000000004,207.13,1,1,1.0
67,5,597.7,409.05,252.03999999999996,181.05,1,1,1.0
67,6,738.07,240.81,242.02999999999997,236.29000000000002,1,1,1.0
67,7,1139.76,347.8,133.0,301.2,1,1,1.0
67,8,206.5,237.6,202.7,230.29999999999998,1,1,0.0
67,9,1137.81,191.84,470.78999999999996,194.76000000000002,1,1,1.0
67,10,1482.7,723.77,57.26999999999998,143.69000000000005,1,1,0.0
68,1,390.42,222.86,278.37999999999994,211.14,1,1,1.0
68,2,220.68,463.55,155.92000000000002,131.74999999999994,1,1,1.0
68,3,709.0,464.16,255.96000000000004,213.54000000000002,1,1,1.0
68,4,568.56,589.02,210.54000000000008,283.18000000000006,1,1,1.0
68,5,596.2,406.23,254.04999999999995,199.26999999999998,1,1,1.0
68,6,714.35,249.04,264.44999999999993,214.46,1,1,1.0
68,7,1141.8,331.96,134.08000000000015,302.24000000000007,1,1,1.0
68,8,213.7,244.67,194.78000000000003,204.23,1,1,0.0
68,9,1162.85,146.37,435.25,253.43,1,1,1.0
68,10,1482.7,721.26,57.58999999999992,145.84000000000003,1,1,0.0
69,1,394.36,219.14,283.34000000000003,213.76,1,1,1.0
69,2,219.49,464.39,158.31,134.21000000000004,1,1,1.0
69,3,713.3,465.49,311.97,217.11,1,1,1.0
69,4,574.16,579.85,210.14,261.35,1,1,1.0
69,5,594.6,405.71,255.64999999999998,203.39000000000004,1,1,1.0
69,6,717.8,239.75,262.1,221.25,1,1,1.0
69,7,1139.8,310.13,130.41000000000008,332.27,1,1,1.0
69,8,208.7,243.24,197.28000000000003,209.56,1,1,0.0
69,9,1177.25,132.11,391.8499999999999,282.49,1,1,1.0
69,10,1490.9,725.56,48.319999999999936,141.24,1,1,0.0
70,1,416.03,214.64,276.77,215.16000000000003,1,1,1.0
70,2,209.19,446.49,165.31,149.40999999999997,1,1,1.0
70,3,735.8,417.72,292.4200000000001,245.67999999999995,1,1,1.0
70,4,551.32,611.24,235.07999999999993,220.15999999999997,1,1,1.0
70,5,594.6,403.65,257.97,206.45000000000005,1,1,1.0
70,6,718.52,240.47,267.08000000000004,220.23,1,1,1.0
70,7,1138.2,311.68,129.94000000000005,343.42,1,1,1.0
70,8,201.2,239.88,206.93,216.51999999999998,1,1,0.0
70,9,1203.95,134.26,358.75,233.94,1,1,1.0
70,10,1495.6,750.48,42.54000000000019,111.72000000000003,1,1,0.0
71,1,411.89,218.67,302.40999999999997,210.03,1,1,1.0
71,2,153.88,421.59,218.32,188.01000000000005,1,1,1.0
71,3,787.7,363.58,271.6299999999999,265.32,1,1,1.0
71,4,572.51,602.44,212.09000000000003,224.05999999999995,1,1,1.0
71,5,593.6,406.75,259.2099999999999,201.35000000000002,1,1,1.0
71,6,719.23,237.6,267.47,220.50000000000003,1,1,1.0
71,7,1141.8,351.48,130.99,300.02,1,1,1.0
71,8,220.2,239.88,187.93,209.01999999999998,1,1,0.0
71,9,1255.67,140.47,301.42999999999984,234.33,1,1,1.0
71,10,1436.8,744.74,103.1400000000001,127.46000000000004,1,1,0.0
72,1,401.75,224.46,306.85,202.04,1,1,1.0
72,2,124.6,416.3,250.9,165.59999999999997,1,1,1.0
72,3,812.8,371.51,251.4000000000001,255.89,1,1,1.0
72,4,600.46,575.5,182.83999999999992,278.20000000000005,1,1,1.0
72,5,587.9,406.2,276.6,205.50000000000006,1,1,1.0
72,6,726.01,233.81,250.99,226.49,1,1,1.0
72,7,1139.2,351.48,126.87999999999988,299.52,1,1,1.0
72,8,218.0,260.7,191.2,170.60000000000002,1,1,0.0
72,9,1262.52,144.77,293.78,228.33,1,1,1.0
72,10,1399.32,740.99,138.48000000000002,134.30999999999995,1,1,1.0
73,1,416.05,215.88,287.34999999999997,208.22000000000003,1,1,1.0
73,2,122.0,422.6,260.8,157.79999999999995,1,1,1.0
73,3,822.0,370.22,242.20000000000005,267.98,1,1,1.0
73,4,603.78,570.88,175.51999999999998,282.52,1,1,1.0
73,5,595.7,393.4,312.68999999999994,228.10000000000002,1,1,1.0
73,6,726.01,231.66,250.59000000000003,224.34,1,1,1.0
73,7,1138.7,354.06,127.88999999999987,300.04,1,1,1.0
73,8,336.8,299.2,95.19999999999999,140.90000000000003,1,1,0.0
73,9,1269.62,137.46,287.08000000000015,238.23999999999998,1,1,1.0
73,10,1393.44,638.6,138.65999999999985,268.5,1,1,1.0
74,1,423.78,207.37,225.42000000000007,256.73,1,1,1.0
74,2,200.8,416.3,179.8,155.99999999999994,1,1,1.0
74,3,827.7,359.57,238.8599999999999,287.13000000000005,1,1,1.0
74,4,590.99,566.73,199.21000000000004,304.66999999999996,1,1,1.0
74,5,608.5,388.25,276.4,239.35000000000002,1,1,1.0
74,6,729.11,221.43,247.89,234.67000000000002,1,1,1.0
74,7,1138.22,354.06,125.68000000000006,282.34,1,1,1.0
74,8,311.25,312.97,115.14999999999998,183.42999999999995,1,1,1.0
74,9,1262.05,132.57,291.25,235.43,1,1,1.0
74,10,1413.19,563.85,124.21000000000004,289.75,1,1,1.0
75,1,414.89,223.9,272.51,260.6,1,1,1.0
75,2,190.9,415.3,133.1,145.90000000000003,1,1,1.0
75,3,822.4,367.44,260.82000000000005,272.46,1,1,1.0
75,4,592.87,552.31,200.73000000000002,328.09000000000003,1,1,1.0
75,5,620.7,392.38,243.78999999999996,245.72000000000003,1,1,1.0
75,6,726.97,232.9,256.73,218.6,1,1,1.0
75,7,1131.41,311.15,126.78999999999996,335.05000000000007,1,1,1.0
75,8,317.95,331.03,147.95,181.17000000000007,1,1,1.0
75,9,1252.16,134.29,300.24,234.51000000000002,1,1,1.0
75,10,1388.4,534.48,157.15999999999985,297.12,1,1,1.0
76,1,412.38,223.54,258.91999999999996,263.96000000000004,1,1,1.0
76,2,193.6,420.7,127.29999999999998,117.40000000000003,1,1,0.0
76,3,823.2,362.71,256.5799999999999,277.19,1,1,1.0
76,4,585.76,549.65,214.24,325.65,1,1,1.0
76,5,628.1,392.38,242.81999999999994,249.62,1,1,1.0
76,6,724.11,235.48,262.09000000000003,213.12000000000003,1,1,1.0
76,7,1125.25,348.91,124.95000000000005,288.48999999999995,1,1,1.0
76,8,328.34,345.35,138.96000000000004,172.04999999999995,1,1,1.0
76,9,1266.78,133.0,286.1200000000001,235.0,1,1,1.0
76,10,1383.7,549.96,161.8599999999999,279.93999999999994,1,1,1.0
77,1,422.9,209.1,215.70000000000005,292.4,1,1,1.0
77,2,196.6,412.5,141.6,141.10000000000002,1,1,0.0
77,3,822.8,361.85,255.69000000000005,277.15,1,1,1.0
77,4,591.35,547.5,203.04999999999995,335.6,1,1,1.0
77,5,617.6,395.99,245.05999999999995,246.51,1,1,1.0
77,6,725.54,239.07,262.36,212.73000000000002,1,1,1.0
77,7,1131.44,316.13,123.25999999999999,338.77,1,1,1.0
77,8,336.22,381.73,144.97999999999996,223.16999999999996,1,1,1.0
77,9,1262.05,132.14,287.35000000000014,237.56,1,1,1.0
77,10,1380.2,533.9,164.79999999999995,322.0,1,1,1.0
78,1,419.46,219.04,214.04000000000002,277.15999999999997,1,1,1.0
78,2,221.9,411.1,113.20000000000002,219.39999999999998,1,1,1.0
78,3,824.5,364.0,257.8599999999999,276.29999999999995,1,1,1.0
78,4,589.2,545.35,188.19999999999993,340.04999999999995,1,1,1.0
78,5,615.5,392.38,248.60000000000002,247.01999999999998,1,1,1.0
78,6,724.11,238.35,264.59000000000003,209.54999999999998,1,1,1.0
78,7,1126.79,307.26,128.41000000000008,359.53999999999996,1,1,1.0
78,8,383.49,372.62,161.51,277.78,1,1,1.0
78,9,1259.04,130.42,288.05999999999995,239.68000000000004,1,1,1.0
78,10,1377.8,522.72,169.36000000000013,327.17999999999995,1,1,1.0
79,1,404.6,219.8,210.92999999999995,283.03999999999996,1,1,1.0
79,2,223.9,414.2,112.99999999999997,211.00000000000006,1,1,1.0
79,3,824.5,358.0,257.9000000000001,285.29999999999995,1,1,1.0
79,4,606.6,546.64,168.69999999999993,362.06000000000006,1,1,1.0
79,5,618.1,395.47,240.32999999999993,241.82999999999993,1,1,1.0
79,6,725.18,237.99,264.22,207.81,1,1,1.0
79,7,1114.09,300.83,118.91000000000008,343.96999999999997,1,1,1.0
79,8,284.8,502.37,217.02999999999997,244.92999999999995,1,1,1.0
79,9,1237.69,65.63,334.90999999999985,363.17,1,1,1.0
79,10,1416.6,508.16,131.20000000000005,269.68,1,1,1.0
80,1,438.7,227.97,170.8,348.23,1,1,1.0
80,2,223.29,409.7,116.21000000000001,210.40000000000003,1,1,1.0
80,3,824.5,358.86,257.8599999999999,284.43999999999994,1,1,1.0
80,4,622.0,538.16,159.39999999999998,343.94000000000005,1,1,1.0
80,5,619.7,392.89,240.26999999999998,247.01,1,1,1.0
80,6,726.98,238.71,264.52,210.98999999999998,1,1,1.0
80,7,1114.61,282.35,120.09000000000015,339.75,1,1,1.0
80,8,208.0,605.6,211.7,183.60000000000002,1,1,1.0
80,9,1223.33,107.06,366.8700000000001,303.84,1,1,1.0
80,10,1440.9,512.89,106.42999999999984,233.11,1,1,0.0
81,1,455.4,255.9,150.39999999999998,361.6,1,1,1.0
81,2,221.2,416.0,124.60000000000002,209.20000000000005,1,1,1.0
81,3,821.5,367.89,264.29999999999995,273.71000000000004,1,1,1.0
81,4,620.28,540.31,160.92000000000007,351.59000000000003,1,1,1.0
81,5,618.1,394.44,241.36,247.06,1,1,1.0
81,6,725.18,240.86,274.82000000000005,201.03999999999996,1,1,1.0
81,7,1114.73,275.41,125.06999999999994,343.09,1,1,1.0
81,8,147.3,704.1,260.3,114.97000000000003,1,1,1.0
81,9,1200.87,107.59,422.43000000000006,294.90999999999997,1,1,1.0
81,10,1434.3,509.9,110.5,214.20000000000005,1,1,0.0
82,1,426.9,284.2,134.70000000000005,358.7,1,1,1.0
82,2,217.89,417.77,133.31,195.52999999999997,1,1,1.0
82,3,821.1,365.74,261.68999999999994,275.86,1,1,1.0
82,4,599.7,566.12,177.94999999999993,329.9,1,1,1.0
82,5,619.7,390.31,246.4699999999999,249.58999999999997,1,1,1.0
82,6,727.69,240.14,273.7099999999999,201.76,1,1,1.0
82,7,1113.18,291.84,126.91999999999985,335.16,1,1,1.0
82,8,118.0,686.9,299.6,116.20000000000005,1,1,1.0
82,9,1188.51,122.34,440.0899999999999,269.36,1,1,1.0
82,10,1453.5,492.2,93.0,124.69999999999999,1,1,0.0
83,1,410.1,270.8,140.10000000000002,359.59999999999997,1,1,1.0
83,2,215.5,413.88,140.7,173.82000000000005,1,1,1.0
83,3,820.6,360.15,260.0400000000001,281.05000000000007,1,1,1.0
83,4,521.9,643.3,270.6,255.30000000000007,1,1,1.0
83,5,624.8,393.41,237.76,245.48999999999995,1,1,1.0
83,6,725.9,238.35,272.6,207.04999999999998,1,1,1.0
83,7,1069.14,297.76,171.65999999999985,346.74,1,1,1.0
83,8,140.29,698.23,275.51,112.66999999999996,1,1,1.0
83,9,1197.8,110.48,427.70000000000005,281.21999999999997,1,1,1.0
83,10,1469.0,472.72,79.53999999999996,167.27999999999997,1,1,0.0
84,1,387.5,279.1,159.70000000000005,351.29999999999995,1,1,1.0
84,2,218.19,418.66,127.20999999999998,151.54000000000002,1,1,1.0
84,3,821.9,366.17,260.89,274.12999999999994,1,1,1.0
84,4,477.5,701.6,283.1,194.39999999999998,1,1,1.0
84,5,624.3,392.89,238.26,246.01,1,1,1.0
84,6,725.54,238.35,274.76,207.04999999999998,1,1,1.0
84,7,1024.96,272.2,242.74,268.90000000000003,1,1,1.0
84,8,148.53,697.87,269.07000000000005,113.73000000000002,1,1,1.0
84,9,1210.46,93.82,379.74,298.18,1,1,1.0
84,10,1475.0,465.84,71.79999999999995,173.36000000000007,1,1,0.0
85,1,424.91,312.21,129.19,357.09,1,1,1.0
85,2,208.19,406.68,123.91000000000003,145.02000000000004,1,1,1.0
85,3,819.4,360.15,262.5300000000001,279.75,1,1,1.0
85,4,477.5,724.58,306.63,159.2199999999999,1,1,1.0
85,5,622.8,394.44,239.24,245.95999999999998,1,1,1.0
85,6,727.34,231.9,270.05999999999995,211.70000000000002,1,1,1.0
85,7,1030.63,266.93,212.3699999999999,281.17,1,1,1.0
85,8,143.15,700.02,280.54999999999995,112.27999999999997,1,1,1.0
85,9,1194.43,117.84,402.8699999999999,264.86,1,1,1.0
85,10,1466.4,466.27,80.40999999999985,219.23000000000002,1,1,0.0
86,1,396.1,355.8,177.79999999999995,324.09999999999997,1,1,1.0
86,2,206.1,402.5,132.20000000000002,154.29999999999995,1,1,1.0
86,3,818.5,361.01,260.4200000000001,277.99,1,1,1.0
86,4,502.6,694.39,271.91999999999996,207.71000000000004,1,1,1.0
86,5,619.7,393.41,242.33999999999992,248.58999999999997,1,1,1.0
86,6,728.05,232.6,270.45000000000005,215.70000000000002,1,1,1.0
86,7,1021.63,264.75,232.66999999999996,261.45000000000005,1,1,1.0
86,8,149.6,698.23,273.0,114.16999999999996,1,1,1.0
86,9,1201.24,105.4,368.6600000000001,276.29999999999995,1,1,1.0
86,10,1475.0,464.55,73.09999999999991,239.84999999999997,1,1,0.0
87,1,370.9,352.66,178.30000000000007,310.13999999999993,1,1,1.0
87,2,203.68,415.04,131.42000000000002,138.16000000000003,1,1,1.0
87,3,821.1,366.6,259.9699999999999,269.79999999999995,1,1,1.0
87,4,502.8,685.35,275.79,215.14999999999998,1,1,1.0
87,5,617.6,390.83,248.04999999999995,250.67000000000002,1,1,1.0
87,6,728.41,236.92,266.19000000000005,213.28,1,1,1.0
87,7,1032.18,260.36,215.91999999999985,283.34000000000003,1,1,1.0
87,8,149.2,698.23,273.8,113.06999999999994,1,1,1.0
87,9,1193.52,113.76,375.48,265.84000000000003,1,1,1.0
87,10,1497.4,465.84,49.83999999999992,207.95999999999998,1,1,0.0
88,1,309.28,362.46,240.20000000000005,300.94,1,1,1.0
88,2,196.07,405.79,142.53000000000003,151.91000000000003,1,1,1.0
88,3,821.9,384.68,257.88,254.32,1,1,1.0
88,4,495.6,693.29,286.98,210.81000000000006,1,1,1.0
88,5,617.1,386.7,246.49,255.3,1,1,1.0
88,6,728.77,230.12,264.43000000000006,219.38,1,1,1.0
88,7,1030.36,272.84,214.1400000000001,270.36000000000007,1,1,1.0
88,8,136.3,696.1,285.59999999999997,113.0,1,1,1.0
88,9,1196.1,118.4,373.4000000000001,264.79999999999995,1,1,1.0
88,10,1486.2,478.18,61.039999999999964,196.11999999999995,1,1,0.0
89,1,324.8,376.11,237.2,293.78999999999996,1,1,1.0
89,2,198.79,410.26,141.01000000000002,159.14,1,1,1.0
89,3,817.6,400.64,259.6,239.26,1,1,1.0
89,4,492.4,688.13,286.74,238.66999999999996,1,1,1.0
89,5,614.5,387.22,265.77,252.67999999999995,1,1,1.0
89,6,725.9,230.84,266.70000000000005,213.96,1,1,1.0
89,7,1031.14,286.58,210.15999999999985,247.42000000000002,1,1,1.0
89,8,151.83,696.79,268.27,110.21000000000004,1,1,1.0
89,9,1195.58,117.37,369.82000000000016,266.33,1,1,1.0
89,10,1504.9,499.1,41.049999999999955,194.19999999999993,1,1,0.0
90,1,380.2,371.7,188.3,324.00000000000006,1,1,1.0
90,2,197.28,407.58,141.82000000000002,160.92000000000002,1,1,1.0
90,3,817.7,404.08,253.90999999999985,243.71999999999997,1,1,1.0
90,4,482.9,678.23,291.94000000000005,255.76999999999998,1,1,1.0
90,5,615.0,380.4,244.09000000000003,260.0,1,1,1.0
90,6,726.26,234.07,267.44000000000005,216.43,1,1,1.0
90,7,1035.27,291.22,228.6300000000001,237.38,1,1,1.0
90,8,118.38,694.28,304.62,111.22000000000003,1,1,1.0
90,9,1193.52,114.28,375.48,266.91999999999996,1,1,1.0
90,10,1507.5,501.68,39.319999999999936,185.61999999999995,1,1,0.0
91,1,388.4,371.28,158.79000000000008,352.4200000000001,1,1,1.0
91,2,192.79,403.4,144.31000000000003,166.30000000000007,1,1,1.0
91,3,828.2,406.43,268.25,228.86999999999995,1,1,1.0
91,4,483.4,674.41,292.65,255.49,1,1,1.0
91,5,615.9,379.37,239.06000000000006,263.63,1,1,1.0
91,6,718.99,229.41,273.21000000000004,219.29,1,1,1.0
91,7,986.46,294.04,302.6399999999999,239.06,1,1,1.0
91,8,152.83,694.28,266.56999999999994,113.01999999999998,1,1,1.0
91,9,1194.03,112.21,383.27,272.09000000000003,1,1,1.0
91,10,1504.9,505.55,41.919999999999845,186.05,1,1,0.0
92,1,378.9,407.1,160.83000000000004,325.69999999999993,1,1,1.0
92,2,195.78,414.45,141.92,152.84999999999997,1,1,1.0
92,3,826.7,403.42,264.15999999999985,215.57999999999998,1,1,1.0
92,4,489.8,673.12,284.53000000000003,251.58000000000004,1,1,1.0
92,5,619.0,382.98,234.41999999999996,260.52,1,1,1.0
92,6,722.22,237.29,271.5799999999999,214.71,1,1,1.0
92,7,967.58,292.64,313.91999999999996,221.36,1,1,1.0
92,8,144.33,698.58,278.27,109.81999999999994,1,1,1.0
92,9,1191.97,110.15,379.1299999999999,272.04999999999995,1,1,1.0
92,10,1506.6,506.0,45.80000000000018,186.89999999999998,1,1,0.0
93,1,366.1,436.13,151.76999999999998,308.87,1,1,1.0
93,2,188.31,408.17,152.39,160.93,1,1,1.0
93,3,825.6,434.17,319.61,192.32999999999998,1,1,1.0
93,4,517.3,681.72,259.61,225.07999999999993,1,1,1.0
93,5,617.5,380.4,237.47000000000003,266.20000000000005,1,1,1.0
93,6,724.73,238.33,260.56999999999994,219.56999999999996,1,1,1.0
93,7,980.93,272.8,283.87,239.09999999999997,1,1,1.0
93,8,172.66,695.0,252.84,110.89999999999998,1,1,1.0
93,9,1180.05,132.11,386.35000000000014,253.69,1,1,1.0
93,10,1503.6,506.0,48.80000000000018,177.39999999999998,1,1,0.0
94,1,348.3,447.24,172.57999999999998,301.65999999999997,1,1,1.0
94,2,186.38,409.67,154.92000000000002,160.32999999999998,1,1,1.0
94,3,943.39,482.4,363.90999999999997,132.10000000000002,1,1,1.0
94,4,538.1,680.0,239.24,233.89999999999998,1,1,1.0
94,5,614.9,382.98,247.65999999999997,260.52,1,1,1.0
94,6,725.44,237.25,260.4599999999999,221.35000000000002,1,1,1.0
94,7,931.35,278.2,313.85,203.7,1,1,1.0
94,8,158.36,697.15,270.94,109.85000000000002,1,1,1.0
94,9,1167.36,177.71,392.34000000000015,209.68999999999997,1,1,1.0
94,10,1494.4,524.6,51.09999999999991,214.39999999999998,1,1,0.0
95,1,355.3,447.24,134.47999999999996,312.76,1,1,1.0
95,2,193.88,417.73,147.12,153.97000000000003,1,1,1.0
95,3,987.06,500.75,329.84000000000015,131.45000000000005,1,1,1.0
95,4,537.2,682.58,241.42999999999995,231.51999999999998,1,1,1.0
95,5,616.4,382.46,244.09000000000003,261.04,1,1,1.0
95,6,725.09,238.33,258.80999999999995,222.47,1,1,1.0
95,7,926.86,268.6,302.93999999999994,174.09999999999997,1,1,1.0
95,8,146.5,699.3,277.1,110.20000000000005,1,1,1.0
95,9,1160.65,172.03,396.04999999999995,207.07000000000002,1,1,1.0
95,10,1436.81,564.36,106.59000000000015,218.84000000000003,1,1,0.0
96,1,354.8,421.62,134.69,302.17999999999995,1,1,1.0
96,2,194.5,406.4,148.0,171.20000000000005,1,1,1.0
96,3,981.69,508.24,334.90999999999985,132.76,1,1,1.0
96,4,534.2,683.44,243.14,243.3599999999999,1,1,1.0
96,5,616.9,386.08,250.30000000000007,255.42000000000002,1,1,1.0
96,6,724.37,239.04,257.83000000000004,218.16,1,1,1.0
96,7,907.08,233.55,307.82000000000005,196.55,1,1,1.0
96,8,169.11,655.17,232.78999999999996,152.33000000000004,1,1,1.0
96,9,1175.8,139.71,375.29999999999995,255.09,1,1,1.0
96,10,1378.28,586.05,163.81999999999994,185.75,1,1,0.0
97,1,363.0,406.74,128.64,299.86,1,1,1.0
97,2,201.48,411.46,140.72,165.54000000000002,1,1,1.0
97,3,988.14,508.67,355.9599999999999,140.62999999999994,1,1,1.0
97,4,540.5,670.11,228.24,249.78999999999996,1,1,1.0
97,5,616.9,380.4,243.59000000000003,262.6,1,1,1.0
97,6,726.88,232.38,258.12,230.51999999999998,1,1,1.0
97,7,926.61,236.26,270.2900000000001,218.34000000000003,1,1,1.0
97,8,157.81,589.27,149.79000000000002,259.63,1,1,1.0
97,9,1216.26,75.5,330.1400000000001,368.8,1,1,1.0
97,10,1400.38,614.2,143.01999999999998,138.19999999999993,1,1,0.0
98,1,363.8,400.3,124.80000000000001,320.2,1,1,1.0
98,2,202.38,412.06,145.12,163.73999999999995,1,1,1.0
98,3,995.14,536.23,367.2600000000001,124.97000000000003,1,1,1.0
98,4,541.7,667.72,232.63,252.98000000000002,1,1,1.0
98,5,619.0,378.85,240.98000000000002,269.35,1,1,1.0
98,6,727.59,242.78,236.40999999999997,202.11999999999998,1,1,1.0
98,7,918.64,237.29,239.2600000000001,243.71,1,1,1.0
98,8,186.0,546.8,134.89999999999998,309.20000000000005,1,1,1.0
98,9,1216.26,70.34,329.03999999999996,343.96000000000004,1,1,1.0
98,10,1389.1,616.35,153.42000000000007,136.85000000000002,1,1,0.0
99,1,364.7,400.3,128.2,316.3,1,1,1.0
99,2,198.5,403.99,156.5,173.01,1,1,1.0
99,3,1069.7,494.25,313.03999999999996,169.45000000000005,1,1,1.0
99,4,541.7,672.88,237.78999999999996,262.91999999999996,1,1,1.0
99,5,622.1,376.27,237.36,269.33000000000004,1,1,1.0
99,6,727.95,241.7,247.25,197.8,1,1,1.0
99,7,916.06,242.44,243.84000000000015,240.66000000000003,1,1,1.0
99,8,187.8,579.02,128.37,282.58000000000004,1,1,1.0
99,9,1209.04,81.69,344.55999999999995,326.41,1,1,1.0
99,10,1391.4,614.63,151.1099999999999,138.16999999999996,1,1,0.0
100,1,366.8,400.3,130.89999999999998,328.49999999999994,1,1,1.0
100,2,200.3,411.2,157.89999999999998,164.00000000000006,1,1,1.0
100,3,1089.8,454.7,283.70000000000005,241.3,1,1,1.0
100,4,544.7,679.65,242.25,242.95000000000005,1,1,1.0
100,5,618.0,379.88,250.22000000000003,271.91999999999996,1,1,1.0
100,6,727.08,242.49,263.52,197.11,1,1,1.0
100,7,921.84,250.76,247.75999999999988,230.74,1,1,1.0
100,8,183.6,579.44,136.87000000000003,278.76,1,1,1.0
100,9,1209.55,90.78,364.45000000000005,357.32000000000005,1,1,1.0
100,10,1388.2,622.16,154.96000000000004,133.24,1,1,0.0
101,1,366.4,400.3,126.10000000000002,334.2,1,1,1.0
101,2,197.3,409.1,161.5,165.69999999999993,1,1,1.0
101,3,1214.0,431.92,195.78999999999996,291.18,1,1,1.0
101,4,512.8,681.8,271.57000000000005,232.4000000000001,1,1,1.0
101,5,616.9,386.58,279.70000000000005,259.52000000000004,1,1,1.0
101,6,731.74,236.79,265.96000000000004,209.01000000000002,1,1,1.0
101,7,925.46,237.81,244.13999999999987,237.39,1,1,1.0
101,8,182.7,585.46,137.77000000000004,269.3399999999999,1,1,1.0
101,9,1201.2,115.18,367.0999999999999,339.92,1,1,1.0
101,10,1388.4,627.96,154.54999999999995,124.43999999999994,1,1,0.0
102,1,365.1,402.9,129.5,317.1,1,1,1.0
102,2,191.03,407.28,163.17,165.01999999999998,1,1,1.0
102,3,1232.8,446.8,161.5,308.99999999999994,1,1,1.0
102,4,509.5,699.2,280.97,206.89999999999998,1,1,1.0
102,5,615.9,392.77,281.22,251.73000000000002,1,1,1.0
102,6,728.52,213.83,270.38,239.27,1,1,1.0
102,7,926.86,228.67,244.84000000000003,241.33,1,1,1.0
102,8,180.5,572.56,143.81,280.44000000000005,1,1,1.0
102,9,1196.8,105.3,379.20000000000005,344.68,1,1,1.0
102,10,1381.18,606.62,161.72000000000003,159.98000000000002,1,1,0.0
103,1,365.1,404.2,128.29999999999995,312.00000000000006,1,1,1.0
103,2,199.09,414.15,160.71,155.55000000000007,1,1,1.0
103,3,1233.7,432.5,153.79999999999995,334.20000000000005,1,1,1.0
103,4,488.5,704.99,307.76,213.30999999999995,1,1,1.0
103,5,616.9,389.68,274.03,254.32,1,1,1.0
103,6,731.74,228.13,268.26,221.47000000000003,1,1,1.0
103,7,920.16,211.35,259.2400000000001,246.85,1,1,1.0
103,8,178.0,558.7,133.01,293.0,1,1,1.0
103,9,1210.74,91.8,350.3599999999999,352.0,1,1,1.0
103,10,1382.47,597.47,160.02999999999997,180.63,1,1,0.0
104,1,365.1,402.0,127.39999999999998,333.6,1,1,1.0
104,2,194.91,406.98,172.09,163.12,1,1,1.0
104,3,1230.6,437.8,160.30000000000018,331.90000000000003,1,1,1.0
104,4,482.7,702.41,307.10999999999996,234.79000000000008,1,1,1.0
104,5,616.4,396.23,272.74,245.16999999999996,1,1,1.0
104,6,686.45,249.59,306.04999999999995,205.01000000000002,1,1,1.0
104,7,919.03,187.71,202.06999999999994,310.39,1,1,1.0
104,8,193.44,554.21,106.86000000000001,280.18999999999994,1,1,1.0
104,9,1240.11,61.23,302.69000000000005,342.27,1,1,1.0
104,10,1388.49,627.46,154.41000000000008,129.93999999999994,1,1,0.0
105,1,365.52,401.59,127.88,327.81,1,1,1.0
105,2,200.3,410.3,169.09999999999997,150.40000000000003,1,1,1.0
105,3,1232.4,470.9,167.19999999999982,298.80000000000007,1,1,1.0
105,4,484.0,703.27,310.53999999999996,232.63,1,1,1.0
105,5,617.5,370.24,273.70000000000005,274.26,1,1,1.0
105,6,686.45,249.94,304.94999999999993,179.95999999999998,1,1,1.0
105,7,920.57,183.08,165.13,309.52,1,1,1.0
105,8,193.01,551.63,104.29000000000002,271.47,1,1,1.0
105,9,1250.66,71.64,290.3399999999999,382.76,1,1,1.0
105,10,1384.2,628.32,159.6099999999999,121.38,1,1,0.0
106,1,365.52,403.74,126.58000000000004,313.05999999999995,1,1,1.0
106,2,201.78,414.75,164.32000000000002,148.04999999999995,1,1,1.0
106,3,1232.3,473.0,194.56999999999994,298.79999999999995,1,1,1.0
106,4,488.3,714.02,309.24999999999994,190.98000000000002,1,1,1.0
106,5,621.1,380.56,260.5799999999999,267.54,1,1,1.0
106,6,698.42,243.22,300.7800000000001,187.78,1,1,1.0
106,7,921.84,216.36,161.15999999999997,295.84000000000003,1,1,1.0
106,8,191.41,561.07,108.39000000000001,263.3299999999999,1,1,1.0
106,9,1213.9,101.18,372.0999999999999,308.02,1,1,1.0
106,10,1398.6,631.76,144.7800000000002,115.34000000000003,1,1,0.0
107,1,364.7,405.9,145.90000000000003,294.70000000000005,1,1,1.0
107,2,194.3,405.5,173.89999999999998,157.60000000000002,1,1,1.0
107,3,1231.7,455.75,194.30999999999995,321.15,1,1,1.0
107,4,461.7,715.79,342.15000000000003,174.71000000000004,1,1,1.0
107,5,621.1,386.35,261.61,262.85,1,1,1.0
107,6,671.2,253.91,336.79999999999995,184.29,1,1,1.0
107,7,919.01,201.86,191.99,291.84,1,1,1.0
107,8,191.84,542.69,105.85999999999999,281.7099999999999,1,1,1.0
107,9,1201.98,101.96,397.22,268.24,1,1,1.0
107,10,1404.5,632.62,138.45000000000005,115.38,1,1,0.0
108,1,365.95,406.75,123.44999999999999,310.95000000000005,1,1,1.0
108,2,197.3,412.95,169.09999999999997,157.45,1,1,1.0
108,3,1232.6,463.49,166.1500000000001,317.01,1,1,1.0
108,4,399.7,759.15,337.41,133.35000000000002,1,1,1.0
108,5,617.5,391.5,261.74,256.1,1,1,1.0
108,6,675.59,248.55,329.61,193.75,1,1,1.0
108,7,919.91,215.33,206.68999999999994,282.16999999999996,1,1,1.0
108,8,194.42,537.4,110.58000000000001,278.20000000000005,1,1,1.0
108,9,1175.4,169.36,412.5,206.24,1,1,1.0
108,10,1404.5,630.9,138.01999999999998,116.20000000000005,1,1,0.0
109,1,366.4,405.0,126.10000000000002,306.5,1,1,1.0
109,2,201.18,409.37,153.92000000000002,166.52999999999997,1,1,1.0
109,3,1233.9,463.49,163.57999999999993,313.61,1,1,1.0
109,4,327.1,775.41,334.31999999999994,113.88999999999999,1,1,1.0
109,5,620.6,387.88,262.24,260.82000000000005,1,1,1.0
109,6,674.16,247.83,329.64,186.77,1,1,1.0
109,7,917.33,234.33,201.4699999999999,264.77,1,1,1.0
109,8,190.2,497.7,125.5,294.7,1,1,1.0
109,9,1145.46,198.66,427.03999999999996,184.94000000000003,1,1,1.0
109,10,1429.9,633.05,113.48000000000002,112.75,1,1,0.0
110,1,366.4,400.3,124.80000000000001,314.8,1,1,1.0
110,2,199.69,406.38,153.11,178.32000000000005,1,1,1.0
110,3,1231.5,466.42,170.8800000000001,295.97999999999996,1,1,1.0
110,4,306.0,777.13,303.14,116.16999999999996,1,1,1.0
110,5,621.1,387.13,263.28999999999996,264.07000000000005,1,1,1.0
110,6,677.38,246.76,327.41999999999996,185.24,1,1,1.0
110,7,914.76,224.43,202.03999999999996,264.87,1,1,1.0
110,8,187.62,489.4,113.07999999999998,251.80000000000007,1,1,1.0
110,9,1145.98,177.6,432.72,205.00000000000003,1,1,1.0
110,10,1412.4,605.45,132.26999999999998,114.84999999999991,1,1,0.0
111,1,367.2,400.3,120.10000000000002,336.59999999999997,1,1,1.0
111,2,200.29,412.36,159.41,172.64,1,1,1.0
111,3,1232.7,466.85,136.44000000000005,278.85,1,1,1.0
111,4,324.8,770.68,298.68,119.0200000000001,1,1,1.0
111,5,612.3,393.38,259.61,254.22000000000003,1,1,1.0
111,6,683.12,248.55,324.67999999999995,187.25,1,1,1.0
111,7,919.66,231.25,173.14,267.35,1,1,1.0
111,8,189.56,490.69,111.94,240.31,1,1,1.0
111,9,1152.17,170.01,411.53,208.39,1,1,1.0
111,10,1412.4,610.18,131.40999999999985,119.12,1,1,0.0
112,1,367.2,400.3,122.19999999999999,317.99999999999994,1,1,1.0
112,2,210.0,404.6,153.5,172.69999999999993,1,1,1.0
112,3,1222.31,452.12,142.19000000000005,315.88,1,1,1.0
112,4,324.4,769.82,299.63,123.07999999999993,1,1,1.0
112,5,626.8,399.6,234.0,235.60000000000002,1,1,1.0
112,6,683.48,248.19,320.72,188.70999999999998,1,1,1.0
112,7,977.56,248.06,143.6400000000001,308.14000000000004,1,1,1.0
112,8,187.84,496.28,114.46000000000001,253.72000000000003,1,1,1.0
112,9,1151.65,166.92,403.25,212.48,1,1,1.0
112,10,1424.9,607.6,119.33999999999992,116.60000000000002,1,1,0.0
113,1,366.4,405.0,124.30000000000001,339.5,1,1,1.0
113,2,210.9,402.5,154.1,162.0,1,1,1.0
113,3,1232.18,424.16,128.01999999999998,350.94,1,1,1.0
113,4,302.67,768.53,332.83,126.57000000000005,1,1,1.0
113,5,582.9,398.54,279.4,192.06,1,1,1.0
113,6,680.25,247.47,322.15,186.53,1,1,1.0
113,7,981.54,230.46,152.96000000000004,322.53999999999996,1,1,1.0
113,8,186.12,475.37,117.07999999999998,269.03,1,1,1.0
113,9,1147.53,177.24,413.56999999999994,203.76,1,1,1.0
113,10,1424.9,608.89,118.04999999999995,117.90999999999997,1,1,0.0
114,1,366.81,403.74,120.88999999999999,325.65999999999997,1,1,1.0
114,2,210.9,410.6,158.49999999999997,140.39999999999998,1,1,1.0
114,3,1155.37,458.0,213.83000000000015,293.79999999999995,1,1,1.0
114,4,279.48,776.27,333.22,116.63,1,1,1.0
114,5,579.2,397.51,283.4699999999999,195.19000000000005,1,1,1.0
114,6,688.85,248.19,318.65,186.11,1,1,1.0
114,7,978.96,231.63,139.74,313.57000000000005,1,1,1.0
114,8,183.26,508.14,115.63999999999999,271.56000000000006,1,1,1.0
114,9,1145.98,182.39,407.6199999999999,200.11,1,1,1.0
114,10,1427.0,603.3,117.24000000000001,123.0,1,1,0.0
115,1,368.53,404.6,126.97000000000003,308.29999999999995,1,1,1.0
115,2,206.1,403.7,155.50000000000003,129.2,1,1,1.0
115,3,1168.61,407.19,194.7900000000002,303.10999999999996,1,1,1.0
115,4,192.76,776.47,343.44000000000005,123.63,1,1,1.0
115,5,580.7,398.03,280.42999999999995,202.76999999999998,1,1,1.0
115,6,686.34,257.15,319.65999999999997,178.65000000000003,1,1,1.0
115,7,974.39,233.69,123.70999999999992,310.41,1,1,1.0
115,8,158.1,518.6,181.00000000000003,258.1,1,1,1.0
115,9,1145.46,186.01,411.24,199.09000000000003,1,1,1.0
115,10,1423.6,603.3,121.5,123.5,1,1,0.0
116,1,365.52,404.6,124.38,295.69999999999993,1,1,1.0
116,2,193.8,411.5,133.0,111.60000000000002,1,1,0.0
116,3,1131.26,387.6,182.53999999999996,279.19999999999993,1,1,1.0
116,4,154.76,757.9,349.14,124.5,1,1,1.0
116,5,572.0,401.12,298.65999999999997,175.48000000000002,1,1,1.0
116,6,693.92,259.5,310.2800000000001,165.60000000000002,1,1,1.0
116,7,972.33,238.31,135.9699999999999,313.39000000000004,1,1,1.0
116,8,135.7,525.0,205.5,242.10000000000002,1,1,1.0
116,9,1145.46,185.49,410.74,199.11,1,1,1.0
116,10,1427.4,605.88,116.83999999999992,121.72000000000003,1,1,0.0
117,1,365.95,408.04,122.25,329.06,1,1,1.0
117,2,230.4,408.5,84.49999999999997,51.19999999999999,1,1,0.0
117,3,1137.05,384.59,137.75,297.41,1,1,1.0
117,4,154.33,767.37,340.77,130.52999999999997,1,1,1.0
117,5,582.3,394.42,293.5200000000001,248.47999999999996,1,1,1.0
117,6,696.79,258.43,311.71000000000004,164.57,1,1,1.0
117,7,977.71,235.1,142.28999999999996,309.4,1,1,1.0
117,8,134.7,526.08,234.38,224.62,1,1,1.0
117,9,1143.91,183.94,408.6899999999998,199.66000000000003,1,1,1.0
117,10,1424.4,605.9,118.5,123.0,1,1,0.0
118,1,369.82,403.31,119.18,333.48999999999995,1,1,1.0
118,2,225.0,402.5,131.5,63.19999999999999,1,1,0.0
118,3,1151.78,389.34,128.62000000000012,298.16,1,1,1.0
118,4,158.2,778.56,326.2,124.24000000000001,1,1,1.0
118,5,584.7,393.9,290.5999999999999,253.39999999999998,1,1,1.0
118,6,698.23,258.07,310.66999999999996,164.32999999999998,1,1,1.0
118,7,969.53,265.56,122.37000000000012,293.73999999999995,1,1,1.0
118,8,173.0,464.43,194.20999999999998,252.07,1,1,1.0
118,9,1145.46,186.58,401.44000000000005,197.02,1,1,1.0
118,10,1445.2,604.59,99.47000000000003,125.20999999999992,1,1,0.0
119,1,372.74,408.89,114.15999999999997,326.21000000000004,1,1,1.0
119,2,229.78,394.19,130.02,71.20999999999998,1,1,0.0
119,3,1122.82,365.87,144.27999999999997,325.42999999999995,1,1,1.0
119,4,161.79,765.12,316.31000000000006,132.98000000000002,1,1,1.0
119,5,588.8,397.0,289.08000000000004,219.39999999999998,1,1,1.0
119,6,698.58,258.78,310.62,168.82000000000005,1,1,1.0
119,7,947.04,231.75,131.36000000000013,326.54999999999995,1,1,1.0
119,8,167.0,543.76,216.73000000000002,232.64,1,1,1.0
119,9,1144.43,184.51,399.8699999999999,201.99,1,1,1.0
119,10,1439.1,601.15,105.57000000000016,120.05000000000007,1,1,0.0
120,1,375.49,410.94,118.31,351.85999999999996,1,1,1.0
120,2,228.6,403.7,133.20000000000002,65.80000000000001,1,1,0.0
120,3,1117.44,296.01,154.96000000000004,360.69000000000005,1,1,1.0
120,4,160.3,772.43,319.5,127.7700000000001,1,1,1.0
120,5,583.2,396.48,290.54999999999995,229.62,1,1,1.0
120,6,696.43,257.35,305.6700000000001,166.84999999999997,1,1,1.0
120,7,934.09,256.16,159.50999999999988,286.54,1,1,1.0
120,8,150.0,549.35,224.26999999999998,216.94999999999993,1,1,1.0
120,9,1144.95,186.06,401.95000000000005,198.94,1,1,1.0
120,10,1456.3,599.43,89.23000000000002,112.67000000000007,1,1,0.0
121,1,380.7,446.81,115.19999999999999,349.69,1,1,1.0
121,2,228.29,394.78,136.81000000000003,81.22000000000003,1,1,0.0
121,3,1104.09,242.94,155.41000000000008,339.26000000000005,1,1,1.0
121,4,150.26,774.74,330.04,122.05999999999995,1,1,1.0
121,5,584.2,393.9,288.0,246.70000000000005,1,1,1.0
121,6,701.45,250.18,302.44999999999993,167.51999999999998,1,1,1.0
121,7,917.28,248.31,172.22000000000003,303.69,1,1,1.0
121,8,150.9,548.69,203.12999999999997,218.51,1,1,1.0
121,9,1143.4,185.54,405.5999999999999,200.96,1,1,1.0
121,10,1454.2,592.67,91.75,123.73000000000002,1,1,0.0
