1,1,1102.8,319.48,265.79999999999995,246.62,1,1,1.0
1,2,302.71,672.01,207.83000000000004,225.68000000000006,1,1,1.0
1,3,337.14,442.5,191.88,112.22000000000003,1,1,0.0
1,4,661.62,293.98,235.24,210.82,1,1,1.0
1,5,292.51,514.55,192.59000000000003,265.84000000000003,1,1,1.0
1,6,376.03,695.6,284.96000000000004,200.17999999999995,1,1,1.0
1,7,1591.09,401.08,151.73000000000002,311.09999999999997,1,1,1.0
1,8,791.04,348.6,311.76,226.51999999999998,1,1,1.0
1,9,577.47,439.97,174.63,388.23,1,1,1.0
1,10,483.76,439.33,124.84000000000003,316.83,1,1,1.0
2,1,940.7,473.01,255.25,291.99,1,1,1.0
2,2,302.71,663.2,212.58999999999997,234.49,1,1,1.0
2,3,317.6,442.5,171.0,127.70000000000005,1,1,0.0
2,4,661.62,293.98,235.24,226.22000000000003,1,1,1.0
2,5,292.51,514.55,185.99,265.84000000000003,1,1,1.0
2,6,376.03,702.4,281.77,193.38,1,1,1.0
2,7,1591.09,399.5,151.73000000000002,312.67999999999995,1,1,1.0
2,8,790.4,377.2,298.5000000000001,202.7,1,1,1.0
2,9,576.4,439.97,175.70000000000005,389.13,1,1,1.0
2,10,474.0,412.32,136.20000000000005,291.58,1,1,1.0
3,1,940.17,504.35,201.0300000000001,331.35,1,1,1.0
3,2,306.4,669.5,222.20000000000005,228.19000000000005,1,1,1.0
3,3,289.4,452.5,186.10000000000002,126.60000000000002,1,1,0.0
3,4,661.62,293.98,235.24,225.01999999999998,1,1,1.0
3,5,292.51,515.9,215.69,261.9,1,1,1.0
3,6,365.98,713.12,294.91999999999996,173.67999999999995,1,1,1.0
3,7,1591.09,400.0,151.73000000000002,312.17999999999995,1,1,1.0
3,8,666.2,439.4,340.9,161.10000000000002,1,1,1.0
3,9,577.47,439.97,174.63,385.03,1,1,1.0
3,10,503.66,340.6,110.94,267.67999999999995,1,1,0.0
4,1,932.2,536.23,211.0999999999999,335.56999999999994,1,1,1.0
4,2,298.3,706.0,254.99999999999994,191.69000000000005,1,1,1.0
4,3,334.9,438.2,195.89999999999998,203.59999999999997,1,1,1.0
4,4,653.4,293.98,246.10000000000002,214.21999999999997,1,1,1.0
4,5,304.5,523.9,204.63,257.0,1,1,1.0
4,6,358.58,713.46,306.02000000000004,172.93999999999994,1,1,1.0
4,7,1591.09,401.08,151.73000000000002,311.09999999999997,1,1,1.0
4,8,680.2,441.19,330.06999999999994,161.8,1,1,1.0
4,9,577.47,433.1,174.63,398.5,1,1,1.0
4,10,501.9,340.6,126.5,213.19999999999993,1,1,0.0
5,1,908.3,609.54,203.10000000000014,308.46000000000004,1,1,1.0
5,2,248.5,762.1,255.2,112.79999999999995,1,1,1.0
5,3,364.2,447.4,166.59999999999997,176.70000000000005,1,1,1.0
5,4,619.1,305.9,280.0,176.40000000000003,1,1,1.0
5,5,306.2,535.4,202.93,238.30000000000007,1,1,1.0
5,6,380.9,667.4,267.20000000000005,219.89999999999998,1,1,1.0
5,7,1591.09,401.08,151.73000000000002,311.09999999999997,1,1,1.0
5,8,696.5,440.5,317.0,160.70000000000005,1,1,1.0
5,9,577.47,440.0,174.63,390.6,1,1,1.0
5,10,501.9,313.6,126.39999999999998,252.19999999999993,1,1,0.0
6,1,920.51,603.17,194.58999999999992,305.23,1,1,1.0
6,2,289.8,762.1,228.49999999999994,106.5,1,1,1.0
6,3,398.8,451.7,186.49999999999994,223.00000000000006,1,1,1.0
6,4,570.0,317.9,329.1,164.40000000000003,1,1,1.0
6,5,315.5,581.4,233.0,207.80000000000007,1,1,1.0
6,6,382.83,671.37,240.07,209.42999999999995,1,1,1.0
6,7,1591.09,401.08,151.73000000000002,311.09999999999997,1,1,1.0
6,8,717.6,439.4,303.79999999999995,158.0,1,1,1.0
6,9,582.1,440.0,170.0,382.29999999999995,1,1,1.0
6,10,518.3,384.0,95.20000000000005,136.60000000000002,1,1,0.0
7,1,921.04,599.98,199.86000000000013,299.91999999999996,1,1,1.0
7,2,308.25,697.54,259.45000000000005,198.36,1,1,1.0
7,3,433.34,485.64,195.56,299.65999999999997,1,1,1.0
7,4,563.4,323.2,340.5,159.10000000000002,1,1,1.0
7,5,358.9,578.3,128.40000000000003,288.4000000000001,1,1,1.0
7,6,407.31,649.42,235.58999999999997,226.38,1,1,1.0
7,7,1591.09,401.08,151.73000000000002,311.09999999999997,1,1,1.0
7,8,709.7,436.9,307.5,160.5,1,1,1.0
7,9,587.6,436.3,164.5,389.7,1,1,1.0
7,10,321.2,329.1,276.59,151.7,1,1,0.0
8,1,910.42,601.57,212.08000000000004,285.63,1,1,1.0
8,2,334.81,599.77,172.08999999999997,302.83000000000004,1,1,1.0
8,3,522.99,590.78,178.71000000000004,306.72,1,1,1.0
8,4,557.6,325.4,348.6,156.90000000000003,1,1,1.0
8,5,417.78,594.2,132.01999999999998,318.0999999999999,1,1,1.0
8,6,429.29,635.12,155.91000000000003,245.77999999999997,1,1,1.0
8,7,1591.09,416.0,151.73000000000002,296.17999999999995,1,1,1.0
8,8,684.7,434.6,332.5,162.79999999999995,1,1,1.0
8,9,596.0,459.7,156.10000000000002,351.40000000000003,1,1,1.0
8,10,313.3,311.4,259.7,213.20000000000005,1,1,0.0
9,1,877.48,629.2,252.42000000000007,236.19999999999993,1,1,1.0
9,2,358.05,530.42,108.25,302.82000000000005,1,1,1.0
9,3,545.13,648.33,192.26999999999998,271.27,1,1,1.0
9,4,561.6,319.8,346.4,132.0,1,1,1.0
9,5,399.6,677.43,149.76,261.47,1,1,1.0
9,6,374.91,529.9,203.98999999999995,270.9,1,1,1.0
9,7,1591.09,401.7,147.11000000000013,310.47999999999996,1,1,1.0
9,8,681.0,431.9,336.70000000000005,165.5,1,1,1.0
9,9,592.9,474.6,159.20000000000005,328.5,1,1,1.0
9,10,313.3,293.7,252.49999999999994,222.00000000000006,1,1,0.0
10,1,836.0,690.8,298.70000000000005,164.30000000000007,1,1,1.0
10,2,385.6,467.3,168.10000000000002,283.3,1,1,1.0
10,3,514.5,657.6,217.39999999999998,272.0,1,1,1.0
10,4,594.19,312.89,298.6099999999999,136.01,1,1,1.0
10,5,382.8,688.9,166.56,249.10000000000002,1,1,1.0
10,6,374.91,529.9,203.69,273.6,1,1,1.0
10,7,1591.09,401.7,144.31000000000017,310.47999999999996,1,1,1.0
10,8,693.2,431.9,324.5,165.5,1,1,1.0
10,9,588.8,492.7,163.30000000000007,312.50000000000006,1,1,1.0
10,10,322.6,289.7,245.89999999999998,212.7,1,1,0.0
11,1,931.62,533.6,229.58000000000004,303.68999999999994,1,1,1.0
11,2,439.3,417.5,192.65000000000003,131.10000000000002,1,1,1.0
11,3,525.6,681.2,195.19999999999993,259.5,1,1,1.0
11,4,562.0,309.3,335.4,136.3,1,1,1.0
11,5,319.9,765.0,241.30000000000007,136.70000000000005,1,1,1.0
11,6,374.91,529.9,208.88999999999993,264.1,1,1,1.0
11,7,1591.09,411.3,144.31000000000017,300.87999999999994,1,1,1.0
11,8,710.2,434.0,300.0999999999999,163.39999999999998,1,1,1.0
11,9,588.1,482.12,163.5,324.08000000000004,1,1,1.0
11,10,319.5,301.7,257.0,206.90000000000003,1,1,0.0
12,1,969.3,515.0,168.60000000000014,329.20000000000005,1,1,1.0
12,2,370.2,395.4,257.40000000000003,150.20000000000005,1,1,1.0
12,3,473.6,677.1,210.69999999999993,268.4,1,1,1.0
12,4,562.0,311.7,335.4,137.2,1,1,1.0
12,5,316.7,753.0,245.90000000000003,114.20000000000005,1,1,1.0
12,6,407.3,518.7,171.3,246.0,1,1,1.0
12,7,1591.09,385.8,144.31000000000017,326.37999999999994,1,1,1.0
12,8,713.4,418.6,284.70000000000005,180.60000000000002,1,1,1.0
12,9,588.6,458.1,163.5,345.0,1,1,1.0
12,10,310.2,302.6,254.8,224.19999999999993,1,1,0.0
13,1,901.83,483.66,208.9699999999999,290.94,1,1,1.0
13,2,415.2,404.7,226.59999999999997,141.90000000000003,1,1,1.0
13,3,533.0,675.6,183.79999999999995,269.9,1,1,1.0
13,4,558.0,308.9,339.4,140.3,1,1,1.0
13,5,335.8,720.7,216.2,148.89999999999998,1,1,1.0
13,6,422.1,511.8,156.5,284.2,1,1,1.0
13,7,1591.09,396.4,144.31000000000017,315.78,1,1,1.0
13,8,700.8,412.08,294.05000000000007,190.12000000000006,1,1,1.0
13,9,573.8,478.3,178.30000000000007,324.8,1,1,1.0
13,10,310.2,318.1,264.09999999999997,208.69999999999993,1,1,0.0
14,1,889.6,444.3,205.30000000000007,339.90000000000003,1,1,1.0
14,2,428.2,412.3,215.90000000000003,114.99999999999994,1,1,0.0
14,3,529.68,660.11,190.12,254.39,1,1,1.0
14,4,558.3,310.09,337.9000000000001,137.31,1,1,1.0
14,5,318.5,647.7,188.7,228.5999999999999,1,1,1.0
14,6,398.23,518.8,177.66999999999996,284.80000000000007,1,1,1.0
14,7,1591.09,385.2,144.31000000000017,320.59999999999997,1,1,1.0
14,8,699.7,400.77,290.42999999999995,201.73000000000002,1,1,1.0
14,9,454.8,451.7,297.3,282.90000000000003,1,1,1.0
14,10,344.7,448.7,183.59999999999997,78.09999999999997,1,1,0.0
15,1,889.6,456.5,202.60000000000002,322.4,1,1,1.0
15,2,440.0,412.0,169.79999999999995,120.10000000000002,1,1,0.0
15,3,524.1,658.6,195.69999999999993,255.89999999999998,1,1,1.0
15,4,595.99,307.4,298.71000000000004,140.3,1,1,1.0
15,5,311.9,634.0,199.40000000000003,239.84000000000003,1,1,1.0
15,6,371.2,524.1,207.8,279.5,1,1,1.0
15,7,1548.6,409.6,186.80000000000018,296.19999999999993,1,1,1.0
15,8,680.7,408.29,315.65999999999997,196.00999999999993,1,1,1.0
15,9,511.1,459.13,236.89999999999998,252.66999999999996,1,1,1.0
15,10,344.7,354.0,255.8,162.20000000000005,1,1,0.0
16,1,888.7,477.7,197.29999999999995,296.90000000000003,1,1,1.0
16,2,437.4,439.9,179.0,99.10000000000002,1,1,1.0
16,3,511.6,665.2,208.19999999999993,257.79999999999995,1,1,1.0
16,4,548.6,305.9,356.6,142.86,1,1,1.0
16,5,306.6,631.1,204.7,238.10000000000002,1,1,1.0
16,6,372.92,524.6,211.57999999999998,278.29999999999995,1,1,1.0
16,7,1558.7,353.8,170.89999999999986,351.99999999999994,1,1,1.0
16,8,619.4,451.1,286.70000000000005,136.0,1,1,1.0
16,9,557.85,469.26,192.64999999999998,300.53999999999996,1,1,1.0
16,10,344.7,342.5,246.90000000000003,186.60000000000002,1,1,0.0
17,1,883.44,465.0,197.05999999999995,307.0,1,1,1.0
17,2,430.0,416.8,182.89999999999998,127.40000000000003,1,1,1.0
17,3,496.1,658.9,221.19999999999993,266.30000000000007,1,1,1.0
17,4,552.3,307.1,357.1,139.59999999999997,1,1,1.0
17,5,300.8,627.4,211.90000000000003,238.0,1,1,1.0
17,6,361.6,528.3,221.29999999999995,273.30000000000007,1,1,1.0
17,7,1554.45,359.11,170.89999999999986,352.0,1,1,1.0
17,8,615.7,434.1,276.0999999999999,157.69999999999993,1,1,1.0
17,9,571.7,477.2,178.79999999999995,304.2,1,1,1.0
17,10,344.7,342.5,246.90000000000003,182.70000000000005,1,1,0.0
18,1,884.3,465.0,195.70000000000005,309.6,1,1,1.0
18,2,434.8,399.3,172.7,147.59999999999997,1,1,1.0
18,3,417.9,748.92,271.1,184.08000000000004,1,1,1.0
18,4,552.3,307.7,353.5,142.3,1,1,1.0
18,5,298.1,622.5,213.2,238.5,1,1,1.0
18,6,361.6,527.87,222.19999999999993,273.73,1,1,1.0
18,7,1561.4,402.1,163.94999999999982,309.01,1,1,1.0
18,8,683.2,407.5,205.39999999999998,192.70000000000005,1,1,1.0
18,9,581.3,453.3,169.20000000000005,346.7,1,1,1.0
18,10,322.28,332.8,264.52,191.31,1,1,0.0
19,1,884.3,463.15,194.29999999999995,313.95000000000005,1,1,1.0
19,2,436.0,398.4,175.89999999999998,146.30000000000007,1,1,1.0
19,3,404.1,773.3,279.9,159.70000000000005,1,1,1.0
19,4,575.8,310.09,327.0,140.21000000000004,1,1,1.0
19,5,294.6,622.5,216.7,234.10000000000002,1,1,1.0
19,6,387.89,527.87,196.31000000000006,274.13,1,1,1.0
19,7,1573.6,409.5,151.75,301.61,1,1,1.0
19,8,716.15,404.99,183.55000000000007,193.40999999999997,1,1,1.0
19,9,589.7,453.3,160.79999999999995,346.7,1,1,1.0
19,10,355.8,312.9,215.90000000000003,280.0,1,1,0.0
20,1,884.3,461.3,195.4000000000001,315.8,1,1,1.0
20,2,428.5,384.5,212.0,161.20000000000005,1,1,1.0
20,3,413.5,781.0,270.5,152.0,1,1,1.0
20,4,562.4,310.39,344.30000000000007,136.91000000000003,1,1,1.0
20,5,300.8,626.9,210.5,229.70000000000005,1,1,1.0
20,6,362.7,528.3,228.40000000000003,275.9000000000001,1,1,1.0
20,7,1549.2,421.2,176.14999999999986,289.91,1,1,1.0
20,8,702.2,461.03,203.18999999999994,123.07000000000005,1,1,1.0
20,9,597.3,360.9,153.20000000000005,391.30000000000007,1,1,1.0
20,10,359.3,439.8,148.8,145.49999999999994,1,1,0.0
21,1,884.3,461.3,195.4000000000001,313.3,1,1,1.0
21,2,426.5,384.5,215.20000000000005,161.79999999999995,1,1,1.0
21,3,448.2,783.2,235.00000000000006,149.79999999999995,1,1,1.0
21,4,572.79,308.3,333.9100000000001,118.30000000000001,1,1,1.0
21,5,295.5,626.9,215.8,224.80000000000007,1,1,1.0
21,6,362.7,528.3,243.59999999999997,274.6,1,1,1.0
21,7,1557.1,427.6,189.80000000000018,268.1,1,1,1.0
21,8,657.1,483.5,232.89999999999998,242.20000000000005,1,1,1.0
21,9,635.55,321.6,203.35000000000002,331.26,1,1,1.0
21,10,357.2,446.3,132.60000000000002,137.2,1,1,0.0
22,1,878.9,433.7,200.80000000000007,340.90000000000003,1,1,1.0
22,2,459.3,394.5,181.7,152.60000000000002,1,1,1.0
22,3,389.6,779.1,277.4,153.89999999999998,1,1,1.0
22,4,563.9,307.7,340.4,139.40000000000003,1,1,1.0
22,5,304.4,604.8,206.90000000000003,235.4000000000001,1,1,1.0
22,6,428.0,508.1,178.29999999999995,300.1,1,1,1.0
22,7,1555.6,427.6,202.70000000000005,263.29999999999995,1,1,1.0
22,8,584.3,538.4,279.0,202.90999999999997,1,1,1.0
22,9,671.14,341.8,309.36,243.06,1,1,1.0
22,10,354.4,291.5,193.89999999999998,300.4,1,1,0.0
23,1,867.5,458.7,216.79999999999995,312.00000000000006,1,1,1.0
23,2,461.3,357.6,197.49999999999994,181.0,1,1,1.0
23,3,388.4,772.5,257.20000000000005,160.5,1,1,1.0
23,4,561.5,307.29,329.5,139.20999999999998,1,1,1.0
23,5,300.0,592.4,215.5,237.5,1,1,1.0
23,6,499.7,463.48,169.82,310.72,1,1,1.0
23,7,1555.6,427.6,202.70000000000005,263.29999999999995,1,1,1.0
23,8,585.92,571.67,312.2800000000001,165.93000000000006,1,1,1.0
23,9,815.11,239.8,224.39,287.2,1,1,1.0
23,10,363.3,430.0,148.0,140.29999999999995,1,1,0.0
24,1,865.7,458.7,219.20000000000005,311.59999999999997,1,1,1.0
24,2,484.5,374.2,174.29999999999995,189.50000000000006,1,1,1.0
24,3,316.5,777.7,313.20000000000005,155.29999999999995,1,1,1.0
24,4,553.1,303.19,322.5,143.01,1,1,1.0
24,5,300.0,589.5,230.20000000000005,236.10000000000002,1,1,1.0
24,6,498.1,408.8,246.89999999999998,230.45999999999998,1,1,1.0
24,7,1535.9,427.6,222.39999999999986,263.29999999999995,1,1,1.0
24,8,548.4,609.4,331.70000000000005,129.20000000000005,1,1,1.0
24,9,751.89,256.8,298.2099999999999,238.59999999999997,1,1,1.0
24,10,356.9,441.81,159.74,123.29000000000002,1,1,0.0
25,1,871.0,468.8,212.70000000000005,298.90000000000003,1,1,1.0
25,2,485.2,367.2,205.8,201.7,1,1,1.0
25,3,300.6,782.1,326.5,149.5,1,1,1.0
25,4,563.99,295.3,312.21000000000004,121.09999999999997,1,1,1.0
25,5,301.8,577.8,224.09999999999997,254.9000000000001,1,1,1.0
25,6,603.3,398.17,213.42000000000007,227.32999999999998,1,1,1.0
25,7,1529.0,427.6,229.29999999999995,271.0,1,1,1.0
25,8,484.43,605.68,332.46999999999997,125.5200000000001,1,1,1.0
25,9,783.2,256.8,262.0999999999999,239.5,1,1,1.0
25,10,378.4,449.3,111.0,148.3,1,1,0.0
26,1,871.0,468.8,211.0,295.59999999999997,1,1,1.0
26,2,493.2,363.1,195.09999999999997,205.79999999999995,1,1,1.0
26,3,288.6,788.0,333.0,140.60000000000002,1,1,1.0
26,4,555.4,294.4,321.1,127.30000000000001,1,1,1.0
26,5,301.8,577.8,224.09999999999997,253.10000000000002,1,1,1.0
26,6,589.5,367.9,237.29999999999995,250.20000000000005,1,1,1.0
26,7,1529.0,435.6,233.5999999999999,268.79999999999995,1,1,1.0
26,8,438.75,589.21,321.85,129.78999999999996,1,1,1.0
26,9,850.1,256.8,180.89999999999998,232.89999999999998,1,1,1.0
26,10,383.3,436.0,111.39999999999998,197.89999999999998,1,1,0.0
27,1,880.0,477.8,203.70000000000005,288.3,1,1,1.0
27,2,489.2,383.8,203.3,181.59999999999997,1,1,1.0
27,3,317.9,781.8,304.4,146.80000000000007,1,1,1.0
27,4,558.9,294.4,317.6,125.30000000000001,1,1,1.0
27,5,301.8,577.8,224.09999999999997,255.20000000000005,1,1,1.0
27,6,589.5,352.0,239.0,273.4,1,1,1.0
27,7,1527.9,435.6,234.69999999999982,268.29999999999995,1,1,1.0
27,8,422.81,584.43,314.98999999999995,142.07000000000005,1,1,1.0
27,9,851.4,251.0,179.60000000000002,238.7,1,1,1.0
27,10,378.6,451.9,117.79999999999995,209.0,1,1,1.0
28,1,883.4,477.8,207.69999999999993,287.3,1,1,1.0
28,2,491.7,358.7,139.90000000000003,221.09999999999997,1,1,1.0
28,3,315.69,727.09,284.51000000000005,190.61,1,1,1.0
28,4,565.1,299.7,318.0,140.2,1,1,1.0
28,5,320.8,568.5,202.3,256.6,1,1,1.0
28,6,598.0,399.8,234.10000000000002,267.7,1,1,1.0
28,7,1527.9,435.6,234.69999999999982,270.4,1,1,1.0
28,8,417.36,582.28,319.74,150.01999999999998,1,1,1.0
28,9,778.59,262.82,253.69999999999993,228.60000000000002,1,1,1.0
28,10,402.31,458.54,152.19,321.46,1,1,1.0
29,1,880.0,468.8,214.29999999999995,296.3,1,1,1.0
29,2,485.0,354.89,144.36,225.31000000000006,1,1,1.0
29,3,305.4,724.5,273.0,194.89999999999998,1,1,1.0
29,4,554.5,295.52,323.29999999999995,143.78000000000003,1,1,1.0
29,5,356.66,467.12,151.73999999999995,288.08000000000004,1,1,1.0
29,6,605.1,333.9,193.10000000000002,319.20000000000005,1,1,1.0
29,7,1543.9,435.6,223.5,271.19999999999993,1,1,1.0
29,8,437.2,583.0,304.7,146.0,1,1,1.0
29,9,854.3,230.3,176.70000000000005,256.8,1,1,1.0
29,10,452.5,567.89,175.5,292.21000000000004,1,1,1.0
30,1,880.9,461.4,213.39999999999998,303.70000000000005,1,1,1.0
30,2,492.2,368.7,145.90000000000003,217.50000000000006,1,1,1.0
30,3,285.5,723.4,291.1,192.30000000000007,1,1,1.0
30,4,553.9,282.26,297.6,165.44,1,1,1.0
30,5,394.7,453.8,108.22000000000003,218.90000000000003,1,1,1.0
30,6,630.36,295.65,177.34000000000003,326.75,1,1,1.0
30,7,1503.3,435.6,266.20000000000005,275.79999999999995,1,1,1.0
30,8,446.56,565.11,296.44,162.18999999999994,1,1,1.0
30,9,858.4,264.18,149.54000000000008,301.92,1,1,1.0
30,10,485.7,669.71,191.00000000000006,231.39,1,1,1.0
31,1,858.3,483.1,230.70000000000005,282.0,1,1,1.0
31,2,497.9,342.6,142.89999999999998,237.69999999999993,1,1,1.0
31,3,269.5,709.4,307.1,207.5,1,1,1.0
31,4,564.2,255.0,250.5999999999999,157.89999999999998,1,1,1.0
31,5,379.6,440.1,123.32,191.60000000000002,1,1,1.0
31,6,592.11,319.03,211.59000000000003,270.97,1,1,1.0
31,7,1513.7,438.3,247.89999999999986,270.59999999999997,1,1,1.0
31,8,401.43,580.48,337.77000000000004,142.51999999999998,1,1,1.0
31,9,861.4,228.15,153.14999999999998,342.65,1,1,1.0
31,10,500.1,683.0,176.60000000000002,225.39999999999998,1,1,1.0
32,1,858.3,483.1,225.9000000000001,282.0,1,1,1.0
32,2,498.2,346.4,142.09999999999997,237.39999999999998,1,1,1.0
32,3,269.2,709.7,304.59999999999997,207.5999999999999,1,1,1.0
32,4,539.7,255.0,262.69999999999993,169.39999999999998,1,1,1.0
32,5,379.6,440.5,124.19999999999999,142.10000000000002,1,1,0.0
32,6,539.5,285.0,266.1,292.20000000000005,1,1,1.0
32,7,1530.1,417.6,222.5,297.79999999999995,1,1,1.0
32,8,360.16,550.39,284.63999999999993,157.40999999999997,1,1,1.0
32,9,850.6,250.88,169.5,314.22,1,1,1.0
32,10,480.8,681.5,192.3,223.70000000000005,1,1,1.0
33,1,858.3,485.2,225.9000000000001,279.90000000000003,1,1,1.0
33,2,496.7,349.4,141.40000000000003,229.10000000000002,1,1,1.0
33,3,268.9,709.7,271.1,200.0999999999999,1,1,1.0
33,4,557.07,257.09,256.53,188.01000000000005,1,1,1.0
33,5,379.6,449.0,123.32,133.60000000000002,1,1,0.0
33,6,553.3,293.9,245.4000000000001,286.30000000000007,1,1,1.0
33,7,1497.7,420.2,236.29999999999995,301.50000000000006,1,1,1.0
33,8,340.0,545.1,325.0,160.19999999999993,1,1,1.0
33,9,811.47,265.06,212.02999999999997,311.34,1,1,1.0
33,10,448.3,718.88,224.40000000000003,230.62,1,1,1.0
34,1,867.3,483.8,220.79999999999995,281.3,1,1,1.0
34,2,504.7,347.9,133.40000000000003,222.10000000000002,1,1,1.0
34,3,272.6,717.8,281.9,200.9000000000001,1,1,1.0
34,4,586.8,260.5,228.30000000000007,195.5,1,1,1.0
34,5,372.9,439.7,130.02000000000004,185.00000000000006,1,1,0.0
34,6,558.1,296.7,244.5,285.8,1,1,1.0
34,7,1431.82,407.98,288.3800000000001,243.01999999999998,1,1,1.0
34,8,352.7,564.8,307.50000000000006,124.90000000000009,1,1,1.0
34,9,824.3,264.2,201.4000000000001,242.0,1,1,1.0
34,10,489.1,647.6,231.19999999999993,268.69999999999993,1,1,1.0
35,1,876.9,485.2,213.80000000000007,278.50000000000006,1,1,1.0
35,2,506.8,374.1,133.49999999999994,186.29999999999995,1,1,1.0
35,3,270.0,717.8,281.79999999999995,196.4000000000001,1,1,1.0
35,4,664.3,256.8,169.60000000000002,225.59999999999997,1,1,1.0
35,5,375.9,439.7,135.20000000000005,177.00000000000006,1,1,0.0
35,6,558.1,312.1,245.29999999999995,275.69999999999993,1,1,1.0
35,7,1411.6,387.8,329.8000000000002,232.40000000000003,1,1,1.0
35,8,397.2,563.2,234.8,144.69999999999993,1,1,1.0
35,9,784.9,271.1,249.39999999999998,235.09999999999997,1,1,1.0
35,10,428.82,707.8,273.08,128.4000000000001,1,1,1.0
36,1,888.1,479.9,203.30000000000007,282.70000000000005,1,1,1.0
36,2,500.0,389.2,140.29999999999995,178.7,1,1,1.0
36,3,270.6,709.8,282.29999999999995,202.20000000000005,1,1,1.0
36,4,594.4,256.8,238.89999999999998,217.7,1,1,1.0
36,5,375.1,439.7,135.59999999999997,172.09999999999997,1,1,0.0
36,6,583.1,317.4,215.60000000000002,275.70000000000005,1,1,1.0
36,7,1357.41,305.46,268.1899999999998,269.04,1,1,1.0
36,8,405.7,557.87,240.41000000000003,160.42999999999995,1,1,1.0
36,9,805.4,277.5,244.69999999999993,209.0,1,1,1.0
36,10,436.4,678.1,266.9,160.79999999999995,1,1,1.0
37,1,833.9,479.9,267.80000000000007,273.5,1,1,1.0
37,2,497.3,396.9,142.99999999999994,179.89999999999998,1,1,1.0
37,3,270.0,712.06,287.5,197.94000000000005,1,1,1.0
37,4,579.09,264.3,240.20999999999992,207.3,1,1,1.0
37,5,380.0,437.98,131.95,167.81999999999994,1,1,0.0
37,6,558.7,317.4,240.0,273.5,1,1,1.0
37,7,1295.26,276.77,279.8399999999999,266.43000000000006,1,1,1.0
37,8,323.7,564.53,320.83,127.97000000000003,1,1,1.0
37,9,797.2,350.3,238.5999999999999,180.09999999999997,1,1,1.0
37,10,421.3,690.9,281.99999999999994,161.20000000000005,1,1,1.0
38,1,835.5,482.2,261.4000000000001,276.50000000000006,1,1,1.0
38,2,493.4,410.2,146.89999999999998,154.7,1,1,1.0
38,3,270.0,711.89,289.79999999999995,198.01,1,1,1.0
38,4,562.29,260.12,253.21000000000004,186.18,1,1,1.0
38,5,397.8,449.59,115.00999999999993,157.51000000000005,1,1,0.0
38,6,555.5,321.7,243.20000000000005,275.09999999999997,1,1,1.0
38,7,1306.9,255.0,242.19999999999982,288.70000000000005,1,1,1.0
38,8,413.9,555.7,234.27999999999997,144.0999999999999,1,1,1.0
38,9,791.59,382.7,235.70999999999992,210.00000000000006,1,1,1.0
38,10,419.09,676.73,260.71,166.06999999999994,1,1,1.0
39,1,846.1,481.8,241.19999999999993,274.8,1,1,1.0
39,2,499.1,386.23,140.60000000000002,171.16999999999996,1,1,1.0
39,3,318.6,711.89,240.39999999999998,192.61,1,1,1.0
39,4,567.36,257.72,249.24,192.97999999999996,1,1,1.0
39,5,406.0,444.86,102.07999999999998,157.34000000000003,1,1,0.0
39,6,569.3,321.7,233.30000000000007,276.7,1,1,1.0
39,7,1313.3,247.0,198.60000000000014,297.79999999999995,1,1,1.0
39,8,410.5,554.98,228.13,120.62,1,1,1.0
39,9,740.1,416.2,250.0,229.09999999999997,1,1,1.0
39,10,428.38,641.32,213.32000000000005,209.88,1,1,1.0
40,1,855.1,483.6,226.39999999999998,273.0,1,1,1.0
40,2,499.38,397.0,146.59000000000003,169.37,1,1,1.0
40,3,303.2,708.3,257.00000000000006,199.5,1,1,1.0
40,4,561.7,255.6,251.0,195.70000000000002,1,1,1.0
40,5,402.9,438.84,101.74000000000001,159.16000000000003,1,1,0.0
40,6,558.1,325.4,240.60000000000002,273.0,1,1,1.0
40,7,1287.8,254.97,177.4000000000001,304.13,1,1,1.0
40,8,383.1,564.56,253.01999999999998,116.1400000000001,1,1,1.0
40,9,714.7,462.4,232.89999999999998,216.10000000000002,1,1,1.0
40,10,439.89,633.35,213.32000000000005,220.04999999999995,1,1,1.0
41,1,859.9,483.6,222.5000000000001,270.1,1,1,1.0
41,2,497.9,394.0,142.39999999999998,175.10000000000002,1,1,1.0
41,3,295.9,708.6,264.30000000000007,199.5,1,1,1.0
41,4,566.1,256.5,246.60000000000002,194.8,1,1,1.0
41,5,410.2,448.73,95.73000000000002,147.76999999999998,1,1,0.0
41,6,560.8,325.4,237.9000000000001,274.6,1,1,1.0
41,7,1287.8,245.9,155.10000000000014,328.1,1,1,1.0
41,8,406.8,564.2,235.67000000000002,112.5,1,1,1.0
41,9,720.2,447.5,241.19999999999993,240.29999999999995,1,1,1.0
41,10,433.3,638.2,222.99999999999994,199.29999999999995,1,1,1.0
42,1,857.0,475.4,233.70000000000005,260.80000000000007,1,1,1.0
42,2,502.2,376.3,138.09999999999997,188.90000000000003,1,1,1.0
42,3,290.0,708.6,274.6,200.0,1,1,1.0
42,4,546.2,254.8,266.19999999999993,196.2,1,1,1.0
42,5,409.1,437.6,100.69999999999999,159.69999999999993,1,1,0.0
42,6,558.7,315.8,240.0,286.3,1,1,1.0
42,7,1287.8,256.0,155.10000000000014,318.0,1,1,1.0
42,8,394.3,564.2,251.90000000000003,110.09999999999991,1,1,1.0
42,9,717.7,433.7,240.5,256.3,1,1,1.0
42,10,423.6,638.2,235.39999999999998,199.29999999999995,1,1,1.0
43,1,856.7,471.9,224.0,270.4,1,1,1.0
43,2,509.4,371.1,130.89999999999998,180.69999999999993,1,1,1.0
43,3,287.8,734.1,279.8,174.19999999999993,1,1,1.0
43,4,543.69,258.4,269.01,186.10000000000002,1,1,1.0
43,5,410.4,439.7,92.52000000000004,120.40000000000003,1,1,0.0
43,6,601.7,304.6,202.5999999999999,295.4,1,1,1.0
43,7,1287.8,267.4,165.29999999999995,306.6,1,1,1.0
43,8,388.5,546.1,281.1,146.29999999999995,1,1,1.0
43,9,721.3,417.2,225.20000000000005,268.59999999999997,1,1,1.0
43,10,387.3,658.1,272.09999999999997,179.39999999999998,1,1,1.0
44,1,877.6,355.56,178.89999999999998,376.34,1,1,1.0
44,2,507.9,355.2,132.39999999999998,185.40000000000003,1,1,1.0
44,3,295.2,726.4,272.40000000000003,181.89999999999998,1,1,1.0
44,4,573.79,258.7,236.51,187.0,1,1,1.0
44,5,406.5,441.9,103.69999999999999,157.60000000000002,1,1,0.0
44,6,552.8,298.3,245.9000000000001,296.40000000000003,1,1,1.0
44,7,1299.0,260.2,179.0,313.8,1,1,1.0
44,8,454.9,537.6,216.80000000000007,168.60000000000002,1,1,1.0
44,9,724.5,417.17,196.51999999999998,269.7,1,1,1.0
44,10,399.25,590.37,221.85000000000002,212.02999999999997,1,1,1.0
45,1,915.8,317.84,159.29999999999995,350.56,1,1,1.0
45,2,509.7,348.9,130.59999999999997,246.0,1,1,1.0
45,3,305.9,726.4,261.70000000000005,181.89999999999998,1,1,1.0
45,4,596.51,257.81,216.49,191.69,1,1,1.0
45,5,412.1,428.52,101.56999999999994,167.58000000000004,1,1,0.0
45,6,569.3,289.7,229.4000000000001,305.00000000000006,1,1,1.0
45,7,1299.0,259.7,179.0,314.3,1,1,1.0
45,8,484.65,562.57,215.75,213.2299999999999,1,1,1.0
45,9,721.4,422.5,200.70000000000005,272.29999999999995,1,1,1.0
45,10,334.62,577.08,255.77999999999997,209.51999999999998,1,1,1.0
46,1,918.8,315.7,154.20000000000005,349.09999999999997,1,1,1.0
46,2,508.3,344.8,131.99999999999994,257.40000000000003,1,1,1.0
46,3,293.4,726.4,274.20000000000005,181.89999999999998,1,1,1.0
46,4,566.79,258.4,248.91000000000008,202.3,1,1,1.0
46,5,410.8,448.03,96.84999999999997,147.17000000000007,1,1,0.0
46,6,561.3,309.4,237.4000000000001,278.9,1,1,1.0
46,7,1301.1,262.5,201.30000000000018,311.5,1,1,1.0
46,8,552.6,588.6,167.5,308.9,1,1,1.0
46,9,721.4,414.8,199.80000000000007,282.3,1,1,1.0
46,10,335.5,529.27,225.70000000000005,241.83000000000004,1,1,1.0
47,1,912.6,309.4,156.10000000000002,359.4,1,1,1.0
47,2,506.6,357.8,133.69999999999993,244.40000000000003,1,1,1.0
47,3,279.0,723.4,290.4,185.5,1,1,1.0
47,4,567.39,259.0,252.11,200.8,1,1,1.0
47,5,408.7,438.86,106.28000000000003,157.64,1,1,0.0
47,6,558.3,309.4,240.4000000000001,278.9,1,1,1.0
47,7,1303.2,261.5,201.29999999999995,314.1,1,1,1.0
47,8,537.7,621.0,185.39999999999998,279.70000000000005,1,1,1.0
47,9,713.0,410.0,198.70000000000005,277.70000000000005,1,1,1.0
47,10,328.9,551.0,237.20000000000005,221.89999999999998,1,1,1.0
48,1,912.6,344.4,164.10000000000002,322.5,1,1,1.0
48,2,513.2,302.5,127.09999999999991,302.70000000000005,1,1,1.0
48,3,279.0,707.1,295.20000000000005,197.5,1,1,1.0
48,4,584.2,258.7,243.39999999999998,202.0,1,1,1.0
48,5,414.1,442.73,100.30999999999995,151.16999999999996,1,1,0.0
48,6,615.26,298.75,184.34000000000003,294.75,1,1,1.0
48,7,1306.8,261.0,175.9000000000001,314.6,1,1,1.0
48,8,479.3,634.5,244.2,266.20000000000005,1,1,1.0
48,9,702.9,418.6,214.39999999999998,281.4,1,1,1.0
48,10,328.9,551.0,237.20000000000005,227.70000000000005,1,1,1.0
49,1,1008.75,429.4,400.54999999999995,179.0,1,1,1.0
49,2,529.5,367.4,110.79999999999995,231.5,1,1,1.0
49,3,296.7,715.3,279.40000000000003,187.80000000000007,1,1,1.0
49,4,616.1,266.63,211.5,201.17000000000002,1,1,1.0
49,5,420.1,451.23,106.55999999999995,144.87,1,1,0.0
49,6,563.76,327.19,233.24,270.21,1,1,1.0
49,7,1309.6,256.6,157.70000000000005,341.29999999999995,1,1,1.0
49,8,538.3,624.7,181.80000000000007,269.5999999999999,1,1,1.0
49,9,697.1,453.8,228.19999999999993,295.09999999999997,1,1,1.0
49,10,309.4,554.5,256.70000000000005,224.20000000000005,1,1,1.0
50,1,1372.2,539.9,283.5999999999999,163.59000000000003,1,1,1.0
50,2,516.2,383.1,121.09999999999991,215.79999999999995,1,1,1.0
50,3,325.8,702.0,250.3,201.10000000000002,1,1,1.0
50,4,717.17,266.1,157.43000000000006,262.4,1,1,1.0
50,5,421.0,438.6,104.79999999999995,159.19999999999993,1,1,0.0
50,6,562.9,320.6,225.5,278.5,1,1,1.0
50,7,1283.04,333.6,313.8600000000001,171.85999999999996,1,1,1.0
50,8,669.6,699.6,329.4,152.19999999999993,1,1,1.0
50,9,716.2,477.1,218.0,300.5,1,1,1.0
50,10,309.4,554.5,256.70000000000005,224.20000000000005,1,1,1.0
51,1,1366.3,534.6,295.9000000000001,168.89,1,1,1.0
51,2,506.7,377.64,131.57,215.06000000000006,1,1,1.0
51,3,298.5,712.7,277.6,190.39999999999998,1,1,1.0
51,4,712.3,245.7,154.0,276.3,1,1,1.0
51,5,421.0,448.2,97.10000000000002,149.59999999999997,1,1,0.0
51,6,590.0,320.1,161.39999999999998,283.1,1,1,1.0
51,7,1301.3,351.66,390.70000000000005,153.23999999999995,1,1,1.0
51,8,951.0,453.1,217.9000000000001,316.36,1,1,1.0
51,9,709.3,472.9,234.10000000000002,271.20000000000005,1,1,1.0
51,10,302.3,562.9,263.40000000000003,212.70000000000005,1,1,1.0
52,1,1371.5,520.8,274.20000000000005,214.60000000000002,1,1,1.0
52,2,508.5,375.3,129.16999999999996,222.8,1,1,1.0
52,3,303.7,708.6,275.7,191.89999999999998,1,1,1.0
52,4,704.8,215.2,163.20000000000005,319.59999999999997,1,1,1.0
52,5,416.7,448.2,92.80000000000001,143.8,1,1,0.0
52,6,560.2,320.1,198.0999999999999,277.6,1,1,1.0
52,7,1400.4,406.38,360.6999999999998,141.51999999999998,1,1,1.0
52,8,1053.7,419.2,193.70000000000005,302.3,1,1,1.0
52,9,733.2,494.2,212.29999999999995,309.90000000000003,1,1,1.0
52,10,299.6,551.4,265.69999999999993,220.20000000000005,1,1,1.0
53,1,1373.7,431.4,158.5,336.30000000000007,1,1,1.0
53,2,508.5,351.2,129.16999999999996,246.90000000000003,1,1,1.0
53,3,303.7,706.0,275.7,194.5,1,1,1.0
53,4,692.8,221.8,179.10000000000002,313.90000000000003,1,1,1.0
53,5,411.5,433.9,101.79999999999995,156.39999999999998,1,1,0.0
53,6,558.91,304.51,206.69000000000005,292.69000000000005,1,1,1.0
53,7,1475.35,398.41,295.85000000000014,163.38999999999993,1,1,1.0
53,8,1071.63,369.2,235.4699999999998,240.93,1,1,1.0
53,9,698.8,540.4,178.20000000000005,325.4,1,1,1.0
53,10,328.8,557.6,239.59999999999997,213.10000000000002,1,1,1.0
54,1,1367.5,409.61,156.0,363.78999999999996,1,1,1.0
54,2,508.5,359.0,129.16999999999996,239.10000000000002,1,1,1.0
54,3,308.1,695.3,270.9,203.70000000000005,1,1,1.0
54,4,700.7,249.0,174.39999999999998,290.70000000000005,1,1,1.0
54,5,401.3,444.3,114.99999999999994,148.8,1,1,0.0
54,6,560.2,313.2,204.5,285.3,1,1,1.0
54,7,1495.48,394.72,290.02,183.88,1,1,1.0
54,8,1084.5,375.0,245.0,232.39999999999998,1,1,1.0
54,9,686.8,555.8,166.80000000000007,311.4000000000001,1,1,1.0
54,10,347.0,547.9,221.39999999999998,222.80000000000007,1,1,1.0
55,1,1355.15,337.54,162.54999999999995,307.56,1,1,1.0
55,2,508.5,356.1,129.16999999999996,231.69999999999993,1,1,1.0
55,3,308.1,722.6,270.9,176.39999999999998,1,1,1.0
55,4,699.0,223.1,176.10000000000002,316.6,1,1,1.0
55,5,401.7,430.2,115.09999999999997,163.3,1,1,0.0
55,6,596.9,296.2,167.80000000000007,302.3,1,1,1.0
55,7,1501.28,393.56,285.81999999999994,185.54000000000002,1,1,1.0
55,8,1081.7,375.0,272.0999999999999,220.29999999999995,1,1,1.0
55,9,659.1,605.8,180.57999999999993,307.80000000000007,1,1,1.0
55,10,347.0,510.7,221.39999999999998,260.00000000000006,1,1,1.0
56,1,1346.1,337.54,176.4000000000001,300.66,1,1,1.0
56,2,508.5,351.2,129.16999999999996,236.59999999999997,1,1,1.0
56,3,289.7,722.6,293.3,174.0,1,1,1.0
56,4,699.0,219.1,179.39999999999998,320.6,1,1,1.0
56,5,407.0,435.8,111.5,151.49999999999994,1,1,0.0
56,6,557.96,291.4,200.64,271.30000000000007,1,1,1.0
56,7,1509.54,389.95,277.55999999999995,184.05,1,1,1.0
56,8,1092.3,382.4,239.29999999999995,218.20000000000005,1,1,1.0
56,9,615.37,662.84,261.70000000000005,240.29999999999995,1,1,1.0
56,10,310.7,551.0,257.7,219.70000000000005,1,1,1.0
57,1,1346.1,337.54,197.20000000000005,309.16,1,1,1.0
57,2,511.0,350.1,126.66999999999996,239.79999999999995,1,1,1.0
57,3,276.6,725.3,305.79999999999995,173.4000000000001,1,1,1.0
57,4,692.4,221.2,182.70000000000005,318.50000000000006,1,1,1.0
57,5,404.9,447.63,113.59000000000003,143.57000000000005,1,1,0.0
57,6,561.9,297.85,196.70000000000005,253.35000000000002,1,1,1.0
57,7,1523.1,391.5,261.4000000000001,183.0,1,1,1.0
57,8,1097.1,377.1,244.10000000000014,222.39999999999998,1,1,1.0
57,9,562.0,696.1,307.38,172.0,1,1,1.0
57,10,323.1,559.4,245.29999999999995,211.30000000000007,1,1,1.0
58,1,1312.63,446.44,344.66999999999985,227.45999999999998,1,1,1.0
58,2,512.8,360.98,128.45000000000005,231.22000000000003,1,1,1.0
58,3,278.39,726.4,306.61,172.30000000000007,1,1,1.0
58,4,715.4,227.1,159.70000000000005,318.79999999999995,1,1,1.0
58,5,402.7,442.52,114.07,149.48000000000002,1,1,0.0
58,6,559.56,291.31,203.04000000000008,257.98999999999995,1,1,1.0
58,7,1501.88,401.02,281.1199999999999,166.08000000000004,1,1,1.0
58,8,1101.9,377.1,235.5999999999999,228.19999999999993,1,1,1.0
58,9,559.14,726.09,324.9,142.0,1,1,1.0
58,10,323.1,559.4,245.29999999999995,211.30000000000007,1,1,1.0
59,1,1426.8,595.19,351.29999999999995,174.6099999999999,1,1,1.0
59,2,508.5,374.5,129.16999999999996,215.89999999999998,1,1,1.0
59,3,313.7,677.99,274.8,218.21000000000004,1,1,1.0
59,4,690.2,223.6,184.89999999999998,324.9,1,1,1.0
59,5,404.6,444.43,110.44999999999993,145.57,1,1,0.0
59,6,561.28,282.28,201.82000000000005,269.12,1,1,1.0
59,7,1510.9,388.3,273.5999999999999,172.99999999999994,1,1,1.0
59,8,1103.5,369.1,233.5,220.29999999999995,1,1,1.0
59,9,559.57,736.62,328.3299999999999,131.89999999999998,1,1,1.0
59,10,298.8,569.6,269.59999999999997,201.10000000000002,1,1,1.0
60,1,1468.3,629.2,316.60000000000014,140.69999999999993,1,1,1.0
60,2,508.9,366.8,130.56000000000006,225.40000000000003,1,1,1.0
60,3,323.7,659.9,268.3,232.80000000000007,1,1,1.0
60,4,711.5,248.8,163.60000000000002,300.59999999999997,1,1,1.0
60,5,403.7,442.71,110.06,146.79000000000002,1,1,0.0
60,6,560.3,284.0,202.30000000000007,263.5,1,1,1.0
60,7,1564.1,413.3,220.4000000000001,164.99999999999994,1,1,1.0
60,8,1095.5,369.6,235.70000000000005,227.19999999999993,1,1,1.0
60,9,536.22,734.47,352.88,136.23000000000002,1,1,1.0
60,10,337.3,560.3,240.40000000000003,206.9000000000001,1,1,1.0
61,1,1491.1,620.7,293.8000000000002,165.19999999999993,1,1,1.0
61,2,511.4,354.3,126.63,239.40000000000003,1,1,1.0
61,3,310.8,643.3,279.7,245.70000000000005,1,1,1.0
61,4,714.5,254.6,160.60000000000002,294.79999999999995,1,1,1.0
61,5,399.4,432.8,116.08000000000004,160.99999999999994,1,1,0.0
61,6,557.53,281.42,195.07000000000005,262.87999999999994,1,1,1.0
61,7,1579.99,351.7,204.51,201.09999999999997,1,1,1.0
61,8,1099.2,376.5,236.79999999999995,217.10000000000002,1,1,1.0
61,9,512.11,614.94,291.78999999999996,254.55999999999995,1,1,1.0
61,10,355.5,567.8,199.60000000000002,199.80000000000007,1,1,1.0
62,1,1527.9,492.2,142.79999999999995,342.3,1,1,1.0
62,2,513.2,348.4,132.55999999999995,213.60000000000002,1,1,1.0
62,3,331.5,620.1,213.60000000000002,271.5,1,1,1.0
62,4,717.2,256.8,157.89999999999998,292.59999999999997,1,1,1.0
62,5,417.4,439.08,107.30000000000007,103.42000000000002,1,1,0.0
62,6,579.9,277.84,172.20000000000005,266.46,1,1,1.0
62,7,1625.7,273.3,158.79999999999995,284.3,1,1,1.0
62,8,1098.1,381.8,237.30000000000018,219.8,1,1,1.0
62,9,512.11,614.08,226.89,301.31999999999994,1,1,1.0
62,10,420.2,507.6,169.09999999999997,281.29999999999995,1,1,1.0
63,1,1453.6,407.5,178.9000000000001,326.29999999999995,1,1,1.0
63,2,513.2,339.99,133.27999999999997,260.51,1,1,1.0
63,3,333.71,576.9,193.69,290.4,1,1,1.0
63,4,716.8,236.0,155.60000000000002,313.4,1,1,1.0
63,5,413.5,434.78,103.46000000000004,88.72000000000003,1,1,0.0
63,6,556.31,273.9,194.09000000000003,264.80000000000007,1,1,1.0
63,7,1615.1,302.7,169.4000000000001,264.00000000000006,1,1,1.0
63,8,1093.3,370.6,276.20000000000005,236.79999999999995,1,1,1.0
63,9,536.1,595.7,208.0,334.29999999999995,1,1,1.0
63,10,522.82,536.52,351.67999999999995,134.77999999999997,1,1,1.0
64,1,1431.6,349.7,166.5,346.40000000000003,1,1,1.0
64,2,516.9,341.78,130.29000000000008,271.4200000000001,1,1,1.0
64,3,315.6,550.4,215.5,301.0,1,1,1.0
64,4,694.7,245.3,180.69999999999993,304.09999999999997,1,1,1.0
64,5,423.0,436.72,92.22000000000003,103.17999999999995,1,1,0.0
64,6,558.79,271.32,195.01,266.58,1,1,1.0
64,7,1611.9,298.6,172.5999999999999,265.4,1,1,1.0
64,8,1082.7,336.7,269.0,264.3,1,1,1.0
64,9,530.13,608.45,194.26999999999998,319.04999999999995,1,1,1.0
64,10,746.39,487.7,332.81000000000006,162.2,1,1,1.0
65,1,1415.08,337.29,170.60000000000014,340.71,1,1,1.0
65,2,517.3,356.84,124.87,263.76000000000005,1,1,1.0
65,3,315.6,550.4,215.5,301.0,1,1,1.0
65,4,631.0,252.8,250.10000000000002,296.59999999999997,1,1,1.0
65,5,431.7,447.06,88.25000000000006,94.94,1,1,0.0
65,6,563.85,283.36,202.04999999999995,256.24,1,1,1.0
65,7,1613.0,265.6,171.5,295.6,1,1,1.0
65,8,1136.9,287.7,212.39999999999986,293.09999999999997,1,1,1.0
65,9,548.97,500.6,158.92999999999995,396.4,1,1,1.0
65,10,785.3,467.3,303.79999999999995,206.90000000000003,1,1,1.0
66,1,1412.1,368.33,167.68000000000006,309.27000000000004,1,1,1.0
66,2,526.5,360.51,119.25999999999999,254.99,1,1,1.0
66,3,299.7,568.1,241.7,266.29999999999995,1,1,1.0
66,4,632.28,249.61,251.82000000000005,298.89,1,1,1.0
66,5,431.69,443.0,87.82999999999998,99.0,1,1,0.0
66,6,563.42,282.52,205.18000000000006,257.48,1,1,1.0
66,7,1619.2,276.4,167.39999999999986,285.30000000000007,1,1,1.0
66,8,1175.2,255.3,172.0999999999999,310.09999999999997,1,1,1.0
66,9,554.13,482.0,144.20000000000005,397.0,1,1,1.0
66,10,793.7,468.63,287.76,190.57000000000005,1,1,1.0
67,1,1412.5,313.2,167.4000000000001,358.40000000000003,1,1,1.0
67,2,531.7,256.94,112.9799999999999,332.26000000000005,1,1,1.0
67,3,292.3,550.0,229.49999999999994,265.20000000000005,1,1,1.0
67,4,625.66,246.17,258.44000000000005,300.23,1,1,1.0
67,5,436.0,440.85,86.10000000000002,100.75,1,1,0.0
67,6,561.7,292.31,199.5999999999999,251.69,1,1,1.0
67,7,1622.0,265.6,162.5,304.19999999999993,1,1,1.0
67,8,1095.51,264.33,231.58999999999992,262.27000000000004,1,1,1.0
67,9,548.3,482.0,149.0,397.0,1,1,1.0
67,10,798.6,476.6,288.19999999999993,193.60000000000002,1,1,1.0
68,1,1359.91,306.29,224.18999999999983,310.10999999999996,1,1,1.0
68,2,532.1,265.0,113.29999999999995,335.29999999999995,1,1,1.0
68,3,293.0,521.6,228.79999999999995,299.1,1,1,1.0
68,4,682.4,251.07,198.30000000000007,294.43,1,1,1.0
68,5,433.8,446.01,86.89000000000004,97.69000000000005,1,1,0.0
68,6,585.15,288.72,184.35000000000002,258.98,1,1,1.0
68,7,1632.1,302.8,155.4000000000001,278.2,1,1,1.0
68,8,1035.0,279.0,318.70000000000005,209.39999999999998,1,1,1.0
68,9,548.8,465.5,148.5,413.5,1,1,1.0
68,10,797.2,473.5,289.5999999999999,198.10000000000002,1,1,1.0
69,1,1295.62,279.73,305.18000000000006,208.76999999999998,1,1,1.0
69,2,513.7,331.8,131.69999999999993,275.90000000000003,1,1,1.0
69,3,320.7,509.1,201.09999999999997,311.6,1,1,1.0
69,4,686.7,218.76,195.19999999999993,327.24,1,1,1.0
69,5,436.0,443.0,77.0,99.39999999999998,1,1,0.0
69,6,564.4,269.6,202.89999999999998,277.69999999999993,1,1,1.0
69,7,1632.1,298.5,153.30000000000018,282.5,1,1,1.0
69,8,1039.25,271.21,309.6500000000001,157.69,1,1,1.0
69,9,550.4,480.4,146.89999999999998,398.6,1,1,1.0
69,10,796.8,473.5,305.9000000000001,207.29999999999995,1,1,1.0
70,1,1313.7,274.4,307.5999999999999,187.20000000000005,1,1,1.0
70,2,503.0,347.7,146.79999999999995,268.90000000000003,1,1,1.0
70,3,308.9,551.2,212.89999999999998,267.29999999999995,1,1,1.0
70,4,710.66,236.42,166.14,312.08000000000004,1,1,1.0
70,5,429.5,447.3,77.05000000000001,92.99999999999994,1,1,0.0
70,6,586.7,255.3,173.29999999999995,287.7,1,1,1.0
70,7,1650.1,262.4,136.5,328.70000000000005,1,1,1.0
70,8,1032.3,272.3,316.10000000000014,149.2,1,1,1.0
70,9,548.3,480.4,149.0,396.5,1,1,1.0
70,10,796.8,466.0,294.79999999999995,214.79999999999995,1,1,1.0
71,1,1265.89,360.5,335.7099999999998,154.91999999999996,1,1,1.0
71,2,499.8,365.5,147.8,243.39999999999998,1,1,1.0
71,3,345.1,528.3,176.69999999999993,297.20000000000005,1,1,1.0
71,4,703.2,242.7,172.69999999999993,307.59999999999997,1,1,1.0
71,5,425.2,451.19,77.48000000000002,89.10999999999996,1,1,0.0
71,6,586.7,255.3,176.69999999999993,288.99999999999994,1,1,1.0
71,7,1659.8,302.8,127.29999999999995,289.8,1,1,1.0
71,8,1054.3,270.2,231.4000000000001,190.10000000000002,1,1,1.0
71,9,546.13,494.2,152.66999999999996,377.90000000000003,1,1,1.0
71,10,800.7,384.5,277.5999999999999,299.1,1,1,1.0
72,1,1207.45,377.5,341.54999999999995,176.20000000000005,1,1,1.0
72,2,485.7,384.5,150.8,222.20000000000005,1,1,1.0
72,3,325.5,507.6,196.29999999999995,317.9,1,1,1.0
72,4,656.69,243.56,224.01,304.54,1,1,1.0
72,5,432.1,444.72,60.31999999999999,98.17999999999995,1,1,0.0
72,6,570.69,279.27,195.1099999999999,268.83000000000004,1,1,1.0
72,7,1658.7,323.52,127.5,273.88,1,1,1.0
72,8,1057.3,269.7,228.4000000000001,189.5,1,1,1.0
72,9,532.35,509.03,168.04999999999995,364.07000000000005,1,1,1.0
72,10,892.85,291.6,177.05000000000007,342.75,1,1,1.0
73,1,1117.67,401.4,350.6299999999999,187.36,1,1,1.0
73,2,485.7,382.8,162.90000000000003,230.49999999999994,1,1,1.0
73,3,336.9,484.7,184.89999999999998,340.8,1,1,1.0
73,4,655.4,250.2,220.10000000000002,289.00000000000006,1,1,1.0
73,5,428.2,452.46,67.23000000000002,92.14000000000004,1,1,0.0
73,6,574.19,280.13,198.1099999999999,275.16999999999996,1,1,1.0
73,7,1664.7,335.7,121.89999999999986,259.50000000000006,1,1,1.0
73,8,1054.1,269.7,228.60000000000014,188.2,1,1,1.0
73,9,530.8,521.3,166.5,352.9000000000001,1,1,1.0
73,10,930.5,285.8,152.20000000000005,322.2,1,1,1.0
74,1,1140.5,400.0,318.5999999999999,193.5,1,1,1.0
74,2,485.7,370.3,160.40000000000003,233.40000000000003,1,1,1.0
74,3,326.9,541.9,194.89999999999998,285.80000000000007,1,1,1.0
74,4,560.2,255.5,304.19999999999993,255.7,1,1,1.0
74,5,428.4,447.3,62.30000000000001,101.30000000000001,1,1,0.0
74,6,585.82,265.02,188.57999999999993,300.18000000000006,1,1,1.0
74,7,1672.3,336.8,113.92000000000007,261.49999999999994,1,1,1.0
74,8,1054.1,269.7,231.60000000000014,189.5,1,1,1.0
74,9,530.28,505.86,173.92000000000007,368.34000000000003,1,1,1.0
74,10,933.6,292.4,149.10000000000002,323.80000000000007,1,1,1.0
75,1,1158.0,404.6,302.29999999999995,246.79999999999995,1,1,1.0
75,2,485.7,357.0,164.3,253.70000000000005,1,1,1.0
75,3,333.2,513.5,188.59999999999997,314.20000000000005,1,1,1.0
75,4,556.66,256.4,309.94000000000005,251.3,1,1,1.0
75,5,428.4,446.4,62.30000000000001,98.30000000000007,1,1,0.0
75,6,569.2,238.78,206.89999999999998,318.4200000000001,1,1,1.0
75,7,1681.5,352.2,103.0,264.3,1,1,1.0
75,8,1066.3,265.4,217.29999999999995,199.60000000000002,1,1,1.0
75,9,531.83,496.4,177.56999999999994,374.70000000000005,1,1,1.0
75,10,933.6,287.5,150.10000000000002,328.70000000000005,1,1,1.0
76,1,1132.0,393.3,329.9000000000001,205.49999999999994,1,1,1.0
76,2,485.7,360.7,164.00000000000006,245.59999999999997,1,1,1.0
76,3,336.5,523.1,185.29999999999995,304.6,1,1,1.0
76,4,612.9,262.2,251.5,251.7,1,1,1.0
76,5,432.1,450.3,58.599999999999966,94.59999999999997,1,1,0.0
76,6,608.0,270.2,169.79999999999995,294.09999999999997,1,1,1.0
76,7,1515.2,445.2,269.29999999999995,135.7,1,1,1.0
76,8,1053.0,269.7,234.0,195.3,1,1,1.0
76,9,536.6,518.2,171.29999999999995,353.9,1,1,1.0
76,10,934.9,311.8,147.80000000000007,299.99999999999994,1,1,1.0
77,1,1132.0,403.6,329.9000000000001,195.19999999999993,1,1,1.0
77,2,486.4,356.8,164.70000000000005,245.90000000000003,1,1,1.0
77,3,336.5,523.1,185.29999999999995,305.79999999999995,1,1,1.0
77,4,632.4,262.2,232.0,254.40000000000003,1,1,1.0
77,5,436.8,439.6,59.89999999999998,107.5,1,1,0.0
77,6,568.9,295.2,201.20000000000005,266.40000000000003,1,1,1.0
77,7,1463.67,428.7,320.8299999999999,191.51000000000005,1,1,1.0
77,8,1048.3,261.68,240.0,202.92000000000002,1,1,1.0
77,9,536.6,518.2,171.29999999999995,353.9,1,1,1.0
77,10,930.0,313.1,152.70000000000005,298.29999999999995,1,1,1.0
78,1,1107.6,440.3,370.20000000000005,149.49999999999994,1,1,1.0
78,2,490.0,368.23,161.83000000000004,236.97000000000003,1,1,1.0
78,3,332.1,528.6,189.69999999999993,299.1,1,1,1.0
78,4,665.6,234.8,203.10000000000002,289.49999999999994,1,1,1.0
78,5,437.3,443.86,55.120000000000005,103.24000000000001,1,1,0.0
78,6,569.1,297.6,201.0,262.15,1,1,1.0
78,7,1352.64,478.0,365.55999999999995,224.01999999999998,1,1,1.0
78,8,1048.3,266.86,241.20000000000005,196.83999999999997,1,1,1.0
78,9,531.8,511.8,176.10000000000002,361.8,1,1,1.0
78,10,930.0,282.1,152.70000000000005,301.9,1,1,1.0
79,1,1055.54,318.11,281.96000000000004,250.49,1,1,1.0
79,2,492.6,378.74,157.43999999999994,226.86,1,1,1.0
79,3,332.1,528.6,189.69999999999993,299.1,1,1,1.0
79,4,678.0,221.5,191.10000000000002,310.1,1,1,1.0
79,5,429.9,444.72,62.950000000000045,100.57999999999993,1,1,0.0
79,6,560.7,293.22,209.39999999999998,266.4,1,1,1.0
79,7,1356.1,471.0,331.9000000000001,236.20000000000005,1,1,1.0
79,8,1043.14,260.41,244.26,201.78999999999996,1,1,1.0
79,9,546.7,493.7,161.19999999999993,378.40000000000003,1,1,1.0
79,10,930.0,279.0,152.70000000000005,282.9,1,1,1.0
80,1,1053.94,304.83,245.55999999999995,249.77000000000004,1,1,1.0
80,2,491.2,383.18,157.77000000000004,224.92000000000002,1,1,1.0
80,3,356.1,534.1,165.69999999999993,293.6,1,1,1.0
80,4,682.79,257.37,186.31000000000006,278.83000000000004,1,1,1.0
80,5,432.1,443.0,58.599999999999966,101.89999999999998,1,1,0.0
80,6,592.53,310.79,178.87,249.31,1,1,1.0
80,7,1347.3,474.4,343.70000000000005,229.80000000000007,1,1,1.0
80,8,1094.33,238.54,196.87000000000012,242.56000000000003,1,1,1.0
80,9,546.7,476.7,161.19999999999993,388.7,1,1,1.0
80,10,924.7,242.3,158.0,316.09999999999997,1,1,1.0
81,1,1053.94,288.9,235.8599999999999,279.70000000000005,1,1,1.0
81,2,489.4,394.26,159.21000000000004,211.34000000000003,1,1,1.0
81,3,357.9,542.2,163.89999999999998,289.5999999999999,1,1,1.0
81,4,638.51,257.37,230.19000000000005,280.53,1,1,1.0
81,5,432.1,443.0,61.5,105.10000000000002,1,1,0.0
81,6,607.5,287.2,162.60000000000002,276.00000000000006,1,1,1.0
81,7,1342.0,475.7,342.5999999999999,230.59999999999997,1,1,1.0
81,8,1163.9,283.1,152.0999999999999,248.89999999999998,1,1,1.0
81,9,543.52,477.15,164.88,387.25,1,1,1.0
81,10,911.5,222.4,171.20000000000005,336.0,1,1,1.0
82,1,1062.0,284.7,202.79999999999995,337.59999999999997,1,1,1.0
82,2,490.8,393.9,159.95999999999998,214.60000000000002,1,1,1.0
82,3,416.56,614.5,145.04000000000002,249.39999999999998,1,1,1.0
82,4,573.96,260.89,294.74,255.31000000000006,1,1,1.0
82,5,410.2,445.15,83.69999999999999,107.20000000000005,1,1,0.0
82,6,592.65,297.3,178.75,267.2,1,1,1.0
82,7,1357.76,478.27,327.70000000000005,243.60000000000002,1,1,1.0
82,8,1229.87,275.0,286.43000000000006,203.33999999999997,1,1,1.0
82,9,535.5,487.8,169.29999999999995,375.8,1,1,1.0
82,10,895.1,213.5,171.60000000000002,330.70000000000005,1,1,1.0
83,1,1072.0,305.0,177.4000000000001,297.6,1,1,1.0
83,2,497.3,401.43,153.82,206.67000000000002,1,1,1.0
83,3,385.9,696.77,280.80000000000007,167.83000000000004,1,1,1.0
83,4,594.24,258.74,277.96000000000004,242.86,1,1,1.0
83,5,426.0,443.0,70.10000000000002,107.20000000000005,1,1,0.0
83,6,599.62,291.76,177.38,278.24,1,1,1.0
83,7,1366.0,483.2,311.70000000000005,215.2,1,1,1.0
83,8,1279.28,356.0,343.81999999999994,124.5,1,1,1.0
83,9,555.11,501.6,150.18999999999994,362.5,1,1,1.0
83,10,857.9,225.9,208.30000000000007,321.0,1,1,1.0
84,1,1072.0,306.5,183.29999999999995,298.9,1,1,1.0
84,2,494.0,391.75,156.39999999999998,212.45000000000005,1,1,1.0
84,3,576.2,812.6,334.0,119.50999999999999,1,1,1.0
84,4,568.16,260.46,301.5400000000001,232.64000000000004,1,1,1.0
84,5,432.1,444.43,62.17999999999995,107.17000000000002,1,1,0.0
84,6,612.2,278.7,163.0999999999999,290.90000000000003,1,1,1.0
84,7,1366.0,508.4,334.0,190.0,1,1,1.0
84,8,1391.9,385.4,343.81999999999994,130.70000000000005,1,1,1.0
84,9,553.56,502.12,154.24,343.38,1,1,1.0
84,10,849.5,233.0,218.0999999999999,313.9,1,1,1.0
85,1,1072.0,292.7,184.0,312.00000000000006,1,1,1.0
85,2,495.1,390.5,156.01999999999998,212.79999999999995,1,1,1.0
85,3,813.5,623.0,295.0999999999999,272.22,1,1,1.0
85,4,590.72,263.53,286.0799999999999,229.17000000000002,1,1,1.0
85,5,429.8,454.11,63.40999999999997,93.99000000000001,1,1,0.0
85,6,615.64,278.27,169.56000000000006,292.43000000000006,1,1,1.0
85,7,1327.2,513.2,372.79999999999995,157.0,1,1,1.0
85,8,1513.02,408.87,272.78,106.13,1,1,1.0
85,9,551.5,472.4,150.10000000000002,380.1,1,1,1.0
85,10,861.0,218.8,206.5999999999999,328.09999999999997,1,1,1.0
86,1,1072.0,298.5,181.5,308.79999999999995,1,1,1.0
86,2,490.8,376.26,160.68,224.24,1,1,1.0
86,3,893.19,586.8,287.6099999999999,288.5,1,1,1.0
86,4,566.4,260.9,307.4,229.20000000000005,1,1,1.0
86,5,430.5,437.7,73.0,114.30000000000001,1,1,0.0
86,6,612.2,287.7,170.0,287.7,1,1,1.0
86,7,1305.4,516.9,394.5999999999999,153.30000000000007,1,1,1.0
86,8,1632.6,418.4,153.5,95.5,1,1,0.0
86,9,554.08,469.66,148.01999999999998,384.34,1,1,1.0
86,10,900.4,171.0,167.19999999999993,360.79999999999995,1,1,1.0
87,1,1116.5,303.81,172.29999999999995,325.39000000000004,1,1,1.0
87,2,491.9,378.05,157.77999999999997,223.15000000000003,1,1,1.0
87,3,896.88,570.6,306.91999999999996,277.03,1,1,1.0
87,4,554.9,260.9,313.0,235.70000000000005,1,1,1.0
87,5,430.5,448.9,73.0,102.39999999999998,1,1,0.0
87,6,616.5,337.6,178.29999999999995,237.79999999999995,1,1,1.0
87,7,1303.8,516.9,396.20000000000005,163.89999999999998,1,1,1.0
87,8,1641.6,420.6,142.80000000000018,103.0,1,1,0.0
87,9,553.56,477.72,144.24,377.78,1,1,1.0
87,10,897.3,159.9,168.10000000000014,344.5,1,1,1.0
88,1,1103.9,313.9,310.29999999999995,220.20000000000005,1,1,1.0
88,2,491.5,359.72,158.53999999999996,249.67999999999995,1,1,1.0
88,3,885.4,563.6,309.6,266.69999999999993,1,1,1.0
88,4,590.28,261.33,274.52,238.87,1,1,1.0
88,5,426.9,444.1,77.68,110.79999999999995,1,1,0.0
88,6,616.5,337.6,174.79999999999995,236.10000000000002,1,1,1.0
88,7,1328.8,516.9,379.70000000000005,168.70000000000005,1,1,1.0
88,8,1647.7,418.93,139.16999999999985,109.27000000000004,1,1,0.0
88,9,521.73,483.38,177.76999999999998,382.82000000000005,1,1,1.0
88,10,897.3,191.3,171.70000000000005,301.59999999999997,1,1,1.0
89,1,1200.59,297.43,199.31000000000017,356.77000000000004,1,1,1.0
89,2,498.1,359.72,150.51,258.78,1,1,1.0
89,3,872.9,563.6,322.0000000000001,249.0,1,1,1.0
89,4,577.1,260.9,287.69999999999993,241.90000000000003,1,1,1.0
89,5,426.92,436.1,79.89999999999998,118.29999999999995,1,1,0.0
89,6,616.9,333.7,176.60000000000002,238.50000000000006,1,1,1.0
89,7,1365.5,516.9,343.0,146.39999999999998,1,1,1.0
89,8,1646.0,418.93,140.8699999999999,106.17000000000002,1,1,0.0
89,9,540.3,479.76,161.70000000000005,385.34000000000003,1,1,1.0
89,10,902.2,199.3,167.79999999999995,301.59999999999997,1,1,1.0
90,1,1248.4,297.43,139.79999999999995,381.17,1,1,1.0
90,2,498.3,318.55,150.67000000000002,302.65000000000003,1,1,1.0
90,3,870.5,573.2,324.4000000000001,239.89999999999998,1,1,1.0
90,4,579.8,262.19,284.1,240.20999999999998,1,1,1.0
90,5,430.5,452.6,75.19999999999999,101.79999999999995,1,1,0.0
90,6,572.9,314.8,223.60000000000002,258.7,1,1,1.0
90,7,1383.0,521.2,332.79999999999995,181.39999999999998,1,1,1.0
90,8,1648.5,421.08,136.57999999999993,106.52000000000004,1,1,0.0
90,9,534.46,504.3,168.14,359.3,1,1,1.0
90,10,902.2,176.3,171.5,322.8,1,1,1.0
91,1,1248.93,297.43,139.79999999999995,390.17,1,1,1.0
91,2,533.6,312.1,104.0,250.69999999999993,1,1,1.0
91,3,881.2,573.9,298.20000000000005,249.89999999999998,1,1,1.0
91,4,573.59,242.29,291.2099999999999,267.21000000000004,1,1,1.0
91,5,430.5,435.1,95.20000000000005,119.29999999999995,1,1,0.0
91,6,598.16,333.91,192.74,251.08999999999997,1,1,1.0
91,7,1389.4,514.8,323.79999999999995,180.4000000000001,1,1,1.0
91,8,1646.0,417.86,138.0,101.84000000000003,1,1,0.0
91,9,550.31,476.7,152.29000000000008,383.3,1,1,1.0
91,10,902.2,202.4,171.5,288.20000000000005,1,1,1.0
92,1,1248.93,297.43,139.79999999999995,380.07,1,1,1.0
92,2,537.18,308.57,90.42000000000007,256.22999999999996,1,1,1.0
92,3,890.2,567.6,255.89999999999986,259.0,1,1,1.0
92,4,585.12,261.85,280.58000000000004,248.04999999999995,1,1,1.0
92,5,430.5,440.9,99.5,106.70000000000005,1,1,0.0
92,6,597.3,337.2,189.30000000000007,251.40000000000003,1,1,1.0
92,7,1389.4,514.8,323.0,192.60000000000002,1,1,1.0
92,8,1646.4,418.57,139.02999999999997,101.53000000000003,1,1,0.0
92,9,553.6,451.2,144.79999999999995,407.59999999999997,1,1,1.0
92,10,902.2,168.3,175.20000000000005,335.3,1,1,1.0
93,1,1248.93,297.43,142.8699999999999,380.07,1,1,1.0
93,2,544.57,318.73,89.82999999999993,243.16999999999996,1,1,1.0
93,3,899.1,567.6,244.4999999999999,264.5,1,1,1.0
93,4,579.41,264.0,282.39,243.8,1,1,1.0
93,5,430.5,426.3,117.10000000000002,135.49999999999994,1,1,0.0
93,6,591.5,337.2,209.29999999999995,271.59999999999997,1,1,1.0
93,7,1367.6,502.6,347.4000000000001,201.60000000000002,1,1,1.0
93,8,1645.3,416.42,141.56999999999994,97.78000000000003,1,1,0.0
93,9,553.6,504.3,145.89999999999998,354.49999999999994,1,1,1.0
93,10,902.2,201.9,175.20000000000005,301.70000000000005,1,1,1.0
94,1,1248.93,297.43,139.79999999999995,378.36999999999995,1,1,1.0
94,2,529.8,344.61,105.0,195.89,1,1,1.0
94,3,904.3,559.9,235.60000000000014,273.30000000000007,1,1,1.0
94,4,592.2,260.0,272.5999999999999,240.2,1,1,1.0
94,5,430.5,422.8,102.70000000000005,158.7,1,1,0.0
94,6,532.53,421.67,281.1700000000001,188.22999999999996,1,1,1.0
94,7,1352.2,502.6,367.5,205.29999999999995,1,1,1.0
94,8,1635.7,413.56,149.3699999999999,100.14000000000004,1,1,0.0
94,9,551.5,530.9,149.0,332.20000000000005,1,1,1.0
94,10,902.2,217.0,175.20000000000005,296.79999999999995,1,1,1.0
95,1,1248.93,297.43,139.79999999999995,377.96999999999997,1,1,1.0
95,2,542.0,317.37,94.95000000000005,238.23000000000002,1,1,1.0
95,3,901.5,559.9,259.4000000000001,274.20000000000005,1,1,1.0
95,4,592.2,260.0,272.5999999999999,240.2,1,1,1.0
95,5,430.5,422.8,102.70000000000005,152.3,1,1,0.0
95,6,515.5,425.4,294.5,197.80000000000007,1,1,1.0
95,7,1335.2,502.6,381.0,197.29999999999995,1,1,1.0
95,8,1639.6,411.77,146.91000000000008,100.52999999999997,1,1,0.0
95,9,486.2,535.2,212.2,322.5999999999999,1,1,1.0
95,10,902.2,205.9,175.20000000000005,307.9,1,1,1.0
96,1,1248.93,297.43,144.97000000000003,380.07,1,1,1.0
96,2,540.2,289.9,99.6099999999999,277.70000000000005,1,1,1.0
96,3,902.5,559.9,285.29999999999995,272.6,1,1,1.0
96,4,592.2,260.0,272.5999999999999,240.2,1,1,1.0
96,5,430.5,441.9,102.70000000000005,133.20000000000005,1,1,0.0
96,6,542.34,424.3,271.1,198.90000000000003,1,1,1.0
96,7,1335.2,502.6,378.5,197.29999999999995,1,1,1.0
96,8,1643.5,412.12,143.3599999999999,104.27999999999997,1,1,0.0
96,9,498.4,501.2,203.70000000000005,337.50000000000006,1,1,1.0
96,10,902.2,200.6,175.20000000000005,313.19999999999993,1,1,1.0
97,1,1253.06,298.98,144.34000000000015,370.02,1,1,1.0
97,2,540.2,299.5,103.59999999999991,279.9,1,1,1.0
97,3,902.5,566.2,237.70000000000005,266.29999999999995,1,1,1.0
97,4,610.36,264.3,264.93999999999994,237.39999999999998,1,1,1.0
97,5,430.5,436.3,102.70000000000005,142.09999999999997,1,1,0.0
97,6,542.3,424.3,270.70000000000005,198.49999999999994,1,1,1.0
97,7,1371.4,502.6,346.0,181.10000000000002,1,1,1.0
97,8,1641.6,408.18,145.26,104.71999999999997,1,1,0.0
97,9,459.62,495.36,237.77999999999997,310.53999999999996,1,1,1.0
97,10,896.0,215.2,181.4000000000001,298.59999999999997,1,1,1.0
98,1,1235.1,302.7,159.60000000000014,366.90000000000003,1,1,1.0
98,2,536.6,299.5,108.89999999999998,286.79999999999995,1,1,1.0
98,3,908.8,566.2,231.4000000000001,265.5999999999999,1,1,1.0
98,4,636.9,271.6,252.39999999999998,236.59999999999997,1,1,1.0
98,5,429.3,437.7,105.69999999999999,138.3,1,1,0.0
98,6,543.7,424.3,268.5,198.90000000000003,1,1,1.0
98,7,1354.8,506.8,358.5,213.3,1,1,1.0
98,8,1643.0,412.84,144.57999999999993,102.16000000000003,1,1,0.0
98,9,448.5,448.6,247.79999999999995,339.6,1,1,1.0
98,10,887.6,213.4,189.80000000000007,300.4,1,1,1.0
99,1,1235.1,302.7,160.9000000000001,366.90000000000003,1,1,1.0
99,2,535.2,316.7,104.59999999999991,263.09999999999997,1,1,1.0
99,3,909.5,554.0,229.20000000000005,282.5,1,1,1.0
99,4,645.3,272.0,245.70000000000005,236.2,1,1,1.0
99,5,450.7,437.7,82.50000000000006,76.80000000000001,1,1,0.0
99,6,563.09,405.56,248.20999999999992,219.04000000000002,1,1,1.0
99,7,1398.9,506.8,319.0999999999999,193.59999999999997,1,1,1.0
99,8,1638.7,414.63,147.80999999999995,101.87,1,1,0.0
99,9,433.6,459.2,262.69999999999993,329.00000000000006,1,1,1.0
99,10,876.5,205.0,209.70000000000005,308.79999999999995,1,1,1.0
100,1,1243.1,302.7,148.60000000000014,373.8,1,1,1.0
100,2,533.7,315.0,96.39999999999998,269.1,1,1,1.0
100,3,915.8,554.0,222.9000000000001,285.9,1,1,1.0
100,4,640.0,272.0,242.5,233.10000000000002,1,1,1.0
100,5,439.8,429.2,96.80000000000001,118.19999999999999,1,1,0.0
100,6,578.68,341.84,207.82000000000005,279.26000000000005,1,1,1.0
100,7,1391.5,497.8,327.5999999999999,181.3,1,1,1.0
100,8,1643.6,413.92,142.91000000000008,106.47999999999996,1,1,0.0
100,9,476.6,436.9,181.39999999999998,346.0,1,1,1.0
100,10,861.9,216.1,231.0000000000001,288.79999999999995,1,1,1.0
101,1,1243.1,302.7,145.6300000000001,344.59999999999997,1,1,1.0
101,2,538.0,294.3,96.29999999999995,260.40000000000003,1,1,1.0
101,3,920.1,554.0,210.4999999999999,285.9,1,1,1.0
101,4,644.4,272.0,230.60000000000002,233.10000000000002,1,1,1.0
101,5,328.5,417.8,241.89999999999998,126.59999999999997,1,1,1.0
101,6,590.26,259.03,168.34000000000003,357.1700000000001,1,1,1.0
101,7,1391.5,502.6,327.0999999999999,176.5,1,1,1.0
101,8,1646.3,419.65,139.67000000000007,100.25,1,1,0.0
101,9,473.9,486.3,183.20000000000005,285.40000000000003,1,1,1.0
101,10,858.4,220.1,234.5000000000001,284.79999999999995,1,1,1.0
102,1,1238.4,304.8,156.69999999999982,311.2,1,1,1.0
102,2,540.2,377.7,90.79999999999995,101.0,1,1,0.0
102,3,923.5,552.21,207.0999999999999,290.28999999999996,1,1,1.0
102,4,616.4,261.38,258.0,254.32000000000005,1,1,1.0
102,5,378.9,440.9,116.10000000000002,281.88,1,1,1.0
102,6,582.5,261.3,161.10000000000002,333.8,1,1,1.0
102,7,1381.9,488.8,339.5,253.49999999999994,1,1,1.0
102,8,1640.4,409.26,145.75,106.24000000000001,1,1,0.0
102,9,461.69,442.2,200.10999999999996,333.21999999999997,1,1,1.0
102,10,875.7,223.2,217.20000000000005,281.7,1,1,1.0
103,1,1243.1,305.9,152.0,320.70000000000005,1,1,1.0
103,2,540.2,327.8,51.299999999999955,108.80000000000001,1,1,0.0
103,3,929.8,553.1,200.79999999999995,300.5,1,1,1.0
103,4,576.7,261.38,293.0,254.32000000000005,1,1,1.0
103,5,381.1,487.7,127.17999999999995,349.3,1,1,1.0
103,6,582.5,251.7,157.89999999999998,343.40000000000003,1,1,1.0
103,7,1391.5,488.8,322.79999999999995,259.3,1,1,1.0
103,8,1624.8,407.1,162.05999999999995,107.86000000000001,1,1,0.0
103,9,454.8,442.7,206.99999999999994,334.8,1,1,1.0
103,10,871.3,230.7,218.10000000000014,286.59999999999997,1,1,1.0
104,1,1243.1,320.8,152.0,299.40000000000003,1,1,1.0
104,2,541.6,333.18,54.26999999999998,103.71999999999997,1,1,0.0
104,3,941.6,555.8,188.9999999999999,303.0,1,1,1.0
104,4,551.5,261.38,313.20000000000005,222.72000000000003,1,1,1.0
104,5,393.3,518.0,145.3,329.1,1,1,1.0
104,6,575.6,297.4,164.79999999999995,294.0,1,1,1.0
104,7,1383.6,488.8,326.5,250.90000000000003,1,1,1.0
104,8,1631.7,407.52,155.16999999999985,102.38,1,1,0.0
104,9,476.43,474.52,185.86999999999995,297.78,1,1,1.0
104,10,892.1,219.6,197.30000000000007,296.4,1,1,1.0
105,1,1243.1,313.9,152.0,308.20000000000005,1,1,1.0
105,2,316.7,383.71,272.79,98.09000000000003,1,1,0.0
105,3,936.9,512.67,195.89999999999998,356.83000000000004,1,1,1.0
105,4,567.4,261.38,295.6,229.92000000000002,1,1,1.0
105,5,393.3,532.9,149.99999999999994,309.4,1,1,1.0
105,6,579.3,308.0,167.5,288.20000000000005,1,1,1.0
105,7,1402.5,495.7,307.5999999999999,209.09999999999997,1,1,1.0
105,8,1639.8,414.0,148.5,96.69999999999999,1,1,0.0
105,9,469.6,450.6,193.29999999999995,321.69999999999993,1,1,1.0
105,10,896.5,220.9,192.9000000000001,295.1,1,1,1.0
106,1,1246.5,320.3,155.0999999999999,292.2,1,1,1.0
106,2,404.4,379.6,187.10000000000002,96.39999999999998,1,1,0.0
106,3,941.6,536.3,165.69999999999993,316.6,1,1,1.0
106,4,559.9,259.2,302.20000000000005,233.40000000000003,1,1,1.0
106,5,393.3,532.9,149.99999999999994,317.30000000000007,1,1,1.0
106,6,564.4,299.0,188.60000000000002,299.79999999999995,1,1,1.0
106,7,1408.1,501.41,305.44000000000005,192.88999999999993,1,1,1.0
106,8,1608.73,381.23,176.70000000000005,118.37,1,1,0.0
106,9,466.85,448.96,197.54999999999995,323.34,1,1,1.0
106,10,900.5,210.7,188.9000000000001,305.3,1,1,1.0
107,1,1243.1,323.0,155.0,290.79999999999995,1,1,1.0
107,2,425.9,400.6,149.0,67.29999999999995,1,1,0.0
107,3,906.92,539.99,199.2800000000001,316.6,1,1,1.0
107,4,558.13,258.37,303.16999999999996,229.82999999999998,1,1,1.0
107,5,393.3,529.3,149.99999999999994,336.30000000000007,1,1,1.0
107,6,550.1,284.7,201.19999999999993,302.50000000000006,1,1,1.0
107,7,1405.1,502.82,308.01,171.68,1,1,1.0
107,8,1618.83,383.09,167.26999999999998,147.91000000000003,1,1,0.0
107,9,474.25,445.35,191.14999999999998,331.65,1,1,1.0
107,10,900.5,199.6,184.9000000000001,336.79999999999995,1,1,1.0
108,1,1243.1,323.0,154.10000000000014,286.5,1,1,1.0
108,2,424.6,370.3,163.19999999999993,96.30000000000001,1,1,0.0
108,3,902.5,539.99,203.70000000000005,316.6,1,1,1.0
108,4,605.46,261.38,259.3399999999999,235.22000000000003,1,1,1.0
108,5,393.3,532.9,144.2,321.0,1,1,1.0
108,6,583.5,281.0,170.70000000000005,306.20000000000005,1,1,1.0
108,7,1406.8,508.05,309.51,179.05,1,1,1.0
108,8,1620.98,385.6,164.42000000000007,149.39999999999998,1,1,0.0
108,9,489.2,435.7,173.7,340.8,1,1,1.0
108,10,887.7,230.1,206.5,311.19999999999993,1,1,1.0
109,1,1243.1,317.7,154.10000000000014,295.50000000000006,1,1,1.0
109,2,432.0,339.8,159.70000000000005,126.69999999999999,1,1,0.0
109,3,902.5,539.99,203.70000000000005,314.40999999999997,1,1,1.0
109,4,609.86,259.23,251.03999999999996,239.57,1,1,1.0
109,5,393.3,532.9,137.99999999999994,328.4,1,1,1.0
109,6,587.61,280.36,167.59000000000003,305.84000000000003,1,1,1.0
109,7,1406.6,499.79,314.6500000000001,199.31,1,1,1.0
109,8,1617.4,399.4,168.69999999999982,143.39999999999998,1,1,0.0
109,9,489.72,457.5,174.17999999999995,316.4,1,1,1.0
109,10,912.5,254.0,184.9000000000001,305.5,1,1,1.0
110,1,1243.1,307.1,154.10000000000014,316.69999999999993,1,1,1.0
110,2,362.8,370.3,224.99999999999994,110.69999999999999,1,1,0.0
110,3,902.5,538.1,203.70000000000005,318.19999999999993,1,1,1.0
110,4,601.84,261.38,266.55999999999995,237.42000000000002,1,1,1.0
110,5,393.3,536.6,130.40000000000003,331.6,1,1,1.0
110,6,566.36,272.5,185.74,312.70000000000005,1,1,1.0
110,7,1372.3,490.62,348.80999999999995,250.88,1,1,1.0
110,8,1652.3,544.03,131.87000000000012,114.60000000000002,1,1,0.0
110,9,478.0,440.0,179.70000000000005,339.0,1,1,1.0
110,10,912.5,261.5,184.9000000000001,280.29999999999995,1,1,1.0
111,1,1243.1,295.9,148.80000000000018,360.30000000000007,1,1,1.0
111,2,336.2,370.3,251.59999999999997,126.19999999999999,1,1,0.0
111,3,904.2,540.3,202.0,318.20000000000005,1,1,1.0
111,4,612.96,260.95,256.8399999999999,235.25,1,1,1.0
111,5,393.3,556.2,172.90000000000003,304.0,1,1,1.0
111,6,592.5,303.37,161.70000000000005,288.1,1,1,1.0
111,7,1385.0,489.33,333.53,255.87000000000006,1,1,1.0
111,8,1687.2,688.67,95.02999999999997,85.80000000000007,1,1,0.0
111,9,471.03,443.7,192.37,335.90000000000003,1,1,1.0
111,10,921.8,241.6,179.60000000000014,321.4,1,1,1.0
112,1,1243.1,291.9,148.80000000000018,385.6,1,1,1.0
112,2,360.9,370.3,226.89999999999998,155.7,1,1,0.0
112,3,902.5,541.4,203.70000000000005,319.70000000000005,1,1,1.0
112,4,555.0,261.38,313.1,224.12,1,1,1.0
112,5,399.8,654.4,257.09999999999997,245.10000000000002,1,1,1.0
112,6,592.5,361.8,162.20000000000005,238.99999999999994,1,1,1.0
112,7,1382.5,488.9,335.5999999999999,251.30000000000007,1,1,1.0
112,8,1722.1,833.3,58.200000000000045,57.0,1,1,0.0
112,9,484.37,476.6,179.02999999999997,300.9,1,1,1.0
112,10,931.1,247.4,170.80000000000007,328.4,1,1,1.0
113,1,1243.1,300.6,148.80000000000018,376.9,1,1,1.0
113,2,373.81,416.4,172.29000000000002,190.89999999999998,1,1,1.0
113,3,872.58,537.97,225.10000000000002,321.42999999999995,1,1,1.0
113,4,565.6,261.38,299.4,230.72000000000003,1,1,1.0
113,5,425.7,680.07,235.59999999999997,247.02999999999997,1,1,1.0
113,6,578.2,303.4,181.69999999999993,299.4,1,1,1.0
113,7,1371.9,488.9,338.79999999999995,249.70000000000005,1,1,1.0
113,8,1661.96,724.8,120.94000000000005,156.2800000000001,1,1,1.0
113,9,480.1,468.6,184.29999999999995,309.4,1,1,1.0
113,10,923.1,243.0,186.30000000000007,332.79999999999995,1,1,1.0
114,1,1243.1,300.6,148.80000000000018,366.29999999999995,1,1,1.0
114,2,384.9,437.9,145.60000000000002,168.5,1,1,1.0
114,3,894.4,535.8,200.69999999999993,318.30000000000007,1,1,1.0
114,4,620.9,262.67,242.39999999999998,238.72999999999996,1,1,1.0
114,5,411.4,687.5,257.30000000000007,244.39999999999998,1,1,1.0
114,6,576.14,255.6,181.65999999999997,334.79999999999995,1,1,1.0
114,7,1399.0,488.9,311.70000000000005,232.70000000000005,1,1,1.0
114,8,1653.9,741.0,129.0,144.60000000000002,1,1,1.0
114,9,468.33,445.73,195.07,331.27,1,1,1.0
114,10,923.1,231.9,186.30000000000007,343.9,1,1,1.0
115,1,1243.1,300.6,148.80000000000018,375.79999999999995,1,1,1.0
115,2,390.4,435.4,143.39999999999998,163.30000000000007,1,1,1.0
115,3,891.8,535.8,197.0,318.30000000000007,1,1,1.0
115,4,625.51,261.59,236.39,244.21000000000004,1,1,1.0
115,5,432.3,699.0,290.49999999999994,201.0,1,1,1.0
115,6,594.7,301.8,159.5,290.7,1,1,1.0
115,7,1454.8,451.2,189.5,284.7,1,1,1.0
115,8,1655.1,741.0,127.80000000000018,174.39999999999998,1,1,1.0
115,9,474.7,475.0,189.2,296.20000000000005,1,1,1.0
115,10,904.9,220.4,204.5000000000001,348.30000000000007,1,1,1.0
116,1,1225.9,300.6,166.0,318.5,1,1,1.0
116,2,394.27,431.93,149.80000000000007,174.90000000000003,1,1,1.0
116,3,893.5,537.1,189.4000000000001,307.0,1,1,1.0
116,4,631.84,261.38,231.76,247.92000000000002,1,1,1.0
116,5,481.58,758.11,321.62000000000006,149.89,1,1,1.0
116,6,592.1,313.0,162.10000000000002,279.5,1,1,1.0
116,7,1461.71,426.76,229.38999999999987,314.94000000000005,1,1,1.0
116,8,1665.2,734.43,117.09999999999991,124.07000000000005,1,1,1.0
116,9,481.6,472.3,181.29999999999995,297.3,1,1,1.0
116,10,914.6,219.5,194.80000000000007,349.20000000000005,1,1,1.0
117,1,1155.49,320.3,236.41000000000008,291.31,1,1,1.0
117,2,393.5,450.4,138.20000000000005,182.89999999999998,1,1,1.0
117,3,900.7,528.1,182.20000000000005,310.29999999999995,1,1,1.0
117,4,630.98,263.1,238.12,244.89999999999998,1,1,1.0
117,5,530.45,776.7,350.3499999999999,127.59999999999991,1,1,1.0
117,6,591.6,329.95,171.39999999999998,260.95,1,1,1.0
117,7,1452.14,489.98,332.9599999999998,211.12,1,1,1.0
117,8,1665.0,737.72,116.41000000000008,129.17999999999995,1,1,1.0
117,9,473.6,447.9,190.79999999999995,324.30000000000007,1,1,1.0
117,10,908.8,214.3,200.60000000000014,354.40000000000003,1,1,1.0
118,1,1139.5,402.9,297.79999999999995,193.30000000000007,1,1,1.0
118,2,400.7,447.36,121.09999999999997,264.93999999999994,1,1,1.0
118,3,900.7,528.1,186.5,313.5,1,1,1.0
118,4,692.1,318.65,254.89999999999998,177.75,1,1,1.0
118,5,533.7,776.7,330.5999999999999,127.59999999999991,1,1,1.0
118,6,560.2,322.03,164.29999999999995,225.26999999999998,1,1,1.0
118,7,1516.0,547.4,268.9000000000001,153.10000000000002,1,1,1.0
118,8,1662.86,727.0,120.94000000000005,144.0,1,1,1.0
118,9,484.2,468.3,179.7,304.90000000000003,1,1,1.0
118,10,920.3,219.5,189.10000000000014,349.20000000000005,1,1,1.0
119,1,1139.5,416.0,303.9000000000001,167.5,1,1,1.0
119,2,397.01,483.1,100.49000000000001,306.69999999999993,1,1,1.0
119,3,900.7,528.1,187.39999999999986,313.5,1,1,1.0
119,4,716.45,425.59,153.04999999999995,335.91,1,1,1.0
119,5,541.1,776.7,353.5,127.59999999999991,1,1,1.0
119,6,551.9,311.4,160.89999999999998,201.39999999999998,1,1,1.0
119,7,1628.2,530.73,156.87999999999988,149.16999999999996,1,1,0.0
119,8,1670.29,710.6,111.71000000000004,153.0,1,1,1.0
119,9,465.5,440.4,196.39999999999998,332.30000000000007,1,1,1.0
119,10,912.8,219.5,196.60000000000014,343.4,1,1,1.0
120,1,1139.5,387.8,300.20000000000005,190.40000000000003,1,1,1.0
120,2,391.8,506.0,112.89999999999998,283.79999999999995,1,1,1.0
120,3,899.41,528.53,182.19999999999993,316.97,1,1,1.0
120,4,720.9,421.6,185.80000000000007,327.6,1,1,1.0
120,5,541.1,772.0,298.29999999999995,144.0,1,1,1.0
120,6,548.7,311.4,165.0999999999999,196.8,1,1,1.0
120,7,1632.2,529.87,155.02999999999997,125.23000000000002,1,1,0.0
120,8,1587.3,656.9,194.10000000000014,188.89999999999998,1,1,1.0
120,9,484.8,469.0,179.09999999999997,305.20000000000005,1,1,1.0
120,10,912.8,227.9,196.60000000000014,335.0,1,1,1.0
121,1,1123.6,362.9,310.3000000000002,203.60000000000002,1,1,1.0
121,2,391.8,506.0,112.59999999999997,273.29999999999995,1,1,1.0
121,3,899.41,515.39,184.68999999999994,333.61,1,1,1.0
121,4,726.7,419.4,181.79999999999995,340.4,1,1,1.0
121,5,550.7,742.2,268.5,194.0,1,1,1.0
121,6,553.3,311.4,161.10000000000002,194.0,1,1,1.0
121,7,1632.2,529.87,155.02999999999997,121.83000000000004,1,1,0.0
121,8,1529.31,594.58,235.99,190.51999999999998,1,1,1.0
121,9,478.5,463.8,183.79999999999995,297.3,1,1,1.0
121,10,919.4,227.9,190.0000000000001,335.0,1,1,1.0
