1,1,371.7,574.0,207.3,213.70000000000005,1,1,1.0
1,2,731.2,528.0,285.0999999999999,181.79999999999995,1,1,1.0
1,3,297.7,460.5,293.50000000000006,127.89999999999998,1,1,1.0
1,4,104.1,795.6,225.50000000000003,205.69999999999993,1,1,1.0
1,5,140.5,745.8,241.7,143.80000000000007,1,1,1.0
1,6,222.7,382.6,197.90000000000003,155.69999999999993,1,1,0.0
1,7,410.5,861.0,206.39999999999998,163.20000000000005,1,1,1.0
1,8,223.5,793.1,202.7,214.29999999999995,1,1,1.0
1,9,103.0,594.1,240.8,129.0,1,1,1.0
1,10,527.43,767.2,305.47,136.29999999999995,1,1,1.0
2,1,382.1,580.9,194.60000000000002,206.80000000000007,1,1,1.0
2,2,728.9,547.1,340.6,125.60000000000002,1,1,1.0
2,3,322.3,429.6,265.8,178.19999999999993,1,1,1.0
2,4,98.3,814.4,231.3,186.89999999999998,1,1,1.0
2,5,134.7,745.3,231.3,144.30000000000007,1,1,1.0
2,6,227.0,380.0,190.2,158.29999999999995,1,1,0.0
2,7,410.9,860.1,209.39999999999998,163.69999999999993,1,1,1.0
2,8,223.3,794.8,203.3,212.60000000000002,1,1,1.0
2,9,103.0,594.1,240.8,128.10000000000002,1,1,1.0
2,10,551.5,765.1,285.1,134.19999999999993,1,1,1.0
3,1,391.4,595.9,185.30000000000007,188.39999999999998,1,1,1.0
3,2,757.8,492.7,311.10000000000014,182.90000000000003,1,1,1.0
3,3,293.5,438.0,274.20000000000005,185.0,1,1,1.0
3,4,94.9,820.2,234.70000000000002,181.0999999999999,1,1,1.0
3,5,138.6,750.1,230.29999999999998,139.0,1,1,1.0
3,6,223.6,382.1,197.4,156.60000000000002,1,1,0.0
3,7,410.9,860.1,209.39999999999998,163.69999999999993,1,1,1.0
3,8,222.9,794.8,202.79999999999998,211.80000000000007,1,1,1.0
3,9,103.0,594.1,240.8,128.10000000000002,1,1,1.0
3,10,538.4,764.1,302.9,148.29999999999995,1,1,1.0
4,1,396.6,593.0,174.29999999999995,186.10000000000002,1,1,1.0
4,2,734.7,541.9,329.5999999999999,130.80000000000007,1,1,1.0
4,3,319.7,427.0,230.7,180.79999999999995,1,1,1.0
4,4,97.3,820.2,232.3,181.0999999999999,1,1,1.0
4,5,135.2,748.7,231.8,139.89999999999998,1,1,1.0
4,6,221.5,380.0,199.10000000000002,161.29999999999995,1,1,0.0
4,7,410.9,863.6,209.39999999999998,160.19999999999993,1,1,1.0
4,8,223.5,794.8,202.2,212.60000000000002,1,1,1.0
4,9,103.0,594.1,239.10000000000002,134.60000000000002,1,1,1.0
4,10,506.0,765.1,326.9,139.0,1,1,1.0
5,1,383.9,575.6,188.20000000000005,205.79999999999995,1,1,1.0
5,2,718.5,526.9,348.70000000000005,148.70000000000005,1,1,1.0
5,3,324.9,404.0,226.5,205.39999999999998,1,1,1.0
5,4,94.9,805.7,234.70000000000002,195.5999999999999,1,1,1.0
5,5,159.3,736.6,199.5,158.29999999999995,1,1,1.0
5,6,227.5,378.7,194.0,161.3,1,1,0.0
5,7,410.9,860.2,209.39999999999998,163.5999999999999,1,1,1.0
5,8,222.9,789.6,202.79999999999998,218.19999999999993,1,1,1.0
5,9,103.0,592.8,236.89999999999998,146.4000000000001,1,1,1.0
5,10,551.5,765.1,288.20000000000005,139.0,1,1,1.0
6,1,379.3,575.6,192.2,207.0,1,1,1.0
6,2,691.9,511.9,354.5000000000001,153.30000000000007,1,1,1.0
6,3,316.0,411.8,241.70000000000005,204.49999999999994,1,1,1.0
6,4,87.7,837.0,241.90000000000003,164.29999999999995,1,1,1.0
6,5,160.7,738.1,197.10000000000002,154.89999999999998,1,1,1.0
6,6,231.4,376.1,187.49999999999997,165.19999999999993,1,1,0.0
6,7,398.0,860.2,221.0,164.89999999999986,1,1,1.0
6,8,224.2,789.6,201.5,217.39999999999998,1,1,1.0
6,9,102.1,591.9,236.9,148.60000000000002,1,1,1.0
6,10,454.7,755.7,384.00000000000006,147.89999999999998,1,1,1.0
7,1,379.3,568.1,194.49999999999994,212.19999999999993,1,1,1.0
7,2,663.0,505.5,353.29999999999995,154.5,1,1,1.0
7,3,311.8,408.7,252.2,199.8,1,1,1.0
7,4,87.7,835.6,241.90000000000003,165.69999999999993,1,1,1.0
7,5,159.3,737.1,201.39999999999998,154.89999999999998,1,1,1.0
7,6,228.8,376.5,189.2,165.20000000000005,1,1,0.0
7,7,406.2,846.4,190.40000000000003,164.5,1,1,1.0
7,8,224.4,790.5,201.29999999999998,216.5,1,1,1.0
7,9,104.7,589.7,236.0,155.19999999999993,1,1,1.0
7,10,469.9,749.4,361.0,145.30000000000007,1,1,1.0
8,1,355.0,569.3,220.0,207.0,1,1,1.0
8,2,654.9,505.5,363.1,134.79999999999995,1,1,1.0
8,3,312.8,406.1,246.49999999999994,204.5,1,1,1.0
8,4,88.7,834.6,240.90000000000003,166.69999999999993,1,1,1.0
8,5,158.3,731.8,207.3,162.10000000000002,1,1,1.0
8,6,230.9,376.9,187.99999999999997,165.20000000000005,1,1,0.0
8,7,422.5,850.7,190.0,161.89999999999998,1,1,1.0
8,8,223.7,790.5,200.3,216.5,1,1,1.0
8,9,104.7,589.7,233.8,147.39999999999998,1,1,1.0
8,10,501.8,743.6,337.49999999999994,134.39999999999998,1,1,1.0
9,1,350.4,568.1,223.39999999999998,209.39999999999998,1,1,1.0
9,2,664.2,506.1,355.0,131.89999999999998,1,1,1.0
9,3,301.8,403.0,259.09999999999997,206.60000000000002,1,1,1.0
9,4,88.7,834.1,240.90000000000003,167.19999999999993,1,1,1.0
9,5,159.8,731.8,209.2,165.0,1,1,1.0
9,6,228.7,376.0,188.90000000000003,165.70000000000005,1,1,0.0
9,7,415.6,857.6,184.89999999999998,157.60000000000002,1,1,1.0
9,8,223.7,792.2,199.0,214.79999999999995,1,1,1.0
9,9,104.7,587.1,233.8,152.19999999999993,1,1,1.0
9,10,501.3,752.0,337.99999999999994,144.79999999999995,1,1,1.0
10,1,355.0,564.7,220.0,211.0999999999999,1,1,1.0
10,2,657.3,506.1,361.9000000000001,131.89999999999998,1,1,1.0
10,3,311.2,400.4,249.7,210.20000000000005,1,1,1.0
10,4,88.7,830.7,240.90000000000003,170.5999999999999,1,1,1.0
10,5,160.3,739.1,209.2,153.79999999999995,1,1,1.0
10,6,233.0,376.9,183.3,164.80000000000007,1,1,0.0
10,7,415.6,857.2,184.89999999999998,157.0999999999999,1,1,1.0
10,8,224.2,794.8,197.2,212.4000000000001,1,1,1.0
10,9,105.1,588.8,232.50000000000003,152.70000000000005,1,1,1.0
10,10,513.9,749.9,320.70000000000005,162.60000000000002,1,1,1.0
11,1,356.8,565.9,217.59999999999997,215.70000000000005,1,1,1.0
11,2,660.8,506.1,355.5,131.89999999999998,1,1,1.0
11,3,297.1,400.4,262.79999999999995,211.20000000000005,1,1,1.0
11,4,87.7,832.6,241.90000000000003,168.69999999999993,1,1,1.0
11,5,160.3,739.1,202.39999999999998,153.29999999999995,1,1,1.0
11,6,227.8,376.0,190.7,165.29999999999995,1,1,0.0
11,7,417.8,853.8,174.99999999999994,158.80000000000007,1,1,1.0
11,8,223.7,792.2,200.8,214.79999999999995,1,1,1.0
11,9,105.1,590.5,236.00000000000003,158.39999999999998,1,1,1.0
11,10,514.9,746.7,326.0,161.5999999999999,1,1,1.0
12,1,359.1,564.2,214.79999999999995,215.0999999999999,1,1,1.0
12,2,679.3,485.8,330.1,161.49999999999994,1,1,1.0
12,3,308.1,401.4,252.79999999999995,211.80000000000007,1,1,1.0
12,4,94.9,832.6,234.70000000000002,168.69999999999993,1,1,1.0
12,5,160.3,740.1,182.59999999999997,156.19999999999993,1,1,1.0
12,6,232.5,376.4,183.0,164.89999999999998,1,1,0.0
12,7,421.2,854.2,178.90000000000003,158.39999999999998,1,1,1.0
12,8,223.9,795.7,201.9,211.0999999999999,1,1,1.0
12,9,105.1,590.5,236.00000000000003,148.79999999999995,1,1,1.0
12,10,530.6,742.0,308.19999999999993,165.29999999999995,1,1,1.0
13,1,341.7,623.3,213.7,157.20000000000005,1,1,1.0
13,2,685.1,462.7,297.69999999999993,193.90000000000003,1,1,1.0
13,3,320.6,402.4,241.29999999999995,209.80000000000007,1,1,1.0
13,4,93.5,832.1,236.10000000000002,169.19999999999993,1,1,1.0
13,5,163.7,740.1,169.60000000000002,156.69999999999993,1,1,1.0
13,6,232.9,377.3,175.29999999999998,162.7,1,1,0.0
13,7,423.8,854.2,175.90000000000003,157.5,1,1,1.0
13,8,225.0,792.2,199.89999999999998,215.69999999999993,1,1,1.0
13,9,105.1,590.5,236.00000000000003,144.0,1,1,1.0
13,10,530.6,737.8,300.4,169.5,1,1,1.0
14,1,324.3,590.9,232.8,180.89999999999998,1,1,1.0
14,2,542.2,462.7,369.4,149.90000000000003,1,1,1.0
14,3,323.8,404.0,223.40000000000003,200.89999999999998,1,1,1.0
14,4,93.5,832.1,236.10000000000002,169.19999999999993,1,1,1.0
14,5,159.8,727.6,172.0,162.89999999999998,1,1,1.0
14,6,232.9,375.1,180.9,164.89999999999998,1,1,0.0
14,7,419.4,854.2,179.39999999999998,156.5999999999999,1,1,1.0
14,8,225.0,792.2,199.0,215.69999999999993,1,1,1.0
14,9,105.1,590.5,232.50000000000003,148.79999999999995,1,1,1.0
14,10,530.6,739.4,307.19999999999993,169.5,1,1,1.0
15,1,330.7,590.9,233.3,191.89999999999998,1,1,1.0
15,2,490.1,468.5,368.79999999999995,133.70000000000005,1,1,1.0
15,3,326.4,398.8,220.30000000000007,211.90000000000003,1,1,1.0
15,4,88.2,830.7,241.40000000000003,170.5999999999999,1,1,1.0
15,5,160.3,726.2,171.5,165.29999999999995,1,1,1.0
15,6,227.7,376.8,189.10000000000002,163.2,1,1,0.0
15,7,373.8,857.2,224.99999999999994,161.29999999999995,1,1,1.0
15,8,225.0,793.9,199.0,214.0,1,1,1.0
15,9,106.0,590.5,232.89999999999998,148.79999999999995,1,1,1.0
15,10,533.2,747.2,302.5,161.19999999999993,1,1,1.0
16,1,335.3,601.9,241.40000000000003,183.20000000000005,1,1,1.0
16,2,450.8,465.0,378.59999999999997,150.5,1,1,1.0
16,3,321.2,394.1,227.09999999999997,221.29999999999995,1,1,1.0
16,4,86.7,826.4,242.90000000000003,174.89999999999998,1,1,1.0
16,5,162.2,725.7,172.0,166.29999999999995,1,1,1.0
16,6,232.0,375.1,180.89999999999998,164.89999999999998,1,1,0.0
16,7,357.5,874.0,237.39999999999998,159.9000000000001,1,1,1.0
16,8,225.0,792.6,199.89999999999998,215.29999999999995,1,1,1.0
16,9,105.1,591.4,232.50000000000003,145.70000000000005,1,1,1.0
16,10,496.6,759.8,335.4,148.60000000000002,1,1,1.0
17,1,335.3,606.0,240.8,179.10000000000002,1,1,1.0
17,2,472.8,477.7,343.90000000000003,140.09999999999997,1,1,1.0
17,3,319.6,394.1,232.89999999999998,220.79999999999995,1,1,1.0
17,4,84.3,831.2,245.3,170.0999999999999,1,1,1.0
17,5,162.2,725.7,168.60000000000002,166.29999999999995,1,1,1.0
17,6,228.6,374.2,185.20000000000002,167.50000000000006,1,1,0.0
17,7,346.3,823.7,199.99999999999994,191.29999999999995,1,1,1.0
17,8,225.0,793.9,196.39999999999998,214.0,1,1,1.0
17,9,106.8,591.0,233.89999999999998,150.5,1,1,1.0
17,10,508.6,754.0,334.9,148.60000000000002,1,1,1.0
18,1,334.1,607.7,242.0,179.0999999999999,1,1,1.0
18,2,375.0,399.0,295.9,173.70000000000005,1,1,1.0
18,3,323.3,394.1,226.59999999999997,223.89999999999998,1,1,1.0
18,4,85.8,832.6,243.8,168.69999999999993,1,1,1.0
18,5,163.2,725.7,159.90000000000003,166.29999999999995,1,1,1.0
18,6,235.0,377.6,176.2,164.10000000000002,1,1,0.0
18,7,372.1,741.1,204.60000000000002,297.9999999999999,1,1,1.0
18,8,225.0,793.9,196.39999999999998,214.0,1,1,1.0
18,9,107.7,591.0,234.7,138.70000000000005,1,1,1.0
18,10,544.2,753.5,295.5999999999999,143.89999999999998,1,1,1.0
19,1,335.3,608.3,242.49999999999994,177.9000000000001,1,1,1.0
19,2,265.6,366.1,320.79999999999995,115.79999999999995,1,1,1.0
19,3,280.4,469.5,223.5,163.20000000000005,1,1,1.0
19,4,84.4,837.9,245.20000000000002,163.39999999999998,1,1,1.0
19,5,118.8,660.1,206.2,217.39999999999998,1,1,1.0
19,6,225.1,380.2,189.50000000000003,160.59999999999997,1,1,0.0
19,7,392.7,735.9,192.59999999999997,289.4,1,1,1.0
19,8,225.0,793.9,198.60000000000002,214.0,1,1,1.0
19,9,107.3,590.1,231.59999999999997,133.89999999999998,1,1,1.0
19,10,522.7,753.0,314.0,162.20000000000005,1,1,1.0
20,1,313.3,625.7,259.86999999999995,158.19999999999993,1,1,1.0
20,2,233.2,367.8,319.59999999999997,107.69999999999999,1,1,1.0
20,3,245.9,464.3,229.20000000000002,164.7,1,1,1.0
20,4,84.4,831.1,245.20000000000002,170.19999999999993,1,1,1.0
20,5,127.5,744.5,237.0,141.70000000000005,1,1,1.0
20,6,256.5,381.1,140.0,160.60000000000002,1,1,0.0
20,7,410.3,739.8,171.09999999999997,261.0,1,1,1.0
20,8,225.0,793.9,199.89999999999998,214.0,1,1,1.0
20,9,106.4,591.0,223.79999999999998,131.29999999999995,1,1,1.0
20,10,532.6,748.8,308.29999999999995,232.9000000000001,1,1,1.0
21,1,345.1,615.3,327.6,130.4000000000001,1,1,1.0
21,2,236.7,369.5,319.00000000000006,107.69999999999999,1,1,1.0
21,3,232.3,460.6,244.5,169.39999999999998,1,1,1.0
21,4,88.3,835.0,241.3,166.30999999999995,1,1,1.0
21,5,150.6,755.6,241.9,143.10000000000002,1,1,1.0
21,6,259.9,383.7,140.0,157.09999999999997,1,1,0.0
21,7,411.6,748.8,166.39999999999998,261.5,1,1,1.0
21,8,225.0,797.0,201.2,210.89999999999998,1,1,1.0
21,9,108.1,591.4,232.1,131.80000000000007,1,1,1.0
21,10,532.6,745.7,303.6,235.5,1,1,1.0
22,1,426.1,566.7,350.1,161.5999999999999,1,1,1.0
22,2,231.5,366.6,320.70000000000005,110.0,1,1,1.0
22,3,244.9,460.6,232.4,169.39999999999998,1,1,1.0
22,4,86.9,837.9,242.70000000000002,163.39999999999998,1,1,1.0
22,5,151.1,754.2,241.9,144.0,1,1,1.0
22,6,254.7,380.3,146.10000000000002,161.40000000000003,1,1,0.0
22,7,407.7,732.5,144.09999999999997,276.1,1,1,1.0
22,8,225.0,798.3,204.3,209.60000000000002,1,1,1.0
22,9,106.4,592.3,231.20000000000002,133.9000000000001,1,1,1.0
22,10,532.6,743.1,303.1,231.29999999999995,1,1,1.0
23,1,447.0,520.4,301.4,206.20000000000005,1,1,1.0
23,2,243.7,367.2,306.2,109.40000000000003,1,1,1.0
23,3,229.7,449.1,258.6,178.79999999999995,1,1,1.0
23,4,95.1,836.5,234.9,164.79999999999995,1,1,1.0
23,5,148.2,752.3,254.40000000000003,140.10000000000002,1,1,1.0
23,6,232.8,376.0,172.7,164.79999999999995,1,1,0.0
23,7,402.1,761.3,160.0,244.70000000000005,1,1,1.0
23,8,225.0,804.4,197.3,203.5,1,1,1.0
23,9,101.6,593.6,236.00000000000003,136.5,1,1,1.0
23,10,535.2,744.1,302.5999999999999,228.19999999999993,1,1,1.0
24,1,438.3,545.3,303.2,181.30000000000007,1,1,1.0
24,2,255.3,366.0,283.59999999999997,111.69999999999999,1,1,1.0
24,3,218.2,451.7,273.8,177.8,1,1,1.0
24,4,89.3,837.0,240.7,164.10000000000002,1,1,1.0
24,5,142.9,754.7,261.6,138.19999999999993,1,1,1.0
24,6,231.5,376.4,179.2,165.70000000000005,1,1,0.0
24,7,413.7,769.5,154.00000000000006,235.60000000000002,1,1,1.0
24,8,225.0,806.6,197.7,201.29999999999995,1,1,1.0
24,9,104.2,593.6,237.3,139.60000000000002,1,1,1.0
24,10,538.9,746.2,296.81000000000006,224.0,1,1,1.0
25,1,440.6,544.1,298.6,178.39999999999998,1,1,1.0
25,2,239.1,370.6,299.79999999999995,108.89999999999998,1,1,1.0
25,3,215.8,420.7,297.3,205.40000000000003,1,1,1.0
25,4,101.8,837.0,228.8,164.29999999999995,1,1,1.0
25,5,144.8,754.7,259.7,139.19999999999993,1,1,1.0
25,6,222.0,376.4,177.5,165.70000000000005,1,1,0.0
25,7,413.7,769.5,154.00000000000006,239.89999999999998,1,1,1.0
25,8,225.0,804.4,198.2,203.5,1,1,1.0
25,9,103.35,594.25,238.35,136.54999999999995,1,1,1.0
25,10,536.8,746.2,298.4000000000001,218.19999999999993,1,1,1.0
26,1,434.8,550.5,308.49999999999994,170.79999999999995,1,1,1.0
26,2,251.8,370.6,284.8,108.89999999999998,1,1,1.0
26,3,218.7,416.4,288.6,210.70000000000005,1,1,1.0
26,4,106.6,837.0,223.4,163.89999999999998,1,1,1.0
26,5,146.7,755.7,259.7,138.69999999999993,1,1,1.0
26,6,228.5,374.7,171.0,167.40000000000003,1,1,0.0
26,7,414.1,761.8,153.60000000000002,248.0,1,1,1.0
26,8,225.0,805.3,199.10000000000002,202.60000000000002,1,1,1.0
26,9,102.5,594.9,239.39999999999998,133.5,1,1,1.0
26,10,536.8,746.2,302.1,216.5999999999999,1,1,1.0
27,1,430.2,554.0,308.50000000000006,167.29999999999995,1,1,1.0
27,2,251.8,370.6,281.3,111.19999999999999,1,1,1.0
27,3,210.0,405.7,286.7,222.3,1,1,1.0
27,4,107.1,834.6,222.70000000000002,166.69999999999993,1,1,1.0
27,5,146.7,757.1,261.6,137.29999999999995,1,1,1.0
27,6,228.5,374.7,180.0,167.40000000000003,1,1,0.0
27,7,413.1,769.0,150.0,237.20000000000005,1,1,1.0
27,8,225.0,806.6,200.8,201.29999999999995,1,1,1.0
27,9,98.1,596.2,246.4,130.89999999999998,1,1,1.0
27,10,537.3,747.8,301.0,210.9000000000001,1,1,1.0
28,1,433.7,537.8,302.7,184.10000000000002,1,1,1.0
28,2,256.4,370.0,279.6,110.60000000000002,1,1,1.0
28,3,223.0,399.9,251.5,225.70000000000005,1,1,1.0
28,4,103.2,834.6,226.8,166.89999999999998,1,1,1.0
28,5,148.6,757.1,260.20000000000005,137.29999999999995,1,1,1.0
28,6,234.5,374.7,163.7,167.40000000000003,1,1,0.0
28,7,412.6,767.0,153.10000000000002,245.39999999999998,1,1,1.0
28,8,225.0,805.7,200.8,202.19999999999993,1,1,1.0
28,9,95.5,595.3,250.3,128.30000000000007,1,1,1.0
28,10,536.3,747.8,301.0,209.30000000000007,1,1,1.0
29,1,451.1,547.1,284.19999999999993,177.10000000000002,1,1,1.0
29,2,251.8,368.3,287.7,110.59999999999997,1,1,1.0
29,3,272.2,382.1,179.2,303.29999999999995,1,1,1.0
29,4,95.0,830.7,235.8,170.19999999999993,1,1,1.0
29,5,139.0,757.1,270.3,138.29999999999995,1,1,1.0
29,6,237.5,375.6,125.0,166.5,1,1,0.0
29,7,412.6,763.4,154.60000000000002,249.0,1,1,1.0
29,8,225.0,805.7,204.7,202.19999999999993,1,1,1.0
29,9,96.4,594.9,249.79999999999998,130.89999999999998,1,1,1.0
29,10,536.3,747.8,301.0,204.10000000000002,1,1,1.0
30,1,454.0,554.0,278.4,178.29999999999995,1,1,1.0
30,2,248.9,370.0,287.70000000000005,112.39999999999998,1,1,1.0
30,3,282.8,439.5,157.5,283.0,1,1,1.0
30,4,103.2,806.6,227.2,194.89999999999998,1,1,1.0
30,5,144.8,752.8,265.5,142.10000000000002,1,1,1.0
30,6,230.6,383.8,129.29999999999998,157.90000000000003,1,1,0.0
30,7,410.5,762.4,162.89999999999998,251.0,1,1,1.0
30,8,225.0,801.7,203.0,206.19999999999993,1,1,1.0
30,9,98.6,595.3,197.50000000000003,133.10000000000002,1,1,1.0
30,10,536.3,747.8,301.5,202.5,1,1,1.0
31,1,455.7,551.7,276.7,182.29999999999995,1,1,1.0
31,2,254.1,370.0,283.69999999999993,110.69999999999999,1,1,1.0
31,3,288.1,448.2,151.7,316.7,1,1,1.0
31,4,97.4,818.7,231.99999999999997,183.19999999999993,1,1,1.0
31,5,150.6,752.3,266.5,140.20000000000005,1,1,1.0
31,6,240.1,392.8,95.70000000000002,148.90000000000003,1,1,0.0
31,7,410.5,760.3,163.89999999999998,255.20000000000005,1,1,1.0
31,8,225.0,804.3,203.89999999999998,203.60000000000002,1,1,1.0
31,9,99.5,595.3,194.89999999999998,146.20000000000005,1,1,1.0
31,10,536.3,747.8,301.0,202.5,1,1,1.0
32,1,463.2,551.7,268.00000000000006,178.79999999999995,1,1,1.0
32,2,238.5,371.2,301.6,113.0,1,1,1.0
32,3,303.7,486.98,137.3,314.91999999999996,1,1,1.0
32,4,95.0,820.6,234.60000000000002,181.10000000000002,1,1,1.0
32,5,151.1,753.7,266.0,140.19999999999993,1,1,1.0
32,6,231.9,384.6,119.4,157.10000000000002,1,1,0.0
32,7,410.5,760.3,162.39999999999998,254.70000000000005,1,1,1.0
32,8,225.0,804.3,201.7,203.60000000000002,1,1,1.0
32,9,101.7,593.6,210.10000000000002,139.19999999999993,1,1,1.0
32,10,536.3,747.8,304.1,205.10000000000002,1,1,1.0
33,1,462.0,544.8,268.0,188.60000000000002,1,1,1.0
33,2,230.4,370.0,312.0,111.89999999999998,1,1,1.0
33,3,282.3,516.0,157.59999999999997,258.1,1,1,1.0
33,4,98.4,813.8,230.79999999999998,187.9000000000001,1,1,1.0
33,5,145.8,753.7,271.3,138.79999999999995,1,1,1.0
33,6,228.9,384.6,125.4,156.69999999999993,1,1,0.0
33,7,410.5,755.1,162.39999999999998,259.9,1,1,1.0
33,8,225.0,804.3,201.7,203.60000000000002,1,1,1.0
33,9,102.1,592.3,217.1,144.0,1,1,1.0
33,10,535.3,747.8,300.4000000000001,206.70000000000005,1,1,1.0
34,1,463.2,551.2,269.7,180.5,1,1,1.0
34,2,244.9,372.3,294.0,111.89999999999998,1,1,1.0
34,3,272.5,538.6,157.5,246.5,1,1,1.0
34,4,98.4,814.8,230.79999999999998,187.10000000000002,1,1,1.0
34,5,144.4,755.6,272.70000000000005,135.5,1,1,1.0
34,6,235.8,385.9,118.5,155.39999999999998,1,1,0.0
34,7,410.5,755.1,165.5,260.4,1,1,1.0
34,8,225.0,806.0,201.7,201.89999999999998,1,1,1.0
34,9,101.2,593.6,228.5,142.69999999999993,1,1,1.0
34,10,536.3,747.8,302.5,210.4000000000001,1,1,1.0
35,1,458.6,542.5,273.1,184.0,1,1,1.0
35,2,261.1,359.0,281.9,124.60000000000002,1,1,1.0
35,3,266.7,531.1,194.5,270.19999999999993,1,1,1.0
35,4,101.8,798.9,227.8,202.60000000000002,1,1,1.0
35,5,161.3,755.6,263.5,135.5,1,1,1.0
35,6,231.1,378.2,123.70000000000002,162.7,1,1,0.0
35,7,410.0,755.1,169.10000000000002,259.4,1,1,1.0
35,8,225.0,807.7,201.7,200.19999999999993,1,1,1.0
35,9,100.8,593.6,228.89999999999998,141.79999999999995,1,1,1.0
35,10,536.3,744.7,297.80000000000007,215.0999999999999,1,1,1.0
36,1,463.2,542.5,271.40000000000003,185.20000000000005,1,1,1.0
36,2,263.4,367.1,281.9,111.89999999999998,1,1,1.0
36,3,262.1,530.5,203.2,256.9,1,1,1.0
36,4,100.8,798.4,229.0,203.10000000000002,1,1,1.0
36,5,165.6,756.6,260.6,135.5,1,1,1.0
36,6,231.1,382.1,128.9,157.10000000000002,1,1,0.0
36,7,410.5,756.6,168.60000000000002,257.9,1,1,1.0
36,8,225.0,809.0,201.7,198.89999999999998,1,1,1.0
36,9,101.2,592.7,228.5,139.19999999999993,1,1,1.0
36,10,539.4,745.2,296.30000000000007,216.69999999999993,1,1,1.0
37,1,445.8,541.9,282.99999999999994,182.30000000000007,1,1,1.0
37,2,270.3,349.7,280.8,130.5,1,1,1.0
37,3,260.9,534.6,187.0,260.9,1,1,1.0
37,4,95.5,807.1,234.10000000000002,194.60000000000002,1,1,1.0
37,5,158.3,758.0,269.3,129.79999999999995,1,1,1.0
37,6,234.1,379.5,127.20000000000002,159.70000000000005,1,1,0.0
37,7,411.0,753.0,168.10000000000002,260.5,1,1,1.0
37,8,225.0,810.3,201.7,197.60000000000002,1,1,1.0
37,9,102.5,593.6,228.0,137.89999999999998,1,1,1.0
37,10,542.0,745.2,293.70000000000005,209.29999999999995,1,1,1.0
38,1,445.8,535.0,310.8,177.0,1,1,1.0
38,2,273.8,359.0,294.59999999999997,120.69999999999999,1,1,1.0
38,3,262.1,531.1,182.39999999999998,248.79999999999995,1,1,1.0
38,4,94.1,812.9,235.50000000000003,188.60000000000002,1,1,1.0
38,5,163.1,759.4,264.5,128.39999999999998,1,1,1.0
38,6,234.1,381.7,134.9,151.50000000000006,1,1,0.0
38,7,409.5,753.0,171.70000000000005,263.6,1,1,1.0
38,8,225.0,810.3,200.0,197.60000000000002,1,1,1.0
38,9,102.9,596.2,227.6,136.19999999999993,1,1,1.0
38,10,542.0,745.2,297.4,204.5999999999999,1,1,1.0
39,1,448.1,525.7,294.6,179.39999999999998,1,1,1.0
39,2,279.6,354.4,294.6,125.30000000000001,1,1,1.0
39,3,254.0,528.2,178.89999999999998,259.79999999999995,1,1,1.0
39,4,93.6,812.4,236.00000000000003,188.89999999999998,1,1,1.0
39,5,166.5,759.4,264.5,126.5,1,1,1.0
39,6,223.8,384.3,145.2,115.80000000000001,1,1,0.0
39,7,411.0,756.1,160.39999999999998,262.6,1,1,1.0
39,8,225.0,811.2,198.3,196.69999999999993,1,1,1.0
39,9,102.5,598.4,225.8,127.5,1,1,1.0
39,10,517.9,749.9,318.4,177.39999999999998,1,1,1.0
40,1,449.3,525.1,292.8,180.0,1,1,1.0
40,2,263.4,352.1,317.70000000000005,128.79999999999995,1,1,1.0
40,3,254.0,531.7,178.89999999999998,255.0999999999999,1,1,1.0
40,4,96.5,811.4,233.10000000000002,189.70000000000005,1,1,1.0
40,5,167.0,758.4,264.0,127.5,1,1,1.0
40,6,258.6,413.5,111.29999999999995,111.5,1,1,0.0
40,7,400.7,768.0,156.8,236.79999999999995,1,1,1.0
40,8,225.0,811.2,196.10000000000002,196.69999999999993,1,1,1.0
40,9,103.4,598.8,225.29999999999998,126.70000000000005,1,1,1.0
40,10,516.9,749.9,324.1,172.20000000000005,1,1,1.0
41,1,447.6,522.8,303.79999999999995,174.80000000000007,1,1,1.0
41,2,256.5,388.0,339.6,135.20000000000005,1,1,1.0
41,3,254.0,531.1,178.89999999999998,256.29999999999995,1,1,1.0
41,4,96.5,812.4,233.3,188.89999999999998,1,1,1.0
41,5,174.7,758.4,256.3,127.5,1,1,1.0
41,6,228.5,394.2,119.89999999999998,118.30000000000001,1,1,0.0
41,7,408.4,793.3,161.5,223.9000000000001,1,1,1.0
41,8,225.0,811.2,198.7,196.69999999999993,1,1,1.0
41,9,103.0,599.7,230.10000000000002,125.79999999999995,1,1,1.0
41,10,522.7,751.5,320.9,163.79999999999995,1,1,1.0
42,1,447.6,542.5,371.5,161.5,1,1,1.0
42,2,267.5,423.3,324.5,108.59999999999997,1,1,1.0
42,3,247.6,529.9,184.70000000000002,256.9,1,1,1.0
42,4,97.5,814.8,232.3,186.70000000000005,1,1,1.0
42,5,143.4,745.4,291.9,140.10000000000002,1,1,1.0
42,6,231.5,391.6,111.30000000000001,124.79999999999995,1,1,0.0
42,7,392.4,779.3,182.70000000000005,219.30000000000007,1,1,1.0
42,8,225.0,809.9,200.39999999999998,198.0,1,1,1.0
42,9,96.5,599.7,234.0,125.39999999999998,1,1,1.0
42,10,511.2,754.1,324.00000000000006,162.19999999999993,1,1,1.0
43,1,443.5,543.1,351.9,164.39999999999998,1,1,1.0
43,2,240.3,422.1,343.59999999999997,148.0,1,1,1.0
43,3,247.6,537.4,184.70000000000002,248.80000000000007,1,1,1.0
43,4,97.5,814.8,232.5,186.5,1,1,1.0
43,5,150.3,741.5,285.0,147.0,1,1,1.0
43,6,227.2,389.0,124.60000000000002,130.0,1,1,0.0
43,7,392.9,791.2,172.89999999999998,210.5,1,1,1.0
43,8,225.0,811.2,200.8,196.69999999999993,1,1,1.0
43,9,88.7,601.0,244.0,131.89999999999998,1,1,1.0
43,10,523.2,751.0,318.29999999999995,175.20000000000005,1,1,1.0
44,1,448.1,543.1,345.6,164.39999999999998,1,1,1.0
44,2,238.0,400.1,328.5,170.0,1,1,1.0
44,3,249.3,543.2,183.59999999999997,243.0,1,1,1.0
44,4,99.4,821.1,230.6,180.79999999999995,1,1,1.0
44,5,151.2,745.4,284.1,146.10000000000002,1,1,1.0
44,6,222.9,388.6,127.99999999999997,124.0,1,1,0.0
44,7,370.7,793.3,196.59999999999997,212.5,1,1,1.0
44,8,225.0,811.2,200.8,196.69999999999993,1,1,1.0
44,9,90.4,597.9,246.70000000000002,134.60000000000002,1,1,1.0
44,10,519.0,749.4,323.0,179.39999999999998,1,1,1.0
45,1,448.1,541.9,330.6,162.70000000000005,1,1,1.0
45,2,242.6,386.2,310.6,183.90000000000003,1,1,1.0
45,3,246.4,547.8,186.49999999999997,238.4000000000001,1,1,1.0
45,4,99.9,821.1,229.70000000000002,180.60000000000002,1,1,1.0
45,5,154.2,748.4,274.2,144.39999999999998,1,1,1.0
45,6,228.5,388.6,126.30000000000001,126.10000000000002,1,1,0.0
45,7,360.9,793.8,211.60000000000002,218.20000000000005,1,1,1.0
45,8,225.0,806.4,206.89999999999998,201.5,1,1,1.0
45,9,95.2,594.4,245.8,144.60000000000002,1,1,1.0
45,10,522.7,750.4,309.4,170.60000000000002,1,1,1.0
46,1,445.8,544.8,332.90000000000003,159.80000000000007,1,1,1.0
46,2,231.0,383.9,316.4,186.20000000000005,1,1,1.0
46,3,248.1,558.8,186.00000000000003,226.80000000000007,1,1,1.0
46,4,97.0,825.4,232.8,176.10000000000002,1,1,1.0
46,5,155.9,749.3,274.20000000000005,143.9000000000001,1,1,1.0
46,6,223.3,389.9,126.80000000000001,134.70000000000005,1,1,0.0
46,7,367.6,792.8,207.5,220.70000000000005,1,1,1.0
46,8,225.0,806.4,196.89999999999998,201.5,1,1,1.0
46,9,94.3,595.7,246.7,140.19999999999993,1,1,1.0
46,10,524.8,749.4,316.70000000000005,169.0,1,1,1.0
47,1,445.2,543.6,333.50000000000006,164.5,1,1,1.0
47,2,247.2,386.8,302.50000000000006,183.3,1,1,1.0
47,3,251.0,548.3,183.10000000000002,237.30000000000007,1,1,1.0
47,4,110.0,792.6,220.2,209.5,1,1,1.0
47,5,154.2,750.6,275.0,142.60000000000002,1,1,1.0
47,6,228.0,390.8,122.10000000000002,132.90000000000003,1,1,0.0
47,7,382.0,792.8,189.5,220.70000000000005,1,1,1.0
47,8,225.0,803.3,196.89999999999998,204.60000000000002,1,1,1.0
47,9,94.3,596.6,249.8,138.89999999999998,1,1,1.0
47,10,524.8,749.4,314.1,185.20000000000005,1,1,1.0
48,1,446.9,543.0,332.4,164.5,1,1,1.0
48,2,280.8,384.5,276.99999999999994,198.29999999999995,1,1,1.0
48,3,246.4,526.3,187.70000000000002,260.5,1,1,1.0
48,4,108.6,794.5,221.20000000000002,207.79999999999995,1,1,1.0
48,5,153.3,751.5,275.5,142.10000000000002,1,1,1.0
48,6,231.0,393.0,120.80000000000001,129.39999999999998,1,1,0.0
48,7,367.0,793.8,211.70000000000005,218.20000000000005,1,1,1.0
48,8,225.0,804.6,196.89999999999998,203.29999999999995,1,1,1.0
48,9,96.9,598.8,243.29999999999998,136.70000000000005,1,1,1.0
48,10,529.0,748.9,306.79999999999995,161.60000000000002,1,1,1.0
49,1,446.9,543.0,336.5,164.5,1,1,1.0
49,2,272.7,387.4,293.2,186.70000000000005,1,1,1.0
49,3,247.6,528.6,186.50000000000003,266.29999999999995,1,1,1.0
49,4,110.5,793.5,218.89999999999998,208.60000000000002,1,1,1.0
49,5,140.0,754.9,288.8,137.39999999999998,1,1,1.0
49,6,224.6,393.0,128.9,129.39999999999998,1,1,0.0
49,7,385.6,762.4,197.19999999999993,243.89999999999998,1,1,1.0
49,8,225.0,805.0,196.89999999999998,202.89999999999998,1,1,1.0
49,9,95.2,600.5,246.7,136.29999999999995,1,1,1.0
49,10,495.0,751.5,345.0,153.79999999999995,1,1,1.0
50,1,446.9,543.0,332.4,164.5,1,1,1.0
50,2,286.6,388.6,279.29999999999995,197.69999999999993,1,1,1.0
50,3,249.9,528.0,184.20000000000002,267.5,1,1,1.0
50,4,108.6,792.1,221.00000000000003,210.39999999999998,1,1,1.0
50,5,139.6,767.4,286.6,123.20000000000005,1,1,1.0
50,6,230.6,393.0,123.79999999999998,131.10000000000002,1,1,0.0
50,7,366.5,762.8,210.60000000000002,241.9000000000001,1,1,1.0
50,8,225.0,805.8,196.89999999999998,202.10000000000002,1,1,1.0
50,9,71.7,600.5,263.6,137.20000000000005,1,1,1.0
50,10,530.1,744.7,316.69999999999993,171.0999999999999,1,1,1.0
51,1,452.1,543.0,333.0,168.0,1,1,1.0
51,2,286.6,392.1,279.29999999999995,181.5,1,1,1.0
51,3,246.4,528.0,187.70000000000002,267.5,1,1,1.0
51,4,110.0,792.1,219.60000000000002,210.19999999999993,1,1,1.0
51,5,134.9,770.4,294.70000000000005,119.30000000000007,1,1,1.0
51,6,228.0,393.0,126.39999999999998,125.5,1,1,0.0
51,7,366.5,762.8,215.79999999999995,244.0,1,1,1.0
51,8,225.0,805.8,197.8,202.10000000000002,1,1,1.0
51,9,73.4,584.8,204.29999999999998,179.10000000000002,1,1,1.0
51,10,547.9,747.3,263.30000000000007,215.10000000000002,1,1,1.0
52,1,452.1,544.2,334.19999999999993,168.0,1,1,1.0
52,2,257.7,396.7,308.2,171.09999999999997,1,1,1.0
52,3,246.4,548.8,187.70000000000002,249.0,1,1,1.0
52,4,107.6,788.2,222.00000000000003,214.0999999999999,1,1,1.0
52,5,130.2,768.3,292.1,120.5,1,1,1.0
52,6,223.7,393.0,130.7,125.5,1,1,0.0
52,7,384.6,762.8,196.19999999999993,244.0,1,1,1.0
52,8,225.0,783.6,200.89999999999998,224.29999999999995,1,1,1.0
52,9,95.6,570.8,172.1,199.60000000000002,1,1,1.0
52,10,549.5,748.9,271.6,199.39999999999998,1,1,1.0
53,1,453.3,543.0,337.59999999999997,166.29999999999995,1,1,1.0
53,2,269.9,399.6,296.0,168.19999999999993,1,1,1.0
53,3,247.0,554.0,187.7,240.29999999999995,1,1,1.0
53,4,107.6,792.1,222.00000000000003,210.19999999999993,1,1,1.0
53,5,129.3,768.3,282.3,119.20000000000005,1,1,1.0
53,6,231.9,393.0,122.1,126.79999999999995,1,1,0.0
53,7,388.2,761.8,192.59999999999997,245.0,1,1,1.0
53,8,225.0,794.5,201.3,213.39999999999998,1,1,1.0
53,9,70.7,588.2,199.60000000000002,174.39999999999998,1,1,1.0
53,10,548.5,748.9,272.1,197.30000000000007,1,1,1.0
54,1,455.6,540.7,319.69999999999993,167.39999999999998,1,1,1.0
54,2,291.3,397.9,276.3,175.10000000000002,1,1,1.0
54,3,242.9,544.7,190.6,255.5,1,1,1.0
54,4,91.2,824.4,238.8,177.10000000000002,1,1,1.0
54,5,131.5,770.5,277.1,118.29999999999995,1,1,1.0
54,6,227.2,393.4,128.10000000000002,119.5,1,1,0.0
54,7,383.6,760.7,195.10000000000002,246.0999999999999,1,1,1.0
54,8,225.0,799.3,201.7,208.60000000000002,1,1,1.0
54,9,85.5,563.3,181.7,187.5,1,1,1.0
54,10,546.4,748.9,280.0,197.30000000000007,1,1,1.0
55,1,459.1,540.7,313.29999999999995,162.79999999999995,1,1,1.0
55,2,287.2,397.9,277.50000000000006,195.89999999999998,1,1,1.0
55,3,244.1,541.2,189.4,256.69999999999993,1,1,1.0
55,4,91.2,824.9,238.8,176.60000000000002,1,1,1.0
55,5,130.2,770.5,276.3,120.0,1,1,1.0
55,6,227.2,393.4,125.10000000000002,120.80000000000007,1,1,0.0
55,7,372.2,760.7,206.50000000000006,247.5999999999999,1,1,1.0
55,8,225.0,794.1,201.7,213.79999999999995,1,1,1.0
55,9,83.3,554.1,177.8,193.60000000000002,1,1,1.0
55,10,545.4,748.9,280.5,197.80000000000007,1,1,1.0
56,1,457.9,544.8,321.4,159.30000000000007,1,1,1.0
56,2,273.9,393.3,287.9,184.90000000000003,1,1,1.0
56,3,244.1,538.9,191.70000000000002,260.70000000000005,1,1,1.0
56,4,92.6,831.7,236.6,170.39999999999998,1,1,1.0
56,5,129.3,770.5,275.0,120.39999999999998,1,1,1.0
56,6,228.9,390.8,137.99999999999997,112.69999999999999,1,1,0.0
56,7,373.2,760.7,205.50000000000006,249.69999999999993,1,1,1.0
56,8,225.0,795.4,201.7,212.5,1,1,1.0
56,9,89.8,582.9,179.59999999999997,167.89999999999998,1,1,1.0
56,10,545.4,748.9,281.0,197.30000000000007,1,1,1.0
57,1,459.1,542.5,326.6,161.60000000000002,1,1,1.0
57,2,276.2,394.5,283.3,190.10000000000002,1,1,1.0
57,3,240.6,536.0,194.00000000000003,261.9,1,1,1.0
57,4,88.8,831.7,240.8,170.39999999999998,1,1,1.0
57,5,130.2,770.9,272.8,120.39999999999998,1,1,1.0
57,6,218.2,382.6,149.60000000000002,112.69999999999999,1,1,0.0
57,7,372.2,759.7,205.50000000000006,244.0,1,1,1.0
57,8,225.0,793.2,201.7,214.69999999999993,1,1,1.0
57,9,92.4,578.5,176.99999999999997,169.70000000000005,1,1,1.0
57,10,547.0,748.9,285.70000000000005,193.60000000000002,1,1,1.0
58,1,455.0,535.6,344.6,167.29999999999995,1,1,1.0
58,2,275.0,395.1,282.79999999999995,190.10000000000002,1,1,1.0
58,3,243.5,536.0,191.10000000000002,261.9,1,1,1.0
58,4,94.1,829.8,235.50000000000003,172.5,1,1,1.0
58,5,129.8,771.8,271.0,120.40000000000009,1,1,1.0
58,6,218.2,389.0,144.90000000000003,115.30000000000001,1,1,0.0
58,7,373.7,759.7,206.59999999999997,243.0,1,1,1.0
58,8,225.0,796.3,201.7,211.60000000000002,1,1,1.0
58,9,90.7,580.2,173.90000000000003,165.39999999999998,1,1,1.0
58,10,548.0,746.3,277.4,206.70000000000005,1,1,1.0
59,1,455.0,533.9,346.9,169.0,1,1,1.0
59,2,266.9,397.4,290.30000000000007,187.80000000000007,1,1,1.0
59,3,243.5,537.2,191.7,260.69999999999993,1,1,1.0
59,4,93.1,830.3,236.50000000000003,172.0,1,1,1.0
59,5,130.3,771.8,270.5,120.40000000000009,1,1,1.0
59,6,222.9,389.0,151.4,116.19999999999999,1,1,0.0
59,7,375.8,759.2,205.49999999999994,244.5,1,1,1.0
59,8,225.0,798.0,201.7,209.89999999999998,1,1,1.0
59,9,91.6,585.4,181.29999999999998,155.39999999999998,1,1,1.0
59,10,550.6,746.3,277.9,202.5,1,1,1.0
60,1,456.7,535.6,349.3,169.0,1,1,1.0
60,2,262.8,399.7,293.2,172.8,1,1,1.0
60,3,241.8,535.5,193.39999999999998,261.20000000000005,1,1,1.0
60,4,86.8,833.2,242.8,169.0999999999999,1,1,1.0
60,5,135.5,772.7,249.0,120.39999999999998,1,1,1.0
60,6,218.6,388.6,158.70000000000002,117.5,1,1,0.0
60,7,352.1,756.6,233.79999999999995,248.10000000000002,1,1,1.0
60,8,225.0,785.8,205.2,222.10000000000002,1,1,1.0
60,9,72.0,568.4,204.39999999999998,201.20000000000005,1,1,1.0
60,10,549.0,746.3,279.5,204.60000000000002,1,1,1.0
61,1,460.2,534.4,347.00000000000006,172.5,1,1,1.0
61,2,253.5,403.2,306.6,162.90000000000003,1,1,1.0
61,3,238.3,549.4,196.89999999999998,252.5,1,1,1.0
61,4,87.8,828.9,241.8,173.39999999999998,1,1,1.0
61,5,158.3,762.0,232.2,137.60000000000002,1,1,1.0
61,6,223.8,388.6,153.09999999999997,119.59999999999997,1,1,0.0
61,7,375.8,758.7,206.99999999999994,246.0,1,1,1.0
61,8,225.0,785.8,204.8,222.10000000000002,1,1,1.0
61,9,83.3,566.7,191.8,207.29999999999995,1,1,1.0
61,10,543.8,746.3,283.70000000000005,202.0,1,1,1.0
62,1,461.9,532.7,342.4,173.5999999999999,1,1,1.0
62,2,262.18,409.0,299.61999999999995,155.94000000000005,1,1,1.0
62,3,244.1,554.0,191.70000000000002,245.0,1,1,1.0
62,4,87.4,829.9,242.20000000000002,172.39999999999998,1,1,1.0
62,5,149.3,752.1,237.8,147.89999999999998,1,1,1.0
62,6,220.4,387.7,156.49999999999997,122.30000000000001,1,1,0.0
62,7,369.1,758.7,216.29999999999995,243.89999999999998,1,1,1.0
62,8,225.0,786.3,203.5,221.60000000000002,1,1,1.0
62,9,86.4,569.8,186.1,188.9000000000001,1,1,1.0
62,10,543.3,750.5,280.0,200.89999999999998,1,1,1.0
63,1,461.9,533.9,341.20000000000005,172.39999999999998,1,1,1.0
63,2,270.3,410.2,291.49999999999994,163.40000000000003,1,1,1.0
63,3,242.9,539.5,192.29999999999998,263.0,1,1,1.0
63,4,86.9,831.3,242.70000000000002,171.0,1,1,1.0
63,5,151.0,752.1,234.39999999999998,150.0,1,1,1.0
63,6,217.4,383.4,159.49999999999997,133.5,1,1,0.0
63,7,401.1,758.7,177.10000000000002,243.89999999999998,1,1,1.0
63,8,225.0,781.9,203.5,226.0,1,1,1.0
63,9,78.1,579.4,198.79999999999998,171.0,1,1,1.0
63,10,544.3,750.5,277.4000000000001,204.60000000000002,1,1,1.0
64,1,461.9,532.2,338.9,174.0999999999999,1,1,1.0
64,2,252.9,410.2,308.9,176.7,1,1,1.0
64,3,242.9,539.5,192.29999999999998,263.0,1,1,1.0
64,4,86.9,831.3,242.70000000000002,171.0,1,1,1.0
64,5,146.3,752.1,243.8,150.0,1,1,1.0
64,6,220.0,383.4,157.8,130.5,1,1,0.0
64,7,395.4,759.2,182.80000000000007,252.69999999999993,1,1,1.0
64,8,225.0,790.2,203.5,217.69999999999993,1,1,1.0
64,9,81.2,583.3,194.8,171.5,1,1,1.0
64,10,542.7,749.5,277.4,205.10000000000002,1,1,1.0
65,1,460.2,532.2,351.00000000000006,174.0999999999999,1,1,1.0
65,2,258.7,409.7,301.40000000000003,162.2,1,1,1.0
65,3,242.9,539.5,192.29999999999998,252.60000000000002,1,1,1.0
65,4,98.0,834.7,231.60000000000002,167.5999999999999,1,1,1.0
65,5,151.5,749.5,245.39999999999998,152.20000000000005,1,1,1.0
65,6,220.0,383.4,157.8,131.39999999999998,1,1,0.0
65,7,385.1,759.2,193.60000000000002,248.5999999999999,1,1,1.0
65,8,225.0,790.6,196.5,217.29999999999995,1,1,1.0
65,9,80.8,586.4,198.7,172.30000000000007,1,1,1.0
65,10,541.1,750.5,279.0,203.10000000000002,1,1,1.0
66,1,460.2,534.5,347.50000000000006,173.0,1,1,1.0
66,2,258.7,414.9,304.90000000000003,153.5,1,1,1.0
66,3,238.3,544.7,197.5,252.0,1,1,1.0
66,4,95.1,835.2,234.50000000000003,167.0999999999999,1,1,1.0
66,5,153.3,748.2,242.8,153.89999999999998,1,1,1.0
66,6,220.0,383.8,157.8,127.09999999999997,1,1,0.0
66,7,379.4,759.7,207.60000000000002,240.29999999999995,1,1,1.0
66,8,225.0,795.0,197.39999999999998,212.89999999999998,1,1,1.0
66,9,84.7,589.0,194.8,162.29999999999995,1,1,1.0
66,10,543.7,750.5,278.5,202.60000000000002,1,1,1.0
67,1,461.4,524.7,345.1,184.0,1,1,1.0
67,2,232.1,414.9,331.5,162.80000000000007,1,1,1.0
67,3,229.0,569.1,206.8,240.29999999999995,1,1,1.0
67,4,103.8,840.0,225.8,162.29999999999995,1,1,1.0
67,5,140.8,748.2,255.3,153.0,1,1,1.0
67,6,220.0,384.2,157.8,120.69999999999999,1,1,0.0
67,7,381.5,759.7,207.10000000000002,239.79999999999995,1,1,1.0
67,8,225.0,798.5,197.39999999999998,209.39999999999998,1,1,1.0
67,9,55.5,623.0,233.2,141.39999999999998,1,1,1.0
67,10,543.7,750.5,281.0999999999999,202.60000000000002,1,1,1.0
68,1,461.4,525.9,348.0,179.89999999999998,1,1,1.0
68,2,227.5,415.5,332.0,158.70000000000005,1,1,1.0
68,3,235.4,569.1,200.4,224.69999999999993,1,1,1.0
68,4,103.3,840.5,226.3,161.79999999999995,1,1,1.0
68,5,147.7,748.2,240.2,152.0999999999999,1,1,1.0
68,6,217.4,384.2,160.4,129.8,1,1,0.0
68,7,384.1,758.7,203.5,240.79999999999995,1,1,1.0
68,8,225.0,785.9,197.39999999999998,222.0,1,1,1.0
68,9,53.8,623.4,223.09999999999997,134.89999999999998,1,1,1.0
68,10,542.1,750.5,283.69999999999993,202.60000000000002,1,1,1.0
69,1,457.9,527.6,349.20000000000005,178.19999999999993,1,1,1.0
69,2,254.1,416.6,305.4,157.60000000000002,1,1,1.0
69,3,240.6,566.8,194.6,242.60000000000002,1,1,1.0
69,4,103.3,841.9,226.3,160.39999999999998,1,1,1.0
69,5,152.4,748.2,215.79999999999998,153.39999999999998,1,1,1.0
69,6,220.0,384.2,157.8,129.8,1,1,0.0
69,7,390.3,758.7,197.3,240.79999999999995,1,1,1.0
69,8,225.0,796.8,197.39999999999998,211.10000000000002,1,1,1.0
69,9,62.6,599.9,219.1,143.20000000000005,1,1,1.0
69,10,545.2,750.5,279.0,202.60000000000002,1,1,1.0
70,1,460.2,527.6,351.50000000000006,178.79999999999995,1,1,1.0
70,2,259.3,420.1,304.8,154.10000000000002,1,1,1.0
70,3,239.4,566.2,195.79999999999998,231.5999999999999,1,1,1.0
70,4,103.8,841.9,225.8,160.39999999999998,1,1,1.0
70,5,158.4,748.2,205.49999999999997,153.39999999999998,1,1,1.0
70,6,221.3,385.1,156.89999999999998,132.29999999999995,1,1,0.0
70,7,398.0,758.7,189.60000000000002,241.29999999999995,1,1,1.0
70,8,225.0,796.8,197.39999999999998,211.10000000000002,1,1,1.0
70,9,69.1,606.0,209.50000000000003,141.0,1,1,1.0
70,10,544.2,750.5,284.19999999999993,200.5,1,1,1.0
71,1,459.0,532.8,359.6,174.20000000000005,1,1,1.0
71,2,254.7,433.4,311.7,132.70000000000005,1,1,1.0
71,3,239.4,558.7,196.99999999999997,233.89999999999998,1,1,1.0
71,4,103.8,841.9,225.8,160.39999999999998,1,1,1.0
71,5,155.0,748.2,213.60000000000002,154.29999999999995,1,1,1.0
71,6,217.0,385.1,162.89999999999998,103.5,1,1,0.0
71,7,374.8,756.1,207.59999999999997,243.39999999999998,1,1,1.0
71,8,225.0,790.3,198.7,217.60000000000002,1,1,1.0
71,9,80.4,606.4,194.70000000000002,139.30000000000007,1,1,1.0
71,10,543.2,748.9,285.19999999999993,203.10000000000002,1,1,1.0
72,1,456.7,534.5,360.7,171.29999999999995,1,1,1.0
72,2,262.8,452.5,304.8,115.89999999999998,1,1,1.0
72,3,238.8,548.9,197.59999999999997,253.5,1,1,1.0
72,4,104.3,841.9,225.3,160.39999999999998,1,1,1.0
72,5,155.9,746.1,216.99999999999997,155.10000000000002,1,1,1.0
72,6,219.2,383.0,159.40000000000003,102.60000000000002,1,1,0.0
72,7,374.8,756.1,207.59999999999997,243.39999999999998,1,1,1.0
72,8,225.0,799.0,200.0,208.89999999999998,1,1,1.0
72,9,94.4,598.6,180.70000000000002,140.60000000000002,1,1,1.0
72,10,541.6,749.9,285.79999999999995,204.20000000000005,1,1,1.0
73,1,460.8,535.7,357.2,169.5,1,1,1.0
73,2,267.4,438.6,308.30000000000007,129.79999999999995,1,1,1.0
73,3,238.8,548.9,197.59999999999997,248.89999999999998,1,1,1.0
73,4,105.3,838.0,224.3,164.29999999999995,1,1,1.0
73,5,165.4,743.1,204.1,161.10000000000002,1,1,1.0
73,6,219.2,383.0,159.8,123.69999999999999,1,1,0.0
73,7,386.2,756.1,196.2,247.0,1,1,1.0
73,8,225.0,792.5,200.0,215.39999999999998,1,1,1.0
73,9,96.1,599.5,187.29999999999998,139.29999999999995,1,1,1.0
73,10,543.2,749.9,282.0999999999999,201.60000000000002,1,1,1.0
74,1,462.0,561.2,364.70000000000005,153.79999999999995,1,1,1.0
74,2,239.0,431.7,327.4,136.7,1,1,1.0
74,3,240.0,551.2,196.39999999999998,243.69999999999993,1,1,1.0
74,4,106.7,837.5,222.90000000000003,164.79999999999995,1,1,1.0
74,5,166.3,737.9,203.2,166.30000000000007,1,1,1.0
74,6,219.2,383.9,159.40000000000003,128.39999999999998,1,1,0.0
74,7,382.6,756.1,199.79999999999995,245.0,1,1,1.0
74,8,225.0,793.4,198.7,214.5,1,1,1.0
74,9,86.5,595.1,202.5,141.5,1,1,1.0
74,10,543.2,751.5,281.0999999999999,201.0,1,1,1.0
75,1,460.8,575.1,340.99999999999994,134.69999999999993,1,1,1.0
75,2,247.7,417.8,311.8,158.7,1,1,1.0
75,3,234.2,555.3,202.2,240.80000000000007,1,1,1.0
75,4,106.7,837.5,222.90000000000003,164.79999999999995,1,1,1.0
75,5,166.3,742.6,203.2,161.19999999999993,1,1,1.0
75,6,220.1,383.9,158.50000000000003,129.30000000000007,1,1,0.0
75,7,382.6,756.1,199.79999999999995,249.10000000000002,1,1,1.0
75,8,225.0,796.5,197.8,211.39999999999998,1,1,1.0
75,9,80.0,600.8,214.2,160.20000000000005,1,1,1.0
75,10,543.2,749.4,281.0999999999999,202.10000000000002,1,1,1.0
76,1,463.1,575.7,354.9,135.29999999999995,1,1,1.0
76,2,289.9,398.7,250.5,203.3,1,1,1.0
76,3,232.4,554.7,203.99999999999997,241.39999999999998,1,1,1.0
76,4,104.8,838.9,224.8,163.39999999999998,1,1,1.0
76,5,166.3,732.8,216.09999999999997,171.0,1,1,1.0
76,6,217.5,383.5,160.7,113.39999999999998,1,1,0.0
76,7,387.2,756.1,195.2,245.60000000000002,1,1,1.0
76,8,225.0,796.5,196.10000000000002,211.39999999999998,1,1,1.0
76,9,86.5,589.9,194.60000000000002,178.5,1,1,1.0
76,10,543.7,749.4,283.69999999999993,201.10000000000002,1,1,1.0
77,1,471.8,561.3,370.49999999999994,135.80000000000007,1,1,1.0
77,2,329.8,356.5,163.09999999999997,300.5,1,1,1.0
77,3,234.7,551.8,201.7,245.5,1,1,1.0
77,4,103.8,841.3,225.8,161.0,1,1,1.0
77,5,159.8,727.1,224.3,176.69999999999993,1,1,1.0
77,6,217.5,383.5,162.0,110.0,1,1,0.0
77,7,377.9,756.1,204.5,244.5,1,1,1.0
77,8,225.0,798.7,196.10000000000002,209.19999999999993,1,1,1.0
77,9,87.4,585.1,186.29999999999998,181.60000000000002,1,1,1.0
77,10,543.7,749.4,281.5999999999999,201.10000000000002,1,1,1.0
78,1,497.8,519.0,336.99999999999994,170.60000000000002,1,1,1.0
78,2,354.1,380.2,137.09999999999997,296.40000000000003,1,1,1.0
78,3,237.6,550.1,198.79999999999998,247.19999999999993,1,1,1.0
78,4,105.7,842.7,223.90000000000003,159.5999999999999,1,1,1.0
78,5,158.9,725.9,225.20000000000002,177.0,1,1,1.0
78,6,219.7,383.1,159.40000000000003,110.0,1,1,0.0
78,7,377.4,756.1,205.0,244.5,1,1,1.0
78,8,225.0,799.1,195.7,208.79999999999995,1,1,1.0
78,9,86.1,584.7,181.9,178.5,1,1,1.0
78,10,541.6,749.4,288.4,201.10000000000002,1,1,1.0
79,1,504.2,495.3,322.50000000000006,197.2,1,1,1.0
79,2,335.6,423.6,186.29999999999995,281.9,1,1,1.0
79,3,237.6,551.8,198.79999999999998,245.5,1,1,1.0
79,4,105.7,842.7,223.90000000000003,159.5999999999999,1,1,1.0
79,5,158.9,723.3,226.1,179.60000000000002,1,1,1.0
79,6,217.5,383.1,161.60000000000002,109.59999999999997,1,1,0.0
79,7,375.3,756.1,207.09999999999997,244.5,1,1,1.0
79,8,225.0,795.2,198.3,212.69999999999993,1,1,1.0
79,9,86.5,588.6,184.10000000000002,172.39999999999998,1,1,1.0
79,10,541.6,749.4,284.69999999999993,204.20000000000005,1,1,1.0
80,1,587.5,473.3,278.5,230.8,1,1,1.0
80,2,337.9,436.9,195.0,329.4,1,1,1.0
80,3,237.0,551.8,199.39999999999998,245.5,1,1,1.0
80,4,106.2,842.7,223.40000000000003,159.5999999999999,1,1,1.0
80,5,159.8,724.2,224.3,177.39999999999998,1,1,1.0
80,6,217.5,383.1,160.3,124.19999999999999,1,1,0.0
80,7,378.4,756.1,204.0,245.0,1,1,1.0
80,8,225.0,797.4,196.60000000000002,210.5,1,1,1.0
80,9,82.6,586.9,191.9,186.70000000000005,1,1,1.0
80,10,538.5,751.5,285.70000000000005,201.60000000000002,1,1,1.0
81,1,640.2,499.3,336.29999999999995,153.3,1,1,1.0
81,2,395.6,463.5,137.29999999999995,330.6,1,1,1.0
81,3,237.0,550.1,195.89999999999998,247.19999999999993,1,1,1.0
81,4,107.6,842.7,222.00000000000003,159.5999999999999,1,1,1.0
81,5,161.1,725.1,217.79999999999998,177.79999999999995,1,1,1.0
81,6,217.5,383.1,160.3,131.10000000000002,1,1,0.0
81,7,366.0,756.1,216.39999999999998,245.0,1,1,1.0
81,8,225.0,793.5,194.89999999999998,214.39999999999998,1,1,1.0
81,9,78.7,592.6,199.3,164.0,1,1,1.0
81,10,538.5,750.5,286.70000000000005,203.60000000000002,1,1,1.0
82,1,680.1,516.7,355.9999999999999,123.19999999999993,1,1,1.0
82,2,400.0,452.8,132.89999999999998,355.09999999999997,1,1,1.0
82,3,236.4,550.7,250.29999999999998,251.79999999999995,1,1,1.0
82,4,105.2,842.7,224.40000000000003,159.5999999999999,1,1,1.0
82,5,161.5,733.7,231.60000000000002,170.0999999999999,1,1,1.0
82,6,217.5,383.1,158.60000000000002,131.10000000000002,1,1,0.0
82,7,369.1,756.1,213.29999999999995,246.0,1,1,1.0
82,8,225.0,793.5,196.60000000000002,214.39999999999998,1,1,1.0
82,9,86.5,589.5,189.3,158.39999999999998,1,1,1.0
82,10,545.3,750.0,275.70000000000005,204.10000000000002,1,1,1.0
83,1,729.29,528.9,336.30999999999995,133.60000000000002,1,1,1.0
83,2,382.4,464.7,150.5,333.2,1,1,1.0
83,3,238.2,551.9,254.90000000000003,254.70000000000005,1,1,1.0
83,4,102.3,839.8,227.3,162.5,1,1,1.0
83,5,163.6,740.6,230.79999999999998,164.10000000000002,1,1,1.0
83,6,217.5,381.8,158.60000000000002,141.40000000000003,1,1,0.0
83,7,370.1,754.6,212.29999999999995,247.0,1,1,1.0
83,8,225.0,797.4,196.60000000000002,210.5,1,1,1.0
83,9,83.0,589.9,198.47000000000003,183.30000000000007,1,1,1.0
83,10,546.9,751.6,278.30000000000007,199.89999999999998,1,1,1.0
84,1,727.5,534.1,341.5999999999999,122.60000000000002,1,1,1.0
84,2,373.6,472.2,177.5,294.3,1,1,1.0
84,3,236.5,548.4,261.9,250.10000000000002,1,1,1.0
84,4,106.2,839.8,223.40000000000003,162.5,1,1,1.0
84,5,165.3,741.0,227.0,163.70000000000005,1,1,1.0
84,6,217.9,381.8,158.20000000000002,131.09999999999997,1,1,0.0
84,7,385.2,754.6,197.2,248.0,1,1,1.0
84,8,225.0,796.5,196.2,211.39999999999998,1,1,1.0
84,9,79.5,593.4,204.60000000000002,162.80000000000007,1,1,1.0
84,10,541.7,750.0,283.5,206.20000000000005,1,1,1.0
85,1,718.24,538.7,380.3599999999999,120.89999999999998,1,1,1.0
85,2,366.1,479.7,173.69999999999993,300.59999999999997,1,1,1.0
85,3,234.2,550.1,250.3,244.29999999999995,1,1,1.0
85,4,99.4,840.8,230.20000000000002,161.5,1,1,1.0
85,5,164.4,740.1,230.9,164.60000000000002,1,1,1.0
85,6,217.9,381.8,155.6,137.59999999999997,1,1,0.0
85,7,389.3,754.6,193.09999999999997,248.0,1,1,1.0
85,8,225.0,796.5,197.10000000000002,211.39999999999998,1,1,1.0
85,9,77.3,593.8,206.0,181.20000000000005,1,1,1.0
85,10,542.75,750.0,282.45000000000005,205.14999999999998,1,1,1.0
86,1,751.8,542.2,356.10000000000014,123.79999999999995,1,1,1.0
86,2,358.6,486.0,183.10000000000002,291.70000000000005,1,1,1.0
86,3,235.9,548.4,263.1,253.0,1,1,1.0
86,4,108.6,839.4,221.00000000000003,162.89999999999998,1,1,1.0
86,5,164.4,739.2,227.49999999999997,165.5,1,1,1.0
86,6,219.2,381.8,153.40000000000003,135.90000000000003,1,1,0.0
86,7,394.5,756.7,185.79999999999995,245.39999999999998,1,1,1.0
86,8,225.0,795.2,196.2,212.69999999999993,1,1,1.0
86,9,88.2,596.0,206.40000000000003,161.60000000000002,1,1,1.0
86,10,543.8,750.0,281.4000000000001,204.10000000000002,1,1,1.0
87,1,766.3,539.3,362.4000000000001,127.30000000000007,1,1,1.0
87,2,345.4,493.5,217.70000000000005,255.89999999999998,1,1,1.0
87,3,234.2,545.5,260.2,260.0,1,1,1.0
87,4,108.1,839.9,221.50000000000003,162.39999999999998,1,1,1.0
87,5,164.4,730.2,230.9,174.5,1,1,1.0
87,6,219.2,381.8,154.3,140.59999999999997,1,1,0.0
87,7,375.4,756.7,204.89999999999998,243.29999999999995,1,1,1.0
87,8,225.0,796.1,196.60000000000002,211.79999999999995,1,1,1.0
87,9,94.3,567.2,174.09999999999997,186.0,1,1,1.0
87,10,541.2,749.5,284.0,203.0,1,1,1.0
88,1,781.9,534.7,359.0000000000001,157.39999999999998,1,1,1.0
88,2,348.5,491.0,200.79999999999995,267.20000000000005,1,1,1.0
88,3,237.1,542.6,211.6,265.79999999999995,1,1,1.0
88,4,107.15,839.9,222.45000000000002,162.39999999999998,1,1,1.0
88,5,162.7,735.4,225.7,169.30000000000007,1,1,1.0
88,6,219.2,381.8,152.60000000000002,138.49999999999994,1,1,0.0
88,7,390.4,756.7,189.89999999999998,243.29999999999995,1,1,1.0
88,8,225.0,790.0,198.3,217.89999999999998,1,1,1.0
88,9,96.5,568.9,171.89999999999998,184.70000000000005,1,1,1.0
88,10,541.2,749.5,281.9,202.5,1,1,1.0
89,1,818.9,525.4,343.4,167.30000000000007,1,1,1.0
89,2,326.5,509.8,234.70000000000005,242.7,1,1,1.0
89,3,237.6,540.3,207.6,277.4000000000001,1,1,1.0
89,4,106.2,839.9,223.40000000000003,162.39999999999998,1,1,1.0
89,5,164.4,739.7,222.70000000000002,168.0,1,1,1.0
89,6,219.2,381.8,152.2,139.40000000000003,1,1,0.0
89,7,390.4,755.7,189.89999999999998,246.39999999999998,1,1,1.0
89,8,225.0,791.4,197.0,216.5,1,1,1.0
89,9,99.1,570.6,172.4,185.60000000000002,1,1,1.0
89,10,543.8,748.5,279.30000000000007,206.60000000000002,1,1,1.0
90,1,832.2,548.0,385.70000000000005,140.60000000000002,1,1,1.0
90,2,343.5,496.6,186.29999999999995,257.79999999999995,1,1,1.0
90,3,233.0,544.4,216.8,273.30000000000007,1,1,1.0
90,4,107.2,839.4,222.40000000000003,162.89999999999998,1,1,1.0
90,5,164.4,739.3,221.9,165.0,1,1,1.0
90,6,217.5,380.9,152.60000000000002,123.10000000000002,1,1,0.0
90,7,387.3,755.7,192.99999999999994,246.39999999999998,1,1,1.0
90,8,225.0,792.2,200.5,215.69999999999993,1,1,1.0
90,9,98.2,575.8,172.0,187.80000000000007,1,1,1.0
90,10,546.9,748.5,276.20000000000005,201.39999999999998,1,1,1.0
91,1,853.6,568.8,411.80000000000007,145.30000000000007,1,1,1.0
91,2,348.8,498.2,211.40000000000003,252.00000000000006,1,1,1.0
91,3,234.7,545.0,224.90000000000003,257.70000000000005,1,1,1.0
91,4,104.8,839.9,224.8,162.39,1,1,1.0
91,5,163.5,739.7,224.89999999999998,164.19999999999993,1,1,1.0
91,6,218.8,381.8,152.2,120.09999999999997,1,1,0.0
91,7,380.1,755.7,200.19999999999993,244.29999999999995,1,1,1.0
91,8,225.0,800.5,198.3,207.39999999999998,1,1,1.0
91,9,99.1,575.8,172.79999999999998,185.20000000000005,1,1,1.0
91,10,544.8,750.1,283.0,200.29999999999995,1,1,1.0
92,1,899.9,589.6,397.9,128.0,1,1,1.0
92,2,344.1,597.1,310.79999999999995,134.29999999999995,1,1,1.0
92,3,235.8,543.3,200.09999999999997,251.30000000000007,1,1,1.0
92,4,106.2,841.8,223.40000000000003,160.49,1,1,1.0
92,5,162.2,744.0,229.2,159.89999999999998,1,1,1.0
92,6,218.8,381.8,148.8,121.80000000000001,1,1,0.0
92,7,381.1,755.7,199.19999999999993,244.29999999999995,1,1,1.0
92,8,225.0,794.8,196.60000000000002,213.10000000000002,1,1,1.0
92,9,98.2,576.7,173.7,183.89999999999998,1,1,1.0
92,10,541.1,749.6,286.69999999999993,209.19999999999993,1,1,1.0
93,1,943.9,588.4,378.19999999999993,141.39999999999998,1,1,1.0
93,2,389.6,597.1,325.0,126.5,1,1,1.0
93,3,234.1,543.3,201.20000000000002,253.70000000000005,1,1,1.0
93,4,106.2,839.9,223.40000000000003,162.39,1,1,1.0
93,5,163.9,738.4,226.6,166.39999999999998,1,1,1.0
93,6,217.9,383.1,151.4,142.89999999999998,1,1,0.0
93,7,383.7,755.7,196.59999999999997,244.29999999999995,1,1,1.0
93,8,225.0,794.4,196.60000000000002,213.5,1,1,1.0
93,9,98.6,578.9,171.6,186.10000000000002,1,1,1.0
93,10,541.1,749.6,288.29999999999995,200.79999999999995,1,1,1.0
94,1,945.6,590.1,373.6,137.39999999999998,1,1,1.0
94,2,432.0,586.6,319.20000000000005,134.39999999999998,1,1,1.0
94,3,234.1,543.3,201.20000000000002,252.5,1,1,1.0
94,4,106.2,841.8,223.40000000000003,160.49,1,1,1.0
94,5,165.6,742.3,224.50000000000003,162.9000000000001,1,1,1.0
94,6,219.2,381.8,149.2,145.09999999999997,1,1,0.0
94,7,378.0,755.7,201.29999999999995,243.79999999999995,1,1,1.0
94,8,225.0,794.4,197.5,213.5,1,1,1.0
94,9,98.6,577.6,171.6,187.39999999999998,1,1,1.0
94,10,541.1,749.6,285.69999999999993,203.89999999999998,1,1,1.0
95,1,954.9,566.9,308.69999999999993,187.80000000000007,1,1,1.0
95,2,451.9,595.0,299.30000000000007,134.39999999999998,1,1,1.0
95,3,236.4,542.7,200.1,253.0999999999999,1,1,1.0
95,4,106.2,841.8,223.40000000000003,160.49,1,1,1.0
95,5,163.9,739.7,227.9,167.19999999999993,1,1,1.0
95,6,219.2,381.8,150.5,146.40000000000003,1,1,0.0
95,7,364.6,755.7,214.69999999999993,243.29999999999995,1,1,1.0
95,8,225.0,795.7,197.5,212.19999999999993,1,1,1.0
95,9,99.0,580.7,172.5,185.5999999999999,1,1,1.0
95,10,539.5,750.1,285.70000000000005,206.5,1,1,1.0
96,1,954.9,572.1,307.0000000000001,182.60000000000002,1,1,1.0
96,2,451.4,591.9,295.6,133.30000000000007,1,1,1.0
96,3,236.4,542.7,200.1,253.0999999999999,1,1,1.0
96,4,106.7,840.4,222.90000000000003,161.89,1,1,1.0
96,5,163.9,735.8,226.99999999999997,171.10000000000002,1,1,1.0
96,6,219.2,380.1,146.60000000000002,150.19999999999993,1,1,0.0
96,7,364.6,752.6,214.69999999999993,246.39999999999998,1,1,1.0
96,8,225.0,796.1,197.5,211.79999999999995,1,1,1.0
96,9,98.6,581.1,172.00000000000003,186.5,1,1,1.0
96,10,541.6,750.1,281.5,203.89999999999998,1,1,1.0
97,1,954.9,566.3,319.19999999999993,182.60000000000002,1,1,1.0
97,2,447.7,592.4,340.59999999999997,127.0,1,1,1.0
97,3,236.4,539.2,200.1,254.79999999999995,1,1,1.0
97,4,106.2,841.3,223.40000000000003,160.99,1,1,1.0
97,5,163.9,736.2,226.6,168.0999999999999,1,1,1.0
97,6,219.2,381.4,150.5,145.5,1,1,0.0
97,7,375.4,753.6,203.89999999999998,246.89999999999998,1,1,1.0
97,8,225.0,796.1,194.89999999999998,211.79999999999995,1,1,1.0
97,9,99.0,581.1,171.60000000000002,186.5,1,1,1.0
97,10,540.0,750.1,285.20000000000005,202.29999999999995,1,1,1.0
98,1,953.2,568.62,319.20000000000005,161.77999999999997,1,1,1.0
98,2,469.7,598.7,351.59999999999997,135.89999999999998,1,1,1.0
98,3,235.8,542.7,201.3,249.0,1,1,1.0
98,4,106.2,841.3,223.40000000000003,160.99,1,1,1.0
98,5,163.9,742.2,220.6,163.0,1,1,1.0
98,6,216.6,378.8,148.4,149.40000000000003,1,1,0.0
98,7,381.1,753.6,198.19999999999993,246.89999999999998,1,1,1.0
98,8,225.0,794.4,197.10000000000002,213.5,1,1,1.0
98,9,98.1,577.6,172.50000000000003,186.89999999999998,1,1,1.0
98,10,542.6,750.1,278.9,207.5,1,1,1.0
99,1,950.3,581.9,326.70000000000005,149.10000000000002,1,1,1.0
99,2,472.8,596.1,347.99999999999994,149.5,1,1,1.0
99,3,235.8,542.7,202.5,249.0,1,1,1.0
99,4,106.2,843.7,223.40000000000003,158.58999999999992,1,1,1.0
99,5,136.8,760.3,256.3,138.0,1,1,1.0
99,6,219.6,383.1,137.70000000000002,138.69999999999993,1,1,0.0
99,7,366.1,753.6,213.19999999999993,245.89999999999998,1,1,1.0
99,8,225.0,795.3,197.10000000000002,212.60000000000002,1,1,1.0
99,9,98.1,580.2,172.50000000000003,186.89999999999998,1,1,1.0
99,10,548.4,750.1,277.30000000000007,199.10000000000002,1,1,1.0
100,1,952.0,599.3,319.20000000000005,135.70000000000005,1,1,1.0
100,2,490.1,560.5,322.29999999999995,260.5,1,1,1.0
100,3,235.8,542.7,202.5,257.69999999999993,1,1,1.0
100,4,106.2,847.1,223.40000000000003,155.18999999999994,1,1,1.0
100,5,139.4,751.7,254.1,146.5999999999999,1,1,1.0
100,6,219.6,383.1,110.20000000000002,140.0,1,1,0.0
100,7,364.0,753.6,215.29999999999995,246.39999999999998,1,1,1.0
100,8,225.0,801.8,198.39999999999998,206.10000000000002,1,1,1.0
100,9,98.1,579.3,172.50000000000003,184.30000000000007,1,1,1.0
100,10,545.8,750.1,283.6,199.10000000000002,1,1,1.0
101,1,956.6,619.0,324.9999999999999,123.5,1,1,1.0
101,2,512.1,537.5,274.1,263.6,1,1,1.0
101,3,235.8,543.3,201.89999999999998,254.20000000000005,1,1,1.0
101,4,107.2,847.6,222.40000000000003,154.68999999999994,1,1,1.0
101,5,150.1,760.3,222.79999999999998,140.10000000000002,1,1,1.0
101,6,218.7,378.8,112.0,142.2,1,1,0.0
101,7,351.1,759.3,233.79999999999995,240.70000000000005,1,1,1.0
101,8,225.0,787.8,195.8,220.10000000000002,1,1,1.0
101,9,97.2,580.2,173.0,185.5999999999999,1,1,1.0
101,10,545.8,750.1,283.1,199.10000000000002,1,1,1.0
102,1,957.2,612.1,342.89999999999986,130.39999999999998,1,1,1.0
102,2,543.0,520.2,218.20000000000005,258.4,1,1,1.0
102,3,235.8,543.3,201.89999999999998,250.70000000000005,1,1,1.0
102,4,107.2,845.7,222.40000000000003,156.58999999999992,1,1,1.0
102,5,150.5,762.9,218.10000000000002,138.80000000000007,1,1,1.0
102,6,218.7,383.1,142.10000000000002,119.79999999999995,1,1,0.0
102,7,360.9,755.2,224.0,244.79999999999995,1,1,1.0
102,8,225.0,788.7,194.5,219.19999999999993,1,1,1.0
102,9,97.2,580.6,172.60000000000002,185.19999999999993,1,1,1.0
102,10,543.7,750.1,287.29999999999995,198.10000000000002,1,1,1.0
103,1,993.1,639.3,332.4999999999999,124.0,1,1,1.0
103,2,578.1,514.4,191.39999999999998,277.80000000000007,1,1,1.0
103,3,236.4,543.3,201.29999999999998,255.9000000000001,1,1,1.0
103,4,107.2,846.7,222.40000000000003,155.58999999999992,1,1,1.0
103,5,149.2,749.1,216.40000000000003,153.0,1,1,1.0
103,6,218.7,383.5,152.0,121.60000000000002,1,1,0.0
103,7,366.6,755.2,218.29999999999995,246.29999999999995,1,1,1.0
103,8,225.0,790.4,194.89999999999998,217.5,1,1,1.0
103,9,98.5,580.2,172.2,184.69999999999993,1,1,1.0
103,10,542.7,750.6,286.69999999999993,208.60000000000002,1,1,1.0
104,1,996.6,644.5,350.9999999999999,124.0,1,1,1.0
104,2,550.9,532.2,282.5,283.5,1,1,1.0
104,3,236.4,543.3,201.29999999999998,262.80000000000007,1,1,1.0
104,4,107.2,846.7,222.40000000000003,155.58999999999992,1,1,1.0
104,5,153.1,740.9,214.20000000000002,160.30000000000007,1,1,1.0
104,6,218.7,383.1,157.2,126.69999999999999,1,1,0.0
104,7,384.7,755.2,200.2,246.29999999999995,1,1,1.0
104,8,225.0,796.9,194.0,211.0,1,1,1.0
104,9,98.5,579.3,172.2,183.0,1,1,1.0
104,10,544.8,748.5,279.4000000000001,210.70000000000005,1,1,1.0
105,1,1001.2,631.8,328.5,176.60000000000002,1,1,1.0
105,2,540.4,554.2,301.9,257.9,1,1,1.0
105,3,237.6,543.3,200.70000000000002,263.4000000000001,1,1,1.0
105,4,107.2,846.7,222.40000000000003,155.58999999999992,1,1,1.0
105,5,154.0,715.5,205.10000000000002,186.60000000000002,1,1,1.0
105,6,218.7,381.0,157.2,122.39999999999998,1,1,0.0
105,7,386.2,755.2,198.7,249.89999999999998,1,1,1.0
105,8,225.0,803.0,194.0,204.89,1,1,1.0
105,9,98.5,578.9,172.2,185.60000000000002,1,1,1.0
105,10,546.4,753.7,277.80000000000007,208.5999999999999,1,1,1.0
106,1,1099.6,613.3,265.9000000000001,270.9000000000001,1,1,1.0
106,2,535.6,551.1,307.79999999999995,266.19999999999993,1,1,1.0
106,3,237.6,542.7,200.70000000000002,257.5999999999999,1,1,1.0
106,4,105.3,847.7,224.3,154.58999999999992,1,1,1.0
106,5,153.6,715.5,207.70000000000002,187.0,1,1,1.0
106,6,218.7,381.0,157.2,127.60000000000002,1,1,0.0
106,7,391.9,756.2,193.0,259.19999999999993,1,1,1.0
106,8,225.0,799.1,194.0,208.78999999999996,1,1,1.0
106,9,97.2,581.5,173.90000000000003,186.10000000000002,1,1,1.0
106,10,544.3,753.7,279.4000000000001,208.5999999999999,1,1,1.0
107,1,1157.5,667.1,282.5999999999999,246.10000000000002,1,1,1.0
107,2,537.2,556.9,296.79999999999995,255.70000000000005,1,1,1.0
107,3,238.8,543.9,199.5,255.20000000000005,1,1,1.0
107,4,93.7,842.4,235.90000000000003,159.89,1,1,1.0
107,5,153.6,718.08,215.00000000000003,185.31999999999994,1,1,1.0
107,6,218.7,381.0,157.2,124.60000000000002,1,1,0.0
107,7,394.5,756.2,191.39999999999998,255.0999999999999,1,1,1.0
107,8,225.0,799.5,195.3,208.39999999999998,1,1,1.0
107,9,98.5,580.6,174.3,180.5,1,1,1.0
107,10,543.8,753.7,282.5,208.5999999999999,1,1,1.0
108,1,1196.8,706.4,243.29999999999995,213.20000000000005,1,1,1.0
108,2,539.3,556.9,318.80000000000007,253.10000000000002,1,1,1.0
108,3,240.0,544.5,198.89999999999998,253.39999999999998,1,1,1.0
108,4,80.2,830.9,246.0,171.39999999999998,1,1,1.0
108,5,148.0,720.7,224.0,178.39999999999998,1,1,1.0
108,6,218.7,381.4,157.2,134.5,1,1,0.0
108,7,391.9,756.2,197.60000000000002,261.29999999999995,1,1,1.0
108,8,225.0,798.6,195.3,209.29999999999995,1,1,1.0
108,9,97.6,581.5,171.70000000000002,183.10000000000002,1,1,1.0
108,10,538.6,756.8,294.0,189.30000000000007,1,1,1.0
109,1,1213.6,722.6,228.20000000000005,210.89999999999998,1,1,1.0
109,2,528.8,570.0,315.20000000000005,236.29999999999995,1,1,1.0
109,3,235.9,542.8,202.99999999999997,255.10000000000002,1,1,1.0
109,4,85.5,819.8,227.2,182.0,1,1,1.0
109,5,152.7,721.6,211.60000000000002,180.0,1,1,1.0
109,6,217.8,382.3,158.09999999999997,126.69999999999999,1,1,0.0
109,7,391.9,756.2,195.5,247.89999999999998,1,1,1.0
109,8,225.0,797.7,195.3,210.19999999999993,1,1,1.0
109,9,97.2,580.6,173.0,182.29999999999995,1,1,1.0
109,10,538.6,755.8,297.1,200.80000000000007,1,1,1.0
110,1,1220.0,712.8,221.79999999999995,222.4000000000001,1,1,1.0
110,2,529.3,563.1,310.0,208.60000000000002,1,1,1.0
110,3,234.7,544.0,204.2,255.60000000000002,1,1,1.0
110,4,89.3,803.9,229.7,198.39,1,1,1.0
110,5,153.1,730.6,213.79999999999998,172.29999999999995,1,1,1.0
110,6,217.8,382.3,158.09999999999997,123.30000000000001,1,1,0.0
110,7,393.4,754.7,194.60000000000002,249.39999999999998,1,1,1.0
110,8,225.0,797.7,195.3,210.19999999999993,1,1,1.0
110,9,97.6,579.7,174.79999999999998,180.5999999999999,1,1,1.0
110,10,542.8,754.8,293.9000000000001,221.20000000000005,1,1,1.0
111,1,1269.7,755.6,172.0999999999999,219.5,1,1,1.0
111,2,529.3,563.1,323.1,209.10000000000002,1,1,1.0
111,3,236.45,543.15,203.3,255.85000000000002,1,1,1.0
111,4,87.4,811.6,231.6,190.68999999999994,1,1,1.0
111,5,156.9,750.0,221.1,169.20000000000005,1,1,1.0
111,6,221.2,380.6,156.40000000000003,127.59999999999997,1,1,0.0
111,7,407.3,754.7,180.7,259.69999999999993,1,1,1.0
111,8,225.0,797.7,195.3,210.19999999999993,1,1,1.0
111,9,96.7,581.4,174.40000000000003,178.89999999999998,1,1,1.0
111,10,542.8,747.5,293.9000000000001,194.0,1,1,1.0
112,1,1299.2,773.0,142.5999999999999,218.89999999999998,1,1,1.0
112,2,534.0,557.9,326.29999999999995,217.89999999999998,1,1,1.0
112,3,238.2,542.3,202.40000000000003,256.1,1,1,1.0
112,4,86.0,809.7,233.0,192.58999999999992,1,1,1.0
112,5,157.8,738.4,217.2,177.39999999999998,1,1,1.0
112,6,218.2,379.7,159.40000000000003,129.40000000000003,1,1,0.0
112,7,409.9,752.1,172.39999999999998,262.79999999999995,1,1,1.0
112,8,225.0,796.8,195.3,211.10000000000002,1,1,1.0
112,9,96.7,583.6,174.40000000000003,179.79999999999995,1,1,1.0
112,10,540.7,746.5,292.9,197.60000000000002,1,1,1.0
113,1,1304.9,767.8,136.89999999999986,239.70000000000005,1,1,1.0
113,2,534.0,561.0,331.5,212.70000000000005,1,1,1.0
113,3,238.2,544.6,204.10000000000002,256.1,1,1,1.0
113,4,86.0,822.7,233.0,179.58999999999992,1,1,1.0
113,5,158.6,740.6,206.9,178.60000000000002,1,1,1.0
113,6,218.2,379.7,157.7,128.10000000000002,1,1,0.0
113,7,408.4,752.1,173.89999999999998,260.19999999999993,1,1,1.0
113,8,225.0,796.8,194.39999999999998,211.10000000000002,1,1,1.0
113,9,97.6,583.6,175.70000000000002,183.69999999999993,1,1,1.0
113,10,542.8,746.5,291.80000000000007,194.5,1,1,1.0
114,1,1307.2,778.8,134.0,215.9000000000001,1,1,1.0
114,2,529.3,559.0,310.0,227.29999999999995,1,1,1.0
114,3,239.4,534.2,201.70000000000002,254.89999999999998,1,1,1.0
114,4,84.6,781.7,222.29999999999998,220.5999999999999,1,1,1.0
114,5,166.8,751.7,194.39999999999998,185.5999999999999,1,1,1.0
114,6,218.2,379.7,158.60000000000002,128.10000000000002,1,1,0.0
114,7,413.6,753.6,168.69999999999993,257.19999999999993,1,1,1.0
114,8,225.0,795.9,196.10000000000002,212.0,1,1,1.0
114,9,95.4,574.4,181.4,190.30000000000007,1,1,1.0
114,10,542.8,746.5,291.80000000000007,194.5,1,1,1.0
115,1,1309.5,794.4,131.70000000000005,200.30000000000007,1,1,0.0
115,2,528.8,561.1,308.9000000000001,228.89999999999998,1,1,1.0
115,3,266.0,520.3,182.60000000000002,274.0,1,1,1.0
115,4,84.1,826.5,214.1,175.79999999999995,1,1,1.0
115,5,166.4,748.7,194.79999999999998,186.5,1,1,1.0
115,6,218.2,379.7,156.5,118.19999999999999,1,1,0.0
115,7,413.6,752.1,173.89999999999998,263.29999999999995,1,1,1.0
115,8,225.0,796.3,195.2,211.60000000000002,1,1,1.0
115,9,98.0,584.4,179.2,178.60000000000002,1,1,1.0
115,10,541.8,747.5,294.4000000000001,195.60000000000002,1,1,1.0
116,1,1309.5,805.4,131.70000000000005,187.60000000000002,1,1,0.0
116,2,538.2,556.9,310.0,239.89999999999998,1,1,1.0
116,3,289.1,501.8,160.59999999999997,286.09999999999997,1,1,1.0
116,4,77.4,767.2,171.1,224.5,1,1,1.0
116,5,127.7,745.7,241.7,137.89999999999998,1,1,1.0
116,6,218.2,377.1,156.5,120.79999999999995,1,1,0.0
116,7,390.9,752.1,193.5,250.89999999999998,1,1,1.0
116,8,225.0,797.6,195.60000000000002,210.29999999999995,1,1,1.0
116,9,98.0,583.1,179.60000000000002,186.39999999999998,1,1,1.0
116,10,539.7,748.0,298.0999999999999,197.20000000000005,1,1,1.0
117,1,1333.8,846.5,107.40000000000009,135.5,1,1,0.0
117,2,534.0,570.0,325.1,232.60000000000002,1,1,1.0
117,3,293.7,500.6,164.7,293.69999999999993,1,1,1.0
117,4,84.2,761.4,89.99999999999999,225.0,1,1,1.0
117,5,135.4,738.4,258.9,137.0,1,1,1.0
117,6,216.9,377.1,156.49999999999997,151.79999999999995,1,1,0.0
117,7,375.9,754.2,208.5,248.29999999999995,1,1,1.0
117,8,225.0,806.8,194.7,201.10000000000002,1,1,1.0
117,9,96.7,583.1,180.90000000000003,192.89999999999998,1,1,1.0
117,10,539.7,748.0,297.0999999999999,196.70000000000005,1,1,1.0
118,1,1342.5,846.5,98.70000000000005,130.29999999999995,1,1,0.0
118,2,519.9,578.4,329.30000000000007,221.60000000000002,1,1,1.0
118,3,295.4,501.8,163.0,298.3,1,1,1.0
118,4,76.5,760.4,89.0,219.70000000000005,1,1,1.0
118,5,116.0,727.2,244.7,143.0,1,1,1.0
118,6,219.5,377.1,153.89999999999998,120.39999999999998,1,1,0.0
118,7,389.9,752.1,194.5,249.89999999999998,1,1,1.0
118,8,225.0,794.2,192.10000000000002,213.69999999999993,1,1,1.0
118,9,95.4,585.7,180.49999999999997,182.5,1,1,1.0
118,10,539.7,748.0,295.0,196.70000000000005,1,1,1.0
119,1,1337.3,927.5,101.60000000000014,97.90000000000009,1,1,0.0
119,2,516.2,581.0,339.79999999999995,219.0,1,1,1.0
119,3,293.7,495.4,153.10000000000002,290.80000000000007,1,1,1.0
119,4,91.0,764.7,89.9,215.39999999999998,1,1,1.0
119,5,118.1,753.4,250.79999999999998,164.10000000000002,1,1,1.0
119,6,219.5,377.1,153.89999999999998,144.89999999999998,1,1,0.0
119,7,401.8,752.1,182.59999999999997,250.39999999999998,1,1,1.0
119,8,225.0,794.2,191.2,213.69999999999993,1,1,1.0
119,9,97.1,585.7,178.79999999999998,181.5999999999999,1,1,1.0
119,10,539.7,748.0,293.4,196.70000000000005,1,1,1.0
120,1,1309.5,932.1,129.4000000000001,101.39999999999998,1,1,0.0
120,2,516.7,546.5,305.79999999999995,240.89999999999998,1,1,1.0
120,3,293.7,495.4,145.0,298.4,1,1,1.0
120,4,92.9,764.3,59.099999999999994,206.20000000000005,1,1,0.0
120,5,125.4,727.6,215.99999999999997,184.69999999999993,1,1,1.0
120,6,216.9,377.1,156.49999999999997,143.60000000000002,1,1,0.0
120,7,387.9,752.1,196.5,250.89999999999998,1,1,1.0
120,8,225.0,795.1,191.60000000000002,212.79999999999995,1,1,1.0
120,9,97.1,586.6,181.4,181.10000000000002,1,1,1.0
120,10,541.3,748.0,293.9000000000001,196.70000000000005,1,1,1.0
