1,1,198.73,670.92,195.27,207.1500000000001,1,1,1.0
1,2,494.4,595.8,338.5,134.37,1,1,1.0
1,3,883.68,664.95,314.66999999999996,233.28999999999996,1,1,1.0
1,4,1096.07,517.05,217.8900000000001,160.19000000000005,1,1,1.0
1,5,1492.44,881.41,152.96000000000004,142.41000000000008,1,1,1.0
1,6,1389.68,556.35,176.41999999999985,325.52,1,1,1.0
1,7,1593.73,695.78,46.069999999999936,117.26999999999998,1,1,0.0
2,1,149.9,647.4,243.1,244.20000000000005,1,1,1.0
2,2,403.3,607.1,351.7,123.06999999999994,1,1,1.0
2,3,873.7,665.9,265.89999999999986,280.30000000000007,1,1,1.0
2,4,1096.07,517.05,217.8900000000001,167.05000000000007,1,1,1.0
2,5,1488.7,881.41,156.70000000000005,139.39,1,1,1.0
2,6,1349.9,624.17,176.40999999999985,276.73,1,1,1.0
2,7,1593.73,695.78,46.069999999999936,116.72000000000003,1,1,0.0
3,1,149.9,647.4,239.9,243.30000000000007,1,1,1.0
3,2,416.5,604.0,320.9,121.20000000000005,1,1,1.0
3,3,817.64,693.9,220.65999999999997,334.58000000000004,1,1,1.0
3,4,1104.9,522.3,205.5999999999999,161.80000000000007,1,1,1.0
3,5,1485.0,873.6,160.4000000000001,150.89999999999998,1,1,1.0
3,6,1329.1,611.5,175.5,290.29999999999995,1,1,1.0
3,7,1629.8,738.7,10.0,27.199999999999932,1,1,0.0
4,1,162.6,656.4,228.29999999999998,229.60000000000002,1,1,1.0
4,2,436.0,605.26,307.70000000000005,121.24000000000001,1,1,1.0
4,3,786.9,742.7,164.59000000000003,361.74,1,1,1.0
4,4,1104.9,524.0,199.89999999999986,160.10000000000002,1,1,1.0
4,5,1481.9,873.6,163.5,150.89999999999998,1,1,1.0
4,6,1330.9,616.0,173.69999999999982,281.29999999999995,1,1,1.0
4,7,1628.14,723.43,10.0,27.200000000000045,1,1,0.0
5,1,164.7,656.4,225.10000000000002,225.39999999999998,1,1,1.0
5,2,409.0,601.5,334.70000000000005,125.0,1,1,1.0
5,3,763.8,797.7,269.20000000000005,283.5999999999999,1,1,1.0
5,4,1096.2,520.9,216.0,163.20000000000005,1,1,1.0
5,5,1485.0,873.6,160.4000000000001,150.89999999999998,1,1,1.0
5,6,1334.5,605.1,167.4000000000001,301.19999999999993,1,1,1.0
5,7,1626.47,708.15,10.0,27.200000000000045,1,1,0.0
6,1,157.4,663.2,232.4,218.5999999999999,1,1,1.0
6,2,390.2,601.5,353.50000000000006,125.0,1,1,1.0
6,3,689.2,879.1,333.25,208.2299999999999,1,1,1.0
6,4,1099.7,517.4,214.20000000000005,166.70000000000005,1,1,1.0
6,5,1496.5,888.3,148.9000000000001,134.10000000000002,1,1,1.0
6,6,1352.6,605.1,143.9000000000001,316.6,1,1,1.0
6,7,1624.81,692.88,10.0,27.200000000000045,1,1,0.0
7,1,157.4,654.3,232.4,227.5,1,1,1.0
7,2,430.4,601.5,308.30000000000007,125.0,1,1,1.0
7,3,676.4,916.0,340.80000000000007,166.79999999999995,1,1,1.0
7,4,1098.0,519.1,248.20000000000005,165.0,1,1,1.0
7,5,1490.7,888.3,154.70000000000005,136.20000000000005,1,1,1.0
7,6,1352.6,623.2,143.9000000000001,298.5,1,1,1.0
7,7,1624.81,692.88,10.0,31.120000000000005,1,1,0.0
8,1,157.4,654.3,235.49999999999997,227.5,1,1,1.0
8,2,391.5,601.5,352.9,121.89999999999998,1,1,1.0
8,3,677.9,903.2,360.4,177.29999999999995,1,1,1.0
8,4,1098.0,520.0,221.20000000000005,164.10000000000002,1,1,1.0
8,5,1486.0,883.6,159.4000000000001,133.10000000000002,1,1,1.0
8,6,1358.0,639.5,228.9000000000001,253.29999999999995,1,1,1.0
8,7,1622.1,708.93,12.400000000000091,31.120000000000005,1,1,0.0
9,1,157.4,654.3,235.49999999999997,224.9000000000001,1,1,1.0
9,2,391.5,601.5,356.70000000000005,121.89999999999998,1,1,1.0
9,3,689.2,888.9,343.0999999999999,193.89999999999998,1,1,1.0
9,4,1093.2,520.0,226.0,164.10000000000002,1,1,1.0
9,5,1486.0,882.05,159.4000000000001,134.6500000000001,1,1,1.0
9,6,1364.33,646.73,263.27,152.06999999999994,1,1,1.0
9,7,1631.5,708.93,3.0,31.120000000000005,1,1,0.0
10,1,152.7,658.5,240.2,220.70000000000005,1,1,1.0
10,2,434.8,604.0,313.40000000000003,121.29999999999995,1,1,1.0
10,3,684.7,894.9,343.79999999999995,187.89999999999998,1,1,1.0
10,4,1093.2,522.6,223.0,161.5,1,1,1.0
10,5,1486.0,880.5,159.4000000000001,136.20000000000005,1,1,1.0
10,6,1356.2,643.1,248.79999999999995,187.29999999999995,1,1,1.0
10,7,1629.21,703.78,5.190000000000055,31.120000000000005,1,1,0.0
11,1,161.05,665.85,231.84999999999997,213.35000000000002,1,1,1.0
11,2,426.6,604.0,321.6,121.89999999999998,1,1,1.0
11,3,693.7,892.6,334.79999999999995,193.19999999999993,1,1,1.0
11,4,1093.2,517.8,226.0999999999999,166.30000000000007,1,1,1.0
11,5,1482.3,880.5,163.10000000000014,136.20000000000005,1,1,1.0
11,6,1356.2,646.7,244.29999999999995,190.89999999999998,1,1,1.0
11,7,1626.91,698.63,7.379999999999882,31.120000000000005,1,1,0.0
12,1,169.4,673.2,223.49999999999997,206.0,1,1,1.0
12,2,394.6,602.7,354.9,123.19999999999993,1,1,1.0
12,3,690.7,888.8,352.0999999999999,193.20000000000005,1,1,1.0
12,4,1119.8,477.7,240.10000000000014,202.90000000000003,1,1,1.0
12,5,1483.3,876.3,162.10000000000014,137.80000000000007,1,1,1.0
12,6,1350.8,646.7,257.79999999999995,192.69999999999993,1,1,1.0
12,7,1624.62,693.48,9.560000000000173,31.129999999999995,1,1,0.0
13,1,195.6,673.2,197.29999999999998,206.0,1,1,1.0
13,2,426.0,602.7,323.5,123.19999999999993,1,1,1.0
13,3,692.0,893.6,339.5,189.19999999999993,1,1,1.0
13,4,1093.2,493.0,297.20000000000005,160.60000000000002,1,1,1.0
13,5,1473.4,881.0,172.0,130.5,1,1,1.0
13,6,1354.4,625.0,252.39999999999986,210.79999999999995,1,1,1.0
13,7,1622.33,688.34,11.740000000000009,31.120000000000005,1,1,0.0
14,1,236.9,673.2,153.9,209.0999999999999,1,1,1.0
14,2,431.7,602.7,317.8,123.19999999999993,1,1,1.0
14,3,704.1,883.8,294.19999999999993,205.0,1,1,1.0
14,4,1000.32,518.3,264.08000000000004,163.21000000000004,1,1,1.0
14,5,1481.2,886.8,164.20000000000005,122.10000000000002,1,1,1.0
14,6,1357.1,617.8,240.70000000000005,220.70000000000005,1,1,1.0
14,7,1620.04,683.19,13.930000000000064,31.11999999999989,1,1,0.0
15,1,273.0,672.15,107.86000000000001,192.35000000000002,1,1,1.0
15,2,397.8,602.7,356.09999999999997,123.19999999999993,1,1,1.0
15,3,696.6,887.6,319.79999999999995,197.39999999999998,1,1,1.0
15,4,1012.1,534.9,274.1,144.89999999999998,1,1,1.0
15,5,1481.2,887.8,164.20000000000005,121.10000000000002,1,1,1.0
15,6,1358.9,623.2,238.89999999999986,240.5999999999999,1,1,1.0
15,7,1617.74,678.04,16.11999999999989,31.129999999999995,1,1,0.0
16,1,266.7,673.2,79.62,113.89999999999998,1,1,0.0
16,2,417.3,604.0,331.59999999999997,121.89999999999998,1,1,1.0
16,3,683.8,900.4,335.6,180.80000000000007,1,1,1.0
16,4,1020.0,534.9,266.20000000000005,144.89999999999998,1,1,1.0
16,5,1484.9,887.8,160.5,121.10000000000002,1,1,1.0
16,6,1420.4,621.4,159.29999999999995,256.9,1,1,1.0
16,7,1615.45,672.89,18.299999999999955,31.129999999999995,1,1,0.0
17,1,247.2,673.2,99.12,102.59999999999991,1,1,0.0
17,2,430.5,600.2,318.4,125.69999999999993,1,1,1.0
17,3,687.6,900.4,335.6,180.80000000000007,1,1,1.0
17,4,1010.6,530.2,282.4,149.5999999999999,1,1,1.0
17,5,1476.0,887.8,169.4000000000001,121.10000000000002,1,1,1.0
17,6,1282.1,675.7,294.9000000000001,217.0999999999999,1,1,1.0
17,7,1613.16,667.75,20.480000000000018,31.120000000000005,1,1,0.0
18,1,239.0,673.2,89.69999999999999,95.09999999999991,1,1,0.0
18,2,430.5,600.2,318.4,125.69999999999993,1,1,1.0
18,3,687.6,900.4,337.9,180.80000000000007,1,1,1.0
18,4,1010.6,520.3,289.69999999999993,159.5,1,1,1.0
18,5,1487.5,887.8,157.9000000000001,126.30000000000007,1,1,1.0
18,6,1169.98,707.3,332.9200000000001,152.04000000000008,1,1,1.0
18,7,1610.86,662.6,22.680000000000064,31.120000000000005,1,1,0.0
19,1,231.5,673.2,109.80000000000001,101.39999999999998,1,1,0.0
19,2,387.2,600.2,365.50000000000006,125.69999999999993,1,1,1.0
19,3,683.1,907.9,327.29999999999995,173.30000000000007,1,1,1.0
19,4,1027.9,522.4,276.0999999999999,153.20000000000005,1,1,1.0
19,5,1462.4,887.8,183.0,126.30000000000007,1,1,1.0
19,6,1139.2,709.1,361.89999999999986,164.69999999999993,1,1,1.0
19,7,1608.57,657.45,24.860000000000127,31.129999999999995,1,1,0.0
20,1,236.5,673.2,96.60000000000002,99.5,1,1,0.0
20,2,417.3,600.2,332.90000000000003,125.69999999999993,1,1,1.0
20,3,683.4,911.5,340.6,169.70000000000005,1,1,1.0
20,4,1014.8,525.5,288.20000000000005,152.20000000000005,1,1,1.0
20,5,1436.8,885.7,208.60000000000014,121.09999999999991,1,1,1.0
20,6,1113.0,710.0,384.5,134.89999999999998,1,1,1.0
20,7,1606.28,652.3,27.039999999999964,31.129999999999995,1,1,0.0
21,1,244.04,493.6,237.85999999999999,245.18999999999994,1,1,0.0
21,2,420.4,600.2,331.70000000000005,125.69999999999993,1,1,1.0
21,3,688.1,907.3,338.4999999999999,170.79999999999995,1,1,1.0
21,4,1014.8,525.5,283.5,152.20000000000005,1,1,1.0
21,5,1430.5,878.9,214.9000000000001,125.30000000000007,1,1,1.0
21,6,1107.6,701.9,381.8000000000002,132.10000000000002,1,1,1.0
21,7,1603.99,647.16,29.220000000000027,31.120000000000005,1,1,0.0
22,1,230.2,493.6,251.7,242.10000000000002,1,1,0.0
22,2,382.7,600.2,372.50000000000006,125.69999999999993,1,1,1.0
22,3,688.1,907.3,333.79999999999995,172.9000000000001,1,1,1.0
22,4,1011.1,528.1,281.4,151.69999999999993,1,1,1.0
22,5,1423.2,882.0,222.20000000000005,129.0,1,1,1.0
22,6,1117.5,701.9,371.9000000000001,132.10000000000002,1,1,1.0
22,7,1601.69,642.01,31.419999999999845,31.120000000000005,1,1,0.0
23,1,372.7,493.6,109.19999999999999,91.39999999999998,1,1,0.0
23,2,414.1,604.6,337.29999999999995,126.29999999999995,1,1,1.0
23,3,689.7,903.1,350.0,177.10000000000002,1,1,1.0
23,4,1012.7,528.1,286.0999999999999,155.89999999999998,1,1,1.0
23,5,1426.3,884.6,219.10000000000014,127.39999999999998,1,1,1.0
23,6,1117.5,698.3,367.4000000000001,130.30000000000007,1,1,1.0
23,7,1599.4,636.86,33.59999999999991,31.129999999999995,1,1,0.0
24,1,372.7,495.8,109.19999999999999,89.19999999999999,1,1,0.0
24,2,431.1,604.6,320.29999999999995,126.29999999999995,1,1,1.0
24,3,689.7,903.1,341.0999999999999,170.80000000000007,1,1,1.0
24,4,1016.9,518.7,297.1,159.0,1,1,1.0
24,5,1432.6,884.6,212.80000000000018,127.39999999999998,1,1,1.0
24,6,1174.5,705.5,326.70000000000005,181.0,1,1,1.0
24,7,1597.0,673.2,37.50999999999999,31.120000000000005,1,1,0.0
25,1,379.7,495.8,102.19999999999999,89.19999999999999,1,1,0.0
25,2,401.0,600.8,354.79999999999995,125.10000000000002,1,1,1.0
25,3,689.7,903.1,333.79999999999995,173.89999999999998,1,1,1.0
25,4,1033.1,514.5,281.4000000000001,155.39999999999998,1,1,1.0
25,5,1432.6,884.6,212.80000000000018,124.79999999999995,1,1,1.0
25,6,1187.7,713.7,317.29999999999995,193.5,1,1,1.0
25,7,1525.5,650.5,112.5,109.20000000000005,1,1,0.0
26,1,379.7,504.1,102.19999999999999,80.89999999999998,1,1,0.0
26,2,387.8,600.8,365.49999999999994,127.60000000000002,1,1,1.0
26,3,688.7,901.0,351.5,171.79999999999995,1,1,1.0
26,4,1043.0,514.5,274.0999999999999,156.39999999999998,1,1,1.0
26,5,1410.1,878.8,235.30000000000018,126.40000000000009,1,1,1.0
26,6,1207.2,689.8,307.79999999999995,235.60000000000002,1,1,1.0
26,7,1532.9,650.5,105.09999999999991,119.20000000000005,1,1,0.0
27,1,373.2,491.5,108.69999999999999,93.5,1,1,0.0
27,2,415.4,600.8,337.9,127.60000000000002,1,1,1.0
27,3,693.4,893.7,334.19999999999993,181.70000000000005,1,1,1.0
27,4,1049.3,510.3,289.29999999999995,160.59999999999997,1,1,1.0
27,5,1410.6,878.8,234.80000000000018,118.60000000000002,1,1,1.0
27,6,1199.7,689.8,322.20000000000005,231.80000000000007,1,1,1.0
27,7,1568.7,525.1,69.29999999999995,221.5,1,1,1.0
28,1,369.7,483.7,112.19999999999999,101.30000000000001,1,1,0.0
28,2,426.1,600.8,327.19999999999993,127.60000000000002,1,1,1.0
28,3,690.3,898.9,333.6,176.5000000000001,1,1,1.0
28,4,1044.6,480.5,248.5,198.79999999999995,1,1,1.0
28,5,1413.7,874.6,231.70000000000005,122.79999999999995,1,1,1.0
28,6,1204.1,689.8,319.70000000000005,228.0,1,1,1.0
28,7,1566.5,538.6,71.5,199.29999999999995,1,1,0.0
29,1,369.7,486.3,112.19999999999999,98.69999999999999,1,1,0.0
29,2,426.1,600.8,331.0,127.60000000000002,1,1,1.0
29,3,690.3,898.9,336.70000000000005,176.5000000000001,1,1,1.0
29,4,1033.1,511.4,276.20000000000005,181.0,1,1,1.0
29,5,1445.6,869.9,199.80000000000018,127.5,1,1,1.0
29,6,1219.2,683.5,300.20000000000005,228.0,1,1,1.0
29,7,1566.5,538.6,71.5,194.89999999999998,1,1,0.0
30,1,369.7,492.8,112.19999999999999,92.19999999999999,1,1,0.0
30,2,397.8,600.8,359.3,127.60000000000002,1,1,1.0
30,3,690.3,898.9,333.6,176.5000000000001,1,1,1.0
30,4,1033.6,512.4,278.8000000000002,172.10000000000002,1,1,1.0
30,5,1449.3,869.9,196.10000000000014,125.89999999999998,1,1,1.0
30,6,1207.3,681.0,309.0,243.10000000000002,1,1,1.0
30,7,1566.5,539.9,71.5,193.60000000000002,1,1,0.0
31,1,369.7,492.8,112.19999999999999,92.19999999999999,1,1,0.0
31,2,397.8,600.8,359.3,127.60000000000002,1,1,1.0
31,3,690.3,898.9,333.6,176.5000000000001,1,1,1.0
31,4,1047.7,514.5,268.89999999999986,154.79999999999995,1,1,1.0
31,5,1448.78,872.0,197.12000000000012,123.27999999999997,1,1,1.0
31,6,1213.0,681.0,306.4000000000001,240.60000000000002,1,1,1.0
31,7,1554.3,539.9,83.70000000000005,193.60000000000002,1,1,0.0
32,1,369.7,494.5,112.19999999999999,90.5,1,1,0.0
32,2,418.5,600.8,336.70000000000005,127.60000000000002,1,1,1.0
32,3,692.4,896.8,340.4,178.60000000000014,1,1,1.0
32,4,1047.7,516.1,274.70000000000005,146.89999999999998,1,1,1.0
32,5,1407.4,875.1,238.5,120.17999999999995,1,1,1.0
32,6,1214.9,671.0,297.5999999999999,261.9,1,1,1.0
32,7,1554.3,543.4,83.70000000000005,190.10000000000002,1,1,0.0
33,1,369.7,498.0,112.19999999999999,87.0,1,1,0.0
33,2,429.2,600.8,326.00000000000006,127.60000000000002,1,1,1.0
33,3,692.4,896.8,337.80000000000007,178.60000000000014,1,1,1.0
33,4,1056.6,515.1,276.3000000000002,143.69999999999993,1,1,1.0
33,5,1381.8,873.5,264.10000000000014,121.77999999999997,1,1,1.0
33,6,1204.9,677.3,313.29999999999995,242.4000000000001,1,1,1.0
33,7,1554.3,525.5,83.70000000000005,208.0,1,1,0.0
34,1,373.2,494.1,108.69999999999999,90.89999999999998,1,1,0.0
34,2,436.1,600.8,319.1,127.60000000000002,1,1,1.0
34,3,689.3,900.5,336.70000000000005,174.9000000000001,1,1,1.0
34,4,1041.4,516.7,278.39999999999986,142.0999999999999,1,1,1.0
34,5,1365.1,873.0,280.8000000000002,122.27999999999997,1,1,1.0
34,6,1204.9,677.3,313.29999999999995,242.4000000000001,1,1,1.0
34,7,1554.3,502.0,83.70000000000005,217.10000000000002,1,1,0.0
35,1,373.2,497.6,108.69999999999999,87.39999999999998,1,1,0.0
35,2,436.1,600.8,326.6,127.60000000000002,1,1,1.0
35,3,694.5,894.2,351.9000000000001,179.0999999999999,1,1,1.0
35,4,1060.2,491.6,293.0999999999999,185.5,1,1,1.0
35,5,1322.7,873.0,323.20000000000005,122.27999999999997,1,1,1.0
35,6,1210.6,669.8,300.70000000000005,249.9000000000001,1,1,1.0
35,7,1546.0,557.4,92.0,161.70000000000005,1,1,0.0
36,1,373.2,488.9,108.69999999999999,96.10000000000002,1,1,0.0
36,2,392.8,600.8,369.90000000000003,127.60000000000002,1,1,1.0
36,3,694.5,894.2,332.0,179.0999999999999,1,1,1.0
36,4,1056.5,491.6,296.79999999999995,175.0,1,1,1.0
36,5,1332.1,866.2,313.8000000000002,123.79999999999995,1,1,1.0
36,6,1189.9,674.2,325.1999999999998,232.29999999999995,1,1,1.0
36,7,1562.6,557.4,75.40000000000009,161.70000000000005,1,1,0.0
37,1,368.0,476.7,113.89999999999998,108.30000000000001,1,1,0.0
37,2,392.8,595.8,366.09999999999997,132.60000000000002,1,1,1.0
37,3,697.6,885.3,328.9,190.60000000000014,1,1,1.0
37,4,1017.8,515.7,259.60000000000014,176.5,1,1,1.0
37,5,1289.7,852.1,356.20000000000005,123.79999999999995,1,1,1.0
37,6,1184.2,682.4,334.0,223.5,1,1,1.0
37,7,1562.6,557.4,75.40000000000009,161.70000000000005,1,1,0.0
38,8,1550.45,490.82,75.3599999999999,65.45999999999998,1,1,0.0
38,1,373.7,495.9,108.19999999999999,89.10000000000002,1,1,0.0
38,2,412.9,598.3,346.0,130.10000000000002,1,1,1.0
38,3,703.9,880.6,334.1,195.30000000000007,1,1,1.0
38,4,1015.7,528.3,264.29999999999995,167.60000000000002,1,1,1.0
38,5,1255.2,852.1,390.70000000000005,115.39999999999998,1,1,1.0
38,6,1177.9,676.1,339.6999999999998,228.5,1,1,1.0
38,7,1543.9,557.4,94.09999999999991,161.70000000000005,1,1,0.0
39,8,1550.45,474.1,75.3599999999999,95.79999999999995,1,1,0.0
39,1,366.3,472.4,115.59999999999997,112.60000000000002,1,1,0.0
39,2,417.3,601.4,344.09999999999997,127.0,1,1,1.0
39,3,703.9,880.6,314.20000000000005,198.9999999999999,1,1,1.0
39,4,1027.7,521.0,277.89999999999986,180.10000000000002,1,1,1.0
39,5,1241.1,840.6,404.8000000000002,121.10000000000002,1,1,1.0
39,6,1166.0,683.6,355.4000000000001,199.0,1,1,1.0
39,7,1513.4,564.4,124.59999999999991,154.70000000000005,1,1,0.0
40,8,1536.8,474.1,89.00999999999999,95.79999999999995,1,1,0.0
40,1,368.0,469.8,113.89999999999998,115.19999999999999,1,1,0.0
40,2,389.0,601.4,372.4,127.0,1,1,1.0
40,3,703.9,880.6,330.4,198.9999999999999,1,1,1.0
40,4,1035.0,531.5,271.5999999999999,174.79999999999995,1,1,1.0
40,5,1265.2,854.7,380.70000000000005,119.59999999999991,1,1,1.0
40,6,1166.0,689.3,359.20000000000005,193.30000000000007,1,1,1.0
40,7,1506.9,572.7,131.0999999999999,154.19999999999993,1,1,0.0
41,8,1536.8,474.1,89.0,105.69999999999993,1,1,0.0
41,1,383.7,502.9,98.19999999999999,82.10000000000002,1,1,0.0
41,2,394.7,601.4,366.7,127.0,1,1,1.0
41,3,702.3,884.3,326.79999999999995,195.29999999999995,1,1,1.0
41,4,1029.8,524.7,266.29999999999995,181.5999999999999,1,1,1.0
41,5,1271.0,856.8,372.29999999999995,119.60000000000002,1,1,1.0
41,6,1193.0,688.0,329.70000000000005,186.39999999999998,1,1,1.0
41,7,1509.5,579.2,128.5,154.69999999999993,1,1,0.0
42,8,1536.8,474.1,89.0,105.69999999999993,1,1,0.0
42,1,377.16,502.9,156.63999999999993,79.0,1,1,0.0
42,2,428.0,601.4,333.4,127.0,1,1,1.0
42,3,697.1,883.8,331.9999999999999,195.79999999999995,1,1,1.0
42,4,1034.5,520.0,276.29999999999995,179.5,1,1,1.0
42,5,1287.2,856.8,356.0999999999999,119.60000000000002,1,1,1.0
42,6,1149.7,710.6,351.70000000000005,120.5,1,1,1.0
42,7,1504.3,583.12,133.70000000000005,147.27999999999997,1,1,0.0
43,8,1531.0,474.1,94.79999999999995,105.69999999999993,1,1,0.0
43,1,421.1,506.6,234.10000000000002,104.60000000000002,1,1,1.0
43,2,450.6,601.4,310.79999999999995,127.0,1,1,1.0
43,3,696.6,888.0,348.69999999999993,191.5999999999999,1,1,1.0
43,4,1029.8,534.7,269.5,177.89999999999998,1,1,1.0
43,5,1252.1,852.1,391.20000000000005,136.29999999999995,1,1,1.0
43,6,1151.0,690.5,348.5,190.79999999999995,1,1,1.0
43,7,1510.4,570.9,127.59999999999991,164.30000000000007,1,1,0.0
44,8,1531.0,474.1,94.79999999999995,105.69999999999993,1,1,0.0
44,1,426.9,505.0,274.9,106.20000000000005,1,1,1.0
44,2,448.1,601.4,326.5,153.39999999999998,1,1,1.0
44,3,694.0,893.2,324.1,191.5999999999999,1,1,1.0
44,4,1036.1,533.7,259.0,179.89999999999998,1,1,1.0
44,5,1251.1,847.4,392.20000000000005,177.10000000000002,1,1,1.0
44,6,1140.3,677.3,352.29999999999995,210.9000000000001,1,1,1.0
44,7,1496.4,590.1,141.5999999999999,145.10000000000002,1,1,0.0
45,8,1531.0,474.1,94.79999999999995,105.69999999999993,1,1,0.0
45,1,424.3,499.8,287.40000000000003,111.40000000000003,1,1,1.0
45,2,477.0,605.8,249.89999999999998,223.10000000000002,1,1,1.0
45,3,690.9,893.2,333.0,185.29999999999995,1,1,1.0
45,4,1036.6,525.3,273.20000000000005,166.30000000000007,1,1,1.0
45,5,1270.5,852.6,372.79999999999995,127.39999999999998,1,1,1.0
45,6,1153.5,671.0,334.70000000000005,210.29999999999995,1,1,1.0
45,7,1511.2,600.6,126.79999999999995,126.29999999999995,1,1,0.0
46,8,1523.2,474.1,102.59999999999991,105.69999999999993,1,1,0.0
46,1,424.3,503.5,292.59999999999997,107.70000000000005,1,1,1.0
46,2,473.9,580.1,195.20000000000005,268.9,1,1,1.0
46,3,695.1,892.7,341.4,185.79999999999995,1,1,1.0
46,4,1035.0,525.3,265.4000000000001,161.10000000000002,1,1,1.0
46,5,1252.2,852.6,391.0999999999999,127.39999999999998,1,1,1.0
46,6,1156.0,669.7,342.20000000000005,226.0,1,1,1.0
46,7,1562.7,560.0,75.29999999999995,166.89999999999998,1,1,0.0
47,8,1523.2,465.7,102.6099999999999,114.09999999999997,1,1,0.0
47,1,424.3,503.5,292.59999999999997,111.89999999999998,1,1,1.0
47,2,480.8,554.4,158.2,294.6,1,1,1.0
47,3,693.5,888.5,335.20000000000005,190.0,1,1,1.0
47,4,1032.4,515.9,268.0,176.80000000000007,1,1,1.0
47,5,1238.1,855.7,405.20000000000005,122.69999999999993,1,1,1.0
47,6,1150.3,664.0,339.10000000000014,232.29999999999995,1,1,1.0
47,7,1562.7,594.4,75.29999999999995,163.0,1,1,0.0
48,8,1526.9,465.7,98.90999999999985,118.30000000000001,1,1,0.0
48,1,414.4,503.5,306.70000000000005,114.5,1,1,1.0
48,2,484.6,554.4,154.39999999999998,308.4,1,1,1.0
48,3,693.5,888.5,345.0999999999999,190.0,1,1,1.0
48,4,1057.5,463.6,255.5,222.29999999999995,1,1,1.0
48,5,1244.4,855.7,398.89999999999986,150.39999999999998,1,1,1.0
48,6,1171.6,657.7,320.3000000000002,235.5,1,1,1.0
48,7,1562.7,602.2,75.29999999999995,165.69999999999993,1,1,0.0
49,8,1533.2,456.3,92.59999999999991,124.59999999999997,1,1,0.0
49,1,414.4,503.5,306.70000000000005,119.20000000000005,1,1,1.0
49,2,484.6,554.4,151.89999999999998,316.6,1,1,1.0
49,3,696.6,886.4,341.9999999999999,192.10000000000002,1,1,1.0
49,4,1048.6,485.6,271.70000000000005,240.60000000000002,1,1,1.0
49,5,1266.4,848.9,367.5,170.80000000000007,1,1,1.0
49,6,1183.5,656.4,312.20000000000005,241.20000000000005,1,1,1.0
49,7,1562.7,567.8,75.29999999999995,200.10000000000002,1,1,0.0
50,8,1537.4,456.3,88.39999999999986,124.59999999999997,1,1,0.0
50,1,414.4,503.5,306.70000000000005,119.20000000000005,1,1,1.0
50,2,484.6,547.5,151.89999999999998,316.6,1,1,1.0
50,3,697.6,880.1,329.4999999999999,200.9999999999999,1,1,1.0
50,4,1028.7,528.5,245.0,201.89999999999998,1,1,1.0
50,5,1282.1,852.6,351.8000000000002,137.29999999999995,1,1,1.0
50,6,1179.7,647.6,314.0999999999999,260.69999999999993,1,1,1.0
50,7,1535.2,580.4,102.79999999999995,224.60000000000002,1,1,1.0
51,8,1535.3,468.9,90.5,112.0,1,1,0.0
51,1,414.4,503.5,306.70000000000005,119.20000000000005,1,1,1.0
51,2,486.5,558.8,148.70000000000005,312.80000000000007,1,1,1.0
51,3,699.2,882.2,334.20000000000005,198.89999999999986,1,1,1.0
51,4,1033.9,519.1,214.69999999999982,197.19999999999993,1,1,1.0
51,5,1246.0,852.6,391.0,126.79999999999995,1,1,1.0
51,6,1197.9,647.6,295.89999999999986,265.1,1,1,1.0
51,7,1480.3,627.5,157.70000000000005,163.5,1,1,1.0
52,8,1535.3,468.9,90.5,112.0,1,1,0.0
52,1,414.4,503.5,308.80000000000007,119.20000000000005,1,1,1.0
52,2,486.5,558.8,148.70000000000005,321.0,1,1,1.0
52,3,697.1,884.3,336.30000000000007,196.79999999999995,1,1,1.0
52,4,1023.4,530.1,257.6,182.0,1,1,1.0
52,5,1250.2,852.6,386.79999999999995,135.19999999999993,1,1,1.0
52,6,1196.0,645.09,294.03,270.11,1,1,1.0
52,7,1447.2,653.7,190.79999999999995,122.89999999999998,1,1,1.0
53,8,1535.3,468.9,90.5,112.0,1,1,0.0
53,1,423.3,498.3,322.90000000000003,113.40000000000003,1,1,1.0
53,2,486.5,545.6,148.70000000000005,330.4,1,1,1.0
53,3,697.1,884.3,338.9,195.20000000000005,1,1,1.0
53,4,1041.2,522.8,269.5999999999999,172.0,1,1,1.0
53,5,1250.2,852.6,386.79999999999995,126.79999999999995,1,1,1.0
53,6,1196.0,639.4,291.5,275.80000000000007,1,1,1.0
53,7,1447.2,660.7,190.79999999999995,127.69999999999993,1,1,1.0
54,8,1535.3,468.9,90.5,112.0,1,1,0.0
54,1,425.4,503.0,336.0,106.60000000000002,1,1,1.0
54,2,480.8,571.3,225.40000000000003,281.5,1,1,1.0
54,3,692.9,891.1,348.30000000000007,185.30000000000007,1,1,1.0
54,4,1039.6,513.4,242.9000000000001,185.10000000000002,1,1,1.0
54,5,1238.7,856.8,396.20000000000005,125.70000000000005,1,1,1.0
54,6,1201.0,640.7,286.5,270.69999999999993,1,1,1.0
54,7,1426.3,662.0,211.70000000000005,126.39999999999998,1,1,1.0
55,8,1529.5,468.9,96.29999999999995,112.0,1,1,0.0
55,1,425.4,508.2,346.5,108.19999999999999,1,1,1.0
55,2,446.9,628.4,304.5,197.39999999999998,1,1,1.0
55,3,695.0,889.0,341.0,187.4000000000001,1,1,1.0
55,4,1032.8,487.2,209.9000000000001,219.7,1,1,1.0
55,5,1264.9,856.8,370.0,138.30000000000007,1,1,1.0
55,6,1194.7,640.7,289.70000000000005,275.69999999999993,1,1,1.0
55,7,1441.1,662.0,196.9000000000001,130.79999999999995,1,1,1.0
56,8,1493.9,468.9,131.89999999999986,109.89999999999998,1,1,1.0
56,1,420.2,508.2,354.3,108.19999999999999,1,1,1.0
56,2,463.9,556.8,317.6,265.20000000000005,1,1,1.0
56,3,697.1,883.8,335.80000000000007,192.60000000000014,1,1,1.0
56,4,1070.5,491.4,163.79999999999995,235.39999999999998,1,1,1.0
56,5,1320.9,856.8,314.0,153.5,1,1,1.0
56,6,1194.7,640.1,294.70000000000005,276.29999999999995,1,1,1.0
56,7,1449.8,652.8,188.20000000000005,140.0,1,1,1.0
57,8,1480.8,468.9,145.0,115.70000000000005,1,1,1.0
57,1,420.2,498.8,303.50000000000006,120.19999999999999,1,1,1.0
57,2,532.3,513.5,242.30000000000007,318.5,1,1,1.0
57,3,697.1,883.8,337.4,196.29999999999995,1,1,1.0
57,4,932.35,499.77,287.85,199.83000000000004,1,1,1.0
57,5,1307.8,859.9,325.0,122.70000000000005,1,1,1.0
57,6,1187.2,648.3,300.29999999999995,216.0,1,1,1.0
57,7,1435.0,663.3,203.0,129.5,1,1,1.0
58,8,1449.4,475.2,176.39999999999986,138.7,1,1,1.0
58,1,420.2,494.6,258.00000000000006,132.79999999999995,1,1,1.0
58,2,559.9,519.8,207.20000000000005,326.0,1,1,1.0
58,3,697.1,885.9,340.4999999999999,194.19999999999993,1,1,1.0
58,4,827.17,499.77,381.5300000000001,138.13,1,1,1.0
58,5,1303.1,859.9,329.70000000000005,122.70000000000005,1,1,1.0
58,6,1191.0,655.2,302.20000000000005,206.0,1,1,1.0
58,7,1439.8,663.3,198.20000000000005,129.5,1,1,1.0
59,8,1463.5,475.2,162.29999999999995,129.3,1,1,1.0
59,1,420.2,520.8,271.09999999999997,117.10000000000002,1,1,1.0
59,2,545.5,554.3,210.29999999999995,295.30000000000007,1,1,1.0
59,3,697.1,885.9,340.4999999999999,194.19999999999993,1,1,1.0
59,4,742.4,486.17,362.69999999999993,121.93,1,1,1.0
59,5,1307.8,862.0,320.79999999999995,120.60000000000002,1,1,1.0
59,6,1182.2,659.0,314.79999999999995,207.89999999999998,1,1,1.0
59,7,1430.2,665.0,207.79999999999995,127.79999999999995,1,1,1.0
60,8,1481.3,475.2,144.5,105.80000000000001,1,1,1.0
60,1,415.5,522.9,275.79999999999995,107.70000000000005,1,1,1.0
60,2,523.5,568.7,226.60000000000002,275.19999999999993,1,1,1.0
60,3,697.1,885.9,340.4999999999999,194.19999999999993,1,1,1.0
60,4,717.8,493.0,374.29999999999995,112.39999999999998,1,1,1.0
60,5,1298.4,862.0,330.1999999999998,120.60000000000002,1,1,1.0
60,6,1185.3,652.1,311.70000000000005,255.0,1,1,1.0
60,7,1410.1,649.3,227.9000000000001,120.80000000000007,1,1,1.0
61,8,1494.4,475.2,131.39999999999986,105.80000000000001,1,1,1.0
61,9,1608.47,637.07,23.61999999999989,30.589999999999918,1,1,0.0
61,1,388.3,503.0,302.99999999999994,127.60000000000002,1,1,1.0
61,2,517.8,571.8,233.60000000000002,262.70000000000005,1,1,1.0
61,3,697.1,885.9,340.4999999999999,194.19999999999993,1,1,1.0
61,4,711.5,496.7,374.29999999999995,136.40000000000003,1,1,1.0
61,5,1298.4,862.0,330.1999999999998,120.60000000000002,1,1,1.0
61,6,1187.8,680.4,204.29999999999995,225.39999999999998,1,1,1.0
61,7,1295.82,600.95,334.68000000000006,164.14999999999998,1,1,1.0
62,8,1490.7,468.9,135.0999999999999,117.89999999999998,1,1,1.0
62,9,1589.1,623.4,42.99000000000001,36.10000000000002,1,1,0.0
62,1,393.0,503.5,303.0,127.10000000000002,1,1,1.0
62,2,517.8,575.6,233.60000000000002,257.6,1,1,1.0
62,3,697.1,885.9,332.1,194.19999999999993,1,1,1.0
62,4,702.1,495.2,384.69999999999993,137.90000000000003,1,1,1.0
62,5,1280.1,857.3,353.20000000000005,121.10000000000002,1,1,1.0
62,6,1184.7,674.1,193.5999999999999,231.69999999999993,1,1,1.0
62,7,1247.47,547.57,295.73,198.02999999999997,1,1,1.0
63,8,1495.9,504.0,130.89999999999986,215.70000000000005,1,1,1.0
63,9,1558.5,634.3,73.58999999999992,46.40000000000009,1,1,0.0
63,1,397.2,504.5,298.8,127.10000000000002,1,1,1.0
63,2,512.8,578.7,238.60000000000002,252.0,1,1,1.0
63,3,697.1,885.9,337.30000000000007,194.19999999999993,1,1,1.0
63,4,702.1,489.4,384.69999999999993,144.30000000000007,1,1,1.0
63,5,1247.7,859.4,385.5999999999999,119.0,1,1,1.0
63,6,1180.9,676.6,199.89999999999986,240.5,1,1,1.0
63,7,1234.9,550.1,248.5999999999999,177.29999999999995,1,1,1.0
64,8,1458.22,487.3,159.68000000000006,303.57,1,1,1.0
64,9,1600.0,646.1,33.59999999999991,71.50999999999999,1,1,0.0
64,1,397.7,510.8,290.50000000000006,120.80000000000001,1,1,1.0
64,2,512.8,582.5,238.60000000000002,248.20000000000005,1,1,1.0
64,3,696.1,881.2,331.9999999999999,198.89999999999986,1,1,1.0
64,4,708.4,485.2,381.5000000000001,147.50000000000006,1,1,1.0
64,5,1236.2,859.4,400.20000000000005,119.0,1,1,1.0
64,6,1184.0,683.5,204.29999999999995,200.29999999999995,1,1,1.0
64,7,1234.9,550.1,223.29999999999995,167.29999999999995,1,1,1.0
65,8,1435.7,514.5,182.20000000000005,297.79999999999995,1,1,1.0
65,9,1617.8,667.9,18.710000000000036,86.40999999999997,1,1,0.0
65,1,399.8,512.3,282.59999999999997,124.5,1,1,1.0
65,2,512.8,582.5,239.9000000000001,248.20000000000005,1,1,1.0
65,3,693.0,893.8,335.0999999999999,183.70000000000005,1,1,1.0
65,4,680.1,499.3,402.9999999999999,133.40000000000003,1,1,1.0
65,5,1248.8,856.8,387.60000000000014,136.30000000000007,1,1,1.0
65,6,1180.2,670.3,216.89999999999986,233.0,1,1,1.0
65,7,1238.0,552.7,229.79999999999995,164.69999999999993,1,1,1.0
66,8,1421.6,559.5,207.30000000000018,226.60000000000002,1,1,1.0
66,9,1617.8,667.9,18.710000000000036,86.40999999999997,1,1,0.0
66,1,399.8,512.3,282.59999999999997,124.5,1,1,1.0
66,2,503.4,605.7,256.20000000000005,225.0,1,1,1.0
66,3,697.7,888.6,274.9,193.10000000000002,1,1,1.0
66,4,695.3,499.3,389.9000000000001,131.8,1,1,1.0
66,5,1251.9,854.2,386.06999999999994,154.5999999999999,1,1,1.0
66,6,1179.6,677.2,220.60000000000014,232.39999999999998,1,1,1.0
66,7,1238.0,552.7,228.5,164.69999999999993,1,1,1.0
67,8,1385.0,597.2,246.0,186.29999999999995,1,1,1.0
67,9,1617.8,667.9,18.710000000000036,52.30000000000007,1,1,0.0
67,1,399.8,512.3,282.59999999999997,124.5,1,1,1.0
67,2,495.9,593.8,254.89999999999998,235.0,1,1,1.0
67,3,697.7,888.6,272.79999999999995,195.69999999999993,1,1,1.0
67,4,711.5,497.7,377.9000000000001,133.40000000000003,1,1,1.0
67,5,1257.7,854.2,380.27,134.19999999999993,1,1,1.0
67,6,1186.5,682.9,213.0999999999999,224.80000000000007,1,1,1.0
67,7,1238.0,555.8,228.5,161.60000000000002,1,1,1.0
68,8,1396.0,624.9,237.0999999999999,223.5,1,1,1.0
68,9,1610.9,667.9,25.6099999999999,77.30000000000007,1,1,0.0
68,1,399.8,506.5,263.2,130.29999999999995,1,1,1.0
68,2,489.6,620.8,238.60000000000002,246.9000000000001,1,1,1.0
68,3,689.3,893.8,323.1,187.4000000000001,1,1,1.0
68,4,774.3,497.7,321.4000000000001,133.40000000000003,1,1,1.0
68,5,1243.6,856.8,388.10000000000014,125.80000000000007,1,1,1.0
68,6,1186.5,714.3,227.5,193.4000000000001,1,1,1.0
68,7,1238.0,554.1,231.5999999999999,163.29999999999995,1,1,1.0
69,8,1341.1,631.2,291.0,269.0,1,1,1.0
69,9,1589.5,667.9,47.00999999999999,51.10000000000002,1,1,0.0
69,1,399.8,506.5,263.2,129.29999999999995,1,1,1.0
69,2,502.2,663.5,226.00000000000006,295.20000000000005,1,1,1.0
69,3,689.3,893.8,349.29999999999995,184.29999999999995,1,1,1.0
69,4,766.5,497.7,318.70000000000005,133.40000000000003,1,1,1.0
69,5,1235.8,859.4,398.5,123.20000000000005,1,1,1.0
69,6,1160.1,666.6,323.0,211.0,1,1,1.0
69,7,1238.0,546.23,234.6500000000001,170.26999999999998,1,1,1.0
70,8,1386.1,625.4,232.4000000000001,288.9,1,1,1.0
70,9,1576.1,673.7,60.41000000000008,68.89999999999998,1,1,0.0
70,1,393.5,511.2,340.70000000000005,124.59999999999997,1,1,1.0
70,2,455.7,704.3,261.8,167.70000000000005,1,1,1.0
70,3,693.0,890.7,345.5999999999999,187.39999999999986,1,1,1.0
70,4,784.8,497.7,296.20000000000005,133.40000000000003,1,1,1.0
70,5,1204.4,865.2,429.89999999999986,117.39999999999998,1,1,1.0
70,6,1142.5,672.3,336.20000000000005,170.80000000000007,1,1,1.0
70,7,1238.0,548.8,236.4000000000001,167.70000000000005,1,1,1.0
71,8,1404.9,627.5,205.79999999999995,260.6,1,1,1.0
71,9,1562.3,668.3,74.21000000000004,64.5,1,1,0.0
71,1,395.6,509.1,342.29999999999995,124.60000000000002,1,1,1.0
71,2,463.2,677.9,209.7,283.30000000000007,1,1,1.0
71,3,692.0,884.9,346.5999999999999,195.30000000000007,1,1,1.0
71,4,787.9,497.7,288.9,133.40000000000003,1,1,1.0
71,5,1210.2,849.0,399.0,115.79999999999995,1,1,1.0
71,6,1159.5,674.2,309.79999999999995,166.39999999999998,1,1,1.0
71,7,1236.3,545.3,235.5,165.5,1,1,1.0
72,8,1409.1,630.6,198.5,218.79999999999995,1,1,1.0
72,9,1559.8,668.3,76.71000000000004,67.0,1,1,0.0
72,1,425.4,514.3,297.80000000000007,115.20000000000005,1,1,1.0
72,2,469.5,665.3,142.5,336.70000000000005,1,1,1.0
72,3,701.4,875.0,339.30000000000007,208.29999999999995,1,1,1.0
72,4,761.75,496.65,316.0999999999999,134.45000000000005,1,1,1.0
72,5,1172.5,831.7,423.0999999999999,119.0,1,1,1.0
72,6,1140.7,664.2,307.29999999999995,155.69999999999993,1,1,1.0
72,7,1236.3,545.3,228.5,163.30000000000007,1,1,1.0
73,8,1417.0,658.3,174.4000000000001,200.5,1,1,1.0
73,9,1557.3,668.3,79.21000000000004,84.10000000000002,1,1,0.0
73,1,420.7,520.6,328.09999999999997,152.29999999999995,1,1,1.0
73,2,441.2,673.5,182.7,349.79999999999995,1,1,1.0
73,3,704.0,873.4,344.0,209.89999999999998,1,1,1.0
73,4,735.6,495.6,343.30000000000007,135.5,1,1,1.0
73,5,1158.9,823.3,399.5,121.10000000000002,1,1,1.0
73,6,1131.9,683.0,292.89999999999986,142.60000000000002,1,1,1.0
73,7,1238.5,545.3,228.9000000000001,167.20000000000005,1,1,1.0
74,8,1406.5,685.0,169.20000000000005,187.89999999999998,1,1,1.0
74,9,1561.7,668.3,74.80999999999995,76.80000000000007,1,1,0.0
74,1,463.61,534.73,281.49,258.56999999999994,1,1,1.0
74,2,445.6,656.5,178.29999999999995,398.20000000000005,1,1,1.0
74,3,703.0,871.3,345.0,219.29999999999995,1,1,1.0
74,4,712.1,489.8,366.80000000000007,141.3,1,1,1.0
74,5,1138.0,824.9,424.0999999999999,115.30000000000007,1,1,1.0
74,6,1118.1,683.0,289.10000000000014,149.5,1,1,1.0
74,7,1241.1,545.3,235.9000000000001,167.20000000000005,1,1,1.0
75,8,1416.4,658.3,171.29999999999995,238.70000000000005,1,1,1.0
75,9,1568.2,668.3,68.30999999999995,60.40000000000009,1,1,0.0
75,1,520.65,545.72,219.75,303.5799999999999,1,1,1.0
75,2,445.6,656.5,178.29999999999995,368.0999999999999,1,1,1.0
75,3,712.9,875.0,294.80000000000007,215.5999999999999,1,1,1.0
75,4,727.8,489.8,351.10000000000014,141.3,1,1,1.0
75,5,1202.4,828.6,373.29999999999995,111.60000000000002,1,1,1.0
75,6,1125.6,693.7,289.10000000000014,138.79999999999995,1,1,1.0
75,7,1241.1,545.3,238.5,174.20000000000005,1,1,1.0
76,8,1400.7,643.1,199.0,230.39999999999998,1,1,1.0
76,9,1579.1,664.7,57.41000000000008,52.0,1,1,0.0
76,1,586.06,636.77,156.34000000000003,383.13,1,1,1.0
76,2,456.9,656.5,167.0,358.70000000000005,1,1,1.0
76,3,715.0,878.7,255.0,211.89999999999986,1,1,1.0
76,4,747.7,489.8,334.29999999999995,184.7,1,1,1.0
76,5,1247.4,820.8,322.5,185.30000000000007,1,1,1.0
76,6,1121.8,689.9,290.4000000000001,142.60000000000002,1,1,1.0
76,7,1241.1,540.9,234.10000000000014,178.60000000000002,1,1,1.0
77,8,1391.3,643.1,212.10000000000014,212.60000000000002,1,1,1.0
77,9,1575.1,664.7,61.41000000000008,54.19999999999993,1,1,0.0
77,1,622.2,758.17,112.39999999999998,372.13,1,1,1.0
77,2,456.9,657.8,167.0,357.4000000000001,1,1,1.0
77,3,708.7,878.7,265.5,211.89999999999986,1,1,1.0
77,4,718.4,488.8,357.30000000000007,145.40000000000003,1,1,1.0
77,5,1260.0,822.9,327.70000000000005,191.0,1,1,1.0
77,6,1143.1,675.1,268.20000000000005,157.39999999999998,1,1,1.0
77,7,1238.9,544.4,228.5,175.10000000000002,1,1,1.0
78,8,1401.8,664.6,229.9000000000001,184.79999999999995,1,1,1.0
78,9,1583.5,672.3,52.65000000000009,61.129999999999995,1,1,0.0
78,1,618.5,790.1,180.5,338.6,1,1,1.0
78,2,423.0,666.6,200.89999999999998,320.29999999999995,1,1,1.0
78,3,699.8,886.0,305.30000000000007,199.4000000000001,1,1,1.0
78,4,733.1,460.0,329.9999999999999,174.20000000000005,1,1,1.0
78,5,1272.0,848.5,311.5,258.0,1,1,1.0
78,6,1118.0,687.4,296.0999999999999,145.10000000000002,1,1,1.0
78,7,1238.9,544.4,228.5,175.10000000000002,1,1,1.0
79,8,1363.6,644.2,269.10000000000014,190.5,1,1,1.0
79,9,1582.8,672.3,53.350000000000136,80.0,1,1,0.0
79,1,602.8,820.5,229.20000000000005,309.20000000000005,1,1,1.0
79,2,432.4,676.6,191.5,314.1,1,1,1.0
79,3,691.4,892.3,320.0,185.79999999999995,1,1,1.0
79,4,733.1,476.7,334.69999999999993,157.50000000000006,1,1,1.0
79,5,1292.4,804.0,261.29999999999995,269.0,1,1,1.0
79,6,1096.7,661.0,286.5999999999999,177.79999999999995,1,1,1.0
79,7,1238.9,544.4,225.89999999999986,171.60000000000002,1,1,1.0
80,8,1365.7,658.9,267.5,175.80000000000007,1,1,1.0
80,9,1582.8,687.6,53.350000000000136,51.60000000000002,1,1,0.0
80,1,604.4,822.1,164.30000000000007,324.9,1,1,1.0
80,2,453.7,677.9,170.2,346.1,1,1,1.0
80,3,702.9,879.2,301.20000000000005,215.5999999999999,1,1,1.0
80,4,808.9,456.8,225.39999999999998,248.59999999999997,1,1,1.0
80,5,1299.7,811.8,256.5999999999999,276.9000000000001,1,1,1.0
80,6,1101.7,654.1,287.29999999999995,179.69999999999993,1,1,1.0
80,7,1240.6,544.4,231.60000000000014,171.60000000000002,1,1,1.0
81,8,1331.2,650.5,302.5,192.60000000000002,1,1,1.0
81,9,1582.8,681.0,53.350000000000136,84.39999999999998,1,1,0.0
81,1,622.2,807.4,159.5999999999999,338.6,1,1,1.0
81,2,357.0,726.9,245.60000000000002,273.20000000000005,1,1,1.0
81,3,709.2,870.8,283.9,254.9000000000001,1,1,1.0
81,4,775.9,512.8,257.4,277.4000000000001,1,1,1.0
81,5,1297.6,813.9,262.4000000000001,251.80000000000007,1,1,1.0
81,6,1155.1,659.1,252.70000000000005,172.19999999999993,1,1,1.0
81,7,1240.6,544.4,230.70000000000005,162.0,1,1,1.0
82,8,1264.7,695.0,311.39999999999986,193.10000000000002,1,1,1.0
82,9,1594.4,681.0,41.75,84.39999999999998,1,1,0.0
82,1,545.3,797.5,190.5,307.20000000000005,1,1,1.0
82,2,244.0,866.9,280.1,118.80000000000007,1,1,1.0
82,3,717.8,864.8,236.60000000000002,290.70000000000005,1,1,1.0
82,4,759.2,537.9,302.89999999999986,243.39999999999998,1,1,1.0
82,5,1293.9,813.9,263.5,244.5000000000001,1,1,1.0
82,6,1065.9,674.2,345.6999999999998,157.0999999999999,1,1,1.0
82,7,1235.8,540.9,239.0,170.30000000000007,1,1,1.0
83,8,1229.6,721.7,321.4000000000001,196.19999999999993,1,1,1.0
83,9,1606.8,675.2,29.350000000000136,98.19999999999993,1,1,0.0
83,1,511.3,899.0,229.2,179.5,1,1,1.0
83,2,234.0,867.5,273.1,129.5,1,1,1.0
83,3,720.9,861.7,258.0,244.89999999999986,1,1,1.0
83,4,813.6,557.78,330.13,129.32000000000005,1,1,1.0
83,5,1290.2,819.7,275.0,209.39999999999986,1,1,1.0
83,6,1065.9,674.2,298.5999999999999,166.5,1,1,1.0
83,7,1233.6,542.2,231.20000000000005,172.89999999999998,1,1,1.0
84,8,1242.2,720.7,297.29999999999995,243.19999999999993,1,1,1.0
84,9,1579.6,675.2,56.55000000000018,59.299999999999955,1,1,0.0
84,1,529.6,851.9,239.19999999999993,236.0000000000001,1,1,1.0
84,2,241.5,870.0,258.7,148.29999999999995,1,1,1.0
84,3,720.9,866.1,255.5,234.19999999999993,1,1,1.0
84,4,897.3,522.7,340.10000000000014,148.19999999999993,1,1,1.0
84,5,1277.6,822.8,289.70000000000005,225.10000000000014,1,1,1.0
84,6,1055.9,651.0,321.79999999999995,172.79999999999995,1,1,1.0
84,7,1233.6,538.7,237.30000000000018,173.79999999999995,1,1,1.0
85,8,1207.7,714.9,319.20000000000005,221.30000000000007,1,1,1.0
85,9,1552.3,671.6,83.85000000000014,62.89999999999998,1,1,0.0
85,1,498.2,808.99,210.40000000000003,233.41000000000008,1,1,1.0
85,2,289.9,843.0,210.3,181.0,1,1,1.0
85,3,714.0,873.6,241.70000000000005,222.89999999999998,1,1,1.0
85,4,916.7,508.6,327.5,161.29999999999995,1,1,1.0
85,5,1284.4,825.9,281.29999999999995,203.19999999999993,1,1,1.0
85,6,1049.6,660.4,326.8000000000002,130.10000000000002,1,1,1.0
85,7,1233.6,527.4,234.20000000000005,203.80000000000007,1,1,1.0
86,8,1222.4,735.8,289.79999999999995,149.60000000000002,1,1,1.0
86,9,1574.1,658.2,62.05000000000018,59.19999999999993,1,1,0.0
86,1,475.7,819.5,203.59999999999997,227.5999999999999,1,1,1.0
86,2,289.9,852.4,210.3,171.60000000000002,1,1,1.0
86,3,714.0,876.7,241.10000000000002,219.79999999999995,1,1,1.0
86,4,935.0,493.4,356.79999999999995,153.0,1,1,1.0
86,5,1306.4,787.7,239.89999999999986,270.70000000000005,1,1,1.0
86,6,1038.9,689.3,294.1999999999998,128.20000000000005,1,1,1.0
86,7,1259.3,545.3,140.0,260.9000000000001,1,1,1.0
87,8,1191.0,708.6,323.29999999999995,183.10000000000002,1,1,1.0
87,9,1574.1,665.5,62.05000000000018,51.89999999999998,1,1,0.0
87,1,514.4,777.1,161.20000000000005,274.19999999999993,1,1,1.0
87,2,196.3,852.4,285.7,145.20000000000005,1,1,1.0
87,3,714.0,876.7,234.79999999999995,219.79999999999995,1,1,1.0
87,4,928.2,498.1,361.0,126.29999999999995,1,1,1.0
87,5,1323.1,744.3,212.20000000000005,296.79999999999995,1,1,1.0
87,6,1001.2,638.4,228.29999999999995,229.39999999999998,1,1,1.0
87,7,1203.3,624.8,281.29999999999995,170.4000000000001,1,1,1.0
88,8,1187.9,708.6,326.39999999999986,189.89999999999998,1,1,1.0
88,9,1585.0,665.5,51.15000000000009,51.89999999999998,1,1,0.0
88,1,514.4,738.4,142.39999999999998,317.6,1,1,1.0
88,2,152.3,855.5,337.9,134.60000000000002,1,1,1.0
88,3,708.3,878.6,248.0,217.89999999999998,1,1,1.0
88,4,976.3,502.3,350.10000000000014,116.90000000000003,1,1,1.0
88,5,1315.3,752.1,228.9000000000001,282.19999999999993,1,1,1.0
88,6,1018.2,617.0,219.5,269.6,1,1,1.0
88,7,1206.4,627.9,278.1999999999998,153.70000000000005,1,1,1.0
89,8,1164.4,708.6,349.89999999999986,176.29999999999995,1,1,1.0
89,9,1626.8,665.5,9.350000000000136,66.39999999999998,1,1,0.0
89,1,515.4,717.5,141.39999999999998,324.4000000000001,1,1,1.0
89,2,164.2,861.2,326.0,128.89999999999998,1,1,1.0
89,3,708.3,878.6,255.5,217.89999999999998,1,1,1.0
89,4,987.8,502.3,323.9000000000001,116.90000000000003,1,1,1.0
89,5,1256.7,754.2,295.89999999999986,266.5,1,1,1.0
89,6,1024.5,612.6,222.0,264.6,1,1,1.0
89,7,1197.0,627.9,287.5999999999999,155.30000000000007,1,1,1.0
90,8,1164.4,716.5,358.79999999999995,163.70000000000005,1,1,1.0
90,9,1603.5,671.3,32.65000000000009,22.40000000000009,1,1,0.0
90,1,513.3,697.6,138.80000000000007,311.9,1,1,1.0
90,2,164.2,864.3,322.90000000000003,127.10000000000002,1,1,1.0
90,3,714.0,869.2,242.89999999999998,227.29999999999995,1,1,1.0
90,4,987.8,502.3,334.4000000000001,116.90000000000003,1,1,1.0
90,5,1244.1,755.8,311.10000000000014,274.79999999999995,1,1,1.0
90,6,979.9,625.2,249.0000000000001,282.79999999999995,1,1,1.0
90,7,1197.0,626.9,266.70000000000005,160.5,1,1,1.0
91,8,1185.3,719.6,332.10000000000014,172.60000000000002,1,1,1.0
91,9,1591.1,637.1,45.05000000000018,98.0,1,1,0.0
91,1,513.3,697.6,132.5,305.6,1,1,1.0
91,2,210.7,859.9,276.40000000000003,131.5,1,1,1.0
91,3,702.1,886.7,300.6,209.79999999999995,1,1,1.0
91,4,985.7,502.3,336.5,119.99999999999994,1,1,1.0
91,5,1232.1,750.6,317.3000000000002,260.1,1,1,1.0
91,6,969.2,636.5,261.0,257.70000000000005,1,1,1.0
91,7,1200.7,622.7,236.79999999999995,189.29999999999995,1,1,1.0
92,8,1211.5,719.6,305.9000000000001,172.60000000000002,1,1,1.0
92,9,1529.7,637.1,106.45000000000005,93.60000000000002,1,1,0.0
92,1,513.3,697.6,140.9000000000001,300.4,1,1,1.0
92,2,193.1,859.9,294.0,131.5,1,1,1.0
92,3,693.9,893.0,304.4,201.0,1,1,1.0
92,4,977.9,502.3,326.5000000000001,119.99999999999994,1,1,1.0
92,5,1260.4,751.6,286.39999999999986,252.79999999999995,1,1,1.0
92,6,1008.1,639.6,229.60000000000002,201.89999999999998,1,1,1.0
92,7,1208.0,614.3,251.5,201.9000000000001,1,1,1.0
93,8,1248.7,724.8,263.5,160.10000000000002,1,1,1.0
93,9,1470.6,630.3,165.55000000000018,105.10000000000002,1,1,1.0
93,1,513.3,697.6,139.30000000000007,293.6,1,1,1.0
93,2,191.2,859.9,295.90000000000003,131.5,1,1,1.0
93,3,686.4,898.0,311.9,196.0,1,1,1.0
93,4,977.9,501.3,326.5000000000001,120.99999999999994,1,1,1.0
93,5,1218.5,751.6,319.9000000000001,248.60000000000002,1,1,1.0
93,6,1020.6,612.6,222.10000000000002,287.29999999999995,1,1,1.0
93,7,1201.7,582.4,206.0,229.60000000000002,1,1,1.0
94,8,1229.3,724.3,276.10000000000014,163.20000000000005,1,1,1.0
94,9,1439.2,640.2,196.95000000000005,106.19999999999993,1,1,1.0
94,1,513.3,710.7,139.30000000000007,280.5,1,1,1.0
94,2,195.6,857.4,291.5,132.70000000000005,1,1,1.0
94,3,696.4,893.6,250.39999999999998,205.39999999999998,1,1,1.0
94,4,975.3,501.3,329.10000000000014,120.99999999999994,1,1,1.0
94,5,1218.5,751.6,319.9000000000001,244.89999999999998,1,1,1.0
94,6,1013.7,605.7,220.79999999999995,304.19999999999993,1,1,1.0
94,7,1184.4,588.2,195.5999999999999,252.0999999999999,1,1,1.0
95,8,1248.7,748.4,243.0999999999999,145.89999999999998,1,1,1.0
95,9,1356.0,641.2,280.1500000000001,110.39999999999998,1,1,1.0
95,1,513.3,717.5,140.30000000000007,268.5,1,1,1.0
95,2,220.7,839.8,262.6,152.20000000000005,1,1,1.0
95,3,728.4,858.5,223.39999999999998,271.29999999999995,1,1,1.0
95,4,971.1,495.5,349.4999999999999,126.79999999999995,1,1,1.0
95,5,1221.1,754.2,317.8000000000002,242.29999999999995,1,1,1.0
95,6,1002.4,616.4,222.10000000000002,242.0,1,1,1.0
95,7,1180.2,592.4,168.89999999999986,284.5,1,1,1.0
96,8,1225.7,746.3,335.70000000000005,140.70000000000005,1,1,1.0
96,9,1366.5,648.0,269.6500000000001,105.20000000000005,1,1,1.0
96,1,513.3,743.1,150.80000000000007,241.29999999999995,1,1,1.0
96,2,258.4,722.4,150.20000000000005,285.9,1,1,1.0
96,3,772.4,827.1,166.20000000000005,307.1,1,1,1.0
96,4,975.8,499.2,349.0,102.19999999999999,1,1,1.0
96,5,1221.1,760.0,315.20000000000005,232.79999999999995,1,1,1.0
96,6,927.7,649.7,287.39999999999986,164.19999999999993,1,1,1.0
96,7,1032.64,568.33,303.3599999999999,183.4699999999999,1,1,1.0
97,8,1168.1,749.4,381.3000000000002,136.60000000000002,1,1,1.0
97,9,1280.7,653.2,343.89999999999986,114.69999999999993,1,1,1.0
97,1,513.3,705.4,156.60000000000002,271.20000000000005,1,1,1.0
97,2,228.9,674.7,173.99999999999997,339.9,1,1,1.0
97,3,643.0,882.99,298.74,233.6099999999999,1,1,1.0
97,4,993.1,500.8,331.69999999999993,111.09999999999997,1,1,1.0
97,5,1221.1,753.2,313.60000000000014,237.5,1,1,1.0
97,6,899.4,679.2,298.1,135.29999999999995,1,1,1.0
97,7,852.63,544.78,313.87,114.32000000000005,1,1,1.0
98,8,1190.1,759.9,364.0,132.89999999999998,1,1,1.0
98,9,1246.2,631.2,369.0,143.0,1,1,1.0
98,1,509.6,671.4,149.29999999999995,297.9,1,1,1.0
98,2,244.6,655.2,162.1,270.19999999999993,1,1,1.0
98,3,439.55,1017.1,337.74999999999994,102.51999999999987,1,1,1.0
98,4,1010.9,500.8,308.69999999999993,108.99999999999994,1,1,1.0
98,5,1210.6,747.4,310.0,246.39999999999998,1,1,1.0
98,6,791.4,648.43,172.51,311.07000000000005,1,1,1.0
98,7,663.2,519.66,354.69999999999993,114.32000000000005,1,1,1.0
99,8,1209.5,760.9,335.20000000000005,166.39999999999998,1,1,1.0
99,9,1232.6,616.0,325.0,156.10000000000002,1,1,1.0
99,1,507.5,687.1,139.39999999999998,294.79999999999995,1,1,1.0
99,2,219.48,626.3,313.41999999999996,182.30000000000007,1,1,1.0
99,3,395.59,1002.66,295.01000000000005,100.04000000000008,1,1,1.0
99,4,1013.5,500.8,304.0,108.99999999999994,1,1,1.0
99,5,1233.6,738.0,271.3000000000002,260.0,1,1,1.0
99,6,772.56,713.74,231.54000000000008,348.76,1,1,1.0
99,7,600.93,528.0,270.47,113.79999999999995,1,1,1.0
100,8,1216.8,752.0,328.4000000000001,180.0,1,1,1.0
100,9,1245.7,594.0,307.70000000000005,180.20000000000005,1,1,1.0
100,1,505.4,703.3,133.60000000000002,290.1,1,1,1.0
100,2,160.5,650.8,297.7,135.20000000000005,1,1,1.0
100,3,292.61,1002.7,296.89,103.76999999999998,1,1,1.0
100,4,1018.7,496.6,340.70000000000005,113.19999999999993,1,1,1.0
100,5,1255.6,740.1,257.70000000000005,255.79999999999995,1,1,1.0
100,6,747.4,763.3,261.70000000000005,319.9000000000001,1,1,1.0
100,7,594.7,503.9,252.5999999999999,144.70000000000005,1,1,1.0
101,8,1212.1,740.0,333.10000000000014,192.0,1,1,1.0
101,9,1208.0,611.8,302.5,161.9000000000001,1,1,1.0
101,1,504.4,677.7,127.80000000000007,317.79999999999995,1,1,1.0
101,2,206.3,650.8,251.89999999999998,130.20000000000005,1,1,1.0
101,3,224.17,987.0,293.73,104.40000000000009,1,1,1.0
101,4,1005.1,496.6,324.9999999999999,113.19999999999993,1,1,1.0
101,5,1249.3,730.7,259.29999999999995,265.69999999999993,1,1,1.0
101,6,714.7,772.7,312.0,232.79999999999995,1,1,1.0
101,7,583.2,489.8,228.5,178.7,1,1,1.0
102,8,1199.0,752.0,346.20000000000005,170.60000000000002,1,1,1.0
102,9,1176.1,637.4,315.0,134.70000000000005,1,1,1.0
102,1,509.1,696.5,122.60000000000002,306.29999999999995,1,1,1.0
102,2,301.75,657.71,185.25,191.78999999999996,1,1,1.0
102,3,190.9,982.6,320.70000000000005,109.39999999999998,1,1,1.0
102,4,1013.5,496.6,318.20000000000005,132.0,1,1,1.0
102,5,1218.4,737.0,284.89999999999986,259.4,1,1,1.0
102,6,690.8,802.8,335.9000000000001,196.5,1,1,1.0
102,7,525.6,527.5,283.0,134.70000000000005,1,1,1.0
103,8,1209.5,741.5,336.70000000000005,184.79999999999995,1,1,1.0
103,9,1109.12,649.43,350.08000000000015,128.47000000000003,1,1,1.0
103,1,499.7,728.9,146.7,268.70000000000005,1,1,1.0
103,2,312.4,657.71,174.60000000000002,253.99,1,1,1.0
103,3,173.3,971.3,318.8,111.29999999999995,1,1,1.0
103,4,1013.0,503.4,321.29999999999995,118.89999999999998,1,1,1.0
103,5,1241.9,737.0,263.0,261.5,1,1,1.0
103,6,697.1,806.6,341.4999999999999,205.19999999999993,1,1,1.0
103,7,508.3,524.4,291.40000000000003,131.0,1,1,1.0
104,8,1206.9,733.7,337.1999999999998,201.0,1,1,1.0
104,9,1131.6,631.7,307.20000000000005,146.19999999999993,1,1,1.0
104,1,510.2,701.2,146.7,286.5,1,1,1.0
104,2,338.77,670.89,195.93000000000006,309.90999999999997,1,1,1.0
104,3,144.42,937.39,322.58000000000004,129.5100000000001,1,1,1.0
104,4,1017.7,499.2,312.39999999999986,132.50000000000006,1,1,1.0
104,5,1223.1,739.1,286.5,259.4,1,1,1.0
104,6,692.1,816.6,346.4999999999999,199.69999999999993,1,1,1.0
104,7,493.6,523.4,297.19999999999993,130.39999999999998,1,1,1.0
105,8,1210.6,726.9,329.8000000000002,195.20000000000005,1,1,1.0
105,9,1120.1,617.0,298.8000000000002,160.89999999999998,1,1,1.0
105,1,510.2,713.8,153.50000000000006,266.1,1,1,1.0
105,2,338.77,737.45,241.13,252.75,1,1,1.0
105,3,162.0,930.5,302.5,138.29999999999995,1,1,1.0
105,4,1050.7,492.9,341.0999999999999,139.80000000000007,1,1,1.0
105,5,1234.6,736.0,272.9000000000001,260.9,1,1,1.0
105,6,692.1,812.8,346.4999999999999,204.70000000000005,1,1,1.0
105,7,448.6,493.05,267.9,113.65000000000003,1,1,1.0
106,8,1215.8,726.9,324.60000000000014,204.60000000000002,1,1,1.0
106,9,1097.6,618.0,292.5,167.70000000000005,1,1,1.0
106,1,510.2,697.1,145.09999999999997,281.79999999999995,1,1,1.0
106,2,328.7,749.4,258.09999999999997,272.80000000000007,1,1,1.0
106,3,162.0,928.0,290.6,154.0,1,1,1.0
106,4,991.1,514.9,332.19999999999993,111.5,1,1,1.0
106,5,1237.7,736.0,267.20000000000005,260.9,1,1,1.0
106,6,683.3,842.9,362.79999999999995,167.60000000000002,1,1,1.0
106,7,458.0,491.0,266.29999999999995,120.89999999999998,1,1,1.0
107,8,1212.7,722.7,321.89999999999986,209.79999999999995,1,1,1.0
107,9,1005.5,636.31,332.79999999999995,138.8900000000001,1,1,1.0
107,1,510.2,706.5,143.00000000000006,279.70000000000005,1,1,1.0
107,2,317.4,771.4,297.0,228.80000000000007,1,1,1.0
107,3,155.7,928.0,296.90000000000003,154.0,1,1,1.0
107,4,997.4,512.8,291.4,113.60000000000002,1,1,1.0
107,5,1233.5,729.7,268.29999999999995,266.19999999999993,1,1,1.0
107,6,690.8,833.5,348.4000000000001,176.39999999999998,1,1,1.0
107,7,458.0,487.9,266.29999999999995,124.0,1,1,1.0
108,8,1212.2,719.0,317.70000000000005,207.20000000000005,1,1,1.0
108,9,941.1,641.5,376.30000000000007,124.79999999999995,1,1,1.0
108,1,508.1,732.7,164.39999999999998,246.69999999999993,1,1,1.0
108,2,309.9,797.8,280.6,199.30000000000007,1,1,1.0
108,3,160.1,928.0,292.5,154.0,1,1,1.0
108,4,1001.6,511.2,303.9,115.19999999999999,1,1,1.0
108,5,1230.4,743.3,271.39999999999986,256.30000000000007,1,1,1.0
108,6,683.9,832.2,354.0000000000001,175.19999999999993,1,1,1.0
108,7,432.9,487.9,278.30000000000007,124.0,1,1,1.0
109,8,1212.2,723.7,324.5,193.5999999999999,1,1,1.0
109,9,898.2,599.6,383.5999999999999,154.69999999999993,1,1,1.0
109,1,508.1,672.5,135.10000000000002,282.29999999999995,1,1,1.0
109,2,298.6,844.9,350.9,154.10000000000002,1,1,1.0
109,3,171.4,925.5,269.9,162.20000000000005,1,1,1.0
109,4,1001.6,509.1,308.6,115.69999999999993,1,1,1.0
109,5,1237.2,732.8,265.0999999999999,266.80000000000007,1,1,1.0
109,6,685.2,843.5,342.0,168.70000000000005,1,1,1.0
109,7,398.9,484.2,296.1,111.00000000000006,1,1,1.0
110,8,1200.2,717.9,332.29999999999995,186.30000000000007,1,1,1.0
110,9,914.9,572.4,333.9,178.80000000000007,1,1,1.0
110,1,509.1,683.5,152.89999999999998,270.79999999999995,1,1,1.0
110,2,312.4,841.8,334.0,157.20000000000005,1,1,1.0
110,3,211.6,843.2,237.20000000000002,254.5,1,1,1.0
110,4,995.3,509.1,302.9000000000001,115.69999999999993,1,1,1.0
110,5,1235.1,732.8,267.20000000000005,265.20000000000005,1,1,1.0
110,6,697.8,831.6,303.0,171.5,1,1,1.0
110,7,398.9,485.8,287.20000000000005,107.80000000000001,1,1,1.0
111,8,1189.7,712.1,342.79999999999995,185.79999999999995,1,1,1.0
111,9,956.8,518.5,249.10000000000014,253.60000000000002,1,1,1.0
111,1,509.1,692.9,162.79999999999995,254.60000000000002,1,1,1.0
111,2,370.8,887.64,354.09999999999997,142.7600000000001,1,1,1.0
111,3,197.2,816.8,240.3,261.4000000000001,1,1,1.0
111,4,1004.2,509.1,285.5999999999999,115.69999999999993,1,1,1.0
111,5,1235.1,729.8,267.20000000000005,268.20000000000005,1,1,1.0
111,6,692.81,825.3,342.5,179.10000000000002,1,1,1.0
111,7,391.6,486.8,286.1,109.90000000000003,1,1,1.0
112,8,1189.7,719.4,344.89999999999986,173.30000000000007,1,1,1.0
112,9,941.6,513.8,187.89999999999998,268.80000000000007,1,1,1.0
112,1,509.1,671.4,162.79999999999995,276.1,1,1,1.0
112,2,407.2,889.5,349.7,130.89999999999998,1,1,1.0
112,3,197.2,799.8,227.7,279.0,1,1,1.0
112,4,1004.7,511.2,290.89999999999986,113.59999999999997,1,1,1.0
112,5,1204.2,747.5,298.0999999999999,247.89999999999998,1,1,1.0
112,6,690.9,822.2,344.40999999999997,181.29999999999995,1,1,1.0
112,7,382.2,487.8,284.50000000000006,111.99999999999994,1,1,1.0
113,8,1183.4,725.7,359.5999999999999,171.69999999999993,1,1,1.0
113,9,936.9,525.8,191.60000000000002,245.30000000000007,1,1,1.0
113,1,509.6,698.6,162.29999999999995,248.89999999999998,1,1,1.0
113,2,422.3,892.0,332.7,131.5,1,1,1.0
113,3,207.9,799.8,216.99999999999997,279.0,1,1,1.0
113,4,1004.7,511.2,330.70000000000005,113.59999999999997,1,1,1.0
113,5,1210.0,758.5,308.5,234.79999999999995,1,1,1.0
113,6,690.9,822.2,351.9,180.89999999999998,1,1,1.0
113,7,386.9,489.9,286.1,120.39999999999998,1,1,1.0
114,8,1183.4,725.7,359.5999999999999,171.69999999999993,1,1,1.0
114,9,936.9,520.6,194.69999999999993,240.60000000000002,1,1,1.0
114,1,509.6,690.2,170.69999999999993,231.0999999999999,1,1,1.0
114,2,455.0,900.8,355.9,142.79999999999995,1,1,1.0
114,3,207.27,695.56,174.92999999999998,314.1400000000001,1,1,1.0
114,4,1000.0,514.3,320.20000000000005,112.60000000000002,1,1,1.0
114,5,1239.3,739.1,274.5,252.10000000000002,1,1,1.0
114,6,692.2,819.7,350.5999999999999,178.79999999999995,1,1,1.0
114,7,380.1,489.9,276.69999999999993,134.5,1,1,1.0
115,8,1191.2,727.3,348.70000000000005,170.10000000000002,1,1,1.0
115,9,936.9,520.6,193.10000000000002,247.39999999999998,1,1,1.0
115,1,509.6,697.5,172.79999999999995,234.79999999999995,1,1,1.0
115,2,455.0,909.6,387.29999999999995,127.10000000000002,1,1,1.0
115,3,255.0,675.5,146.0,294.0,1,1,1.0
115,4,995.3,514.3,324.9000000000001,114.20000000000005,1,1,1.0
115,5,1221.0,739.1,292.79999999999995,252.10000000000002,1,1,1.0
115,6,692.2,819.7,350.5999999999999,183.5,1,1,1.0
115,7,392.7,489.9,261.50000000000006,145.5,1,1,1.0
116,8,1220.0,725.7,320.4000000000001,185.29999999999995,1,1,1.0
116,9,936.9,527.9,193.10000000000002,240.10000000000002,1,1,1.0
116,1,503.3,655.1,161.3,275.6,1,1,1.0
116,2,463.8,913.4,378.49999999999994,131.5000000000001,1,1,1.0
116,3,285.1,656.66,125.94999999999999,212.34000000000003,1,1,0.0
116,4,1002.1,525.3,329.1,112.10000000000002,1,1,1.0
116,5,1229.9,739.1,282.89999999999986,256.29999999999995,1,1,1.0
116,6,692.2,826.0,343.0999999999999,183.60000000000002,1,1,1.0
116,7,399.0,470.5,259.9,162.29999999999995,1,1,1.0
117,8,1195.9,720.5,344.5,176.89999999999998,1,1,1.0
117,9,939.0,527.9,193.5999999999999,240.10000000000002,1,1,1.0
117,1,488.1,663.5,160.29999999999995,267.70000000000005,1,1,1.0
117,2,458.8,915.3,370.90000000000003,125.79999999999995,1,1,1.0
117,3,287.61,479.7,114.69,376.7,1,1,0.0
117,4,1005.2,537.3,338.5999999999999,110.0,1,1,1.0
117,5,1248.2,731.8,258.29999999999995,263.6,1,1,1.0
117,6,687.8,824.1,356.9000000000001,172.69999999999993,1,1,1.0
117,7,402.1,479.9,259.4,158.10000000000002,1,1,1.0
118,8,1207.9,720.5,332.5,182.10000000000002,1,1,1.0
118,9,939.0,533.7,193.5999999999999,234.29999999999995,1,1,1.0
118,1,462.4,694.9,195.89999999999998,233.20000000000005,1,1,1.0
118,2,443.7,915.3,354.00000000000006,113.20000000000005,1,1,1.0
118,3,287.61,484.7,114.69,371.7,1,1,0.0
118,4,1046.5,554.6,347.0,119.89999999999998,1,1,1.0
118,5,1266.0,731.8,240.5,278.80000000000007,1,1,1.0
118,6,689.7,827.2,355.0,167.5999999999999,1,1,1.0
118,7,402.1,479.9,262.0,158.10000000000002,1,1,1.0
119,8,1208.4,720.5,332.0,189.89999999999998,1,1,1.0
119,9,939.0,533.7,194.0999999999999,234.29999999999995,1,1,1.0
119,1,429.4,694.9,204.30000000000007,226.89999999999998,1,1,1.0
119,2,447.5,900.2,335.1,132.70000000000005,1,1,1.0
119,3,295.9,482.1,106.40000000000003,366.0,1,1,0.0
119,4,1025.0,557.7,272.20000000000005,138.29999999999995,1,1,1.0
119,5,1310.0,731.8,194.4000000000001,297.20000000000005,1,1,1.0
119,6,689.7,827.2,355.0,172.5999999999999,1,1,1.0
119,7,402.1,479.9,266.19999999999993,159.10000000000002,1,1,1.0
120,8,1205.3,715.8,335.10000000000014,196.70000000000005,1,1,1.0
120,9,941.6,533.7,196.19999999999993,234.29999999999995,1,1,1.0
120,1,415.3,692.3,230.99999999999994,231.60000000000002,1,1,1.0
120,2,452.5,900.2,330.1,136.5,1,1,1.0
120,3,296.3,482.1,106.0,362.5,1,1,0.0
120,4,1036.0,562.9,261.20000000000005,136.20000000000005,1,1,1.0
120,5,1259.8,726.6,244.60000000000014,282.5,1,1,1.0
120,6,687.2,827.2,362.5,167.69999999999993,1,1,1.0
120,7,405.2,479.9,263.09999999999997,159.10000000000002,1,1,1.0
121,8,1206.9,724.2,328.79999999999995,188.29999999999995,1,1,1.0
121,9,941.6,533.7,196.19999999999993,234.29999999999995,1,1,1.0
121,1,409.02,606.48,215.27999999999997,243.12,1,1,1.0
121,2,456.9,903.3,345.80000000000007,133.4000000000001,1,1,1.0
121,3,295.5,485.6,110.69999999999999,359.0,1,1,0.0
121,4,1039.7,542.0,257.0,157.10000000000002,1,1,1.0
121,5,1247.8,731.28,256.60000000000014,268.4,1,1,1.0
121,6,685.9,831.0,361.30000000000007,166.29999999999995,1,1,1.0
121,7,414.6,475.7,253.69999999999993,156.00000000000006,1,1,1.0
