1,1,323.3,387.0,117.59999999999997,150.72000000000003,1,1,0.0
1,2,217.86,561.31,171.8,257.7800000000001,1,1,1.0
1,3,357.71,641.49,158.24000000000007,284.9,1,1,1.0
1,4,562.29,322.84,216.17000000000007,174.78000000000003,1,1,1.0
1,5,698.38,498.39,241.95000000000005,330.03999999999996,1,1,1.0
1,6,1396.51,508.79,205.71000000000004,149.2,1,1,1.0
1,7,1929.87,380.39,246.03999999999996,278.59000000000003,1,1,1.0
2,1,309.0,387.0,131.89999999999998,141.70000000000005,1,1,0.0
2,2,217.86,561.31,171.8,257.7800000000001,1,1,1.0
2,3,346.4,654.3,188.39999999999998,272.09000000000003,1,1,1.0
2,4,562.29,322.84,216.17000000000007,174.78000000000003,1,1,1.0
2,5,693.1,498.39,250.19999999999993,302.21000000000004,1,1,1.0
2,6,1382.2,508.79,220.01999999999998,149.2,1,1,1.0
2,7,1939.8,318.0,252.39999999999986,335.6,1,1,1.0
3,1,309.0,387.0,131.89999999999998,141.70000000000005,1,1,0.0
3,2,217.86,558.3,171.8,260.7900000000001,1,1,1.0
3,3,334.3,651.3,199.7,273.6,1,1,1.0
3,4,559.2,322.84,220.79999999999995,170.56,1,1,1.0
3,5,689.3,498.39,268.30000000000007,294.71000000000004,1,1,1.0
3,6,1370.9,499.0,230.5999999999999,175.55999999999995,1,1,1.0
3,7,1924.4,342.4,275.0,329.30000000000007,1,1,1.0
4,1,309.0,387.0,131.89999999999998,141.70000000000005,1,1,0.0
4,2,217.86,544.7,171.8,269.0999999999999,1,1,1.0
4,3,343.3,663.4,240.40000000000003,238.10000000000002,1,1,1.0
4,4,559.2,326.5,220.79999999999995,166.89999999999998,1,1,1.0
4,5,689.3,498.39,260.0,284.21000000000004,1,1,1.0
4,6,1343.8,499.0,257.70000000000005,206.5,1,1,1.0
4,7,1928.0,346.0,188.19999999999982,330.9,1,1,1.0
5,1,312.0,387.0,128.89999999999998,153.0,1,1,0.0
5,2,217.86,552.2,171.8,261.5999999999999,1,1,1.0
5,3,341.8,659.6,263.8,192.19999999999993,1,1,1.0
5,4,556.6,323.9,223.39999999999998,169.5,1,1,1.0
5,5,689.3,498.39,268.30000000000007,270.61,1,1,1.0
5,6,1363.4,499.0,213.19999999999982,262.29999999999995,1,1,1.0
5,7,1899.1,346.0,204.4000000000001,200.0,1,1,1.0
6,1,312.0,387.0,128.89999999999998,153.0,1,1,0.0
6,2,217.86,562.7,171.8,251.0999999999999,1,1,1.0
6,3,365.9,620.4,262.4,168.10000000000002,1,1,1.0
6,4,556.6,323.9,223.39999999999998,169.5,1,1,1.0
6,5,689.3,498.39,276.6,271.40999999999997,1,1,1.0
6,6,1386.0,493.7,168.0,287.2,1,1,1.0
6,7,1875.6,355.9,227.9000000000001,188.30000000000007,1,1,1.0
7,1,317.3,387.0,123.59999999999997,153.0,1,1,0.0
7,2,214.1,562.7,175.56000000000003,251.0999999999999,1,1,1.0
7,3,307.1,691.98,256.4,177.91999999999996,1,1,1.0
7,4,556.6,323.9,223.39999999999998,169.5,1,1,1.0
7,5,686.3,502.9,275.1,260.9,1,1,1.0
7,6,1410.1,483.9,163.5,291.70000000000005,1,1,1.0
7,7,1857.5,361.3,244.19999999999982,182.90000000000003,1,1,1.0
8,1,308.3,387.0,132.59999999999997,153.0,1,1,0.0
8,2,214.1,533.3,173.29999999999998,280.5,1,1,1.0
8,3,298.8,698.8,288.8,175.60000000000002,1,1,1.0
8,4,545.6,323.9,234.39999999999998,169.5,1,1,1.0
8,5,680.3,505.2,290.1,253.3,1,1,1.0
8,6,1401.8,474.9,184.60000000000014,276.6,1,1,1.0
8,7,1853.9,361.3,247.79999999999973,180.2,1,1,1.0
9,1,318.1,387.0,122.79999999999995,150.70000000000005,1,1,0.0
9,2,214.1,552.1,203.4,241.39999999999998,1,1,1.0
9,3,294.3,698.8,275.2,174.80000000000007,1,1,1.0
9,4,537.8,323.9,242.20000000000005,169.5,1,1,1.0
9,5,680.3,505.2,292.4000000000001,257.8,1,1,1.0
9,6,1409.3,483.9,177.10000000000014,267.6,1,1,1.0
9,7,1852.1,361.3,255.0,180.2,1,1,1.0
10,1,312.1,387.0,128.79999999999995,150.70000000000005,1,1,0.0
10,2,204.3,552.1,235.09999999999997,233.10000000000002,1,1,1.0
10,3,294.3,698.8,275.2,174.80000000000007,1,1,1.0
10,4,543.0,323.9,237.0,169.5,1,1,1.0
10,5,680.3,505.2,281.9000000000001,251.8,1,1,1.0
10,6,1409.3,483.9,165.79999999999995,267.6,1,1,1.0
10,7,1857.5,357.7,246.0,180.2,1,1,1.0
11,1,312.1,387.0,128.79999999999995,150.70000000000005,1,1,0.0
11,2,213.3,539.29,270.56,195.41000000000008,1,1,1.0
11,3,294.3,698.8,275.2,174.80000000000007,1,1,1.0
11,4,551.9,323.9,228.10000000000002,169.5,1,1,1.0
11,5,680.3,505.2,281.9000000000001,258.59999999999997,1,1,1.0
11,6,1409.3,483.9,165.79999999999995,267.6,1,1,1.0
11,7,1841.2,364.9,262.29999999999995,171.20000000000005,1,1,1.0
12,1,316.6,387.0,124.29999999999995,150.70000000000005,1,1,0.0
12,2,228.4,529.49,292.38,150.90999999999997,1,1,1.0
12,3,284.5,704.8,297.1,159.0,1,1,1.0
12,4,551.9,323.9,228.10000000000002,169.5,1,1,1.0
12,5,680.3,505.2,275.1,286.50000000000006,1,1,1.0
12,6,1409.3,483.9,165.79999999999995,267.6,1,1,1.0
12,7,1844.8,349.5,267.70000000000005,173.0,1,1,1.0
13,1,316.6,387.0,124.29999999999995,150.70000000000005,1,1,0.0
13,2,193.0,561.14,298.39,129.06000000000006,1,1,1.0
13,3,280.7,710.8,276.00000000000006,147.0,1,1,1.0
13,4,556.1,323.9,223.89999999999998,169.5,1,1,1.0
13,5,696.1,492.4,248.0,304.6,1,1,1.0
13,6,1409.3,483.9,165.79999999999995,267.6,1,1,1.0
13,7,1836.7,356.7,275.79999999999995,165.8,1,1,1.0
14,8,1522.52,484.83,79.56999999999994,237.90000000000003,1,1,0.0
14,1,316.6,387.0,124.29999999999995,146.89999999999998,1,1,0.0
14,2,177.9,534.0,252.49999999999997,156.20000000000005,1,1,1.0
14,3,280.7,716.1,239.8,137.19999999999993,1,1,1.0
14,4,509.5,326.0,275.20000000000005,161.10000000000002,1,1,1.0
14,5,660.7,526.3,248.0,230.0,1,1,1.0
14,6,1339.98,483.15,195.92000000000007,257.75,1,1,1.0
14,7,1831.3,322.3,347.20000000000005,250.8,1,1,1.0
15,8,1230.45,634.02,316.45000000000005,201.77999999999997,1,1,1.0
15,1,316.6,387.0,124.29999999999995,137.89999999999998,1,1,0.0
15,2,197.5,572.4,217.10000000000002,126.10000000000002,1,1,1.0
15,3,292.0,659.6,205.10000000000002,168.79999999999995,1,1,1.0
15,4,477.6,319.2,305.0,160.60000000000002,1,1,1.0
15,5,702.9,509.0,205.80000000000007,247.29999999999995,1,1,1.0
15,6,1122.96,446.98,278.03999999999996,153.72000000000003,1,1,1.0
15,7,1834.0,315.1,372.5,230.89999999999998,1,1,1.0
16,8,1004.4,526.42,340.0000000000001,201.7800000000001,1,1,1.0
16,9,1388.75,528.23,208.73000000000002,171.79999999999995,1,1,1.0
16,1,293.2,387.0,147.7,146.89999999999998,1,1,0.0
16,2,208.8,566.4,199.0,130.60000000000002,1,1,1.0
16,3,292.0,653.6,201.3,174.79999999999995,1,1,1.0
16,4,482.3,327.0,311.3,152.8,1,1,1.0
16,5,702.9,509.0,205.80000000000007,247.29999999999995,1,1,1.0
16,6,1058.9,423.6,311.1999999999998,150.69999999999993,1,1,1.0
16,7,1845.8,293.4,324.5000000000002,296.0,1,1,1.0
17,8,726.8,391.69,309.29999999999995,177.41000000000003,1,1,1.0
17,9,1362.4,536.5,235.07999999999993,170.29999999999995,1,1,1.0
17,1,306.8,391.5,134.09999999999997,142.39999999999998,1,1,0.0
17,2,208.8,566.4,193.0,130.60000000000002,1,1,1.0
17,3,297.3,644.6,196.0,190.60000000000002,1,1,1.0
17,4,440.44,349.0,298.26000000000005,166.90999999999997,1,1,1.0
17,5,691.6,513.5,217.10000000000002,254.10000000000002,1,1,1.0
17,6,1003.89,366.33,256.90999999999997,227.57,1,1,1.0
17,7,1845.8,293.4,331.70000000000005,320.4,1,1,1.0
18,8,708.71,397.12,309.30999999999995,177.39999999999998,1,1,1.0
18,9,1362.4,536.5,235.07999999999993,182.39999999999998,1,1,1.0
18,1,306.8,391.5,134.09999999999997,142.39999999999998,1,1,0.0
18,2,213.3,566.4,188.5,130.60000000000002,1,1,1.0
18,3,300.3,655.1,193.0,189.89999999999998,1,1,1.0
18,4,414.7,311.3,283.2,224.09999999999997,1,1,1.0
18,5,699.1,499.2,184.0,282.7,1,1,1.0
18,6,996.36,360.3,256.9,227.57,1,1,1.0
18,7,1854.8,297.9,294.70000000000005,286.1,1,1,1.0
19,8,713.2,397.12,304.81999999999994,177.39999999999998,1,1,1.0
19,9,1362.4,536.5,235.07999999999993,186.20000000000005,1,1,1.0
19,1,291.0,391.5,158.89999999999998,148.39999999999998,1,1,0.0
19,2,213.3,564.1,193.0,132.89999999999998,1,1,1.0
19,3,294.3,655.1,199.0,179.39999999999998,1,1,1.0
19,4,412.2,311.3,283.8,224.09999999999997,1,1,1.0
19,5,702.1,493.2,185.5,284.2,1,1,1.0
19,6,996.36,360.3,256.9,227.57,1,1,1.0
19,7,1854.8,297.9,294.70000000000005,286.1,1,1,1.0
20,8,707.8,389.9,310.22,184.62,1,1,1.0
20,9,1362.4,551.6,235.07999999999993,171.10000000000002,1,1,1.0
20,1,293.65,391.5,156.25,148.39999999999998,1,1,0.0
20,2,213.3,543.0,193.0,154.0,1,1,1.0
20,3,285.99,654.35,211.09999999999997,167.29999999999995,1,1,1.0
20,4,424.8,318.8,269.3,220.40000000000003,1,1,1.0
20,5,702.1,493.2,185.5,284.2,1,1,1.0
20,6,996.36,363.3,256.9,224.57,1,1,1.0
20,7,1854.8,297.9,299.20000000000005,309.6,1,1,1.0
21,8,707.8,370.0,310.22,204.51999999999998,1,1,1.0
21,9,1362.4,551.6,235.07999999999993,171.10000000000002,1,1,1.0
21,1,296.3,391.5,153.59999999999997,148.39999999999998,1,1,0.0
21,2,207.3,543.0,205.0,151.70000000000005,1,1,1.0
21,3,282.2,654.35,214.89,162.75,1,1,1.0
21,4,432.3,318.8,261.8,225.40000000000003,1,1,1.0
21,5,702.1,493.2,188.5,281.2,1,1,1.0
21,6,994.1,363.3,253.10000000000002,224.59999999999997,1,1,1.0
21,7,1854.8,297.9,322.70000000000005,303.30000000000007,1,1,1.0
22,8,707.8,370.0,319.29999999999995,200.89999999999998,1,1,1.0
22,9,1362.4,551.6,235.07999999999993,162.79999999999995,1,1,1.0
22,1,296.3,391.5,139.3,135.60000000000002,1,1,0.0
22,2,207.3,540.0,209.5,154.70000000000005,1,1,1.0
22,3,282.2,654.35,214.89,162.75,1,1,1.0
22,4,432.3,318.8,261.8,245.49999999999994,1,1,1.0
22,5,702.1,493.2,188.5,293.3,1,1,1.0
22,6,1002.4,352.0,226.69999999999993,254.0,1,1,1.0
22,7,1845.8,315.1,357.89999999999986,247.19999999999993,1,1,1.0
23,8,707.8,380.9,319.29999999999995,190.0,1,1,1.0
23,9,1362.4,555.4,235.07999999999993,159.0,1,1,1.0
23,1,303.8,391.5,131.8,135.60000000000002,1,1,0.0
23,2,207.3,550.5,211.8,144.20000000000005,1,1,1.0
23,3,319.9,678.5,282.70000000000005,138.60000000000002,1,1,1.0
23,4,427.9,328.2,266.20000000000005,226.09999999999997,1,1,1.0
23,5,702.1,493.2,188.5,293.3,1,1,1.0
23,6,1016.0,350.5,216.0999999999999,252.5,1,1,1.0
23,7,1831.3,326.0,340.79999999999995,230.89999999999998,1,1,1.0
24,8,707.8,380.9,319.29999999999995,190.0,1,1,1.0
24,9,1362.4,555.4,235.07999999999993,159.0,1,1,1.0
24,1,284.2,391.5,151.40000000000003,135.60000000000002,1,1,0.0
24,2,207.3,499.3,199.7,195.40000000000003,1,1,1.0
24,3,490.95,705.63,297.75000000000006,161.16999999999996,1,1,1.0
24,4,419.1,325.1,281.29999999999995,232.29999999999995,1,1,1.0
24,5,690.8,498.5,204.30000000000007,288.0,1,1,1.0
24,6,1016.0,350.5,211.5999999999999,253.29999999999995,1,1,1.0
24,7,1831.3,333.2,332.70000000000005,223.7,1,1,1.0
25,8,736.7,308.6,187.29999999999995,290.29999999999995,1,1,1.0
25,9,1362.4,555.4,235.07999999999993,158.20000000000005,1,1,1.0
25,1,284.2,391.5,173.3,147.70000000000005,1,1,0.0
25,2,201.3,543.8,258.4,157.70000000000005,1,1,1.0
25,3,515.8,713.2,278.9000000000001,140.79999999999995,1,1,1.0
25,4,441.7,325.1,258.7,232.29999999999995,1,1,1.0
25,5,690.8,498.5,205.80000000000007,285.0,1,1,1.0
25,6,1021.3,355.0,206.29999999999995,248.79999999999995,1,1,1.0
25,7,1840.3,339.5,312.79999999999995,302.4,1,1,1.0
26,8,831.64,427.96,315.65999999999997,179.04000000000002,1,1,1.0
26,9,1362.4,555.4,235.07999999999993,155.89999999999998,1,1,1.0
26,1,300.0,391.5,156.7,139.39999999999998,1,1,0.0
26,2,201.3,549.1,277.2,149.39999999999998,1,1,1.0
26,3,570.8,718.5,292.5,157.39999999999998,1,1,1.0
26,4,477.49,355.24,232.90999999999997,175.76,1,1,1.0
26,5,682.5,512.1,214.10000000000002,265.4,1,1,1.0
26,6,1021.3,353.5,206.29999999999995,250.29999999999995,1,1,1.0
26,7,1840.3,339.5,320.89999999999986,254.5,1,1,1.0
27,8,1026.96,497.58,331.94000000000005,202.52000000000004,1,1,1.0
27,9,1366.2,555.4,231.27999999999997,155.89999999999998,1,1,1.0
27,1,288.7,391.5,165.0,136.39999999999998,1,1,0.0
27,2,205.07,584.5,311.13000000000005,131.29999999999995,1,1,1.0
27,3,576.8,729.8,309.9000000000001,139.30000000000007,1,1,1.0
27,4,483.1,345.8,222.29999999999995,185.2,1,1,1.0
27,5,675.7,510.6,225.39999999999998,254.79999999999995,1,1,1.0
27,6,1024.3,353.5,260.60000000000014,217.10000000000002,1,1,1.0
27,7,1847.5,339.5,323.5999999999999,238.20000000000005,1,1,1.0
28,8,1147.22,540.99,293.98,251.30999999999995,1,1,1.0
28,9,1366.2,559.2,231.27999999999997,152.0999999999999,1,1,1.0
28,1,312.1,391.5,141.59999999999997,136.39999999999998,1,1,0.0
28,2,164.38,575.5,296.02,128.24,1,1,1.0
28,3,588.1,729.8,305.4,135.5,1,1,1.0
28,4,483.1,361.5,229.19999999999993,169.5,1,1,1.0
28,5,662.1,516.6,272.19999999999993,244.29999999999995,1,1,1.0
28,6,1019.0,358.0,268.20000000000005,223.10000000000002,1,1,1.0
28,7,1847.5,334.1,314.5999999999999,238.19999999999993,1,1,1.0
29,8,1215.94,597.05,322.05999999999995,238.6500000000001,1,1,1.0
29,9,1366.2,559.2,231.27999999999997,152.0999999999999,1,1,1.0
29,1,312.1,391.5,141.59999999999997,136.39999999999998,1,1,0.0
29,2,160.61,534.8,315.59,148.60000000000002,1,1,1.0
29,3,588.1,726.0,328.0,139.29999999999995,1,1,1.0
29,4,486.9,364.0,229.20000000000005,167.0,1,1,1.0
29,5,657.6,516.6,292.5,244.29999999999995,1,1,1.0
29,6,1003.2,358.0,280.20000000000005,222.29999999999995,1,1,1.0
29,7,1843.0,334.1,340.8000000000002,238.19999999999993,1,1,1.0
30,8,1215.94,635.0,329.26,209.70000000000005,1,1,1.0
30,9,1366.2,559.2,231.27999999999997,152.0999999999999,1,1,1.0
30,1,312.1,391.5,136.29999999999995,144.70000000000005,1,1,0.0
30,2,125.95,564.19,259.05,151.6099999999999,1,1,1.0
30,3,588.1,726.0,286.6,139.29999999999995,1,1,1.0
30,4,486.9,364.0,229.20000000000005,167.0,1,1,1.0
30,5,657.6,539.9,347.5,169.0,1,1,1.0
30,6,995.7,358.0,287.70000000000005,222.29999999999995,1,1,1.0
30,7,1835.8,334.1,357.89999999999986,227.29999999999995,1,1,1.0
31,8,1203.3,643.1,312.97,197.98000000000002,1,1,1.0
31,9,1366.2,559.2,231.27999999999997,152.0999999999999,1,1,1.0
31,1,319.6,391.5,128.79999999999995,144.70000000000005,1,1,0.0
31,2,167.39,567.96,250.81,186.24,1,1,1.0
31,3,588.1,726.0,310.69999999999993,135.5,1,1,1.0
31,4,486.9,361.5,229.20000000000005,169.5,1,1,1.0
31,5,757.1,478.86,316.57000000000005,146.43999999999994,1,1,1.0
31,6,995.7,358.0,287.70000000000005,222.29999999999995,1,1,1.0
31,7,1840.3,335.9,301.89999999999986,299.6,1,1,1.0
32,8,1203.3,643.1,333.79999999999995,197.98000000000002,1,1,1.0
32,9,1366.2,559.2,231.27999999999997,152.0999999999999,1,1,1.0
32,1,312.1,391.5,136.29999999999995,148.5,1,1,0.0
32,2,167.39,567.96,259.11,131.24,1,1,1.0
32,3,582.1,726.0,364.19999999999993,131.70000000000005,1,1,1.0
32,4,486.9,364.0,229.20000000000005,167.0,1,1,1.0
32,5,757.1,484.9,293.9999999999999,147.20000000000005,1,1,1.0
32,6,995.7,358.0,287.70000000000005,228.29999999999995,1,1,1.0
32,7,1845.7,335.9,287.4999999999998,288.70000000000005,1,1,1.0
33,8,1180.69,687.41,308.51,173.59000000000003,1,1,1.0
33,9,1366.2,543.4,231.27999999999997,176.89999999999998,1,1,1.0
33,1,312.1,391.5,134.79999999999995,150.79999999999995,1,1,0.0
33,2,161.4,573.2,289.20000000000005,136.5,1,1,1.0
33,3,582.1,726.0,356.69999999999993,128.70000000000005,1,1,1.0
33,4,486.9,364.0,229.20000000000005,167.0,1,1,1.0
33,5,757.1,486.4,319.6,151.70000000000005,1,1,1.0
33,6,992.7,358.0,290.70000000000005,228.29999999999995,1,1,1.0
33,7,1845.7,335.9,279.39999999999986,249.80000000000007,1,1,1.0
34,8,1187.93,497.5,219.8699999999999,311.04999999999995,1,1,1.0
34,9,1366.2,550.2,231.27999999999997,170.0999999999999,1,1,1.0
34,1,319.6,391.5,129.59999999999997,144.79999999999995,1,1,0.0
34,2,160.6,573.2,305.79999999999995,128.19999999999993,1,1,1.0
34,3,582.1,726.0,335.6,128.70000000000005,1,1,1.0
34,4,486.9,364.0,229.20000000000005,167.0,1,1,1.0
34,5,751.1,486.4,336.1,154.0,1,1,1.0
34,6,973.9,358.0,295.9,213.20000000000005,1,1,1.0
34,7,1843.9,338.6,274.0,230.79999999999995,1,1,1.0
35,8,1209.63,461.3,358.16999999999985,165.50999999999993,1,1,1.0
35,9,1378.3,561.5,219.18000000000006,148.29999999999995,1,1,1.0
35,1,306.0,391.5,143.2,144.79999999999995,1,1,0.0
35,2,154.6,573.2,291.5,128.19999999999993,1,1,1.0
35,3,582.1,726.0,346.1,128.70000000000005,1,1,1.0
35,4,486.9,364.0,229.20000000000005,167.0,1,1,1.0
35,5,751.1,480.4,305.19999999999993,160.0,1,1,1.0
35,6,983.7,346.7,279.29999999999995,228.3,1,1,1.0
35,7,1843.9,338.6,292.0999999999999,232.60000000000002,1,1,1.0
36,8,1243.09,454.07,358.1700000000001,165.50000000000006,1,1,1.0
36,9,1350.42,602.2,245.57999999999993,189.7299999999999,1,1,1.0
36,1,314.3,391.5,134.89999999999998,144.79999999999995,1,1,0.0
36,2,154.6,573.2,284.70000000000005,126.69999999999993,1,1,1.0
36,3,582.1,719.2,320.5,135.5,1,1,1.0
36,4,486.9,342.7,229.20000000000005,188.3,1,1,1.0
36,5,751.1,480.4,301.4,160.0,1,1,1.0
36,6,884.99,317.31,313.21000000000004,186.08999999999997,1,1,1.0
36,7,1859.3,319.6,262.20000000000005,334.79999999999995,1,1,1.0
37,8,1253.9,446.8,325.6999999999998,172.8,1,1,1.0
37,9,1324.0,612.0,256.9000000000001,200.29999999999995,1,1,1.0
37,1,314.3,391.5,127.39999999999998,156.89999999999998,1,1,0.0
37,2,154.6,569.4,297.5,130.5,1,1,1.0
37,3,610.0,660.4,316.70000000000005,175.5,1,1,1.0
37,4,486.9,328.3,229.20000000000005,188.3,1,1,1.0
37,5,758.6,480.4,293.9,160.0,1,1,1.0
37,6,842.04,317.31,323.76,147.69,1,1,1.0
37,7,1916.3,279.8,205.20000000000005,394.49999999999994,1,1,1.0
38,8,1254.8,446.8,316.70000000000005,179.99999999999994,1,1,1.0
38,9,1316.5,595.4,230.5,231.20000000000005,1,1,1.0
38,1,317.3,391.5,124.39999999999998,154.25,1,1,0.0
38,2,161.4,576.9,326.1,132.0,1,1,1.0
38,3,622.8,660.4,288.1,173.20000000000005,1,1,1.0
38,4,486.9,335.2,209.70000000000005,181.40000000000003,1,1,1.0
38,5,758.6,487.9,326.30000000000007,152.5,1,1,1.0
38,6,688.32,303.7,313.17999999999995,191.44,1,1,1.0
38,7,1926.2,310.5,208.89999999999986,401.79999999999995,1,1,1.0
39,8,1254.8,446.8,345.60000000000014,179.99999999999994,1,1,1.0
39,9,1333.1,563.8,216.9000000000001,260.5,1,1,1.0
39,1,320.3,391.5,121.39999999999998,151.60000000000002,1,1,0.0
39,2,223.9,542.24,275.65999999999997,135.05999999999995,1,1,1.0
39,3,622.8,649.1,263.20000000000005,184.5,1,1,1.0
39,4,478.7,313.9,217.90000000000003,202.70000000000005,1,1,1.0
39,5,758.6,483.4,305.9999999999999,157.0,1,1,1.0
39,6,529.2,257.0,389.0999999999999,295.4,1,1,1.0
39,7,1928.9,369.3,228.79999999999973,389.09999999999997,1,1,1.0
40,8,1254.8,446.8,302.20000000000005,179.99999999999994,1,1,1.0
40,9,1364.0,587.2,167.20000000000005,285.29999999999995,1,1,1.0
40,1,320.3,391.5,121.39999999999998,148.60000000000002,1,1,0.0
40,2,153.07,567.86,261.33,142.64,1,1,1.0
40,3,600.2,735.0,314.42999999999995,141.60000000000002,1,1,1.0
40,4,457.98,304.43,226.72000000000003,197.76999999999998,1,1,1.0
40,5,900.3,484.9,321.03,156.30000000000007,1,1,1.0
40,6,697.4,246.1,173.0,382.29999999999995,1,1,1.0
40,7,1928.9,394.6,249.5999999999999,350.19999999999993,1,1,1.0
41,8,1303.6,446.8,297.70000000000005,185.40000000000003,1,1,1.0
41,9,1399.4,566.1,165.69999999999982,329.0,1,1,1.0
41,1,294.7,391.5,147.0,148.60000000000002,1,1,0.0
41,2,153.07,567.86,252.43,142.64,1,1,1.0
41,3,594.9,735.0,328.80000000000007,151.39999999999998,1,1,1.0
41,4,446.0,314.5,227.39999999999998,191.39999999999998,1,1,1.0
41,5,1007.3,504.49,312.70000000000005,161.61,1,1,1.0
41,6,675.7,300.4,157.5999999999999,346.08000000000004,1,1,1.0
41,7,1928.9,381.9,230.5999999999999,350.20000000000005,1,1,1.0
42,8,1368.7,446.8,232.5999999999999,129.3,1,1,1.0
42,9,1399.4,570.6,165.69999999999982,290.6,1,1,1.0
42,1,312.0,391.5,125.19999999999999,148.60000000000002,1,1,0.0
42,2,153.07,567.86,252.43,157.74,1,1,1.0
42,3,585.9,735.0,350.6,143.89999999999998,1,1,1.0
42,4,456.0,314.5,228.10000000000002,191.39999999999998,1,1,1.0
42,5,999.0,497.7,324.0,186.50000000000006,1,1,1.0
42,6,689.3,311.2,153.0,327.09999999999997,1,1,1.0
42,7,1928.9,393.7,225.19999999999982,352.00000000000006,1,1,1.0
43,8,1419.34,423.29,183.76,177.20999999999998,1,1,1.0
43,9,1399.4,575.9,156.69999999999982,310.9,1,1,1.0
43,1,312.0,391.5,125.19999999999999,148.60000000000002,1,1,0.0
43,2,153.07,567.86,293.13,140.43999999999994,1,1,1.0
43,3,585.9,739.5,370.9,136.39999999999998,1,1,1.0
43,4,457.3,314.5,212.99999999999994,191.39999999999998,1,1,1.0
43,5,999.0,497.7,337.5999999999999,174.40000000000003,1,1,1.0
43,6,692.0,334.7,155.70000000000005,279.2,1,1,1.0
43,7,1928.9,393.7,225.19999999999982,413.50000000000006,1,1,1.0
44,8,1520.6,376.3,82.5,323.7,1,1,1.0
44,9,1366.2,600.0,211.0,338.03999999999996,1,1,1.0
44,1,312.0,391.5,125.19999999999999,148.60000000000002,1,1,0.0
44,2,153.07,570.9,293.13,133.60000000000002,1,1,1.0
44,3,585.9,747.0,361.9,133.39999999999998,1,1,1.0
44,4,457.3,314.5,206.09999999999997,191.39999999999998,1,1,1.0
44,5,1011.1,497.7,314.9999999999999,174.40000000000003,1,1,1.0
44,6,692.0,334.7,155.70000000000005,279.2,1,1,1.0
44,7,1912.6,382.8,225.20000000000027,439.8,1,1,1.0
45,8,1437.4,474.0,165.69999999999982,226.0,1,1,1.0
45,9,1370.0,645.21,240.3499999999999,338.03999999999996,1,1,1.0
45,1,312.0,391.5,125.19999999999999,148.60000000000002,1,1,0.0
45,2,158.3,564.9,308.2,132.10000000000002,1,1,1.0
45,3,585.9,714.6,297.9,165.79999999999995,1,1,1.0
45,4,457.3,314.5,206.09999999999997,191.39999999999998,1,1,1.0
45,5,1143.7,548.9,364.75,228.69000000000005,1,1,1.0
45,6,692.0,334.7,155.70000000000005,284.59999999999997,1,1,1.0
45,7,1912.6,390.9,208.9000000000001,455.20000000000005,1,1,1.0
46,8,1432.9,451.4,170.19999999999982,248.60000000000002,1,1,1.0
46,9,1379.0,733.4,231.3499999999999,249.85000000000002,1,1,1.0
46,1,312.0,391.5,125.19999999999999,148.60000000000002,1,1,0.0
46,2,158.3,557.4,295.4,134.30000000000007,1,1,1.0
46,3,585.9,693.5,302.4,186.89999999999998,1,1,1.0
46,4,457.3,319.5,211.8,186.39999999999998,1,1,1.0
46,5,1171.58,582.05,318.02,227.1500000000001,1,1,1.0
46,6,692.0,334.7,155.70000000000005,284.59999999999997,1,1,1.0
46,7,1912.6,463.6,208.9000000000001,441.1,1,1,1.0
47,8,1432.9,451.4,170.19999999999982,326.4,1,1,1.0
47,9,1379.0,740.2,249.4000000000001,243.0,1,1,1.0
47,1,312.0,391.5,125.19999999999999,148.60000000000002,1,1,0.0
47,2,163.6,539.3,289.29999999999995,152.4000000000001,1,1,1.0
47,3,594.9,693.5,293.4,195.20000000000005,1,1,1.0
47,4,457.3,318.9,211.8,187.0,1,1,1.0
47,5,1165.6,582.05,305.20000000000005,220.35000000000002,1,1,1.0
47,6,692.0,334.7,155.70000000000005,284.59999999999997,1,1,1.0
47,7,1912.6,479.9,208.9000000000001,444.30000000000007,1,1,1.0
48,8,1455.5,486.7,147.5999999999999,305.59999999999997,1,1,1.0
48,9,1379.0,752.3,257.70000000000005,233.9000000000001,1,1,1.0
48,1,323.3,391.5,113.89999999999998,148.60000000000002,1,1,0.0
48,2,174.9,535.53,339.7900000000001,134.26999999999998,1,1,1.0
48,3,594.9,693.5,293.4,195.20000000000005,1,1,1.0
48,4,460.4,325.2,212.5,180.7,1,1,1.0
48,5,1165.6,582.05,287.10000000000014,246.75,1,1,1.0
48,6,692.0,334.7,155.70000000000005,284.59999999999997,1,1,1.0
48,7,1920.9,575.6,224.0,386.6,1,1,1.0
49,8,1423.9,492.1,179.19999999999982,340.0,1,1,1.0
49,9,1379.0,752.3,199.70000000000005,233.9000000000001,1,1,1.0
49,1,323.3,391.5,113.89999999999998,131.29999999999995,1,1,0.0
49,2,231.4,516.7,305.89,142.5,1,1,1.0
49,3,594.9,733.4,319.80000000000007,161.30000000000007,1,1,1.0
49,4,460.4,311.4,212.5,194.5,1,1,1.0
49,5,1170.1,582.05,282.60000000000014,246.75,1,1,1.0
49,6,695.6,345.6,152.10000000000002,270.1,1,1,1.0
49,7,1895.9,635.3,223.0,420.20000000000005,1,1,1.0
50,8,1423.9,473.1,179.19999999999982,349.1,1,1,1.0
50,9,1379.0,690.5,199.70000000000005,305.5,1,1,1.0
50,1,323.3,391.5,113.89999999999998,131.29999999999995,1,1,0.0
50,2,231.4,516.7,318.0,142.5,1,1,1.0
50,3,585.1,736.4,343.9,156.0,1,1,1.0
50,4,460.4,311.4,206.80000000000007,198.90000000000003,1,1,1.0
50,5,1170.1,573.0,270.5,252.0,1,1,1.0
50,6,695.6,345.6,152.10000000000002,270.1,1,1,1.0
50,7,1904.6,664.6,236.0,426.69999999999993,1,1,1.0
51,8,1443.8,473.1,159.29999999999995,349.1,1,1,1.0
51,9,1384.3,694.3,208.0,301.70000000000005,1,1,1.0
51,1,323.3,391.5,113.89999999999998,131.29999999999995,1,1,0.0
51,2,245.0,516.7,336.79999999999995,142.5,1,1,1.0
51,3,577.6,736.4,351.4,156.0,1,1,1.0
51,4,460.4,311.4,198.0,198.90000000000003,1,1,1.0
51,5,1163.3,573.0,280.29999999999995,230.89999999999998,1,1,1.0
51,6,695.6,345.6,152.10000000000002,270.1,1,1,1.0
51,7,1904.6,664.6,236.0,440.80000000000007,1,1,1.0
52,8,1441.09,468.6,159.2900000000002,306.5799999999999,1,1,1.0
52,9,1379.8,694.3,195.9000000000001,294.20000000000005,1,1,1.0
52,1,323.3,391.5,113.89999999999998,131.29999999999995,1,1,0.0
52,2,245.0,513.7,365.4,136.5,1,1,1.0
52,3,577.6,736.4,367.19999999999993,149.20000000000005,1,1,1.0
52,4,460.4,318.9,198.0,191.40000000000003,1,1,1.0
52,5,1127.9,563.2,315.6999999999998,178.19999999999993,1,1,1.0
52,6,695.6,345.6,152.10000000000002,270.1,1,1,1.0
52,7,1904.6,658.1,236.0,454.9,1,1,1.0
53,8,1406.7,557.2,193.69000000000005,211.69999999999993,1,1,1.0
53,9,1379.8,694.3,189.10000000000014,294.20000000000005,1,1,1.0
53,1,344.4,379.4,92.80000000000001,143.39999999999998,1,1,0.0
53,2,268.4,506.9,351.80000000000007,128.20000000000005,1,1,1.0
53,3,577.6,738.7,359.69999999999993,135.5999999999999,1,1,1.0
53,4,460.4,315.1,203.70000000000005,195.2,1,1,1.0
53,5,1205.51,476.55,202.69000000000005,309.34999999999997,1,1,1.0
53,6,695.6,345.6,152.10000000000002,270.1,1,1,1.0
53,7,1904.6,685.2,242.5,399.5999999999999,1,1,1.0
54,8,1448.3,501.1,152.09000000000015,260.6,1,1,1.0
54,9,1299.2,657.4,217.0,264.80000000000007,1,1,1.0
54,1,319.5,379.4,130.5,153.20000000000005,1,1,0.0
54,2,268.4,506.9,330.70000000000005,128.20000000000005,1,1,1.0
54,3,577.6,738.7,359.69999999999993,135.5999999999999,1,1,1.0
54,4,460.4,318.9,203.70000000000005,191.40000000000003,1,1,1.0
54,5,1142.97,441.13,242.62999999999988,255.87,1,1,1.0
54,6,677.5,345.6,170.20000000000005,270.1,1,1,1.0
54,7,1878.6,761.2,298.9000000000001,330.0999999999999,1,1,1.0
55,8,1465.5,461.3,134.8800000000001,308.49999999999994,1,1,1.0
55,9,1252.48,689.8,244.92000000000007,180.4000000000001,1,1,1.0
55,1,314.3,379.4,131.2,138.89999999999998,1,1,0.0
55,2,268.4,506.9,321.70000000000005,128.20000000000005,1,1,1.0
55,3,577.6,738.7,369.5,135.5999999999999,1,1,1.0
55,4,460.4,318.9,203.70000000000005,191.40000000000003,1,1,1.0
55,5,1082.7,441.13,313.39999999999986,184.26999999999998,1,1,1.0
55,6,643.1,323.9,198.29999999999995,324.4,1,1,1.0
55,7,1909.0,756.9,285.9000000000001,367.0000000000001,1,1,1.0
56,8,1458.3,461.3,142.08000000000015,314.8,1,1,1.0
56,9,1145.48,610.68,333.81999999999994,209.0200000000001,1,1,1.0
56,1,313.5,379.4,129.0,138.89999999999998,1,1,0.0
56,2,268.4,502.4,290.80000000000007,132.70000000000005,1,1,1.0
56,3,577.6,738.7,362.69999999999993,135.5999999999999,1,1,1.0
56,4,460.4,315.1,203.70000000000005,195.2,1,1,1.0
56,5,1080.4,441.13,317.1999999999998,166.16999999999996,1,1,1.0
56,6,578.9,456.8,252.60000000000002,285.54,1,1,1.0
56,7,1909.0,756.9,285.9000000000001,308.4,1,1,1.0
57,8,1442.9,461.3,157.48000000000002,308.49999999999994,1,1,1.0
57,9,902.85,490.12,353.44999999999993,177.38,1,1,1.0
57,1,287.1,379.4,155.39999999999998,138.89999999999998,1,1,0.0
57,2,268.4,502.4,280.30000000000007,132.70000000000005,1,1,1.0
57,3,577.6,740.2,364.19999999999993,133.29999999999995,1,1,1.0
57,4,460.4,312.6,202.39999999999998,192.7,1,1,1.0
57,5,1019.36,421.54,351.84000000000003,163.16000000000003,1,1,1.0
57,6,499.33,566.2,239.07,233.0999999999999,1,1,1.0
57,7,1909.0,754.7,289.1999999999998,283.39999999999986,1,1,1.0
58,8,1429.38,464.9,167.38999999999987,319.37,1,1,1.0
58,9,691.11,469.02,373.7900000000001,153.98000000000002,1,1,1.0
58,1,303.7,379.4,138.8,138.89999999999998,1,1,0.0
58,2,268.4,502.4,308.20000000000005,132.70000000000005,1,1,1.0
58,3,577.6,740.2,364.19999999999993,133.29999999999995,1,1,1.0
58,4,453.5,312.6,209.29999999999995,185.2,1,1,1.0
58,5,1019.36,398.9,326.2399999999999,190.30000000000007,1,1,1.0
58,6,438.75,628.6,236.35000000000002,210.49,1,1,1.0
58,7,1909.0,762.3,306.5999999999999,240.0,1,1,1.0
59,8,1443.9,464.9,152.8699999999999,357.30000000000007,1,1,1.0
59,9,651.93,444.15,376.7700000000001,179.64999999999998,1,1,1.0
59,1,302.2,379.4,136.5,143.39999999999998,1,1,0.0
59,2,271.4,502.4,335.30000000000007,131.20000000000005,1,1,1.0
59,3,577.6,740.2,364.19999999999993,133.29999999999995,1,1,1.0
59,4,453.5,322.6,209.29999999999995,175.2,1,1,1.0
59,5,944.01,352.93,317.99,190.31,1,1,1.0
59,6,438.75,638.5,236.35000000000002,191.5,1,1,1.0
59,7,1909.0,705.9,315.3000000000002,283.30000000000007,1,1,1.0
60,8,1443.9,464.9,138.39999999999986,370.9,1,1,1.0
60,9,658.0,450.2,375.20000000000005,169.8,1,1,1.0
60,1,293.2,379.4,145.5,143.39999999999998,1,1,0.0
60,2,271.4,502.4,313.4,131.20000000000005,1,1,1.0
60,3,577.6,740.2,364.19999999999993,133.29999999999995,1,1,1.0
60,4,443.5,322.6,219.29999999999995,175.2,1,1,1.0
60,5,901.81,313.0,303.69000000000005,179.7,1,1,1.0
60,6,373.64,654.8,243.56000000000006,196.0,1,1,1.0
60,7,1909.0,629.9,321.8000000000002,349.5,1,1,1.0
61,8,1440.3,464.9,142.0,370.9,1,1,1.0
61,9,694.9,450.2,338.30000000000007,169.8,1,1,1.0
61,1,314.3,379.4,124.39999999999998,138.10000000000002,1,1,0.0
61,2,271.4,471.5,287.0,162.10000000000002,1,1,1.0
61,3,577.6,740.2,364.19999999999993,133.29999999999995,1,1,1.0
61,4,440.4,318.2,222.39999999999998,173.3,1,1,1.0
61,5,892.8,322.0,299.10000000000014,170.7,1,1,1.0
61,6,301.3,677.4,309.59999999999997,176.11,1,1,1.0
61,7,1909.0,615.8,318.5,354.9000000000001,1,1,1.0
62,8,1438.5,541.8,154.70000000000005,260.5,1,1,1.0
62,9,654.2,457.7,366.9,142.7,1,1,1.0
62,1,314.3,379.4,97.30000000000001,138.10000000000002,1,1,0.0
62,2,311.34,385.6,219.16000000000003,269.85,1,1,1.0
62,3,577.6,740.2,364.19999999999993,133.29999999999995,1,1,1.0
62,4,440.4,318.2,222.39999999999998,173.3,1,1,1.0
62,5,901.8,340.1,298.4000000000001,176.0,1,1,1.0
62,6,316.7,695.5,303.2,158.01,1,1,1.0
62,7,1909.0,631.0,271.8000000000002,364.70000000000005,1,1,1.0
63,8,1429.5,629.5,163.70000000000005,163.79999999999995,1,1,0.0
63,9,550.97,447.2,338.23,184.84999999999997,1,1,1.0
63,1,298.5,425.4,84.5,114.70000000000005,1,1,0.0
63,2,371.62,310.2,125.68,254.07999999999998,1,1,1.0
63,3,577.6,740.2,353.69999999999993,133.29999999999995,1,1,1.0
63,4,457.4,293.1,221.10000000000002,212.79999999999995,1,1,1.0
63,5,906.3,329.6,279.60000000000014,225.69999999999993,1,1,1.0
63,6,357.4,689.2,260.70000000000005,185.0999999999999,1,1,1.0
63,7,1909.0,594.1,265.3000000000002,395.1,1,1,1.0
64,8,1515.4,691.9,77.79999999999995,81.5,1,1,0.0
64,9,388.21,518.8,337.49000000000007,133.59000000000003,1,1,1.0
64,1,298.5,425.4,89.80000000000001,114.70000000000005,1,1,0.0
64,2,371.62,312.5,125.68,227.70000000000005,1,1,1.0
64,3,577.6,733.4,316.79999999999995,140.10000000000002,1,1,1.0
64,4,474.4,311.9,224.20000000000005,204.70000000000005,1,1,1.0
64,5,891.2,329.6,294.70000000000005,223.39999999999998,1,1,1.0
64,6,357.4,682.0,258.0,195.89999999999998,1,1,1.0
64,7,1915.5,577.8,258.8000000000002,366.9000000000001,1,1,1.0
65,8,1576.2,691.9,17.0,81.5,1,1,0.0
65,9,214.9,542.2,337.49,129.02999999999997,1,1,1.0
65,1,298.5,417.9,89.80000000000001,122.20000000000005,1,1,0.0
65,2,379.2,286.1,115.80000000000001,269.19999999999993,1,1,1.0
65,3,577.6,733.4,323.6,140.10000000000002,1,1,1.0
65,4,478.8,316.93,208.49999999999994,224.17000000000002,1,1,1.0
65,5,912.3,318.3,264.60000000000014,226.40000000000003,1,1,1.0
65,6,338.4,667.5,269.80000000000007,197.70000000000005,1,1,1.0
65,7,1915.5,540.9,285.9000000000001,353.9,1,1,1.0
66,8,1574.18,683.83,19.399999999999864,85.04999999999995,1,1,0.0
66,9,270.7,488.7,268.09999999999997,193.8,1,1,1.0
66,1,304.5,417.9,83.80000000000001,122.20000000000005,1,1,0.0
66,2,379.2,286.1,115.80000000000001,275.19999999999993,1,1,1.0
66,3,577.6,733.4,323.6,143.10000000000002,1,1,1.0
66,4,492.6,320.1,158.89999999999998,298.19999999999993,1,1,1.0
66,5,912.3,318.3,264.60000000000014,215.09999999999997,1,1,1.0
66,6,338.4,675.6,273.4,189.60000000000002,1,1,1.0
66,7,1914.4,523.5,287.0,365.9,1,1,1.0
67,8,1572.17,675.76,21.789999999999964,88.60000000000002,1,1,0.0
67,9,231.5,450.3,192.76,266.10999999999996,1,1,1.0
67,1,304.5,417.9,83.80000000000001,129.70000000000005,1,1,0.0
67,2,379.2,311.7,119.60000000000002,260.2,1,1,1.0
67,3,588.2,733.4,307.0,143.10000000000002,1,1,1.0
67,4,509.6,323.2,158.89999999999998,298.90000000000003,1,1,1.0
67,5,948.5,292.7,177.9000000000001,282.90000000000003,1,1,1.0
67,6,303.1,675.6,308.69999999999993,185.10000000000002,1,1,1.0
67,7,1914.4,498.5,281.5999999999999,395.20000000000005,1,1,1.0
68,8,1570.15,667.69,24.189999999999827,92.14999999999998,1,1,0.0
68,9,236.8,454.8,187.45999999999998,276.7,1,1,1.0
68,1,304.5,417.9,83.80000000000001,125.89999999999998,1,1,0.0
68,2,379.2,322.2,152.8,249.7,1,1,1.0
68,3,599.5,733.4,285.9,143.10000000000002,1,1,1.0
68,4,509.6,325.7,155.10000000000002,296.40000000000003,1,1,1.0
68,5,1192.64,536.84,315.05999999999995,250.45999999999992,1,1,1.0
68,6,291.35,724.4,290.65,147.14999999999998,1,1,1.0
68,7,1914.4,534.3,281.5999999999999,359.4000000000001,1,1,1.0
69,8,1568.13,659.62,26.589999999999918,95.70000000000005,1,1,0.0
69,9,236.8,454.8,187.45999999999998,276.7,1,1,1.0
69,1,308.3,417.9,80.0,124.39999999999998,1,1,0.0
69,2,379.2,322.2,125.69999999999999,249.7,1,1,1.0
69,3,630.4,736.4,260.30000000000007,146.89999999999998,1,1,1.0
69,4,504.6,331.4,167.60000000000002,283.20000000000005,1,1,1.0
69,5,1251.4,603.2,266.8499999999999,215.75,1,1,1.0
69,6,285.0,734.3,297.0,137.25,1,1,1.0
69,7,1914.4,547.3,278.2999999999997,350.70000000000005,1,1,1.0
70,8,1566.11,651.55,28.99000000000001,99.25,1,1,0.0
70,9,236.8,448.8,164.09999999999997,282.7,1,1,1.0
70,1,313.6,417.9,80.0,124.39999999999998,1,1,0.0
70,2,379.2,322.2,125.69999999999999,221.8,1,1,1.0
70,3,610.8,731.9,294.20000000000005,155.89999999999998,1,1,1.0
70,4,490.8,317.0,177.59999999999997,297.6,1,1,1.0
70,5,1234.8,610.0,285.70000000000005,215.70000000000005,1,1,1.0
70,6,281.4,734.3,275.30000000000007,144.5,1,1,1.0
70,7,1914.4,572.3,283.6999999999998,320.30000000000007,1,1,1.0
71,8,1564.1,643.48,31.38000000000011,102.79999999999995,1,1,0.0
71,9,238.3,448.8,162.59999999999997,266.90000000000003,1,1,1.0
71,1,302.3,417.9,91.30000000000001,124.39999999999998,1,1,0.0
71,2,379.2,311.7,125.69999999999999,232.3,1,1,1.0
71,3,610.8,695.7,282.9000000000001,192.0999999999999,1,1,1.0
71,4,499.0,322.0,148.10000000000002,292.6,1,1,1.0
71,5,1222.7,613.0,282.0,248.89999999999998,1,1,1.0
71,6,304.9,709.9,286.20000000000005,168.89999999999998,1,1,1.0
71,7,1914.4,503.9,265.2999999999997,387.6,1,1,1.0
72,8,1562.08,635.42,33.77999999999997,106.35000000000002,1,1,0.0
72,9,238.3,459.3,161.09999999999997,252.59999999999997,1,1,1.0
72,1,305.3,417.9,88.30000000000001,124.39999999999998,1,1,0.0
72,2,379.2,311.7,125.69999999999999,226.3,1,1,1.0
72,3,625.9,638.4,258.80000000000007,257.70000000000005,1,1,1.0
72,4,504.7,333.3,142.40000000000003,270.59999999999997,1,1,1.0
72,5,1249.8,610.0,247.4000000000001,208.89999999999998,1,1,1.0
72,6,323.9,688.2,271.70000000000005,190.5999999999999,1,1,1.0
72,7,1914.4,514.7,232.69999999999982,375.69999999999993,1,1,1.0
73,8,1560.06,627.35,36.190000000000055,109.89999999999998,1,1,0.0
73,9,238.3,454.8,163.39999999999998,232.2,1,1,1.0
73,1,297.0,417.9,96.60000000000002,124.39999999999998,1,1,0.0
73,2,379.2,311.7,131.0,220.3,1,1,1.0
73,3,642.5,598.5,242.20000000000005,295.29999999999995,1,1,1.0
73,4,482.72,294.37,177.57999999999993,239.23000000000002,1,1,1.0
73,5,1252.8,610.0,246.70000000000005,242.79999999999995,1,1,1.0
73,6,337.5,678.3,244.5,220.4000000000001,1,1,1.0
73,7,1914.4,494.1,202.29999999999973,416.9,1,1,1.0
74,8,1558.05,619.28,38.580000000000155,113.45000000000005,1,1,0.0
74,9,238.3,454.8,166.39999999999998,227.7,1,1,1.0
74,1,300.8,417.9,92.80000000000001,124.39999999999998,1,1,0.0
74,2,379.2,311.7,127.19999999999999,220.3,1,1,1.0
74,3,718.6,509.58,238.43999999999994,279.52000000000004,1,1,1.0
74,4,511.61,342.09,173.78999999999996,229.20999999999998,1,1,1.0
74,5,1324.38,614.52,184.1199999999999,301.58000000000004,1,1,1.0
74,6,380.9,615.0,219.20000000000005,266.5,1,1,1.0
74,7,1927.4,487.6,189.29999999999973,394.19999999999993,1,1,1.0
75,8,1556.03,611.21,40.98000000000002,117.0,1,1,0.0
75,9,238.3,472.9,173.89999999999998,209.60000000000002,1,1,1.0
75,1,300.0,417.9,93.60000000000002,119.10000000000002,1,1,0.0
75,2,379.2,311.7,127.19999999999999,227.8,1,1,1.0
75,3,762.3,467.4,346.20000000000005,187.60000000000002,1,1,1.0
75,4,511.61,342.09,173.78999999999996,229.20999999999998,1,1,1.0
75,5,1355.3,603.2,156.20000000000005,332.5,1,1,1.0
75,6,409.8,598.72,215.61999999999995,242.98000000000002,1,1,1.0
75,7,1927.4,487.6,189.29999999999973,397.4,1,1,1.0
76,8,1554.01,603.14,43.38000000000011,120.55000000000007,1,1,0.0
76,9,238.3,460.1,173.89999999999998,222.39999999999998,1,1,1.0
76,1,290.2,417.9,103.40000000000003,122.89999999999998,1,1,0.0
76,2,379.2,311.7,127.19999999999999,233.09999999999997,1,1,1.0
76,3,829.4,442.5,310.69999999999993,151.5,1,1,1.0
76,4,515.4,342.09,175.70000000000005,217.91000000000003,1,1,1.0
76,5,1355.3,625.8,177.29999999999995,291.1,1,1,1.0
76,6,442.4,564.36,257.15999999999997,181.53999999999996,1,1,1.0
76,7,1915.5,433.3,207.69999999999982,387.7,1,1,1.0
77,8,1551.99,595.07,45.77999999999997,124.09999999999991,1,1,0.0
77,9,238.3,460.1,176.89999999999998,218.60000000000002,1,1,1.0
77,1,300.0,417.9,93.60000000000002,122.89999999999998,1,1,0.0
77,2,379.2,311.7,127.19999999999999,230.09999999999997,1,1,1.0
77,3,845.2,432.0,306.20000000000005,142.39999999999998,1,1,1.0
77,4,511.61,345.9,183.28999999999996,205.30000000000007,1,1,1.0
77,5,1355.3,634.1,196.10000000000014,284.29999999999995,1,1,1.0
77,6,451.4,576.1,248.15999999999997,153.5,1,1,1.0
77,7,1933.9,402.9,199.0999999999999,384.5,1,1,1.0
78,8,1549.98,587.0,48.17000000000007,127.64999999999998,1,1,0.0
78,9,238.3,460.1,176.89999999999998,218.60000000000002,1,1,1.0
78,1,300.0,417.9,93.60000000000002,122.89999999999998,1,1,0.0
78,2,379.2,311.7,127.19999999999999,230.09999999999997,1,1,1.0
78,3,845.2,432.0,327.29999999999995,142.39999999999998,1,1,1.0
78,4,511.61,345.9,183.28999999999996,205.30000000000007,1,1,1.0
78,5,1351.5,634.1,210.4000000000001,280.5,1,1,1.0
78,6,463.2,576.1,230.00000000000006,153.5,1,1,1.0
78,7,1933.9,388.8,231.69999999999982,383.40000000000003,1,1,1.0
79,8,1547.96,578.93,50.569999999999936,131.20000000000005,1,1,0.0
79,9,238.3,469.9,179.2,210.30000000000007,1,1,1.0
79,1,291.0,417.9,102.60000000000002,122.89999999999998,1,1,0.0
79,2,379.2,311.7,127.19999999999999,230.09999999999997,1,1,1.0
79,3,845.2,437.3,327.29999999999995,143.90000000000003,1,1,1.0
79,4,504.1,345.9,190.79999999999995,205.30000000000007,1,1,1.0
79,5,1351.5,634.1,230.70000000000005,280.5,1,1,1.0
79,6,474.1,576.1,219.10000000000002,153.5,1,1,1.0
79,7,1933.9,401.8,243.5999999999999,351.99999999999994,1,1,1.0
80,8,1545.94,570.86,52.97000000000003,134.75,1,1,0.0
80,9,238.3,469.9,179.2,210.30000000000007,1,1,1.0
80,1,300.0,417.9,93.60000000000002,122.89999999999998,1,1,0.0
80,2,379.2,311.7,127.19999999999999,230.09999999999997,1,1,1.0
80,3,845.2,437.3,309.20000000000005,143.90000000000003,1,1,1.0
80,4,506.6,345.9,188.29999999999995,205.30000000000007,1,1,1.0
80,5,1351.5,634.1,232.20000000000005,276.69999999999993,1,1,1.0
80,6,479.5,576.1,213.70000000000005,153.5,1,1,1.0
80,7,1933.9,377.9,245.79999999999973,365.0,1,1,1.0
81,8,1543.93,562.79,55.3599999999999,138.30000000000007,1,1,0.0
81,9,238.3,473.7,179.2,206.50000000000006,1,1,1.0
81,1,295.5,417.9,98.10000000000002,122.89999999999998,1,1,0.0
81,2,379.2,311.7,127.19999999999999,230.09999999999997,1,1,1.0
81,3,845.2,440.3,313.70000000000005,146.2,1,1,1.0
81,4,510.4,345.9,193.89999999999998,202.80000000000007,1,1,1.0
81,5,1286.7,569.3,232.20000000000005,260.9000000000001,1,1,1.0
81,6,479.5,576.1,213.70000000000005,153.5,1,1,1.0
81,7,1933.9,370.3,243.5999999999999,369.3,1,1,1.0
82,8,1541.91,554.72,57.75999999999999,141.85000000000002,1,1,0.0
82,9,238.3,473.7,179.2,206.50000000000006,1,1,1.0
82,1,291.7,417.9,101.90000000000003,122.89999999999998,1,1,0.0
82,2,379.2,316.2,127.19999999999999,234.59999999999997,1,1,1.0
82,3,845.2,440.3,296.39999999999986,152.2,1,1,1.0
82,4,513.5,349.7,190.79999999999995,199.00000000000006,1,1,1.0
82,5,1241.5,561.8,298.5,187.0,1,1,1.0
82,6,479.5,576.1,213.70000000000005,153.5,1,1,1.0
82,7,1933.9,392.0,230.5999999999999,346.5,1,1,1.0
83,8,1539.89,546.65,60.159999999999854,145.39999999999998,1,1,0.0
83,9,238.3,460.1,179.2,220.10000000000002,1,1,1.0
83,1,300.0,417.9,93.60000000000002,122.89999999999998,1,1,0.0
83,2,379.2,316.2,127.19999999999999,230.8,1,1,1.0
83,3,845.2,386.8,296.39999999999986,210.99999999999994,1,1,1.0
83,4,513.5,349.7,190.79999999999995,199.00000000000006,1,1,1.0
83,5,1271.64,483.43,205.05999999999995,278.96999999999997,1,1,1.0
83,6,479.5,576.1,213.70000000000005,153.5,1,1,1.0
83,7,1930.6,372.5,217.5999999999999,386.6,1,1,1.0
84,8,1537.87,538.58,62.56000000000017,148.95999999999992,1,1,0.0
84,9,238.3,466.1,188.2,211.10000000000002,1,1,1.0
84,1,293.2,417.9,100.40000000000003,122.89999999999998,1,1,0.0
84,2,379.2,316.2,127.19999999999999,229.3,1,1,1.0
84,3,845.2,406.4,302.39999999999986,191.39999999999998,1,1,1.0
84,4,513.5,349.7,190.79999999999995,199.00000000000006,1,1,1.0
84,5,1209.1,478.91,278.10000000000014,248.79000000000002,1,1,1.0
84,6,479.5,576.1,213.70000000000005,153.5,1,1,1.0
84,7,1930.6,350.8,225.20000000000027,415.90000000000003,1,1,1.0
85,8,1535.86,530.52,64.96000000000004,152.5,1,1,0.0
85,9,238.3,473.6,188.2,203.60000000000002,1,1,1.0
85,1,283.4,417.9,110.20000000000005,122.89999999999998,1,1,0.0
85,2,379.2,316.2,127.19999999999999,229.3,1,1,1.0
85,3,845.2,430.5,325.0,167.29999999999995,1,1,1.0
85,4,502.8,349.7,201.49999999999994,199.00000000000006,1,1,1.0
85,5,1212.1,478.91,284.10000000000014,236.69,1,1,1.0
85,6,479.5,576.1,213.70000000000005,153.5,1,1,1.0
85,7,1930.6,359.5,229.5,396.29999999999995,1,1,1.0
86,8,1533.84,522.45,67.36000000000013,156.04999999999995,1,1,0.0
86,9,238.3,484.2,188.2,193.00000000000006,1,1,1.0
86,1,290.2,417.9,103.40000000000003,122.89999999999998,1,1,0.0
86,2,379.2,308.7,127.19999999999999,236.8,1,1,1.0
86,3,845.2,422.2,319.70000000000005,175.59999999999997,1,1,1.0
86,4,513.5,343.4,193.29999999999995,199.60000000000002,1,1,1.0
86,5,1203.8,478.91,290.10000000000014,223.08999999999997,1,1,1.0
86,6,479.5,576.1,213.70000000000005,153.5,1,1,1.0
86,7,1930.6,402.9,231.70000000000027,342.0,1,1,1.0
87,8,1531.82,514.38,69.75999999999999,159.60000000000002,1,1,0.0
87,9,238.3,484.2,188.2,193.00000000000006,1,1,1.0
87,1,284.9,417.9,108.70000000000005,115.39999999999998,1,1,0.0
87,2,379.2,314.7,127.19999999999999,230.8,1,1,1.0
87,3,851.2,438.0,283.5999999999999,153.79999999999995,1,1,1.0
87,4,513.5,325.8,189.5,224.7,1,1,1.0
87,5,1210.6,475.1,283.3000000000002,226.89999999999998,1,1,1.0
87,6,479.5,576.1,213.70000000000005,153.5,1,1,1.0
87,7,1928.4,395.3,231.69999999999982,348.49999999999994,1,1,1.0
88,8,1529.81,506.31,72.15000000000009,163.15000000000003,1,1,0.0
88,9,238.3,484.2,188.2,193.00000000000006,1,1,1.0
88,1,284.9,417.9,103.40000000000003,125.20000000000005,1,1,0.0
88,2,379.2,318.5,127.19999999999999,227.0,1,1,1.0
88,3,851.2,425.2,283.5999999999999,166.59999999999997,1,1,1.0
88,4,515.4,319.5,178.20000000000005,226.60000000000002,1,1,1.0
88,5,1172.9,484.1,305.89999999999986,241.29999999999995,1,1,1.0
88,6,479.5,576.1,219.10000000000002,153.5,1,1,1.0
88,7,1928.4,371.4,231.69999999999982,372.4,1,1,1.0
89,8,1527.79,498.24,74.54999999999995,166.70000000000005,1,1,0.0
89,9,238.3,484.2,188.2,193.00000000000006,1,1,1.0
89,1,292.43,443.5,72.46999999999997,57.39999999999998,1,1,0.0
89,2,379.2,314.0,127.19999999999999,231.5,1,1,1.0
89,3,856.5,441.8,278.29999999999995,153.8,1,1,1.0
89,4,515.4,321.4,190.10000000000002,224.10000000000002,1,1,1.0
89,5,1212.8,480.4,274.29999999999995,232.89999999999998,1,1,1.0
89,6,479.5,576.1,246.20000000000005,153.5,1,1,1.0
89,7,1928.4,434.3,231.69999999999982,300.8,1,1,1.0
90,8,1525.77,490.17,76.95000000000005,170.24999999999994,1,1,0.0
90,9,238.3,484.2,188.2,193.00000000000006,1,1,1.0
90,1,292.43,443.5,79.26999999999998,57.39999999999998,1,1,0.0
90,2,379.2,314.0,127.19999999999999,231.5,1,1,1.0
90,3,856.5,441.8,278.29999999999995,153.8,1,1,1.0
90,4,515.4,330.8,190.10000000000002,214.7,1,1,1.0
90,5,1220.3,476.6,271.29999999999995,226.19999999999993,1,1,1.0
90,6,479.5,576.1,253.39999999999998,153.5,1,1,1.0
90,7,1928.4,427.8,231.69999999999982,297.49999999999994,1,1,1.0
91,8,1523.75,482.1,79.34999999999991,173.79999999999995,1,1,0.0
91,9,238.3,488.0,196.5,189.20000000000005,1,1,1.0
91,1,303.7,443.5,71.0,64.89999999999998,1,1,0.0
91,2,379.2,314.0,127.19999999999999,227.0,1,1,1.0
91,3,856.5,441.8,278.29999999999995,153.8,1,1,1.0
91,4,515.4,341.5,198.30000000000007,199.0,1,1,1.0
91,5,1220.3,476.6,275.10000000000014,223.19999999999993,1,1,1.0
91,6,479.5,576.1,253.39999999999998,153.5,1,1,1.0
91,7,1928.4,427.8,231.69999999999982,297.49999999999994,1,1,1.0
92,8,1476.7,494.8,126.39999999999986,289.49999999999994,1,1,1.0
92,9,238.3,488.0,196.5,189.20000000000005,1,1,1.0
92,1,281.1,443.5,94.39999999999998,70.89999999999998,1,1,0.0
92,2,379.2,314.0,127.19999999999999,211.89999999999998,1,1,1.0
92,3,842.9,447.8,337.9,147.8,1,1,1.0
92,4,515.4,337.1,193.30000000000007,204.0,1,1,1.0
92,5,1220.3,476.6,285.60000000000014,218.69999999999993,1,1,1.0
92,6,479.5,576.1,253.39999999999998,153.5,1,1,1.0
92,7,1928.4,427.8,228.4000000000001,301.90000000000003,1,1,1.0
93,8,1434.2,534.6,168.89999999999986,267.79999999999995,1,1,1.0
93,9,230.0,483.5,204.8,193.70000000000005,1,1,1.0
93,1,281.1,443.5,103.39999999999998,76.89999999999998,1,1,0.0
93,2,379.2,314.0,127.19999999999999,217.20000000000005,1,1,1.0
93,3,842.9,443.3,313.0000000000001,152.3,1,1,1.0
93,4,515.4,337.1,178.20000000000005,216.60000000000002,1,1,1.0
93,5,1220.3,476.6,276.60000000000014,221.0,1,1,1.0
93,6,479.5,576.1,253.39999999999998,153.5,1,1,1.0
93,7,1928.4,443.0,230.5999999999999,287.79999999999995,1,1,1.0
94,8,1285.91,678.4,304.49,157.46000000000004,1,1,1.0
94,9,169.0,473.0,252.2,212.5,1,1,1.0
94,1,285.6,443.5,98.89999999999998,84.39999999999998,1,1,0.0
94,2,379.2,314.0,127.19999999999999,223.20000000000005,1,1,1.0
94,3,842.9,443.3,342.4,152.3,1,1,1.0
94,4,515.4,330.2,171.30000000000007,232.3,1,1,1.0
94,5,1220.3,476.6,276.60000000000014,221.0,1,1,1.0
94,6,479.5,576.1,216.29999999999995,153.5,1,1,1.0
94,7,1928.4,451.7,234.9000000000001,283.40000000000003,1,1,1.0
95,8,1213.57,600.64,309.93000000000006,216.26,1,1,1.0
95,9,160.0,473.0,268.7,207.20000000000005,1,1,1.0
95,1,285.6,443.5,98.89999999999998,84.39999999999998,1,1,0.0
95,2,379.2,314.0,127.19999999999999,223.20000000000005,1,1,1.0
95,3,842.9,435.8,362.0000000000001,149.3,1,1,1.0
95,4,515.4,334.6,171.30000000000007,227.89999999999998,1,1,1.0
95,5,1220.3,476.6,279.60000000000014,221.0,1,1,1.0
95,6,479.5,576.1,216.29999999999995,153.5,1,1,1.0
95,7,1928.4,469.1,239.19999999999982,274.69999999999993,1,1,1.0
96,8,1207.2,588.0,311.79999999999995,234.29999999999995,1,1,1.0
96,9,223.3,463.9,212.2,214.80000000000007,1,1,1.0
96,1,285.6,443.5,98.89999999999998,108.5,1,1,0.0
96,2,379.2,317.8,127.19999999999999,219.40000000000003,1,1,1.0
96,3,842.9,435.8,362.0000000000001,152.3,1,1,1.0
96,4,517.3,336.5,180.70000000000005,213.39999999999998,1,1,1.0
96,5,1220.3,476.6,279.60000000000014,221.0,1,1,1.0
96,6,479.5,576.1,232.60000000000002,153.5,1,1,1.0
96,7,1928.4,469.1,244.5999999999999,279.0,1,1,1.0
97,8,1195.4,618.7,323.5999999999999,203.5999999999999,1,1,1.0
97,9,239.1,449.6,188.1,228.29999999999995,1,1,1.0
97,1,290.1,443.5,94.39999999999998,108.5,1,1,0.0
97,2,379.2,317.8,127.19999999999999,223.2,1,1,1.0
97,3,842.9,441.1,349.19999999999993,153.0,1,1,1.0
97,4,511.0,339.6,191.39999999999998,199.0,1,1,1.0
97,5,1220.3,476.6,279.60000000000014,221.0,1,1,1.0
97,6,479.5,576.1,218.10000000000002,153.5,1,1,1.0
97,7,1928.4,469.1,244.5999999999999,279.0,1,1,1.0
98,8,1209.9,596.1,309.0999999999999,226.19999999999993,1,1,1.0
98,9,239.1,457.8,173.79999999999998,222.40000000000003,1,1,1.0
98,1,291.6,443.5,92.89999999999998,108.5,1,1,0.0
98,2,379.2,317.8,127.19999999999999,223.2,1,1,1.0
98,3,842.9,441.1,349.19999999999993,150.79999999999995,1,1,1.0
98,4,514.1,339.6,188.29999999999995,199.0,1,1,1.0
98,5,1224.1,476.6,281.8000000000002,213.5,1,1,1.0
98,6,479.5,576.1,218.10000000000002,153.5,1,1,1.0
98,7,1916.5,482.1,265.1999999999998,291.0,1,1,1.0
99,8,1209.9,596.1,309.0999999999999,226.19999999999993,1,1,1.0
99,9,239.1,457.8,169.29999999999998,228.40000000000003,1,1,1.0
99,1,291.6,443.5,92.89999999999998,91.20000000000005,1,1,0.0
99,2,379.2,317.8,127.19999999999999,223.2,1,1,1.0
99,3,842.9,441.1,349.19999999999993,150.79999999999995,1,1,1.0
99,4,514.1,341.5,188.29999999999995,200.89999999999998,1,1,1.0
99,5,1209.0,476.6,296.9000000000001,213.5,1,1,1.0
99,6,479.5,576.1,218.10000000000002,153.5,1,1,1.0
99,7,1926.3,409.4,251.10000000000014,352.80000000000007,1,1,1.0
100,8,1209.9,596.1,309.0999999999999,226.19999999999993,1,1,1.0
100,9,239.1,472.9,175.29999999999998,211.80000000000007,1,1,1.0
100,1,311.19,426.9,80.11000000000001,99.5,1,1,0.0
100,2,379.2,317.8,127.19999999999999,223.2,1,1,1.0
100,3,842.9,441.1,343.9,154.60000000000002,1,1,1.0
100,4,514.1,341.5,188.29999999999995,200.89999999999998,1,1,1.0
100,5,1200.0,476.6,303.5999999999999,217.29999999999995,1,1,1.0
100,6,479.5,576.1,218.10000000000002,153.5,1,1,1.0
100,7,1926.3,396.4,251.10000000000014,365.80000000000007,1,1,1.0
101,8,1209.9,596.1,309.0999999999999,226.19999999999993,1,1,1.0
101,9,239.1,466.1,172.29999999999998,224.60000000000002,1,1,1.0
101,1,311.19,426.9,80.11000000000001,99.5,1,1,0.0
101,2,379.2,317.8,127.19999999999999,223.2,1,1,1.0
101,3,842.9,447.1,343.9,148.60000000000002,1,1,1.0
101,4,514.1,341.5,188.29999999999995,200.89999999999998,1,1,1.0
101,5,1206.8,476.6,296.79999999999995,217.29999999999995,1,1,1.0
101,6,479.5,576.1,237.10000000000002,153.5,1,1,1.0
101,7,1895.9,476.7,281.5,285.50000000000006,1,1,1.0
102,8,1196.3,607.9,328.10000000000014,206.30000000000007,1,1,1.0
102,9,243.6,469.9,171.6,214.80000000000007,1,1,1.0
102,1,311.19,426.9,80.11000000000001,99.5,1,1,0.0
102,2,379.2,317.8,127.19999999999999,223.2,1,1,1.0
102,3,842.9,447.1,343.9,148.60000000000002,1,1,1.0
102,4,514.1,345.3,187.0,201.49999999999994,1,1,1.0
102,5,1206.8,476.6,293.0,221.79999999999995,1,1,1.0
102,6,479.5,569.8,227.20000000000005,159.80000000000007,1,1,1.0
102,7,1908.9,498.4,295.5999999999999,218.20000000000005,1,1,1.0
103,8,1196.3,600.7,328.10000000000014,213.5,1,1,1.0
103,9,243.6,471.4,171.6,213.30000000000007,1,1,1.0
103,1,311.19,426.9,80.11000000000001,99.5,1,1,0.0
103,2,379.2,317.8,127.19999999999999,223.2,1,1,1.0
103,3,842.9,444.8,346.9,150.90000000000003,1,1,1.0
103,4,514.1,345.3,187.0,201.49999999999994,1,1,1.0
103,5,1206.8,476.6,293.0,221.79999999999995,1,1,1.0
103,6,479.5,569.8,223.60000000000002,164.30000000000007,1,1,1.0
103,7,1807.99,575.4,330.3100000000002,252.96000000000004,1,1,1.0
104,8,1210.8,593.5,313.60000000000014,220.70000000000005,1,1,1.0
104,9,243.6,471.4,185.20000000000002,199.0,1,1,1.0
104,1,311.19,426.9,80.11000000000001,99.5,1,1,0.0
104,2,379.2,323.1,127.19999999999999,217.89999999999998,1,1,1.0
104,3,889.6,447.8,327.30000000000007,132.8,1,1,1.0
104,4,514.1,325.2,182.0,226.59999999999997,1,1,1.0
104,5,1206.8,476.6,293.0,221.79999999999995,1,1,1.0
104,6,479.5,569.8,223.60000000000002,164.30000000000007,1,1,1.0
104,7,1643.06,712.1,408.44000000000005,220.42999999999995,1,1,1.0
105,8,1173.7,632.4,344.39999999999986,189.0,1,1,1.0
105,9,243.6,471.4,191.20000000000002,199.0,1,1,1.0
105,1,311.19,426.9,80.11000000000001,99.5,1,1,0.0
105,2,379.2,323.1,127.19999999999999,217.89999999999998,1,1,1.0
105,3,889.6,450.1,333.30000000000007,130.5,1,1,1.0
105,4,519.1,316.4,164.39999999999998,242.30000000000007,1,1,1.0
105,5,1211.3,473.6,288.5,224.79999999999995,1,1,1.0
105,6,479.5,569.8,223.60000000000002,164.30000000000007,1,1,1.0
105,7,1690.8,712.1,347.70000000000005,220.42999999999995,1,1,1.0
106,8,1188.2,632.4,329.89999999999986,189.0,1,1,1.0
106,9,229.3,478.2,205.5,192.2,1,1,1.0
106,1,311.19,426.9,80.11000000000001,113.80000000000007,1,1,0.0
106,2,379.2,323.1,127.19999999999999,217.89999999999998,1,1,1.0
106,3,889.6,450.1,319.69999999999993,135.0,1,1,1.0
106,4,519.1,316.4,164.39999999999998,249.80000000000007,1,1,1.0
106,5,1211.3,473.6,288.5,224.79999999999995,1,1,1.0
106,6,479.5,586.1,231.70000000000005,152.5,1,1,1.0
106,7,1690.8,712.1,340.10000000000014,220.42999999999995,1,1,1.0
107,8,1187.3,614.3,328.10000000000014,224.30000000000007,1,1,1.0
107,9,205.9,463.9,223.6,209.5,1,1,1.0
107,1,311.19,426.9,80.11000000000001,113.80000000000007,1,1,0.0
107,2,379.2,323.1,127.19999999999999,217.89999999999998,1,1,1.0
107,3,880.6,450.1,308.4,129.69999999999993,1,1,1.0
107,4,519.1,316.4,164.39999999999998,249.80000000000007,1,1,1.0
107,5,1211.3,473.6,288.5,224.79999999999995,1,1,1.0
107,6,470.5,598.8,258.79999999999995,155.20000000000005,1,1,1.0
107,7,1690.8,712.1,336.79999999999995,220.42999999999995,1,1,1.0
108,8,1149.32,564.57,309.08000000000015,227.92999999999995,1,1,1.0
108,9,205.9,463.9,223.6,209.5,1,1,1.0
108,1,311.19,426.9,80.11000000000001,113.80000000000007,1,1,0.0
108,2,379.2,323.1,127.19999999999999,217.89999999999998,1,1,1.0
108,3,874.6,450.1,314.4,129.69999999999993,1,1,1.0
108,4,519.1,316.4,164.39999999999998,249.80000000000007,1,1,1.0
108,5,1207.5,473.6,293.79999999999995,218.0,1,1,1.0
108,6,595.3,534.6,246.12,190.5,1,1,1.0
108,7,1690.8,712.1,337.9000000000001,213.89999999999998,1,1,1.0
109,8,1144.8,591.7,313.60000000000014,200.79999999999995,1,1,1.0
109,9,218.7,453.3,219.8,223.90000000000003,1,1,1.0
109,1,311.19,426.9,80.11000000000001,125.10000000000002,1,1,0.0
109,2,383.0,314.1,123.39999999999998,226.89999999999998,1,1,1.0
109,3,874.6,444.8,294.80000000000007,137.3,1,1,1.0
109,4,519.1,316.4,164.39999999999998,249.80000000000007,1,1,1.0
109,5,1203.0,473.6,298.29999999999995,214.19999999999993,1,1,1.0
109,6,640.5,544.5,200.91999999999996,186.89999999999998,1,1,1.0
109,7,1690.8,712.1,336.79999999999995,213.89999999999998,1,1,1.0
110,8,1144.8,591.7,313.60000000000014,200.79999999999995,1,1,1.0
110,9,234.5,471.4,204.0,205.80000000000007,1,1,1.0
110,1,311.19,426.9,80.11000000000001,119.10000000000002,1,1,0.0
110,2,383.0,314.1,123.39999999999998,226.89999999999998,1,1,1.0
110,3,874.6,444.8,321.19999999999993,137.3,1,1,1.0
110,4,519.1,316.4,164.39999999999998,249.80000000000007,1,1,1.0
110,5,1203.0,473.6,301.29999999999995,212.69999999999993,1,1,1.0
110,6,645.9,548.1,195.51999999999998,183.29999999999995,1,1,1.0
110,7,1690.8,712.1,335.79999999999995,213.89999999999998,1,1,1.0
111,8,1144.8,591.7,313.60000000000014,200.79999999999995,1,1,1.0
111,9,234.5,455.6,204.0,221.60000000000002,1,1,1.0
111,1,311.19,426.9,80.11000000000001,107.80000000000007,1,1,0.0
111,2,383.0,314.1,123.39999999999998,226.89999999999998,1,1,1.0
111,3,874.6,444.8,321.19999999999993,137.3,1,1,1.0
111,4,519.1,316.4,164.39999999999998,241.0,1,1,1.0
111,5,1187.9,476.6,316.39999999999986,209.69999999999993,1,1,1.0
111,6,645.9,548.1,195.51999999999998,183.29999999999995,1,1,1.0
111,7,1690.8,712.1,335.79999999999995,213.89999999999998,1,1,1.0
112,8,1133.0,591.7,325.4000000000001,200.79999999999995,1,1,1.0
112,9,234.5,455.6,192.7,222.39999999999998,1,1,1.0
112,1,311.19,426.9,80.11000000000001,104.0,1,1,0.0
112,2,383.0,314.1,123.39999999999998,226.89999999999998,1,1,1.0
112,3,874.6,444.8,346.1,137.3,1,1,1.0
112,4,519.1,316.4,164.39999999999998,241.0,1,1,1.0
112,5,1201.5,490.2,285.5,156.2,1,1,1.0
112,6,645.9,548.1,195.51999999999998,183.29999999999995,1,1,1.0
112,7,1690.8,712.1,335.79999999999995,213.89999999999998,1,1,1.0
113,8,1142.9,595.3,315.5,197.20000000000005,1,1,1.0
113,9,239.8,461.6,187.39999999999998,216.39999999999998,1,1,1.0
113,1,311.19,426.9,80.11000000000001,101.70000000000005,1,1,0.0
113,2,383.0,314.1,123.39999999999998,226.89999999999998,1,1,1.0
113,3,882.1,450.8,347.6,131.3,1,1,1.0
113,4,519.1,316.4,164.39999999999998,241.0,1,1,1.0
113,5,1205.3,491.7,268.10000000000014,169.8,1,1,1.0
113,6,645.9,554.4,195.51999999999998,177.0,1,1,1.0
113,7,1677.8,712.1,348.79999999999995,213.89999999999998,1,1,1.0
114,8,1150.1,560.9,303.8000000000002,227.10000000000002,1,1,1.0
114,9,239.8,461.6,180.59999999999997,216.39999999999998,1,1,1.0
114,1,311.19,426.9,80.11000000000001,106.20000000000005,1,1,0.0
114,2,383.0,314.1,123.39999999999998,226.89999999999998,1,1,1.0
114,3,900.2,453.1,356.5999999999999,132.0,1,1,1.0
114,4,519.1,331.5,164.39999999999998,229.70000000000005,1,1,1.0
114,5,1189.5,494.0,290.70000000000005,166.0,1,1,1.0
114,6,645.9,554.4,195.51999999999998,177.0,1,1,1.0
114,7,1695.2,712.1,331.39999999999986,213.89999999999998,1,1,1.0
115,8,1153.7,538.3,296.5999999999999,242.5,1,1,1.0
115,9,239.8,461.6,180.59999999999997,216.39999999999998,1,1,1.0
115,1,311.19,426.9,80.11000000000001,111.5,1,1,0.0
115,2,383.0,307.3,123.39999999999998,237.49999999999994,1,1,1.0
115,3,900.2,453.1,351.70000000000005,132.0,1,1,1.0
115,4,519.1,343.4,164.39999999999998,217.80000000000007,1,1,1.0
115,5,1227.2,485.0,262.79999999999995,202.89999999999998,1,1,1.0
115,6,645.9,554.4,195.51999999999998,177.0,1,1,1.0
115,7,1680.0,712.1,346.5999999999999,202.0,1,1,1.0
116,8,1141.0,487.7,278.5999999999999,282.2,1,1,1.0
116,9,246.6,451.8,173.79999999999998,226.2,1,1,1.0
116,1,304.4,426.9,86.90000000000003,111.5,1,1,0.0
116,2,383.0,317.8,123.39999999999998,226.99999999999994,1,1,1.0
116,3,900.2,453.1,346.79999999999995,132.0,1,1,1.0
116,4,512.8,319.5,181.4000000000001,236.70000000000005,1,1,1.0
116,5,1230.2,476.7,259.0,219.50000000000006,1,1,1.0
116,6,645.9,554.4,195.51999999999998,177.0,1,1,1.0
116,7,1680.0,712.1,346.5999999999999,204.10000000000002,1,1,1.0
117,8,1141.0,466.9,190.9000000000001,284.0,1,1,1.0
117,9,246.6,444.3,172.29999999999998,229.2,1,1,1.0
117,1,299.9,426.9,91.40000000000003,111.5,1,1,0.0
117,2,383.0,308.8,123.39999999999998,235.99999999999994,1,1,1.0
117,3,900.2,433.5,307.5999999999999,167.39999999999998,1,1,1.0
117,4,495.22,313.22,188.27999999999997,188.97999999999996,1,1,1.0
117,5,1256.6,476.7,235.60000000000014,229.3,1,1,1.0
117,6,645.9,554.4,195.51999999999998,177.0,1,1,1.0
117,7,1695.2,688.2,331.39999999999986,237.79999999999995,1,1,1.0
118,8,1141.0,449.7,190.9000000000001,301.2,1,1,1.0
118,9,246.6,453.3,172.29999999999998,220.2,1,1,1.0
118,1,299.9,426.9,91.40000000000003,119.80000000000007,1,1,0.0
118,2,383.0,306.5,130.89999999999998,242.10000000000002,1,1,1.0
118,3,860.3,429.0,324.9000000000001,171.89999999999998,1,1,1.0
118,4,488.3,313.22,185.8,188.97999999999996,1,1,1.0
118,5,1256.6,470.7,225.80000000000018,251.90000000000003,1,1,1.0
118,6,645.9,554.4,195.51999999999998,177.0,1,1,1.0
118,7,1673.5,688.2,353.0999999999999,220.39999999999998,1,1,1.0
119,8,1141.0,412.6,181.9000000000001,330.19999999999993,1,1,1.0
119,9,246.6,448.8,172.29999999999998,224.7,1,1,1.0
119,1,299.9,426.9,91.40000000000003,119.80000000000007,1,1,0.0
119,2,386.01,308.0,133.89999999999998,227.78999999999996,1,1,1.0
119,3,863.3,384.5,276.70000000000005,226.89999999999998,1,1,1.0
119,4,488.3,313.22,185.8,188.97999999999996,1,1,1.0
119,5,1250.6,457.1,234.80000000000018,269.29999999999995,1,1,1.0
119,6,645.9,554.4,195.51999999999998,177.0,1,1,1.0
119,7,1673.5,688.2,353.0999999999999,220.39999999999998,1,1,1.0
120,8,1061.43,333.93,209.97000000000003,304.86999999999995,1,1,1.0
120,9,246.6,454.8,172.29999999999998,218.7,1,1,1.0
120,1,299.9,426.9,91.40000000000003,110.0,1,1,0.0
120,2,386.01,308.0,133.89999999999998,227.78999999999996,1,1,1.0
120,3,800.0,358.13,270.70000000000005,248.76999999999998,1,1,1.0
120,4,488.3,313.22,185.8,188.97999999999996,1,1,1.0
120,5,1250.6,426.2,228.0,297.2,1,1,1.0
120,6,645.9,554.4,195.51999999999998,177.0,1,1,1.0
120,7,1673.5,688.2,353.0999999999999,220.39999999999998,1,1,1.0
