1,1,239.03,537.12,227.55999999999997,134.88,1,1,1.0
1,2,447.53,544.13,238.11,211.81000000000006,1,1,1.0
1,3,665.3,587.2,212.49,287.04999999999995,1,1,1.0
1,4,838.24,636.36,259.3399999999999,121.81999999999994,1,1,1.0
1,5,1048.07,380.48,139.25,326.52,1,1,1.0
1,6,1175.88,332.84,149.19999999999982,278.81,1,1,1.0
1,7,1288.0,355.3,195.3800000000001,257.50999999999993,1,1,1.0
1,8,1368.71,803.72,289.3499999999999,204.95999999999992,1,1,1.0
1,9,1343.69,124.27,281.81999999999994,179.34000000000003,1,1,1.0
2,1,233.0,535.6,233.58999999999997,136.39999999999998,1,1,1.0
2,2,447.53,536.6,236.57000000000005,208.0,1,1,1.0
2,3,700.7,532.2,177.08999999999992,329.19999999999993,1,1,1.0
2,4,838.24,636.36,256.1600000000001,121.81999999999994,1,1,1.0
2,5,1048.07,380.48,139.25,326.52,1,1,1.0
2,6,1175.88,332.84,149.19999999999982,331.56,1,1,1.0
2,7,1288.0,355.3,195.3800000000001,257.50999999999993,1,1,1.0
2,8,1368.71,803.72,289.3499999999999,204.95999999999992,1,1,1.0
2,9,1343.69,124.27,281.81999999999994,179.34000000000003,1,1,1.0
3,1,251.8,531.8,214.78999999999996,140.20000000000005,1,1,1.0
3,2,389.5,537.4,263.0,189.89999999999998,1,1,1.0
3,3,661.52,482.47,142.38,336.03,1,1,1.0
3,4,794.2,621.3,300.20000000000005,121.80000000000007,1,1,1.0
3,5,1048.07,380.48,139.25,326.52,1,1,1.0
3,6,1175.88,332.84,144.7199999999998,322.56,1,1,1.0
3,7,1288.0,355.3,195.3800000000001,257.50999999999993,1,1,1.0
3,8,1368.71,803.72,289.3499999999999,204.95999999999992,1,1,1.0
3,9,1343.69,124.27,281.81999999999994,179.34000000000003,1,1,1.0
4,1,263.9,531.8,217.8,122.10000000000002,1,1,1.0
4,2,235.03,598.43,276.57000000000005,156.7700000000001,1,1,1.0
4,3,661.52,482.47,143.88,336.03,1,1,1.0
4,4,794.2,632.6,303.29999999999995,124.29999999999995,1,1,1.0
4,5,1048.07,380.48,139.25,326.52,1,1,1.0
4,6,1159.3,332.84,161.29999999999995,296.16,1,1,1.0
4,7,1288.0,355.3,204.79999999999995,246.2,1,1,1.0
4,8,1368.71,803.72,289.3499999999999,204.95999999999992,1,1,1.0
4,9,1343.69,124.27,281.81999999999994,179.34000000000003,1,1,1.0
5,1,303.8,495.6,156.0,144.69999999999993,1,1,1.0
5,2,229.0,556.99,240.39999999999998,189.90999999999997,1,1,1.0
5,3,661.52,499.0,143.88,319.5,1,1,1.0
5,4,794.2,636.4,308.29999999999995,123.0,1,1,1.0
5,5,1048.07,380.48,139.25,326.52,1,1,1.0
5,6,1159.3,329.1,199.0,285.6,1,1,1.0
5,7,1315.6,343.4,196.0,253.70000000000005,1,1,1.0
5,8,1368.71,803.72,289.3499999999999,204.95999999999992,1,1,1.0
5,9,1343.69,124.27,281.81999999999994,179.34000000000003,1,1,1.0
6,1,354.3,484.3,110.01999999999998,143.2,1,1,0.0
6,2,222.2,578.8,240.40000000000003,177.10000000000002,1,1,1.0
6,3,638.9,464.3,166.5,354.2,1,1,1.0
6,4,791.1,636.4,307.6,123.0,1,1,1.0
6,5,1036.8,380.48,133.9000000000001,326.52,1,1,1.0
6,6,906.12,274.09,327.08000000000004,145.41000000000003,1,1,1.0
6,7,1341.35,430.05,234.25,239.24999999999994,1,1,1.0
6,8,1368.71,803.72,289.3499999999999,204.95999999999992,1,1,1.0
6,9,1343.69,124.27,281.81999999999994,179.34000000000003,1,1,1.0
7,1,340.7,486.6,125.90000000000003,128.10000000000002,1,1,0.0
7,2,216.9,584.8,245.70000000000002,171.10000000000002,1,1,1.0
7,3,626.1,511.8,179.29999999999995,291.59999999999997,1,1,1.0
7,4,791.1,636.4,292.4999999999999,119.20000000000005,1,1,1.0
7,5,1036.8,380.48,133.9000000000001,326.52,1,1,1.0
7,6,787.81,271.8,300.69000000000005,155.99,1,1,1.0
7,7,1342.0,451.4,239.29999999999995,212.89999999999998,1,1,1.0
7,8,1368.71,803.72,289.3499999999999,204.95999999999992,1,1,1.0
7,9,1343.69,124.27,281.81999999999994,179.34000000000003,1,1,1.0
8,1,346.0,486.6,120.60000000000002,128.10000000000002,1,1,0.0
8,2,230.5,584.0,232.10000000000002,171.89999999999998,1,1,1.0
8,3,537.2,520.1,278.0,189.10000000000002,1,1,1.0
8,4,808.1,636.4,287.4,119.20000000000005,1,1,1.0
8,5,1036.8,380.48,133.9000000000001,326.52,1,1,1.0
8,6,753.2,274.8,325.5,160.5,1,1,1.0
8,7,1342.0,451.4,227.4000000000001,185.30000000000007,1,1,1.0
8,8,1368.71,803.72,289.3499999999999,204.95999999999992,1,1,1.0
8,9,1334.6,124.27,290.9100000000001,179.34000000000003,1,1,1.0
9,1,346.0,486.6,123.60000000000002,135.60000000000002,1,1,0.0
9,2,226.0,585.5,236.60000000000002,170.39999999999998,1,1,1.0
9,3,510.1,543.5,308.1,138.60000000000002,1,1,1.0
9,4,784.9,636.4,310.6,119.20000000000005,1,1,1.0
9,5,1036.8,372.9,133.9000000000001,328.1,1,1,1.0
9,6,763.0,269.5,306.5999999999999,157.5,1,1,1.0
9,7,1333.8,456.4,235.60000000000014,180.30000000000007,1,1,1.0
9,8,1368.71,803.72,289.3499999999999,204.95999999999992,1,1,1.0
9,9,1334.6,124.27,290.9100000000001,179.34000000000003,1,1,1.0
10,1,346.0,486.6,123.60000000000002,135.60000000000002,1,1,0.0
10,2,223.7,584.7,237.40000000000003,165.89999999999998,1,1,1.0
10,3,476.95,557.1,318.65000000000003,138.55999999999995,1,1,1.0
10,4,790.6,636.4,315.6,119.20000000000005,1,1,1.0
10,5,1036.8,372.9,137.70000000000005,328.1,1,1,1.0
10,6,758.5,269.5,311.0999999999999,153.0,1,1,1.0
10,7,1333.8,456.4,232.5,178.39999999999998,1,1,1.0
10,8,1368.71,803.72,289.3499999999999,204.95999999999992,1,1,1.0
10,9,1345.2,124.27,280.30999999999995,204.93,1,1,1.0
11,1,346.0,486.6,123.60000000000002,135.60000000000002,1,1,0.0
11,2,208.6,583.9,252.50000000000003,166.70000000000005,1,1,1.0
11,3,463.4,557.1,332.20000000000005,149.89999999999998,1,1,1.0
11,4,795.0,640.2,319.4000000000001,119.19999999999993,1,1,1.0
11,5,1036.8,372.9,137.70000000000005,328.1,1,1,1.0
11,6,748.0,269.5,311.79999999999995,165.10000000000002,1,1,1.0
11,7,1333.8,463.9,232.5,170.89999999999998,1,1,1.0
11,8,1368.71,803.72,289.3499999999999,204.95999999999992,1,1,1.0
11,9,1345.2,124.27,280.30999999999995,204.93,1,1,1.0
12,1,353.5,486.6,116.10000000000002,135.60000000000002,1,1,0.0
12,2,217.6,586.2,243.50000000000003,164.39999999999998,1,1,1.0
12,3,475.5,557.1,320.1,149.89999999999998,1,1,1.0
12,4,795.0,640.2,309.4000000000001,119.19999999999993,1,1,1.0
12,5,1036.8,372.9,137.70000000000005,328.1,1,1,1.0
12,6,767.6,269.5,292.19999999999993,167.39999999999998,1,1,1.0
12,7,1333.8,463.9,232.5,170.89999999999998,1,1,1.0
12,8,1368.71,803.72,289.3499999999999,204.95999999999992,1,1,1.0
12,9,1345.2,124.27,280.30999999999995,204.93,1,1,1.0
13,1,349.7,486.6,119.90000000000003,135.60000000000002,1,1,0.0
13,2,226.6,586.2,234.50000000000003,164.39999999999998,1,1,1.0
13,3,522.2,557.1,273.4,165.69999999999993,1,1,1.0
13,4,795.0,640.2,316.29999999999995,119.19999999999993,1,1,1.0
13,5,1036.8,372.9,137.70000000000005,328.1,1,1,1.0
13,6,767.6,269.5,289.9,174.2,1,1,1.0
13,7,1333.8,463.9,232.5,170.89999999999998,1,1,1.0
13,8,1368.71,803.72,289.3499999999999,204.95999999999992,1,1,1.0
13,9,1327.9,124.27,297.6099999999999,204.93,1,1,1.0
14,1,338.4,486.6,131.20000000000005,122.0,1,1,0.0
14,2,215.3,594.5,252.59999999999997,153.79999999999995,1,1,1.0
14,3,534.3,551.1,261.30000000000007,198.10000000000002,1,1,1.0
14,4,795.0,640.2,304.4000000000001,119.19999999999993,1,1,1.0
14,5,1036.8,372.9,137.70000000000005,328.1,1,1,1.0
14,6,763.1,269.5,294.4,174.2,1,1,1.0
14,7,1329.4,460.8,262.0,173.40000000000003,1,1,1.0
14,8,1368.71,803.72,289.3499999999999,204.95999999999992,1,1,1.0
14,9,1348.2,124.27,277.30999999999995,204.93,1,1,1.0
15,1,323.3,486.6,162.09999999999997,67.69999999999993,1,1,0.0
15,2,247.7,614.8,238.3,158.4000000000001,1,1,1.0
15,3,534.3,535.3,173.10000000000002,243.30000000000007,1,1,1.0
15,4,772.4,616.3,278.0000000000001,123.0,1,1,1.0
15,5,1036.8,372.9,137.70000000000005,328.1,1,1,1.0
15,6,751.8,269.5,305.70000000000005,174.2,1,1,1.0
15,7,1336.9,441.3,243.79999999999995,192.90000000000003,1,1,1.0
15,8,1346.9,803.72,311.15999999999985,204.95999999999992,1,1,1.0
15,9,1356.5,124.27,269.01,204.93,1,1,1.0
16,1,176.4,461.7,272.08000000000004,75.30000000000001,1,1,0.0
16,2,255.24,633.6,168.95999999999998,238.30999999999995,1,1,1.0
16,3,575.0,500.6,136.20000000000005,273.5,1,1,1.0
16,4,772.4,630.1,320.69999999999993,121.10000000000002,1,1,1.0
16,5,1036.8,372.9,137.70000000000005,334.9,1,1,1.0
16,6,751.8,269.5,305.70000000000005,163.7,1,1,1.0
16,7,1339.4,418.7,253.89999999999986,217.40000000000003,1,1,1.0
16,8,1361.2,803.72,296.8599999999999,204.95999999999992,1,1,1.0
16,9,1355.0,124.27,270.51,195.93,1,1,1.0
17,1,171.88,453.41,272.07,75.30000000000001,1,1,0.0
17,2,240.92,674.3,177.98,254.88,1,1,1.0
17,3,564.5,515.7,166.29999999999995,258.4,1,1,1.0
17,4,772.4,641.4,333.9,121.10000000000002,1,1,1.0
17,5,1036.8,372.9,137.70000000000005,328.9,1,1,1.0
17,6,754.8,274.0,308.70000000000005,150.89999999999998,1,1,1.0
17,7,1339.4,418.7,247.0,199.2,1,1,1.0
17,8,1361.2,803.72,296.8599999999999,204.95999999999992,1,1,1.0
17,9,1302.3,112.2,323.21000000000004,207.3,1,1,1.0
18,1,171.88,453.41,272.07,75.30000000000001,1,1,0.0
18,2,294.42,675.1,131.97999999999996,285.73,1,1,1.0
18,3,564.5,579.7,276.29999999999995,198.89999999999998,1,1,1.0
18,4,788.1,641.4,313.80000000000007,121.10000000000002,1,1,1.0
18,5,1036.8,372.9,137.70000000000005,322.1,1,1,1.0
18,6,759.3,274.0,304.20000000000005,148.60000000000002,1,1,1.0
18,7,1339.4,418.7,252.69999999999982,201.7,1,1,1.0
18,8,1361.2,803.72,296.8599999999999,204.95999999999992,1,1,1.0
18,9,1302.3,116.7,323.21000000000004,201.3,1,1,1.0
19,1,362.5,490.3,81.44999999999999,38.410000000000025,1,1,0.0
19,2,317.0,729.4,178.0,222.39999999999998,1,1,1.0
19,3,672.3,447.08,335.0300000000001,220.71999999999997,1,1,1.0
19,4,774.3,641.4,313.20000000000005,121.10000000000002,1,1,1.0
19,5,1036.8,372.9,137.70000000000005,307.0,1,1,1.0
19,6,734.4,247.6,329.1,186.29999999999998,1,1,1.0
19,7,1339.4,418.7,252.0999999999999,208.59999999999997,1,1,1.0
19,8,1370.8,803.72,287.26,204.94999999999993,1,1,1.0
19,9,1291.8,119.0,333.71000000000004,196.7,1,1,1.0
20,1,362.5,497.8,81.44999999999999,30.910000000000025,1,1,0.0
20,2,286.1,785.2,244.29999999999995,174.89999999999998,1,1,1.0
20,3,783.1,363.44,295.06000000000006,235.06,1,1,1.0
20,4,774.3,624.4,349.0,118.0,1,1,1.0
20,5,1036.8,372.9,137.70000000000005,294.20000000000005,1,1,1.0
20,6,771.3,237.8,296.70000000000005,196.09999999999997,1,1,1.0
20,7,1339.4,418.7,281.0,259.50000000000006,1,1,1.0
20,8,1365.5,803.72,292.55999999999995,204.94999999999993,1,1,1.0
20,9,1297.8,119.0,327.71000000000004,196.7,1,1,1.0
21,1,327.08,478.2,123.62,61.06,1,1,0.0
21,2,290.6,789.7,239.79999999999995,165.89999999999998,1,1,1.0
21,3,960.9,314.46,354.62,160.44,1,1,1.0
21,4,774.3,624.4,332.0,121.10000000000002,1,1,1.0
21,5,1032.3,397.0,161.79999999999995,267.1,1,1,1.0
21,6,745.7,251.4,322.29999999999995,182.49999999999997,1,1,1.0
21,7,1338.1,440.0,276.0,210.60000000000002,1,1,1.0
21,8,1366.53,803.72,287.26,204.94999999999993,1,1,1.0
21,9,1297.8,119.0,334.5,196.7,1,1,1.0
22,1,327.08,502.3,106.32,36.95999999999998,1,1,0.0
22,2,290.6,789.7,239.79999999999995,165.89999999999998,1,1,1.0
22,3,1048.31,310.69,308.69000000000005,144.61,1,1,1.0
22,4,774.3,633.2,332.0,121.69999999999993,1,1,1.0
22,5,1024.0,397.0,159.5999999999999,297.20000000000005,1,1,1.0
22,6,750.2,276.3,317.79999999999995,155.3,1,1,1.0
22,7,1333.1,446.9,294.20000000000005,194.89999999999998,1,1,1.0
22,8,1361.2,803.72,296.8599999999999,204.95999999999992,1,1,1.0
22,9,1297.8,119.0,334.5,196.7,1,1,1.0
23,1,327.08,502.3,106.32,36.95999999999998,1,1,0.0
23,2,290.6,789.7,239.79999999999995,165.89999999999998,1,1,1.0
23,3,1048.31,310.69,306.3900000000001,155.11,1,1,1.0
23,4,774.3,641.4,320.10000000000014,121.70000000000005,1,1,1.0
23,5,1024.0,391.0,155.0999999999999,313.0,1,1,1.0
23,6,750.2,276.3,317.79999999999995,155.3,1,1,1.0
23,7,1363.9,470.1,291.6999999999998,179.19999999999993,1,1,1.0
23,8,1366.5,803.72,291.55999999999995,204.94999999999993,1,1,1.0
23,9,1297.8,119.0,334.5,199.7,1,1,1.0
24,1,327.08,502.3,106.32,36.95999999999998,1,1,0.0
24,2,290.6,789.7,239.79999999999995,165.89999999999998,1,1,1.0
24,3,1066.4,321.2,261.89999999999986,204.90000000000003,1,1,1.0
24,4,770.5,646.4,303.20000000000005,124.89999999999998,1,1,1.0
24,5,1024.0,391.0,155.0999999999999,324.29999999999995,1,1,1.0
24,6,759.2,276.3,308.79999999999995,155.3,1,1,1.0
24,7,1396.55,514.7,291.70000000000005,145.89999999999998,1,1,1.0
24,8,1361.2,803.72,296.8599999999999,204.95999999999992,1,1,1.0
24,9,1297.8,119.0,334.5,204.2,1,1,1.0
25,1,269.1,502.3,164.29999999999995,112.30000000000001,1,1,0.0
25,2,290.6,789.7,239.79999999999995,165.89999999999998,1,1,1.0
25,3,1066.4,321.2,289.0,159.7,1,1,1.0
25,4,770.5,646.4,312.0,124.89999999999998,1,1,1.0
25,5,1024.0,393.3,163.4000000000001,329.49999999999994,1,1,1.0
25,6,753.2,276.3,314.79999999999995,150.0,1,1,1.0
25,7,1465.9,487.6,222.3499999999999,173.0,1,1,1.0
25,8,1361.2,803.72,296.8599999999999,204.95999999999992,1,1,1.0
25,9,1306.1,129.5,326.20000000000005,186.2,1,1,1.0
26,1,294.7,500.8,120.60000000000002,148.49999999999994,1,1,1.0
26,2,290.6,789.7,239.79999999999995,165.89999999999998,1,1,1.0
26,3,1103.32,332.5,306.3800000000001,177.8,1,1,1.0
26,4,770.5,646.4,323.29999999999995,124.89999999999998,1,1,1.0
26,5,1024.0,393.3,163.4000000000001,318.99999999999994,1,1,1.0
26,6,766.8,276.3,306.20000000000005,150.0,1,1,1.0
26,7,1508.1,487.6,180.1500000000001,197.89999999999998,1,1,1.0
26,8,1361.2,803.72,296.8599999999999,204.95999999999992,1,1,1.0
26,9,1306.1,129.5,326.20000000000005,186.2,1,1,1.0
27,1,302.2,500.8,113.10000000000002,163.59999999999997,1,1,1.0
27,2,290.6,789.7,239.79999999999995,165.89999999999998,1,1,1.0
27,3,1108.6,337.0,298.10000000000014,177.10000000000002,1,1,1.0
27,4,770.5,646.4,313.29999999999995,124.89999999999998,1,1,1.0
27,5,1024.0,389.5,164.20000000000005,314.5,1,1,1.0
27,6,774.3,276.3,301.20000000000005,150.0,1,1,1.0
27,7,1539.7,424.3,144.02999999999997,219.8,1,1,1.0
27,8,1361.2,803.72,296.8599999999999,204.95999999999992,1,1,1.0
27,9,1289.5,125.7,342.79999999999995,190.0,1,1,1.0
28,1,297.68,507.6,134.92000000000002,207.28999999999996,1,1,1.0
28,2,290.6,789.7,239.79999999999995,165.89999999999998,1,1,1.0
28,3,1141.0,337.8,261.20000000000005,182.3,1,1,1.0
28,4,777.4,649.5,323.4,121.79999999999995,1,1,1.0
28,5,1024.0,389.5,164.20000000000005,319.79999999999995,1,1,1.0
28,6,749.4,276.3,318.6,162.09999999999997,1,1,1.0
28,7,1539.7,424.3,144.02999999999997,219.8,1,1,1.0
28,8,1361.2,803.72,296.8599999999999,204.95999999999992,1,1,1.0
28,9,1299.3,125.7,333.0,190.0,1,1,1.0
29,1,297.68,501.6,134.92000000000002,190.69999999999993,1,1,1.0
29,2,290.6,789.7,239.79999999999995,160.5999999999999,1,1,1.0
29,3,1168.1,383.8,277.10000000000014,188.99999999999994,1,1,1.0
29,4,773.0,652.6,327.79999999999995,118.69999999999993,1,1,1.0
29,5,1024.0,383.5,152.0999999999999,314.5,1,1,1.0
29,6,777.3,244.7,273.4000000000001,193.7,1,1,1.0
29,7,1539.7,424.3,144.02999999999997,219.8,1,1,1.0
29,8,1361.2,803.72,296.8599999999999,204.95999999999992,1,1,1.0
29,9,1340.0,116.7,284.79999999999995,199.0,1,1,1.0
30,1,258.5,523.5,168.10000000000002,263.70000000000005,1,1,1.0
30,2,290.6,789.7,239.79999999999995,160.5999999999999,1,1,1.0
30,3,1167.3,429.0,296.70000000000005,152.79999999999995,1,1,1.0
30,4,773.0,652.6,313.4000000000001,120.0,1,1,1.0
30,5,1024.0,383.5,161.0999999999999,319.79999999999995,1,1,1.0
30,6,777.3,253.7,265.9000000000001,190.0,1,1,1.0
30,7,1539.7,424.3,144.02999999999997,219.8,1,1,1.0
30,8,1361.2,803.72,296.8599999999999,204.95999999999992,1,1,1.0
30,9,1334.97,119.25,297.3599999999999,191.92000000000002,1,1,1.0
31,1,239.7,546.1,186.90000000000003,241.10000000000002,1,1,1.0
31,2,290.6,789.7,239.79999999999995,160.5999999999999,1,1,1.0
31,3,1161.3,455.4,301.20000000000005,149.0,1,1,1.0
31,4,773.0,652.6,327.20000000000005,120.0,1,1,1.0
31,5,1024.0,383.5,161.0999999999999,326.6,1,1,1.0
31,6,777.3,255.2,265.9000000000001,188.5,1,1,1.0
31,7,1539.7,424.3,144.02999999999997,219.8,1,1,1.0
31,8,1361.2,803.72,296.8599999999999,204.95999999999992,1,1,1.0
31,9,1329.93,121.8,309.9399999999998,184.82999999999998,1,1,1.0
32,1,253.3,546.1,173.3,250.89999999999998,1,1,1.0
32,2,290.6,792.7,239.79999999999995,151.5999999999999,1,1,1.0
32,3,1671.6,372.8,386.21000000000004,327.7,1,1,1.0
32,4,773.0,643.2,288.29999999999995,122.5,1,1,1.0
32,5,1018.0,385.0,137.0,304.79999999999995,1,1,1.0
32,6,767.5,280.8,285.5,153.89999999999998,1,1,1.0
32,7,1555.5,431.8,128.23000000000002,228.90000000000003,1,1,1.0
32,8,1367.2,812.0,291.6099999999999,196.67999999999995,1,1,1.0
32,9,1324.9,116.7,322.5,185.40000000000003,1,1,1.0
33,1,253.3,547.6,177.8,249.39999999999998,1,1,1.0
33,2,290.6,792.7,239.79999999999995,151.5999999999999,1,1,1.0
33,3,1819.0,343.0,214.4000000000001,271.6,1,1,1.0
33,4,773.0,640.1,263.79999999999995,122.5,1,1,1.0
33,5,1027.0,377.5,135.5,281.4,1,1,1.0
33,6,784.1,280.8,286.9999999999999,164.39999999999998,1,1,1.0
33,7,1555.5,394.1,128.23000000000002,266.6,1,1,1.0
33,8,1382.3,812.0,287.10000000000014,196.67999999999995,1,1,1.0
33,9,1324.9,109.2,322.5,181.60000000000002,1,1,1.0
34,1,270.6,547.6,160.5,249.39999999999998,1,1,1.0
34,2,294.4,798.7,236.0,145.5999999999999,1,1,1.0
34,3,1855.2,267.0,207.10000000000014,343.1,1,1,1.0
34,4,773.0,638.8,255.5999999999999,122.5,1,1,1.0
34,5,1027.0,377.5,135.5,276.1,1,1,1.0
34,6,780.3,277.0,290.79999999999995,154.60000000000002,1,1,1.0
34,7,1514.1,394.1,144.0,266.6,1,1,1.0
34,8,1378.5,814.3,293.9000000000001,194.38,1,1,1.0
34,9,1355.8,109.2,291.60000000000014,229.8,1,1,1.0
35,1,273.6,547.6,157.5,245.60000000000002,1,1,1.0
35,2,294.4,798.7,236.0,145.5999999999999,1,1,1.0
35,3,1866.05,206.4,204.35000000000014,334.1,1,1,1.0
35,4,773.0,633.1,255.5999999999999,124.39999999999998,1,1,1.0
35,5,1027.0,374.5,135.5,273.1,1,1,1.0
35,6,780.3,277.0,290.79999999999995,150.10000000000002,1,1,1.0
35,7,1514.1,394.1,144.0,266.6,1,1,1.0
35,8,1389.8,814.3,271.29999999999995,194.38,1,1,1.0
35,9,1355.8,116.0,273.5,223.0,1,1,1.0
36,1,266.1,547.6,165.0,247.10000000000002,1,1,1.0
36,2,294.4,798.7,236.0,145.5999999999999,1,1,1.0
36,3,1834.4,210.0,270.4000000000001,271.7,1,1,1.0
36,4,773.0,633.1,255.5999999999999,124.39999999999998,1,1,1.0
36,5,1027.0,374.5,135.5,273.1,1,1,1.0
36,6,780.3,277.0,290.79999999999995,147.10000000000002,1,1,1.0
36,7,1514.1,402.4,144.0,264.30000000000007,1,1,1.0
36,8,1389.8,814.3,282.60000000000014,194.38,1,1,1.0
36,9,1355.8,119.7,267.5,219.3,1,1,1.0
37,1,248.0,553.6,188.39999999999998,236.60000000000002,1,1,1.0
37,2,294.4,798.7,236.0,145.5999999999999,1,1,1.0
37,3,1805.5,214.5,303.8000000000002,263.6,1,1,1.0
37,4,767.3,633.1,294.60000000000014,124.39999999999998,1,1,1.0
37,5,1027.0,374.5,135.5,273.1,1,1,1.0
37,6,780.3,277.0,290.79999999999995,147.10000000000002,1,1,1.0
37,7,1444.78,373.77,199.72000000000003,196.43000000000006,1,1,1.0
37,8,1389.8,814.3,282.60000000000014,194.38,1,1,1.0
37,9,1347.49,119.7,269.01,183.90000000000003,1,1,1.0
38,1,226.1,558.1,217.79999999999998,223.10000000000002,1,1,1.0
38,2,294.4,798.7,236.0,145.5999999999999,1,1,1.0
38,3,1799.2,214.5,310.10000000000014,263.6,1,1,1.0
38,4,767.3,618.0,320.29999999999995,124.39999999999998,1,1,1.0
38,5,1027.0,374.5,135.5,273.1,1,1,1.0
38,6,780.3,277.0,290.79999999999995,147.10000000000002,1,1,1.0
38,7,1398.1,406.9,235.9000000000001,143.70000000000005,1,1,1.0
38,8,1389.8,814.3,282.60000000000014,194.38,1,1,1.0
38,9,1347.49,119.7,269.01,183.90000000000003,1,1,1.0
39,1,237.4,558.1,206.49999999999997,219.29999999999995,1,1,1.0
39,2,294.4,798.7,236.0,145.5999999999999,1,1,1.0
39,3,1803.7,214.5,305.60000000000014,263.6,1,1,1.0
39,4,767.3,618.0,314.60000000000014,124.39999999999998,1,1,1.0
39,5,1027.0,374.5,135.5,273.1,1,1,1.0
39,6,780.3,277.0,290.79999999999995,151.60000000000002,1,1,1.0
39,7,1398.1,406.9,235.9000000000001,143.70000000000005,1,1,1.0
39,8,1389.8,814.3,282.60000000000014,194.38,1,1,1.0
39,9,1347.49,119.7,269.01,180.10000000000002,1,1,1.0
40,1,226.9,558.1,216.99999999999997,220.79999999999995,1,1,1.0
40,2,297.4,795.7,233.0,148.5999999999999,1,1,1.0
40,3,1834.4,214.5,279.4000000000001,255.8,1,1,1.0
40,4,763.5,624.3,328.4000000000001,118.10000000000002,1,1,1.0
40,5,1027.0,370.0,138.5,310.0,1,1,1.0
40,6,736.6,272.5,334.4999999999999,156.10000000000002,1,1,1.0
40,7,1398.1,406.9,235.9000000000001,143.70000000000005,1,1,1.0
40,8,1389.8,814.3,274.29999999999995,194.38,1,1,1.0
40,9,1347.49,119.7,269.01,183.90000000000003,1,1,1.0
41,1,226.9,562.6,210.20000000000002,216.29999999999995,1,1,1.0
41,2,299.7,794.9,230.7,149.39999999999998,1,1,1.0
41,3,1833.5,197.3,267.5999999999999,301.59999999999997,1,1,1.0
41,4,763.5,624.3,295.70000000000005,123.10000000000002,1,1,1.0
41,5,1062.4,342.9,146.79999999999995,348.4,1,1,1.0
41,6,727.6,274.8,343.4999999999999,153.8,1,1,1.0
41,7,1393.6,406.9,240.4000000000001,143.70000000000005,1,1,1.0
41,8,1374.7,814.3,289.39999999999986,194.38,1,1,1.0
41,9,1347.49,119.7,269.01,183.90000000000003,1,1,1.0
42,1,228.8,564.1,193.2,218.0,1,1,1.0
42,2,302.0,789.6,228.39999999999998,154.69999999999993,1,1,1.0
42,3,1833.5,191.9,254.0,315.1,1,1,1.0
42,4,763.5,565.3,275.5999999999999,187.80000000000007,1,1,1.0
42,5,1062.4,342.9,155.0999999999999,346.9,1,1,1.0
42,6,760.8,274.8,310.29999999999995,153.8,1,1,1.0
42,7,1386.1,406.9,247.9000000000001,143.70000000000005,1,1,1.0
42,8,1367.2,814.3,296.89999999999986,194.38,1,1,1.0
42,9,1347.49,119.7,269.01,183.90000000000003,1,1,1.0
43,1,263.0,558.1,152.2,229.89999999999998,1,1,1.0
43,2,310.3,783.6,220.09999999999997,160.69999999999993,1,1,1.0
43,3,1833.5,191.9,254.0,315.1,1,1,1.0
43,4,875.3,538.9,153.79999999999995,273.20000000000005,1,1,1.0
43,5,1062.4,351.9,177.69999999999982,346.20000000000005,1,1,1.0
43,6,760.8,274.8,289.20000000000005,144.0,1,1,1.0
43,7,1382.3,406.9,251.70000000000005,143.70000000000005,1,1,1.0
43,8,1367.2,814.3,296.89999999999986,194.38,1,1,1.0
43,9,1347.49,119.7,269.01,183.90000000000003,1,1,1.0
44,1,263.0,558.1,157.5,229.89999999999998,1,1,1.0
44,2,311.8,788.9,218.59999999999997,155.39999999999998,1,1,1.0
44,3,1833.5,191.9,245.0,321.4,1,1,1.0
44,4,872.2,538.9,156.89999999999986,262.5,1,1,1.0
44,5,1062.4,351.9,159.5999999999999,337.20000000000005,1,1,1.0
44,6,752.5,274.8,314.0999999999999,159.09999999999997,1,1,1.0
44,7,1382.3,406.9,251.70000000000005,143.70000000000005,1,1,1.0
44,8,1383.8,814.3,280.29999999999995,194.38,1,1,1.0
44,9,1347.49,119.7,269.01,183.90000000000003,1,1,1.0
45,1,263.0,558.1,157.5,242.0,1,1,1.0
45,2,314.8,791.2,215.59999999999997,153.0999999999999,1,1,1.0
45,3,1833.5,172.9,244.0999999999999,350.30000000000007,1,1,1.0
45,4,872.2,552.7,156.89999999999986,257.5,1,1,1.0
45,5,1062.4,359.4,147.5,334.20000000000005,1,1,1.0
45,6,766.1,283.8,271.9,172.0,1,1,1.0
45,7,1368.7,418.4,262.70000000000005,131.20000000000005,1,1,1.0
45,8,1378.5,814.3,285.5999999999999,194.38,1,1,1.0
45,9,1347.49,119.7,269.01,183.90000000000003,1,1,1.0
46,1,263.0,553.6,157.5,251.79999999999995,1,1,1.0
46,2,310.3,788.9,220.09999999999997,155.39999999999998,1,1,1.0
46,3,1833.5,135.0,244.0999999999999,388.20000000000005,1,1,1.0
46,4,870.9,535.1,152.60000000000002,275.1,1,1,1.0
46,5,1062.4,366.9,147.5,326.70000000000005,1,1,1.0
46,6,764.6,292.1,219.10000000000002,176.5,1,1,1.0
46,7,1381.3,411.6,250.10000000000014,138.0,1,1,1.0
46,8,1378.5,814.3,285.5999999999999,194.38,1,1,1.0
46,9,1347.49,119.7,269.01,183.90000000000003,1,1,1.0
47,1,264.5,553.6,156.0,255.60000000000002,1,1,1.0
47,2,299.0,789.7,231.39999999999998,144.79999999999995,1,1,1.0
47,3,1833.5,136.8,225.0999999999999,386.40000000000003,1,1,1.0
47,4,859.6,553.3,165.19999999999993,256.9000000000001,1,1,1.0
47,5,1068.4,366.9,136.19999999999982,322.20000000000005,1,1,1.0
47,6,764.6,290.6,208.60000000000002,178.0,1,1,1.0
47,7,1336.8,418.9,294.60000000000014,130.70000000000005,1,1,1.0
47,8,1378.5,814.3,285.5999999999999,194.38,1,1,1.0
47,9,1336.2,119.7,280.29999999999995,183.90000000000003,1,1,1.0
48,1,264.5,553.6,156.0,231.5,1,1,1.0
48,2,302.0,785.9,228.39999999999998,148.60000000000002,1,1,1.0
48,3,1833.5,190.1,225.0999999999999,335.79999999999995,1,1,1.0
48,4,843.3,555.2,180.79999999999995,255.0,1,1,1.0
48,5,1074.4,358.6,130.19999999999982,330.5,1,1,1.0
48,6,742.0,303.4,235.0,192.3,1,1,1.0
48,7,1243.66,397.97,300.8399999999999,155.32999999999993,1,1,1.0
48,8,1378.5,814.3,285.5999999999999,194.38,1,1,1.0
48,9,1336.2,119.7,280.29999999999995,183.90000000000003,1,1,1.0
49,1,264.5,553.6,156.0,228.5,1,1,1.0
49,2,302.0,785.9,235.89999999999998,148.60000000000002,1,1,1.0
49,3,1833.5,163.0,226.9000000000001,365.6,1,1,1.0
49,4,805.0,546.4,219.79999999999995,263.80000000000007,1,1,1.0
49,5,1074.4,358.6,130.19999999999982,330.5,1,1,1.0
49,6,686.2,344.8,271.19999999999993,239.8,1,1,1.0
49,7,1237.4,377.0,297.1999999999998,173.20000000000005,1,1,1.0
49,8,1378.5,814.3,285.5999999999999,194.38,1,1,1.0
49,9,1306.1,119.7,310.4000000000001,183.90000000000003,1,1,1.0
50,1,264.5,553.6,156.0,230.79999999999995,1,1,1.0
50,2,302.0,785.9,223.79999999999995,148.60000000000002,1,1,1.0
50,3,1833.5,210.9,251.30000000000018,303.20000000000005,1,1,1.0
50,4,798.7,546.4,221.0,282.6,1,1,1.0
50,5,1074.4,358.6,130.19999999999982,341.1,1,1,1.0
50,6,588.2,403.57,202.66999999999996,298.43,1,1,1.0
50,7,1183.5,322.06,237.5,203.04000000000002,1,1,1.0
50,8,1378.5,814.3,285.5999999999999,194.38,1,1,1.0
50,9,1321.9,96.3,294.5999999999999,207.3,1,1,1.0
51,1,264.5,553.6,156.0,233.79999999999995,1,1,1.0
51,2,310.3,777.6,207.99999999999994,164.39999999999998,1,1,1.0
51,3,1828.1,232.6,266.5999999999999,276.1,1,1,1.0
51,4,842.0,526.9,177.70000000000005,302.1,1,1,1.0
51,5,1074.4,358.6,130.19999999999982,344.9,1,1,1.0
51,6,607.8,437.5,152.9000000000001,302.29999999999995,1,1,1.0
51,7,1205.5,262.4,197.70000000000005,262.70000000000005,1,1,1.0
51,8,1378.5,814.3,285.5999999999999,194.38,1,1,1.0
51,9,1321.9,96.3,294.5999999999999,207.3,1,1,1.0
52,1,264.5,553.6,156.0,233.79999999999995,1,1,1.0
52,2,310.3,777.6,203.49999999999994,164.39999999999998,1,1,1.0
52,3,1828.1,241.6,264.8000000000002,261.70000000000005,1,1,1.0
52,4,842.0,536.7,147.60000000000002,292.29999999999995,1,1,1.0
52,5,1074.4,358.6,132.5,341.1,1,1,1.0
52,6,593.48,492.51,152.89999999999998,326.39,1,1,1.0
52,7,1205.5,221.0,197.70000000000005,304.1,1,1,1.0
52,8,1372.5,814.3,291.5999999999999,194.38,1,1,1.0
52,9,1327.2,118.2,289.29999999999995,185.40000000000003,1,1,1.0
53,1,264.5,553.6,156.0,233.79999999999995,1,1,1.0
53,2,310.3,777.6,198.2,185.5,1,1,1.0
53,3,1827.2,250.6,265.70000000000005,252.70000000000002,1,1,1.0
53,4,858.6,501.3,124.69999999999993,288.49999999999994,1,1,1.0
53,5,1074.4,358.6,132.5,341.1,1,1,1.0
53,6,600.2,525.7,189.0999999999999,278.9,1,1,1.0
53,7,1205.5,268.7,197.70000000000005,256.40000000000003,1,1,1.0
53,8,1372.5,814.3,291.5999999999999,194.38,1,1,1.0
53,9,1327.2,118.2,289.29999999999995,185.40000000000003,1,1,1.0
54,1,264.5,553.6,156.0,233.79999999999995,1,1,1.0
54,2,310.3,789.7,204.99999999999994,192.19999999999993,1,1,1.0
54,3,1826.3,247.0,266.60000000000014,256.3,1,1,1.0
54,4,858.6,498.8,131.0,290.99999999999994,1,1,1.0
54,5,1074.4,358.6,132.5,341.1,1,1,1.0
54,6,616.8,543.0,172.5,263.9,1,1,1.0
54,7,1189.8,298.2,213.4000000000001,226.90000000000003,1,1,1.0
54,8,1372.5,814.3,291.5999999999999,194.38,1,1,1.0
54,9,1320.4,118.2,296.0999999999999,185.40000000000003,1,1,1.0
55,1,269.8,553.6,150.7,264.69999999999993,1,1,1.0
55,2,314.07,804.8,212.53000000000003,217.04000000000008,1,1,1.0
55,3,1835.3,191.8,266.60000000000014,305.2,1,1,1.0
55,4,858.6,485.0,131.0,304.79999999999995,1,1,1.0
55,5,1074.4,358.6,132.5,341.1,1,1,1.0
55,6,616.8,555.1,172.5,251.79999999999995,1,1,1.0
55,7,1185.4,300.7,224.69999999999982,210.60000000000002,1,1,1.0
55,8,1372.5,814.3,291.5999999999999,194.38,1,1,1.0
55,9,1320.4,118.2,296.0999999999999,185.40000000000003,1,1,1.0
56,1,260.8,553.6,159.7,239.10000000000002,1,1,1.0
56,2,250.0,856.0,263.79999999999995,125.10000000000002,1,1,1.0
56,3,1835.3,191.8,266.60000000000014,305.2,1,1,1.0
56,4,843.5,478.7,149.89999999999998,298.50000000000006,1,1,1.0
56,5,1074.4,358.6,132.5,329.79999999999995,1,1,1.0
56,6,616.8,555.1,172.5,266.9,1,1,1.0
56,7,1198.6,290.7,222.20000000000005,208.0,1,1,1.0
56,8,1361.2,814.3,302.89999999999986,220.70000000000005,1,1,1.0
56,9,1320.4,118.2,296.0999999999999,185.40000000000003,1,1,1.0
57,1,229.2,553.6,191.3,232.29999999999995,1,1,1.0
57,2,275.6,847.7,232.2,140.89999999999998,1,1,1.0
57,3,1818.1,216.2,283.8000000000002,280.8,1,1,1.0
57,4,742.4,434.12,204.5,246.38,1,1,1.0
57,5,1074.4,358.6,132.5,329.79999999999995,1,1,1.0
57,6,616.8,555.1,172.5,266.9,1,1,1.0
57,7,1181.0,297.0,239.79999999999995,201.7,1,1,1.0
57,8,1366.5,814.3,297.5999999999999,221.5,1,1,1.0
57,9,1320.4,118.2,296.0999999999999,185.40000000000003,1,1,1.0
58,1,236.7,553.6,183.8,227.0,1,1,1.0
58,2,275.6,854.5,232.2,134.10000000000002,1,1,1.0
58,3,1833.5,239.7,279.3000000000002,221.10000000000002,1,1,1.0
58,4,708.49,415.91,204.5,180.48999999999995,1,1,1.0
58,5,1074.4,358.6,132.5,335.1,1,1,1.0
58,6,616.8,555.1,172.5,266.9,1,1,1.0
58,7,1171.0,251.8,203.29999999999995,223.0,1,1,1.0
58,8,1368.8,814.3,295.29999999999995,207.20000000000005,1,1,1.0
58,9,1320.4,118.2,296.0999999999999,185.40000000000003,1,1,1.0
59,1,236.7,553.6,183.8,227.0,1,1,1.0
59,2,258.3,846.2,249.5,142.39999999999998,1,1,1.0
59,3,1839.8,219.8,294.70000000000005,221.09999999999997,1,1,1.0
59,4,708.49,415.91,178.11,188.69,1,1,1.0
59,5,1074.4,358.6,132.5,335.1,1,1,1.0
59,6,616.8,549.1,172.5,272.9,1,1,1.0
59,7,1163.5,251.8,210.79999999999995,223.0,1,1,1.0
59,8,1372.6,814.3,291.5,196.70000000000005,1,1,1.0
59,9,1330.2,118.2,286.29999999999995,185.40000000000003,1,1,1.0
60,1,271.4,553.6,149.10000000000002,299.4,1,1,1.0
60,2,270.4,847.7,237.40000000000003,140.89999999999998,1,1,1.0
60,3,1839.8,221.6,284.79999999999995,264.5,1,1,1.0
60,4,645.1,403.3,236.5,214.49999999999994,1,1,1.0
60,5,1074.4,358.6,132.5,335.1,1,1,1.0
60,6,616.8,549.1,172.5,272.9,1,1,1.0
60,7,1163.5,256.8,215.79999999999995,223.7,1,1,1.0
60,8,1371.8,814.3,292.29999999999995,223.10000000000014,1,1,1.0
60,9,1334.0,118.2,282.5,185.40000000000003,1,1,1.0
61,1,275.9,543.1,144.60000000000002,318.9,1,1,1.0
61,2,284.7,849.2,223.10000000000002,139.39999999999998,1,1,1.0
61,3,1839.8,218.9,273.89999999999986,248.20000000000002,1,1,1.0
61,4,540.86,411.46,286.14,150.44,1,1,1.0
61,5,1070.6,358.6,136.30000000000018,326.1,1,1,1.0
61,6,616.8,549.1,172.5,272.9,1,1,1.0
61,7,1163.5,261.2,215.79999999999995,219.3,1,1,1.0
61,8,1386.9,814.3,277.1999999999998,223.10000000000014,1,1,1.0
61,9,1327.2,118.2,289.29999999999995,185.40000000000003,1,1,1.0
62,1,277.4,543.1,143.10000000000002,324.19999999999993,1,1,1.0
62,2,291.5,843.2,216.3,145.39999999999998,1,1,1.0
62,3,1839.8,210.8,251.29999999999995,265.3,1,1,1.0
62,4,506.33,437.8,291.77000000000004,126.60999999999996,1,1,1.0
62,5,1070.6,358.6,136.30000000000018,330.6,1,1,1.0
62,6,512.1,549.1,277.19999999999993,306.1,1,1,1.0
62,7,1163.5,261.2,221.5,219.90000000000003,1,1,1.0
62,8,1372.6,814.3,291.5,214.79999999999995,1,1,1.0
62,9,1326.4,125.0,290.0999999999999,178.60000000000002,1,1,1.0
63,1,283.5,543.1,137.0,331.69999999999993,1,1,1.0
63,2,297.5,839.4,210.3,149.20000000000005,1,1,1.0
63,3,1850.7,230.7,265.70000000000005,285.2,1,1,1.0
63,4,417.79,442.8,280.50999999999993,159.29000000000002,1,1,1.0
63,5,1070.6,358.6,133.30000000000018,332.9,1,1,1.0
63,6,352.35,736.0,306.54999999999995,147.08000000000004,1,1,1.0
63,7,1054.2,270.6,313.79999999999995,194.2,1,1,1.0
63,8,1372.6,814.3,291.5,196.70000000000005,1,1,1.0
63,9,1326.4,125.0,290.0999999999999,178.60000000000002,1,1,1.0
64,1,282.7,543.1,137.8,324.19999999999993,1,1,1.0
64,2,311.8,857.5,208.8,131.10000000000002,1,1,1.0
64,3,1897.7,324.7,283.79999999999995,193.00000000000006,1,1,1.0
64,4,375.09,462.9,288.01000000000005,163.05000000000007,1,1,1.0
64,5,1070.6,358.6,133.30000000000018,332.9,1,1,1.0
64,6,335.78,732.23,282.4200000000001,147.07999999999993,1,1,1.0
64,7,994.55,258.04,326.35000000000014,138.35999999999996,1,1,1.0
64,8,1372.6,814.3,291.5,194.4000000000001,1,1,1.0
64,9,1326.4,125.0,290.0999999999999,178.60000000000002,1,1,1.0
65,1,282.7,543.1,137.8,330.19999999999993,1,1,1.0
65,2,295.2,860.5,225.40000000000003,131.10000000000002,1,1,1.0
65,3,1920.3,327.4,260.29999999999995,214.70000000000005,1,1,1.0
65,4,404.6,480.5,262.9,163.0,1,1,1.0
65,5,1070.6,358.6,133.30000000000018,332.9,1,1,1.0
65,6,298.1,728.5,298.19999999999993,152.32000000000005,1,1,1.0
65,7,886.54,288.2,336.3600000000001,148.39,1,1,1.0
65,8,1372.6,814.3,283.20000000000005,194.4000000000001,1,1,1.0
65,9,1326.4,125.0,290.0999999999999,178.60000000000002,1,1,1.0
66,1,273.3,543.1,147.2,298.19999999999993,1,1,1.0
66,2,267.3,863.5,242.0,116.0,1,1,1.0
66,3,1943.8,355.4,212.39999999999986,174.0,1,1,1.0
66,4,419.7,489.3,258.50000000000006,159.90000000000003,1,1,1.0
66,5,1070.6,358.6,133.30000000000018,332.9,1,1,1.0
66,6,347.8,728.5,248.49999999999994,147.0,1,1,1.0
66,7,875.9,282.5,311.80000000000007,155.3,1,1,1.0
66,8,1372.6,814.3,283.20000000000005,194.4000000000001,1,1,1.0
66,9,1326.4,125.0,290.0999999999999,178.60000000000002,1,1,1.0
67,1,263.9,543.1,156.60000000000002,266.19999999999993,1,1,1.0
67,2,267.3,863.5,242.0,116.0,1,1,1.0
67,3,1923.9,383.4,217.79999999999973,146.0,1,1,1.0
67,4,400.2,484.3,270.50000000000006,135.99999999999994,1,1,1.0
67,5,1070.6,358.6,133.30000000000018,332.9,1,1,1.0
67,6,300.3,733.0,282.40000000000003,147.79999999999995,1,1,1.0
67,7,796.15,325.2,272.2500000000001,221.85999999999996,1,1,1.0
67,8,1372.6,814.3,283.20000000000005,194.4000000000001,1,1,1.0
67,9,1326.4,125.0,290.0999999999999,178.60000000000002,1,1,1.0
68,1,229.2,582.3,189.8,260.20000000000005,1,1,1.0
68,2,261.3,869.5,248.0,110.0,1,1,1.0
68,3,1918.5,383.4,221.4000000000001,146.0,1,1,1.0
68,4,405.2,490.6,256.09999999999997,133.5,1,1,1.0
68,5,1070.6,358.6,133.30000000000018,332.9,1,1,1.0
68,6,259.61,754.1,286.18999999999994,135.69999999999993,1,1,1.0
68,7,796.15,325.2,250.94999999999993,221.85999999999996,1,1,1.0
68,8,1372.6,814.3,283.20000000000005,194.4000000000001,1,1,1.0
68,9,1326.4,125.0,290.0999999999999,178.60000000000002,1,1,1.0
69,1,229.2,597.4,189.8,245.10000000000002,1,1,1.0
69,2,240.2,868.75,268.40000000000003,110.0,1,1,1.0
69,3,1904.9,383.4,235.0,146.0,1,1,1.0
69,4,405.2,483.7,246.7,145.40000000000003,1,1,1.0
69,5,1070.6,358.6,133.30000000000018,332.9,1,1,1.0
69,6,252.1,754.1,300.6,135.69999999999993,1,1,1.0
69,7,665.54,400.6,354.56000000000006,154.0,1,1,1.0
69,8,1372.6,814.3,283.20000000000005,194.4000000000001,1,1,1.0
69,9,1326.4,125.0,290.0999999999999,178.60000000000002,1,1,1.0
70,1,233.0,611.0,206.3,245.79999999999995,1,1,1.0
70,2,241.7,864.2,266.90000000000003,119.79999999999995,1,1,1.0
70,3,1914.8,383.4,222.39999999999986,146.0,1,1,1.0
70,4,440.4,459.2,203.30000000000007,201.3,1,1,1.0
70,5,1070.6,358.6,133.30000000000018,332.9,1,1,1.0
70,6,267.2,754.1,295.2,135.69999999999993,1,1,1.0
70,7,573.86,378.0,326.93999999999994,152.70000000000005,1,1,1.0
70,8,1372.6,812.8,283.20000000000005,195.9000000000001,1,1,1.0
70,9,1326.4,125.0,290.0999999999999,178.60000000000002,1,1,1.0
71,1,233.0,611.0,196.5,245.79999999999995,1,1,1.0
71,2,253.8,834.1,260.8,149.89999999999998,1,1,1.0
71,3,1916.2,383.4,218.29999999999995,146.0,1,1,1.0
71,4,523.9,441.0,169.39999999999998,241.5,1,1,1.0
71,5,1070.6,358.6,133.30000000000018,332.9,1,1,1.0
71,6,363.65,739.0,217.55000000000007,155.32000000000005,1,1,1.0
71,7,460.84,327.76,317.46,154.54000000000002,1,1,1.0
71,8,1372.6,811.3,283.20000000000005,197.4000000000001,1,1,1.0
71,9,1326.4,125.0,290.0999999999999,178.60000000000002,1,1,1.0
72,1,243.5,611.0,200.39999999999998,257.1,1,1,1.0
72,2,267.4,830.3,235.10000000000002,162.70000000000005,1,1,1.0
72,3,1900.4,383.4,233.19999999999982,146.0,1,1,1.0
72,4,582.9,573.5,281.83000000000004,152.96000000000004,1,1,1.0
72,5,1070.6,358.6,133.30000000000018,332.9,1,1,1.0
72,6,404.34,751.1,148.26000000000005,159.03999999999996,1,1,1.0
72,7,423.79,324.62,318.71,144.48000000000002,1,1,1.0
72,8,1372.6,809.8,283.20000000000005,198.9000000000001,1,1,1.0
72,9,1326.4,125.0,290.0999999999999,178.60000000000002,1,1,1.0
73,1,249.5,571.8,229.8,283.5,1,1,1.0
73,2,246.3,699.19,151.5,244.80999999999995,1,1,1.0
73,3,1900.4,383.4,233.19999999999982,146.0,1,1,1.0
73,4,582.9,573.5,283.70000000000005,164.29999999999995,1,1,1.0
73,5,1070.6,358.6,133.30000000000018,332.9,1,1,1.0
73,6,381.7,754.9,170.90000000000003,223.06000000000006,1,1,1.0
73,7,415.0,315.8,321.20000000000005,147.59999999999997,1,1,1.0
73,8,1372.6,809.8,283.20000000000005,198.9000000000001,1,1,1.0
73,9,1332.4,125.0,284.0999999999999,178.60000000000002,1,1,1.0
74,1,339.9,571.8,191.39999999999998,245.80000000000007,1,1,1.0
74,2,244.79,558.28,125.91,259.9200000000001,1,1,1.0
74,3,1904.2,380.7,244.79999999999995,148.7,1,1,1.0
74,4,582.9,580.4,296.30000000000007,134.20000000000005,1,1,1.0
74,5,1070.6,358.6,133.30000000000018,343.4,1,1,1.0
74,6,358.3,744.4,189.8,238.80000000000007,1,1,1.0
74,7,415.0,315.8,321.20000000000005,147.59999999999997,1,1,1.0
74,8,1372.6,809.8,283.20000000000005,198.9000000000001,1,1,1.0
74,9,1332.4,125.0,284.0999999999999,178.60000000000002,1,1,1.0
75,1,419.8,628.3,211.7,178.0,1,1,1.0
75,2,270.41,514.58,133.48999999999995,223.01999999999998,1,1,1.0
75,3,1978.16,369.85,200.6400000000001,216.54999999999995,1,1,1.0
75,4,582.9,580.4,313.9,132.89999999999998,1,1,1.0
75,5,1070.6,358.6,133.30000000000018,334.4,1,1,1.0
75,6,371.9,792.6,192.0,171.79999999999995,1,1,1.0
75,7,415.0,315.8,321.20000000000005,147.59999999999997,1,1,1.0
75,8,1372.6,809.8,283.20000000000005,198.9000000000001,1,1,1.0
75,9,1332.4,125.0,284.0999999999999,178.60000000000002,1,1,1.0
76,1,455.2,650.2,227.50000000000006,179.5,1,1,1.0
76,2,297.54,503.27,150.85999999999996,148.43000000000006,1,1,1.0
76,3,2031.5,320.1,163.5999999999999,277.19999999999993,1,1,1.0
76,4,596.7,586.1,300.0999999999999,127.19999999999993,1,1,1.0
76,5,1070.6,358.6,133.30000000000018,334.4,1,1,1.0
76,6,345.5,782.1,213.10000000000002,188.29999999999995,1,1,1.0
76,7,415.0,315.8,321.20000000000005,147.59999999999997,1,1,1.0
76,8,1383.1,809.8,272.70000000000005,214.70000000000005,1,1,1.0
76,9,1332.4,125.0,284.0999999999999,178.60000000000002,1,1,1.0
77,1,462.7,657.0,225.3,222.39999999999998,1,1,1.0
77,2,256.1,495.74,207.37,112.96000000000004,1,1,1.0
77,3,2036.9,317.4,158.19999999999982,294.4,1,1,1.0
77,4,596.7,586.1,300.0999999999999,127.19999999999993,1,1,1.0
77,5,1070.6,358.6,133.30000000000018,334.4,1,1,1.0
77,6,309.3,782.1,249.3,180.79999999999995,1,1,1.0
77,7,438.2,315.8,299.26000000000005,147.59999999999997,1,1,1.0
77,8,1383.1,809.8,272.70000000000005,214.70000000000005,1,1,1.0
77,9,1332.4,125.0,284.0999999999999,178.60000000000002,1,1,1.0
78,1,484.6,666.0,273.5,177.20000000000005,1,1,1.0
78,2,244.04,511.6,174.96,202.59000000000003,1,1,1.0
78,3,2031.5,316.5,158.19999999999982,288.1,1,1,1.0
78,4,596.7,586.1,314.5,131.0,1,1,1.0
78,5,1070.6,358.6,133.30000000000018,334.4,1,1,1.0
78,6,292.7,776.1,262.90000000000003,186.79999999999995,1,1,1.0
78,7,433.8,313.9,303.66,149.5,1,1,1.0
78,8,1383.1,809.8,272.70000000000005,214.70000000000005,1,1,1.0
78,9,1332.4,125.0,284.0999999999999,178.60000000000002,1,1,1.0
79,1,526.8,653.2,222.30000000000007,209.5999999999999,1,1,1.0
79,2,243.29,524.4,202.81000000000003,278.71000000000004,1,1,1.0
79,3,2028.8,321.0,160.89999999999986,284.5,1,1,1.0
79,4,606.7,598.7,307.0,127.19999999999993,1,1,1.0
79,5,1070.6,358.6,133.30000000000018,334.4,1,1,1.0
79,6,292.7,776.1,262.90000000000003,186.79999999999995,1,1,1.0
79,7,420.0,313.9,317.46000000000004,149.5,1,1,1.0
79,8,1383.1,809.8,272.70000000000005,219.20000000000005,1,1,1.0
79,9,1332.4,125.0,284.0999999999999,178.60000000000002,1,1,1.0
80,1,526.0,647.2,227.60000000000002,226.0999999999999,1,1,1.0
80,2,220.7,524.4,225.40000000000003,262.9,1,1,1.0
80,3,2028.8,324.6,160.89999999999986,280.9,1,1,1.0
80,4,618.6,598.7,311.4,123.39999999999998,1,1,1.0
80,5,1070.6,358.6,133.30000000000018,334.4,1,1,1.0
80,6,356.0,776.1,199.60000000000002,219.19999999999993,1,1,1.0
80,7,422.5,313.9,314.96000000000004,149.5,1,1,1.0
80,8,1383.1,809.8,272.70000000000005,223.0,1,1,1.0
80,9,1332.4,125.0,284.0999999999999,178.60000000000002,1,1,1.0
81,1,526.0,647.2,228.39999999999998,230.5999999999999,1,1,1.0
81,2,229.7,524.4,216.40000000000003,254.60000000000002,1,1,1.0
81,3,2028.8,323.7,160.89999999999986,281.8,1,1,1.0
81,4,618.6,598.7,320.19999999999993,123.39999999999998,1,1,1.0
81,5,1070.6,358.6,133.30000000000018,334.4,1,1,1.0
81,6,355.25,765.59,185.29999999999995,222.90999999999997,1,1,1.0
81,7,431.3,313.9,306.16,149.5,1,1,1.0
81,8,1383.1,809.8,272.70000000000005,223.0,1,1,1.0
81,9,1332.4,125.0,284.0999999999999,178.60000000000002,1,1,1.0
82,1,524.5,643.4,283.4,197.5,1,1,1.0
82,2,254.6,524.4,191.50000000000003,286.20000000000005,1,1,1.0
82,3,2026.1,323.7,163.5999999999999,281.8,1,1,1.0
82,4,634.9,598.7,307.0,123.39999999999998,1,1,1.0
82,5,1070.6,358.6,133.30000000000018,334.4,1,1,1.0
82,6,355.25,765.59,185.29999999999995,222.90999999999997,1,1,1.0
82,7,442.0,313.9,295.46000000000004,149.5,1,1,1.0
82,8,1383.1,809.8,272.70000000000005,233.5,1,1,1.0
82,9,1343.7,125.0,272.79999999999995,178.60000000000002,1,1,1.0
83,1,524.5,643.4,263.79999999999995,224.60000000000002,1,1,1.0
83,2,267.4,536.5,179.45000000000005,268.1,1,1,1.0
83,3,2027.0,324.6,162.69999999999982,287.19999999999993,1,1,1.0
83,4,663.8,610.0,318.2900000000001,123.39999999999998,1,1,1.0
83,5,1070.6,358.6,133.30000000000018,334.4,1,1,1.0
83,6,355.25,765.59,185.29999999999995,222.90999999999997,1,1,1.0
83,7,426.9,313.9,310.56000000000006,149.5,1,1,1.0
83,8,1383.1,809.8,272.70000000000005,215.4000000000001,1,1,1.0
83,9,1343.7,125.0,272.79999999999995,178.60000000000002,1,1,1.0
84,1,524.5,643.4,262.29999999999995,218.60000000000002,1,1,1.0
84,2,259.9,536.5,186.95000000000005,262.79999999999995,1,1,1.0
84,3,2028.8,316.5,160.89999999999986,291.70000000000005,1,1,1.0
84,4,751.7,590.5,302.5999999999999,128.46000000000004,1,1,1.0
84,5,1070.6,358.6,133.30000000000018,334.4,1,1,1.0
84,6,348.5,765.59,192.04999999999995,222.90999999999997,1,1,1.0
84,7,419.4,313.9,318.06000000000006,149.5,1,1,1.0
84,8,1370.3,803.0,288.5,213.20000000000005,1,1,1.0
84,9,1343.7,125.0,272.79999999999995,178.60000000000002,1,1,1.0
85,1,533.5,632.1,241.20000000000005,236.69999999999993,1,1,1.0
85,2,262.9,536.5,183.95000000000005,271.79999999999995,1,1,1.0
85,3,2033.3,316.5,156.39999999999986,308.0,1,1,1.0
85,4,769.3,588.6,362.8600000000001,121.56999999999994,1,1,1.0
85,5,1070.6,358.6,133.30000000000018,334.4,1,1,1.0
85,6,348.5,765.59,192.04999999999995,222.90999999999997,1,1,1.0
85,7,436.4,313.9,301.05000000000007,149.5,1,1,1.0
85,8,1378.6,803.0,280.20000000000005,213.20000000000005,1,1,1.0
85,9,1343.7,125.0,272.79999999999995,178.60000000000002,1,1,1.0
86,1,538.0,629.8,241.20000000000005,235.20000000000005,1,1,1.0
86,2,271.9,536.5,174.95000000000005,271.79999999999995,1,1,1.0
86,3,2038.7,325.5,150.99999999999977,302.6,1,1,1.0
86,4,807.6,598.6,335.19999999999993,121.60000000000002,1,1,1.0
86,5,1070.6,358.6,133.30000000000018,334.4,1,1,1.0
86,6,348.5,765.59,192.04999999999995,222.90999999999997,1,1,1.0
86,7,446.4,313.9,291.05000000000007,149.5,1,1,1.0
86,8,1378.6,803.0,280.20000000000005,213.20000000000005,1,1,1.0
86,9,1343.7,125.0,272.79999999999995,178.60000000000002,1,1,1.0
87,1,563.6,661.4,216.39999999999998,226.20000000000005,1,1,1.0
87,2,267.4,536.5,179.45000000000005,256.70000000000005,1,1,1.0
87,3,2038.7,325.5,150.99999999999977,316.20000000000005,1,1,1.0
87,4,807.6,601.1,330.19999999999993,119.10000000000002,1,1,1.0
87,5,1070.6,358.6,133.30000000000018,334.4,1,1,1.0
87,6,348.5,759.6,192.04999999999995,228.89999999999998,1,1,1.0
87,7,428.8,313.9,308.65000000000003,149.5,1,1,1.0
87,8,1378.6,803.0,280.20000000000005,213.20000000000005,1,1,1.0
87,9,1343.7,125.0,272.79999999999995,178.60000000000002,1,1,1.0
88,1,580.9,693.8,202.89999999999998,224.70000000000005,1,1,1.0
88,2,259.9,536.5,186.95000000000005,256.70000000000005,1,1,1.0
88,3,2047.7,339.1,141.99999999999977,320.69999999999993,1,1,1.0
88,4,803.8,601.1,315.79999999999995,119.10000000000002,1,1,1.0
88,5,1070.6,358.6,133.30000000000018,334.4,1,1,1.0
88,6,324.7,750.6,215.84999999999997,212.60000000000002,1,1,1.0
88,7,425.0,313.9,312.45000000000005,149.5,1,1,1.0
88,8,1378.6,803.0,280.20000000000005,213.20000000000005,1,1,1.0
88,9,1343.7,125.0,272.79999999999995,178.60000000000002,1,1,1.0
89,1,613.3,689.3,226.30000000000007,231.5,1,1,1.0
89,2,262.9,536.5,183.95000000000005,272.5,1,1,1.0
89,3,2047.7,339.1,141.99999999999977,314.4,1,1,1.0
89,4,794.4,596.7,312.0000000000001,128.5,1,1,1.0
89,5,1070.6,358.6,133.30000000000018,340.4,1,1,1.0
89,6,324.4,750.6,216.14999999999998,204.79999999999995,1,1,1.0
89,7,433.8,313.9,303.65000000000003,149.5,1,1,1.0
89,8,1378.6,803.0,280.20000000000005,213.20000000000005,1,1,1.0
89,9,1343.7,125.0,272.79999999999995,178.60000000000002,1,1,1.0
90,1,616.3,669.7,225.5,273.69999999999993,1,1,1.0
90,2,255.4,536.5,191.45000000000002,287.6,1,1,1.0
90,3,2054.0,332.8,140.19999999999982,345.10999999999996,1,1,1.0
90,4,794.4,596.7,306.30000000000007,133.5,1,1,1.0
90,5,1070.6,363.9,136.30000000000018,341.1,1,1,1.0
90,6,314.6,750.6,225.94999999999993,205.60000000000002,1,1,1.0
90,7,442.6,313.9,294.85,149.5,1,1,1.0
90,8,1378.6,803.0,280.20000000000005,213.20000000000005,1,1,1.0
90,9,1343.7,125.0,272.79999999999995,178.60000000000002,1,1,1.0
91,1,574.1,699.1,208.19999999999993,262.4,1,1,1.0
91,2,267.5,536.5,179.35000000000002,301.9,1,1,1.0
91,3,2054.0,340.0,147.4000000000001,337.90999999999997,1,1,1.0
91,4,791.9,596.7,308.80000000000007,126.59999999999991,1,1,1.0
91,5,1070.6,365.4,136.30000000000018,335.80000000000007,1,1,1.0
91,6,314.6,759.4,225.94999999999993,196.80000000000007,1,1,1.0
91,7,423.1,313.9,314.35,149.5,1,1,1.0
91,8,1378.6,803.0,280.20000000000005,213.20000000000005,1,1,1.0
91,9,1343.7,125.0,272.79999999999995,178.60000000000002,1,1,1.0
92,1,519.1,721.71,252.64999999999998,210.39,1,1,1.0
92,2,267.5,536.5,179.35000000000002,301.9,1,1,1.0
92,3,2028.7,352.7,176.29999999999995,307.09999999999997,1,1,1.0
92,4,791.9,596.7,318.19999999999993,134.0999999999999,1,1,1.0
92,5,1070.6,365.4,136.30000000000018,335.80000000000007,1,1,1.0
92,6,333.4,763.8,207.14999999999998,192.4000000000001,1,1,1.0
92,7,414.9,313.9,322.55000000000007,149.5,1,1,1.0
92,8,1378.6,803.0,280.20000000000005,213.20000000000005,1,1,1.0
92,9,1343.7,125.0,272.79999999999995,178.60000000000002,1,1,1.0
93,1,506.3,749.6,280.49999999999994,196.79999999999995,1,1,1.0
93,2,273.5,536.5,173.35000000000002,283.1,1,1,1.0
93,3,2028.7,352.7,173.60000000000014,307.09999999999997,1,1,1.0
93,4,795.0,596.7,317.5999999999999,127.79999999999995,1,1,1.0
93,5,1070.6,365.4,136.30000000000018,329.5,1,1,1.0
93,6,314.6,767.2,225.94999999999993,189.0,1,1,1.0
93,7,477.7,313.9,259.75000000000006,149.5,1,1,1.0
93,8,1378.6,803.0,280.20000000000005,213.20000000000005,1,1,1.0
93,9,1343.7,125.0,272.79999999999995,178.60000000000002,1,1,1.0
94,1,506.3,749.6,283.49999999999994,196.79999999999995,1,1,1.0
94,2,294.6,536.5,152.25,288.4,1,1,1.0
94,3,2024.2,352.7,178.10000000000014,310.7,1,1,1.0
94,4,795.0,596.7,315.70000000000005,121.5,1,1,1.0
94,5,1070.6,365.4,136.30000000000018,329.5,1,1,1.0
94,6,316.9,767.2,223.64999999999998,189.0,1,1,1.0
94,7,477.7,313.9,259.75000000000006,149.5,1,1,1.0
94,8,1378.6,803.0,280.20000000000005,213.20000000000005,1,1,1.0
94,9,1343.7,125.0,272.79999999999995,178.60000000000002,1,1,1.0
95,1,502.5,749.6,287.29999999999995,196.79999999999995,1,1,1.0
95,2,294.6,536.5,152.25,261.29999999999995,1,1,1.0
95,3,2024.2,360.8,178.10000000000014,319.8,1,1,1.0
95,4,795.0,596.7,315.70000000000005,121.5,1,1,1.0
95,5,1070.6,365.4,136.30000000000018,329.5,1,1,1.0
95,6,338.0,767.2,202.54999999999995,189.0,1,1,1.0
95,7,435.6,313.9,301.85,149.5,1,1,1.0
95,8,1378.6,803.0,280.20000000000005,213.20000000000005,1,1,1.0
95,9,1343.7,125.0,272.79999999999995,178.60000000000002,1,1,1.0
96,1,502.5,756.4,289.6,193.0,1,1,1.0
96,2,294.6,536.5,152.25,264.29999999999995,1,1,1.0
96,3,2055.8,360.8,146.5,345.99999999999994,1,1,1.0
96,4,795.0,596.7,323.9000000000001,120.19999999999993,1,1,1.0
96,5,1070.6,365.4,136.30000000000018,329.5,1,1,1.0
96,6,361.4,751.4,162.60000000000002,195.80000000000007,1,1,1.0
96,7,426.8,313.9,310.65000000000003,149.5,1,1,1.0
96,8,1378.6,766.1,280.20000000000005,250.10000000000002,1,1,1.0
96,9,1343.7,125.0,272.79999999999995,178.60000000000002,1,1,1.0
97,1,497.2,756.4,294.90000000000003,193.0,1,1,1.0
97,2,288.6,536.5,158.25,283.9,1,1,1.0
97,3,2055.8,364.4,146.5,332.5,1,1,1.0
97,4,806.3,596.7,330.20000000000005,125.19999999999993,1,1,1.0
97,5,1070.6,365.4,136.30000000000018,329.5,1,1,1.0
97,6,399.08,746.88,215.32,144.51999999999998,1,1,1.0
97,7,422.4,318.3,315.05000000000007,145.09999999999997,1,1,1.0
97,8,1378.6,754.8,277.20000000000005,261.4000000000001,1,1,1.0
97,9,1343.7,125.0,272.79999999999995,178.60000000000002,1,1,1.0
98,1,497.2,756.4,294.90000000000003,197.5,1,1,1.0
98,2,290.1,536.5,156.75,278.6,1,1,1.0
98,3,2055.8,364.4,146.5,319.80000000000007,1,1,1.0
98,4,806.3,596.7,330.20000000000005,125.19999999999993,1,1,1.0
98,5,1070.6,365.4,136.30000000000018,329.5,1,1,1.0
98,6,511.4,556.24,216.77999999999997,204.05999999999995,1,1,1.0
98,7,426.15,318.3,311.30000000000007,145.09999999999997,1,1,1.0
98,8,1378.6,754.8,273.4000000000001,261.4000000000001,1,1,1.0
98,9,1343.7,125.0,272.79999999999995,178.60000000000002,1,1,1.0
99,1,497.2,756.4,294.90000000000003,190.0,1,1,1.0
99,2,290.1,536.5,156.75,284.6,1,1,1.0
99,3,2055.8,364.4,146.5,314.4,1,1,1.0
99,4,806.3,599.8,323.29999999999995,119.0,1,1,1.0
99,5,1070.6,365.4,136.30000000000018,329.5,1,1,1.0
99,6,561.1,545.7,195.69999999999993,250.0,1,1,1.0
99,7,429.9,318.3,307.55000000000007,145.09999999999997,1,1,1.0
99,8,1378.6,754.8,272.70000000000005,261.4000000000001,1,1,1.0
99,9,1343.7,125.0,272.79999999999995,178.60000000000002,1,1,1.0
100,1,488.9,756.4,303.20000000000005,190.0,1,1,1.0
100,2,290.1,536.5,156.75,266.5,1,1,1.0
100,3,2055.8,364.4,146.5,331.6,1,1,1.0
100,4,806.3,599.8,318.29999999999995,119.0,1,1,1.0
100,5,1070.6,365.4,142.30000000000018,329.5,1,1,1.0
100,6,566.4,545.7,179.10000000000002,253.79999999999995,1,1,1.0
100,7,455.0,318.3,282.45000000000005,145.09999999999997,1,1,1.0
100,8,1378.6,754.8,280.20000000000005,261.4000000000001,1,1,1.0
100,9,1343.7,125.0,272.79999999999995,178.60000000000002,1,1,1.0
101,1,488.9,756.4,303.20000000000005,190.0,1,1,1.0
101,2,290.1,536.5,156.75,253.70000000000005,1,1,1.0
101,3,2055.8,364.4,146.5,331.6,1,1,1.0
101,4,806.3,599.8,307.0,119.0,1,1,1.0
101,5,1070.6,365.4,142.30000000000018,329.5,1,1,1.0
101,6,685.5,379.17,264.96000000000004,222.12999999999994,1,1,1.0
101,7,434.3,318.3,303.15000000000003,145.09999999999997,1,1,1.0
101,8,1378.6,765.5,280.20000000000005,250.70000000000005,1,1,1.0
101,9,1343.7,125.0,272.79999999999995,178.60000000000002,1,1,1.0
102,1,488.9,756.4,303.20000000000005,190.0,1,1,1.0
102,2,290.1,536.5,156.75,253.70000000000005,1,1,1.0
102,3,2055.8,364.4,146.5,324.4,1,1,1.0
102,4,798.8,599.8,320.20000000000005,121.5,1,1,1.0
102,5,1070.6,365.4,142.30000000000018,329.5,1,1,1.0
102,6,723.2,286.49,328.23,163.31,1,1,1.0
102,7,451.3,318.3,286.15000000000003,145.09999999999997,1,1,1.0
102,8,1378.6,768.7,280.20000000000005,247.5,1,1,1.0
102,9,1343.7,125.0,272.79999999999995,178.60000000000002,1,1,1.0
103,1,488.9,756.4,303.20000000000005,190.0,1,1,1.0
103,2,291.6,578.7,203.5,206.19999999999993,1,1,1.0
103,3,2055.8,364.4,150.0999999999999,347.9,1,1,1.0
103,4,806.3,599.8,312.70000000000005,121.5,1,1,1.0
103,5,1070.6,362.4,142.30000000000018,341.5,1,1,1.0
103,6,712.65,272.2,304.85,173.82999999999998,1,1,1.0
103,7,450.0,318.3,287.45000000000005,145.09999999999997,1,1,1.0
103,8,1378.6,767.6,280.20000000000005,248.60000000000002,1,1,1.0
103,9,1302.3,125.0,314.20000000000005,178.60000000000002,1,1,1.0
104,1,488.9,756.4,303.20000000000005,190.0,1,1,1.0
104,2,351.9,551.57,281.85,150.42999999999995,1,1,1.0
104,3,2052.2,392.4,161.80000000000018,379.6,1,1,1.0
104,4,803.2,599.8,310.0999999999999,121.5,1,1,1.0
104,5,1070.6,365.4,142.30000000000018,338.5,1,1,1.0
104,6,712.3,274.46,274.35,173.83000000000004,1,1,1.0
104,7,427.4,318.3,310.05000000000007,145.09999999999997,1,1,1.0
104,8,1378.6,765.5,280.20000000000005,250.70000000000005,1,1,1.0
104,9,1302.3,125.0,314.20000000000005,178.60000000000002,1,1,1.0
105,1,373.6,780.51,327.31999999999994,138.78999999999996,1,1,1.0
105,2,562.9,510.13,298.40999999999997,153.47000000000003,1,1,1.0
105,3,2052.2,416.8,166.30000000000018,384.99999999999994,1,1,1.0
105,4,799.4,599.8,313.9,124.60000000000002,1,1,1.0
105,5,1070.6,365.4,142.30000000000018,331.70000000000005,1,1,1.0
105,6,711.7,279.0,305.79999999999995,169.29000000000002,1,1,1.0
105,7,427.4,318.3,310.05000000000007,145.09999999999997,1,1,1.0
105,8,1378.6,763.8,280.20000000000005,252.4000000000001,1,1,1.0
105,9,1302.3,125.0,314.20000000000005,178.60000000000002,1,1,1.0
106,1,324.62,748.9,289.67999999999995,141.80000000000007,1,1,1.0
106,2,656.3,458.89,284.13,173.81000000000006,1,1,1.0
106,3,2052.2,418.6,166.30000000000018,404.0,1,1,1.0
106,4,799.4,599.8,304.5000000000001,121.5,1,1,1.0
106,5,1070.6,365.4,142.30000000000018,341.5,1,1,1.0
106,6,972.65,291.06,326.65,139.94,1,1,1.0
106,7,469.5,318.3,267.95000000000005,145.09999999999997,1,1,1.0
106,8,1378.6,763.8,280.20000000000005,252.4000000000001,1,1,1.0
106,9,1302.3,125.0,314.20000000000005,178.60000000000002,1,1,1.0
107,1,295.2,701.4,240.7,166.70000000000005,1,1,1.0
107,2,678.91,431.0,286.39,188.14,1,1,1.0
107,3,2000.7,443.0,191.60000000000014,357.9,1,1,1.0
107,4,799.4,599.8,295.1,117.70000000000005,1,1,1.0
107,5,1074.4,373.7,134.69999999999982,330.2,1,1,1.0
107,6,1542.55,487.85,379.04999999999995,318.94999999999993,1,1,1.0
107,7,480.8,325.8,283.65000000000003,136.96999999999997,1,1,1.0
107,8,1378.6,763.8,280.20000000000005,252.4000000000001,1,1,1.0
107,9,1339.95,125.75,278.04999999999995,178.60000000000002,1,1,1.0
108,1,305.75,608.72,196.95,234.48000000000002,1,1,1.0
108,2,659.3,449.8,297.0,178.40000000000003,1,1,1.0
108,3,1998.9,569.59,230.4699999999998,341.61,1,1,1.0
108,4,799.4,599.8,295.1,117.70000000000005,1,1,1.0
108,5,1070.6,373.7,136.30000000000018,338.50000000000006,1,1,1.0
108,6,1586.0,494.2,353.70000000000005,183.3,1,1,1.0
108,7,486.5,325.8,277.95000000000005,136.96999999999997,1,1,1.0
108,8,1378.6,770.6,280.20000000000005,245.60000000000002,1,1,1.0
108,9,1344.5,121.2,273.5,189.2,1,1,1.0
109,1,265.1,625.3,237.59999999999997,217.9000000000001,1,1,1.0
109,2,732.4,406.85,289.46000000000004,178.35000000000002,1,1,1.0
109,3,2011.6,587.7,247.5999999999999,388.5999999999999,1,1,1.0
109,4,799.4,599.8,281.9,117.70000000000005,1,1,1.0
109,5,1075.1,373.7,134.80000000000018,338.50000000000006,1,1,1.0
109,6,1593.7,494.2,346.0,190.50000000000006,1,1,1.0
109,7,458.87,369.8,259.13,130.01999999999998,1,1,1.0
109,8,1378.6,773.6,280.20000000000005,242.60000000000002,1,1,1.0
109,9,1340.7,121.2,277.29999999999995,189.2,1,1,1.0
110,1,301.3,617.0,187.8,221.70000000000005,1,1,1.0
110,2,841.66,453.57,278.93999999999994,233.32999999999998,1,1,1.0
110,3,2011.6,587.7,247.5999999999999,388.5999999999999,1,1,1.0
110,4,793.1,596.0,325.19999999999993,129.0,1,1,1.0
110,5,1075.9,373.7,134.0,319.7,1,1,1.0
110,6,1596.9,494.2,346.39999999999986,190.50000000000006,1,1,1.0
110,7,438.1,358.5,237.79999999999995,152.60000000000002,1,1,1.0
110,8,1378.6,791.7,280.20000000000005,224.5,1,1,1.0
110,9,1321.1,121.2,296.9000000000001,189.2,1,1,1.0
111,1,301.3,617.0,187.0,236.79999999999995,1,1,1.0
111,2,894.4,448.3,273.69999999999993,236.3,1,1,1.0
111,3,2011.6,587.7,247.5999999999999,388.5999999999999,1,1,1.0
111,4,793.1,596.0,341.4999999999999,123.29999999999995,1,1,1.0
111,5,1081.9,379.73,175.5,301.56999999999994,1,1,1.0
111,6,1592.3,494.2,347.4000000000001,190.50000000000006,1,1,1.0
111,7,447.5,351.0,219.60000000000002,220.39999999999998,1,1,1.0
111,8,1378.6,798.5,280.20000000000005,210.20000000000005,1,1,1.0
111,9,1335.4,121.2,282.5999999999999,189.2,1,1,1.0
112,1,311.8,617.0,176.5,236.79999999999995,1,1,1.0
112,2,904.9,449.8,285.1,236.3,1,1,1.0
112,3,2015.2,587.7,233.10000000000014,388.5999999999999,1,1,1.0
112,4,801.23,601.7,349.06999999999994,123.89999999999998,1,1,1.0
112,5,1151.22,383.5,165.68000000000006,317.4,1,1,1.0
112,6,1592.3,503.4,343.79999999999995,219.30000000000007,1,1,1.0
112,7,458.8,352.9,201.99999999999994,239.20000000000005,1,1,1.0
112,8,1393.7,803.0,265.0999999999999,229.79999999999995,1,1,1.0
112,9,1341.4,121.2,276.5999999999999,196.7,1,1,1.0
113,1,311.8,623.8,176.5,230.0,1,1,1.0
113,2,910.2,450.6,277.5,238.5,1,1,1.0
113,3,2015.2,580.5,228.60000000000014,387.70000000000005,1,1,1.0
113,4,805.6,593.5,344.69999999999993,132.10000000000002,1,1,1.0
113,5,1168.55,330.0,133.25,317.4,1,1,1.0
113,6,1592.3,494.2,345.60000000000014,293.59999999999997,1,1,1.0
113,7,458.8,357.3,196.99999999999994,209.7,1,1,1.0
113,8,1393.7,803.0,280.20000000000005,205.70000000000005,1,1,1.0
113,9,1326.3,121.2,291.70000000000005,196.7,1,1,1.0
114,1,300.5,623.8,187.8,230.0,1,1,1.0
114,2,899.7,449.1,256.39999999999986,235.5,1,1,1.0
114,3,2015.2,580.5,228.60000000000014,366.9,1,1,1.0
114,4,801.8,593.5,317.10000000000014,127.10000000000002,1,1,1.0
114,5,1133.1,321.7,175.5,285.00000000000006,1,1,1.0
114,6,1592.3,486.1,304.0,329.69999999999993,1,1,1.0
114,7,458.2,357.3,197.59999999999997,222.3,1,1,1.0
114,8,1393.7,803.0,280.20000000000005,205.70000000000005,1,1,1.0
114,9,1320.3,121.2,303.70000000000005,196.7,1,1,1.0
115,1,275.6,623.8,212.7,230.0,1,1,1.0
115,2,899.7,449.1,239.0999999999999,263.4,1,1,1.0
115,3,2003.4,588.6,243.0999999999999,341.6,1,1,1.0
115,4,795.6,589.7,296.9,151.5999999999999,1,1,1.0
115,5,1133.1,330.0,171.0,276.70000000000005,1,1,1.0
115,6,1667.35,475.25,242.55000000000018,379.45000000000005,1,1,1.0
115,7,453.8,357.3,201.99999999999994,214.8,1,1,1.0
115,8,1378.6,803.0,300.60000000000014,205.70000000000005,1,1,1.0
115,9,1312.0,121.2,310.5,196.7,1,1,1.0
116,1,299.7,617.0,188.60000000000002,236.79999999999995,1,1,1.0
116,2,913.3,440.1,213.4000000000001,283.0,1,1,1.0
116,3,2003.4,588.6,243.0999999999999,341.6,1,1,1.0
116,4,765.5,612.3,314.4000000000001,151.0,1,1,1.0
116,5,1150.4,330.0,153.69999999999982,296.29999999999995,1,1,1.0
116,6,1678.2,467.1,208.20000000000005,394.79999999999995,1,1,1.0
116,7,451.3,357.3,204.49999999999994,211.7,1,1,1.0
116,8,1392.9,803.0,281.0,205.70000000000005,1,1,1.0
116,9,1312.0,121.2,316.5,196.7,1,1,1.0
117,1,296.7,622.3,191.60000000000002,224.70000000000005,1,1,1.0
117,2,935.2,431.8,196.0,299.59999999999997,1,1,1.0
117,3,2003.4,588.6,243.0999999999999,341.6,1,1,1.0
117,4,777.4,616.0,292.5000000000001,165.5,1,1,1.0
117,5,1150.4,330.0,153.69999999999982,332.5,1,1,1.0
117,6,1678.2,501.5,194.5999999999999,432.70000000000005,1,1,1.0
117,7,460.1,357.3,195.69999999999993,241.8,1,1,1.0
117,8,1392.9,803.0,274.1999999999998,205.70000000000005,1,1,1.0
117,9,1312.0,121.2,315.0,196.7,1,1,1.0
118,1,280.1,622.3,208.2,224.70000000000005,1,1,1.0
118,2,935.2,431.8,196.0,292.09999999999997,1,1,1.0
118,3,2019.7,588.6,226.79999999999995,331.69999999999993,1,1,1.0
118,4,777.4,616.7,298.80000000000007,160.39999999999998,1,1,1.0
118,5,1170.7,337.5,135.70000000000005,377.70000000000005,1,1,1.0
118,6,1678.2,520.5,233.5,383.0,1,1,1.0
118,7,467.6,383.67,136.69999999999993,259.43,1,1,1.0
118,8,1392.9,803.0,272.0,215.5,1,1,1.0
118,9,1312.0,121.2,312.0,196.7,1,1,1.0
119,1,284.6,622.3,203.7,224.70000000000005,1,1,1.0
119,2,911.8,433.3,219.4000000000001,270.99999999999994,1,1,1.0
119,3,2019.7,596.7,222.29999999999995,323.5999999999999,1,1,1.0
119,4,777.4,617.9,316.4,157.30000000000007,1,1,1.0
119,5,1170.7,339.0,141.70000000000005,358.1,1,1,1.0
119,6,1682.72,599.17,260.5799999999999,380.33000000000004,1,1,1.0
119,7,467.6,418.2,136.69999999999993,237.50000000000006,1,1,1.0
119,8,1386.1,803.0,287.8000000000002,211.0,1,1,1.0
119,9,1306.0,121.2,318.0,192.2,1,1,1.0
120,1,286.1,622.3,202.2,224.70000000000005,1,1,1.0
120,2,895.2,437.1,248.0999999999999,254.39999999999998,1,1,1.0
120,3,2019.7,596.7,222.29999999999995,263.9,1,1,1.0
120,4,772.4,617.9,321.4,144.70000000000005,1,1,1.0
120,5,1170.7,339.0,141.70000000000005,365.6,1,1,1.0
120,6,1682.72,561.2,238.87999999999988,418.29999999999995,1,1,1.0
120,7,475.8,430.2,169.3,250.59999999999997,1,1,1.0
120,8,1386.1,803.0,287.8000000000002,211.0,1,1,1.0
120,9,1306.0,121.2,318.0,191.40000000000003,1,1,1.0
