1,1,319.81,318.45,127.49000000000001,105.94999999999999,1,1,0.0
1,2,341.51,278.57,350.84000000000003,141.06,1,1,1.0
1,3,165.1,533.0,134.00000000000003,277.53,1,1,1.0
1,4,221.7,515.31,238.40000000000003,163.59000000000003,1,1,1.0
1,5,334.2,672.03,177.07999999999998,203.76999999999998,1,1,1.0
1,6,581.9,369.27,278.63,274.03,1,1,1.0
1,7,1086.5,243.16,226.69000000000005,265.03999999999996,1,1,1.0
1,8,1146.09,554.81,195.81000000000017,323.09000000000003,1,1,1.0
1,9,1282.8,475.0,155.5,281.6,1,1,1.0
1,10,1434.32,642.23,108.38000000000011,143.66999999999996,1,1,0.0
2,1,316.6,312.1,124.5,121.09999999999997,1,1,0.0
2,2,362.3,289.4,330.05,130.23000000000002,1,1,1.0
2,3,166.4,536.9,134.04,277.1,1,1,1.0
2,4,222.13,514.88,237.07,167.91999999999996,1,1,1.0
2,5,334.9,671.18,171.42000000000002,203.32000000000005,1,1,1.0
2,6,583.6,370.67,288.03,275.12999999999994,1,1,1.0
2,7,1093.8,229.41,217.09000000000015,282.19000000000005,1,1,1.0
2,8,1138.9,554.81,200.39999999999986,331.59000000000003,1,1,1.0
2,9,1283.68,479.71,155.41999999999985,275.59,1,1,1.0
2,10,1433.12,645.22,108.08000000000015,138.57999999999993,1,1,0.0
3,1,314.8,312.1,124.5,125.09999999999997,1,1,0.0
3,2,369.8,289.4,322.55,130.23000000000002,1,1,1.0
3,3,159.96,540.75,140.91,260.75,1,1,1.0
3,4,224.28,512.3,233.72,176.60000000000002,1,1,1.0
3,5,335.8,673.93,171.24,201.97000000000003,1,1,1.0
3,6,583.2,375.6,278.29999999999995,268.5,1,1,1.0
3,7,1090.3,246.5,219.73000000000002,267.29999999999995,1,1,1.0
3,8,1145.61,559.46,198.49,289.8399999999999,1,1,1.0
3,9,1280.67,468.53,139.92999999999984,282.07000000000005,1,1,1.0
3,10,1433.42,645.51,107.77999999999997,137.09000000000003,1,1,0.0
4,1,319.81,318.1,112.08999999999997,119.79999999999995,1,1,0.0
4,2,367.3,289.4,325.05,130.23000000000002,1,1,1.0
4,3,156.94,540.32,146.94,257.9799999999999,1,1,1.0
4,4,216.05,517.03,245.34999999999997,175.76999999999998,1,1,1.0
4,5,336.9,672.79,172.35000000000002,207.71000000000004,1,1,1.0
4,6,583.6,377.32,281.34000000000003,265.47999999999996,1,1,1.0
4,7,1077.1,255.72,257.6700000000001,260.38,1,1,1.0
4,8,1145.46,561.89,199.13999999999987,283.31000000000006,1,1,1.0
4,9,1330.5,403.64,169.46000000000004,301.15999999999997,1,1,1.0
4,10,1433.42,652.68,107.17999999999984,124.82000000000005,1,1,0.0
5,1,328.8,327.5,100.30000000000001,126.10000000000002,1,1,0.0
5,2,371.1,284.4,321.25,135.23000000000002,1,1,1.0
5,3,155.65,587.6,146.93999999999997,206.84000000000003,1,1,1.0
5,4,189.21,521.99,270.28999999999996,171.40999999999997,1,1,1.0
5,5,335.8,672.19,174.33999999999997,203.80999999999995,1,1,1.0
5,6,584.0,367.62,284.38,274.78,1,1,1.0
5,7,1086.5,226.3,264.51,278.8,1,1,1.0
5,8,1154.48,565.61,190.22000000000003,268.59000000000003,1,1,1.0
5,9,1365.45,343.9,174.54999999999995,275.70000000000005,1,1,1.0
5,10,1438.2,655.37,104.22000000000003,119.73000000000002,1,1,0.0
6,1,327.3,323.7,101.01999999999998,135.63,1,1,0.0
6,2,387.4,284.4,304.95000000000005,135.23000000000002,1,1,1.0
6,3,153.5,588.1,146.94,211.5,1,1,1.0
6,4,192.22,523.28,268.28,172.62,1,1,1.0
6,5,336.4,672.79,173.74,208.91000000000008,1,1,1.0
6,6,581.9,365.9,288.20000000000005,279.1,1,1,1.0
6,7,1069.0,241.96,260.8399999999999,243.54,1,1,1.0
6,8,1160.23,562.54,185.8699999999999,270.6600000000001,1,1,1.0
6,9,1362.26,383.91,183.6400000000001,214.88999999999993,1,1,1.0
6,10,1436.4,655.07,105.42999999999984,124.52999999999997,1,1,0.0
7,1,335.64,323.75,76.66000000000003,135.85000000000002,1,1,0.0
7,2,363.58,291.9,308.02000000000004,223.14,1,1,1.0
7,3,165.97,536.02,136.23,275.68000000000006,1,1,1.0
7,4,223.54,522.71,236.96,170.58999999999992,1,1,1.0
7,5,335.8,670.7,173.45,208.5999999999999,1,1,1.0
7,6,583.6,371.49,278.3299999999999,277.40999999999997,1,1,1.0
7,7,1083.0,234.3,261.1500000000001,253.7,1,1,1.0
7,8,1156.83,561.64,191.26999999999998,270.76,1,1,1.0
7,9,1237.07,466.98,308.83000000000015,120.31999999999994,1,1,1.0
7,10,1436.11,651.49,104.49000000000001,127.50999999999999,1,1,0.0
8,1,302.88,326.73,112.42000000000002,131.66999999999996,1,1,0.0
8,2,386.2,297.6,289.2,227.5,1,1,1.0
8,3,166.0,532.15,134.44,282.55000000000007,1,1,1.0
8,4,226.32,519.7,232.07999999999998,178.39999999999998,1,1,1.0
8,5,325.8,676.37,185.61,198.42999999999995,1,1,1.0
8,6,591.8,369.77,270.13,276.03,1,1,1.0
8,7,1066.0,256.19,274.72,252.91000000000003,1,1,1.0
8,8,1162.79,552.63,188.01,279.97,1,1,1.0
8,9,1179.25,449.89,244.75,191.11,1,1,1.0
8,10,1431.93,656.0,109.86999999999989,118.79999999999995,1,1,0.0
9,1,306.46,327.03,115.14000000000004,122.67000000000002,1,1,0.0
9,2,388.7,286.3,281.00000000000006,245.09999999999997,1,1,1.0
9,3,165.5,532.15,134.94,278.25,1,1,1.0
9,4,232.76,517.98,224.74,179.22000000000003,1,1,1.0
9,5,336.4,678.88,178.60000000000002,191.82000000000005,1,1,1.0
9,6,589.6,373.21,271.9,273.49000000000007,1,1,1.0
9,7,1070.7,247.68,242.1199999999999,275.32,1,1,1.0
9,8,1162.94,544.93,197.05999999999995,274.6700000000001,1,1,1.0
9,9,1180.96,451.18,244.74,185.52000000000004,1,1,1.0
9,10,1487.5,703.68,51.940000000000055,97.62,1,1,0.0
10,1,306.46,328.23,114.24000000000001,120.26999999999998,1,1,0.0
10,2,394.4,289.4,279.70000000000005,250.20000000000005,1,1,1.0
10,3,167.26,535.16,135.74,274.34000000000003,1,1,1.0
10,4,226.75,516.69,228.64999999999998,179.20999999999992,1,1,1.0
10,5,336.1,674.3,180.0,197.9000000000001,1,1,1.0
10,6,591.8,367.19,270.13,280.81,1,1,1.0
10,7,1077.0,254.55,215.1500000000001,286.74999999999994,1,1,1.0
10,8,1158.04,506.27,155.26,294.83000000000004,1,1,1.0
10,9,1180.54,451.18,251.16000000000008,191.92000000000002,1,1,1.0
10,10,1506.7,750.03,31.289999999999964,38.07000000000005,1,1,0.0
11,1,301.98,322.25,109.41999999999996,137.45,1,1,0.0
11,2,359.2,308.9,267.2,238.89999999999998,1,1,1.0
11,3,166.4,534.73,133.60999999999999,275.66999999999996,1,1,1.0
11,4,226.4,516.69,226.79999999999998,185.80999999999995,1,1,1.0
11,5,335.18,682.0,182.21999999999997,190.80999999999995,1,1,1.0
11,6,591.8,363.75,269.70000000000005,285.15,1,1,1.0
11,7,1079.2,249.39,208.22000000000003,288.90999999999997,1,1,1.0
11,8,1188.1,544.33,157.49,274.9699999999999,1,1,1.0
11,9,1178.4,448.17,246.39999999999986,200.53000000000003,1,1,1.0
11,10,1466.8,758.14,70.25,121.46000000000004,1,1,0.0
12,1,334.84,318.97,71.46000000000004,138.63,1,1,0.0
12,2,330.3,291.9,264.09999999999997,254.60000000000002,1,1,1.0
12,3,166.83,535.59,134.86999999999998,277.80999999999995,1,1,1.0
12,4,225.9,515.4,229.49999999999997,193.30000000000007,1,1,1.0
12,5,335.8,682.0,178.90000000000003,189.0,1,1,1.0
12,6,583.6,368.48,280.48,280.41999999999996,1,1,1.0
12,7,1073.2,260.14,212.06999999999994,279.46000000000004,1,1,1.0
12,8,1036.2,526.89,343.79999999999995,162.21000000000004,1,1,1.0
12,9,1170.06,406.93,264.94000000000005,220.46999999999997,1,1,1.0
12,10,1472.8,755.46,64.25,125.03999999999996,1,1,0.0
13,1,329.92,326.71,80.27999999999997,122.49000000000001,1,1,0.0
13,2,304.6,312.6,279.79999999999995,241.39999999999998,1,1,1.0
13,3,166.83,534.3,133.17,276.1,1,1,1.0
13,4,226.76,515.83,228.64,188.4699999999999,1,1,1.0
13,5,335.8,692.07,191.42000000000002,182.2299999999999,1,1,1.0
13,6,590.9,360.89,267.59000000000003,296.11,1,1,1.0
13,7,1035.2,230.66,266.26,259.14,1,1,1.0
13,8,958.57,423.81,320.13,206.58999999999997,1,1,1.0
13,9,1177.88,422.8,249.01999999999998,218.40000000000003,1,1,1.0
13,10,1475.7,753.07,61.940000000000055,130.13,1,1,0.0
14,1,321.71,326.99,86.99000000000001,127.90999999999997,1,1,0.0
14,2,291.4,323.9,295.5,235.10000000000002,1,1,1.0
14,3,168.12,533.01,125.88,278.69000000000005,1,1,1.0
14,4,221.8,514.54,234.59999999999997,191.56000000000006,1,1,1.0
14,5,335.3,691.77,187.42000000000002,182.02999999999997,1,1,1.0
14,6,590.5,360.89,270.14,292.71000000000004,1,1,1.0
14,7,1048.1,235.96,258.07000000000016,277.43999999999994,1,1,1.0
14,8,921.37,337.13,242.13,273.16999999999996,1,1,1.0
14,9,1175.61,351.44,236.69000000000005,293.85999999999996,1,1,1.0
14,10,1477.2,755.75,59.25,130.45000000000005,1,1,0.0
15,1,319.92,329.43,89.07999999999998,123.96999999999997,1,1,0.0
15,2,291.4,323.9,295.5,235.10000000000002,1,1,1.0
15,3,167.26,588.13,133.64,223.57000000000005,1,1,1.0
15,4,168.32,513.25,278.38,198.04999999999995,1,1,1.0
15,5,337.3,690.27,185.10999999999996,185.52999999999997,1,1,1.0
15,6,590.5,386.62,276.71000000000004,268.67999999999995,1,1,1.0
15,7,1073.7,249.56,226.74,277.34,1,1,1.0
15,8,942.42,280.04,145.98000000000013,327.66,1,1,1.0
15,9,1195.5,272.23,146.04999999999995,385.77,1,1,1.0
15,10,1474.0,751.57,63.940000000000055,133.7299999999999,1,1,0.0
16,1,320.52,326.44,81.88,128.16000000000003,1,1,0.0
16,2,291.4,323.9,295.5,235.10000000000002,1,1,1.0
16,3,168.6,593.3,131.84,208.4000000000001,1,1,1.0
16,4,169.2,515.4,289.2,187.60000000000002,1,1,1.0
16,5,333.9,683.4,179.83000000000004,189.70000000000005,1,1,1.0
16,6,592.6,393.62,280.43999999999994,257.38,1,1,1.0
16,7,1071.1,249.13,230.6300000000001,276.47,1,1,1.0
16,8,917.4,275.34,145.2199999999999,318.26000000000005,1,1,1.0
16,9,1182.4,374.79,162.88999999999987,289.21,1,1,1.0
16,10,1474.2,753.06,64.03999999999996,134.34000000000003,1,1,0.0
17,1,326.19,321.96,83.11000000000001,126.64000000000004,1,1,0.0
17,2,305.8,369.1,296.8,193.0,1,1,1.0
17,3,351.0,644.16,350.91999999999996,108.84000000000003,1,1,1.0
17,4,160.25,519.27,277.25,157.73000000000002,1,1,1.0
17,5,359.85,692.82,196.85000000000002,214.9799999999999,1,1,1.0
17,6,589.6,400.43,313.35,250.57,1,1,1.0
17,7,1075.4,231.67,210.9599999999998,293.5300000000001,1,1,1.0
17,8,918.2,290.7,158.5,293.7,1,1,1.0
17,9,1154.0,425.93,205.96000000000004,235.27000000000004,1,1,1.0
17,10,1474.5,752.47,63.1400000000001,136.23000000000002,1,1,0.0
18,1,334.25,316.88,87.75,125.92000000000002,1,1,0.0
18,2,305.8,396.7,290.49999999999994,172.90000000000003,1,1,1.0
18,3,736.6,514.0,295.4,134.60000000000002,1,1,1.0
18,4,137.8,502.18,279.8,134.42000000000002,1,1,1.0
18,5,324.57,711.07,225.32999999999998,185.32999999999993,1,1,1.0
18,6,591.8,395.7,301.88,251.40000000000003,1,1,1.0
18,7,1083.3,205.48,186.46000000000004,327.31999999999994,1,1,1.0
18,8,909.4,264.75,173.99000000000012,310.65,1,1,1.0
18,9,1132.6,440.55,241.51,220.24999999999994,1,1,1.0
18,10,1484.1,753.06,54.440000000000055,130.84000000000003,1,1,0.0
19,1,339.03,313.6,84.77000000000004,132.5,1,1,0.0
19,2,301.4,390.4,291.80000000000007,184.20000000000005,1,1,1.0
19,3,829.1,501.6,310.4999999999999,99.89999999999998,1,1,1.0
19,4,139.95,508.34,266.35,108.06,1,1,1.0
19,5,309.18,737.37,244.71999999999997,160.23000000000002,1,1,1.0
19,6,592.6,395.7,300.65,246.7,1,1,1.0
19,7,1079.5,253.2,188.9000000000001,274.90000000000003,1,1,1.0
19,8,919.4,261.07,194.17999999999995,298.43,1,1,1.0
19,9,1116.0,444.54,286.6199999999999,199.56,1,1,1.0
19,10,1484.7,745.3,54.13999999999987,134.70000000000005,1,1,0.0
20,1,342.32,309.12,92.98000000000002,138.77999999999997,1,1,0.0
20,2,314.0,400.4,269.20000000000005,188.0,1,1,1.0
20,3,866.42,473.26,309.38,118.13999999999999,1,1,1.0
20,4,139.52,501.48,271.88,112.72000000000003,1,1,1.0
20,5,336.58,748.89,239.12000000000006,150.40999999999997,1,1,1.0
20,6,590.9,397.42,299.34000000000003,248.37999999999994,1,1,1.0
20,7,1033.4,279.23,286.3699999999999,223.37,1,1,1.0
20,8,912.5,244.38,202.49,322.32000000000005,1,1,1.0
20,9,1167.4,421.23,293.98,205.47000000000003,1,1,1.0
20,10,1483.2,747.99,55.039999999999964,129.90999999999997,1,1,0.0
21,1,343.51,306.73,90.59000000000003,130.26999999999998,1,1,0.0
21,2,324.7,379.0,258.50000000000006,209.39999999999998,1,1,1.0
21,3,887.74,462.8,288.26,186.8,1,1,1.0
21,4,152.74,499.33,271.86,110.57,1,1,1.0
21,5,333.98,742.28,242.62,154.01999999999998,1,1,1.0
21,6,589.2,396.56,299.75,247.54000000000002,1,1,1.0
21,7,1027.0,288.32,270.1600000000001,203.48000000000002,1,1,1.0
21,8,918.0,259.74,183.81999999999994,306.46000000000004,1,1,1.0
21,9,1296.5,341.97,175.55999999999995,290.8299999999999,1,1,1.0
21,10,1492.5,750.38,45.440000000000055,145.51999999999998,1,1,0.0
22,1,341.42,306.68,87.88,132.12,1,1,0.0
22,2,315.9,386.5,267.30000000000007,201.89999999999998,1,1,1.0
22,3,894.9,451.51,318.19999999999993,162.78999999999996,1,1,1.0
22,4,193.5,498.25,242.89999999999998,110.14999999999998,1,1,1.0
22,5,336.07,758.18,229.72999999999996,122.82000000000005,1,1,1.0
22,6,590.5,398.71,301.89,249.69,1,1,1.0
22,7,1022.6,289.83,279.7099999999999,202.07,1,1,1.0
22,8,925.3,229.0,144.56999999999994,331.20000000000005,1,1,1.0
22,9,1372.67,324.02,109.42999999999984,332.88,1,1,1.0
22,10,1488.9,750.68,48.75,150.92000000000007,1,1,0.0
23,1,341.72,307.28,89.38,133.02000000000004,1,1,0.0
23,2,312.1,386.5,271.1,207.60000000000002,1,1,1.0
23,3,908.76,464.26,340.44000000000005,166.44000000000005,1,1,1.0
23,4,196.87,488.83,235.23000000000002,118.27000000000004,1,1,1.0
23,5,267.59,753.21,289.81,142.68999999999994,1,1,1.0
23,6,589.2,401.29,307.05999999999995,249.70999999999998,1,1,1.0
23,7,1014.1,294.49,297.5099999999999,199.11,1,1,1.0
23,8,907.4,239.04,149.34000000000003,300.26,1,1,1.0
23,9,1371.81,339.07,108.19000000000005,257.22999999999996,1,1,1.0
23,10,1488.3,751.27,49.350000000000136,150.33000000000004,1,1,0.0
24,1,335.15,306.09,91.45000000000005,132.11,1,1,0.0
24,2,303.3,392.8,279.90000000000003,201.3,1,1,1.0
24,3,973.34,486.72,283.15999999999997,146.57999999999993,1,1,1.0
24,4,209.39,478.19,216.91000000000003,132.41000000000003,1,1,1.0
24,5,287.58,745.59,275.32,165.40999999999997,1,1,1.0
24,6,589.2,400.43,303.62,246.27000000000004,1,1,1.0
24,7,1008.9,288.32,291.2600000000001,199.48000000000002,1,1,1.0
24,8,931.1,250.58,135.54000000000008,281.41999999999996,1,1,1.0
24,9,1371.38,341.22,119.11999999999989,250.17999999999995,1,1,1.0
24,10,1496.4,743.17,40.93999999999983,162.43000000000006,1,1,0.0
25,1,322.01,319.23,103.38999999999999,118.96999999999997,1,1,0.0
25,2,288.9,406.6,294.30000000000007,187.5,1,1,1.0
25,3,988.35,482.08,315.94999999999993,156.71999999999997,1,1,1.0
25,4,214.7,468.39,198.60000000000002,145.81000000000006,1,1,1.0
25,5,286.09,743.5,266.11000000000007,173.79999999999995,1,1,1.0
25,6,586.2,400.43,295.87,243.67000000000002,1,1,1.0
25,7,1011.5,290.69,301.53,195.41000000000003,1,1,1.0
25,8,937.1,250.23,161.01999999999987,284.37,1,1,1.0
25,9,1372.24,324.88,111.3599999999999,271.91999999999996,1,1,1.0
25,10,1492.5,736.45,46.6400000000001,168.8499999999999,1,1,0.0
26,1,318.13,331.47,109.67000000000002,107.92999999999995,1,1,0.0
26,2,288.9,406.6,296.80000000000007,183.10000000000002,1,1,1.0
26,3,1049.08,478.86,293.4200000000001,184.93999999999994,1,1,1.0
26,4,215.56,479.76,194.33999999999997,137.64,1,1,1.0
26,5,285.28,742.39,279.4200000000001,174.51,1,1,1.0
26,6,590.9,400.43,301.49,244.96999999999997,1,1,1.0
26,7,1010.2,297.97,287.94000000000005,187.22999999999996,1,1,1.0
26,8,928.9,234.56,136.80000000000007,309.84,1,1,1.0
26,9,1376.7,289.0,131.5999999999999,280.6,1,1,1.0
26,10,1496.3,712.4,43.700000000000045,174.5,1,1,0.0
27,1,314.54,329.98,113.25999999999999,109.41999999999996,1,1,0.0
27,2,304.6,419.8,281.1,169.90000000000003,1,1,1.0
27,3,1064.35,460.0,278.75,207.20000000000005,1,1,1.0
27,4,213.41,471.59,197.79,145.51000000000005,1,1,1.0
27,5,339.77,750.56,221.43000000000006,162.1400000000001,1,1,1.0
27,6,588.8,402.15,292.84000000000003,241.95000000000005,1,1,1.0
27,7,1031.6,299.48,291.44000000000005,184.91999999999996,1,1,1.0
27,8,942.5,277.37,144.3499999999999,283.73,1,1,1.0
27,9,1407.74,320.82,138.76,268.08,1,1,1.0
27,10,1530.3,702.97,10.819999999999936,63.129999999999995,1,1,0.0
28,1,318.13,327.59,109.37,112.41000000000003,1,1,0.0
28,2,303.3,424.8,282.40000000000003,164.90000000000003,1,1,1.0
28,3,1067.44,457.93,285.76,203.77000000000004,1,1,1.0
28,4,213.41,466.02,201.19000000000003,152.38,1,1,1.0
28,5,349.98,739.99,201.22000000000003,170.90999999999997,1,1,1.0
28,6,585.8,403.01,295.6,241.99,1,1,1.0
28,7,1050.6,292.6,289.96000000000004,160.2,1,1,1.0
28,8,951.3,304.08,134.26,254.52000000000004,1,1,1.0
28,9,1405.59,338.37,141.31000000000017,242.02999999999997,1,1,1.0
28,10,1485.0,697.59,56.72000000000003,231.40999999999997,1,1,0.0
29,1,321.11,323.71,112.69,115.39000000000004,1,1,0.0
29,2,339.7,403.5,246.00000000000006,186.20000000000005,1,1,1.0
29,3,1069.11,453.95,269.19000000000005,207.25000000000006,1,1,1.0
29,4,217.5,470.03,193.10000000000002,142.97000000000003,1,1,1.0
29,5,350.99,746.67,201.40999999999997,162.5300000000001,1,1,1.0
29,6,586.2,394.84,272.04999999999995,247.56,1,1,1.0
29,7,1048.02,293.03,303.18000000000006,170.27000000000004,1,1,1.0
29,8,952.5,310.53,133.05999999999995,241.26999999999998,1,1,1.0
29,9,1406.5,333.6,140.79999999999995,245.10000000000002,1,1,1.0
29,10,1481.1,706.14,60.080000000000155,222.46000000000004,1,1,0.0
30,1,332.16,312.36,103.73999999999995,121.94,1,1,0.0
30,2,339.7,403.5,246.00000000000006,186.20000000000005,1,1,1.0
30,3,1071.18,441.51,261.22,217.59000000000003,1,1,1.0
30,4,218.57,466.3,189.03000000000003,135.3,1,1,1.0
30,5,353.97,742.78,199.32999999999993,166.12,1,1,1.0
30,6,587.0,394.41,268.66999999999996,247.08999999999997,1,1,1.0
30,7,1048.9,292.6,297.39999999999986,163.0,1,1,1.0
30,8,938.0,313.11,145.83999999999992,231.78999999999996,1,1,1.0
30,9,1396.05,351.7,151.6500000000001,224.40000000000003,1,1,1.0
30,10,1480.0,702.19,60.1099999999999,224.90999999999997,1,1,0.0
31,1,339.33,312.06,99.57,115.63999999999999,1,1,0.0
31,2,315.2,397.2,270.50000000000006,192.50000000000006,1,1,1.0
31,3,1072.73,437.38,252.47000000000003,227.12,1,1,1.0
31,4,220.7,473.32,189.0,123.57999999999998,1,1,1.0
31,5,353.97,741.89,203.82999999999993,165.21000000000004,1,1,1.0
31,6,587.9,397.85,268.63,244.54999999999995,1,1,1.0
31,7,1045.7,293.89,287.94000000000005,155.71000000000004,1,1,1.0
31,8,923.1,308.81,160.31000000000006,237.39000000000004,1,1,1.0
31,9,1360.66,379.89,185.83999999999992,174.81000000000006,1,1,1.0
31,10,1478.9,655.31,64.78999999999996,272.19000000000005,1,1,0.0
32,1,346.2,309.07,92.40000000000003,122.53000000000003,1,1,0.0
32,2,326.5,374.0,259.20000000000005,220.70000000000005,1,1,1.0
32,3,1076.06,432.9,252.74,229.5,1,1,1.0
32,4,224.14,476.76,186.46000000000004,123.53999999999996,1,1,1.0
32,5,354.57,745.77,202.32999999999998,162.23000000000002,1,1,1.0
32,6,590.9,392.37,269.5,248.73000000000002,1,1,1.0
32,7,1041.9,292.02,280.28,158.68,1,1,1.0
32,8,899.5,294.47,182.19000000000005,256.03,1,1,1.0
32,9,1306.75,384.9,241.04999999999995,160.10000000000002,1,1,1.0
32,10,1476.8,706.59,64.74000000000001,221.30999999999995,1,1,0.0
33,1,341.72,308.48,93.57999999999998,124.91999999999996,1,1,0.0
33,2,320.2,386.6,265.50000000000006,208.10000000000002,1,1,1.0
33,3,1066.07,434.7,251.93000000000006,222.90000000000003,1,1,1.0
33,4,221.56,478.05,192.04000000000002,121.34999999999997,1,1,1.0
33,5,355.47,746.67,196.32999999999993,163.13,1,1,1.0
33,6,594.4,389.79,267.72,256.50999999999993,1,1,1.0
33,7,1034.9,288.58,288.78999999999996,161.32,1,1,1.0
33,8,896.8,286.37,179.92000000000007,275.23,1,1,1.0
33,9,1305.46,380.6,241.83999999999992,174.79999999999995,1,1,1.0
33,10,1482.5,705.88,56.8900000000001,222.01999999999998,1,1,0.0
34,1,340.53,309.07,96.57000000000005,126.13,1,1,0.0
34,2,337.8,399.8,247.90000000000003,194.90000000000003,1,1,1.0
34,3,1080.81,481.56,273.19000000000005,216.54000000000002,1,1,1.0
34,4,142.67,483.33,266.63,109.37000000000006,1,1,1.0
34,5,356.07,746.67,196.32999999999998,164.0300000000001,1,1,1.0
34,6,593.5,390.22,269.04999999999995,254.77999999999997,1,1,1.0
34,7,1085.84,252.55,147.96000000000004,292.95,1,1,1.0
34,8,872.9,249.31,184.2700000000001,287.89000000000004,1,1,1.0
34,9,1305.85,399.8,240.95000000000005,130.3,1,1,1.0
34,10,1482.2,713.04,56.82999999999993,215.46000000000004,1,1,0.0
35,1,332.17,312.36,104.93,123.44,1,1,0.0
35,2,311.4,397.9,274.30000000000007,196.80000000000007,1,1,1.0
35,3,1161.42,482.6,215.87999999999988,273.29999999999995,1,1,1.0
35,4,144.0,485.91,284.7,112.79000000000002,1,1,1.0
35,5,354.87,745.17,202.63,164.33000000000004,1,1,1.0
35,6,587.0,397.96,267.38,251.74000000000007,1,1,1.0
35,7,1031.55,255.71,193.45000000000005,271.5899999999999,1,1,1.0
35,8,781.48,226.67,220.31999999999994,283.83000000000004,1,1,1.0
35,9,1359.61,393.35,186.3900000000001,142.35000000000002,1,1,1.0
35,10,1480.0,709.82,60.1099999999999,218.27999999999997,1,1,0.0
36,1,324.1,316.84,114.19999999999999,117.76000000000005,1,1,0.0
36,2,293.8,407.9,291.90000000000003,186.80000000000007,1,1,1.0
36,3,1220.79,460.78,133.80999999999995,332.12,1,1,1.0
36,4,160.55,487.34,269.65,111.76000000000005,1,1,1.0
36,5,355.17,746.37,195.43,163.13,1,1,1.0
36,6,589.2,403.12,271.63,245.27999999999997,1,1,1.0
36,7,949.0,311.99,331.79999999999995,204.29999999999995,1,1,1.0
36,8,718.88,258.7,267.82000000000005,225.90000000000003,1,1,1.0
36,9,1395.7,313.59,152.0,218.20999999999998,1,1,1.0
36,10,1474.3,716.99,65.09000000000015,210.80999999999995,1,1,0.0
37,1,323.8,315.94,114.80000000000001,120.16000000000003,1,1,0.0
37,2,281.2,409.8,304.50000000000006,184.90000000000003,1,1,1.0
37,3,1224.92,466.97,118.87999999999988,340.73,1,1,1.0
37,4,159.69,488.2,271.71,111.50000000000006,1,1,1.0
37,5,355.77,746.07,201.43000000000006,163.13,1,1,1.0
37,6,584.9,401.83,290.9,247.07,1,1,1.0
37,7,792.1,378.23,329.4799999999999,248.37,1,1,1.0
37,8,681.34,256.55,302.15999999999997,214.95,1,1,1.0
37,9,1365.82,283.21,180.18000000000006,232.19,1,1,1.0
37,10,1477.9,709.82,62.20999999999981,217.57999999999993,1,1,0.0
38,1,319.92,316.24,118.97999999999996,121.95999999999998,1,1,0.0
38,2,307.6,416.1,278.1,178.60000000000002,1,1,1.0
38,3,1204.52,543.71,130.27999999999997,323.39,1,1,1.0
38,4,157.77,492.06,274.13,120.44,1,1,1.0
38,5,355.47,746.07,201.73000000000002,161.02999999999997,1,1,1.0
38,6,586.6,403.55,293.5,241.84999999999997,1,1,1.0
38,7,641.5,470.93,277.38,280.86999999999995,1,1,1.0
38,8,689.52,233.4,302.38,188.70000000000002,1,1,1.0
38,9,1412.5,342.55,135.70000000000005,213.74999999999994,1,1,1.0
38,10,1482.2,673.68,59.33999999999992,255.92000000000007,1,1,0.0
39,1,323.8,315.05,114.19999999999999,120.75,1,1,0.0
39,2,310.1,416.7,275.6,178.00000000000006,1,1,1.0
39,3,1155.1,592.25,191.0400000000002,273.15,1,1,1.0
39,4,175.9,500.23,233.15,157.87,1,1,1.0
39,5,354.27,746.66,202.02999999999997,163.44000000000005,1,1,1.0
39,6,588.7,400.97,301.55999999999995,247.92999999999995,1,1,1.0
39,7,672.0,486.1,246.16999999999996,295.0,1,1,1.0
39,8,669.73,227.57,330.56999999999994,155.03000000000003,1,1,1.0
39,9,1415.08,344.7,134.42000000000007,233.2,1,1,1.0
39,10,1481.4,703.7,59.09999999999991,224.0999999999999,1,1,0.0
40,1,322.31,313.25,118.08999999999997,127.05000000000001,1,1,0.0
40,2,296.9,430.5,296.30000000000007,164.20000000000005,1,1,1.0
40,3,1166.5,607.44,201.8699999999999,282.05999999999995,1,1,1.0
40,4,162.3,451.08,137.40999999999997,250.62000000000006,1,1,1.0
40,5,342.49,746.07,213.80999999999995,165.82999999999993,1,1,1.0
40,6,586.2,401.76,306.44999999999993,240.64,1,1,1.0
40,7,614.0,510.15,305.67999999999995,245.05000000000007,1,1,1.0
40,8,676.19,218.65,291.51,164.95000000000002,1,1,1.0
40,9,1380.44,353.55,167.76,153.45,1,1,1.0
40,10,1482.2,703.73,59.33999999999992,226.56999999999994,1,1,0.0
41,1,330.67,311.16,114.52999999999997,123.13999999999999,1,1,0.0
41,2,296.9,430.5,300.1,164.20000000000005,1,1,1.0
41,3,1163.6,615.11,200.12000000000012,295.59000000000003,1,1,1.0
41,4,157.98,417.54,128.42,296.25999999999993,1,1,1.0
41,5,343.08,747.26,215.62000000000006,164.03999999999996,1,1,1.0
41,6,581.9,399.61,309.46000000000004,250.09000000000003,1,1,1.0
41,7,592.9,542.11,330.4200000000001,209.68999999999994,1,1,1.0
41,8,698.67,221.23,255.43000000000006,165.37000000000003,1,1,1.0
41,9,1439.6,375.77,110.46000000000004,121.13,1,1,0.0
41,10,1482.2,686.86,57.549999999999955,241.14,1,1,0.0
42,1,338.44,307.58,106.16000000000003,125.52000000000004,1,1,0.0
42,2,296.9,430.5,300.1,157.89999999999998,1,1,1.0
42,3,1176.2,614.87,184.70000000000005,291.23,1,1,1.0
42,4,159.7,420.12,124.10000000000002,293.88,1,1,1.0
42,5,344.58,745.77,213.52000000000004,163.73000000000002,1,1,1.0
42,6,582.3,399.61,316.80000000000007,241.49,1,1,1.0
42,7,615.5,558.78,320.63,187.22000000000003,1,1,1.0
42,8,699.96,222.09,246.33999999999992,162.80999999999997,1,1,1.0
42,9,1447.7,382.72,102.78999999999996,117.57999999999998,1,1,0.0
42,10,1478.9,737.57,60.12999999999988,185.2299999999999,1,1,0.0
43,1,311.56,310.27,136.94,120.13,1,1,0.0
43,2,285.0,430.5,312.0,142.79999999999995,1,1,1.0
43,3,1175.1,609.71,185.2900000000002,286.5899999999999,1,1,1.0
43,4,168.27,430.69,125.83000000000001,311.60999999999996,1,1,1.0
43,5,346.37,746.96,210.83000000000004,162.24,1,1,1.0
43,6,587.0,400.47,320.15,239.82999999999993,1,1,1.0
43,7,628.9,574.1,312.95000000000005,167.60000000000002,1,1,1.0
43,8,697.81,222.09,247.55000000000007,163.63000000000002,1,1,1.0
43,9,1454.2,382.29,96.28999999999996,118.90999999999997,1,1,0.0
43,10,1494.4,664.22,48.57999999999993,218.88,1,1,0.0
44,1,311.86,308.48,135.14,123.12,1,1,0.0
44,2,277.5,430.5,319.5,142.79999999999995,1,1,1.0
44,3,1175.1,611.26,181.67000000000007,302.84000000000003,1,1,1.0
44,4,162.97,461.22,137.13000000000002,302.78,1,1,1.0
44,5,345.77,746.67,209.93000000000006,163.43000000000006,1,1,1.0
44,6,584.0,400.9,320.14,236.80000000000007,1,1,1.0
44,7,628.9,560.64,308.71000000000004,179.36,1,1,1.0
44,8,696.52,225.96,243.27999999999997,160.64000000000001,1,1,1.0
44,9,1443.4,383.58,107.08999999999992,118.42000000000002,1,1,0.0
44,10,1489.6,862.97,42.48000000000002,64.02999999999997,1,1,0.0
45,1,312.75,308.18,133.05,128.21999999999997,1,1,0.0
45,2,327.7,413.5,269.3,171.10000000000002,1,1,1.0
45,3,1175.1,612.29,180.1300000000001,291.9100000000001,1,1,1.0
45,4,155.31,449.48,141.39,317.12,1,1,1.0
45,5,343.98,744.58,212.31999999999994,165.51999999999998,1,1,1.0
45,6,599.1,409.07,296.72,247.43,1,1,1.0
45,7,599.8,572.09,335.46000000000004,169.61,1,1,1.0
45,8,696.09,222.52,235.51,172.28,1,1,1.0
45,9,1415.5,385.78,135.42000000000007,114.12,1,1,0.0
45,10,1503.4,863.39,28.62999999999988,65.11000000000001,1,1,0.0
46,11,1505.3,558.29,39.67000000000007,50.00999999999999,1,1,0.0
46,1,308.87,309.97,142.93,122.82999999999998,1,1,0.0
46,2,314.5,400.9,280.0,193.70000000000005,1,1,1.0
46,3,1173.1,611.26,187.2900000000002,283.84000000000003,1,1,1.0
46,4,160.47,441.61,136.63000000000002,319.39,1,1,1.0
46,5,340.99,746.37,217.71000000000004,163.73000000000002,1,1,1.0
46,6,603.4,404.34,285.5400000000001,260.76000000000005,1,1,1.0
46,7,596.4,580.7,339.70000000000005,158.89999999999998,1,1,1.0
46,8,696.09,225.1,229.90999999999997,174.29999999999998,1,1,1.0
46,9,1438.55,349.3,110.25,144.59999999999997,1,1,0.0
46,10,1507.0,874.12,23.59999999999991,54.379999999999995,1,1,0.0
47,11,1460.9,525.16,85.05999999999995,115.63999999999999,1,1,0.0
47,1,268.55,307.3,188.75,137.62,1,1,0.0
47,2,319.5,390.2,268.70000000000005,213.2,1,1,1.0
47,3,1175.6,614.36,185.30000000000018,272.64,1,1,1.0
47,4,168.32,444.19,125.38,325.41,1,1,1.0
47,5,343.68,745.17,213.82,163.73000000000002,1,1,1.0
47,6,573.3,393.62,306.4200000000001,208.48000000000002,1,1,1.0
47,7,591.1,582.4,345.9,150.30000000000007,1,1,1.0
47,8,697.81,225.53,226.49,178.17,1,1,1.0
47,9,1401.87,320.28,146.23000000000002,160.72000000000003,1,1,1.0
47,10,1505.9,865.52,25.769999999999982,61.48000000000002,1,1,0.0
48,11,1445.2,526.23,99.62999999999988,119.66999999999996,1,1,0.0
48,1,339.03,304.29,66.07000000000005,88.10999999999996,1,1,0.0
48,2,301.9,395.2,287.6,212.00000000000006,1,1,1.0
48,3,1175.6,623.1,202.75,260.79999999999995,1,1,1.0
48,4,188.79,458.44,102.60999999999999,306.16,1,1,1.0
48,5,340.99,745.47,217.71000000000004,164.92999999999995,1,1,1.0
48,6,610.3,389.01,302.31000000000006,205.49,1,1,1.0
48,7,607.0,573.81,335.57000000000005,166.79000000000008,1,1,1.0
48,8,698.24,228.11,223.46000000000004,174.69,1,1,1.0
48,9,1400.3,294.11,147.10000000000014,144.99,1,1,1.0
48,10,1504.9,812.9,30.0,115.20000000000005,1,1,0.0
49,11,1460.7,537.99,84.55999999999995,114.21000000000004,1,1,0.0
49,1,322.01,300.69,137.69,100.11000000000001,1,1,0.0
49,2,320.1,407.1,267.5,190.69999999999993,1,1,1.0
49,3,1175.6,625.17,202.75,273.13,1,1,1.0
49,4,185.78,461.8,114.52000000000001,289.3,1,1,1.0
49,5,340.1,745.47,219.5,164.92999999999995,1,1,1.0
49,6,629.7,384.13,266.51,235.57000000000005,1,1,1.0
49,7,597.5,558.7,331.59000000000003,181.89999999999998,1,1,1.0
49,8,687.95,226.39,226.3499999999999,185.61,1,1,1.0
49,9,1393.56,345.26,155.1400000000001,124.84000000000003,1,1,1.0
49,10,1495.6,850.73,35.72000000000003,76.56999999999994,1,1,0.0
50,11,1408.7,535.41,136.55999999999995,118.49000000000001,1,1,1.0
50,1,327.98,295.91,130.21999999999997,113.88999999999999,1,1,0.0
50,2,320.1,407.1,267.5,190.69999999999993,1,1,1.0
50,3,1165.5,620.52,212.8599999999999,274.18000000000006,1,1,1.0
50,4,186.64,455.21,113.75999999999999,282.29,1,1,1.0
50,5,343.68,744.28,214.42000000000002,165.51999999999998,1,1,1.0
50,6,627.8,384.78,270.98,238.01999999999998,1,1,1.0
50,7,623.2,558.7,312.3399999999999,181.89999999999998,1,1,1.0
50,8,690.96,231.55,227.43999999999994,189.84999999999997,1,1,1.0
50,9,1403.88,348.09,144.81999999999994,122.91000000000003,1,1,1.0
50,10,1495.0,853.23,37.02999999999997,76.56999999999994,1,1,0.0
51,11,1459.1,540.14,86.16000000000008,118.36000000000001,1,1,0.0
51,1,327.98,292.77,135.32,116.73000000000002,1,1,0.0
51,2,315.1,425.9,272.5,171.89999999999998,1,1,1.0
51,3,1157.9,621.53,228.42999999999984,270.77,1,1,1.0
51,4,180.64,457.36,123.46000000000004,285.74,1,1,1.0
51,5,327.38,741.18,229.82000000000005,170.12,1,1,1.0
51,6,628.8,383.27,270.4100000000001,248.63,1,1,1.0
51,7,606.0,562.57,330.4,175.42999999999995,1,1,1.0
51,8,687.52,234.56,237.77999999999997,188.54000000000002,1,1,1.0
51,9,1379.91,349.62,168.78999999999996,124.88,1,1,1.0
51,10,1512.2,909.1,19.09999999999991,21.100000000000023,1,1,0.0
52,11,1459.1,540.57,85.8900000000001,116.92999999999995,1,1,0.0
52,1,328.58,291.57,129.62,123.93,1,1,0.0
52,2,284.3,434.1,310.8,144.89999999999998,1,1,1.0
52,3,1139.9,626.18,255.52999999999997,257.12,1,1,1.0
52,4,183.58,458.65,120.91999999999999,281.95000000000005,1,1,1.0
52,5,338.58,745.06,215.92000000000002,165.6400000000001,1,1,1.0
52,6,634.0,368.45,259.5,265.65000000000003,1,1,1.0
52,7,640.9,564.66,297.58000000000004,173.84000000000003,1,1,1.0
52,8,631.42,235.69,291.2800000000001,180.11,1,1,1.0
52,9,1396.68,351.34,152.91999999999985,123.96000000000004,1,1,1.0
52,10,1512.9,723.73,26.569999999999936,33.870000000000005,1,1,0.0
53,11,1458.6,539.57,86.51999999999998,120.82999999999993,1,1,0.0
53,1,329.18,294.86,129.62,122.44,1,1,0.0
53,2,279.9,442.9,315.20000000000005,136.10000000000002,1,1,1.0
53,3,1144.1,620.5,255.45000000000005,253.39999999999998,1,1,1.0
53,4,188.94,458.22,113.45999999999998,282.38,1,1,1.0
53,5,333.85,745.28,224.25,166.32000000000005,1,1,1.0
53,6,644.6,374.62,268.41999999999996,259.67999999999995,1,1,1.0
53,7,629.7,565.95,310.5,172.04999999999995,1,1,1.0
53,8,672.24,229.16,243.15999999999997,185.73999999999998,1,1,1.0
53,9,1375.61,350.05,173.59000000000015,124.44999999999999,1,1,1.0
53,10,1498.2,719.37,41.48000000000002,35.33000000000004,1,1,0.0
54,11,1459.6,542.43,85.51999999999998,117.57000000000005,1,1,0.0
54,1,336.35,293.06,119.75,127.54000000000002,1,1,0.0
54,2,261.1,459.9,293.19999999999993,150.5,1,1,1.0
54,3,1174.2,622.05,210.68000000000006,274.1500000000001,1,1,1.0
54,4,191.09,458.22,111.30999999999997,284.0799999999999,1,1,1.0
54,5,317.88,742.78,238.72000000000003,168.22000000000003,1,1,1.0
54,6,639.4,383.27,266.5400000000001,235.52999999999997,1,1,1.0
54,7,600.5,563.8,348.27,176.80000000000007,1,1,1.0
54,8,678.69,228.3,236.30999999999995,189.2,1,1,1.0
54,9,1400.12,352.63,148.58000000000015,121.87,1,1,1.0
54,10,1477.9,724.76,61.159999999999854,59.139999999999986,1,1,0.0
55,11,1458.9,539.57,85.8599999999999,119.7299999999999,1,1,0.0
55,1,342.62,296.65,109.27999999999997,128.15000000000003,1,1,0.0
55,2,247.3,420.3,199.0,201.99999999999994,1,1,1.0
55,3,1163.3,633.63,185.8900000000001,274.37,1,1,1.0
55,4,192.38,457.36,110.01999999999998,286.14,1,1,1.0
55,5,334.37,746.29,220.42999999999995,163.81000000000006,1,1,1.0
55,6,633.4,383.66,272.11,241.04000000000002,1,1,1.0
55,7,613.0,565.1,332.29999999999995,179.29999999999995,1,1,1.0
55,8,669.2,233.03,252.69999999999993,174.97,1,1,1.0
55,9,1390.66,351.34,157.63999999999987,125.26000000000005,1,1,1.0
55,10,1477.1,717.18,62.79000000000019,114.5200000000001,1,1,0.0
56,11,1461.8,540.64,83.68000000000006,116.86000000000001,1,1,0.0
56,1,316.04,294.86,131.35999999999996,136.53999999999996,1,1,0.0
56,2,236.64,411.53,134.96000000000004,195.07000000000005,1,1,1.0
56,3,1174.7,633.63,172.94000000000005,285.87,1,1,1.0
56,4,192.38,458.65,108.72000000000003,285.75,1,1,1.0
56,5,337.57,743.68,214.82999999999998,166.42000000000007,1,1,1.0
56,6,647.2,391.25,291.0799999999999,228.75,1,1,1.0
56,7,635.3,562.08,307.88,185.2199999999999,1,1,1.0
56,8,637.76,238.86,290.94000000000005,169.94,1,1,1.0
56,9,1402.7,351.34,146.89999999999986,125.66000000000003,1,1,1.0
56,10,1472.1,718.63,67.79000000000019,111.16999999999996,1,1,0.0
57,11,1460.3,539.21,84.81999999999994,118.99000000000001,1,1,0.0
57,1,317.83,299.93,129.57,134.46999999999997,1,1,0.0
57,2,231.6,424.7,143.1,168.09999999999997,1,1,1.0
57,3,1175.5,635.18,176.26999999999998,283.22,1,1,1.0
57,4,190.66,456.5,111.73999999999998,290.0,1,1,1.0
57,5,335.37,744.69,215.83000000000004,165.70999999999992,1,1,1.0
57,6,637.1,399.42,319.28,178.37999999999994,1,1,1.0
57,7,636.2,564.66,304.8299999999999,183.54000000000008,1,1,1.0
57,8,624.5,256.02,323.6,147.18,1,1,1.0
57,9,1375.6,350.91,173.99,127.38999999999999,1,1,1.0
57,10,1466.1,726.72,73.38000000000011,70.07999999999993,1,1,0.0
58,11,1461.1,537.78,85.09000000000015,119.01999999999998,1,1,0.0
58,1,345.01,296.05,106.59000000000003,135.05,1,1,0.0
58,2,229.7,427.8,147.5,161.2,1,1,1.0
58,3,1177.0,632.08,171.16000000000008,277.02,1,1,1.0
58,4,192.38,458.22,110.42000000000002,285.78,1,1,1.0
58,5,325.78,744.39,231.42000000000007,164.21000000000004,1,1,1.0
58,6,639.4,388.24,317.40999999999997,211.55999999999995,1,1,1.0
58,7,629.6,560.79,309.7099999999999,183.51,1,1,1.0
58,8,620.35,248.28,345.44999999999993,141.32000000000002,1,1,1.0
58,9,1378.19,356.07,171.01,120.93,1,1,1.0
58,10,1495.01,709.92,41.3900000000001,128.18000000000006,1,1,0.0
59,11,1441.9,536.34,102.8599999999999,119.36000000000001,1,1,0.0
59,1,343.81,295.45,112.88999999999999,127.94999999999999,1,1,0.0
59,2,229.7,427.8,150.60000000000002,158.7,1,1,1.0
59,3,1183.8,629.64,156.3900000000001,280.76,1,1,1.0
59,4,193.24,460.8,108.65999999999997,286.40000000000003,1,1,1.0
59,5,328.17,744.69,228.72999999999996,164.20999999999992,1,1,1.0
59,6,644.6,385.66,298.65,230.83999999999997,1,1,1.0
59,7,606.1,570.23,337.93999999999994,181.16999999999996,1,1,1.0
59,8,606.51,248.74,363.99,136.15999999999997,1,1,1.0
59,9,1376.9,339.46,171.0,119.94,1,1,1.0
59,10,1446.2,711.99,93.26999999999998,128.90999999999997,1,1,0.0
60,11,1393.9,531.32,150.8599999999999,119.38,1,1,0.0
60,1,340.53,292.17,118.37,127.72999999999996,1,1,0.0
60,2,229.7,427.8,150.60000000000002,158.7,1,1,1.0
60,3,1176.0,628.61,171.42000000000007,285.49,1,1,1.0
60,4,191.52,458.65,112.58000000000001,286.95000000000005,1,1,1.0
60,5,341.97,744.69,215.32999999999993,165.1099999999999,1,1,1.0
60,6,653.3,410.02,273.5300000000001,216.18000000000006,1,1,1.0
60,7,632.4,566.79,312.5,175.21000000000004,1,1,1.0
60,8,450.33,327.8,296.57,124.39999999999998,1,1,1.0
60,9,1391.09,358.81,158.11000000000013,109.19,1,1,1.0
60,10,1423.0,719.05,116.26999999999998,121.15000000000009,1,1,0.0
61,11,1375.03,479.94,170.76999999999998,161.45999999999998,1,1,1.0
61,1,334.25,295.45,102.05000000000001,134.65000000000003,1,1,0.0
61,2,229.7,427.8,150.60000000000002,158.7,1,1,1.0
61,3,1178.1,628.61,174.48000000000002,283.39,1,1,1.0
61,4,193.67,456.93,109.53,289.36999999999995,1,1,1.0
61,5,345.36,744.98,215.14,163.91999999999996,1,1,1.0
61,6,678.0,369.2,250.20000000000005,270.50000000000006,1,1,1.0
61,7,628.8,569.8,309.6500000000001,174.30000000000007,1,1,1.0
61,8,335.03,360.09,302.97,120.11000000000001,1,1,1.0
61,9,1417.8,340.32,130.93000000000006,118.68,1,1,1.0
61,10,1432.2,710.14,107.26999999999998,128.06000000000006,1,1,0.0
62,11,1348.62,462.98,196.8800000000001,199.91999999999996,1,1,1.0
62,1,327.98,295.15,105.91999999999996,138.85000000000002,1,1,0.0
62,2,229.7,427.8,150.60000000000002,158.7,1,1,1.0
62,3,1173.9,625.52,170.93999999999983,287.48,1,1,1.0
62,4,192.81,457.79,112.99000000000001,286.60999999999996,1,1,1.0
62,5,342.97,744.39,217.23000000000002,165.40999999999997,1,1,1.0
62,6,687.7,328.81,223.17999999999995,298.19,1,1,1.0
62,7,632.2,582.24,313.99,162.15999999999997,1,1,1.0
62,8,322.89,372.72,276.01,114.07999999999998,1,1,1.0
62,9,1401.2,344.19,147.0999999999999,118.61000000000001,1,1,1.0
62,10,1484.5,662.62,57.17000000000007,184.48000000000002,1,1,0.0
63,11,1334.13,417.5,212.06999999999994,219.79999999999995,1,1,1.0
63,1,329.18,293.06,109.21999999999997,123.04000000000002,1,1,0.0
63,2,229.7,427.8,150.60000000000002,158.7,1,1,1.0
63,3,1152.2,630.54,205.56999999999994,278.26,1,1,1.0
63,4,193.24,458.65,110.45999999999998,286.65,1,1,1.0
63,5,343.57,744.69,216.32999999999998,164.51,1,1,1.0
63,6,709.8,311.69,178.05000000000007,322.81,1,1,1.0
63,7,631.3,581.95,310.1600000000001,161.14999999999998,1,1,1.0
63,8,294.73,357.05,258.66999999999996,134.45,1,1,1.0
63,9,1378.0,342.04,170.73000000000002,116.95999999999998,1,1,1.0
63,10,1463.8,657.2,78.01999999999998,195.5,1,1,0.0
64,11,1331.84,393.31,214.36000000000013,247.89000000000004,1,1,1.0
64,1,336.35,293.06,105.94999999999999,121.04000000000002,1,1,0.0
64,2,229.7,427.8,150.60000000000002,158.7,1,1,1.0
64,3,1130.3,635.7,232.12000000000012,247.39999999999998,1,1,1.0
64,4,192.81,461.23,111.29000000000002,282.37,1,1,1.0
64,5,341.18,745.88,218.11999999999995,163.91999999999996,1,1,1.0
64,6,687.15,304.58,179.45000000000005,303.92,1,1,1.0
64,7,607.08,585.18,334.41999999999996,146.62,1,1,1.0
64,8,267.6,375.89,235.26999999999998,118.81,1,1,1.0
64,9,1382.3,344.62,166.0,114.38,1,1,1.0
64,10,1515.6,704.9,22.0,42.0,1,1,0.0
65,11,1320.7,396.32,225.89999999999986,245.68,1,1,1.0
65,1,338.44,293.96,99.36000000000001,113.64000000000004,1,1,0.0
65,2,184.5,457.3,199.60000000000002,130.40000000000003,1,1,1.0
65,3,1119.6,645.81,260.02,257.49,1,1,1.0
65,4,192.81,459.51,112.58999999999997,283.19000000000005,1,1,1.0
65,5,341.78,744.09,218.12,166.61,1,1,1.0
65,6,683.6,286.3,307.1,182.89999999999998,1,1,1.0
65,7,638.12,480.1,293.38,254.19999999999993,1,1,1.0
65,8,232.6,382.23,212.87000000000003,104.26999999999998,1,1,1.0
65,9,1388.7,342.47,160.46000000000004,116.02999999999997,1,1,1.0
65,10,1523.7,710.85,14.61999999999989,31.149999999999977,1,1,0.0
66,11,1315.97,398.9,219.62999999999988,234.20000000000005,1,1,1.0
66,1,340.53,290.67,107.17000000000002,94.82999999999998,1,1,0.0
66,2,198.3,496.86,150.59999999999997,315.03999999999996,1,1,1.0
66,3,1135.9,650.97,241.65999999999985,264.03,1,1,1.0
66,4,193.67,457.79,63.130000000000024,281.91,1,1,1.0
66,5,341.48,743.49,213.31999999999994,167.80999999999995,1,1,1.0
66,6,640.7,302.6,369.69999999999993,136.2,1,1,1.0
66,7,584.3,276.01,163.6400000000001,296.99,1,1,1.0
66,8,247.1,378.25,208.9,99.94999999999999,1,1,1.0
66,9,1379.7,339.46,169.46000000000004,114.74000000000001,1,1,1.0
66,10,1531.8,716.8,7.230000000000018,20.300000000000068,1,1,0.0
67,11,1317.26,399.33,206.1400000000001,209.46999999999997,1,1,1.0
67,1,344.11,279.88,108.99000000000001,101.92000000000002,1,1,0.0
67,2,198.9,599.8,146.85999999999999,267.36,1,1,1.0
67,3,1138.5,655.08,240.33999999999992,253.7199999999999,1,1,1.0
67,4,191.09,453.06,112.10999999999999,282.73999999999995,1,1,1.0
67,5,343.27,745.28,214.23000000000002,163.32000000000005,1,1,1.0
67,6,643.6,304.0,362.5,135.8,1,1,1.0
67,7,579.6,267.6,163.39999999999998,272.19999999999993,1,1,1.0
67,8,278.2,369.47,206.35000000000002,207.63,1,1,1.0
67,9,1399.1,341.18,147.91000000000008,111.82,1,1,1.0
67,10,1534.9,684.05,7.0,17.950000000000045,1,1,0.0
68,11,1255.58,454.49,270.22,200.30999999999995,1,1,1.0
68,1,181.1,278.58,246.12000000000003,221.92000000000002,1,1,1.0
68,2,198.9,604.8,146.85999999999999,262.36,1,1,1.0
68,3,1129.1,652.5,249.22000000000003,248.79999999999995,1,1,1.0
68,4,194.1,457.36,107.00000000000003,262.53999999999996,1,1,1.0
68,5,342.08,744.69,217.52000000000004,165.40999999999997,1,1,1.0
68,6,643.57,306.54,358.92999999999995,131.45999999999998,1,1,1.0
68,7,576.8,277.12,167.06000000000006,278.28,1,1,1.0
68,8,287.2,411.4,157.56,308.70000000000005,1,1,1.0
68,9,1391.8,339.03,156.5,115.67000000000002,1,1,1.0
68,10,1511.99,709.28,27.210000000000036,42.17000000000007,1,1,0.0
69,11,1198.1,473.8,331.8000000000002,138.7,1,1,1.0
69,1,182.6,270.0,248.20000000000002,226.10000000000002,1,1,1.0
69,2,202.0,604.8,143.76,272.4000000000001,1,1,1.0
69,3,1119.6,661.27,258.70000000000005,255.33000000000004,1,1,1.0
69,4,195.39,467.68,98.41000000000003,245.82,1,1,1.0
69,5,341.78,744.98,216.32000000000005,165.41999999999996,1,1,1.0
69,6,645.0,308.33,358.9,131.07,1,1,1.0
69,7,580.3,280.99,151.95000000000005,280.51,1,1,1.0
69,8,289.3,424.85,128.8,335.94999999999993,1,1,1.0
69,9,1390.5,340.75,159.08999999999992,114.75,1,1,1.0
69,10,1489.08,734.5,47.42000000000007,66.39999999999998,1,1,0.0
70,11,1196.81,478.53,328.19000000000005,111.47000000000003,1,1,1.0
70,1,213.9,258.25,186.87999999999997,294.15,1,1,1.0
70,2,202.0,604.8,129.93,272.4000000000001,1,1,1.0
70,3,1108.2,664.03,260.14999999999986,244.67000000000007,1,1,1.0
70,4,195.39,513.11,94.91000000000003,202.99,1,1,1.0
70,5,339.69,742.89,219.60999999999996,164.21000000000004,1,1,1.0
70,6,645.0,308.69,359.29999999999995,132.61,1,1,1.0
70,7,582.4,277.98,155.44000000000005,290.81999999999994,1,1,1.0
70,8,288.0,411.68,113.80000000000001,366.71999999999997,1,1,1.0
70,9,1393.0,341.61,154.44000000000005,115.58999999999997,1,1,1.0
70,10,1267.48,613.94,272.52,152.8599999999999,1,1,1.0
71,11,1197.24,466.01,307.05999999999995,113.28999999999996,1,1,1.0
71,1,173.6,264.0,179.65,303.70000000000005,1,1,1.0
71,2,202.0,604.8,116.10000000000002,272.4000000000001,1,1,1.0
71,3,1137.33,688.5,205.07000000000016,224.37,1,1,1.0
71,4,195.39,526.01,102.21000000000004,190.49,1,1,1.0
71,5,341.18,744.39,214.82,165.11,1,1,1.0
71,6,647.15,311.92,355.35,126.88,1,1,1.0
71,7,584.9,270.49,133.62,295.71000000000004,1,1,1.0
71,8,288.0,416.41,127.13,375.48999999999995,1,1,1.0
71,9,1386.2,342.04,162.52999999999997,113.95999999999998,1,1,1.0
71,10,803.01,471.38,334.28999999999996,118.91999999999996,1,1,1.0
72,11,1221.14,462.33,290.3599999999999,114.67000000000002,1,1,1.0
72,1,202.44,252.7,151.66000000000003,317.2,1,1,1.0
72,2,202.0,608.6,116.10000000000002,268.6,1,1,1.0
72,3,1152.2,659.9,203.56999999999994,253.0,1,1,1.0
72,4,196.25,531.17,96.25,187.5300000000001,1,1,1.0
72,5,344.47,744.98,215.13,166.62,1,1,1.0
72,6,635.28,311.92,348.52,151.57999999999998,1,1,1.0
72,7,585.8,270.48,132.24,299.22,1,1,1.0
72,8,285.0,446.98,129.7,361.91999999999996,1,1,1.0
72,9,1380.1,339.46,168.20000000000005,116.94,1,1,1.0
72,10,624.9,497.53,311.51,208.76999999999998,1,1,1.0
73,11,1176.21,463.19,337.8899999999999,115.60999999999996,1,1,1.0
73,1,210.1,411.0,143.1,131.89999999999998,1,1,1.0
73,2,202.0,608.6,116.10000000000002,272.4,1,1,1.0
73,3,1095.0,644.13,266.76,251.37,1,1,1.0
73,4,196.68,522.14,93.21999999999997,205.15999999999997,1,1,1.0
73,5,342.08,743.49,217.82,167.80999999999995,1,1,1.0
73,6,634.93,312.64,364.6700000000001,152.76,1,1,1.0
73,7,587.5,274.86,147.35000000000002,293.93999999999994,1,1,1.0
73,8,281.8,448.5,129.09999999999997,361.70000000000005,1,1,1.0
73,9,1385.7,331.4,162.16999999999985,110.40000000000003,1,1,1.0
73,10,544.7,500.77,292.18999999999994,218.73000000000002,1,1,1.0
74,11,1165.79,454.49,334.9100000000001,116.00999999999999,1,1,1.0
74,1,211.0,416.71,132.2,132.49000000000007,1,1,1.0
74,2,209.8,608.6,97.5,264.19999999999993,1,1,1.0
74,3,1095.0,660.7,286.28999999999996,233.29999999999995,1,1,1.0
74,4,197.11,529.88,92.78999999999996,188.82000000000005,1,1,1.0
74,5,339.39,744.09,219.01,166.01,1,1,1.0
74,6,618.3,293.01,371.32000000000005,162.29000000000002,1,1,1.0
74,7,586.2,271.16,138.62,296.13999999999993,1,1,1.0
74,8,279.2,462.44,131.49,358.16,1,1,1.0
74,9,1377.1,333.24,170.76999999999998,111.56,1,1,1.0
74,10,456.89,514.61,289.21000000000004,189.28999999999996,1,1,1.0
75,11,1129.32,457.07,317.8800000000001,121.72999999999996,1,1,1.0
75,1,206.7,389.9,142.10000000000002,166.20000000000005,1,1,1.0
75,2,210.5,606.23,96.13,272.56999999999994,1,1,1.0
75,3,1083.8,662.25,293.8700000000001,230.14999999999998,1,1,1.0
75,4,196.25,518.7,93.25,198.69999999999993,1,1,1.0
75,5,338.49,744.09,219.90999999999997,167.51,1,1,1.0
75,6,656.3,288.85,330.95000000000005,191.14999999999998,1,1,1.0
75,7,587.5,276.92,132.89,295.37999999999994,1,1,1.0
75,8,278.7,469.96,130.96000000000004,359.14000000000004,1,1,1.0
75,9,1392.2,332.73,152.23000000000002,115.87,1,1,1.0
75,10,444.76,500.54,275.74,184.06,1,1,1.0
76,11,1116.73,471.16,307.56999999999994,119.13999999999993,1,1,1.0
76,1,206.7,389.9,142.10000000000002,155.30000000000007,1,1,1.0
76,2,211.2,605.52,94.72000000000003,274.98,1,1,1.0
76,3,1137.8,648.38,226.92000000000007,249.72000000000003,1,1,1.0
76,4,194.96,520.85,93.64000000000001,192.64999999999998,1,1,1.0
76,5,337.0,743.79,222.60000000000002,167.21000000000004,1,1,1.0
76,6,656.3,279.99,329.01,201.81,1,1,1.0
76,7,586.2,287.67,130.75,284.03000000000003,1,1,1.0
76,8,276.4,472.5,134.3,364.9,1,1,1.0
76,9,1394.3,331.4,154.0,118.10000000000002,1,1,1.0
76,10,433.38,494.28,219.41999999999996,191.12,1,1,1.0
77,11,1109.29,442.35,285.1100000000001,127.94999999999993,1,1,1.0
77,1,206.7,389.9,142.10000000000002,160.70000000000005,1,1,1.0
77,2,212.3,606.95,101.13999999999999,256.94999999999993,1,1,1.0
77,3,1177.5,634.91,159.08999999999992,271.99,1,1,1.0
77,4,193.67,519.13,96.63000000000002,218.47000000000003,1,1,1.0
77,5,346.86,744.09,214.24,166.30999999999995,1,1,1.0
77,6,658.5,276.77,327.88,195.33000000000004,1,1,1.0
77,7,579.3,281.36,179.93000000000006,300.03999999999996,1,1,1.0
77,8,278.5,457.0,132.19,348.0,1,1,1.0
77,9,1400.35,321.12,148.85000000000014,127.07999999999998,1,1,1.0
77,10,430.8,482.33,192.8,209.96999999999997,1,1,1.0
78,11,1099.92,434.08,288.5799999999999,129.71999999999997,1,1,1.0
78,1,206.7,389.9,142.10000000000002,182.39999999999998,1,1,1.0
78,2,212.3,609.46,98.26999999999998,257.24,1,1,1.0
78,3,1175.4,622.86,146.30999999999995,288.24,1,1,1.0
78,4,195.4,523.0,92.29999999999998,218.5,1,1,1.0
78,5,342.97,744.39,218.13,166.01,1,1,1.0
78,6,638.9,276.98,344.56000000000006,165.62,1,1,1.0
78,7,581.9,276.92,199.72000000000003,310.47999999999996,1,1,1.0
78,8,280.0,456.48,129.64999999999998,359.72,1,1,1.0
78,9,1383.58,329.13,164.32000000000016,118.26999999999998,1,1,1.0
78,10,409.39,465.65,209.21000000000004,260.95000000000005,1,1,1.0
79,11,1083.43,416.68,287.47,137.02000000000004,1,1,1.0
79,1,206.7,389.9,142.10000000000002,194.20000000000005,1,1,1.0
79,2,212.3,610.53,90.21999999999997,261.87,1,1,1.0
79,3,1176.5,625.96,151.91000000000008,287.14,1,1,1.0
79,4,194.96,517.84,92.73999999999998,209.86,1,1,1.0
79,5,335.29,743.79,224.91000000000003,168.11,1,1,1.0
79,6,654.7,277.7,331.27,175.0,1,1,1.0
79,7,581.9,280.99,136.14,303.40999999999997,1,1,1.0
79,8,279.0,455.97,132.7,380.92999999999995,1,1,1.0
79,9,1394.76,331.05,153.94000000000005,115.05000000000001,1,1,1.0
79,10,422.82,411.45,177.28000000000003,303.84999999999997,1,1,1.0
80,11,1074.3,440.58,291.0,123.52000000000004,1,1,1.0
80,1,206.7,389.9,142.10000000000002,207.80000000000007,1,1,1.0
80,2,211.9,616.23,87.03,249.97000000000003,1,1,1.0
80,3,1177.5,629.05,149.8800000000001,277.35,1,1,1.0
80,4,195.39,529.88,93.21000000000004,195.72000000000003,1,1,1.0
80,5,332.28,743.49,229.12,167.21000000000004,1,1,1.0
80,6,655.4,282.0,329.13,171.39999999999998,1,1,1.0
80,7,592.8,274.6,116.0200000000001,317.9,1,1,1.0
80,8,278.5,468.35,131.67000000000002,371.25,1,1,1.0
80,9,1382.72,331.4,163.87999999999988,112.5,1,1,1.0
80,10,427.55,392.28,188.74999999999994,280.32000000000005,1,1,1.0
81,11,1076.5,445.17,289.3800000000001,125.43,1,1,1.0
81,1,215.7,389.9,133.10000000000002,234.89999999999998,1,1,1.0
81,2,210.5,618.38,80.19,250.32000000000005,1,1,1.0
81,3,1174.4,628.02,154.52999999999997,280.48,1,1,1.0
81,4,195.82,528.59,91.48000000000002,194.40999999999997,1,1,1.0
81,5,336.16,743.79,225.23999999999995,167.21000000000004,1,1,1.0
81,6,634.9,280.57,353.57000000000005,201.73000000000002,1,1,1.0
81,7,573.54,273.31,117.56000000000006,323.09,1,1,1.0
81,8,276.4,467.3,137.90000000000003,379.99999999999994,1,1,1.0
81,9,1385.7,330.97,163.02999999999997,112.92999999999995,1,1,1.0
81,10,386.78,409.68,219.82000000000005,288.92,1,1,1.0
82,11,1031.6,443.88,344.75,176.41999999999996,1,1,1.0
82,1,201.2,389.9,147.60000000000002,196.89999999999998,1,1,1.0
82,2,210.1,613.72,83.46000000000001,261.28,1,1,1.0
82,3,1175.4,625.96,154.55999999999995,283.03999999999996,1,1,1.0
82,4,196.25,551.81,91.05000000000001,171.19000000000005,1,1,1.0
82,5,335.26,744.39,226.44000000000005,165.11,1,1,1.0
82,6,634.9,284.15,351.78,200.65000000000003,1,1,1.0
82,7,549.44,274.84,140.76,288.26000000000005,1,1,1.0
82,8,278.5,472.33,133.22000000000003,373.67,1,1,1.0
82,9,1372.8,331.83,175.93000000000006,115.97000000000003,1,1,1.0
82,10,312.93,397.3,258.46999999999997,252.49999999999994,1,1,1.0
83,11,1031.14,437.4,345.15999999999985,192.51,1,1,1.0
83,1,201.2,389.9,152.55,189.64999999999998,1,1,1.0
83,2,210.1,609.06,96.1,260.94000000000005,1,1,1.0
83,3,1174.9,628.54,154.54999999999995,283.56000000000006,1,1,1.0
83,4,196.25,553.1,92.35000000000002,167.29999999999995,1,1,1.0
83,5,338.85,744.39,223.44999999999993,166.90999999999997,1,1,1.0
83,6,636.4,282.36,348.49,180.94,1,1,1.0
83,7,533.64,278.06,156.15999999999997,269.64000000000004,1,1,1.0
83,8,277.4,468.2,132.25,343.40000000000003,1,1,1.0
83,9,1371.5,332.18,175.94000000000005,117.71999999999997,1,1,1.0
83,10,311.21,393.43,258.89000000000004,255.86999999999995,1,1,1.0
84,11,1026.36,439.6,344.44000000000005,210.48000000000002,1,1,1.0
84,1,201.2,389.9,157.5,182.39999999999998,1,1,1.0
84,2,209.0,610.49,94.32999999999998,255.61,1,1,1.0
84,3,1177.0,629.05,151.93000000000006,272.75,1,1,1.0
84,4,195.39,535.47,94.11000000000001,203.82999999999993,1,1,1.0
84,5,334.97,744.09,225.82999999999993,167.51,1,1,1.0
84,6,649.9,282.72,336.4200000000001,158.67999999999995,1,1,1.0
84,7,531.92,271.18,150.58000000000004,279.11999999999995,1,1,1.0
84,8,279.0,473.36,132.72000000000003,358.64,1,1,1.0
84,9,1382.7,330.89,163.87999999999988,118.61000000000001,1,1,1.0
84,10,336.21,406.91,230.58999999999997,234.48999999999995,1,1,1.0
85,11,1022.49,408.7,341.51,161.94,1,1,1.0
85,1,201.2,389.9,157.5,156.20000000000005,1,1,1.0
85,2,210.1,610.5,76.03,255.60000000000002,1,1,1.0
85,3,1177.5,633.28,162.30999999999995,295.4200000000001,1,1,1.0
85,4,196.68,533.75,91.01999999999998,204.75,1,1,1.0
85,5,323.56,743.49,236.94,167.51,1,1,1.0
85,6,666.5,283.79,318.75,167.40999999999997,1,1,1.0
85,7,525.06,267.8,142.84000000000003,291.2,1,1,1.0
85,8,275.3,481.4,124.80000000000001,369.1,1,1,1.0
85,9,1395.2,329.42,151.80999999999995,120.97999999999996,1,1,1.0
85,10,355.52,394.72,194.58000000000004,241.57999999999993,1,1,1.0
86,11,1023.16,445.6,357.43999999999994,133.5,1,1,1.0
86,1,201.2,389.9,165.8,162.5,1,1,1.0
86,2,211.2,613.37,87.12,257.92999999999995,1,1,1.0
86,3,1178.0,631.73,147.3599999999999,294.87,1,1,1.0
86,4,195.39,532.46,94.50999999999999,194.83999999999992,1,1,1.0
86,5,333.67,760.68,239.03000000000003,150.0200000000001,1,1,1.0
86,6,685.0,251.38,272.78999999999996,278.32000000000005,1,1,1.0
86,7,531.49,278.12,138.30999999999995,286.48,1,1,1.0
86,8,269.19,593.5,120.00999999999999,280.0,1,1,1.0
86,9,1391.5,329.42,157.8699999999999,118.57999999999998,1,1,1.0
86,10,311.26,389.75,249.44000000000005,240.45000000000005,1,1,1.0
87,11,1043.57,445.2,327.83000000000015,126.10999999999996,1,1,1.0
87,1,201.2,389.9,164.3,162.5,1,1,1.0
87,2,201.9,627.65,99.28,236.45000000000005,1,1,1.0
87,3,1176.0,628.12,124.26999999999998,273.98,1,1,1.0
87,4,195.39,534.61,108.71000000000004,187.49,1,1,1.0
87,5,326.3,757.99,266.42,137.71000000000004,1,1,1.0
87,6,683.6,215.9,194.69999999999993,356.70000000000005,1,1,1.0
87,7,534.07,275.11,134.02999999999997,289.49,1,1,1.0
87,8,245.93,623.06,148.87,248.1400000000001,1,1,1.0
87,9,1390.0,330.71,159.58999999999992,117.49000000000001,1,1,1.0
87,10,325.79,393.91,236.41000000000003,233.38999999999993,1,1,1.0
88,11,1057.24,443.0,303.26,169.32000000000005,1,1,1.0
88,1,201.2,389.9,162.8,162.5,1,1,1.0
88,2,189.5,666.2,94.11000000000001,205.29999999999995,1,1,1.0
88,3,1178.0,612.86,133.69000000000005,323.64,1,1,1.0
88,4,195.82,530.74,108.68,218.86,1,1,1.0
88,5,292.8,771.27,289.10999999999996,124.83000000000004,1,1,1.0
88,6,644.96,228.56,246.93999999999994,349.34,1,1,1.0
88,7,532.78,267.8,131.51999999999998,302.09999999999997,1,1,1.0
88,8,245.18,639.36,153.62,250.14,1,1,1.0
88,9,1352.2,333.14,197.38999999999987,110.06,1,1,1.0
88,10,336.97,393.05,222.92999999999995,233.84999999999997,1,1,1.0
89,11,1024.4,446.7,321.5,136.56,1,1,1.0
89,1,201.2,389.9,151.5,162.5,1,1,1.0
89,2,188.08,671.98,90.52000000000001,205.72000000000003,1,1,1.0
89,3,1176.0,625.3,158.1500000000001,277.9000000000001,1,1,1.0
89,4,194.96,530.74,109.14000000000001,223.15999999999997,1,1,1.0
89,5,270.9,773.06,316.71000000000004,125.74000000000001,1,1,1.0
89,6,623.35,249.1,236.44999999999993,292.4,1,1,1.0
89,7,536.22,257.42,127.77999999999997,323.78000000000003,1,1,1.0
89,8,247.33,621.85,150.56999999999996,245.64999999999998,1,1,1.0
89,9,1372.0,326.1,175.8699999999999,116.59999999999997,1,1,1.0
89,10,316.28,389.27,243.62,237.63,1,1,1.0
90,11,1002.99,458.4,340.6099999999999,120.99000000000001,1,1,1.0
90,1,201.2,389.9,135.60000000000002,162.5,1,1,1.0
90,2,184.49,688.31,90.90999999999997,191.8900000000001,1,1,1.0
90,3,1173.9,634.07,172.43999999999983,283.2299999999999,1,1,1.0
90,4,194.96,532.03,109.53999999999999,229.67000000000007,1,1,1.0
90,5,304.7,771.57,288.09999999999997,117.32999999999993,1,1,1.0
90,6,641.73,240.1,243.06999999999994,290.9,1,1,1.0
90,7,530.2,214.3,129.0,371.59999999999997,1,1,1.0
90,8,239.16,630.22,154.73999999999998,241.17999999999995,1,1,1.0
90,9,1394.3,326.53,155.28999999999996,104.17000000000002,1,1,1.0
90,10,306.43,395.15,260.27000000000004,232.14999999999998,1,1,1.0
91,11,906.2,361.0,306.20000000000005,208.39999999999998,1,1,1.0
91,1,201.2,389.9,129.5,162.5,1,1,1.0
91,2,186.28,677.94,96.61999999999998,196.15999999999997,1,1,1.0
91,3,1174.9,633.65,176.31999999999994,283.65,1,1,1.0
91,4,196.25,533.32,108.64999999999998,221.4799999999999,1,1,1.0
91,5,320.1,772.77,272.53999999999996,123.02999999999997,1,1,1.0
91,6,642.25,237.0,230.35000000000002,304.29999999999995,1,1,1.0
91,7,534.3,223.4,141.60000000000002,365.4,1,1,1.0
91,8,238.73,625.92,155.57000000000002,247.18000000000006,1,1,1.0
91,9,1381.9,321.8,166.82999999999993,110.19999999999999,1,1,1.0
91,10,351.07,393.19,207.53000000000003,232.41000000000003,1,1,1.0
92,11,902.4,367.45,302.68999999999994,209.25000000000006,1,1,1.0
92,1,201.2,389.9,129.5,162.5,1,1,1.0
92,2,190.2,673.42,93.19999999999999,200.88,1,1,1.0
92,3,1173.9,634.16,177.31999999999994,276.94000000000005,1,1,1.0
92,4,193.67,532.89,110.83000000000001,218.90999999999997,1,1,1.0
92,5,346.1,773.88,263.40999999999997,114.41999999999996,1,1,1.0
92,6,651.53,225.65,201.47000000000003,314.65,1,1,1.0
92,7,533.81,239.2,145.3900000000001,342.3,1,1,1.0
92,8,241.31,621.73,150.58999999999997,264.16999999999996,1,1,1.0
92,9,1393.9,320.11,156.1199999999999,124.78999999999996,1,1,1.0
92,10,325.26,390.56,235.03999999999996,235.04000000000002,1,1,1.0
93,11,922.2,369.89,278.15999999999985,189.51,1,1,1.0
93,1,201.2,389.9,129.5,162.5,1,1,1.0
93,2,184.85,671.41,100.15,203.49,1,1,1.0
93,3,1173.9,632.62,174.23000000000002,279.48,1,1,1.0
93,4,194.96,532.03,109.53999999999999,221.87,1,1,1.0
93,5,358.2,772.96,257.14000000000004,109.93999999999994,1,1,1.0
93,6,668.97,216.61,183.13,340.89,1,1,1.0
93,7,544.32,198.83,143.07999999999993,341.9699999999999,1,1,1.0
93,8,239.16,622.59,151.44000000000003,259.40999999999997,1,1,1.0
93,9,1389.6,318.82,160.85000000000014,113.57999999999998,1,1,1.0
93,10,313.55,386.74,250.15000000000003,241.86,1,1,1.0
94,11,921.6,366.88,280.4799999999999,187.01999999999998,1,1,1.0
94,1,201.2,389.9,129.5,169.70000000000005,1,1,1.0
94,2,188.08,669.24,94.81999999999996,202.76,1,1,1.0
94,3,1173.4,632.62,177.30999999999995,278.48,1,1,1.0
94,4,194.96,531.6,109.93999999999997,224.89999999999998,1,1,1.0
94,5,364.18,766.98,259.92,121.62,1,1,1.0
94,6,674.64,215.53,182.06000000000006,335.47,1,1,1.0
94,7,540.6,247.11,146.79999999999995,301.68999999999994,1,1,1.0
94,8,241.31,622.16,146.19,258.14,1,1,1.0
94,9,1375.2,317.53,173.52999999999997,110.17000000000002,1,1,1.0
94,10,351.31,393.43,207.29000000000002,231.36999999999995,1,1,1.0
95,11,922.1,366.02,279.55000000000007,186.58000000000004,1,1,1.0
95,1,201.2,389.9,129.5,177.80000000000007,1,1,1.0
95,2,189.15,669.23,95.74999999999997,204.56999999999994,1,1,1.0
95,3,1175.4,633.13,175.30999999999995,273.87,1,1,1.0
95,4,195.39,537.19,110.00999999999999,218.90999999999997,1,1,1.0
95,5,346.98,775.08,282.22,112.12,1,1,1.0
95,6,675.94,214.5,178.15999999999997,341.20000000000005,1,1,1.0
95,7,540.6,248.8,147.19999999999993,299.90000000000003,1,1,1.0
95,8,243.46,624.74,152.34,256.46000000000004,1,1,1.0
95,9,1380.3,318.82,168.43000000000006,119.57999999999998,1,1,1.0
95,10,344.86,393.0,211.14,235.20000000000005,1,1,1.0
96,11,925.5,363.87,267.98,190.92999999999995,1,1,1.0
96,1,201.2,389.9,129.5,175.10000000000002,1,1,1.0
96,2,185.92,663.18,100.4,210.22000000000003,1,1,1.0
96,3,1167.8,634.17,181.36000000000013,277.43000000000006,1,1,1.0
96,4,196.68,535.47,108.71999999999997,216.32999999999993,1,1,1.0
96,5,347.58,777.47,276.62000000000006,108.52999999999997,1,1,1.0
96,6,677.23,216.04,179.97000000000003,344.86,1,1,1.0
96,7,539.56,244.81,150.1400000000001,314.69,1,1,1.0
96,8,242.6,623.02,151.6,263.78,1,1,1.0
96,9,1380.7,317.4,167.24,111.5,1,1,1.0
96,10,324.02,392.38,232.77999999999997,237.51999999999998,1,1,1.0
97,11,936.2,348.81,257.28,214.19,1,1,1.0
97,1,202.1,389.0,134.9,175.10000000000002,1,1,1.0
97,2,167.5,668.3,117.39999999999998,216.80000000000007,1,1,1.0
97,3,1163.5,635.71,188.24,271.28999999999996,1,1,1.0
97,4,192.4,533.75,112.99999999999997,235.75,1,1,1.0
97,5,336.99,778.07,286.90999999999997,109.42999999999995,1,1,1.0
97,6,678.26,217.59,185.64,337.40999999999997,1,1,1.0
97,7,536.89,240.88,152.40999999999997,319.12,1,1,1.0
97,8,240.5,623.88,154.2,259.02,1,1,1.0
97,9,1406.7,317.1,142.43000000000006,128.7,1,1,1.0
97,10,306.05,395.39,251.24999999999994,233.21000000000004,1,1,1.0
98,11,942.2,356.55,259.02,205.15000000000003,1,1,1.0
98,1,222.2,389.0,142.90000000000003,212.20000000000005,1,1,1.0
98,2,140.8,664.5,152.64999999999998,221.89999999999998,1,1,1.0
98,3,1154.0,639.33,200.31999999999994,257.16999999999996,1,1,1.0
98,4,192.4,520.85,123.29999999999998,248.14999999999998,1,1,1.0
98,5,347.58,775.98,283.82,110.01999999999998,1,1,1.0
98,6,664.48,222.75,202.01999999999998,327.54999999999995,1,1,1.0
98,7,536.4,239.14,145.96000000000004,324.46000000000004,1,1,1.0
98,8,248.55,639.83,143.75,237.06999999999994,1,1,1.0
98,9,1369.9,315.01,179.82999999999993,111.79000000000002,1,1,1.0
98,10,360.3,394.53,194.8,234.07000000000005,1,1,1.0
99,11,956.6,352.73,251.79000000000008,239.56999999999994,1,1,1.0
99,1,222.2,389.0,129.7,234.79999999999995,1,1,1.0
99,2,131.25,667.37,164.75,221.13,1,1,1.0
99,3,1159.7,648.72,204.8699999999999,240.57999999999993,1,1,1.0
99,4,190.7,523.0,116.40000000000003,249.89999999999998,1,1,1.0
99,5,351.98,778.66,267.52,105.24000000000001,1,1,1.0
99,6,677.31,215.66,179.3900000000001,339.34000000000003,1,1,1.0
99,7,541.0,238.53,148.5,318.87,1,1,1.0
99,8,259.88,705.09,124.51999999999998,171.30999999999995,1,1,1.0
99,9,1372.6,317.1,177.1300000000001,111.79999999999995,1,1,1.0
99,10,305.57,395.77,259.83,233.33000000000004,1,1,1.0
100,11,997.3,326.01,174.43000000000006,318.28999999999996,1,1,1.0
100,1,222.2,389.0,134.7,249.20000000000005,1,1,1.0
100,2,133.98,664.5,161.02,221.10000000000002,1,1,1.0
100,3,1126.9,652.85,241.79999999999995,247.35000000000002,1,1,1.0
100,4,187.7,520.9,119.40000000000003,251.10000000000002,1,1,1.0
100,5,350.49,778.67,277.01,105.53000000000009,1,1,1.0
100,6,682.47,216.69,166.23000000000002,335.71,1,1,1.0
100,7,540.5,208.94,160.72000000000003,344.76000000000005,1,1,1.0
100,8,264.46,701.65,130.24,170.95000000000005,1,1,1.0
100,9,1405.8,315.61,144.83000000000015,149.19,1,1,1.0
100,10,341.18,396.25,216.92000000000002,230.64999999999998,1,1,1.0
101,11,991.8,330.36,168.41000000000008,297.34000000000003,1,1,1.0
101,1,226.0,389.0,124.60000000000002,257.4,1,1,1.0
101,2,172.14,655.83,127.46000000000004,230.06999999999994,1,1,1.0
101,3,1130.5,665.52,248.97000000000003,243.48000000000002,1,1,1.0
101,4,189.8,532.89,118.58999999999997,237.01,1,1,1.0
101,5,366.29,776.28,263.31,105.72000000000003,1,1,1.0
101,6,675.25,214.11,181.45000000000005,336.78999999999996,1,1,1.0
101,7,544.4,224.66,148.70000000000005,314.84000000000003,1,1,1.0
101,8,264.03,701.49,130.57000000000005,171.71000000000004,1,1,1.0
101,9,1394.3,320.98,155.43000000000006,115.12,1,1,1.0
101,10,342.47,392.38,213.92999999999995,234.51999999999998,1,1,1.0
102,11,1004.1,323.48,170.44999999999993,274.22,1,1,1.0
102,1,231.0,389.0,149.10000000000002,238.60000000000002,1,1,1.0
102,2,180.47,656.54,120.22999999999999,222.36,1,1,1.0
102,3,1125.4,667.07,256.1299999999999,245.13,1,1,1.0
102,4,188.9,461.65,118.62999999999997,307.75,1,1,1.0
102,5,366.3,775.4,264.8,113.80000000000007,1,1,1.0
102,6,677.31,215.66,169.49,333.0400000000001,1,1,1.0
102,7,524.4,227.51,174.33000000000004,276.19,1,1,1.0
102,8,264.89,696.87,129.71000000000004,175.52999999999997,1,1,1.0
102,9,1375.9,319.49,173.82999999999993,112.40999999999997,1,1,1.0
102,10,312.5,385.88,247.39999999999998,244.01999999999998,1,1,1.0
103,11,994.8,338.53,193.27999999999997,250.26999999999998,1,1,1.0
103,1,214.0,324.9,175.5,290.1,1,1,1.0
103,2,180.11,660.13,121.28999999999996,213.07000000000005,1,1,1.0
103,3,1122.3,669.2,241.97000000000003,248.5999999999999,1,1,1.0
103,4,191.1,460.36,115.14000000000001,309.03999999999996,1,1,1.0
103,5,367.18,776.0,257.92,106.02999999999997,1,1,1.0
103,6,677.31,214.63,167.99,335.57000000000005,1,1,1.0
103,7,521.8,230.93,185.37,267.57,1,1,1.0
103,8,257.75,686.67,137.14999999999998,190.13,1,1,1.0
103,9,1378.9,319.49,170.23000000000002,111.50999999999999,1,1,1.0
103,10,345.91,394.34,209.19,236.86000000000007,1,1,1.0
104,11,813.9,364.87,304.0100000000001,231.13,1,1,1.0
104,1,239.1,319.2,157.9,303.3,1,1,1.0
104,2,181.18,670.46,122.71999999999997,203.74,1,1,1.0
104,3,1112.8,727.93,238.78999999999996,209.67000000000007,1,1,1.0
104,4,196.3,461.65,112.94999999999999,297.05000000000007,1,1,1.0
104,5,366.59,775.7,263.91,108.41999999999996,1,1,1.0
104,6,677.31,219.27,166.99,326.13,1,1,1.0
104,7,523.5,222.45,171.11,280.75,1,1,1.0
104,8,243.97,682.6,146.23,199.07999999999993,1,1,1.0
104,9,1384.5,319.19,164.03999999999996,111.20999999999998,1,1,1.0
104,10,368.76,392.9,183.74,237.89999999999998,1,1,1.0
105,11,710.5,461.42,268.46000000000004,218.97999999999996,1,1,1.0
105,1,262.3,319.2,127.80000000000001,309.59999999999997,1,1,1.0
105,2,176.2,670.5,128.8,206.29999999999995,1,1,1.0
105,3,1163.4,649.35,231.7199999999998,228.94999999999993,1,1,1.0
105,4,187.2,461.22,121.19,309.88,1,1,1.0
105,5,369.87,775.1,261.23,109.31999999999994,1,1,1.0
105,6,678.34,218.76,152.36,334.03999999999996,1,1,1.0
105,7,514.5,236.79,173.69000000000005,279.81000000000006,1,1,1.0
105,8,232.2,675.9,165.7,210.20000000000005,1,1,1.0
105,9,1389.0,320.39,160.73000000000002,111.21000000000004,1,1,1.0
105,10,309.06,392.47,252.94,237.42999999999995,1,1,1.0
106,11,904.1,448.9,315.4,128.0,1,1,1.0
106,1,262.3,329.9,127.80000000000001,298.9,1,1,1.0
106,2,175.8,672.6,127.80000000000001,202.69999999999993,1,1,1.0
106,3,1133.9,672.09,271.53999999999996,197.80999999999995,1,1,1.0
106,4,191.5,459.5,116.02999999999997,313.4,1,1,1.0
106,5,365.39,776.9,264.21000000000004,106.33000000000004,1,1,1.0
106,6,658.19,230.69,195.1099999999999,266.21,1,1,1.0
106,7,514.0,220.38,162.19000000000005,290.62,1,1,1.0
106,8,236.16,674.1,155.14000000000001,209.76999999999998,1,1,1.0
106,9,1404.8,320.68,144.03999999999996,109.12,1,1,1.0
106,10,358.15,391.9,195.25,238.89999999999998,1,1,1.0
107,11,1101.74,462.23,235.96000000000004,178.26999999999998,1,1,1.0
107,1,262.3,329.9,127.80000000000001,304.6,1,1,1.0
107,2,170.35,669.37,129.95000000000002,207.73000000000002,1,1,1.0
107,3,1130.8,683.73,282.20000000000005,195.97000000000003,1,1,1.0
107,4,194.5,462.08,113.45999999999998,310.82,1,1,1.0
107,5,353.09,776.0,275.91,106.63,1,1,1.0
107,6,618.0,311.66,282.29999999999995,233.04000000000002,1,1,1.0
107,7,526.7,226.06,158.29999999999995,276.34,1,1,1.0
107,8,261.8,667.58,125.89999999999998,221.01999999999998,1,1,1.0
107,9,1408.4,317.7,140.0999999999999,109.10000000000002,1,1,1.0
107,10,349.26,392.47,205.03999999999996,237.02999999999997,1,1,1.0
108,11,1097.01,464.81,244.58999999999992,166.19,1,1,1.0
108,1,262.3,329.9,127.80000000000001,321.6,1,1,1.0
108,2,170.59,671.53,122.91,205.26999999999998,1,1,1.0
108,3,1151.7,672.71,267.03999999999996,227.18999999999994,1,1,1.0
108,4,194.1,460.36,115.58000000000001,308.24,1,1,1.0
108,5,356.97,777.2,273.23,106.62,1,1,1.0
108,6,553.42,412.11,367.2800000000001,127.68999999999994,1,1,1.0
108,7,515.6,228.45,171.47000000000003,279.15000000000003,1,1,1.0
108,8,257.85,657.38,124.34999999999997,230.72000000000003,1,1,1.0
108,9,1363.8,324.26,184.1400000000001,103.74000000000001,1,1,1.0
108,10,361.26,389.03,193.03999999999996,242.17000000000007,1,1,1.0
109,11,716.3,462.9,268.30000000000007,185.60000000000002,1,1,1.0
109,1,262.3,323.1,127.80000000000001,317.1,1,1,1.0
109,2,166.19,669.38,124.11000000000001,212.82000000000005,1,1,1.0
109,3,1155.3,665.0,268.97,215.0,1,1,1.0
109,4,195.0,460.36,105.22000000000003,305.24,1,1,1.0
109,5,360.85,776.0,271.44999999999993,107.52999999999997,1,1,1.0
109,6,552.78,402.89,371.12,131.21000000000004,1,1,1.0
109,7,520.3,233.75,164.70000000000005,274.35,1,1,1.0
109,8,273.33,617.7,151.67000000000002,258.4,1,1,1.0
109,9,1427.1,321.57,122.0300000000002,166.03000000000003,1,1,1.0
109,10,328.66,389.7,221.63999999999993,243.7,1,1,1.0
110,11,687.3,437.98,259.6600000000001,209.81999999999994,1,1,1.0
110,1,262.3,323.1,127.80000000000001,320.9,1,1,1.0
110,2,167.98,652.97,122.32000000000002,233.32999999999993,1,1,1.0
110,3,1165.9,661.9,249.04999999999995,216.5,1,1,1.0
110,4,196.3,461.22,94.88999999999999,284.98,1,1,1.0
110,5,359.66,775.98,274.73999999999995,107.51999999999998,1,1,1.0
110,6,592.8,374.22,376.30000000000007,117.88,1,1,1.0
110,7,509.2,230.23,191.94,275.37,1,1,1.0
110,8,261.02,609.41,164.98000000000002,267.59000000000003,1,1,1.0
110,9,1394.9,320.68,153.63999999999987,118.12,1,1,1.0
110,10,306.48,394.43,250.62,234.67000000000002,1,1,1.0
111,11,700.3,440.13,240.92000000000007,221.66999999999996,1,1,1.0
111,1,277.4,329.1,133.8,288.5,1,1,1.0
111,2,162.02,639.53,125.78,251.26999999999998,1,1,1.0
111,3,1173.7,644.45,219.3499999999999,239.44999999999993,1,1,1.0
111,4,201.0,460.36,94.49000000000001,272.03999999999996,1,1,1.0
111,5,361.0,774.78,273.4,109.62,1,1,1.0
111,6,765.3,347.03,325.8900000000001,129.57000000000005,1,1,1.0
111,7,513.8,244.34,228.97000000000003,264.86,1,1,1.0
111,8,261.45,606.9,165.45,294.1,1,1,1.0
111,9,1372.0,322.77,176.52999999999997,117.23000000000002,1,1,1.0
111,10,353.61,392.33,199.68999999999994,242.37000000000006,1,1,1.0
112,11,692.1,400.86,228.01999999999998,302.03999999999996,1,1,1.0
112,1,260.8,317.8,141.39999999999998,282.49999999999994,1,1,1.0
112,2,146.44,634.17,144.56,239.0300000000001,1,1,1.0
112,3,1172.4,648.58,217.54999999999995,231.2199999999999,1,1,1.0
112,4,201.0,459.5,100.50999999999999,281.1,1,1,1.0
112,5,361.59,776.28,269.21,108.12,1,1,1.0
112,6,871.2,358.39,338.39999999999986,186.90999999999997,1,1,1.0
112,7,501.8,248.99,237.86999999999995,252.11,1,1,1.0
112,8,268.8,586.22,158.8,314.78,1,1,1.0
112,9,1379.2,335.31,168.74,104.99000000000001,1,1,1.0
112,10,348.45,389.75,203.95,244.04999999999995,1,1,1.0
113,11,544.7,492.2,287.03999999999996,230.3,1,1,1.0
113,1,260.8,357.0,151.2,259.1,1,1,1.0
113,2,137.15,630.94,174.65,240.05999999999995,1,1,1.0
113,3,1181.0,652.71,221.8499999999999,240.08999999999992,1,1,1.0
113,4,197.5,460.36,112.61000000000001,285.43999999999994,1,1,1.0
113,5,368.46,776.28,264.44,106.62,1,1,1.0
113,6,906.87,361.58,329.33000000000004,188.42000000000002,1,1,1.0
113,7,498.2,246.41,270.04,244.39000000000001,1,1,1.0
113,8,245.23,591.38,181.87000000000003,283.32000000000005,1,1,1.0
113,9,1364.1,329.93,185.0300000000002,108.87,1,1,1.0
113,10,348.45,391.9,202.65000000000003,244.10000000000002,1,1,1.0
114,11,585.7,485.03,200.05999999999995,252.17000000000007,1,1,1.0
114,1,270.6,401.46,142.14999999999998,212.33999999999997,1,1,1.0
114,2,181.87,621.54,136.7,247.66000000000008,1,1,1.0
114,3,878.98,847.25,330.1199999999999,108.85000000000002,1,1,1.0
114,4,197.1,460.79,110.00000000000003,288.41,1,1,1.0
114,5,378.98,776.28,255.12,109.01999999999998,1,1,1.0
114,6,932.97,361.31,318.6299999999999,188.29000000000002,1,1,1.0
114,7,498.2,247.96,253.90000000000003,246.43999999999997,1,1,1.0
114,8,241.82,599.52,186.88,263.78,1,1,1.0
114,9,1384.9,318.88,164.82999999999993,146.72000000000003,1,1,1.0
114,10,373.78,354.33,178.22000000000003,284.67,1,1,1.0
115,11,475.2,607.2,241.24000000000007,156.0,1,1,1.0
115,1,270.6,351.7,152.7,271.09999999999997,1,1,1.0
115,2,197.33,635.36,113.66999999999999,247.84000000000003,1,1,1.0
115,3,714.3,404.7,240.20000000000005,180.00000000000006,1,1,1.0
115,4,195.4,460.79,115.57000000000002,278.50999999999993,1,1,1.0
115,5,349.4,778.37,275.80000000000007,106.02999999999997,1,1,1.0
115,6,950.66,352.83,282.64,214.37000000000006,1,1,1.0
115,7,510.6,240.22,228.60000000000002,244.98,1,1,1.0
115,8,246.87,611.17,179.82999999999998,249.43000000000006,1,1,1.0
115,9,1384.9,315.6,164.52999999999997,167.79999999999995,1,1,1.0
115,10,387.89,302.71,156.90999999999997,298.79,1,1,1.0
116,11,526.2,560.7,290.78,180.89999999999998,1,1,1.0
116,1,270.6,402.9,152.7,219.89999999999998,1,1,1.0
116,2,204.85,633.73,108.35,225.56999999999994,1,1,1.0
116,3,779.53,271.7,261.77,178.29000000000002,1,1,1.0
116,4,195.8,460.36,111.72999999999996,275.53999999999996,1,1,1.0
116,5,357.38,776.19,274.91999999999996,108.20999999999992,1,1,1.0
116,6,978.79,334.33,260.30999999999995,218.57,1,1,1.0
116,7,508.6,246.93,228.81999999999994,252.76999999999998,1,1,1.0
116,8,235.5,597.06,192.0,266.74,1,1,1.0
116,9,1383.4,318.88,164.24,165.12,1,1,1.0
116,10,361.64,287.8,158.06000000000006,292.90000000000003,1,1,1.0
117,11,577.4,524.2,240.22000000000003,257.0999999999999,1,1,1.0
117,1,270.6,390.1,152.7,232.69999999999993,1,1,1.0
117,2,205.21,635.88,101.89000000000001,223.91999999999996,1,1,1.0
117,3,794.13,265.2,262.2700000000001,172.57,1,1,1.0
117,4,196.25,460.36,114.25,275.93999999999994,1,1,1.0
117,5,359.18,776.79,276.42,109.71000000000004,1,1,1.0
117,6,982.91,341.04,243.89,217.75999999999993,1,1,1.0
117,7,507.0,244.35,238.90999999999997,256.95000000000005,1,1,1.0
117,8,230.92,605.1,205.88000000000002,227.98000000000002,1,1,1.0
117,9,1374.3,312.31,174.24,195.19,1,1,1.0
117,10,360.16,276.71,149.23999999999995,257.29,1,1,1.0
118,11,544.0,520.76,270.17999999999995,186.84000000000003,1,1,1.0
118,1,270.6,390.1,152.7,232.69999999999993,1,1,1.0
118,2,201.63,638.22,139.76999999999998,228.38,1,1,1.0
118,3,829.1,263.2,286.1,167.8,1,1,1.0
118,4,196.68,460.36,113.01999999999998,294.84000000000003,1,1,1.0
118,5,332.36,767.31,293.93999999999994,116.19000000000005,1,1,1.0
118,6,1002.19,334.6,252.51,246.10000000000002,1,1,1.0
118,7,510.1,243.83,244.66999999999996,255.86999999999998,1,1,1.0
118,8,328.75,560.35,134.64999999999998,262.65,1,1,1.0
118,9,1349.0,317.09,199.82999999999993,147.31,1,1,1.0
118,10,366.61,290.33,141.69,254.27000000000004,1,1,1.0
119,11,533.3,533.83,323.84000000000003,181.06999999999994,1,1,1.0
119,1,263.82,365.23,161.78000000000003,257.56999999999994,1,1,1.0
119,2,196.61,637.14,143.39,237.96000000000004,1,1,1.0
119,3,829.6,256.68,282.44999999999993,181.62,1,1,1.0
119,4,194.1,461.22,116.44000000000003,298.28,1,1,1.0
119,5,297.6,783.06,333.19999999999993,106.44000000000005,1,1,1.0
119,6,1030.62,386.91,281.2800000000002,196.58999999999997,1,1,1.0
119,7,503.9,245.38,277.7900000000001,247.62,1,1,1.0
119,8,340.39,593.46,206.81000000000006,213.33999999999992,1,1,1.0
119,9,1368.0,331.77,182.02999999999997,118.73000000000002,1,1,1.0
119,10,346.39,266.29,139.31,159.90999999999997,1,1,1.0
120,11,533.7,528.52,282.0999999999999,174.77999999999997,1,1,1.0
120,1,263.82,365.23,161.78000000000003,257.56999999999994,1,1,1.0
120,2,201.99,640.73,135.51,230.76999999999998,1,1,1.0
120,3,867.8,253.21,278.05999999999995,147.89000000000001,1,1,1.0
120,4,192.0,460.36,115.95999999999998,303.43999999999994,1,1,1.0
120,5,308.67,782.46,323.62999999999994,109.63999999999999,1,1,1.0
120,6,1030.25,425.13,291.95000000000005,167.26999999999998,1,1,1.0
120,7,510.1,244.86,267.4599999999999,250.74,1,1,1.0
120,8,290.57,642.14,265.63000000000005,163.65999999999997,1,1,1.0
120,9,1369.8,340.77,179.33000000000015,112.13,1,1,1.0
120,10,343.38,264.57,135.32,154.13,1,1,1.0
121,11,535.4,528.52,280.4,178.27999999999997,1,1,1.0
121,1,263.82,365.23,161.78000000000003,257.56999999999994,1,1,1.0
121,2,198.4,638.58,141.99999999999997,229.01999999999998,1,1,1.0
121,3,865.9,250.63,297.16999999999996,150.97000000000003,1,1,1.0
121,4,192.0,460.36,115.95999999999998,303.43999999999994,1,1,1.0
121,5,309.1,787.54,323.79999999999995,107.66000000000008,1,1,1.0
121,6,1028.98,434.66,287.31999999999994,190.83999999999997,1,1,1.0
121,7,510.6,244.86,267.48,251.74,1,1,1.0
121,8,285.5,633.4,271.99,172.81000000000006,1,1,1.0
121,9,1370.7,342.88,178.43000000000006,108.82,1,1,1.0
121,10,335.35,267.57,124.84999999999997,102.63,1,1,0.0
