1,1,286.23,625.69,200.93,216.01,1,1,1.0
1,2,478.2,430.0,134.12000000000006,254.05999999999995,1,1,1.0
1,3,765.29,633.2,297.71000000000004,127.33999999999992,1,1,1.0
1,4,891.28,438.94,254.76,262.3,1,1,1.0
1,5,1179.81,345.58,133.83000000000015,351.74000000000007,1,1,1.0
1,6,1679.78,543.93,220.26999999999998,422.09000000000003,1,1,1.0
1,7,2017.85,602.47,222.44000000000005,256.89,1,1,1.0
1,8,1383.4,804.55,281.8899999999999,206.46000000000004,1,1,1.0
1,9,1310.31,122.61,314.28999999999996,191.39,1,1,1.0
2,1,296.9,625.69,190.26000000000005,216.01,1,1,1.0
2,2,478.2,430.0,134.12000000000006,242.0,1,1,1.0
2,3,765.29,633.2,319.6100000000001,127.33999999999992,1,1,1.0
2,4,891.28,438.94,273.6200000000001,250.95999999999998,1,1,1.0
2,5,1170.8,345.58,142.84000000000015,286.92,1,1,1.0
2,6,1679.78,560.2,197.51999999999998,419.9,1,1,1.0
2,7,2017.85,616.0,220.6500000000001,222.60000000000002,1,1,1.0
2,8,1383.4,804.55,286.39999999999986,206.46000000000004,1,1,1.0
2,9,1329.9,122.61,294.6999999999998,191.39,1,1,1.0
3,1,279.3,625.69,207.86,216.01,1,1,1.0
3,2,479.7,438.3,139.40000000000003,251.8,1,1,1.0
3,3,774.3,643.7,347.5,121.39999999999998,1,1,1.0
3,4,901.1,451.7,263.80000000000007,238.2,1,1,1.0
3,5,1170.8,345.58,130.79999999999995,286.92,1,1,1.0
3,6,1710.2,596.0,176.89999999999986,397.1,1,1,1.0
3,7,2017.85,617.8,217.05000000000018,220.80000000000007,1,1,1.0
3,8,1383.4,804.55,293.89999999999986,206.46000000000004,1,1,1.0
3,9,1329.9,122.61,294.6999999999998,191.39,1,1,1.0
4,1,293.7,625.69,193.46000000000004,216.01,1,1,1.0
4,2,482.7,438.3,146.90000000000003,246.49999999999994,1,1,1.0
4,3,774.3,643.7,347.5,121.39999999999998,1,1,1.0
4,4,901.1,451.7,259.9999999999999,236.7,1,1,1.0
4,5,1167.8,345.58,133.79999999999995,297.42,1,1,1.0
4,6,1708.03,644.83,176.9000000000001,397.1,1,1,1.0
4,7,2017.85,617.8,217.05000000000018,247.0,1,1,1.0
4,8,1383.4,804.55,288.5999999999999,206.46000000000004,1,1,1.0
4,9,1344.2,122.61,288.70000000000005,191.39,1,1,1.0
5,1,293.7,625.69,193.46000000000004,216.01,1,1,1.0
5,2,482.7,438.3,154.40000000000003,256.99999999999994,1,1,1.0
5,3,784.8,643.7,337.0,121.39999999999998,1,1,1.0
5,4,901.1,451.7,256.9999999999999,242.00000000000006,1,1,1.0
5,5,1167.8,345.58,133.79999999999995,294.42,1,1,1.0
5,6,1708.03,644.83,176.9000000000001,406.87,1,1,1.0
5,7,2017.85,617.8,217.05000000000018,292.20000000000005,1,1,1.0
5,8,1374.4,804.55,297.5999999999999,206.46000000000004,1,1,1.0
5,9,1344.2,115.1,288.70000000000005,198.9,1,1,1.0
6,1,293.7,625.69,193.46000000000004,216.01,1,1,1.0
6,2,500.79,518.17,187.50999999999993,240.43000000000006,1,1,1.0
6,3,784.8,643.7,309.10000000000014,121.39999999999998,1,1,1.0
6,4,901.1,451.7,228.39999999999998,260.8,1,1,1.0
6,5,1167.8,343.3,133.79999999999995,275.59999999999997,1,1,1.0
6,6,1708.03,644.83,176.9000000000001,406.87,1,1,1.0
6,7,2017.85,617.8,217.05000000000018,309.4000000000001,1,1,1.0
6,8,1379.7,804.55,286.29999999999995,206.46000000000004,1,1,1.0
6,9,1344.2,108.3,288.70000000000005,205.70999999999998,1,1,1.0
7,1,293.7,625.69,193.46000000000004,216.01,1,1,1.0
7,2,515.9,561.9,216.10000000000002,180.89999999999998,1,1,1.0
7,3,767.5,654.2,307.5999999999999,124.5,1,1,1.0
7,4,914.7,442.7,213.29999999999995,278.8,1,1,1.0
7,5,1167.8,343.3,133.79999999999995,295.2,1,1,1.0
7,6,1708.03,644.83,176.9000000000001,406.87,1,1,1.0
7,7,2017.85,617.8,217.05000000000018,309.4000000000001,1,1,1.0
7,8,1379.7,804.55,286.29999999999995,251.6500000000001,1,1,1.0
7,9,1344.2,108.3,282.70000000000005,205.7,1,1,1.0
8,1,305.0,625.69,182.16000000000003,216.01,1,1,1.0
8,2,515.9,558.1,237.20000000000005,177.89999999999998,1,1,1.0
8,3,767.5,654.2,315.9000000000001,124.5,1,1,1.0
8,4,914.7,442.7,213.29999999999995,290.90000000000003,1,1,1.0
8,5,1167.8,339.5,133.79999999999995,291.5,1,1,1.0
8,6,1708.03,644.83,176.9000000000001,406.87,1,1,1.0
8,7,2017.85,617.8,217.05000000000018,302.20000000000005,1,1,1.0
8,8,1379.7,804.55,274.20000000000005,251.6500000000001,1,1,1.0
8,9,1344.2,108.3,291.0,205.7,1,1,1.0
9,1,283.7,616.3,203.46000000000004,225.4000000000001,1,1,1.0
9,2,531.0,564.9,253.0,159.0,1,1,1.0
9,3,767.5,654.2,310.5999999999999,124.5,1,1,1.0
9,4,929.8,439.7,198.20000000000005,293.90000000000003,1,1,1.0
9,5,1163.3,339.5,138.29999999999995,277.9,1,1,1.0
9,6,1708.03,644.83,176.9000000000001,386.26999999999987,1,1,1.0
9,7,2017.85,617.8,217.05000000000018,280.5,1,1,1.0
9,8,1379.7,804.55,276.5,257.6500000000001,1,1,1.0
9,9,1344.2,115.1,291.0,198.9,1,1,1.0
10,1,306.9,603.7,180.26000000000005,238.0,1,1,1.0
10,2,537.0,567.2,256.79999999999995,142.39999999999998,1,1,1.0
10,3,767.5,645.2,310.5999999999999,121.39999999999998,1,1,1.0
10,4,929.8,439.7,198.20000000000005,278.09999999999997,1,1,1.0
10,5,1163.3,339.5,138.29999999999995,270.4,1,1,1.0
10,6,1708.03,644.83,176.9000000000001,359.16999999999996,1,1,1.0
10,7,2017.85,606.9,217.05000000000018,352.9,1,1,1.0
10,8,1379.7,804.55,282.5,257.6500000000001,1,1,1.0
10,9,1344.2,115.1,291.0,198.9,1,1,1.0
11,1,323.9,587.4,141.3,263.70000000000005,1,1,1.0
11,2,624.4,463.2,190.5,249.40000000000003,1,1,1.0
11,3,767.5,645.2,306.0999999999999,128.19999999999993,1,1,1.0
11,4,911.0,442.0,224.5,269.0,1,1,1.0
11,5,1163.3,332.0,138.29999999999995,296.0,1,1,1.0
11,6,1708.03,644.83,176.9000000000001,404.76999999999987,1,1,1.0
11,7,2017.85,617.8,217.05000000000018,329.30000000000007,1,1,1.0
11,8,1379.7,804.55,282.5,232.04999999999995,1,1,1.0
11,9,1331.4,115.1,300.79999999999995,198.91,1,1,1.0
12,1,324.5,523.35,213.53999999999996,244.85000000000002,1,1,1.0
12,2,643.2,445.9,177.69999999999993,264.4,1,1,1.0
12,3,752.4,637.7,291.80000000000007,122.09999999999991,1,1,1.0
12,4,905.7,443.5,222.29999999999995,264.5,1,1,1.0
12,5,1163.3,341.0,142.79999999999995,339.0,1,1,1.0
12,6,1708.03,644.83,176.9000000000001,394.9699999999999,1,1,1.0
12,7,2017.85,617.8,217.05000000000018,233.5,1,1,1.0
12,8,1379.7,804.55,281.70000000000005,229.75,1,1,1.0
12,9,1331.4,115.1,297.79999999999995,198.91,1,1,1.0
13,1,383.5,493.21,180.90999999999997,249.89000000000004,1,1,1.0
13,2,636.4,445.9,184.5,256.1,1,1,1.0
13,3,750.9,627.2,277.5000000000001,122.09999999999991,1,1,1.0
13,4,916.2,439.7,212.5999999999999,278.09999999999997,1,1,1.0
13,5,1163.3,341.0,148.79999999999995,344.29999999999995,1,1,1.0
13,6,1708.03,644.83,176.9000000000001,363.4699999999999,1,1,1.0
13,7,1997.1,644.9,252.30000000000018,198.30000000000007,1,1,1.0
13,8,1376.7,800.8,277.15999999999985,228.23000000000002,1,1,1.0
13,9,1331.4,94.8,297.79999999999995,219.20999999999998,1,1,1.0
14,1,402.3,493.21,162.10999999999996,256.79,1,1,1.0
14,2,671.8,361.5,220.68000000000006,273.4,1,1,1.0
14,3,796.9,544.3,211.20000000000005,250.20000000000005,1,1,1.0
14,4,897.4,435.2,231.39999999999998,272.09999999999997,1,1,1.0
14,5,1179.1,351.5,145.80000000000018,389.6,1,1,1.0
14,6,1708.03,644.83,187.76999999999998,325.4699999999999,1,1,1.0
14,7,2019.7,651.2,229.70000000000005,178.39999999999998,1,1,1.0
14,8,1376.7,800.8,277.15999999999985,228.23000000000002,1,1,1.0
14,9,1319.3,117.4,309.9000000000001,196.60999999999999,1,1,1.0
15,1,411.1,453.0,153.30999999999995,292.6,1,1,1.0
15,2,732.8,302.73,241.82000000000005,215.37,1,1,1.0
15,3,863.2,494.6,124.59999999999991,308.9,1,1,1.0
15,4,892.9,436.0,235.89999999999998,260.79999999999995,1,1,1.0
15,5,1209.2,444.9,157.89999999999986,369.2900000000001,1,1,1.0
15,6,1708.03,644.83,217.06999999999994,320.06999999999994,1,1,1.0
15,7,2006.1,645.8,237.9000000000001,169.30000000000007,1,1,1.0
15,8,1376.7,800.8,280.20000000000005,246.29999999999995,1,1,1.0
15,9,1323.8,117.4,305.4000000000001,201.1,1,1,1.0
16,1,411.1,453.0,153.30999999999995,293.79999999999995,1,1,1.0
16,2,735.1,271.8,298.30000000000007,155.09999999999997,1,1,1.0
16,3,863.2,481.0,124.59999999999991,322.5,1,1,1.0
16,4,889.9,445.8,263.0000000000001,245.7,1,1,1.0
16,5,1226.5,483.3,140.5999999999999,370.09999999999997,1,1,1.0
16,6,1708.03,644.83,236.56999999999994,320.06999999999994,1,1,1.0
16,7,1997.1,645.8,246.9000000000001,169.30000000000007,1,1,1.0
16,8,1376.7,800.8,280.20000000000005,235.79999999999995,1,1,1.0
16,9,1323.8,127.2,299.4000000000001,199.60000000000002,1,1,1.0
17,1,411.1,453.0,153.30999999999995,297.0,1,1,1.0
17,2,783.3,257.5,263.70000000000005,153.60000000000002,1,1,1.0
17,3,863.2,514.2,124.59999999999991,289.29999999999995,1,1,1.0
17,4,889.9,445.8,261.5000000000001,239.7,1,1,1.0
17,5,1226.5,469.7,140.5999999999999,308.3,1,1,1.0
17,6,1708.03,644.83,211.56999999999994,346.06999999999994,1,1,1.0
17,7,2008.0,645.8,236.0,179.20000000000005,1,1,1.0
17,8,1376.7,800.8,280.20000000000005,229.75,1,1,1.0
17,9,1323.8,114.0,299.4000000000001,212.8,1,1,1.0
18,1,411.1,488.2,153.30999999999995,259.90000000000003,1,1,1.0
18,2,783.3,247.7,257.70000000000005,163.40000000000003,1,1,1.0
18,3,851.9,474.3,120.10000000000002,316.40000000000003,1,1,1.0
18,4,889.9,445.8,232.89999999999998,250.99999999999994,1,1,1.0
18,5,1213.7,452.37,167.70000000000005,264.63,1,1,1.0
18,6,1708.03,638.3,184.47000000000003,365.6,1,1,1.0
18,7,2008.0,656.7,242.30000000000018,168.29999999999995,1,1,1.0
18,8,1376.7,800.8,280.20000000000005,223.70000000000005,1,1,1.0
18,9,1350.9,100.8,272.29999999999995,226.0,1,1,1.0
19,1,411.1,505.8,153.30999999999995,237.90000000000003,1,1,1.0
19,2,788.6,247.7,252.39999999999998,157.40000000000003,1,1,1.0
19,3,865.5,382.37,185.6199999999999,245.52999999999997,1,1,1.0
19,4,909.5,430.7,211.0,293.2,1,1,1.0
19,5,1219.0,469.7,169.9000000000001,236.00000000000006,1,1,1.0
19,6,1708.03,629.6,179.06999999999994,374.29999999999995,1,1,1.0
19,7,1979.1,635.0,282.0999999999999,195.39999999999998,1,1,1.0
19,8,1376.7,800.8,280.20000000000005,217.70000000000005,1,1,1.0
19,9,1350.9,100.8,272.29999999999995,226.0,1,1,1.0
20,1,411.1,498.3,153.30999999999995,245.40000000000003,1,1,1.0
20,2,788.6,256.7,274.30000000000007,148.40000000000003,1,1,1.0
20,3,882.1,348.46,325.7499999999999,120.44,1,1,1.0
20,4,914.0,422.4,202.70000000000005,310.5,1,1,1.0
20,5,1216.7,469.7,172.20000000000005,236.00000000000006,1,1,1.0
20,6,1708.03,629.6,179.06999999999994,362.4,1,1,1.0
20,7,1979.1,635.0,274.9000000000001,184.5,1,1,1.0
20,8,1376.7,800.8,287.0,231.29999999999995,1,1,1.0
20,9,1350.9,94.0,272.29999999999995,232.8,1,1,1.0
21,1,411.1,465.6,153.30999999999995,296.29999999999995,1,1,1.0
21,2,788.6,252.9,274.30000000000007,152.20000000000002,1,1,1.0
21,3,1029.8,371.07,334.78,120.44,1,1,1.0
21,4,920.0,422.4,196.70000000000005,321.80000000000007,1,1,1.0
21,5,1211.4,463.7,194.79999999999995,277.40000000000003,1,1,1.0
21,6,1708.03,629.6,179.06999999999994,352.6,1,1,1.0
21,7,1979.1,614.2,274.9000000000001,194.39999999999998,1,1,1.0
21,8,1376.7,800.8,287.0,231.29999999999995,1,1,1.0
21,9,1340.4,118.9,291.0999999999999,198.1,1,1,1.0
22,1,411.1,494.5,153.30999999999995,267.4,1,1,1.0
22,2,788.6,255.2,284.80000000000007,149.90000000000003,1,1,1.0
22,3,1113.4,345.4,307.6999999999998,145.35000000000002,1,1,1.0
22,4,914.7,429.2,202.0,306.00000000000006,1,1,1.0
22,5,1195.6,449.4,195.5,284.20000000000005,1,1,1.0
22,6,1708.03,629.6,179.06999999999994,352.6,1,1,1.0
22,7,1952.9,614.2,301.0999999999999,191.69999999999993,1,1,1.0
22,8,1376.7,800.8,287.0,211.0,1,1,1.0
22,9,1332.1,118.9,299.4000000000001,198.1,1,1,1.0
23,1,411.1,518.4,153.30999999999995,243.5,1,1,1.0
23,2,788.6,259.0,290.80000000000007,146.10000000000002,1,1,1.0
23,3,1163.1,380.1,273.07000000000016,169.42999999999995,1,1,1.0
23,4,907.2,430.7,209.5,286.40000000000003,1,1,1.0
23,5,1206.9,472.0,193.19999999999982,270.6,1,1,1.0
23,6,1708.03,639.4,187.76999999999998,339.5,1,1,1.0
23,7,1888.7,597.02,349.89999999999986,176.27999999999997,1,1,1.0
23,8,1376.7,800.8,287.0,211.0,1,1,1.0
23,9,1332.1,118.9,299.4000000000001,198.1,1,1,1.0
24,1,411.1,522.8,301.5,141.80000000000007,1,1,1.0
24,2,788.6,259.0,277.9999999999999,146.10000000000002,1,1,1.0
24,3,1209.8,384.6,285.1400000000001,192.80999999999995,1,1,1.0
24,4,907.2,430.7,231.39999999999986,287.90000000000003,1,1,1.0
24,5,1224.23,462.96,187.97000000000003,290.94,1,1,1.0
24,6,1708.03,639.4,187.76999999999998,339.5,1,1,1.0
24,7,1888.7,585.3,309.20000000000005,179.9000000000001,1,1,1.0
24,8,1376.7,800.8,287.0,217.0,1,1,1.0
24,9,1332.1,118.9,299.4000000000001,198.1,1,1,1.0
25,1,516.6,578.06,276.38,154.34000000000003,1,1,1.0
25,2,788.6,259.0,288.4999999999999,146.10000000000002,1,1,1.0
25,3,1287.4,382.3,257.28,195.10999999999996,1,1,1.0
25,4,893.6,438.2,266.9,262.3,1,1,1.0
25,5,1224.23,462.96,175.17000000000007,282.64000000000004,1,1,1.0
25,6,1708.03,639.4,187.76999999999998,339.5,1,1,1.0
25,7,1856.1,582.6,320.0999999999999,180.79999999999995,1,1,1.0
25,8,1345.8,800.8,317.9000000000001,208.0,1,1,1.0
25,9,1332.1,118.9,299.4000000000001,198.1,1,1,1.0
26,1,615.2,574.9,332.25,163.14999999999998,1,1,1.0
26,2,788.6,272.6,304.30000000000007,131.0,1,1,1.0
26,3,1312.3,390.6,234.60000000000014,202.60000000000002,1,1,1.0
26,4,885.3,445.7,277.5,245.8,1,1,1.0
26,5,1224.23,462.96,175.17000000000007,272.14000000000004,1,1,1.0
26,6,1708.03,639.4,187.76999999999998,339.5,1,1,1.0
26,7,1729.51,519.3,339.0899999999999,171.80000000000007,1,1,1.0
26,8,1345.8,800.8,317.9000000000001,208.0,1,1,1.0
26,9,1346.4,118.9,285.0999999999999,198.1,1,1,1.0
27,1,691.2,618.9,334.1099999999999,167.5,1,1,1.0
27,2,945.33,296.71,244.76999999999987,191.99,1,1,1.0
27,3,1312.3,390.6,226.29999999999995,254.60000000000002,1,1,1.0
27,4,881.5,454.0,293.4000000000001,232.20000000000005,1,1,1.0
27,5,1231.77,443.37,175.17000000000007,264.63,1,1,1.0
27,6,1708.03,639.4,193.17000000000007,322.1,1,1,1.0
27,7,1634.56,491.27,402.44000000000005,188.93000000000006,1,1,1.0
27,8,1367.7,800.8,305.0,208.0,1,1,1.0
27,9,1346.4,118.9,285.0999999999999,198.1,1,1,1.0
28,1,757.13,629.6,334.12,143.62,1,1,1.0
28,2,1050.83,322.33,185.26999999999998,271.87000000000006,1,1,1.0
28,3,1376.4,426.0,178.77999999999997,262.9,1,1,1.0
28,4,889.8,468.3,313.70000000000005,220.90000000000003,1,1,1.0
28,5,1221.97,416.2,151.02999999999997,296.32,1,1,1.0
28,6,1708.03,656.8,250.67000000000007,285.20000000000005,1,1,1.0
28,7,1683.4,463.2,338.1999999999998,198.89000000000004,1,1,1.0
28,8,1363.2,800.8,309.5,208.0,1,1,1.0
28,9,1346.4,118.9,285.0999999999999,198.1,1,1,1.0
29,1,765.9,620.2,325.35,146.69999999999993,1,1,1.0
29,2,1065.1,325.3,171.0,304.3,1,1,1.0
29,3,1395.2,426.0,140.39999999999986,284.79999999999995,1,1,1.0
29,4,881.5,471.3,309.20000000000005,211.90000000000003,1,1,1.0
29,5,1191.1,416.2,181.9000000000001,289.50000000000006,1,1,1.0
29,6,1762.3,776.2,231.10000000000014,210.29999999999995,1,1,1.0
29,7,1649.9,423.4,371.6999999999998,247.70000000000005,1,1,1.0
29,8,1376.8,800.8,295.9000000000001,211.80000000000007,1,1,1.0
29,9,1346.4,118.9,285.0999999999999,198.1,1,1,1.0
30,1,754.6,646.6,312.80000000000007,149.79999999999995,1,1,1.0
30,2,1065.1,325.3,171.0,309.59999999999997,1,1,1.0
30,3,1410.3,441.8,125.29999999999995,256.90000000000003,1,1,1.0
30,4,881.5,471.3,306.9000000000001,207.40000000000003,1,1,1.0
30,5,1218.2,416.2,154.79999999999995,287.2,1,1,1.0
30,6,1755.8,791.4,248.5,181.0,1,1,1.0
30,7,1643.6,470.4,378.0,186.20000000000005,1,1,1.0
30,8,1351.2,800.8,321.5,211.80000000000007,1,1,1.0
30,9,1328.3,118.9,303.20000000000005,198.1,1,1,1.0
31,1,754.6,629.0,271.4,178.70000000000005,1,1,1.0
31,2,1093.7,338.9,155.20000000000005,332.20000000000005,1,1,1.0
31,3,1410.3,441.8,125.29999999999995,256.90000000000003,1,1,1.0
31,4,881.5,459.2,263.20000000000005,227.00000000000006,1,1,1.0
31,5,1236.3,416.2,136.70000000000005,308.3,1,1,1.0
31,6,1843.7,743.66,185.55999999999995,174.44000000000005,1,1,1.0
31,7,1657.2,425.2,343.5999999999999,254.90000000000003,1,1,1.0
31,8,1351.2,800.8,321.5,211.80000000000007,1,1,1.0
31,9,1334.3,118.9,297.20000000000005,207.9,1,1,1.0
32,1,765.3,629.0,263.20000000000005,178.70000000000005,1,1,1.0
32,2,1102.0,338.9,146.9000000000001,339.70000000000005,1,1,1.0
32,3,1399.8,441.8,135.79999999999995,302.09999999999997,1,1,1.0
32,4,882.3,454.7,242.79999999999995,220.2,1,1,1.0
32,5,1243.08,424.49,136.70000000000005,308.29999999999995,1,1,1.0
32,6,1837.2,743.66,181.20000000000005,159.24,1,1,1.0
32,7,1664.4,288.7,254.0999999999999,391.40000000000003,1,1,1.0
32,8,1329.3,800.8,343.4000000000001,211.80000000000007,1,1,1.0
32,9,1334.3,118.9,297.20000000000005,207.9,1,1,1.0
33,1,779.7,629.0,250.70000000000005,178.70000000000005,1,1,1.0
33,2,1102.0,338.9,134.79999999999995,345.70000000000005,1,1,1.0
33,3,1396.8,427.5,171.20000000000005,280.20000000000005,1,1,1.0
33,4,882.3,454.7,239.79999999999995,216.40000000000003,1,1,1.0
33,5,1227.3,432.0,159.29999999999995,275.20000000000005,1,1,1.0
33,6,1826.3,739.3,192.10000000000014,163.60000000000002,1,1,1.0
33,7,1669.82,180.19,179.98000000000002,436.60999999999996,1,1,1.0
33,8,1309.0,800.8,373.5,206.5,1,1,1.0
33,9,1334.3,118.9,297.20000000000005,207.9,1,1,1.0
34,1,779.7,629.0,256.39999999999986,178.70000000000005,1,1,1.0
34,2,1099.7,338.9,137.0999999999999,335.9,1,1,1.0
34,3,1395.3,529.2,235.99,216.17999999999995,1,1,1.0
34,4,874.8,447.9,242.0,201.30000000000007,1,1,1.0
34,5,1179.1,435.8,207.5,251.09999999999997,1,1,1.0
34,6,1826.3,739.3,185.60000000000014,163.60000000000002,1,1,1.0
34,7,1669.82,191.9,191.77999999999997,382.4,1,1,1.0
34,8,1316.5,800.8,366.0,206.5,1,1,1.0
34,9,1334.3,118.9,297.20000000000005,207.9,1,1,1.0
35,1,779.7,622.1,252.5999999999999,176.79999999999995,1,1,1.0
35,2,1099.7,338.9,128.79999999999995,329.9,1,1,1.0
35,3,1350.8,563.11,263.1600000000001,131.78999999999996,1,1,1.0
35,4,863.5,450.2,255.5999999999999,193.7,1,1,1.0
35,5,1149.7,429.0,242.89999999999986,252.60000000000002,1,1,1.0
35,6,1826.3,739.3,240.89999999999986,165.80000000000007,1,1,1.0
35,7,1641.8,217.2,231.60000000000014,349.00000000000006,1,1,1.0
35,8,1316.5,800.8,366.0,206.5,1,1,1.0
35,9,1334.3,118.9,297.20000000000005,207.9,1,1,1.0
36,1,779.7,604.5,252.5999999999999,194.39999999999998,1,1,1.0
36,2,1099.7,338.9,128.79999999999995,271.9,1,1,1.0
36,3,1350.8,563.11,281.20000000000005,131.78999999999996,1,1,1.0
36,4,862.7,440.4,248.0999999999999,235.89999999999998,1,1,1.0
36,5,1127.1,465.2,273.0,227.7,1,1,1.0
36,6,1818.7,713.26,202.89999999999986,275.44000000000005,1,1,1.0
36,7,1641.8,217.2,224.4000000000001,349.00000000000006,1,1,1.0
36,8,1316.5,800.8,366.0,206.5,1,1,1.0
36,9,1343.3,118.9,288.20000000000005,199.6,1,1,1.0
37,1,773.4,622.7,258.9,173.69999999999993,1,1,1.0
37,2,1099.7,338.9,142.39999999999986,271.9,1,1,1.0
37,3,1350.8,563.11,294.0,142.28999999999996,1,1,1.0
37,4,898.9,445.7,226.19999999999993,259.2,1,1,1.0
37,5,1134.6,465.2,265.5,231.50000000000006,1,1,1.0
37,6,1842.57,730.62,186.6300000000001,300.38,1,1,1.0
37,7,1641.8,211.8,224.4000000000001,354.40000000000003,1,1,1.0
37,8,1324.0,800.8,345.70000000000005,206.5,1,1,1.0
37,9,1343.3,118.9,288.20000000000005,199.6,1,1,1.0
38,1,765.2,622.7,299.0999999999999,173.69999999999993,1,1,1.0
38,2,1099.7,338.9,142.39999999999986,311.80000000000007,1,1,1.0
38,3,1350.8,575.9,278.9000000000001,143.10000000000002,1,1,1.0
38,4,889.9,438.2,223.89999999999998,257.7,1,1,1.0
38,5,1109.7,471.2,289.5999999999999,219.50000000000006,1,1,1.0
38,6,1832.8,730.62,192.10000000000014,275.38,1,1,1.0
38,7,1641.8,203.7,224.4000000000001,362.50000000000006,1,1,1.0
38,8,1355.6,800.8,314.10000000000014,206.5,1,1,1.0
38,9,1343.3,118.9,288.20000000000005,199.6,1,1,1.0
39,1,765.2,635.9,288.39999999999986,160.5,1,1,1.0
39,2,1099.7,342.7,142.39999999999986,280.09999999999997,1,1,1.0
39,3,1367.4,575.9,288.6999999999998,134.80000000000007,1,1,1.0
39,4,879.4,447.2,249.5000000000001,259.2,1,1,1.0
39,5,1130.8,468.9,263.20000000000005,228.60000000000002,1,1,1.0
39,6,1832.8,730.62,192.10000000000014,275.38,1,1,1.0
39,7,1641.8,222.7,228.9000000000001,337.2,1,1,1.0
39,8,1360.1,800.8,307.3000000000002,206.5,1,1,1.0
39,9,1343.3,118.9,288.20000000000005,199.6,1,1,1.0
40,1,763.91,634.64,320.5000000000001,155.46000000000004,1,1,1.0
40,2,1099.7,342.7,142.39999999999986,283.90000000000003,1,1,1.0
40,3,1363.6,575.9,275.9000000000001,134.80000000000007,1,1,1.0
40,4,880.9,452.5,248.80000000000007,249.39999999999998,1,1,1.0
40,5,1133.8,468.9,260.20000000000005,223.30000000000007,1,1,1.0
40,6,1832.8,730.62,192.10000000000014,275.38,1,1,1.0
40,7,1630.9,232.6,246.0999999999999,325.5,1,1,1.0
40,8,1378.2,800.8,286.20000000000005,211.0,1,1,1.0
40,9,1343.3,118.9,288.20000000000005,199.6,1,1,1.0
41,1,763.91,634.64,336.7900000000001,155.46000000000004,1,1,1.0
41,2,1099.7,342.7,142.39999999999986,260.50000000000006,1,1,1.0
41,3,1363.6,564.6,260.10000000000014,126.5,1,1,1.0
41,4,874.9,455.5,253.30000000000007,235.89999999999998,1,1,1.0
41,5,1138.3,468.9,255.70000000000005,219.5,1,1,1.0
41,6,1829.5,723.0,183.5,296.0,1,1,1.0
41,7,1616.4,256.1,273.29999999999995,283.0,1,1,1.0
41,8,1378.2,800.8,286.20000000000005,210.20000000000005,1,1,1.0
41,9,1343.3,118.9,288.20000000000005,199.6,1,1,1.0
42,1,776.5,626.5,353.0999999999999,153.60000000000002,1,1,1.0
42,2,1094.4,342.7,161.29999999999995,246.18,1,1,1.0
42,3,1363.6,564.6,248.80000000000018,126.5,1,1,1.0
42,4,874.9,455.5,280.4,234.39999999999998,1,1,1.0
42,5,1168.4,468.9,225.5999999999999,226.30000000000007,1,1,1.0
42,6,1829.5,723.0,183.5,290.5,1,1,1.0
42,7,1616.4,256.1,288.6999999999998,266.69999999999993,1,1,1.0
42,8,1378.2,800.8,286.20000000000005,210.20000000000005,1,1,1.0
42,9,1343.3,118.9,288.20000000000005,199.6,1,1,1.0
43,1,776.5,626.5,353.0999999999999,153.60000000000002,1,1,1.0
43,2,1094.4,342.7,174.0999999999999,243.2,1,1,1.0
43,3,1355.3,560.1,249.60000000000014,128.0,1,1,1.0
43,4,874.9,464.5,285.69999999999993,226.89999999999998,1,1,1.0
43,5,1178.9,448.6,215.0999999999999,245.79999999999995,1,1,1.0
43,6,1825.2,723.0,187.79999999999995,300.29999999999995,1,1,1.0
43,7,1597.4,261.5,307.6999999999998,261.29999999999995,1,1,1.0
43,8,1378.2,800.8,286.20000000000005,210.20000000000005,1,1,1.0
43,9,1343.3,118.9,288.20000000000005,199.6,1,1,1.0
44,1,776.5,626.5,302.9000000000001,153.60000000000002,1,1,1.0
44,2,1080.8,342.7,172.60000000000014,229.59999999999997,1,1,1.0
44,3,1555.0,497.56,342.27,166.44,1,1,1.0
44,4,874.9,464.5,260.80000000000007,207.29999999999995,1,1,1.0
44,5,1133.7,459.9,232.39999999999986,225.5,1,1,1.0
44,6,1833.9,723.0,179.0999999999999,239.5,1,1,1.0
44,7,1596.5,225.3,358.29999999999995,208.0,1,1,1.0
44,8,1378.2,800.8,286.20000000000005,210.20000000000005,1,1,1.0
44,9,1354.6,118.9,276.9000000000001,187.49999999999997,1,1,1.0
45,1,776.5,626.5,316.0999999999999,153.60000000000002,1,1,1.0
45,2,1035.6,322.4,233.60000000000014,210.70000000000005,1,1,1.0
45,3,1555.0,497.56,342.27,176.94,1,1,1.0
45,4,874.9,464.5,248.69999999999993,238.89999999999998,1,1,1.0
45,5,1133.7,459.9,250.5,225.5,1,1,1.0
45,6,1817.6,723.0,203.0,236.20000000000005,1,1,1.0
45,7,1630.9,255.1,351.0,185.4,1,1,1.0
45,8,1378.2,800.8,286.20000000000005,210.20000000000005,1,1,1.0
45,9,1354.6,118.9,276.9000000000001,187.49999999999997,1,1,1.0
46,1,776.5,626.5,316.0999999999999,153.60000000000002,1,1,1.0
46,2,1053.7,339.0,296.89999999999986,142.89999999999998,1,1,1.0
46,3,1548.97,503.59,317.43000000000006,229.70999999999998,1,1,1.0
46,4,874.9,464.5,244.89999999999998,244.20000000000005,1,1,1.0
46,5,1084.72,500.59,303.98,141.11000000000007,1,1,1.0
46,6,1802.4,731.7,246.4000000000001,232.89999999999998,1,1,1.0
46,7,1630.9,255.1,351.0,185.4,1,1,1.0
46,8,1378.2,800.8,286.20000000000005,210.20000000000005,1,1,1.0
46,9,1354.6,118.9,276.9000000000001,187.49999999999997,1,1,1.0
47,1,776.5,626.5,323.5999999999999,153.60000000000002,1,1,1.0
47,2,1049.2,335.2,269.79999999999995,174.60000000000002,1,1,1.0
47,3,1681.89,490.02,165.51,374.38,1,1,1.0
47,4,874.1,460.7,247.9999999999999,225.40000000000003,1,1,1.0
47,5,977.72,409.41,325.0799999999999,208.19,1,1,1.0
47,6,1802.4,740.4,275.6999999999998,192.70000000000005,1,1,1.0
47,7,1606.5,255.1,375.4000000000001,173.70000000000002,1,1,1.0
47,8,1378.2,800.8,286.20000000000005,210.20000000000005,1,1,1.0
47,9,1354.6,118.9,276.9000000000001,187.49999999999997,1,1,1.0
48,1,776.5,626.5,348.0999999999999,153.60000000000002,1,1,1.0
48,2,1076.33,348.01,301.47,142.99,1,1,1.0
48,3,1662.9,500.0,181.79999999999995,389.72,1,1,1.0
48,4,871.1,478.8,308.9999999999999,192.2,1,1,1.0
48,5,843.6,320.5,315.9999999999999,189.3,1,1,1.0
48,6,1802.4,746.9,294.0999999999999,201.39999999999998,1,1,1.0
48,7,1557.7,274.1,424.20000000000005,154.7,1,1,1.0
48,8,1367.7,800.8,299.70000000000005,210.20000000000005,1,1,1.0
48,9,1336.5,118.9,295.0,187.49999999999997,1,1,1.0
49,1,776.5,626.5,345.5999999999999,153.60000000000002,1,1,1.0
49,2,1143.4,375.1,273.5999999999999,155.10000000000002,1,1,1.0
49,3,1654.8,500.0,198.0,329.1,1,1,1.0
49,4,877.1,495.4,314.30000000000007,192.20000000000005,1,1,1.0
49,5,790.1,298.65,324.9999999999999,186.25,1,1,1.0
49,6,1802.4,746.9,293.0,193.80000000000007,1,1,1.0
49,7,1610.1,268.7,360.9000000000001,160.10000000000002,1,1,1.0
49,8,1367.7,800.8,299.70000000000005,210.20000000000005,1,1,1.0
49,9,1331.2,123.4,300.29999999999995,182.99999999999997,1,1,1.0
50,1,776.5,626.5,338.0999999999999,153.60000000000002,1,1,1.0
50,2,1143.4,375.1,278.0999999999999,149.10000000000002,1,1,1.0
50,3,1638.5,500.0,231.5,325.5,1,1,1.0
50,4,881.6,489.4,341.4,204.20000000000005,1,1,1.0
50,5,808.9,300.9,257.19999999999993,155.40000000000003,1,1,1.0
50,6,1802.4,746.9,323.4000000000001,216.60000000000002,1,1,1.0
50,7,1621.0,268.7,339.0999999999999,157.40000000000003,1,1,1.0
50,8,1367.7,800.8,299.70000000000005,210.20000000000005,1,1,1.0
50,9,1344.8,117.4,286.70000000000005,195.79999999999998,1,1,1.0
51,1,776.5,626.5,338.0999999999999,153.60000000000002,1,1,1.0
51,2,1143.4,378.1,278.0999999999999,141.60000000000002,1,1,1.0
51,3,1629.5,500.0,229.5999999999999,316.5,1,1,1.0
51,4,900.4,530.1,329.4,162.0,1,1,1.0
51,5,815.7,294.9,259.39999999999986,151.60000000000002,1,1,1.0
51,6,1802.4,746.9,323.4000000000001,216.60000000000002,1,1,1.0
51,7,1621.0,264.2,329.20000000000005,165.5,1,1,1.0
51,8,1367.7,800.8,299.70000000000005,210.20000000000005,1,1,1.0
51,9,1337.3,117.4,286.70000000000005,195.79999999999998,1,1,1.0
52,1,776.5,626.5,327.4000000000001,153.60000000000002,1,1,1.0
52,2,1143.4,378.1,278.0999999999999,139.29999999999995,1,1,1.0
52,3,1665.7,500.0,188.89999999999986,326.4,1,1,1.0
52,4,894.4,530.1,312.0000000000001,165.79999999999995,1,1,1.0
52,5,797.6,299.4,277.4999999999999,143.3,1,1,1.0
52,6,1802.4,746.9,311.5,186.20000000000005,1,1,1.0
52,7,1621.0,264.2,339.0999999999999,187.2,1,1,1.0
52,8,1367.7,800.8,299.70000000000005,210.20000000000005,1,1,1.0
52,9,1328.3,117.4,298.70000000000005,195.79999999999998,1,1,1.0
53,1,776.5,626.5,321.0999999999999,153.60000000000002,1,1,1.0
53,2,1143.4,378.1,269.0999999999999,139.29999999999995,1,1,1.0
53,3,1665.7,485.5,188.89999999999986,340.9,1,1,1.0
53,4,894.4,525.6,306.0000000000001,168.0,1,1,1.0
53,5,797.6,303.2,277.4999999999999,139.5,1,1,1.0
53,6,1802.4,746.9,300.5999999999999,202.5,1,1,1.0
53,7,1621.0,251.5,339.0999999999999,216.2,1,1,1.0
53,8,1367.7,800.8,299.70000000000005,210.20000000000005,1,1,1.0
53,9,1340.4,117.4,286.5999999999999,186.79999999999998,1,1,1.0
54,1,776.5,626.5,329.20000000000005,153.60000000000002,1,1,1.0
54,2,1147.2,378.1,265.29999999999995,139.29999999999995,1,1,1.0
54,3,1665.7,485.5,184.39999999999986,348.1,1,1,1.0
54,4,894.4,525.6,306.0000000000001,164.19999999999993,1,1,1.0
54,5,797.6,300.2,277.4999999999999,142.5,1,1,1.0
54,6,1802.4,746.9,300.5999999999999,202.5,1,1,1.0
54,7,1576.7,251.5,383.39999999999986,178.2,1,1,1.0
54,8,1367.7,800.8,299.70000000000005,210.20000000000005,1,1,1.0
54,9,1324.6,117.4,302.4000000000001,186.79999999999998,1,1,1.0
55,1,776.5,626.5,317.29999999999995,153.60000000000002,1,1,1.0
55,2,1147.2,378.1,265.29999999999995,139.29999999999995,1,1,1.0
55,3,1672.9,485.5,177.19999999999982,405.1,1,1,1.0
55,4,894.4,515.1,294.69999999999993,177.69999999999993,1,1,1.0
55,5,701.9,294.92,332.5000000000001,141.77999999999997,1,1,1.0
55,6,1802.4,746.9,296.2999999999997,215.5,1,1,1.0
55,7,1560.4,260.5,363.5,193.60000000000002,1,1,1.0
55,8,1367.7,800.8,299.70000000000005,210.20000000000005,1,1,1.0
55,9,1348.0,117.4,279.0,186.79999999999998,1,1,1.0
56,1,776.5,626.5,314.79999999999995,153.60000000000002,1,1,1.0
56,2,1147.2,378.1,265.29999999999995,139.29999999999995,1,1,1.0
56,3,1672.9,480.1,180.79999999999995,325.5,1,1,1.0
56,4,890.6,515.1,291.69999999999993,177.69999999999993,1,1,1.0
56,5,720.7,283.6,313.70000000000005,144.09999999999997,1,1,1.0
56,6,1817.6,746.9,269.2000000000003,206.80000000000007,1,1,1.0
56,7,1268.33,482.9,229.67000000000007,208.11,1,1,1.0
56,8,1367.7,800.8,299.70000000000005,210.20000000000005,1,1,1.0
56,9,1333.7,117.4,293.29999999999995,186.79999999999998,1,1,1.0
57,1,776.5,626.5,314.0999999999999,155.5,1,1,1.0
57,2,1147.2,378.1,265.29999999999995,139.29999999999995,1,1,1.0
57,3,1672.9,480.1,180.79999999999995,316.5,1,1,1.0
57,4,890.6,515.1,291.69999999999993,177.69999999999993,1,1,1.0
57,5,699.6,283.6,334.80000000000007,144.09999999999997,1,1,1.0
57,6,1817.6,746.9,273.5,211.10000000000002,1,1,1.0
57,7,1268.3,490.4,230.5,237.5,1,1,1.0
57,8,1367.7,800.8,299.70000000000005,210.20000000000005,1,1,1.0
57,9,1342.7,117.4,284.29999999999995,186.79999999999998,1,1,1.0
58,1,776.5,626.5,308.5,153.60000000000002,1,1,1.0
58,2,1147.2,378.1,265.29999999999995,139.29999999999995,1,1,1.0
58,3,1672.9,480.1,180.79999999999995,316.5,1,1,1.0
58,4,886.1,511.3,281.9,187.49999999999994,1,1,1.0
58,5,699.6,296.4,334.80000000000007,137.40000000000003,1,1,1.0
58,6,1817.6,746.9,277.8000000000002,220.89999999999998,1,1,1.0
58,7,1268.3,480.6,227.5,220.19999999999993,1,1,1.0
58,8,1367.7,800.8,299.70000000000005,210.20000000000005,1,1,1.0
58,9,1357.0,117.4,270.0,186.79999999999998,1,1,1.0
59,1,776.5,626.5,308.5,153.60000000000002,1,1,1.0
59,2,1147.2,378.1,307.5,139.29999999999995,1,1,1.0
59,3,1672.9,480.1,180.79999999999995,316.5,1,1,1.0
59,4,886.1,511.3,281.9,187.49999999999994,1,1,1.0
59,5,716.2,279.1,318.20000000000005,154.7,1,1,1.0
59,6,1817.6,746.9,259.4000000000001,209.0,1,1,1.0
59,7,1268.3,476.8,223.0,219.59999999999997,1,1,1.0
59,8,1367.7,800.8,299.70000000000005,210.20000000000005,1,1,1.0
59,9,1357.0,117.4,270.0,186.79999999999998,1,1,1.0
60,1,776.5,626.5,308.5,153.60000000000002,1,1,1.0
60,2,1147.2,378.1,289.39999999999986,139.29999999999995,1,1,1.0
60,3,1663.0,480.1,190.70000000000005,358.1,1,1,1.0
60,4,886.1,511.3,281.9,187.49999999999994,1,1,1.0
60,5,687.6,294.9,346.80000000000007,138.90000000000003,1,1,1.0
60,6,1817.6,746.9,246.4000000000001,181.89999999999998,1,1,1.0
60,7,1268.3,472.3,220.70000000000005,221.40000000000003,1,1,1.0
60,8,1367.7,800.8,299.70000000000005,210.20000000000005,1,1,1.0
60,9,1341.2,117.4,285.79999999999995,186.79999999999998,1,1,1.0
61,1,776.5,626.5,308.5,153.60000000000002,1,1,1.0
61,2,1147.2,378.1,282.5999999999999,139.29999999999995,1,1,1.0
61,3,1667.52,509.0,190.70000000000005,397.91999999999996,1,1,1.0
61,4,886.1,503.8,278.1,192.7,1,1,1.0
61,5,630.33,326.5,311.37,157.02999999999997,1,1,1.0
61,6,1817.6,741.5,199.70000000000005,178.60000000000002,1,1,1.0
61,7,1268.3,470.0,216.20000000000005,227.20000000000005,1,1,1.0
61,8,1373.7,800.8,284.70000000000005,210.20000000000005,1,1,1.0
61,9,1332.9,117.4,294.0999999999999,186.79999999999998,1,1,1.0
62,1,776.5,626.5,308.5,160.5,1,1,1.0
62,2,1147.2,378.1,287.0999999999999,139.29999999999995,1,1,1.0
62,3,1667.52,509.0,190.70000000000005,381.6,1,1,1.0
62,4,886.1,503.8,278.1,192.7,1,1,1.0
62,5,538.4,367.9,317.4,145.76999999999998,1,1,1.0
62,6,1817.6,741.5,193.20000000000005,178.60000000000002,1,1,1.0
62,7,1246.4,470.0,238.0999999999999,257.20000000000005,1,1,1.0
62,8,1373.7,800.8,290.70000000000005,210.20000000000005,1,1,1.0
62,9,1332.9,117.4,294.0999999999999,186.79999999999998,1,1,1.0
63,1,776.5,630.9,308.5,156.10000000000002,1,1,1.0
63,2,1147.2,378.1,317.20000000000005,139.29999999999995,1,1,1.0
63,3,1667.52,493.6,174.3800000000001,362.6,1,1,1.0
63,4,886.1,506.8,284.1,188.2,1,1,1.0
63,5,477.37,378.45,317.39,133.75000000000006,1,1,1.0
63,6,1830.6,741.5,180.20000000000005,178.60000000000002,1,1,1.0
63,7,1270.5,470.0,214.0,274.5,1,1,1.0
63,8,1373.7,800.8,290.70000000000005,210.20000000000005,1,1,1.0
63,9,1323.1,117.4,303.9000000000001,194.29999999999998,1,1,1.0
64,1,776.5,630.9,308.5,156.10000000000002,1,1,1.0
64,2,1147.2,378.1,311.20000000000005,139.29999999999995,1,1,1.0
64,3,1667.52,493.6,168.07999999999993,331.9,1,1,1.0
64,4,886.1,506.8,284.1,188.2,1,1,1.0
64,5,429.14,324.95,321.15999999999997,179.75,1,1,1.0
64,6,1830.6,741.5,227.9000000000001,178.60000000000002,1,1,1.0
64,7,1270.5,464.0,206.5,288.0,1,1,1.0
64,8,1373.7,800.8,290.70000000000005,210.20000000000005,1,1,1.0
64,9,1323.1,117.4,303.9000000000001,194.29999999999998,1,1,1.0
65,1,767.1,628.4,309.69999999999993,158.60000000000002,1,1,1.0
65,2,1147.2,378.1,315.0,139.29999999999995,1,1,1.0
65,3,1667.52,478.2,168.07999999999993,378.00000000000006,1,1,1.0
65,4,886.1,506.8,284.1,188.2,1,1,1.0
65,5,447.98,330.22,285.02,165.47999999999996,1,1,1.0
65,6,1816.5,741.5,272.4000000000001,178.60000000000002,1,1,1.0
65,7,1270.5,459.5,188.4000000000001,322.6,1,1,1.0
65,8,1373.7,800.8,290.70000000000005,210.20000000000005,1,1,1.0
65,9,1293.0,117.4,334.0,194.29999999999998,1,1,1.0
66,1,767.1,628.4,309.69999999999993,158.60000000000002,1,1,1.0
66,2,1147.2,378.1,297.70000000000005,139.29999999999995,1,1,1.0
66,3,1649.4,478.2,186.19999999999982,325.59999999999997,1,1,1.0
66,4,886.1,506.8,291.6,189.7,1,1,1.0
66,5,427.6,328.7,296.4,164.7,1,1,1.0
66,6,1829.5,751.3,274.5999999999999,162.30000000000007,1,1,1.0
66,7,1290.1,509.2,198.20000000000005,275.2,1,1,1.0
66,8,1373.7,800.8,303.5,210.20000000000005,1,1,1.0
66,9,1293.0,117.4,334.0,194.29999999999998,1,1,1.0
67,1,767.1,628.4,317.19999999999993,158.60000000000002,1,1,1.0
67,2,1147.2,378.1,278.0999999999999,139.29999999999995,1,1,1.0
67,3,1649.4,471.0,193.39999999999986,321.0,1,1,1.0
67,4,886.1,506.8,278.80000000000007,190.49999999999994,1,1,1.0
67,5,433.6,323.4,290.4,170.0,1,1,1.0
67,6,1831.67,770.83,298.42999999999984,162.29999999999995,1,1,1.0
67,7,1302.2,592.1,365.39999999999986,175.0,1,1,1.0
67,8,1347.3,800.8,335.20000000000005,216.20000000000005,1,1,1.0
67,9,1330.7,117.4,296.29999999999995,194.29999999999998,1,1,1.0
68,1,767.1,628.4,317.19999999999993,158.60000000000002,1,1,1.0
68,2,1147.2,378.1,278.0999999999999,139.29999999999995,1,1,1.0
68,3,1615.0,471.0,236.79999999999995,316.5,1,1,1.0
68,4,886.1,506.8,278.80000000000007,190.49999999999994,1,1,1.0
68,5,429.8,327.9,294.2,165.5,1,1,1.0
68,6,1831.67,770.83,301.73,162.29999999999995,1,1,1.0
68,7,1296.9,617.0,351.89999999999986,150.10000000000002,1,1,1.0
68,8,1347.3,775.9,335.20000000000005,241.10000000000002,1,1,1.0
68,9,1330.7,117.4,296.29999999999995,194.29999999999998,1,1,1.0
69,1,767.1,628.4,317.19999999999993,158.60000000000002,1,1,1.0
69,2,1147.2,378.1,278.0999999999999,139.29999999999995,1,1,1.0
69,3,1619.52,571.4,300.0799999999999,226.80000000000007,1,1,1.0
69,4,886.1,506.8,281.1,199.49999999999994,1,1,1.0
69,5,457.7,333.9,266.3,159.5,1,1,1.0
69,6,1881.6,770.83,251.80000000000018,162.29999999999995,1,1,1.0
69,7,1299.2,588.4,293.0999999999999,178.70000000000005,1,1,1.0
69,8,1347.3,775.9,335.20000000000005,241.10000000000002,1,1,1.0
69,9,1311.1,117.4,315.9000000000001,194.29999999999998,1,1,1.0
70,1,767.1,628.4,317.19999999999993,158.60000000000002,1,1,1.0
70,2,1147.2,378.1,267.5999999999999,139.29999999999995,1,1,1.0
70,3,1665.6,579.5,282.0,191.0,1,1,1.0
70,4,886.1,506.8,272.1,171.59999999999997,1,1,1.0
70,5,464.5,337.7,259.5,155.7,1,1,1.0
70,6,1853.4,775.3,308.1999999999998,157.83000000000004,1,1,1.0
70,7,1322.6,525.9,194.30000000000018,244.20000000000005,1,1,1.0
70,8,1335.2,797.0,360.0999999999999,220.0,1,1,1.0
70,9,1305.1,117.4,321.9000000000001,194.29999999999998,1,1,1.0
71,1,767.1,628.4,309.69999999999993,158.60000000000002,1,1,1.0
71,2,1147.2,378.1,267.5999999999999,139.29999999999995,1,1,1.0
71,3,1676.5,579.5,279.20000000000005,192.60000000000002,1,1,1.0
71,4,879.3,509.1,286.4000000000001,166.29999999999995,1,1,1.0
71,5,415.5,329.4,308.5,164.0,1,1,1.0
71,6,1838.2,770.83,323.39999999999986,162.29999999999995,1,1,1.0
71,7,1331.6,512.3,174.0,257.80000000000007,1,1,1.0
71,8,1309.6,803.8,385.70000000000005,213.20000000000005,1,1,1.0
71,9,1312.6,117.4,314.4000000000001,194.29999999999998,1,1,1.0
72,1,767.1,628.4,317.9,158.60000000000002,1,1,1.0
72,2,1147.2,378.1,267.5999999999999,139.29999999999995,1,1,1.0
72,3,1676.5,579.5,279.20000000000005,192.60000000000002,1,1,1.0
72,4,895.9,496.29,295.41999999999996,142.20999999999998,1,1,1.0
72,5,444.13,328.65,281.37,142.15000000000003,1,1,1.0
72,6,1838.2,770.83,311.4999999999998,162.29999999999995,1,1,1.0
72,7,1327.1,512.3,169.5,257.80000000000007,1,1,1.0
72,8,1309.6,803.8,366.10000000000014,201.10000000000002,1,1,1.0
72,9,1312.6,117.4,314.4000000000001,194.29999999999998,1,1,1.0
73,1,761.45,628.4,317.89999999999986,158.60000000000002,1,1,1.0
73,2,1147.2,378.1,275.0999999999999,139.29999999999995,1,1,1.0
73,3,1678.3,606.6,281.0,165.5,1,1,1.0
73,4,902.68,457.9,283.32000000000005,212.25,1,1,1.0
73,5,474.3,316.6,251.2,154.2,1,1,1.0
73,6,1826.3,763.2,297.39999999999986,169.92999999999995,1,1,1.0
73,7,1321.1,510.8,175.5,259.3,1,1,1.0
73,8,1317.1,803.8,358.60000000000014,201.10000000000002,1,1,1.0
73,9,1320.3,122.0,306.70000000000005,185.10000000000002,1,1,1.0
74,1,761.45,628.4,324.8499999999999,158.60000000000002,1,1,1.0
74,2,1147.2,378.1,329.39999999999986,139.29999999999995,1,1,1.0
74,3,1678.3,606.6,290.0,165.5,1,1,1.0
74,4,902.68,494.1,286.32000000000005,176.04999999999995,1,1,1.0
74,5,423.8,317.4,301.7,153.40000000000003,1,1,1.0
74,6,1859.94,714.37,239.86000000000013,220.92999999999995,1,1,1.0
74,7,1321.1,510.8,171.0,281.90000000000003,1,1,1.0
74,8,1326.1,803.8,334.5,201.10000000000002,1,1,1.0
74,9,1312.6,117.4,314.4000000000001,194.29999999999998,1,1,1.0
75,1,761.45,635.9,290.95000000000005,154.89999999999998,1,1,1.0
75,2,1147.2,361.5,335.39999999999986,137.8,1,1,1.0
75,3,1678.3,606.6,290.0,165.5,1,1,1.0
75,4,902.68,477.5,290.82000000000005,210.70000000000005,1,1,1.0
75,5,444.9,320.4,280.6,150.40000000000003,1,1,1.0
75,6,1866.4,637.3,186.69999999999982,298.0,1,1,1.0
75,7,1321.1,510.8,201.10000000000014,258.49999999999994,1,1,1.0
75,8,1326.1,803.8,339.10000000000014,201.10000000000002,1,1,1.0
75,9,1312.6,117.4,314.4000000000001,194.29999999999998,1,1,1.0
76,1,761.45,642.8,279.64999999999986,156.20000000000005,1,1,1.0
76,2,1162.3,361.5,312.0,137.8,1,1,1.0
76,3,1678.3,606.6,290.0,165.5,1,1,1.0
76,4,920.8,473.7,272.70000000000005,205.50000000000006,1,1,1.0
76,5,452.4,317.4,273.1,153.40000000000003,1,1,1.0
76,6,1842.5,629.7,204.0999999999999,323.0,1,1,1.0
76,7,1304.5,525.1,217.70000000000005,244.19999999999993,1,1,1.0
76,8,1326.1,803.8,339.10000000000014,201.10000000000002,1,1,1.0
76,9,1312.6,117.4,314.4000000000001,194.29999999999998,1,1,1.0
77,1,761.45,642.8,264.54999999999995,156.20000000000005,1,1,1.0
77,2,1233.88,381.09,301.41999999999985,155.91000000000003,1,1,1.0
77,3,1678.3,606.6,290.0,165.5,1,1,1.0
77,4,920.8,475.2,284.0,178.40000000000003,1,1,1.0
77,5,471.2,313.6,254.3,157.2,1,1,1.0
77,6,1808.9,653.6,244.19999999999982,323.0,1,1,1.0
77,7,1297.7,540.2,267.5,229.0999999999999,1,1,1.0
77,8,1326.1,803.8,339.10000000000014,201.10000000000002,1,1,1.0
77,9,1312.6,117.4,314.4000000000001,194.29999999999998,1,1,1.0
78,1,770.9,642.8,255.10000000000002,156.20000000000005,1,1,1.0
78,2,1252.0,381.09,308.9000000000001,147.91000000000003,1,1,1.0
78,3,1678.3,606.6,290.0,165.5,1,1,1.0
78,4,920.8,473.7,265.9000000000001,173.90000000000003,1,1,1.0
78,5,475.0,313.6,250.5,157.2,1,1,1.0
78,6,1795.9,757.8,257.1999999999998,225.30000000000007,1,1,1.0
78,7,1292.4,544.0,301.39999999999986,225.29999999999995,1,1,1.0
78,8,1326.1,803.8,339.10000000000014,201.10000000000002,1,1,1.0
78,9,1312.6,117.4,314.4000000000001,194.29999999999998,1,1,1.0
79,1,770.9,642.8,255.10000000000002,156.20000000000005,1,1,1.0
79,2,1258.8,381.09,313.4000000000001,146.11000000000007,1,1,1.0
79,3,1678.3,606.6,290.0,165.5,1,1,1.0
79,4,920.8,483.5,296.79999999999995,164.10000000000002,1,1,1.0
79,5,454.7,304.6,270.8,166.2,1,1,1.0
79,6,1817.6,764.3,246.30000000000018,216.60000000000002,1,1,1.0
79,7,1292.4,544.0,262.1999999999998,225.29999999999995,1,1,1.0
79,8,1326.1,803.8,339.10000000000014,201.10000000000002,1,1,1.0
79,9,1312.6,117.4,314.4000000000001,194.29999999999998,1,1,1.0
80,1,770.9,642.8,255.10000000000002,156.20000000000005,1,1,1.0
80,2,1258.8,394.7,317.9000000000001,134.00000000000006,1,1,1.0
80,3,1678.3,606.6,290.0,165.5,1,1,1.0
80,4,920.8,483.5,313.4000000000001,164.10000000000002,1,1,1.0
80,5,417.0,302.3,308.5,153.39999999999998,1,1,1.0
80,6,1817.6,778.4,246.30000000000018,202.5,1,1,1.0
80,7,1291.6,553.8,241.10000000000014,218.5,1,1,1.0
80,8,1326.1,803.8,339.10000000000014,201.10000000000002,1,1,1.0
80,9,1326.2,117.4,300.79999999999995,194.29999999999998,1,1,1.0
81,1,755.2,642.8,305.29999999999995,156.20000000000005,1,1,1.0
81,2,1258.8,385.7,285.5,143.00000000000006,1,1,1.0
81,3,1678.3,594.8,304.5,177.30000000000007,1,1,1.0
81,4,920.8,485.0,298.29999999999995,162.60000000000002,1,1,1.0
81,5,417.0,302.3,308.5,148.09999999999997,1,1,1.0
81,6,1817.6,778.4,246.30000000000018,212.30000000000007,1,1,1.0
81,7,1291.6,553.8,249.4000000000001,218.5,1,1,1.0
81,8,1326.1,803.8,339.10000000000014,201.10000000000002,1,1,1.0
81,9,1326.2,117.4,300.79999999999995,194.29999999999998,1,1,1.0
82,1,747.7,642.8,319.70000000000005,156.20000000000005,1,1,1.0
82,2,1258.8,385.7,280.20000000000005,143.00000000000006,1,1,1.0
82,3,1669.3,589.4,313.5,182.70000000000005,1,1,1.0
82,4,920.8,427.7,274.20000000000005,219.90000000000003,1,1,1.0
82,5,428.3,306.8,297.2,143.59999999999997,1,1,1.0
82,6,1817.6,778.4,246.30000000000018,212.30000000000007,1,1,1.0
82,7,1348.9,494.3,168.69999999999982,283.3,1,1,1.0
82,8,1333.6,803.8,331.60000000000014,201.10000000000002,1,1,1.0
82,9,1326.2,117.4,300.79999999999995,194.29999999999998,1,1,1.0
83,1,750.8,642.8,322.29999999999995,156.20000000000005,1,1,1.0
83,2,1258.8,385.7,308.10000000000014,149.00000000000006,1,1,1.0
83,3,1669.3,623.3,313.5,148.80000000000007,1,1,1.0
83,4,1031.57,364.4,177.73000000000002,283.20000000000005,1,1,1.0
83,5,416.2,306.8,309.3,143.59999999999997,1,1,1.0
83,6,1806.7,770.8,259.39999999999986,219.9000000000001,1,1,1.0
83,7,1299.17,473.2,168.69999999999982,290.08,1,1,1.0
83,8,1333.6,803.8,338.4000000000001,201.10000000000002,1,1,1.0
83,9,1326.2,117.4,300.79999999999995,194.29999999999998,1,1,1.0
84,1,767.1,638.4,331.1,150.60000000000002,1,1,1.0
84,2,1273.1,385.7,294.60000000000014,186.7,1,1,1.0
84,3,1616.9,624.0,377.6999999999998,162.60000000000002,1,1,1.0
84,4,901.96,361.39,265.94000000000005,211.61,1,1,1.0
84,5,446.3,310.6,285.99999999999994,139.79999999999995,1,1,1.0
84,6,1806.7,770.8,259.39999999999986,219.9000000000001,1,1,1.0
84,7,1221.55,510.88,293.04999999999995,198.12,1,1,1.0
84,8,1333.6,803.8,338.4000000000001,201.10000000000002,1,1,1.0
84,9,1326.2,117.4,300.79999999999995,194.29999999999998,1,1,1.0
85,1,767.1,638.4,331.1,150.60000000000002,1,1,1.0
85,2,1273.1,383.4,284.10000000000014,189.0,1,1,1.0
85,3,1616.9,621.8,377.6999999999998,154.9000000000001,1,1,1.0
85,4,811.54,386.26,326.26,145.34000000000003,1,1,1.0
85,5,452.3,310.6,279.2,143.59999999999997,1,1,1.0
85,6,1819.7,770.8,246.39999999999986,234.0,1,1,1.0
85,7,1189.15,424.97,239.54999999999995,255.42999999999995,1,1,1.0
85,8,1333.6,803.8,338.4000000000001,201.10000000000002,1,1,1.0
85,9,1326.2,117.4,300.79999999999995,194.29999999999998,1,1,1.0
86,1,767.1,638.4,321.1,150.60000000000002,1,1,1.0
86,2,1273.1,383.4,305.20000000000005,138.5,1,1,1.0
86,3,1674.8,555.9,319.79999999999995,203.60000000000002,1,1,1.0
86,4,807.77,397.56,312.73,145.33999999999997,1,1,1.0
86,5,424.4,310.6,307.1,143.59999999999997,1,1,1.0
86,6,1819.7,770.8,246.39999999999986,234.0,1,1,1.0
86,7,1172.58,391.82,209.42000000000007,270.47999999999996,1,1,1.0
86,8,1345.7,803.8,326.29999999999995,201.10000000000002,1,1,1.0
86,9,1326.2,117.4,300.79999999999995,194.29999999999998,1,1,1.0
87,1,767.1,636.5,299.80000000000007,152.5,1,1,1.0
87,2,1273.1,383.4,309.70000000000005,138.5,1,1,1.0
87,3,1664.85,408.51,247.45000000000005,352.78999999999996,1,1,1.0
87,4,814.6,377.2,284.80000000000007,174.7,1,1,1.0
87,5,466.6,299.3,264.9,154.89999999999998,1,1,1.0
87,6,1818.6,770.8,247.5,242.70000000000005,1,1,1.0
87,7,1169.6,364.69,186.80000000000018,278.01000000000005,1,1,1.0
87,8,1345.7,803.8,326.29999999999995,201.10000000000002,1,1,1.0
87,9,1326.2,117.4,300.79999999999995,194.29999999999998,1,1,1.0
88,1,767.1,636.5,299.80000000000007,152.5,1,1,1.0
88,2,1273.1,383.4,309.70000000000005,138.5,1,1,1.0
88,3,1659.43,253.89,173.26999999999998,426.01,1,1,1.0
88,4,822.1,367.4,272.80000000000007,180.70000000000005,1,1,1.0
88,5,452.3,316.6,279.2,137.59999999999997,1,1,1.0
88,6,1791.5,762.1,275.6999999999998,254.69999999999993,1,1,1.0
88,7,1147.75,358.66,186.79999999999995,278.00999999999993,1,1,1.0
88,8,1345.7,803.8,326.29999999999995,201.10000000000002,1,1,1.0
88,9,1326.2,117.4,300.79999999999995,194.29999999999998,1,1,1.0
89,1,767.1,636.5,258.9999999999999,167.60000000000002,1,1,1.0
89,2,1294.2,383.4,278.79999999999995,159.60000000000002,1,1,1.0
89,3,1642.25,142.67,173.26999999999998,380.83000000000004,1,1,1.0
89,4,799.5,367.4,295.4000000000001,189.0,1,1,1.0
89,5,468.9,351.3,251.30000000000007,142.8,1,1,1.0
89,6,1793.7,759.9,274.60000000000014,256.9,1,1,1.0
89,7,1141.7,358.66,192.8499999999999,278.00999999999993,1,1,1.0
89,8,1345.7,803.8,326.29999999999995,201.10000000000002,1,1,1.0
89,9,1326.2,117.4,300.79999999999995,194.29999999999998,1,1,1.0
90,1,739.5,643.4,269.0,210.89999999999998,1,1,1.0
90,2,1337.9,434.6,256.1999999999998,150.60000000000002,1,1,1.0
90,3,1642.25,155.3,168.75,346.5,1,1,1.0
90,4,816.1,368.9,263.69999999999993,186.70000000000005,1,1,1.0
90,5,420.67,332.5,179.72999999999996,256.53999999999996,1,1,1.0
90,6,1814.3,759.9,254.00000000000023,227.60000000000002,1,1,1.0
90,7,1141.7,358.66,207.20000000000005,263.73999999999995,1,1,1.0
90,8,1345.7,803.8,326.29999999999995,201.10000000000002,1,1,1.0
90,9,1326.2,117.4,300.79999999999995,194.29999999999998,1,1,1.0
91,1,739.5,643.4,321.70000000000005,163.20000000000005,1,1,1.0
91,2,1337.9,434.6,256.1999999999998,150.60000000000002,1,1,1.0
91,3,1625.97,94.72,200.43000000000006,346.48,1,1,1.0
91,4,807.8,368.9,272.0,182.89999999999998,1,1,1.0
91,5,396.56,342.3,171.44,307.02000000000004,1,1,1.0
91,6,1825.2,759.9,243.10000000000014,229.80000000000007,1,1,1.0
91,7,1136.4,358.66,227.5999999999999,254.73999999999995,1,1,1.0
91,8,1366.0,803.8,306.0,201.10000000000002,1,1,1.0
91,9,1345.8,117.4,281.20000000000005,194.29999999999998,1,1,1.0
92,1,743.9,650.3,348.69999999999993,143.70000000000005,1,1,1.0
92,2,1337.9,434.6,266.6999999999998,150.60000000000002,1,1,1.0
92,3,1625.97,109.2,199.52999999999997,343.8,1,1,1.0
92,4,710.6,419.4,316.4999999999999,194.94000000000005,1,1,1.0
92,5,353.61,389.8,196.28999999999996,282.87999999999994,1,1,1.0
92,6,1825.2,759.9,243.10000000000014,242.80000000000007,1,1,1.0
92,7,1136.4,358.66,229.0999999999999,254.73999999999995,1,1,1.0
92,8,1353.2,803.8,318.79999999999995,201.10000000000002,1,1,1.0
92,9,1357.7,117.4,269.29999999999995,194.29999999999998,1,1,1.0
93,1,752.7,650.3,339.89999999999986,143.70000000000005,1,1,1.0
93,2,1337.9,434.6,254.64999999999986,154.75,1,1,1.0
93,3,1625.97,109.2,214.02999999999997,346.5,1,1,1.0
93,4,632.23,448.0,287.87,191.21000000000004,1,1,1.0
93,5,352.86,420.7,185.74,267.05,1,1,1.0
93,6,1825.2,759.9,243.10000000000014,242.80000000000007,1,1,1.0
93,7,1136.4,358.66,230.5999999999999,254.73999999999995,1,1,1.0
93,8,1347.9,803.8,324.0999999999999,201.10000000000002,1,1,1.0
93,9,1360.9,117.4,266.0999999999999,194.29999999999998,1,1,1.0
94,1,758.4,650.3,334.19999999999993,143.70000000000005,1,1,1.0
94,2,1337.9,434.6,242.5999999999999,158.89999999999998,1,1,1.0
94,3,1601.6,133.6,238.4000000000001,322.1,1,1,1.0
94,4,606.61,504.5,233.59000000000003,268.08000000000004,1,1,1.0
94,5,349.1,437.3,224.89999999999998,261.8,1,1,1.0
94,6,1825.2,759.9,243.10000000000014,242.80000000000007,1,1,1.0
94,7,1136.4,358.66,230.5999999999999,254.73999999999995,1,1,1.0
94,8,1381.1,803.8,290.9000000000001,203.20000000000005,1,1,1.0
94,9,1357.1,117.4,269.9000000000001,194.29999999999998,1,1,1.0
95,1,757.1,650.3,335.4999999999999,138.60000000000002,1,1,1.0
95,2,1337.9,434.6,242.5999999999999,158.89999999999998,1,1,1.0
95,3,1644.1,106.5,195.9000000000001,349.2,1,1,1.0
95,4,575.0,503.7,239.60000000000002,253.8,1,1,1.0
95,5,324.2,437.3,249.8,250.49999999999994,1,1,1.0
95,6,1786.1,759.9,282.2000000000003,222.20000000000005,1,1,1.0
95,7,1136.4,358.66,230.5999999999999,254.73999999999995,1,1,1.0
95,8,1381.1,803.8,279.60000000000014,210.9000000000001,1,1,1.0
95,9,1357.1,117.4,269.9000000000001,194.29999999999998,1,1,1.0
96,1,757.1,650.3,335.4999999999999,138.60000000000002,1,1,1.0
96,2,1337.9,426.3,242.5999999999999,204.09999999999997,1,1,1.0
96,3,1644.1,65.8,179.60000000000014,389.9,1,1,1.0
96,4,505.68,553.4,263.71999999999997,218.42000000000007,1,1,1.0
96,5,334.7,447.8,239.3,244.49999999999994,1,1,1.0
96,6,1769.8,759.9,298.5000000000002,222.20000000000005,1,1,1.0
96,7,1136.4,358.66,230.5999999999999,254.73999999999995,1,1,1.0
96,8,1358.5,803.8,302.20000000000005,204.9000000000001,1,1,1.0
96,9,1357.1,117.4,269.9000000000001,194.29999999999998,1,1,1.0
97,1,757.1,650.3,335.4999999999999,137.30000000000007,1,1,1.0
97,2,1337.9,426.3,242.5999999999999,211.59999999999997,1,1,1.0
97,3,1644.1,65.8,179.60000000000014,389.9,1,1,1.0
97,4,510.2,564.7,257.7,213.89999999999998,1,1,1.0
97,5,334.7,447.8,239.3,244.49999999999994,1,1,1.0
97,6,1776.3,759.9,292.0000000000002,222.20000000000005,1,1,1.0
97,7,1136.4,358.66,230.5999999999999,254.73999999999995,1,1,1.0
97,8,1339.7,803.8,331.5,204.9000000000001,1,1,1.0
97,9,1339.0,117.4,288.0,194.29999999999998,1,1,1.0
98,1,757.1,650.3,335.4999999999999,143.70000000000005,1,1,1.0
98,2,1337.9,426.3,257.6999999999998,175.40000000000003,1,1,1.0
98,3,1644.1,40.5,168.70000000000005,406.2,1,1,1.0
98,4,540.3,570.0,223.80000000000007,249.29999999999995,1,1,1.0
98,5,343.7,447.8,230.3,244.49999999999994,1,1,1.0
98,6,1776.3,759.9,292.0000000000002,222.20000000000005,1,1,1.0
98,7,1136.4,358.66,230.5999999999999,254.73999999999995,1,1,1.0
98,8,1339.7,803.8,331.5,204.9000000000001,1,1,1.0
98,9,1331.5,117.4,295.5,194.29999999999998,1,1,1.0
99,1,757.1,650.3,335.4999999999999,143.70000000000005,1,1,1.0
99,2,1328.1,429.3,267.5,172.40000000000003,1,1,1.0
99,3,1644.1,84.8,168.70000000000005,361.9,1,1,1.0
99,4,543.3,555.7,207.20000000000005,243.29999999999995,1,1,1.0
99,5,348.2,447.8,225.8,244.49999999999994,1,1,1.0
99,6,1776.3,759.9,292.0000000000002,222.20000000000005,1,1,1.0
99,7,1136.4,358.66,230.5999999999999,254.73999999999995,1,1,1.0
99,8,1339.7,803.8,331.5,204.9000000000001,1,1,1.0
99,9,1310.4,117.4,316.5999999999999,194.29999999999998,1,1,1.0
100,1,757.1,650.3,335.4999999999999,143.70000000000005,1,1,1.0
100,2,1328.1,429.3,284.8000000000002,163.40000000000003,1,1,1.0
100,3,1644.1,69.4,168.70000000000005,377.29999999999995,1,1,1.0
100,4,547.1,551.2,189.79999999999995,262.0999999999999,1,1,1.0
100,5,364.8,447.8,209.2,244.49999999999994,1,1,1.0
100,6,1776.3,759.9,292.0000000000002,222.20000000000005,1,1,1.0
100,7,1136.4,358.66,230.5999999999999,254.73999999999995,1,1,1.0
100,8,1329.2,803.8,342.0,204.9000000000001,1,1,1.0
100,9,1304.4,117.4,322.5999999999999,194.29999999999998,1,1,1.0
101,1,757.1,650.3,335.4999999999999,143.70000000000005,1,1,1.0
101,2,1340.9,430.1,284.0999999999999,176.19999999999993,1,1,1.0
101,3,1626.0,83.9,186.79999999999995,362.79999999999995,1,1,1.0
101,4,521.5,551.2,215.39999999999998,250.0,1,1,1.0
101,5,393.4,442.5,180.60000000000002,258.79999999999995,1,1,1.0
101,6,1803.4,759.9,264.9000000000001,234.10000000000002,1,1,1.0
101,7,1136.4,358.66,230.5999999999999,254.73999999999995,1,1,1.0
101,8,1329.2,803.8,347.29999999999995,204.9000000000001,1,1,1.0
101,9,1304.4,117.4,322.5999999999999,194.29999999999998,1,1,1.0
102,1,757.1,650.3,335.4999999999999,143.70000000000005,1,1,1.0
102,2,1353.7,433.1,285.5999999999999,164.19999999999993,1,1,1.0
102,3,1643.2,44.1,165.0999999999999,402.59999999999997,1,1,1.0
102,4,521.5,553.5,219.89999999999998,243.20000000000005,1,1,1.0
102,5,375.3,442.5,198.7,249.0,1,1,1.0
102,6,1803.4,759.9,264.9000000000001,234.10000000000002,1,1,1.0
102,7,1136.4,358.66,230.5999999999999,254.73999999999995,1,1,1.0
102,8,1329.2,803.8,347.29999999999995,204.9000000000001,1,1,1.0
102,9,1315.7,117.4,311.29999999999995,194.29999999999998,1,1,1.0
103,1,757.1,650.3,335.4999999999999,143.70000000000005,1,1,1.0
103,2,1353.7,437.25,285.5999999999999,160.04999999999995,1,1,1.0
103,3,1643.2,44.1,165.0999999999999,394.5,1,1,1.0
103,4,528.3,553.5,213.10000000000002,256.0,1,1,1.0
103,5,363.2,442.5,210.8,266.29999999999995,1,1,1.0
103,6,1770.8,759.9,297.5000000000002,246.0,1,1,1.0
103,7,1136.4,358.66,230.5999999999999,254.73999999999995,1,1,1.0
103,8,1329.2,803.8,347.29999999999995,204.9000000000001,1,1,1.0
103,9,1290.1,117.4,336.9000000000001,194.29999999999998,1,1,1.0
104,1,757.1,650.3,324.19999999999993,143.70000000000005,1,1,1.0
104,2,1353.7,441.4,285.5999999999999,155.89999999999998,1,1,1.0
104,3,1627.8,44.1,172.4000000000001,394.5,1,1,1.0
104,4,547.1,553.5,194.29999999999995,278.6,1,1,1.0
104,5,324.0,456.8,250.0,236.90000000000003,1,1,1.0
104,6,1770.8,759.9,297.5000000000002,246.0,1,1,1.0
104,7,1136.4,358.66,230.5999999999999,254.73999999999995,1,1,1.0
104,8,1322.4,803.8,354.0999999999999,204.9000000000001,1,1,1.0
104,9,1293.9,117.4,333.0999999999999,194.29999999999998,1,1,1.0
105,1,757.1,650.3,324.19999999999993,143.70000000000005,1,1,1.0
105,2,1353.7,441.4,279.5999999999999,155.89999999999998,1,1,1.0
105,3,1638.7,70.3,169.5999999999999,368.3,1,1,1.0
105,4,550.85,548.25,183.39999999999998,286.1,1,1,1.0
105,5,318.0,441.7,256.0,243.7,1,1,1.0
105,6,1770.8,759.9,297.5000000000002,224.30000000000007,1,1,1.0
105,7,1136.4,358.66,230.5999999999999,254.73999999999995,1,1,1.0
105,8,1322.4,803.8,354.0999999999999,204.9000000000001,1,1,1.0
105,9,1286.4,117.4,340.5999999999999,194.29999999999998,1,1,1.0
106,1,757.1,650.3,324.19999999999993,143.70000000000005,1,1,1.0
106,2,1353.7,441.4,279.5999999999999,155.89999999999998,1,1,1.0
106,3,1648.9,33.2,159.39999999999986,405.40000000000003,1,1,1.0
106,4,554.6,543.0,172.5,293.6,1,1,1.0
106,5,336.8,441.7,233.40000000000003,243.7,1,1,1.0
106,6,1748.0,759.9,320.3000000000002,223.20000000000005,1,1,1.0
106,7,1136.4,358.66,230.5999999999999,254.73999999999995,1,1,1.0
106,8,1334.5,803.8,342.0,204.9000000000001,1,1,1.0
106,9,1306.7,117.4,320.29999999999995,194.29999999999998,1,1,1.0
107,1,757.1,650.3,324.19999999999993,143.70000000000005,1,1,1.0
107,2,1353.7,445.9,279.5999999999999,151.39999999999998,1,1,1.0
107,3,1638.7,79.3,169.5999999999999,359.3,1,1,1.0
107,4,538.0,543.0,189.10000000000002,271.70000000000005,1,1,1.0
107,5,318.0,437.9,227.29999999999995,253.5,1,1,1.0
107,6,1787.1,759.9,281.2000000000003,223.20000000000005,1,1,1.0
107,7,1136.4,358.66,230.5999999999999,254.73999999999995,1,1,1.0
107,8,1337.5,803.8,339.0,204.9000000000001,1,1,1.0
107,9,1306.7,117.4,320.29999999999995,194.29999999999998,1,1,1.0
108,1,757.1,650.3,324.19999999999993,143.70000000000005,1,1,1.0
108,2,1353.7,445.9,279.5999999999999,158.20000000000005,1,1,1.0
108,3,1638.7,73.9,162.39999999999986,364.70000000000005,1,1,1.0
108,4,538.0,543.0,189.10000000000002,271.70000000000005,1,1,1.0
108,5,299.92,506.5,227.28000000000003,236.89,1,1,1.0
108,6,1760.0,759.9,308.3000000000002,223.20000000000005,1,1,1.0
108,7,1136.4,358.66,230.5999999999999,254.73999999999995,1,1,1.0
108,8,1337.5,803.8,339.0,204.9000000000001,1,1,1.0
108,9,1318.8,117.4,308.20000000000005,194.29999999999998,1,1,1.0
109,1,757.1,650.3,324.19999999999993,143.70000000000005,1,1,1.0
109,2,1353.7,445.9,279.5999999999999,158.20000000000005,1,1,1.0
109,3,1638.7,62.1,166.0,376.5,1,1,1.0
109,4,538.0,543.0,189.10000000000002,271.70000000000005,1,1,1.0
109,5,299.92,520.1,225.78000000000003,223.28999999999996,1,1,1.0
109,6,1786.0,750.1,275.8000000000002,233.0,1,1,1.0
109,7,1136.4,358.66,230.5999999999999,254.73999999999995,1,1,1.0
109,8,1337.5,803.8,339.0,204.9000000000001,1,1,1.0
109,9,1318.8,117.4,308.20000000000005,194.29999999999998,1,1,1.0
110,1,757.1,644.6,316.69999999999993,149.39999999999998,1,1,1.0
110,2,1353.7,445.9,279.5999999999999,158.20000000000005,1,1,1.0
110,3,1623.3,114.5,181.4000000000001,324.1,1,1,1.0
110,4,535.0,550.5,187.60000000000002,247.60000000000002,1,1,1.0
110,5,291.6,520.1,234.10000000000002,217.29999999999995,1,1,1.0
110,6,1811.0,769.6,253.0,213.5,1,1,1.0
110,7,1136.4,358.66,230.5999999999999,254.73999999999995,1,1,1.0
110,8,1337.5,803.8,339.0,204.9000000000001,1,1,1.0
110,9,1318.8,117.4,308.20000000000005,194.29999999999998,1,1,1.0
111,1,757.1,644.6,316.69999999999993,149.39999999999998,1,1,1.0
111,2,1353.7,445.9,285.5999999999999,158.20000000000005,1,1,1.0
111,3,1623.3,114.5,181.4000000000001,335.9,1,1,1.0
111,4,535.0,550.5,187.60000000000002,247.60000000000002,1,1,1.0
111,5,291.6,520.1,234.10000000000002,217.29999999999995,1,1,1.0
111,6,1817.5,769.6,246.5,213.5,1,1,1.0
111,7,1140.2,367.7,207.20000000000005,245.7,1,1,1.0
111,8,1337.5,803.8,339.0,204.9000000000001,1,1,1.0
111,9,1311.3,117.4,315.70000000000005,194.29999999999998,1,1,1.0
112,1,757.1,644.6,316.69999999999993,149.39999999999998,1,1,1.0
112,2,1353.7,445.9,261.5,158.20000000000005,1,1,1.0
112,3,1629.7,127.2,175.0,323.2,1,1,1.0
112,4,535.0,550.5,187.60000000000002,255.89999999999998,1,1,1.0
112,5,291.6,520.1,234.10000000000002,224.79999999999995,1,1,1.0
112,6,1817.5,769.6,246.5,213.5,1,1,1.0
112,7,1140.2,367.7,207.20000000000005,245.7,1,1,1.0
112,8,1371.4,803.8,305.0999999999999,204.9000000000001,1,1,1.0
112,9,1318.8,117.4,308.20000000000005,194.29999999999998,1,1,1.0
113,1,757.1,644.6,316.69999999999993,149.39999999999998,1,1,1.0
113,2,1353.7,445.9,257.0,158.20000000000005,1,1,1.0
113,3,1623.3,131.7,181.4000000000001,322.3,1,1,1.0
113,4,541.8,550.5,180.80000000000007,259.70000000000005,1,1,1.0
113,5,291.6,530.6,221.29999999999995,214.29999999999995,1,1,1.0
113,6,1817.5,769.6,246.5,213.5,1,1,1.0
113,7,1140.2,367.7,214.70000000000005,242.7,1,1,1.0
113,8,1371.4,803.8,305.0999999999999,204.9000000000001,1,1,1.0
113,9,1327.1,117.4,299.9000000000001,194.29999999999998,1,1,1.0
114,1,757.1,644.6,316.69999999999993,149.39999999999998,1,1,1.0
114,2,1353.7,445.9,254.70000000000005,158.20000000000005,1,1,1.0
114,3,1623.3,138.0,181.4000000000001,316.0,1,1,1.0
114,4,541.8,550.5,180.80000000000007,249.20000000000005,1,1,1.0
114,5,315.7,520.8,200.2,224.10000000000002,1,1,1.0
114,6,1817.5,769.6,246.5,237.39999999999998,1,1,1.0
114,7,1140.2,361.7,214.70000000000005,248.7,1,1,1.0
114,8,1371.4,803.8,291.5,226.0,1,1,1.0
114,9,1340.7,117.4,286.29999999999995,194.29999999999998,1,1,1.0
115,1,757.1,644.6,316.69999999999993,149.39999999999998,1,1,1.0
115,2,1353.7,445.9,253.20000000000005,158.20000000000005,1,1,1.0
115,3,1623.3,141.6,181.4000000000001,312.4,1,1,1.0
115,4,538.0,550.5,184.60000000000002,245.39999999999998,1,1,1.0
115,5,326.2,520.8,189.7,233.9000000000001,1,1,1.0
115,6,1817.5,759.8,242.19999999999982,237.4000000000001,1,1,1.0
115,7,1140.2,357.2,217.70000000000005,243.40000000000003,1,1,1.0
115,8,1352.6,803.8,310.3000000000002,200.4000000000001,1,1,1.0
115,9,1340.7,117.4,286.29999999999995,194.29999999999998,1,1,1.0
116,1,757.1,644.6,316.69999999999993,149.39999999999998,1,1,1.0
116,2,1353.7,442.9,253.20000000000005,155.20000000000005,1,1,1.0
116,3,1645.9,196.8,245.5999999999999,245.39999999999998,1,1,1.0
116,4,525.2,550.5,197.39999999999998,245.39999999999998,1,1,1.0
116,5,330.0,515.5,179.89999999999998,244.5,1,1,1.0
116,6,1817.5,755.5,238.9000000000001,250.39999999999998,1,1,1.0
116,7,1140.2,357.2,224.5,242.59999999999997,1,1,1.0
116,8,1324.0,803.8,338.9000000000001,218.5,1,1,1.0
116,9,1357.3,117.4,269.70000000000005,194.29999999999998,1,1,1.0
117,1,757.1,644.6,316.69999999999993,149.39999999999998,1,1,1.0
117,2,1353.7,442.9,253.20000000000005,155.20000000000005,1,1,1.0
117,3,1645.9,204.9,258.39999999999986,224.4,1,1,1.0
117,4,542.5,550.5,180.10000000000002,252.89999999999998,1,1,1.0
117,5,327.0,515.5,182.89999999999998,229.39999999999998,1,1,1.0
117,6,1817.5,756.6,242.19999999999982,249.29999999999995,1,1,1.0
117,7,1134.9,367.7,229.79999999999995,232.09999999999997,1,1,1.0
117,8,1324.0,803.8,338.9000000000001,218.5,1,1,1.0
117,9,1357.3,117.4,269.70000000000005,194.29999999999998,1,1,1.0
118,1,757.1,644.6,316.69999999999993,149.39999999999998,1,1,1.0
118,2,1353.7,442.9,253.20000000000005,155.20000000000005,1,1,1.0
118,3,1645.9,207.6,262.79999999999995,228.29999999999998,1,1,1.0
118,4,495.8,555.0,232.8,257.4,1,1,1.0
118,5,322.5,512.5,170.10000000000002,234.70000000000005,1,1,1.0
118,6,1817.5,756.6,242.19999999999982,249.29999999999995,1,1,1.0
118,7,1134.9,367.7,229.79999999999995,228.3,1,1,1.0
118,8,1324.0,803.8,338.9000000000001,218.5,1,1,1.0
118,9,1348.3,117.4,278.70000000000005,194.29999999999998,1,1,1.0
119,1,757.1,644.6,327.4,149.39999999999998,1,1,1.0
119,2,1353.7,442.9,253.20000000000005,155.20000000000005,1,1,1.0
119,3,1645.9,207.6,259.0,220.6,1,1,1.0
119,4,510.9,554.2,219.20000000000005,258.19999999999993,1,1,1.0
119,5,336.8,512.5,170.89999999999998,245.20000000000005,1,1,1.0
119,6,1817.5,756.6,242.19999999999982,249.29999999999995,1,1,1.0
119,7,1134.9,367.7,229.79999999999995,228.3,1,1,1.0
119,8,1354.9,803.8,308.0,218.5,1,1,1.0
119,9,1348.3,117.4,278.70000000000005,194.29999999999998,1,1,1.0
120,1,757.1,644.6,321.1,149.39999999999998,1,1,1.0
120,2,1353.7,442.9,253.20000000000005,155.20000000000005,1,1,1.0
120,3,1634.1,229.3,280.9000000000001,211.09999999999997,1,1,1.0
120,4,523.7,556.5,202.5999999999999,258.9,1,1,1.0
120,5,354.1,498.2,153.59999999999997,307.7,1,1,1.0
120,6,1794.7,768.1,264.9999999999998,260.6,1,1,1.0
120,7,1134.9,367.7,229.79999999999995,228.3,1,1,1.0
120,8,1354.9,803.8,308.0,218.5,1,1,1.0
120,9,1348.3,117.4,278.70000000000005,194.29999999999998,1,1,1.0
