1,1,229.9,410.7,127.28,154.45,1,1,0.0
1,2,321.16,500.2,177.64,298.39000000000004,1,1,1.0
1,3,557.4,265.3,211.59000000000003,253.90000000000003,1,1,1.0
1,4,661.0,398.36,174.32000000000005,250.24,1,1,1.0
1,5,551.43,625.94,361.6700000000001,145.65999999999997,1,1,1.0
1,6,809.2,240.5,276.39999999999986,237.60000000000002,1,1,1.0
1,7,1001.9,255.5,156.32000000000005,276.9,1,1,1.0
1,8,1151.5,139.32,433.9200000000001,234.78000000000003,1,1,1.0
1,9,1222.1,571.26,280.1300000000001,135.74,1,1,1.0
2,1,233.82,407.71,119.78000000000003,120.39000000000004,1,1,0.0
2,2,328.4,506.5,171.3,296.6,1,1,1.0
2,3,551.1,272.97,207.85000000000002,242.82999999999993,1,1,1.0
2,4,659.4,399.4,175.5,250.39999999999998,1,1,1.0
2,5,533.17,618.61,388.0300000000001,186.68999999999994,1,1,1.0
2,6,807.9,242.66,279.0000000000001,237.14000000000001,1,1,1.0
2,7,980.6,258.08,175.4699999999999,281.32,1,1,1.0
2,8,1162.9,166.49,422.52,204.01,1,1,1.0
2,9,1233.3,541.7,261.73,186.89999999999998,1,1,1.0
2,10,1504.35,775.54,31.050000000000182,37.360000000000014,1,1,0.0
3,1,229.34,404.72,122.46000000000001,124.88,1,1,0.0
3,2,333.2,514.8,168.5,287.9000000000001,1,1,1.0
3,3,550.7,270.1,207.52999999999997,241.09999999999997,1,1,1.0
3,4,662.9,399.82,173.27999999999997,248.18,1,1,1.0
3,5,540.9,636.1,363.6,130.10000000000002,1,1,1.0
3,6,808.3,240.51,279.46000000000004,238.89,1,1,1.0
3,7,983.9,256.36,177.33000000000004,287.74,1,1,1.0
3,8,1157.4,195.21,454.6099999999999,175.29,1,1,1.0
3,9,1246.73,472.33,208.8699999999999,284.27000000000004,1,1,1.0
3,10,1503.47,775.83,30.930000000000064,37.069999999999936,1,1,0.0
4,1,233.52,409.5,119.17999999999998,122.5,1,1,0.0
4,2,327.2,515.4,173.8,283.80000000000007,1,1,1.0
4,3,559.7,247.86,208.76999999999998,283.34000000000003,1,1,1.0
4,4,665.9,397.14,170.72000000000003,250.76,1,1,1.0
4,5,547.6,629.9,409.6,146.30000000000007,1,1,1.0
4,6,807.9,240.1,278.1,239.70000000000002,1,1,1.0
4,7,990.0,255.5,169.51,289.5,1,1,1.0
4,8,1159.4,185.48,450.40999999999985,186.62000000000003,1,1,1.0
4,9,1407.8,639.1,134.70000000000005,110.24000000000001,1,1,0.0
4,10,1512.39,785.77,23.00999999999999,26.83000000000004,1,1,0.0
5,1,235.91,405.32,117.69000000000003,112.57999999999998,1,1,0.0
5,2,337.1,520.7,163.5,279.79999999999995,1,1,1.0
5,3,550.4,251.8,181.07000000000005,282.90000000000003,1,1,1.0
5,4,666.0,399.09,171.48000000000002,253.81,1,1,1.0
5,5,533.8,632.99,391.87,139.21000000000004,1,1,1.0
5,6,832.8,241.37,249.79999999999995,258.43,1,1,1.0
5,7,954.2,262.51,226.56999999999994,268.39,1,1,1.0
5,8,1167.2,152.63,454.91999999999985,216.57,1,1,1.0
5,9,1411.4,639.1,134.39999999999986,133.79999999999995,1,1,0.0
5,10,1514.3,789.75,21.8900000000001,24.649999999999977,1,1,0.0
6,1,234.42,408.6,117.68000000000004,110.79999999999995,1,1,0.0
6,2,348.3,502.8,155.7,296.90000000000003,1,1,1.0
6,3,544.3,275.71,185.0200000000001,253.69,1,1,1.0
6,4,669.1,365.96,167.07999999999993,288.14000000000004,1,1,1.0
6,5,543.6,627.63,385.38,145.57000000000005,1,1,1.0
6,6,862.3,246.96,202.08000000000015,304.93999999999994,1,1,1.0
6,7,967.01,283.6,295.5899999999999,174.26999999999998,1,1,1.0
6,8,1165.0,152.63,458.6700000000001,217.97000000000003,1,1,1.0
6,9,1446.9,639.1,98.5,108.0,1,1,0.0
6,10,1511.83,790.8,24.420000000000073,29.690000000000055,1,1,0.0
7,1,235.61,410.99,117.38999999999999,108.11000000000001,1,1,0.0
7,2,336.2,468.9,166.10000000000002,329.0,1,1,1.0
7,3,549.1,281.66,191.06999999999994,229.44,1,1,1.0
7,4,624.9,326.9,235.10000000000002,217.70000000000005,1,1,1.0
7,5,686.8,602.25,429.56999999999994,128.85000000000002,1,1,1.0
7,6,972.09,396.65,303.31000000000006,183.75,1,1,1.0
7,7,1057.19,316.98,320.21000000000004,188.41999999999996,1,1,1.0
7,8,1162.9,131.31,445.28,239.49,1,1,1.0
7,9,1511.8,677.1,33.200000000000045,76.29999999999995,1,1,0.0
7,10,1509.36,791.85,26.950000000000045,34.72000000000003,1,1,0.0
8,1,232.92,408.9,120.38000000000002,112.0,1,1,0.0
8,2,332.4,450.0,165.60000000000002,349.70000000000005,1,1,1.0
8,3,551.4,279.87,176.39,224.02999999999997,1,1,1.0
8,4,633.7,332.2,219.0999999999999,233.7,1,1,1.0
8,5,722.17,578.76,463.83000000000004,122.94000000000005,1,1,1.0
8,6,960.36,404.26,282.34000000000003,207.24,1,1,1.0
8,7,1119.95,359.18,312.45000000000005,195.52000000000004,1,1,1.0
8,8,1165.0,120.41,436.8299999999999,249.69000000000003,1,1,1.0
8,9,1511.8,677.1,33.200000000000045,76.29999999999995,1,1,0.0
8,10,1506.89,792.9,29.47999999999979,39.75999999999999,1,1,0.0
9,1,233.82,411.29,112.88,111.41000000000003,1,1,0.0
9,2,325.7,466.4,175.7,328.20000000000005,1,1,1.0
9,3,552.1,279.15,163.79999999999995,218.15000000000003,1,1,1.0
9,4,654.0,358.8,203.89999999999998,225.2,1,1,1.0
9,5,773.42,510.36,371.48000000000013,267.84000000000003,1,1,1.0
9,6,956.23,412.06,269.47,215.14000000000004,1,1,1.0
9,7,1177.65,416.77,301.04999999999995,228.02999999999997,1,1,1.0
9,8,1169.1,126.74,412.71000000000004,241.76,1,1,1.0
9,9,1511.8,677.1,33.200000000000045,76.29999999999995,1,1,0.0
9,10,1504.41,793.95,32.00999999999999,44.789999999999964,1,1,0.0
10,1,234.72,404.72,112.88000000000002,116.77999999999997,1,1,0.0
10,2,320.7,429.7,160.7,335.09999999999997,1,1,1.0
10,3,551.4,286.32,164.85000000000002,211.68,1,1,1.0
10,4,654.8,355.4,204.0,232.89999999999998,1,1,1.0
10,5,907.9,510.29,283.4,333.71,1,1,1.0
10,6,784.9,339.47,291.69999999999993,321.03,1,1,1.0
10,7,1181.95,437.74,292.25,165.86,1,1,1.0
10,8,1169.6,124.68,414.27,243.12,1,1,1.0
10,9,1511.8,677.1,33.200000000000045,76.29999999999995,1,1,0.0
10,10,1501.94,795.0,34.539999999999964,49.83000000000004,1,1,0.0
11,1,227.25,406.67,120.64999999999998,88.32999999999998,1,1,0.0
11,2,339.7,461.3,146.0,323.99999999999994,1,1,1.0
11,3,550.7,275.21,163.16999999999996,222.39000000000004,1,1,1.0
11,4,652.7,354.53,203.95999999999992,234.26999999999998,1,1,1.0
11,5,1053.72,470.41,150.27999999999997,409.48999999999995,1,1,1.0
11,6,501.02,557.13,277.78,173.37,1,1,1.0
11,7,1187.54,435.59,317.6600000000001,163.11000000000007,1,1,1.0
11,8,1170.1,127.26,413.77,240.84000000000003,1,1,1.0
11,9,1511.8,677.1,33.200000000000045,76.29999999999995,1,1,0.0
11,10,1499.47,796.05,37.069999999999936,54.860000000000014,1,1,0.0
12,1,225.46,403.08,123.34,97.02000000000004,1,1,0.0
12,2,335.6,497.6,141.09999999999997,296.5,1,1,1.0
12,3,553.2,287.36,163.05999999999995,209.94,1,1,1.0
12,4,651.8,348.53,203.1400000000001,238.07000000000005,1,1,1.0
12,5,1047.58,491.18,128.12000000000012,415.02000000000004,1,1,1.0
12,6,401.77,311.02,211.02999999999997,284.28,1,1,1.0
12,7,1172.62,454.77,357.7800000000002,142.63,1,1,1.0
12,8,1171.2,123.64,410.6099999999999,245.46000000000004,1,1,1.0
12,9,1511.8,677.1,33.200000000000045,76.29999999999995,1,1,0.0
12,10,1497.0,797.1,39.59999999999991,59.89999999999998,1,1,0.0
13,1,217.3,397.41,138.09999999999997,102.38999999999999,1,1,0.0
13,2,335.2,490.1,143.2,303.1,1,1,1.0
13,3,548.2,285.93,174.3499999999999,208.46999999999997,1,1,1.0
13,4,644.5,348.96,208.36,242.14000000000004,1,1,1.0
13,5,1056.0,519.9,183.70000000000005,425.80000000000007,1,1,1.0
13,6,337.48,252.58,228.41999999999996,307.41999999999996,1,1,1.0
13,7,1163.1,470.73,382.5,128.37,1,1,1.0
13,8,1169.6,126.74,410.1500000000001,241.26,1,1,1.0
13,9,1511.8,677.1,33.200000000000045,76.29999999999995,1,1,0.0
13,10,1503.0,786.1,32.40000000000009,43.799999999999955,1,1,0.0
14,1,151.3,394.1,219.5,214.29999999999995,1,1,1.0
14,2,335.2,472.0,142.3,316.9,1,1,1.0
14,3,549.3,275.92,177.7700000000001,224.88,1,1,1.0
14,4,644.5,342.31,208.36,251.39000000000004,1,1,1.0
14,5,1033.4,572.18,222.8499999999999,388.9200000000001,1,1,1.0
14,6,351.15,260.28,200.14999999999998,293.22,1,1,1.0
14,7,1159.1,466.9,355.10000000000014,129.20000000000005,1,1,1.0
14,8,1164.5,185.41,446.3699999999999,180.19000000000003,1,1,1.0
14,9,1511.8,677.1,33.200000000000045,76.29999999999995,1,1,0.0
14,10,1510.8,798.74,25.190000000000055,34.75999999999999,1,1,0.0
15,1,126.9,447.4,186.29999999999998,320.1,1,1,1.0
15,2,337.3,493.2,137.59999999999997,300.50000000000006,1,1,1.0
15,3,546.8,280.92,190.1500000000001,220.88,1,1,1.0
15,4,644.5,348.75,209.64999999999998,239.35000000000002,1,1,1.0
15,5,1012.7,610.56,240.33999999999992,377.0400000000001,1,1,1.0
15,6,341.5,254.9,208.39999999999998,305.6,1,1,1.0
15,7,1185.3,393.92,313.20000000000005,201.57999999999998,1,1,1.0
15,8,1164.5,192.66,474.95000000000005,174.84,1,1,1.0
15,9,1511.8,677.1,33.200000000000045,76.29999999999995,1,1,0.0
15,10,1512.6,799.93,22.5,35.67000000000007,1,1,0.0
16,1,151.3,490.8,148.09999999999997,290.49999999999994,1,1,1.0
16,2,327.6,479.0,149.09999999999997,315.1,1,1,1.0
16,3,547.7,281.28,178.5,216.32000000000005,1,1,1.0
16,4,646.7,347.89,208.30999999999995,241.11,1,1,1.0
16,5,1053.7,675.54,284.72,297.86,1,1,1.0
16,6,346.1,262.0,204.19999999999993,298.5,1,1,1.0
16,7,1286.5,412.96,252.32999999999993,250.94,1,1,1.0
16,8,1154.08,192.67,470.72,177.03,1,1,1.0
16,9,1511.8,677.1,33.200000000000045,76.29999999999995,1,1,0.0
16,10,1509.5,795.6,26.789999999999964,34.10000000000002,1,1,0.0
17,1,162.9,486.3,134.70000000000002,281.3,1,1,1.0
17,2,326.3,480.3,149.89999999999998,307.99999999999994,1,1,1.0
17,3,549.6,285.58,173.76999999999998,211.72000000000003,1,1,1.0
17,4,644.5,347.46,210.08000000000004,240.64000000000004,1,1,1.0
17,5,978.1,764.92,347.62,168.7800000000001,1,1,1.0
17,6,341.89,270.71,210.11,291.89000000000004,1,1,1.0
17,7,1335.1,407.8,195.7900000000002,285.49999999999994,1,1,1.0
17,8,1152.02,186.54,456.28,189.26000000000002,1,1,1.0
17,9,1511.8,677.1,33.200000000000045,76.29999999999995,1,1,0.0
17,10,1512.0,794.85,23.99000000000001,23.25,1,1,0.0
18,1,160.3,488.1,138.89999999999998,277.4,1,1,1.0
18,2,301.81,486.28,147.39,290.52,1,1,1.0
18,3,547.5,278.77,165.83000000000004,221.23000000000002,1,1,1.0
18,4,644.5,346.6,209.64999999999998,245.39999999999998,1,1,1.0
18,5,954.7,750.12,351.25,197.08000000000004,1,1,1.0
18,6,357.95,288.65,198.25000000000006,276.65,1,1,1.0
18,7,1336.4,407.4,196.19999999999982,283.70000000000005,1,1,1.0
18,8,1156.14,185.0,460.4599999999998,180.8,1,1,1.0
18,9,1511.8,677.1,33.200000000000045,76.29999999999995,1,1,0.0
18,10,1516.5,788.87,20.410000000000082,25.029999999999973,1,1,0.0
19,1,103.1,501.5,214.4,233.70000000000005,1,1,1.0
19,2,305.9,490.2,138.40000000000003,272.00000000000006,1,1,1.0
19,3,548.2,280.92,165.49,221.77999999999997,1,1,1.0
19,4,646.3,348.75,207.85000000000002,244.04999999999995,1,1,1.0
19,5,1034.2,718.5,305.0999999999999,292.0,1,1,1.0
19,6,347.86,273.8,203.53999999999996,292.2,1,1,1.0
19,7,1332.5,409.95,197.52999999999997,285.05,1,1,1.0
19,8,1152.02,177.77,431.18000000000006,209.33,1,1,1.0
19,9,1511.8,677.1,33.200000000000045,76.29999999999995,1,1,0.0
19,10,1410.14,769.24,122.45999999999981,144.76,1,1,1.0
20,1,93.6,517.8,228.20000000000002,211.30000000000007,1,1,1.0
20,2,308.91,468.26,136.58999999999997,297.44000000000005,1,1,1.0
20,3,549.3,285.58,172.2700000000001,218.62,1,1,1.0
20,4,647.5,349.18,206.64999999999998,245.82,1,1,1.0
20,5,990.8,710.1,292.4000000000001,308.4,1,1,1.0
20,6,360.17,286.89,198.62999999999994,276.51,1,1,1.0
20,7,1313.2,411.67,182.77999999999997,263.12999999999994,1,1,1.0
20,8,1156.14,183.45,425.9599999999998,203.65000000000003,1,1,1.0
20,9,1511.8,677.1,33.200000000000045,76.29999999999995,1,1,0.0
20,10,1239.11,668.57,267.09000000000015,221.52999999999997,1,1,1.0
21,1,89.2,525.8,221.7,207.60000000000002,1,1,1.0
21,2,308.91,483.6,136.19,288.1,1,1,1.0
21,3,548.9,276.29,172.67000000000007,226.10999999999996,1,1,1.0
21,4,648.8,346.6,206.6400000000001,247.5,1,1,1.0
21,5,1000.3,694.28,275.47,342.9200000000001,1,1,1.0
21,6,352.58,275.7,204.12000000000006,284.59999999999997,1,1,1.0
21,7,1322.0,411.67,175.26999999999998,279.03000000000003,1,1,1.0
21,8,1157.93,183.96,423.66999999999985,210.64000000000001,1,1,1.0
21,9,1511.8,677.1,33.200000000000045,76.29999999999995,1,1,0.0
21,10,1101.12,618.58,291.48,178.62,1,1,1.0
22,1,150.4,508.0,148.1,260.79999999999995,1,1,1.0
22,2,301.32,495.63,144.28000000000003,275.16999999999996,1,1,1.0
22,3,548.2,278.8,173.01999999999998,226.8,1,1,1.0
22,4,645.8,347.03,208.7800000000001,248.37,1,1,1.0
22,5,1043.6,690.8,284.70000000000005,336.20000000000005,1,1,1.0
22,6,344.26,272.14,214.53999999999996,291.26,1,1,1.0
22,7,1330.2,408.66,182.23000000000002,283.34,1,1,1.0
22,8,1159.99,182.93,435.4100000000001,240.76999999999998,1,1,1.0
22,9,1511.8,677.1,33.200000000000045,76.29999999999995,1,1,0.0
22,10,1116.66,626.51,283.1399999999999,177.09000000000003,1,1,1.0
23,1,159.76,561.67,197.84000000000003,264.93000000000006,1,1,1.0
23,2,307.77,489.8,139.53000000000003,281.40000000000003,1,1,1.0
23,3,548.6,281.97,163.29999999999995,227.13,1,1,1.0
23,4,645.8,347.03,207.49,253.07000000000005,1,1,1.0
23,5,998.6,673.6,268.84000000000003,325.69999999999993,1,1,1.0
23,6,359.27,282.43,198.73000000000002,274.86999999999995,1,1,1.0
23,7,1327.6,397.08,200.36000000000013,297.52000000000004,1,1,1.0
23,8,1161.54,181.7,424.05999999999995,212.40000000000003,1,1,1.0
23,9,1511.8,677.1,33.200000000000045,76.29999999999995,1,1,0.0
23,10,1134.02,562.59,268.28,214.70999999999992,1,1,1.0
24,1,178.49,711.51,270.40999999999997,163.89,1,1,1.0
24,2,306.91,491.95,139.08999999999997,279.25000000000006,1,1,1.0
24,3,550.0,280.9,162.97000000000003,227.40000000000003,1,1,1.0
24,4,647.5,344.5,205.78999999999996,259.1,1,1,1.0
24,5,1022.7,648.43,251.16999999999985,345.37,1,1,1.0
24,6,343.83,263.82,217.77000000000004,294.38000000000005,1,1,1.0
24,7,1323.1,416.96,220.44000000000005,272.94,1,1,1.0
24,8,1165.16,180.15,414.24,217.54999999999998,1,1,1.0
24,9,1511.8,677.1,33.200000000000045,76.29999999999995,1,1,0.0
24,10,1080.45,433.51,130.54999999999995,268.69000000000005,1,1,1.0
25,1,237.62,746.5,308.48,135.76999999999998,1,1,1.0
25,2,306.91,473.93,139.08999999999997,294.77000000000004,1,1,1.0
25,3,549.5,277.67,163.47000000000003,229.93,1,1,1.0
25,4,644.1,346.6,208.79999999999995,251.79999999999995,1,1,1.0
25,5,1062.9,628.16,230.8499999999999,377.24,1,1,1.0
25,6,366.08,290.53,191.21999999999997,262.07000000000005,1,1,1.0
25,7,1314.6,416.1,225.93000000000006,272.9,1,1,1.0
25,8,1146.55,185.83,480.54999999999995,193.67,1,1,1.0
25,9,1511.8,677.1,33.200000000000045,76.29999999999995,1,1,0.0
25,10,1049.88,403.7,149.6199999999999,281.2,1,1,1.0
26,1,322.8,669.56,300.18,208.34000000000003,1,1,1.0
26,2,306.48,467.91,139.12,299.48999999999995,1,1,1.0
26,3,554.2,279.59,159.49,226.21000000000004,1,1,1.0
26,4,644.1,346.6,208.79999999999995,256.1,1,1,1.0
26,5,1025.6,595.13,195.6400000000001,396.87,1,1,1.0
26,6,345.08,266.64,214.82,296.76,1,1,1.0
26,7,1325.4,377.32,189.98000000000002,311.08,1,1,1.0
26,8,1144.3,179.1,473.69000000000005,183.17,1,1,1.0
26,9,1511.8,677.1,33.200000000000045,76.29999999999995,1,1,0.0
26,10,1045.81,392.94,145.19000000000005,288.26000000000005,1,1,1.0
27,11,1521.48,779.76,13.980000000000018,18.99000000000001,1,1,0.0
27,1,369.2,621.69,245.50000000000006,275.30999999999995,1,1,1.0
27,2,306.91,470.92,138.19,297.78000000000003,1,1,1.0
27,3,554.9,273.17,157.71000000000004,234.82999999999998,1,1,1.0
27,4,648.0,344.45,204.86,261.34999999999997,1,1,1.0
27,5,1064.9,558.42,153.76,426.18000000000006,1,1,1.0
27,6,358.33,279.12,206.67000000000002,281.17999999999995,1,1,1.0
27,7,1357.8,343.21,166.09000000000015,325.49000000000007,1,1,1.0
27,8,1142.8,178.6,477.29999999999995,172.6,1,1,1.0
27,9,1511.8,677.1,33.200000000000045,76.29999999999995,1,1,0.0
27,10,1018.32,392.55,158.4799999999999,256.45,1,1,1.0
28,11,1503.04,815.88,30.920000000000073,28.269999999999982,1,1,0.0
28,1,387.7,615.26,230.77000000000004,285.64,1,1,1.0
28,2,307.77,467.24,136.53000000000003,300.96000000000004,1,1,1.0
28,3,553.4,275.32,157.77999999999997,236.18,1,1,1.0
28,4,644.5,346.6,208.78999999999996,261.0,1,1,1.0
28,5,1091.4,532.9,132.39999999999986,395.4,1,1,1.0
28,6,361.34,285.14,195.06,277.36,1,1,1.0
28,7,1375.1,347.9,136.30000000000018,288.20000000000005,1,1,1.0
28,8,1146.93,183.76,457.3699999999999,177.94,1,1,1.0
28,9,1511.8,677.1,33.200000000000045,76.29999999999995,1,1,0.0
28,10,1002.41,402.29,238.29000000000008,274.50999999999993,1,1,1.0
29,11,1484.6,852.0,47.850000000000136,37.539999999999964,1,1,0.0
29,1,391.1,624.5,225.39999999999998,283.29999999999995,1,1,1.0
29,2,307.77,462.23,137.83000000000004,308.97,1,1,1.0
29,3,552.0,273.17,159.89999999999998,236.22999999999996,1,1,1.0
29,4,646.3,345.74,206.56000000000006,261.86,1,1,1.0
29,5,1042.0,505.6,139.9000000000001,410.72,1,1,1.0
29,6,342.89,263.02,218.31000000000006,300.78,1,1,1.0
29,7,1364.42,344.8,137.17999999999984,263.49999999999994,1,1,1.0
29,8,1149.68,185.31,443.72,174.79000000000002,1,1,1.0
29,9,1511.8,677.1,33.200000000000045,76.29999999999995,1,1,0.0
29,10,985.92,387.87,290.58000000000004,235.42999999999995,1,1,1.0
30,11,1462.7,790.5,72.75999999999999,82.29999999999995,1,1,0.0
30,1,388.5,643.1,257.5,258.69999999999993,1,1,1.0
30,2,307.34,483.34,136.06,287.86000000000007,1,1,1.0
30,3,550.9,263.65,164.94000000000005,248.64999999999998,1,1,1.0
30,4,639.9,345.74,212.96000000000004,254.55999999999995,1,1,1.0
30,5,1073.9,494.4,121.59999999999991,410.4,1,1,1.0
30,6,387.62,275.89,173.58000000000004,289.21000000000004,1,1,1.0
30,7,1350.8,352.13,155.55999999999995,293.66999999999996,1,1,1.0
30,8,1143.18,215.78,435.81999999999994,165.02,1,1,1.0
30,9,1511.8,677.1,33.200000000000045,76.29999999999995,1,1,0.0
30,10,985.13,393.42,312.87,200.47999999999996,1,1,1.0
31,11,1470.0,764.7,66.31999999999994,99.5,1,1,0.0
31,1,394.9,606.86,253.01999999999998,277.03999999999996,1,1,1.0
31,2,308.2,473.01,136.90000000000003,302.99,1,1,1.0
31,3,548.1,285.8,170.95999999999992,231.3,1,1,1.0
31,4,641.6,322.86,204.61,293.74,1,1,1.0
31,5,1063.3,523.9,146.10000000000014,397.80000000000007,1,1,1.0
31,6,339.84,263.88,221.76000000000005,299.02,1,1,1.0
31,7,1346.9,337.0,177.5999999999999,307.1,1,1,1.0
31,8,1142.67,199.72,417.8299999999999,185.58,1,1,1.0
31,9,1511.8,677.1,33.200000000000045,76.29999999999995,1,1,0.0
31,10,979.14,387.83,315.36,223.67000000000002,1,1,1.0
32,11,1470.43,736.74,66.31999999999994,114.96000000000004,1,1,0.0
32,1,383.0,599.8,223.21000000000004,267.9000000000001,1,1,1.0
32,2,309.06,476.92,135.24,300.37999999999994,1,1,1.0
32,3,549.2,271.98,169.87,240.01999999999998,1,1,1.0
32,4,628.3,330.22,227.29000000000008,291.67999999999995,1,1,1.0
32,5,1021.0,563.91,136.0,374.69000000000005,1,1,1.0
32,6,362.79,281.94,198.41000000000003,280.96,1,1,1.0
32,7,1368.5,354.19,140.06999999999994,288.21,1,1,1.0
32,8,1142.8,196.3,413.10000000000014,186.89999999999998,1,1,1.0
32,9,1511.8,677.1,33.200000000000045,76.29999999999995,1,1,0.0
32,10,994.28,395.1,254.72000000000003,228.89999999999998,1,1,1.0
33,11,1453.7,756.09,83.48000000000002,95.20999999999992,1,1,0.0
33,1,388.3,591.1,215.2,278.79999999999995,1,1,1.0
33,2,310.35,473.17,134.75,300.62999999999994,1,1,1.0
33,3,550.6,278.77,169.89999999999998,236.73000000000002,1,1,1.0
33,4,606.3,334.09,244.99,257.91,1,1,1.0
33,5,1082.5,537.26,126.09999999999991,376.53999999999996,1,1,1.0
33,6,361.21,284.79,195.89000000000004,283.50999999999993,1,1,1.0
33,7,1364.2,357.2,138.43000000000006,240.7,1,1,1.0
33,8,1138.9,195.9,416.0999999999999,191.20000000000002,1,1,1.0
33,9,1511.8,677.1,33.200000000000045,76.29999999999995,1,1,0.0
33,10,943.19,429.04,282.6099999999999,162.75999999999993,1,1,1.0
34,11,1424.5,750.07,111.81999999999994,93.02999999999997,1,1,0.0
34,1,452.7,569.1,169.07999999999998,303.79999999999995,1,1,1.0
34,2,306.48,444.83,133.01999999999998,322.96999999999997,1,1,1.0
34,3,540.3,271.03,204.0200000000001,233.77000000000004,1,1,1.0
34,4,576.8,368.41,284.1500000000001,210.98999999999995,1,1,1.0
34,5,1058.66,528.54,144.93999999999983,354.76,1,1,1.0
34,6,339.84,258.4,220.86000000000007,306.20000000000005,1,1,1.0
34,7,1380.7,345.2,134.0999999999999,241.09999999999997,1,1,1.0
34,8,1137.6,195.9,418.3000000000002,192.9,1,1,1.0
34,9,1511.8,677.1,33.200000000000045,76.29999999999995,1,1,0.0
34,10,982.4,383.02,242.7700000000001,280.78,1,1,1.0
35,11,1414.6,744.91,122.15000000000009,103.79000000000008,1,1,0.0
35,1,434.3,503.54,173.40000000000003,270.35999999999996,1,1,1.0
35,2,307.8,444.4,135.59999999999997,328.1,1,1,1.0
35,3,539.5,277.84,199.79999999999995,239.56,1,1,1.0
35,4,563.4,376.77,294.11,186.43000000000006,1,1,1.0
35,5,990.8,537.83,188.20000000000005,389.66999999999996,1,1,1.0
35,6,374.45,283.07,182.45,282.03000000000003,1,1,1.0
35,7,1382.8,343.87,134.16000000000008,244.63,1,1,1.0
35,8,1137.6,206.7,418.70000000000005,176.5,1,1,1.0
35,9,1511.8,677.1,33.200000000000045,76.29999999999995,1,1,0.0
35,10,978.1,366.91,239.20999999999992,270.69,1,1,1.0
36,11,1391.4,740.18,145.3499999999999,107.22000000000003,1,1,0.0
36,1,427.8,497.9,135.90000000000003,258.0,1,1,1.0
36,2,305.3,450.7,135.7,322.7,1,1,1.0
36,3,537.4,282.86,200.26999999999998,221.14,1,1,1.0
36,4,568.07,384.91,290.7299999999999,192.08999999999997,1,1,1.0
36,5,1084.36,513.7,125.34000000000015,413.79999999999995,1,1,1.0
36,6,372.69,286.78,184.10999999999996,281.4200000000001,1,1,1.0
36,7,1385.4,341.72,132.41999999999985,248.07999999999993,1,1,1.0
36,8,1138.1,210.6,415.70000000000005,167.4,1,1,1.0
36,9,1511.8,677.1,33.200000000000045,76.29999999999995,1,1,0.0
36,10,997.2,357.02,218.38999999999987,304.78,1,1,1.0
37,11,1410.8,740.18,125.95000000000005,110.62,1,1,1.0
37,1,429.5,497.9,130.39999999999998,256.4,1,1,1.0
37,2,306.3,467.5,136.2,305.9,1,1,1.0
37,3,530.5,285.43,202.63,210.17000000000002,1,1,1.0
37,4,583.23,381.97,281.77,190.13,1,1,1.0
37,5,1065.75,518.04,135.8499999999999,421.86,1,1,1.0
37,6,393.92,272.43,164.97999999999996,295.46999999999997,1,1,1.0
37,7,1386.3,320.34,154.9000000000001,262.56,1,1,1.0
37,8,1137.7,211.8,418.5999999999999,165.8,1,1,1.0
37,9,1511.8,677.1,33.200000000000045,76.29999999999995,1,1,0.0
37,10,989.2,357.45,223.80999999999995,286.75000000000006,1,1,1.0
38,11,1416.4,740.18,120.34999999999991,142.92000000000007,1,1,1.0
38,1,432.0,500.0,126.60000000000002,252.10000000000002,1,1,1.0
38,2,306.8,469.0,138.8,302.9,1,1,1.0
38,3,528.7,286.5,201.91999999999996,213.7,1,1,1.0
38,4,604.7,380.68,261.19999999999993,169.02000000000004,1,1,1.0
38,5,1031.1,514.9,139.70000000000005,405.9,1,1,1.0
38,6,394.78,272.86,165.42000000000007,298.53999999999996,1,1,1.0
38,7,1378.1,349.04,127.05000000000018,258.66,1,1,1.0
38,8,1137.7,212.15,420.03,165.15,1,1,1.0
38,9,1511.8,677.1,33.200000000000045,76.29999999999995,1,1,0.0
38,10,967.4,366.6,254.0200000000001,279.19999999999993,1,1,1.0
39,11,1403.1,741.47,134.08000000000015,113.23000000000002,1,1,1.0
39,1,433.3,494.8,122.69999999999999,259.7,1,1,1.0
39,2,305.79,481.88,141.40999999999997,287.91999999999996,1,1,1.0
39,3,527.6,279.71,219.06999999999994,223.69,1,1,1.0
39,4,620.93,388.4,239.47000000000003,169.20000000000005,1,1,1.0
39,5,964.9,591.5,279.19999999999993,323.29999999999995,1,1,1.0
39,6,398.22,272.43,152.07999999999993,294.77000000000004,1,1,1.0
39,7,1378.5,356.35,118.77999999999997,266.25,1,1,1.0
39,8,1139.2,212.84,417.81999999999994,165.16,1,1,1.0
39,9,1511.8,677.1,33.200000000000045,76.29999999999995,1,1,0.0
39,10,959.1,371.26,268.81000000000006,286.24,1,1,1.0
40,11,1373.9,735.5,163.27999999999997,118.29999999999995,1,1,1.0
40,1,429.7,462.8,142.2,292.99999999999994,1,1,1.0
40,2,306.81,455.55,138.29000000000002,313.74999999999994,1,1,1.0
40,3,526.9,280.78,242.74,235.12,1,1,1.0
40,4,573.72,402.85,299.78,144.25,1,1,1.0
40,5,1012.3,655.59,246.51999999999998,327.7099999999999,1,1,1.0
40,6,389.93,258.03,166.36999999999995,309.57000000000005,1,1,1.0
40,7,1368.5,361.08,120.6400000000001,266.62000000000006,1,1,1.0
40,8,1138.8,211.74,419.6300000000001,168.45999999999998,1,1,1.0
40,9,1511.8,677.1,33.200000000000045,76.29999999999995,1,1,0.0
40,10,950.3,378.6,273.70000000000005,242.19999999999993,1,1,1.0
41,11,1387.7,735.93,150.33999999999992,114.87,1,1,1.0
41,1,356.5,493.2,222.29999999999995,263.00000000000006,1,1,1.0
41,2,304.75,453.88,135.75,304.82000000000005,1,1,1.0
41,3,537.3,265.08,219.24,247.21999999999997,1,1,1.0
41,4,568.2,375.11,288.51,174.59000000000003,1,1,1.0
41,5,988.5,651.26,231.42000000000007,375.6400000000001,1,1,1.0
41,6,332.46,258.46,224.74000000000007,306.54,1,1,1.0
41,7,1368.5,355.92,155.32999999999993,302.47999999999996,1,1,1.0
41,8,1141.0,208.6,416.0,170.79999999999998,1,1,1.0
41,9,1511.8,677.1,33.200000000000045,76.29999999999995,1,1,0.0
41,10,973.0,380.3,249.70000000000005,222.59999999999997,1,1,1.0
42,11,1384.69,729.48,152.01,123.01999999999998,1,1,1.0
42,1,356.1,455.1,217.10000000000002,295.5,1,1,1.0
42,2,305.78,455.16,135.22000000000003,305.13999999999993,1,1,1.0
42,3,540.5,256.39,293.95000000000005,222.91000000000003,1,1,1.0
42,4,572.0,333.11,287.28999999999996,231.68999999999994,1,1,1.0
42,5,998.4,645.24,238.66999999999996,379.8599999999999,1,1,1.0
42,6,357.96,280.98,201.33999999999997,278.02,1,1,1.0
42,7,1347.22,397.64,197.37999999999988,246.56000000000006,1,1,1.0
42,8,1139.85,208.12,412.35000000000014,171.57999999999998,1,1,1.0
42,9,1511.8,677.1,33.200000000000045,76.29999999999995,1,1,0.0
42,10,933.5,381.15,294.8399999999999,195.75,1,1,1.0
43,11,1389.85,738.51,146.45000000000005,113.59000000000003,1,1,1.0
43,1,369.9,431.7,199.0,298.00000000000006,1,1,1.0
43,2,307.84,461.61,137.26000000000005,300.68999999999994,1,1,1.0
43,3,555.9,235.76,305.09000000000003,129.64,1,1,1.0
43,4,589.2,350.49,262.78,221.21000000000004,1,1,1.0
43,5,986.0,642.82,216.6099999999999,376.38,1,1,1.0
43,6,342.4,264.41,216.89999999999998,288.19,1,1,1.0
43,7,1308.4,430.6,239.39999999999986,154.79999999999995,1,1,1.0
43,8,1138.7,208.7,418.0,171.3,1,1,1.0
43,9,1511.8,677.1,33.200000000000045,76.29999999999995,1,1,0.0
43,10,781.7,453.75,318.04999999999995,158.25,1,1,1.0
44,11,1435.87,677.01,103.43000000000006,161.28999999999996,1,1,1.0
44,1,320.75,417.37,202.85000000000002,255.33000000000004,1,1,1.0
44,2,300.25,446.28,136.64999999999998,309.32000000000005,1,1,1.0
44,3,553.8,247.71,297.9100000000001,116.89000000000001,1,1,1.0
44,4,592.3,352.57,263.98,221.22999999999996,1,1,1.0
44,5,983.3,643.44,209.4000000000001,321.26,1,1,1.0
44,6,380.44,276.21,186.85999999999996,268.89000000000004,1,1,1.0
44,7,1300.1,401.07,248.98000000000002,202.32999999999998,1,1,1.0
44,8,1139.7,209.4,417.97,169.49999999999997,1,1,1.0
44,9,1511.8,677.1,33.200000000000045,76.29999999999995,1,1,0.0
44,10,615.3,504.18,334.5,183.61999999999995,1,1,1.0
45,11,1440.17,672.28,99.12999999999988,161.32000000000005,1,1,1.0
45,1,329.51,408.02,191.99,266.48,1,1,1.0
45,2,253.2,434.1,178.0,279.6,1,1,1.0
45,3,551.9,239.27,291.56000000000006,127.03,1,1,1.0
45,4,586.5,364.23,263.78999999999996,204.47000000000003,1,1,1.0
45,5,1018.7,641.58,210.5,320.12,1,1,1.0
45,6,389.19,257.68,164.41000000000003,290.02000000000004,1,1,1.0
45,7,1247.1,406.5,304.85000000000014,172.5,1,1,1.0
45,8,1139.3,210.3,419.35000000000014,167.89999999999998,1,1,1.0
45,9,1511.8,677.1,33.200000000000045,76.29999999999995,1,1,0.0
45,10,579.8,521.31,320.12,194.19000000000005,1,1,1.0
46,11,1425.55,649.05,113.75,182.35000000000002,1,1,1.0
46,1,351.42,396.19,178.18,272.41,1,1,1.0
46,2,251.68,434.14,176.21999999999997,332.06000000000006,1,1,1.0
46,3,544.2,242.59,329.78,125.91,1,1,1.0
46,4,576.5,360.86,265.65,204.84000000000003,1,1,1.0
46,5,978.2,650.08,212.04999999999995,332.7199999999999,1,1,1.0
46,6,406.0,247.13,175.79999999999995,285.97,1,1,1.0
46,7,1256.4,446.56,292.3299999999999,128.14000000000004,1,1,1.0
46,8,1139.2,209.8,416.0999999999999,169.89999999999998,1,1,1.0
46,9,1511.8,677.1,33.200000000000045,76.29999999999995,1,1,0.0
46,10,526.21,554.43,282.89,117.57000000000005,1,1,1.0
47,11,1395.44,662.39,145.15999999999985,160.01,1,1,1.0
47,1,366.15,407.05,172.75,230.45,1,1,1.0
47,2,282.4,470.3,139.8,335.7,1,1,1.0
47,3,601.85,270.58,365.44999999999993,114.02000000000004,1,1,1.0
47,4,574.8,363.87,267.35,201.42999999999995,1,1,1.0
47,5,980.9,655.59,221.7600000000001,361.90999999999997,1,1,1.0
47,6,422.5,233.5,158.79999999999995,294.0,1,1,1.0
47,7,1266.0,441.9,282.72,141.5,1,1,1.0
47,8,1139.1,209.6,421.5,171.6,1,1,1.0
47,9,1511.8,677.1,33.200000000000045,76.29999999999995,1,1,0.0
47,10,553.54,446.75,187.16000000000008,249.04999999999995,1,1,1.0
48,11,1403.19,660.24,138.71000000000004,231.86,1,1,1.0
48,1,372.6,402.82,159.39999999999998,227.07999999999998,1,1,1.0
48,2,283.0,480.1,144.89999999999998,319.69999999999993,1,1,1.0
48,3,727.93,262.81,372.87,126.08999999999997,1,1,1.0
48,4,576.5,355.73,264.36,211.66999999999996,1,1,1.0
48,5,1006.8,666.1,235.67000000000007,323.0,1,1,1.0
48,6,343.5,248.7,237.60000000000002,285.7,1,1,1.0
48,7,1243.4,440.18,306.66999999999985,156.42000000000002,1,1,1.0
48,8,1139.5,210.7,416.4000000000001,169.40000000000003,1,1,1.0
48,9,1511.8,677.1,33.200000000000045,76.29999999999995,1,1,0.0
48,10,562.14,377.42,97.36000000000001,312.87999999999994,1,1,1.0
49,11,1395.45,648.63,145.54999999999995,198.26999999999998,1,1,1.0
49,1,366.58,405.83,162.21999999999997,224.96999999999997,1,1,1.0
49,2,284.46,484.08,140.84000000000003,305.12000000000006,1,1,1.0
49,3,758.1,270.1,331.12,124.26999999999998,1,1,1.0
49,4,580.8,348.92,270.1400000000001,213.37999999999994,1,1,1.0
49,5,889.0,683.64,330.5799999999999,278.46000000000004,1,1,1.0
49,6,333.91,256.13,244.19,264.77,1,1,1.0
49,7,1252.0,452.98,295.21000000000004,162.41999999999996,1,1,1.0
49,8,1138.0,209.28,414.0,170.52,1,1,1.0
49,9,1511.8,677.1,33.200000000000045,76.29999999999995,1,1,0.0
49,10,551.39,304.23,124.00999999999999,319.37,1,1,1.0
50,11,1412.2,623.68,130.51999999999998,213.72000000000003,1,1,1.0
50,1,364.0,404.54,167.20000000000005,219.75999999999993,1,1,1.0
50,2,281.13,483.56,141.07,305.14000000000004,1,1,1.0
50,3,774.92,252.93,316.48000000000013,133.46999999999997,1,1,1.0
50,4,578.5,353.98,276.88,206.41999999999996,1,1,1.0
50,5,817.7,823.85,418.8599999999999,126.14999999999998,1,1,1.0
50,6,352.01,260.2,226.49,255.90000000000003,1,1,1.0
50,7,1291.8,423.29,255.41000000000008,202.20999999999998,1,1,1.0
50,8,1138.4,210.36,410.73,167.94,1,1,1.0
50,9,1511.8,677.1,33.200000000000045,76.29999999999995,1,1,0.0
50,10,543.3,271.34,148.49,313.66,1,1,1.0
51,11,1418.22,626.69,123.68000000000006,198.20999999999992,1,1,1.0
51,1,361.42,406.26,170.18,215.03999999999996,1,1,1.0
51,2,281.64,478.92,136.46000000000004,312.87999999999994,1,1,1.0
51,3,775.63,243.42,323.37,142.28,1,1,1.0
51,4,577.0,350.3,276.65999999999997,213.7,1,1,1.0
51,5,847.79,821.38,372.4100000000001,124.51999999999998,1,1,1.0
51,6,341.34,254.8,221.16000000000003,262.09999999999997,1,1,1.0
51,7,1288.9,397.69,260.81999999999994,242.20999999999998,1,1,1.0
51,8,1141.6,210.36,403.95000000000005,167.64,1,1,1.0
51,9,1511.8,677.1,33.200000000000045,76.29999999999995,1,1,0.0
51,10,523.4,243.4,175.0,296.1,1,1,1.0
52,11,1420.8,631.85,120.70000000000005,197.35000000000002,1,1,1.0
52,1,358.7,405.4,172.50000000000006,218.5,1,1,1.0
52,2,282.16,484.08,142.14,308.21999999999997,1,1,1.0
52,3,778.86,231.65,315.43999999999994,154.74999999999997,1,1,1.0
52,4,580.6,345.33,274.35,218.07,1,1,1.0
52,5,815.79,777.24,354.80999999999995,166.15999999999997,1,1,1.0
52,6,341.5,264.7,219.89999999999998,260.50000000000006,1,1,1.0
52,7,1287.7,391.6,260.5799999999999,239.29999999999995,1,1,1.0
52,8,1139.5,208.93,408.20000000000005,170.46999999999997,1,1,1.0
52,9,1511.8,677.1,33.200000000000045,76.29999999999995,1,1,0.0
52,10,526.8,244.4,177.10000000000002,296.4,1,1,1.0
53,11,1420.8,631.85,120.70000000000005,197.35000000000002,1,1,1.0
53,1,369.64,407.12,161.96000000000004,214.67999999999995,1,1,1.0
53,2,280.1,475.45,145.2,315.25000000000006,1,1,1.0
53,3,780.29,230.58,319.4100000000001,155.42,1,1,1.0
53,4,593.5,339.55,259.29999999999995,227.24999999999994,1,1,1.0
53,5,832.66,776.0,346.93999999999994,161.39999999999998,1,1,1.0
53,6,341.9,259.5,221.0,261.4,1,1,1.0
53,7,1287.3,396.62,262.4200000000001,226.77999999999997,1,1,1.0
53,8,1140.2,209.28,409.28999999999996,170.82000000000002,1,1,1.0
53,9,1511.8,677.1,33.200000000000045,76.29999999999995,1,1,0.0
53,10,530.5,254.2,162.60000000000002,287.8,1,1,1.0
54,11,1420.8,631.85,120.70000000000005,197.35000000000002,1,1,1.0
54,1,370.27,393.6,161.83000000000004,229.39999999999998,1,1,1.0
54,2,283.19,492.78,143.20999999999998,302.62,1,1,1.0
54,3,780.29,228.57,328.6100000000001,157.43,1,1,1.0
54,4,586.62,341.7,267.88,226.50000000000006,1,1,1.0
54,5,822.49,785.91,362.21000000000004,148.99,1,1,1.0
54,6,346.51,267.26,212.99,256.24,1,1,1.0
54,7,1285.6,401.99,265.19000000000005,220.21000000000004,1,1,1.0
54,8,1142.7,208.21,410.01,171.18999999999997,1,1,1.0
54,9,1511.8,677.1,33.200000000000045,76.29999999999995,1,1,0.0
54,10,525.2,261.18,170.5,280.61999999999995,1,1,1.0
55,11,1439.72,600.89,101.37999999999988,231.71000000000004,1,1,1.0
55,1,370.7,393.6,161.8,230.29999999999995,1,1,1.0
55,2,283.19,482.01,140.11,310.78999999999996,1,1,1.0
55,3,782.44,219.64,322.15999999999985,166.76,1,1,1.0
55,4,588.77,342.13,266.13,225.26999999999998,1,1,1.0
55,5,787.8,753.23,320.9000000000001,193.47000000000003,1,1,1.0
55,6,362.3,264.7,197.59999999999997,254.00000000000006,1,1,1.0
55,7,1286.3,401.63,265.21000000000004,219.76999999999998,1,1,1.0
55,8,1139.8,209.64,411.1200000000001,170.16000000000003,1,1,1.0
55,9,1511.8,677.1,33.200000000000045,76.29999999999995,1,1,0.0
55,10,517.0,258.11,181.29999999999995,279.59000000000003,1,1,1.0
56,11,1439.72,557.02,100.48000000000002,268.68000000000006,1,1,1.0
56,1,370.7,389.8,161.8,234.09999999999997,1,1,1.0
56,2,284.74,477.01,139.06,319.09000000000003,1,1,1.0
56,3,783.85,215.61,319.2499999999999,170.78999999999996,1,1,1.0
56,4,585.76,342.99,272.24,222.71000000000004,1,1,1.0
56,5,804.5,731.2,304.5,225.69999999999993,1,1,1.0
56,6,347.37,261.1,212.92999999999995,275.29999999999995,1,1,1.0
56,7,1270.2,398.41,278.79999999999995,236.19,1,1,1.0
56,8,1139.1,208.93,412.18000000000006,170.87,1,1,1.0
56,9,1511.8,677.1,33.200000000000045,76.29999999999995,1,1,0.0
56,10,517.2,255.59,178.53999999999996,284.30999999999995,1,1,1.0
57,11,1444.03,587.99,97.06999999999994,248.51,1,1,1.0
57,1,373.3,404.9,159.2,219.0,1,1,1.0
57,2,285.11,484.85,137.08999999999997,309.25,1,1,1.0
57,3,784.92,216.33,320.58000000000004,170.47,1,1,1.0
57,4,583.18,345.14,271.72,222.65999999999997,1,1,1.0
57,5,816.06,710.7,260.34000000000015,257.29999999999995,1,1,1.0
57,6,341.93,264.54,219.07,261.06,1,1,1.0
57,7,1238.0,395.41,312.78999999999996,197.79000000000002,1,1,1.0
57,8,1140.5,209.64,416.1600000000001,170.16000000000003,1,1,1.0
57,9,1511.8,677.1,33.200000000000045,76.29999999999995,1,1,0.0
57,10,516.6,255.3,180.44999999999993,284.40000000000003,1,1,1.0
58,11,1444.89,573.79,97.1099999999999,264.4100000000001,1,1,1.0
58,1,372.4,392.1,160.52999999999997,233.29999999999995,1,1,1.0
58,2,284.6,481.6,138.7,308.5,1,1,1.0
58,3,787.42,213.1,316.88,174.00000000000003,1,1,1.0
58,4,583.61,344.71,267.89,222.69,1,1,1.0
58,5,782.09,689.16,209.11,271.64,1,1,1.0
58,6,383.02,265.09,179.08000000000004,254.91000000000003,1,1,1.0
58,7,1241.1,369.72,307.0400000000002,240.07999999999993,1,1,1.0
58,8,1140.9,209.64,415.39999999999986,171.56,1,1,1.0
58,9,1511.8,677.1,33.200000000000045,76.29999999999995,1,1,0.0
58,10,521.0,251.22,175.64,289.28,1,1,1.0
59,11,1445.32,571.64,96.27999999999997,266.56000000000006,1,1,1.0
59,1,372.9,371.0,152.70000000000005,256.70000000000005,1,1,1.0
59,2,285.6,492.3,142.29999999999995,296.7,1,1,1.0
59,3,789.57,208.23,307.02999999999986,179.27,1,1,1.0
59,4,579.74,350.27,272.65999999999997,215.83000000000004,1,1,1.0
59,5,822.2,630.28,176.29999999999995,336.52,1,1,1.0
59,6,398.46,267.89,163.54000000000002,259.61,1,1,1.0
59,7,1229.5,376.6,319.5,218.10000000000002,1,1,1.0
59,8,1140.9,208.57,412.8899999999999,169.73000000000002,1,1,1.0
59,9,1511.8,677.1,33.200000000000045,76.29999999999995,1,1,0.0
59,10,520.2,253.59,176.66999999999996,285.11,1,1,1.0
60,11,1447.0,573.8,94.59999999999991,264.4000000000001,1,1,1.0
60,1,374.0,396.3,150.29999999999995,232.49999999999994,1,1,1.0
60,2,284.6,486.78,137.59999999999997,306.4200000000001,1,1,1.0
60,3,789.21,209.31,302.3899999999999,178.19,1,1,1.0
60,4,586.19,346.4,269.6099999999999,218.0,1,1,1.0
60,5,829.3,604.09,132.42000000000007,361.80999999999995,1,1,1.0
60,6,416.6,256.13,146.69999999999993,277.87,1,1,1.0
60,7,1218.6,416.37,327.3900000000001,177.02999999999997,1,1,1.0
60,8,1139.5,209.64,414.28999999999996,168.36,1,1,1.0
60,9,1511.8,677.1,33.200000000000045,76.29999999999995,1,1,0.0
60,10,517.5,253.24,180.32000000000005,284.15999999999997,1,1,1.0
61,11,1446.1,573.8,95.5,264.4000000000001,1,1,1.0
61,1,374.1,359.7,149.79999999999995,262.50000000000006,1,1,1.0
61,2,285.11,475.71,143.28999999999996,314.89000000000004,1,1,1.0
61,3,788.49,209.31,304.71000000000004,177.49,1,1,1.0
61,4,575.9,350.27,280.80000000000007,224.0,1,1,1.0
61,5,810.4,552.17,120.86000000000001,396.73,1,1,1.0
61,6,418.36,247.64,157.84000000000003,286.76,1,1,1.0
61,7,1225.9,446.69,320.9499999999998,143.31,1,1,1.0
61,8,1140.6,209.64,412.83000000000015,168.36,1,1,1.0
61,9,1511.8,677.1,33.200000000000045,76.29999999999995,1,1,0.0
61,10,516.3,244.93,186.56000000000006,296.57,1,1,1.0
62,11,1446.1,578.5,95.5,258.4,1,1,1.0
62,1,370.7,359.7,149.3,255.90000000000003,1,1,1.0
62,2,286.14,489.83,136.56,298.17,1,1,1.0
62,3,789.92,206.44,299.88,179.56,1,1,1.0
62,4,575.87,355.43,280.79999999999995,210.27000000000004,1,1,1.0
62,5,853.54,560.56,137.16000000000008,372.0400000000001,1,1,1.0
62,6,420.51,240.36,151.78999999999996,295.53999999999996,1,1,1.0
62,7,1232.3,450.13,316.27,138.97000000000003,1,1,1.0
62,8,1139.8,208.21,412.9100000000001,171.59,1,1,1.0
62,9,1511.8,677.1,33.200000000000045,76.29999999999995,1,1,0.0
62,10,519.5,249.52,194.41999999999996,295.18000000000006,1,1,1.0
63,11,1443.9,578.5,97.69999999999982,253.70000000000005,1,1,1.0
63,1,371.56,379.74,149.33999999999997,232.86,1,1,1.0
63,2,282.53,495.51,139.17000000000002,292.49,1,1,1.0
63,3,787.42,210.38,310.98000000000013,178.51999999999998,1,1,1.0
63,4,576.3,352.9,280.80000000000007,212.30000000000007,1,1,1.0
63,5,826.3,562.11,182.30000000000007,340.18999999999994,1,1,1.0
63,6,356.74,242.63,199.65999999999997,296.27,1,1,1.0
63,7,1229.3,456.15,318.84000000000015,130.85000000000002,1,1,1.0
63,8,1138.8,209.64,412.1200000000001,171.56,1,1,1.0
63,9,1511.8,677.1,33.200000000000045,76.29999999999995,1,1,0.0
63,10,507.1,255.08,199.07999999999993,288.62,1,1,1.0
64,11,1441.75,578.93,97.65000000000009,253.2700000000001,1,1,1.0
64,1,371.99,377.97,150.40999999999997,241.92999999999995,1,1,1.0
64,2,283.56,490.86,141.24,302.34000000000003,1,1,1.0
64,3,784.91,212.53,312.39,174.97,1,1,1.0
64,4,587.1,357.15,266.55999999999995,210.64999999999998,1,1,1.0
64,5,782.8,525.38,194.97000000000003,369.91999999999996,1,1,1.0
64,6,326.71,243.53,224.69,286.77,1,1,1.0
64,7,1225.4,454.0,323.5999999999999,131.70000000000005,1,1,1.0
64,8,1139.8,210.0,411.48,169.0,1,1,1.0
64,9,1511.8,677.1,33.200000000000045,76.29999999999995,1,1,0.0
64,10,511.6,274.0,231.76999999999998,262.20000000000005,1,1,1.0
65,11,1443.0,579.8,96.40000000000009,250.70000000000005,1,1,1.0
65,1,371.99,360.72,154.01,255.38,1,1,1.0
65,2,283.56,493.96,140.24,301.84,1,1,1.0
65,3,787.96,207.16,309.1399999999999,180.84,1,1,1.0
65,4,588.8,356.29,264.86,210.20999999999998,1,1,1.0
65,5,815.2,540.91,193.87,348.19000000000005,1,1,1.0
65,6,374.4,266.0,183.0,264.4,1,1,1.0
65,7,1227.6,449.27,319.68000000000006,136.02999999999997,1,1,1.0
65,8,1139.1,208.93,411.82000000000016,171.17000000000002,1,1,1.0
65,9,1511.8,677.1,33.200000000000045,76.29999999999995,1,1,0.0
65,10,518.9,274.51,226.74,257.78999999999996,1,1,1.0
66,11,1441.7,582.0,99.39999999999986,246.79999999999995,1,1,1.0
66,1,373.71,382.75,161.19,219.45000000000005,1,1,1.0
66,2,282.53,492.93,141.77000000000004,298.17,1,1,1.0
66,3,788.49,206.8,301.30999999999995,182.8,1,1,1.0
66,4,589.2,354.34,264.4599999999999,212.16000000000003,1,1,1.0
66,5,803.8,566.99,200.5200000000001,323.71000000000004,1,1,1.0
66,6,419.22,236.33,132.67999999999995,301.16999999999996,1,1,1.0
66,7,1219.0,448.41,328.71000000000004,136.88999999999993,1,1,1.0
66,8,1140.6,210.0,411.76,170.10000000000002,1,1,1.0
66,9,1511.8,677.1,33.200000000000045,76.29999999999995,1,1,0.0
66,10,518.7,269.89,225.49,253.11,1,1,1.0
67,11,1442.2,574.7,98.89999999999986,252.79999999999995,1,1,1.0
67,1,371.56,356.28,162.83999999999997,246.82000000000005,1,1,1.0
67,2,284.08,478.16,143.32,298.54,1,1,1.0
67,3,787.78,207.16,308.52,182.44000000000003,1,1,1.0
67,4,586.2,351.33,269.17999999999995,214.37000000000006,1,1,1.0
67,5,803.3,564.4,162.0,363.6,1,1,1.0
67,6,448.0,245.63,181.07000000000005,296.37,1,1,1.0
67,7,1231.4,446.69,315.8799999999999,140.70999999999998,1,1,1.0
67,8,1141.6,210.36,413.27,170.44,1,1,1.0
67,9,1511.8,677.1,33.200000000000045,76.29999999999995,1,1,0.0
67,10,519.8,264.73,216.6500000000001,249.76999999999998,1,1,1.0
68,11,1442.6,582.01,98.5,244.59000000000003,1,1,1.0
68,1,368.57,363.16,153.93,240.33999999999997,1,1,1.0
68,2,282.5,484.21,139.72000000000003,305.90000000000003,1,1,1.0
68,3,789.92,206.8,304.17999999999995,181.8,1,1,1.0
68,4,590.5,350.9,266.6,211.30000000000007,1,1,1.0
68,5,841.1,581.62,158.88,371.88,1,1,1.0
68,6,447.0,237.7,237.0,256.3,1,1,1.0
68,7,1224.9,439.38,323.66999999999985,147.22000000000003,1,1,1.0
68,8,1141.3,210.72,412.85000000000014,170.48,1,1,1.0
68,9,1511.8,677.1,33.200000000000045,76.29999999999995,1,1,0.0
68,10,486.8,290.89,274.79,204.01,1,1,1.0
69,11,1442.6,583.7,98.5,242.89999999999998,1,1,1.0
69,1,353.47,379.46,170.92999999999995,202.94,1,1,1.0
69,2,281.5,482.7,139.7,306.40000000000003,1,1,1.0
69,3,789.93,206.08,305.2700000000001,183.22,1,1,1.0
69,4,590.5,351.33,268.32000000000005,213.07,1,1,1.0
69,5,824.3,579.56,168.09000000000003,373.44000000000005,1,1,1.0
69,6,408.5,238.13,298.19000000000005,224.37,1,1,1.0
69,7,1213.9,432.59,335.0999999999999,154.81,1,1,1.0
69,8,1141.3,209.64,413.21000000000004,171.96000000000004,1,1,1.0
69,9,1511.8,677.1,33.200000000000045,76.29999999999995,1,1,0.0
69,10,470.3,280.34,237.33999999999997,220.46000000000004,1,1,1.0
70,11,1441.7,575.5,99.39999999999986,252.79999999999995,1,1,1.0
70,1,329.58,379.24,193.52000000000004,185.76,1,1,1.0
70,2,265.2,515.3,156.0,268.1,1,1,1.0
70,3,793.9,204.1,299.1,185.9,1,1,1.0
70,4,587.1,357.35,268.28,209.14999999999998,1,1,1.0
70,5,799.7,582.66,287.74,310.0400000000001,1,1,1.0
70,6,394.6,253.1,317.26,181.1,1,1,1.0
70,7,1216.1,434.25,331.18000000000006,176.35000000000002,1,1,1.0
70,8,1142.0,209.64,407.49,169.36,1,1,1.0
70,9,1511.8,677.1,33.200000000000045,76.29999999999995,1,1,0.0
70,10,490.2,331.2,220.00000000000006,192.59999999999997,1,1,1.0
71,11,1443.5,575.5,97.59999999999991,254.10000000000002,1,1,1.0
71,1,331.3,376.09,192.7,171.20999999999998,1,1,1.0
71,2,265.2,514.2,157.5,269.19999999999993,1,1,1.0
71,3,791.36,203.36,304.5400000000001,185.53999999999996,1,1,1.0
71,4,583.4,347.48,271.98,216.22000000000003,1,1,1.0
71,5,786.5,561.71,320.56999999999994,231.18999999999994,1,1,1.0
71,6,380.0,245.04,335.85,169.16,1,1,1.0
71,7,1217.8,429.22,330.34000000000015,185.88,1,1,1.0
71,8,1139.8,210.0,407.9000000000001,170.10000000000002,1,1,1.0
71,9,1511.8,677.1,33.200000000000045,76.29999999999995,1,1,0.0
71,10,519.57,339.29,146.2299999999999,251.81,1,1,1.0
72,11,1445.7,568.2,95.39999999999986,261.4,1,1,1.0
72,1,330.01,374.8,185.78999999999996,181.49999999999994,1,1,1.0
72,2,265.2,513.2,162.2,261.4,1,1,1.0
72,3,790.28,204.43,308.1200000000001,182.37,1,1,1.0
72,4,582.9,355.22,273.34000000000003,208.07999999999993,1,1,1.0
72,5,767.3,565.68,373.95000000000005,207.82000000000005,1,1,1.0
72,6,418.0,248.68,334.83000000000004,151.01999999999998,1,1,1.0
72,7,1221.3,428.36,326.4100000000001,179.84000000000003,1,1,1.0
72,8,1139.5,209.64,409.27,171.16000000000003,1,1,1.0
72,9,1511.8,677.1,33.200000000000045,76.29999999999995,1,1,0.0
72,10,479.4,315.8,182.5,324.99999999999994,1,1,1.0
73,11,1444.0,569.1,97.09999999999991,260.5,1,1,1.0
73,1,318.06,371.8,168.54000000000002,175.49999999999994,1,1,1.0
73,2,172.62,522.2,249.57999999999998,267.5,1,1,1.0
73,3,793.15,204.08,309.15,184.81999999999996,1,1,1.0
73,4,582.1,357.37,273.7099999999999,205.52999999999997,1,1,1.0
73,5,761.08,564.41,432.82000000000005,127.29000000000008,1,1,1.0
73,6,430.9,242.81,270.9,158.69,1,1,1.0
73,7,1219.5,428.79,329.5,168.60999999999996,1,1,1.0
73,8,1137.7,210.7,413.0999999999999,170.5,1,1,1.0
73,9,1511.8,677.1,33.200000000000045,76.29999999999995,1,1,0.0
73,10,439.5,437.4,187.39999999999998,232.0,1,1,1.0
74,11,1443.1,572.1,98.0,256.6,1,1,1.0
74,1,283.3,371.0,192.0,190.10000000000002,1,1,1.0
74,2,167.73,521.68,258.66999999999996,278.0200000000001,1,1,1.0
74,3,791.72,204.79,327.3799999999999,182.71,1,1,1.0
74,4,584.7,352.64,266.80999999999995,211.56000000000006,1,1,1.0
74,5,804.9,545.93,346.84000000000003,155.67000000000007,1,1,1.0
74,6,422.0,247.54,330.44000000000005,143.16,1,1,1.0
74,7,1213.1,443.41,335.47,140.58999999999997,1,1,1.0
74,8,1139.1,210.4,409.9000000000001,170.79999999999998,1,1,1.0
74,9,1511.8,677.1,33.200000000000045,76.29999999999995,1,1,0.0
74,10,446.7,479.5,185.8,232.79999999999995,1,1,1.0
75,11,1444.0,582.0,100.5,246.70000000000005,1,1,1.0
75,1,289.8,354.4,195.8,128.8,1,1,1.0
75,2,155.94,522.2,272.96,276.0,1,1,1.0
75,3,798.88,206.94,322.7199999999999,180.86,1,1,1.0
75,4,579.9,357.08,275.90999999999997,205.42000000000002,1,1,1.0
75,5,810.6,567.38,423.4599999999999,137.22000000000003,1,1,1.0
75,6,418.3,249.46,346.18,137.54,1,1,1.0
75,7,1234.1,455.63,314.0400000000002,126.57000000000005,1,1,1.0
75,8,1140.6,210.7,408.10000000000014,170.5,1,1,1.0
75,9,1511.8,677.1,33.200000000000045,76.29999999999995,1,1,0.0
75,10,448.0,511.4,173.89999999999998,211.30000000000007,1,1,1.0
76,11,1434.5,609.09,110.0,280.2099999999999,1,1,1.0
76,1,297.18,302.73,134.42000000000002,228.06999999999994,1,1,1.0
76,2,175.46,519.1,247.23999999999998,277.0,1,1,1.0
76,3,829.04,212.05,310.6600000000001,176.55,1,1,1.0
76,4,573.9,354.93,281.90999999999997,207.96999999999997,1,1,1.0
76,5,806.5,561.7,432.20000000000005,149.5999999999999,1,1,1.0
76,6,415.25,246.45,350.54999999999995,116.15000000000003,1,1,1.0
76,7,1229.7,455.63,318.44000000000005,127.07000000000005,1,1,1.0
76,8,1140.2,211.8,402.0,168.3,1,1,1.0
76,9,1511.8,677.1,33.200000000000045,76.29999999999995,1,1,0.0
76,10,445.4,508.55,184.63,208.74999999999994,1,1,1.0
77,11,1431.4,604.4,111.39999999999986,295.20000000000005,1,1,1.0
77,1,310.2,312.18,122.67000000000002,237.71999999999997,1,1,1.0
77,2,237.74,518.21,187.06,276.39,1,1,1.0
77,3,837.97,211.83,303.8299999999999,172.06999999999996,1,1,1.0
77,4,588.5,355.79,268.16999999999996,207.10999999999996,1,1,1.0
77,5,806.5,579.4,422.9000000000001,137.80000000000007,1,1,1.0
77,6,420.3,241.5,327.7,112.5,1,1,1.0
77,7,1222.2,452.62,325.0799999999999,132.38,1,1,1.0
77,8,1138.0,211.43,402.77,169.37,1,1,1.0
77,9,1511.8,677.1,33.200000000000045,76.29999999999995,1,1,0.0
77,10,420.0,479.04,212.57000000000005,225.06,1,1,1.0
78,11,1431.4,582.0,111.39999999999986,315.0,1,1,1.0
78,1,309.8,297.3,132.45999999999998,257.56,1,1,1.0
78,2,227.05,534.91,195.64999999999998,273.59000000000003,1,1,1.0
78,3,840.48,210.39,319.6199999999999,168.61,1,1,1.0
78,4,582.9,352.35,271.62,210.54999999999995,1,1,1.0
78,5,835.1,551.94,369.65999999999997,173.55999999999995,1,1,1.0
78,6,411.3,240.6,346.8,113.00000000000003,1,1,1.0
78,7,1237.4,431.16,309.8799999999999,193.44,1,1,1.0
78,8,1140.9,211.43,401.29999999999995,170.46999999999997,1,1,1.0
78,9,1511.8,677.1,33.200000000000045,76.29999999999995,1,1,0.0
78,10,439.7,448.31,202.8,258.19,1,1,1.0
79,11,1435.3,593.6,107.5,298.69999999999993,1,1,1.0
79,1,313.15,304.1,112.25,279.76,1,1,1.0
79,2,223.58,524.35,163.61999999999998,278.44999999999993,1,1,1.0
79,3,877.98,208.06,328.22,201.64,1,1,1.0
79,4,582.7,357.94,273.9699999999999,204.06,1,1,1.0
79,5,857.51,524.06,329.78999999999996,204.54000000000008,1,1,1.0
79,6,417.87,240.62,360.83000000000004,115.07999999999998,1,1,1.0
79,7,1261.9,407.84,265.5799999999999,245.95999999999998,1,1,1.0
79,8,1145.6,211.79,393.02,169.81000000000003,1,1,1.0
79,9,1511.8,677.1,33.200000000000045,76.29999999999995,1,1,0.0
79,10,430.0,450.46,220.66999999999996,247.94,1,1,1.0
80,11,1435.3,575.5,108.79999999999995,321.1,1,1,1.0
80,1,305.4,320.24,109.70000000000005,261.86,1,1,1.0
80,2,214.71,549.53,159.29,243.37,1,1,1.0
80,3,892.93,255.46,332.87,152.93999999999997,1,1,1.0
80,4,584.0,359.43,276.89,202.17000000000002,1,1,1.0
80,5,1037.9,399.54,208.68999999999983,253.56,1,1,1.0
80,6,459.78,244.06,355.82000000000005,114.13999999999999,1,1,1.0
80,7,1242.7,389.38,157.75,314.52,1,1,1.0
80,8,1142.3,211.4,395.60000000000014,168.70000000000002,1,1,1.0
80,9,1511.8,677.1,33.200000000000045,76.29999999999995,1,1,0.0
80,10,429.5,484.32,201.97000000000003,219.18,1,1,1.0
81,11,1437.9,608.2,106.19999999999982,283.69999999999993,1,1,1.0
81,1,302.71,330.46,109.39000000000004,276.14000000000004,1,1,1.0
81,2,208.8,554.17,169.8,226.83000000000004,1,1,1.0
81,3,899.74,279.72,299.3599999999999,136.79999999999995,1,1,1.0
81,4,583.6,359.86,275.56999999999994,204.74,1,1,1.0
81,5,1137.9,348.64,138.14999999999986,258.86,1,1,1.0
81,6,532.16,238.9,369.64,116.49999999999997,1,1,1.0
81,7,1292.0,404.1,137.73000000000002,344.78999999999996,1,1,1.0
81,8,1143.06,210.0,408.44000000000005,170.8,1,1,1.0
81,9,1511.8,677.1,33.200000000000045,76.29999999999995,1,1,0.0
81,10,432.1,484.52,201.09000000000003,205.68000000000006,1,1,1.0
82,11,1438.35,625.6,105.75,265.0,1,1,1.0
82,1,298.8,329.6,129.2,278.6,1,1,1.0
82,2,192.25,559.56,188.95,213.34000000000003,1,1,1.0
82,3,886.4,243.93,288.7400000000001,155.76999999999998,1,1,1.0
82,4,569.4,355.99,296.4200000000001,206.51,1,1,1.0
82,5,1110.3,342.53,162.78999999999996,274.97,1,1,1.0
82,6,549.4,237.61,330.56000000000006,118.08999999999997,1,1,1.0
82,7,1281.7,419.8,129.39999999999986,335.99999999999994,1,1,1.0
82,8,1135.18,199.18,469.91999999999985,169.71999999999997,1,1,1.0
82,9,1511.8,677.1,33.200000000000045,76.29999999999995,1,1,0.0
82,10,446.6,458.54,191.72000000000003,246.56,1,1,1.0
83,11,1438.8,643.0,105.29999999999995,246.29999999999995,1,1,1.0
83,1,297.9,324.9,131.0,272.80000000000007,1,1,1.0
83,2,191.97,560.08,196.42999999999998,198.2199999999999,1,1,1.0
83,3,885.7,237.6,266.23,204.6,1,1,1.0
83,4,575.9,351.12,280.46000000000004,209.17999999999995,1,1,1.0
83,5,1117.6,324.94,147.51,297.76000000000005,1,1,1.0
83,6,537.2,233.77,324.9699999999999,128.33,1,1,1.0
83,7,1292.0,415.1,122.70000000000005,329.29999999999995,1,1,1.0
83,8,1136.97,203.12,431.53,173.77999999999997,1,1,1.0
83,9,1511.8,677.1,33.200000000000045,76.29999999999995,1,1,0.0
83,10,443.6,442.95,194.24,259.55,1,1,1.0
84,11,1463.7,636.55,79.1099999999999,218.35000000000002,1,1,0.0
84,1,304.2,354.6,115.30000000000001,288.79999999999995,1,1,1.0
84,2,200.22,557.5,182.48,206.39999999999998,1,1,1.0
84,3,872.0,247.6,244.1300000000001,217.1,1,1,1.0
84,4,575.4,342.82,280.1,217.07999999999998,1,1,1.0
84,5,1167.2,322.1,133.70000000000005,212.60000000000002,1,1,1.0
84,6,523.49,228.72,348.61,143.98,1,1,1.0
84,7,1290.9,417.18,121.74000000000001,317.52000000000004,1,1,1.0
84,8,1139.84,200.25,420.76,200.14999999999998,1,1,1.0
84,9,1511.8,677.1,33.200000000000045,76.29999999999995,1,1,0.0
84,10,472.39,473.07,176.21000000000004,271.03000000000003,1,1,1.0
85,11,1418.5,658.91,123.45000000000005,216.59000000000003,1,1,1.0
85,1,305.5,356.5,115.69999999999999,303.29999999999995,1,1,1.0
85,2,197.64,556.46,182.96000000000004,210.03999999999996,1,1,1.0
85,3,872.4,258.43,240.87,213.37,1,1,1.0
85,4,566.0,363.46,294.65999999999997,205.14000000000004,1,1,1.0
85,5,1135.2,249.35,162.5999999999999,257.15,1,1,1.0
85,6,523.49,224.42,280.40999999999997,170.78,1,1,1.0
85,7,1274.2,418.21,128.8699999999999,310.29,1,1,1.0
85,8,1141.27,200.25,418.23,211.05,1,1,1.0
85,9,1511.8,677.1,33.200000000000045,76.29999999999995,1,1,0.0
85,10,463.35,475.65,198.25,269.55000000000007,1,1,1.0
86,11,1413.3,661.92,129.51,199.7800000000001,1,1,1.0
86,1,306.8,354.8,115.30000000000001,291.99999999999994,1,1,1.0
86,2,193.0,554.4,191.2,205.39999999999998,1,1,1.0
86,3,876.2,259.51,233.83999999999992,218.39,1,1,1.0
86,4,563.3,369.51,298.22,189.09000000000003,1,1,1.0
86,5,1148.6,319.85,153.61000000000013,201.54999999999995,1,1,1.0
86,6,534.21,219.97,252.49,181.73,1,1,1.0
86,7,1273.63,426.99,131.4699999999998,285.30999999999995,1,1,1.0
86,8,1140.55,200.97,425.45000000000005,200.53,1,1,1.0
86,9,1511.8,677.1,33.200000000000045,76.29999999999995,1,1,0.0
86,10,449.59,487.94,260.81,244.45999999999998,1,1,1.0
87,11,1418.5,661.92,124.30999999999995,210.98000000000002,1,1,1.0
87,1,307.1,360.4,117.87,283.1,1,1,1.0
87,2,199.71,554.4,178.89000000000001,202.80000000000007,1,1,1.0
87,3,895.9,246.28,190.86,243.02,1,1,1.0
87,4,558.2,385.95,314.26,180.45,1,1,1.0
87,5,1085.6,322.96,200.59000000000015,253.83999999999997,1,1,1.0
87,6,501.5,218.72,198.46000000000004,266.28,1,1,1.0
87,7,1275.18,419.25,137.01999999999998,284.04999999999995,1,1,1.0
87,8,1149.63,207.18,431.56999999999994,176.62,1,1,1.0
87,9,1511.8,677.1,33.200000000000045,76.29999999999995,1,1,0.0
87,10,464.09,516.06,258.01000000000005,235.1400000000001,1,1,1.0
88,11,1418.5,665.4,124.30999999999995,224.30000000000007,1,1,1.0
88,1,307.4,357.6,114.40000000000003,284.1,1,1,1.0
88,2,197.65,555.43,184.54999999999998,205.97000000000003,1,1,1.0
88,3,868.28,232.2,177.42000000000007,299.50000000000006,1,1,1.0
88,4,533.8,372.86,343.75,172.34000000000003,1,1,1.0
88,5,1046.1,320.34,244.70000000000005,227.86000000000007,1,1,1.0
88,6,382.0,259.97,273.70000000000005,233.92999999999995,1,1,1.0
88,7,1277.25,422.34,133.45000000000005,271.86000000000007,1,1,1.0
88,8,1139.09,204.29,441.01,180.60999999999999,1,1,1.0
88,9,1511.8,677.1,33.200000000000045,76.29999999999995,1,1,0.0
88,10,455.52,592.79,306.38,172.31000000000006,1,1,1.0
89,11,1417.2,668.8,125.20000000000005,226.9000000000001,1,1,1.0
89,1,306.8,357.0,114.39999999999998,277.29999999999995,1,1,1.0
89,2,196.1,554.4,184.00000000000003,209.5,1,1,1.0
89,3,880.54,217.92,180.55999999999995,322.68000000000006,1,1,1.0
89,4,541.6,367.5,332.1,178.10000000000002,1,1,1.0
89,5,1047.5,320.86,230.81999999999994,242.03999999999996,1,1,1.0
89,6,319.5,334.76,319.0,169.74,1,1,1.0
89,7,1275.18,422.34,134.41999999999985,272.96,1,1,1.0
89,8,1140.17,205.01,437.03,185.99,1,1,1.0
89,9,1511.8,677.1,33.200000000000045,76.29999999999995,1,1,0.0
89,10,513.7,568.57,328.2099999999999,139.7299999999999,1,1,1.0
90,11,1412.9,686.0,126.49000000000001,224.79999999999995,1,1,1.0
90,1,304.7,350.0,120.40000000000003,252.29999999999995,1,1,1.0
90,2,169.12,555.46,199.38,150.64,1,1,1.0
90,3,856.13,235.52,202.37,305.58000000000004,1,1,1.0
90,4,544.7,364.5,326.41999999999996,183.70000000000005,1,1,1.0
90,5,1038.7,322.92,254.25,233.78000000000003,1,1,1.0
90,6,307.6,334.76,324.13,167.64,1,1,1.0
90,7,1266.65,423.37,140.44999999999982,276.53,1,1,1.0
90,8,1139.09,205.73,435.6100000000001,184.87000000000003,1,1,1.0
90,9,1511.8,677.1,33.200000000000045,76.29999999999995,1,1,0.0
90,10,591.5,508.83,343.1,181.46999999999997,1,1,1.0
91,11,1389.7,639.13,153.12999999999988,253.16999999999996,1,1,1.0
91,1,306.8,352.6,115.69999999999999,304.0,1,1,1.0
91,2,111.2,587.1,270.40000000000003,112.29999999999995,1,1,1.0
91,3,848.29,226.04,205.91000000000008,316.76,1,1,1.0
91,4,553.7,364.5,309.69999999999993,183.20000000000005,1,1,1.0
91,5,1041.87,343.34,280.73,144.96000000000004,1,1,1.0
91,6,327.6,342.07,309.56999999999994,158.13,1,1,1.0
91,7,1272.33,406.86,129.76999999999998,318.93999999999994,1,1,1.0
91,8,1139.81,206.08,433.78999999999996,184.22,1,1,1.0
91,9,1511.8,677.1,33.200000000000045,76.29999999999995,1,1,0.0
91,10,616.0,492.43,325.24,198.77000000000004,1,1,1.0
92,11,1389.7,684.71,150.98000000000002,190.78999999999996,1,1,1.0
92,1,307.2,360.8,117.90000000000003,279.59999999999997,1,1,1.0
92,2,98.1,589.7,301.70000000000005,112.29999999999995,1,1,1.0
92,3,857.32,233.92,220.77999999999986,310.38,1,1,1.0
92,4,551.7,364.9,313.0,191.60000000000002,1,1,1.0
92,5,1044.18,371.93,266.02,188.86999999999995,1,1,1.0
92,6,309.4,344.22,332.93000000000006,155.57999999999998,1,1,1.0
92,7,1272.18,399.63,127.31999999999994,306.07000000000005,1,1,1.0
92,8,1140.17,206.08,431.73,182.72,1,1,1.0
92,9,1511.8,677.1,33.200000000000045,76.29999999999995,1,1,0.0
92,10,722.37,487.08,326.0300000000001,160.62000000000006,1,1,1.0
93,11,1392.3,684.71,148.3800000000001,173.18999999999994,1,1,1.0
93,1,308.09,354.33,115.71000000000004,299.17,1,1,1.0
93,2,91.72,585.6,322.38,112.79999999999995,1,1,1.0
93,3,878.2,238.2,179.39999999999986,311.3,1,1,1.0
93,4,553.0,371.4,321.29999999999995,178.70000000000005,1,1,1.0
93,5,1120.65,389.88,205.54999999999995,306.52,1,1,1.0
93,6,326.7,335.19,310.46999999999997,164.61,1,1,1.0
93,7,1282.5,407.38,124.20000000000005,296.02,1,1,1.0
93,8,1140.53,205.37,429.56999999999994,177.02999999999997,1,1,1.0
93,9,1511.8,677.1,33.200000000000045,76.29999999999995,1,1,0.0
93,10,783.2,423.41,290.5,185.38999999999993,1,1,1.0
94,11,1396.6,679.12,144.51,176.58000000000004,1,1,1.0
94,1,304.22,352.68,121.38,318.21999999999997,1,1,1.0
94,2,97.46,587.15,313.54,109.14999999999998,1,1,1.0
94,3,868.81,240.8,208.59000000000015,261.5,1,1,1.0
94,4,539.4,372.67,344.1,182.53000000000003,1,1,1.0
94,5,1094.3,500.2,293.60000000000014,238.59999999999997,1,1,1.0
94,6,335.5,337.34,302.1,162.46000000000004,1,1,1.0
94,7,1279.41,412.02,121.68999999999983,253.08000000000004,1,1,1.0
94,8,1139.45,206.44,428.14999999999986,176.66000000000003,1,1,1.0
94,9,1511.8,677.1,33.200000000000045,76.29999999999995,1,1,0.0
94,10,917.1,384.44,307.5300000000001,173.56,1,1,1.0
95,11,1391.9,686.0,148.77999999999997,168.39999999999998,1,1,1.0
95,1,303.8,369.8,122.30000000000001,289.90000000000003,1,1,1.0
95,2,96.95,588.69,312.95,106.6099999999999,1,1,1.0
95,3,833.04,236.5,225.76,261.9,1,1,1.0
95,4,544.49,379.52,325.51,157.18000000000006,1,1,1.0
95,5,1241.3,546.83,254.01999999999998,191.06999999999994,1,1,1.0
95,6,312.7,338.63,327.05,162.47000000000003,1,1,1.0
95,7,1228.1,391.02,170.37000000000012,252.98000000000002,1,1,1.0
95,8,1140.53,206.08,427.27,176.22,1,1,1.0
95,9,1511.8,677.1,33.200000000000045,76.29999999999995,1,1,0.0
95,10,939.6,365.29,304.5099999999999,147.31,1,1,1.0
96,11,1390.6,683.42,150.08000000000015,167.08000000000004,1,1,1.0
96,1,305.51,354.49,125.29000000000002,333.61,1,1,1.0
96,2,99.01,586.63,294.89,107.66999999999996,1,1,1.0
96,3,795.79,240.94,275.01,205.26,1,1,1.0
96,4,544.92,388.73,315.2800000000001,154.56999999999994,1,1,1.0
96,5,1311.7,561.83,196.06999999999994,238.76999999999998,1,1,1.0
96,6,307.3,335.19,331.59,165.51,1,1,1.0
96,7,1218.8,378.92,208.79999999999995,244.47999999999996,1,1,1.0
96,8,1139.45,207.16,426.25,173.04,1,1,1.0
96,9,1511.8,677.1,33.200000000000045,76.29999999999995,1,1,0.0
96,10,954.9,368.3,280.9699999999999,154.7,1,1,1.0
97,11,1393.2,683.42,147.48000000000002,156.2800000000001,1,1,1.0
97,1,296.1,353.2,125.09999999999997,265.3,1,1,1.0
97,2,91.81,584.05,303.29,111.75,1,1,1.0
97,3,776.96,246.51,300.44000000000005,203.99,1,1,1.0
97,4,546.21,375.5,350.68999999999994,153.5,1,1,1.0
97,5,1316.1,502.4,191.80000000000018,291.4,1,1,1.0
97,6,348.6,335.19,290.72,164.20999999999998,1,1,1.0
97,7,1213.7,371.65,228.14999999999986,261.05000000000007,1,1,1.0
97,8,1139.81,207.16,425.19000000000005,173.34,1,1,1.0
97,9,1511.8,677.1,33.200000000000045,76.29999999999995,1,1,0.0
97,10,964.2,356.03,286.78,197.76999999999998,1,1,1.0
98,11,1376.9,683.42,163.77999999999997,146.38,1,1,1.0
98,1,287.9,357.1,126.40000000000003,280.1,1,1,1.0
98,2,90.26,582.5,310.04,112.20000000000005,1,1,1.0
98,3,789.44,246.51,287.3599999999999,201.89,1,1,1.0
98,4,535.75,364.75,330.35,166.45000000000005,1,1,1.0
98,5,1370.5,498.0,160.5,273.4,1,1,1.0
98,6,311.0,331.55,331.1,169.95,1,1,1.0
98,7,1172.9,370.62,268.4399999999998,280.17999999999995,1,1,1.0
98,8,1140.88,208.23,427.7199999999998,160.37000000000003,1,1,1.0
98,9,1511.8,677.1,33.200000000000045,76.29999999999995,1,1,0.0
98,10,995.2,310.48,249.76999999999998,260.72,1,1,1.0
99,11,1375.6,688.15,165.08000000000015,141.64999999999998,1,1,1.0
99,1,300.5,366.1,150.5,254.5,1,1,1.0
99,2,98.5,583.0,307.5,110.70000000000005,1,1,1.0
99,3,789.44,244.36,286.8599999999999,204.03999999999996,1,1,1.0
99,4,536.61,370.77,332.49,156.52999999999997,1,1,1.0
99,5,1384.5,500.09,146.0,272.81,1,1,1.0
99,6,326.7,330.69,310.67,167.01,1,1,1.0
99,7,1203.1,371.13,230.49,261.47,1,1,1.0
99,8,1139.09,208.95,428.01,161.05,1,1,1.0
99,9,1511.8,677.1,33.200000000000045,76.29999999999995,1,1,0.0
99,10,1032.7,310.37,231.53999999999996,230.13,1,1,1.0
100,11,1369.6,689.01,168.93000000000006,140.78999999999996,1,1,1.0
100,1,307.6,363.1,143.39999999999998,255.79999999999995,1,1,1.0
100,2,85.8,582.5,320.2,113.70000000000005,1,1,1.0
100,3,777.02,245.22,300.5799999999999,201.48,1,1,1.0
100,4,535.75,373.78,330.35,154.82000000000005,1,1,1.0
100,5,1381.9,497.0,150.0999999999999,281.6,1,1,1.0
100,6,341.5,330.69,300.6,167.41000000000003,1,1,1.0
100,7,1206.4,368.55,226.67999999999984,270.65000000000003,1,1,1.0
100,8,1138.73,208.23,426.97,163.17,1,1,1.0
100,9,1511.8,677.1,33.200000000000045,76.29999999999995,1,1,0.0
100,10,1024.1,314.24,253.26999999999998,218.96000000000004,1,1,1.0
101,11,1368.7,692.02,172.40999999999985,139.08000000000004,1,1,1.0
101,1,322.6,370.8,129.2,268.8,1,1,1.0
101,2,82.7,583.0,326.5,112.70000000000005,1,1,1.0
101,3,798.8,245.2,277.5,203.2,1,1,1.0
101,4,537.9,371.2,335.1,157.8,1,1,1.0
101,5,1382.2,484.9,147.0999999999999,292.70000000000005,1,1,1.0
101,6,337.6,330.26,305.36,168.24,1,1,1.0
101,7,1185.6,368.04,252.12000000000012,265.06,1,1,1.0
101,8,1138.73,209.67,425.8699999999999,161.43000000000004,1,1,1.0
101,9,1511.8,677.1,33.200000000000045,76.29999999999995,1,1,0.0
101,10,1021.8,308.65,240.9000000000001,217.75,1,1,1.0
102,11,1384.6,698.04,156.94000000000005,136.06000000000006,1,1,1.0
102,1,319.52,376.68,140.48000000000002,282.42,1,1,1.0
102,2,92.48,583.02,314.62,110.08000000000004,1,1,1.0
102,3,806.7,247.37,273.89999999999986,199.73000000000002,1,1,1.0
102,4,534.0,373.4,336.79999999999995,156.5,1,1,1.0
102,5,1380.5,484.5,196.0,291.0,1,1,1.0
102,6,336.8,327.68,305.3,172.51999999999998,1,1,1.0
102,7,1205.6,375.54,247.08000000000015,243.95999999999998,1,1,1.0
102,8,1139.09,209.67,424.1100000000001,162.43000000000004,1,1,1.0
102,9,1511.8,677.1,33.200000000000045,76.29999999999995,1,1,0.0
102,10,1020.9,303.92,234.06000000000006,219.87999999999994,1,1,1.0
103,11,1404.0,690.73,136.68000000000006,142.97000000000003,1,1,1.0
103,1,310.26,413.57,120.34000000000003,310.83,1,1,1.0
103,2,83.7,582.5,302.40000000000003,112.20000000000005,1,1,1.0
103,3,808.42,247.37,274.58000000000004,195.43,1,1,1.0
103,4,534.0,374.2,339.0,155.7,1,1,1.0
103,5,1379.9,508.24,225.08999999999992,268.76,1,1,1.0
103,6,335.5,330.26,306.16999999999996,169.94,1,1,1.0
103,7,1192.9,370.9,260.29999999999995,250.5,1,1,1.0
103,8,1139.4,209.67,423.41999999999985,162.83,1,1,1.0
103,9,1511.8,677.1,33.200000000000045,76.29999999999995,1,1,0.0
103,10,1018.8,303.06,225.84000000000015,224.64000000000004,1,1,1.0
104,11,1414.3,682.56,127.24000000000001,138.6400000000001,1,1,1.0
104,1,317.5,419.9,115.60000000000002,224.60000000000002,1,1,1.0
104,2,86.83,582.5,297.67,112.70000000000005,1,1,1.0
104,3,781.37,258.3,309.92999999999995,184.5,1,1,1.0
104,4,538.8,371.63,327.32000000000005,161.66999999999996,1,1,1.0
104,5,1381.5,513.04,234.6400000000001,267.06000000000006,1,1,1.0
104,6,309.8,331.98,331.86999999999995,171.71999999999997,1,1,1.0
104,7,1179.0,378.12,275.75,249.58000000000004,1,1,1.0
104,8,1139.4,209.31,421.2199999999998,163.89,1,1,1.0
104,9,1511.8,677.1,33.200000000000045,76.29999999999995,1,1,0.0
104,10,1017.0,312.09,223.32999999999993,211.31,1,1,1.0
105,11,1424.2,683.85,116.48000000000002,137.75,1,1,1.0
105,1,309.09,373.17,125.21000000000004,235.22999999999996,1,1,1.0
105,2,86.3,582.5,303.4,110.10000000000002,1,1,1.0
105,3,758.19,278.6,314.71000000000004,204.7,1,1,1.0
105,4,533.6,366.47,335.53,166.02999999999997,1,1,1.0
105,5,1379.9,510.48,215.04999999999995,277.81999999999994,1,1,1.0
105,6,333.6,333.27,309.78999999999996,166.53000000000003,1,1,1.0
105,7,1156.5,385.34,292.56999999999994,239.36000000000007,1,1,1.0
105,8,1139.5,210.03,421.1199999999999,162.47,1,1,1.0
105,9,1511.8,677.1,33.200000000000045,76.29999999999995,1,1,0.0
105,10,1010.5,311.98,228.51,210.91999999999996,1,1,1.0
106,11,1429.8,683.85,110.88000000000011,149.35000000000002,1,1,1.0
106,1,307.8,377.3,138.8,225.49999999999994,1,1,1.0
106,2,82.7,582.5,315.1,112.20000000000005,1,1,1.0
106,3,774.15,251.55,284.2500000000001,226.45,1,1,1.0
106,4,537.0,370.34,328.26,166.86000000000007,1,1,1.0
106,5,1382.5,511.51,217.33999999999992,281.49,1,1,1.0
106,6,315.0,334.56,328.39,166.14,1,1,1.0
106,7,1121.2,454.64,327.3599999999999,189.15999999999997,1,1,1.0
106,8,1141.2,210.74,412.6199999999999,160.65999999999997,1,1,1.0
106,9,1511.8,677.1,33.200000000000045,76.29999999999995,1,1,0.0
106,10,1013.6,304.24,226.26999999999987,219.96000000000004,1,1,1.0
107,11,1438.0,683.85,103.1099999999999,172.14999999999998,1,1,1.0
107,1,308.66,375.8,128.94,236.49999999999994,1,1,1.0
107,2,82.7,582.5,318.2,112.70000000000005,1,1,1.0
107,3,769.49,257.57,286.30999999999995,206.13,1,1,1.0
107,4,543.9,366.5,315.80000000000007,171.10000000000002,1,1,1.0
107,5,1381.0,488.51,220.9000000000001,302.39,1,1,1.0
107,6,315.0,333.7,327.96000000000004,166.5,1,1,1.0
107,7,1129.3,498.53,331.6400000000001,134.26999999999998,1,1,1.0
107,8,1139.4,211.1,414.77,163.9,1,1,1.0
107,9,1511.8,677.1,33.200000000000045,76.29999999999995,1,1,0.0
107,10,1016.1,305.1,221.62,221.29999999999995,1,1,1.0
108,11,1424.7,688.58,116.40999999999985,166.51999999999998,1,1,1.0
108,1,308.66,374.44,149.83999999999997,242.85999999999996,1,1,1.0
108,2,82.7,582.5,322.3,115.79999999999995,1,1,1.0
108,3,781.8,259.7,286.60000000000014,217.2,1,1,1.0
108,4,542.2,370.37,314.05999999999995,167.23000000000002,1,1,1.0
108,5,1378.4,476.59,167.01999999999998,309.91,1,1,1.0
108,6,336.0,332.84,305.24,166.06,1,1,1.0
108,7,1156.6,487.98,305.32000000000016,190.41999999999996,1,1,1.0
108,8,1138.7,210.74,423.0,162.45999999999998,1,1,1.0
108,9,1511.8,677.1,33.200000000000045,76.29999999999995,1,1,0.0
108,10,1019.6,297.6,217.4999999999999,232.89999999999998,1,1,1.0
109,11,1419.1,682.13,122.00999999999999,162.66999999999996,1,1,1.0
109,1,309.09,369.51,151.41000000000003,244.59000000000003,1,1,1.0
109,2,82.7,582.5,325.0,115.79999999999995,1,1,1.0
109,3,777.36,249.25,274.34000000000003,221.05,1,1,1.0
109,4,543.1,375.07,319.61,162.93,1,1,1.0
109,5,1377.4,480.21,183.40999999999985,308.39000000000004,1,1,1.0
109,6,379.7,334.13,266.7,171.26999999999998,1,1,1.0
109,7,1151.2,476.4,302.89999999999986,182.5,1,1,1.0
109,8,1142.3,212.54,419.03999999999996,160.66,1,1,1.0
109,9,1511.8,677.1,33.200000000000045,76.29999999999995,1,1,0.0
109,10,1018.7,297.6,218.39999999999986,232.89999999999998,1,1,1.0
110,11,1430.7,657.19,111.70000000000005,196.6099999999999,1,1,1.0
110,1,305.65,368.45,157.65000000000003,218.25000000000006,1,1,1.0
110,2,109.8,582.5,294.3,132.20000000000005,1,1,1.0
110,3,775.49,237.75,275.01,229.55,1,1,1.0
110,4,549.1,378.51,313.17999999999995,157.78999999999996,1,1,1.0
110,5,1381.0,495.84,189.06999999999994,293.26000000000005,1,1,1.0
110,6,354.5,330.26,293.19000000000005,168.24,1,1,1.0
110,7,1136.8,480.58,318.31999999999994,152.62000000000006,1,1,1.0
110,8,1138.7,211.46,423.0,164.23999999999998,1,1,1.0
110,9,1511.8,677.1,33.200000000000045,76.29999999999995,1,1,0.0
110,10,1021.3,296.74,215.37000000000012,237.15999999999997,1,1,1.0
111,11,1427.7,676.11,114.69000000000005,172.09000000000003,1,1,1.0
111,1,304.89,375.35,166.61,223.54999999999995,1,1,1.0
111,2,111.3,582.5,300.9,141.5,1,1,1.0
111,3,766.97,239.45,279.6299999999999,214.05,1,1,1.0
111,4,543.1,376.36,317.03,161.24,1,1,1.0
111,5,1379.43,502.55,157.26999999999998,288.65000000000003,1,1,1.0
111,6,319.7,334.99,330.57,167.40999999999997,1,1,1.0
111,7,1123.3,491.93,328.72,140.07,1,1,1.0
111,8,1139.45,209.67,420.45000000000005,164.63000000000002,1,1,1.0
111,9,1511.8,677.1,33.200000000000045,76.29999999999995,1,1,0.0
111,10,1021.1,297.6,214.2800000000001,239.69999999999993,1,1,1.0
112,11,1445.3,677.83,97.09000000000015,171.26999999999998,1,1,1.0
112,1,304.46,367.18,161.44,232.21999999999997,1,1,1.0
112,2,131.5,582.5,279.1,126.79999999999995,1,1,1.0
112,3,765.25,234.32,278.75,220.38,1,1,1.0
112,4,541.8,372.92,317.9000000000001,162.87999999999994,1,1,1.0
112,5,1386.14,508.46,149.4599999999998,281.54,1,1,1.0
112,6,312.1,338.75,338.39,165.05,1,1,1.0
112,7,1126.5,511.72,305.9000000000001,113.38,1,1,1.0
112,8,1139.1,212.54,420.09000000000015,163.56000000000003,1,1,1.0
112,9,1511.8,677.1,33.200000000000045,76.29999999999995,1,1,0.0
112,10,1023.3,295.47,212.10000000000014,244.52999999999997,1,1,1.0
113,11,1495.2,689.44,45.899999999999864,170.45999999999992,1,1,1.0
113,1,303.6,368.9,152.2,233.60000000000002,1,1,1.0
113,2,108.0,582.5,301.1,116.39999999999998,1,1,1.0
113,3,763.1,232.6,280.9999999999999,221.29999999999998,1,1,1.0
113,4,542.2,374.64,317.06999999999994,159.06000000000006,1,1,1.0
113,5,1388.5,453.98,139.06999999999994,345.41999999999996,1,1,1.0
113,6,351.4,345.63,305.37,155.07,1,1,1.0
113,7,1147.55,507.59,270.95000000000005,107.41000000000003,1,1,1.0
113,8,1138.0,212.58,421.19000000000005,163.52,1,1,1.0
113,9,1511.8,677.1,33.200000000000045,76.29999999999995,1,1,0.0
113,10,1025.2,294.18,205.47000000000003,249.42000000000002,1,1,1.0
114,11,1413.1,670.51,128.86000000000013,212.19000000000005,1,1,1.0
114,1,303.6,365.75,150.95,237.20000000000005,1,1,1.0
114,2,108.0,582.5,302.6,114.89999999999998,1,1,1.0
114,3,765.25,231.31,278.8499999999999,222.19,1,1,1.0
114,4,543.5,380.66,313.19000000000005,155.63999999999993,1,1,1.0
114,5,1379.96,473.12,148.74,313.88,1,1,1.0
114,6,378.0,344.77,277.48,156.83000000000004,1,1,1.0
114,7,1122.0,486.25,306.05999999999995,122.95000000000005,1,1,1.0
114,8,1137.3,212.23,419.3800000000001,163.87000000000003,1,1,1.0
114,9,1511.8,677.1,33.200000000000045,76.29999999999995,1,1,0.0
114,10,1021.9,297.19,210.49000000000012,248.31,1,1,1.0
115,11,1412.7,668.79,128.39999999999986,209.61,1,1,1.0
115,1,303.6,362.6,149.7,240.79999999999995,1,1,1.0
115,2,113.2,582.5,299.5,116.39999999999998,1,1,1.0
115,3,766.54,232.17,277.1600000000001,219.13000000000002,1,1,1.0
115,4,540.9,382.38,317.51,154.32000000000005,1,1,1.0
115,5,1380.0,495.08,149.76,275.21999999999997,1,1,1.0
115,6,375.6,337.03,281.6,166.27000000000004,1,1,1.0
115,7,1089.6,496.14,337.6700000000001,123.96000000000004,1,1,1.0
115,8,1139.1,213.66,418.3000000000002,161.73999999999998,1,1,1.0
115,9,1511.8,677.1,33.200000000000045,76.29999999999995,1,1,0.0
115,10,1014.6,301.06,218.2199999999999,236.94,1,1,1.0
116,11,1409.7,668.36,131.39999999999986,202.34000000000003,1,1,1.0
116,1,303.6,365.6,125.19999999999999,234.69999999999993,1,1,1.0
116,2,122.5,582.5,290.7,111.79999999999995,1,1,1.0
116,3,764.82,230.88,276.67999999999995,220.82,1,1,1.0
116,4,544.4,384.29,314.87,153.31,1,1,1.0
116,5,1380.45,483.66,155.3499999999999,282.04,1,1,1.0
116,6,375.2,340.04,283.44,165.06,1,1,1.0
116,7,1066.7,515.5,332.18000000000006,122.89999999999998,1,1,1.0
116,8,1139.1,212.58,417.22,163.81999999999996,1,1,1.0
116,9,1511.8,677.1,33.200000000000045,76.29999999999995,1,1,0.0
116,10,1010.3,319.2,223.79999999999995,217.50000000000006,1,1,1.0
117,11,1405.4,676.53,136.12999999999988,188.57000000000005,1,1,1.0
117,1,304.46,363.03,136.14000000000004,274.07000000000005,1,1,1.0
117,2,122.0,582.5,292.3,111.79999999999995,1,1,1.0
117,3,766.11,231.31,284.4899999999999,222.19,1,1,1.0
117,4,541.8,381.71,324.2800000000001,152.39000000000004,1,1,1.0
117,5,1286.49,551.71,257.51,149.49,1,1,1.0
117,6,399.3,333.78,271.84999999999997,224.01999999999998,1,1,1.0
117,7,1069.8,500.5,353.8600000000001,134.79999999999995,1,1,1.0
117,8,1140.9,212.58,414.7099999999998,162.42,1,1,1.0
117,9,1511.8,677.1,33.200000000000045,76.29999999999995,1,1,0.0
117,10,996.3,303.0,247.67000000000007,221.89999999999998,1,1,1.0
118,11,1412.7,682.99,129.26,163.21000000000004,1,1,1.0
118,1,305.3,362.6,116.59999999999997,275.5,1,1,1.0
118,2,121.5,582.5,292.8,111.79999999999995,1,1,1.0
118,3,758.6,235.18,296.4,210.92000000000002,1,1,1.0
118,4,541.3,384.29,324.35,150.70999999999998,1,1,1.0
118,5,1185.23,644.68,337.97,123.0200000000001,1,1,1.0
118,6,381.5,346.95,292.63,166.05,1,1,1.0
118,7,1072.39,492.06,348.7099999999998,123.94,1,1,1.0
118,8,1139.8,213.3,416.8800000000001,162.39999999999998,1,1,1.0
118,9,1511.8,677.1,33.200000000000045,76.29999999999995,1,1,0.0
118,10,997.2,297.84,236.87999999999988,225.36000000000007,1,1,1.0
119,11,1414.8,663.2,127.16000000000008,186.39999999999998,1,1,1.0
119,1,300.12,371.79,137.88,266.71,1,1,1.0
119,2,118.9,582.5,296.9,111.79999999999995,1,1,1.0
119,3,785.07,253.85,286.13,213.45000000000002,1,1,1.0
119,4,540.1,380.42,328.99,153.68,1,1,1.0
119,5,1144.66,623.24,320.9399999999998,142.76,1,1,1.0
119,6,354.3,356.41,319.83,149.58999999999997,1,1,1.0
119,7,1099.07,482.78,325.1300000000001,126.51999999999998,1,1,1.0
119,8,1141.2,212.58,415.48,164.22,1,1,1.0
119,9,1511.8,677.1,33.200000000000045,76.29999999999995,1,1,0.0
119,10,999.8,300.42,236.86000000000013,220.18,1,1,1.0
120,11,1412.7,660.19,129.69000000000005,182.1099999999999,1,1,1.0
120,1,314.9,412.36,117.70000000000005,297.24,1,1,1.0
120,2,126.64,582.39,266.96000000000004,122.71000000000004,1,1,1.0
120,3,793.86,238.7,276.93999999999994,207.60000000000002,1,1,1.0
120,4,540.5,372.28,326.01,160.12,1,1,1.0
120,5,1097.39,575.83,331.01,178.06999999999994,1,1,1.0
120,6,353.2,361.49,315.34,144.11,1,1,1.0
120,7,1087.7,477.1,338.02,126.69999999999993,1,1,1.0
120,8,1139.1,212.23,415.43000000000006,165.67,1,1,1.0
120,9,1511.8,677.1,33.200000000000045,76.29999999999995,1,1,0.0
120,10,994.2,312.86,239.87999999999988,213.74,1,1,1.0
