1,1,1272.8,762.6,265.9000000000001,237.0,1,1,1.0
1,2,541.6,1038.4,345.6,115.0,1,1,1.0
1,3,1097.0,517.3,221.29999999999995,240.30000000000007,1,1,1.0
1,4,360.5,608.8,248.0,124.60000000000002,1,1,1.0
1,5,401.8,678.1,199.7,265.9,1,1,1.0
1,6,741.54,652.56,205.26,347.5400000000001,1,1,1.0
1,7,255.97,731.1,170.73,233.51,1,1,1.0
1,8,450.38,851.9,174.91999999999996,204.89999999999998,1,1,1.0
2,1,1272.8,747.5,268.9000000000001,245.29999999999995,1,1,1.0
2,2,547.4,1041.8,339.80000000000007,111.60000000000014,1,1,1.0
2,3,1097.6,518.5,224.5,243.20000000000005,1,1,1.0
2,4,380.9,607.2,245.89999999999998,115.19999999999993,1,1,1.0
2,5,401.8,685.6,202.8,257.1,1,1,1.0
2,6,709.5,675.2,244.79999999999995,347.5,1,1,1.0
2,7,254.4,729.0,173.9,239.79999999999995,1,1,1.0
2,8,449.4,851.4,171.10000000000002,205.39999999999998,1,1,1.0
3,1,1269.8,730.9,276.4000000000001,257.4,1,1,1.0
3,2,547.4,1031.2,310.4,107.70000000000005,1,1,1.0
3,9,1637.25,925.1,13.200000000000045,59.639999999999986,1,1,0.0
3,3,1100.5,516.8,220.4000000000001,244.9000000000001,1,1,1.0
3,4,405.0,572.7,222.79999999999995,140.29999999999995,1,1,1.0
3,5,401.2,683.7,204.00000000000006,259.5999999999999,1,1,1.0
3,6,672.5,672.1,279.9,302.19999999999993,1,1,1.0
3,7,245.0,734.76,182.3,226.74,1,1,1.0
3,8,450.4,850.9,176.89999999999998,196.30000000000007,1,1,1.0
4,1,1280.3,730.9,262.10000000000014,263.4,1,1,1.0
4,2,516.5,1023.5,331.70000000000005,108.20000000000005,1,1,1.0
4,9,1635.2,929.1,15.25,76.5,1,1,0.0
4,3,1100.5,513.9,215.79999999999995,237.39999999999998,1,1,1.0
4,4,361.0,574.3,277.29999999999995,137.70000000000005,1,1,1.0
4,5,403.1,683.7,202.10000000000002,266.5,1,1,1.0
4,6,698.2,663.3,251.0999999999999,348.0,1,1,1.0
4,7,258.6,732.1,167.7,232.0,1,1,1.0
4,8,449.8,849.9,173.59999999999997,199.69999999999993,1,1,1.0
5,1,1291.7,718.8,245.39999999999986,281.5,1,1,1.0
5,2,524.7,1023.5,321.5999999999999,108.20000000000005,1,1,1.0
5,9,1637.2,929.1,13.25,55.60000000000002,1,1,0.0
5,3,1095.9,518.4,228.0999999999999,240.39999999999998,1,1,1.0
5,4,343.2,564.9,291.40000000000003,149.70000000000005,1,1,1.0
5,5,392.4,680.6,204.0,263.29999999999995,1,1,1.0
5,6,695.1,659.5,255.5,348.70000000000005,1,1,1.0
5,7,260.7,730.5,164.56,245.10000000000002,1,1,1.0
5,8,448.6,852.2,171.89999999999998,198.5999999999999,1,1,1.0
6,1,1288.6,748.9,253.80000000000018,243.20000000000005,1,1,1.0
6,2,517.9,1023.5,328.4,108.20000000000005,1,1,1.0
6,9,1637.2,929.1,13.25,55.60000000000002,1,1,0.0
6,3,1093.6,519.7,226.20000000000005,240.79999999999995,1,1,1.0
6,4,346.3,568.0,306.09999999999997,150.29999999999995,1,1,1.0
6,5,341.5,691.9,247.39999999999998,171.60000000000002,1,1,1.0
6,6,685.68,657.03,248.5200000000001,328.57000000000005,1,1,1.0
6,7,216.2,731.5,199.10000000000002,189.70000000000005,1,1,1.0
6,8,448.6,852.8,174.79999999999995,199.20000000000005,1,1,1.0
7,1,1284.4,730.6,262.1999999999998,247.39999999999998,1,1,1.0
7,2,518.4,1023.5,331.80000000000007,108.20000000000005,1,1,1.0
7,9,1636.6,917.05,13.850000000000136,57.40000000000009,1,1,0.0
7,3,1095.9,519.7,241.29999999999995,239.0999999999999,1,1,1.0
7,4,368.8,579.0,274.7,150.79999999999995,1,1,1.0
7,5,335.2,717.6,255.00000000000006,147.79999999999995,1,1,1.0
7,6,680.6,669.6,240.39999999999998,348.0,1,1,1.0
7,7,247.6,667.66,141.50000000000003,181.84000000000003,1,1,1.0
7,8,448.6,848.7,170.69999999999993,201.5999999999999,1,1,1.0
8,1,1318.9,718.7,160.5,288.19999999999993,1,1,1.0
8,2,529.0,1025.9,321.20000000000005,109.69999999999982,1,1,1.0
8,9,1636.0,905.0,14.450000000000045,59.200000000000045,1,1,0.0
8,3,1079.7,514.5,265.0,231.0,1,1,1.0
8,4,416.9,607.8,261.20000000000005,125.60000000000002,1,1,1.0
8,5,307.7,697.3,301.2,138.80000000000007,1,1,1.0
8,6,709.5,667.1,202.70000000000005,347.4,1,1,1.0
8,7,252.3,669.3,120.0,149.30000000000007,1,1,0.0
8,8,452.1,852.2,179.89999999999998,211.39999999999986,1,1,1.0
9,1,1354.1,646.5,217.0,287.55999999999995,1,1,1.0
9,2,534.8,1025.9,318.30000000000007,109.69999999999982,1,1,1.0
9,9,1635.4,908.0,14.019999999999982,64.64999999999998,1,1,0.0
9,3,1068.7,527.8,259.79999999999995,229.30000000000007,1,1,1.0
9,4,425.3,603.6,291.49999999999994,160.60000000000002,1,1,1.0
9,5,266.9,713.0,300.70000000000005,114.29999999999995,1,1,1.0
9,6,686.9,665.2,229.10000000000002,346.79999999999995,1,1,1.0
9,7,269.6,541.5,191.2,217.39999999999998,1,1,0.0
9,8,450.9,854.5,166.10000000000002,190.0,1,1,1.0
10,1,1325.2,621.4,310.0,199.0,1,1,1.0
10,2,525.2,1026.4,329.79999999999995,107.29999999999995,1,1,1.0
10,9,1634.8,911.0,13.600000000000136,70.10000000000002,1,1,0.0
10,3,1077.4,525.5,228.5,231.60000000000002,1,1,1.0
10,4,463.0,567.5,249.60000000000002,231.20000000000005,1,1,1.0
10,5,255.6,702.3,285.0,145.70000000000005,1,1,1.0
10,6,658.6,666.5,251.10000000000002,334.20000000000005,1,1,1.0
10,7,225.2,535.9,237.0,181.30000000000007,1,1,0.0
10,8,452.1,855.7,164.29999999999995,188.20000000000005,1,1,1.0
11,1,1320.8,624.5,311.9000000000001,183.29999999999995,1,1,1.0
11,2,522.3,1026.4,333.20000000000005,107.79999999999995,1,1,1.0
11,9,1635.87,924.06,12.730000000000018,65.81000000000006,1,1,0.0
11,3,1090.1,517.4,226.20000000000005,242.0,1,1,1.0
11,4,476.1,567.5,232.39999999999998,231.70000000000005,1,1,1.0
11,5,263.1,701.0,264.29999999999995,140.70000000000005,1,1,1.0
11,6,704.4,662.7,208.39999999999998,337.4,1,1,1.0
11,7,400.2,513.7,73.10000000000002,97.19999999999993,1,1,0.0
11,8,450.9,850.5,166.10000000000002,191.70000000000005,1,1,1.0
12,1,1466.5,581.2,168.70000000000005,172.5999999999999,1,1,0.0
12,2,522.3,1025.9,331.30000000000007,108.29999999999995,1,1,1.0
12,9,1636.93,937.12,11.86999999999989,61.50999999999999,1,1,0.0
12,3,1095.9,516.8,226.79999999999995,244.30000000000007,1,1,1.0
12,4,487.6,554.9,220.79999999999995,244.80000000000007,1,1,1.0
12,5,268.1,699.7,248.60000000000002,96.79999999999995,1,1,1.0
12,6,717.6,669.6,187.0,317.9,1,1,1.0
12,7,405.0,542.6,58.60000000000002,120.39999999999998,1,1,0.0
12,8,450.9,851.7,167.30000000000007,198.5999999999999,1,1,1.0
13,1,1519.8,574.3,115.40000000000009,164.4000000000001,1,1,0.0
13,2,527.1,1026.4,327.9,109.69999999999982,1,1,1.0
13,9,1638.0,950.18,11.0,57.22000000000003,1,1,0.0
13,3,1095.9,522.6,224.5,238.5,1,1,1.0
13,4,490.7,550.7,216.7,249.0,1,1,1.0
13,5,266.2,707.9,234.2,97.39999999999998,1,1,1.0
13,6,697.5,666.4,212.79999999999995,350.0,1,1,1.0
13,7,367.4,536.8,95.80000000000001,145.5,1,1,0.0
13,8,449.7,852.3,172.50000000000006,194.5,1,1,1.0
14,1,1550.6,598.8,84.60000000000014,148.70000000000005,1,1,0.0
14,2,535.3,1026.4,321.6,109.69999999999982,1,1,1.0
14,9,1639.07,963.24,10.13000000000011,52.92999999999995,1,1,0.0
14,3,1093.6,524.9,234.9000000000001,235.60000000000002,1,1,1.0
14,4,495.4,545.5,212.60000000000002,256.29999999999995,1,1,1.0
14,5,275.0,707.9,222.3,97.39999999999998,1,1,1.0
14,6,715.7,674.6,189.5999999999999,309.79999999999995,1,1,1.0
14,7,387.2,542.6,78.40000000000003,163.79999999999995,1,1,0.0
14,8,450.9,852.3,171.30000000000007,194.5,1,1,1.0
15,1,1566.8,560.75,64.10000000000014,102.89999999999998,1,1,0.0
15,2,540.6,1026.4,316.29999999999995,109.69999999999982,1,1,1.0
15,9,1640.13,976.3,9.279999999999973,48.63000000000011,1,1,0.0
15,3,1091.9,522.0,233.69999999999982,239.70000000000005,1,1,1.0
15,4,520.5,520.9,186.89999999999998,280.9,1,1,1.0
15,5,267.5,706.6,224.7,97.39999999999998,1,1,1.0
15,6,720.7,666.4,180.79999999999995,291.0,1,1,1.0
15,7,385.3,549.4,85.59999999999997,148.30000000000007,1,1,0.0
15,8,441.1,854.0,186.89999999999998,173.70000000000005,1,1,1.0
16,1,1583.0,522.7,43.59999999999991,57.09999999999991,1,1,0.0
16,2,529.0,1027.4,332.20000000000005,108.69999999999982,1,1,1.0
16,9,1641.2,989.36,8.409999999999854,44.34000000000003,1,1,0.0
16,3,1097.7,515.1,220.39999999999986,250.10000000000002,1,1,1.0
16,4,517.4,527.2,190.0,278.79999999999995,1,1,1.0
16,5,194.7,705.3,279.3,98.70000000000005,1,1,1.0
16,6,722.0,663.9,177.0,327.4,1,1,1.0
16,7,367.9,552.3,103.0,159.4000000000001,1,1,0.0
16,8,447.5,854.0,180.5,166.79999999999995,1,1,1.0
17,1,1564.1,519.6,69.30000000000018,153.79999999999995,1,1,0.0
17,2,530.4,1027.4,327.4,108.69999999999982,1,1,1.0
17,9,1637.2,989.36,12.409999999999854,120.7399999999999,1,1,0.0
17,3,1086.1,507.0,267.9000000000001,235.10000000000002,1,1,1.0
17,4,536.2,516.2,171.19999999999993,293.5,1,1,1.0
17,5,235.5,704.7,258.0,119.39999999999998,1,1,1.0
17,6,723.9,665.8,170.70000000000005,310.4000000000001,1,1,1.0
17,7,376.1,551.3,89.0,160.4000000000001,1,1,0.0
17,8,447.5,860.4,182.79999999999995,166.80000000000007,1,1,1.0
18,1,1563.0,567.2,72.0,130.29999999999995,1,1,0.0
18,2,534.3,1026.4,323.5,108.69999999999982,1,1,1.0
18,9,1640.4,989.36,9.209999999999809,51.239999999999895,1,1,0.0
18,3,1085.5,516.3,248.20000000000005,257.0,1,1,1.0
18,4,557.2,510.4,150.19999999999993,327.6,1,1,1.0
18,5,234.9,705.3,252.99999999999997,144.5,1,1,1.0
18,6,727.0,656.4,160.70000000000005,341.1,1,1,1.0
18,7,374.65,580.2,117.45000000000005,175.41999999999996,1,1,1.0
18,8,447.5,861.6,178.70000000000005,165.60000000000002,1,1,1.0
19,1,1569.1,559.9,64.90000000000009,141.30000000000007,1,1,0.0
19,2,561.8,1028.3,287.30000000000007,107.79999999999995,1,1,1.0
19,9,1615.1,985.3,34.50999999999999,134.10000000000014,1,1,0.0
19,3,1097.1,514.0,214.60000000000014,265.1,1,1,1.0
19,4,571.0,529.2,132.60000000000002,360.9,1,1,1.0
19,5,234.9,707.2,252.99999999999997,142.5999999999999,1,1,1.0
19,6,737.0,648.9,154.5,361.80000000000007,1,1,1.0
19,7,374.65,587.0,138.14999999999998,160.39999999999998,1,1,1.0
19,8,445.2,859.9,174.09999999999997,203.80000000000007,1,1,1.0
20,1,1530.2,562.3,104.79999999999995,117.40000000000009,1,1,0.0
20,2,543.0,1027.3,308.5,108.29999999999995,1,1,1.0
20,9,1621.5,985.3,28.1099999999999,134.10000000000014,1,1,0.0
20,3,1107.5,505.9,209.4000000000001,280.70000000000005,1,1,1.0
20,4,580.4,558.1,124.5,363.4,1,1,1.0
20,5,246.2,705.3,244.8,155.20000000000005,1,1,1.0
20,6,730.7,679.7,134.39999999999998,344.79999999999995,1,1,1.0
20,7,374.2,579.3,140.00000000000006,146.9000000000001,1,1,1.0
20,8,448.1,852.4,160.79999999999995,193.89999999999998,1,1,1.0
21,1,1525.0,557.8,110.0,120.30000000000007,1,1,0.0
21,2,551.2,1027.3,300.29999999999995,108.29999999999995,1,1,1.0
21,9,1636.0,993.3,13.6099999999999,72.29999999999995,1,1,0.0
21,3,1111.0,502.4,213.4000000000001,280.1,1,1,1.0
21,4,576.0,565.6,128.89999999999998,357.79999999999995,1,1,1.0
21,5,241.8,706.6,244.8,158.89999999999998,1,1,1.0
21,6,725.7,743.7,168.29999999999995,354.89999999999986,1,1,1.0
21,7,368.9,579.8,147.20000000000005,145.4000000000001,1,1,1.0
21,8,440.0,853.0,172.39999999999998,163.20000000000005,1,1,1.0
22,10,1576.6,806.7,67.80000000000018,132.5999999999999,1,1,0.0
22,1,1568.2,560.9,66.79999999999995,131.89999999999998,1,1,0.0
22,2,554.1,1027.3,301.29999999999995,108.29999999999995,1,1,1.0
22,9,1628.8,1038.7,20.809999999999945,87.59999999999991,1,1,0.0
22,3,1107.0,505.9,220.9000000000001,278.9,1,1,1.0
22,4,568.5,553.0,136.39999999999998,310.1,1,1,1.0
22,5,253.1,704.1,233.50000000000003,167.10000000000002,1,1,1.0
22,6,729.5,768.8,190.89999999999998,322.9000000000001,1,1,1.0
22,7,374.2,580.8,141.90000000000003,149.70000000000005,1,1,1.0
22,8,448.6,857.6,163.79999999999995,165.5,1,1,1.0
23,10,1569.8,798.3,74.60000000000014,135.0,1,1,0.0
23,1,1543.8,552.5,91.20000000000005,130.89999999999998,1,1,0.0
23,2,542.5,1027.3,314.29999999999995,109.29999999999995,1,1,1.0
23,9,1628.8,1092.9,20.809999999999945,16.09999999999991,1,1,0.0
23,3,1107.0,508.2,230.20000000000005,272.50000000000006,1,1,1.0
23,4,563.5,548.6,141.39999999999998,300.1,1,1,1.0
23,5,259.4,702.8,226.60000000000002,172.20000000000005,1,1,1.0
23,6,715.7,774.5,204.69999999999993,333.5,1,1,1.0
23,7,373.2,579.4,142.90000000000003,163.60000000000002,1,1,1.0
23,8,450.3,857.6,159.8,185.19999999999993,1,1,1.0
24,10,1533.6,781.8,108.80000000000018,108.90000000000009,1,1,0.0
24,1,1546.9,549.9,88.09999999999991,133.5,1,1,0.0
24,2,542.5,1027.3,314.29999999999995,109.29999999999995,1,1,1.0
24,9,1511.9,998.0,134.5,123.90000000000009,1,1,0.0
24,3,1107.0,512.8,242.4000000000001,274.30000000000007,1,1,1.0
24,4,552.8,544.2,152.10000000000002,294.5,1,1,1.0
24,5,259.4,702.8,224.10000000000002,172.20000000000005,1,1,1.0
24,6,724.5,782.7,216.0,335.29999999999995,1,1,1.0
24,7,371.3,581.3,144.8,160.30000000000007,1,1,1.0
24,8,449.7,858.2,167.3,189.79999999999995,1,1,1.0
25,10,1575.0,707.1,67.40000000000009,141.79999999999995,1,1,0.0
25,1,1558.0,548.1,77.0,134.29999999999995,1,1,0.0
25,2,541.1,1027.3,316.69999999999993,109.29999999999995,1,1,1.0
25,9,1468.9,951.4,177.5,123.50000000000011,1,1,1.0
25,3,1088.5,520.9,213.4000000000001,252.30000000000007,1,1,1.0
25,4,552.8,542.9,154.60000000000002,313.4,1,1,1.0
25,5,246.8,702.8,239.2,172.20000000000005,1,1,1.0
25,6,702.5,836.1,230.5,305.19999999999993,1,1,1.0
25,7,373.7,581.3,142.40000000000003,156.4000000000001,1,1,1.0
25,8,448.0,858.2,175.39999999999998,179.39999999999986,1,1,1.0
26,10,1583.0,707.1,59.40000000000009,135.79999999999995,1,1,0.0
26,1,1557.4,546.2,77.59999999999991,136.19999999999993,1,1,0.0
26,2,548.3,1027.8,310.9000000000001,108.79999999999995,1,1,1.0
26,9,1439.2,949.4,208.0,122.30000000000007,1,1,1.0
26,3,1102.4,521.5,199.5,250.0,1,1,1.0
26,4,547.1,546.7,165.89999999999998,300.79999999999995,1,1,1.0
26,5,246.2,703.4,239.8,170.30000000000007,1,1,1.0
26,6,709.4,824.2,213.60000000000002,319.0,1,1,1.0
26,7,370.8,578.9,145.3,156.89999999999998,1,1,1.0
26,8,450.9,854.7,174.20000000000005,195.5999999999999,1,1,1.0
27,10,1522.7,712.3,119.70000000000005,130.60000000000002,1,1,0.0
27,1,1558.9,547.2,76.09999999999991,134.69999999999993,1,1,0.0
27,2,535.8,1027.8,317.6,110.70000000000005,1,1,1.0
27,9,1443.6,950.6,203.60000000000014,122.69999999999993,1,1,1.0
27,3,1109.9,519.8,188.5,258.1,1,1,1.0
27,4,520.7,544.2,192.29999999999995,321.5,1,1,1.0
27,5,260.6,701.5,227.89999999999998,186.60000000000002,1,1,1.0
27,6,724.5,817.9,197.89999999999998,324.69999999999993,1,1,1.0
27,7,371.3,582.8,144.8,151.60000000000002,1,1,1.0
27,8,450.9,853.0,170.10000000000002,195.5999999999999,1,1,1.0
28,10,1523.5,715.5,118.90000000000009,128.20000000000005,1,1,0.0
28,1,1559.9,547.2,75.09999999999991,134.69999999999993,1,1,0.0
28,2,531.5,1027.8,320.5,110.70000000000005,1,1,1.0
28,9,1442.0,950.6,205.20000000000005,120.30000000000007,1,1,1.0
28,3,1125.5,519.2,182.20000000000005,265.5999999999999,1,1,1.0
28,4,538.3,540.4,174.70000000000005,316.5,1,1,1.0
28,5,260.6,700.9,226.0,186.0,1,1,1.0
28,6,720.7,824.2,202.29999999999995,317.0999999999999,1,1,1.0
28,7,372.3,579.9,143.8,127.5,1,1,1.0
28,8,450.9,853.0,168.80000000000007,195.5999999999999,1,1,1.0
29,10,1513.9,709.9,128.5,135.80000000000007,1,1,0.0
29,1,1551.5,548.8,84.0,134.10000000000002,1,1,0.0
29,2,533.9,1027.8,318.6,109.29999999999995,1,1,1.0
29,9,1437.2,952.6,210.0,118.69999999999993,1,1,1.0
29,3,1126.7,519.8,196.0,265.6,1,1,1.0
29,4,527.0,537.3,181.60000000000002,324.0,1,1,1.0
29,5,248.7,700.9,237.90000000000003,172.20000000000005,1,1,1.0
29,6,732.0,817.3,191.0,329.70000000000005,1,1,1.0
29,7,368.4,581.3,150.60000000000002,123.70000000000005,1,1,1.0
29,8,431.3,851.3,191.90000000000003,171.10000000000002,1,1,1.0
30,10,1495.4,719.5,147.0,126.20000000000005,1,1,0.0
30,1,1558.3,548.3,77.20000000000005,134.60000000000002,1,1,0.0
30,2,521.4,1027.3,332.1,109.79999999999995,1,1,1.0
30,9,1448.1,953.8,199.5,118.70000000000005,1,1,1.0
30,3,1118.0,517.5,210.5,266.4,1,1,1.0
30,4,511.3,537.3,201.09999999999997,337.80000000000007,1,1,1.0
30,5,251.2,700.9,235.40000000000003,170.89999999999998,1,1,1.0
30,6,732.6,816.7,194.19999999999993,321.5,1,1,1.0
30,7,370.3,584.7,151.59999999999997,113.5,1,1,1.0
30,8,448.3,853.9,173.2,188.10000000000002,1,1,1.0
31,10,1486.2,723.5,156.20000000000005,128.60000000000002,1,1,1.0
31,1,1558.8,548.3,76.70000000000005,134.60000000000002,1,1,0.0
31,2,531.0,1024.4,315.70000000000005,108.79999999999995,1,1,1.0
31,9,1442.0,953.8,205.5999999999999,122.70000000000005,1,1,1.0
31,3,1120.1,517.5,207.4000000000001,269.0,1,1,1.0
31,4,500.6,537.3,211.19999999999993,338.4000000000001,1,1,1.0
31,5,259.4,699.6,231.60000000000002,166.5,1,1,1.0
31,6,731.3,819.2,199.30000000000007,325.29999999999995,1,1,1.0
31,7,373.2,578.4,139.09999999999997,154.0,1,1,1.0
31,8,449.6,851.3,172.79999999999995,196.79999999999995,1,1,1.0
32,10,1477.4,713.1,164.19999999999982,132.60000000000002,1,1,1.0
32,1,1558.3,548.3,77.20000000000005,134.60000000000002,1,1,0.0
32,2,528.6,1006.1,319.1,125.69999999999993,1,1,1.0
32,9,1447.2,952.6,200.39999999999986,122.30000000000007,1,1,1.0
32,3,1110.7,521.2,217.79999999999995,265.29999999999995,1,1,1.0
32,4,468.6,588.8,221.89999999999998,301.9000000000001,1,1,1.0
32,5,259.4,700.9,231.60000000000002,169.60000000000002,1,1,1.0
32,6,722.5,823.0,230.70000000000005,315.20000000000005,1,1,1.0
32,7,374.2,581.8,140.00000000000006,129.4000000000001,1,1,1.0
32,8,438.7,845.6,175.90000000000003,172.79999999999995,1,1,1.0
33,10,1456.9,690.2,184.69999999999982,141.0,1,1,1.0
33,1,1555.8,549.9,79.70000000000005,133.0,1,1,0.0
33,2,533.4,1008.03,311.4,123.76999999999998,1,1,1.0
33,9,1445.6,952.6,200.80000000000018,121.49999999999989,1,1,1.0
33,3,1113.3,516.0,206.29999999999995,263.70000000000005,1,1,1.0
33,4,462.3,616.4,216.90000000000003,303.80000000000007,1,1,1.0
33,5,249.4,703.4,242.20000000000002,165.80000000000007,1,1,1.0
33,6,723.8,826.8,221.9000000000001,318.29999999999995,1,1,1.0
33,7,376.1,584.7,166.10000000000002,125.5,1,1,1.0
33,8,451.3,856.9,172.86999999999995,189.80000000000007,1,1,1.0
34,10,1440.0,688.2,201.5999999999999,139.79999999999995,1,1,1.0
34,1,1552.1,546.2,83.40000000000009,135.69999999999993,1,1,0.0
34,2,534.8,1008.03,312.9000000000001,124.76999999999998,1,1,1.0
34,9,1447.2,953.4,199.20000000000005,120.69999999999993,1,1,1.0
34,3,1106.0,524.4,244.5,255.80000000000007,1,1,1.0
34,4,454.8,619.5,180.40000000000003,308.79999999999995,1,1,1.0
34,5,249.4,701.5,239.1,167.10000000000002,1,1,1.0
34,6,721.9,832.5,257.1,272.4000000000001,1,1,1.0
34,7,375.1,576.5,130.89999999999998,179.0,1,1,1.0
34,8,450.0,850.8,163.70000000000005,200.29999999999995,1,1,1.0
35,10,1438.4,680.2,203.19999999999982,147.79999999999995,1,1,1.0
35,1,1557.0,548.3,78.5,132.60000000000002,1,1,0.0
35,2,542.5,1023.0,305.20000000000005,109.79999999999995,1,1,1.0
35,9,1450.4,953.4,196.79999999999995,122.30000000000007,1,1,1.0
35,3,1110.7,521.8,268.5999999999999,254.70000000000005,1,1,1.0
35,4,439.1,623.3,184.19999999999993,296.80000000000007,1,1,1.0
35,5,227.4,704.0,261.1,162.10000000000002,1,1,1.0
35,6,710.6,842.5,274.1,256.0999999999999,1,1,1.0
35,7,377.0,582.8,129.0,172.70000000000005,1,1,1.0
35,8,450.0,853.0,163.29999999999995,193.70000000000005,1,1,1.0
36,10,1448.4,682.2,193.19999999999982,145.79999999999995,1,1,1.0
36,1,1557.5,547.3,78.0,134.10000000000002,1,1,0.0
36,2,551.7,1024.9,296.0,110.29999999999995,1,1,1.0
36,9,1463.7,955.0,183.5,120.29999999999995,1,1,1.0
36,3,1098.1,524.9,264.5,250.0,1,1,1.0
36,4,437.8,624.6,192.40000000000003,282.9,1,1,1.0
36,5,206.7,707.8,276.8,118.10000000000002,1,1,1.0
36,6,704.3,839.4,252.80000000000007,284.9,1,1,1.0
36,7,378.0,579.9,128.0,175.60000000000002,1,1,1.0
36,8,414.2,853.0,199.09999999999997,170.20000000000005,1,1,1.0
37,10,1461.7,687.4,179.89999999999986,137.39999999999998,1,1,1.0
37,1,1552.0,545.2,83.5,136.69999999999993,1,1,0.0
37,2,560.4,1023.0,292.6,112.20000000000005,1,1,1.0
37,9,1480.2,955.8,167.0,118.29999999999995,1,1,1.0
37,3,1083.4,529.6,257.6999999999998,237.5,1,1,1.0
37,4,428.4,640.9,250.10000000000002,244.0,1,1,1.0
37,5,197.3,709.7,279.9,108.0,1,1,1.0
37,6,705.6,835.0,227.60000000000002,304.4000000000001,1,1,1.0
37,7,372.2,584.7,144.00000000000006,144.79999999999995,1,1,1.0
37,8,447.8,847.3,171.59999999999997,178.5,1,1,1.0
38,10,1495.1,679.4,146.5,143.39999999999998,1,1,1.0
38,1,1552.6,545.2,82.90000000000009,134.0999999999999,1,1,0.0
38,2,559.4,1024.4,293.6,110.79999999999995,1,1,1.0
38,9,1421.9,944.5,225.29999999999995,128.79999999999995,1,1,1.0
38,3,1097.0,526.5,232.5999999999999,246.29999999999995,1,1,1.0
38,4,454.1,634.6,226.29999999999995,255.29999999999995,1,1,1.0
38,5,242.5,707.8,237.2,137.5,1,1,1.0
38,6,711.3,830.0,228.20000000000005,323.20000000000005,1,1,1.0
38,7,355.3,592.4,162.3,135.70000000000005,1,1,1.0
38,8,429.9,855.1,189.10000000000002,171.60000000000002,1,1,1.0
39,10,1481.8,687.4,159.79999999999995,136.20000000000005,1,1,1.0
39,1,1552.6,547.3,82.90000000000009,132.0,1,1,0.0
39,2,570.0,1024.4,283.0,109.79999999999995,1,1,1.0
39,9,1438.0,937.3,208.4000000000001,144.4000000000001,1,1,1.0
39,3,1105.4,525.5,216.39999999999986,251.0,1,1,1.0
39,4,467.3,640.3,215.59999999999997,244.70000000000005,1,1,1.0
39,5,238.1,707.2,240.29999999999998,135.0,1,1,1.0
39,6,708.2,830.0,266.5,279.9000000000001,1,1,1.0
39,7,356.3,596.3,161.3,133.70000000000005,1,1,1.0
39,8,421.2,851.6,190.40000000000003,171.60000000000002,1,1,1.0
40,10,1538.5,688.6,101.09999999999991,137.79999999999995,1,1,0.0
40,1,1538.5,536.8,96.0,144.10000000000002,1,1,0.0
40,2,567.6,1024.4,288.79999999999995,108.79999999999995,1,1,1.0
40,9,1427.2,926.5,219.20000000000005,213.9000000000001,1,1,1.0
40,3,1107.0,526.6,219.0,253.0,1,1,1.0
40,4,467.3,624.0,197.99999999999994,273.6,1,1,1.0
40,5,251.3,702.8,239.7,110.5,1,1,1.0
40,6,702.5,840.7,274.70000000000005,283.0,1,1,1.0
40,7,354.9,600.2,160.80000000000007,123.5,1,1,1.0
40,8,421.2,854.2,190.40000000000003,169.0,1,1,1.0
41,10,1532.9,694.2,108.29999999999995,138.5999999999999,1,1,0.0
41,1,1536.9,542.6,97.59999999999991,139.29999999999995,1,1,0.0
41,2,541.0,1018.6,302.9,109.80000000000007,1,1,1.0
41,9,1411.1,913.7,236.10000000000014,228.70000000000005,1,1,1.0
41,3,1110.7,525.1,214.79999999999995,255.5,1,1,1.0
41,4,466.7,615.8,188.59999999999997,283.70000000000005,1,1,1.0
41,5,241.9,702.8,249.1,110.5,1,1,1.0
41,6,704.4,860.8,282.80000000000007,238.4000000000001,1,1,1.0
41,7,366.5,593.0,160.79999999999995,119.10000000000002,1,1,1.0
41,8,439.5,848.5,177.29999999999995,173.0,1,1,1.0
42,10,1541.7,681.3,98.29999999999995,135.0,1,1,0.0
42,1,1498.7,551.5,135.79999999999995,116.29999999999995,1,1,0.0
42,2,518.8,1018.1,302.0,105.49999999999989,1,1,1.0
42,9,1445.3,908.1,201.9000000000001,210.9999999999999,1,1,1.0
42,3,1105.5,514.1,245.5999999999999,251.79999999999995,1,1,1.0
42,4,435.3,597.0,209.3,269.20000000000005,1,1,1.0
42,5,234.4,704.1,251.6,113.0,1,1,1.0
42,6,681.2,865.2,238.19999999999993,279.20000000000005,1,1,1.0
42,7,360.7,596.4,173.8,108.0,1,1,1.0
42,8,449.1,841.1,161.60000000000002,199.60000000000002,1,1,1.0
43,10,1440.0,680.1,198.0,122.10000000000002,1,1,1.0
43,1,1534.8,549.9,99.70000000000005,120.0,1,1,0.0
43,2,516.4,1020.0,308.70000000000005,107.5,1,1,1.0
43,9,1444.8,886.4,204.29999999999995,178.19999999999993,1,1,1.0
43,3,1074.6,515.1,266.0,251.79999999999995,1,1,1.0
43,4,415.2,593.9,238.8,273.6,1,1,1.0
43,5,215.6,707.9,272.9,104.80000000000007,1,1,1.0
43,6,674.9,860.2,246.39999999999998,232.70000000000005,1,1,1.0
43,7,360.7,600.3,156.40000000000003,103.60000000000002,1,1,1.0
43,8,449.1,840.7,158.10000000000002,192.5999999999999,1,1,1.0
44,10,1438.4,659.6,202.79999999999995,168.69999999999993,1,1,1.0
44,1,1537.9,548.9,96.59999999999991,121.0,1,1,0.0
44,2,516.4,1019.0,305.80000000000007,108.5,1,1,1.0
44,9,1446.2,883.0,200.0,154.5999999999999,1,1,1.0
44,3,1064.7,523.5,263.89999999999986,234.0,1,1,1.0
44,4,422.1,588.2,217.5,285.0,1,1,1.0
44,5,230.0,702.2,250.3,114.89999999999998,1,1,1.0
44,6,666.7,870.2,257.0999999999999,217.70000000000005,1,1,1.0
44,7,361.2,602.2,143.90000000000003,103.59999999999991,1,1,1.0
44,8,449.1,840.7,159.79999999999995,203.89999999999986,1,1,1.0
45,10,1451.3,655.6,191.9000000000001,254.29999999999995,1,1,1.0
45,1,1545.2,547.9,89.29999999999995,121.0,1,1,0.0
45,2,487.5,1020.0,334.70000000000005,106.5,1,1,1.0
45,9,1444.8,880.1,201.9000000000001,147.39999999999998,1,1,1.0
45,3,1071.5,524.0,248.70000000000005,235.10000000000002,1,1,1.0
45,4,412.1,585.1,235.69999999999993,303.19999999999993,1,1,1.0
45,5,242.6,699.7,240.20000000000002,160.69999999999993,1,1,1.0
45,6,668.0,871.5,254.5,215.0999999999999,1,1,1.0
45,7,356.4,599.3,172.30000000000007,103.60000000000002,1,1,1.0
45,8,449.1,839.0,158.89999999999998,202.5,1,1,1.0
46,10,1451.3,639.5,190.70000000000005,284.9,1,1,1.0
46,1,1565.6,546.9,68.90000000000009,117.80000000000007,1,1,0.0
46,2,508.7,1021.9,315.40000000000003,106.50000000000011,1,1,1.0
46,9,1446.2,883.5,200.5,147.9000000000001,1,1,1.0
46,3,1076.7,523.5,252.39999999999986,238.70000000000005,1,1,1.0
46,4,413.4,585.7,229.30000000000007,300.0999999999999,1,1,1.0
46,5,243.2,698.4,239.0,169.5,1,1,1.0
46,6,680.6,826.3,275.19999999999993,257.20000000000005,1,1,1.0
46,7,373.3,581.9,206.49999999999994,104.60000000000002,1,1,1.0
46,8,446.9,846.0,162.39999999999998,198.0999999999999,1,1,1.0
47,10,1451.3,647.5,192.29999999999995,283.29999999999995,1,1,1.0
47,1,1571.9,547.9,62.59999999999991,115.20000000000005,1,1,0.0
47,2,527.5,1021.9,295.6,108.89999999999998,1,1,1.0
47,9,1446.2,883.0,200.5,145.0,1,1,1.0
47,3,1085.1,520.4,233.5,247.0,1,1,1.0
47,4,421.6,587.6,218.60000000000002,293.79999999999995,1,1,1.0
47,5,241.9,698.4,232.79999999999998,171.39999999999998,1,1,1.0
47,6,680.6,832.0,262.0,299.20000000000005,1,1,1.0
47,7,419.6,528.4,269.19999999999993,108.39999999999998,1,1,1.0
47,8,447.8,844.3,158.90000000000003,204.60000000000014,1,1,1.0
48,10,1449.3,637.1,194.29999999999995,298.1,1,1,1.0
48,1,1572.8,545.8,61.700000000000045,119.40000000000009,1,1,0.0
48,2,539.1,1023.8,293.19999999999993,108.40000000000009,1,1,1.0
48,9,1446.2,883.0,200.5,142.0999999999999,1,1,1.0
48,3,1085.1,524.1,242.4000000000001,243.29999999999995,1,1,1.0
48,4,432.3,610.8,217.90000000000003,269.30000000000007,1,1,1.0
48,5,257.0,698.4,223.39999999999998,190.20000000000005,1,1,1.0
48,6,706.3,822.6,268.30000000000007,284.1,1,1,1.0
48,7,433.1,500.4,289.0,202.89999999999998,1,1,1.0
48,8,451.3,846.9,161.90000000000003,189.39999999999998,1,1,1.0
49,10,1448.1,643.1,195.9000000000001,288.5,1,1,1.0
49,1,1571.7,545.3,62.799999999999955,119.90000000000009,1,1,0.0
49,2,502.4,1015.1,334.20000000000005,107.49999999999989,1,1,1.0
49,9,1446.2,883.0,200.5,142.0999999999999,1,1,1.0
49,3,1085.1,513.6,239.30000000000018,253.79999999999995,1,1,1.0
49,4,448.0,604.5,176.5,291.9,1,1,1.0
49,5,259.5,698.4,220.89999999999998,190.20000000000005,1,1,1.0
49,6,713.2,832.0,257.0,258.4000000000001,1,1,1.0
49,7,544.5,491.7,206.60000000000002,304.7,1,1,1.0
49,8,450.9,853.4,171.5,182.89999999999998,1,1,1.0
50,10,1448.1,667.6,195.9000000000001,254.39999999999998,1,1,1.0
50,1,1569.8,545.3,64.70000000000005,119.90000000000009,1,1,0.0
50,2,527.5,1014.1,295.6,105.60000000000002,1,1,1.0
50,9,1446.2,884.9,200.5,140.19999999999993,1,1,1.0
50,3,1086.7,517.8,259.70000000000005,250.70000000000005,1,1,1.0
50,4,441.7,595.7,180.3,302.5999999999999,1,1,1.0
50,5,257.0,697.1,223.39999999999998,185.89999999999998,1,1,1.0
50,6,703.8,832.0,267.0,248.4000000000001,1,1,1.0
50,7,646.9,490.5,110.0,358.0,1,1,1.0
50,8,402.5,862.6,214.70000000000005,161.10000000000002,1,1,1.0
51,10,1448.1,673.6,195.9000000000001,247.19999999999993,1,1,1.0
51,1,1574.9,545.3,57.0,141.9000000000001,1,1,0.0
51,2,522.7,1013.6,308.5999999999999,107.10000000000002,1,1,1.0
51,9,1431.7,887.3,215.0,135.9000000000001,1,1,1.0
51,3,1091.9,522.0,272.29999999999995,241.29999999999995,1,1,1.0
51,4,441.7,591.9,180.3,305.80000000000007,1,1,1.0
51,5,252.6,699.0,230.9,189.0,1,1,1.0
51,6,701.3,837.0,264.5,244.70000000000005,1,1,1.0
51,7,649.2,500.9,115.79999999999995,365.0,1,1,1.0
51,8,449.6,856.1,170.69999999999993,163.69999999999993,1,1,1.0
52,10,1448.1,657.5,196.70000000000005,257.29999999999995,1,1,1.0
52,1,1582.9,552.1,49.0,187.39999999999998,1,1,0.0
52,2,515.9,1017.9,276.80000000000007,106.69999999999993,1,1,1.0
52,9,1395.1,880.5,251.10000000000014,139.79999999999995,1,1,1.0
52,3,1088.2,514.2,275.0,248.0999999999999,1,1,1.0
52,4,444.2,589.4,177.8,307.70000000000005,1,1,1.0
52,5,252.6,700.9,230.9,185.20000000000005,1,1,1.0
52,6,707.6,828.8,253.79999999999995,252.9000000000001,1,1,1.0
52,7,644.6,510.2,125.0,363.2,1,1,1.0
52,8,430.0,856.1,186.39999999999998,162.79999999999995,1,1,1.0
53,10,1446.9,666.3,197.89999999999986,226.0,1,1,1.0
53,1,1579.3,548.4,57.299999999999955,179.10000000000002,1,1,0.0
53,2,495.2,1018.4,287.40000000000003,106.19999999999993,1,1,1.0
53,9,1446.2,866.5,198.0999999999999,157.70000000000005,1,1,1.0
53,3,1080.4,516.3,305.79999999999995,249.70000000000005,1,1,1.0
53,4,460.5,588.1,162.10000000000002,309.0,1,1,1.0
53,5,247.6,700.3,237.20000000000002,177.60000000000002,1,1,1.0
53,6,718.3,823.8,277.0,294.29999999999995,1,1,1.0
53,7,643.4,538.6,138.39999999999998,370.69999999999993,1,1,1.0
53,8,447.0,851.3,165.89999999999998,191.10000000000014,1,1,1.0
54,10,1385.8,686.0,256.60000000000014,164.89999999999998,1,1,1.0
54,1,1572.6,549.4,60.30000000000018,185.89999999999998,1,1,0.0
54,2,505.3,1014.1,286.90000000000003,108.10000000000002,1,1,1.0
54,9,1487.2,847.7,157.0999999999999,251.70000000000005,1,1,1.0
54,3,1072.5,516.3,269.70000000000005,250.70000000000005,1,1,1.0
54,4,459.9,591.2,159.60000000000002,290.19999999999993,1,1,1.0
54,5,240.7,703.4,246.0,156.89999999999998,1,1,1.0
54,6,728.3,912.3,282.70000000000005,210.79999999999995,1,1,1.0
54,7,648.6,549.0,133.19999999999993,359.70000000000005,1,1,1.0
54,8,450.9,860.0,166.80000000000007,185.0,1,1,1.0
55,10,1307.0,706.5,335.4000000000001,117.5,1,1,1.0
55,1,1560.7,549.4,72.20000000000005,155.10000000000002,1,1,0.0
55,2,522.2,1015.5,269.5,109.09999999999991,1,1,1.0
55,9,1481.4,877.1,163.39999999999986,237.69999999999993,1,1,1.0
55,3,1067.8,516.3,252.9000000000001,243.4000000000001,1,1,1.0
55,4,450.5,584.9,169.0,309.1,1,1,1.0
55,5,239.5,702.1,247.2,179.60000000000002,1,1,1.0
55,6,725.2,928.0,300.20000000000005,188.20000000000005,1,1,1.0
55,7,649.3,553.9,132.5,375.6,1,1,1.0
55,8,444.4,851.7,166.30000000000007,168.39999999999998,1,1,1.0
56,10,1282.1,698.0,352.5,133.20000000000005,1,1,1.0
56,1,1564.5,549.4,68.40000000000009,147.39999999999998,1,1,0.0
56,2,501.0,1017.4,287.79999999999995,106.19999999999993,1,1,1.0
56,9,1505.0,890.6,139.79999999999995,224.19999999999993,1,1,1.0
56,3,1075.6,524.7,244.10000000000014,242.29999999999995,1,1,1.0
56,4,450.5,600.0,165.79999999999995,317.9,1,1,1.0
56,5,248.9,702.1,236.49999999999997,179.60000000000002,1,1,1.0
56,6,714.5,934.9,326.5999999999999,178.80000000000007,1,1,1.0
56,7,651.4,567.8,129.70000000000005,368.6,1,1,1.0
56,8,447.5,855.6,162.79999999999995,164.10000000000002,1,1,1.0
57,10,1285.5,677.2,336.0999999999999,154.5,1,1,1.0
57,1,1575.1,549.4,58.80000000000018,146.20000000000005,1,1,0.0
57,2,501.5,1018.4,281.5,105.19999999999993,1,1,1.0
57,9,1506.9,894.0,138.89999999999986,218.4000000000001,1,1,1.0
57,3,1083.4,522.6,233.19999999999982,249.10000000000002,1,1,1.0
57,4,450.5,598.7,166.39999999999998,326.0999999999999,1,1,1.0
57,5,250.2,701.5,235.8,180.20000000000005,1,1,1.0
57,6,695.7,918.6,287.0,223.39999999999998,1,1,1.0
57,7,645.8,598.4,133.9000000000001,356.1,1,1,1.0
57,8,437.0,852.5,172.39999999999998,167.60000000000002,1,1,1.0
58,10,1244.0,701.8,351.0999999999999,134.20000000000005,1,1,1.0
58,1,1578.4,554.6,55.5,179.69999999999993,1,1,0.0
58,2,500.1,1015.5,280.5,106.70000000000005,1,1,1.0
58,9,1512.6,902.2,133.20000000000005,212.5999999999999,1,1,1.0
58,3,1087.1,516.8,233.70000000000005,260.1,1,1,1.0
58,4,450.5,594.9,166.39999999999998,326.1,1,1,1.0
58,5,242.7,702.2,245.2,181.39999999999998,1,1,1.0
58,6,717.7,843.9,215.39999999999998,266.69999999999993,1,1,1.0
58,7,642.3,611.6,140.20000000000005,357.5,1,1,1.0
58,8,442.7,849.9,165.8,169.30000000000007,1,1,1.0
59,10,1281.6,646.8,298.10000000000014,202.70000000000005,1,1,1.0
59,1,1591.6,545.7,50.100000000000136,233.5999999999999,1,1,0.0
59,2,507.8,1015.5,266.49999999999994,106.20000000000005,1,1,1.0
59,9,1512.6,900.8,133.20000000000005,214.5,1,1,1.0
59,3,1087.1,524.1,217.0,249.69999999999993,1,1,1.0
59,4,450.5,594.9,165.10000000000002,326.1,1,1,1.0
59,5,276.6,687.8,220.7,217.10000000000002,1,1,1.0
59,6,729.6,806.2,192.19999999999993,303.79999999999995,1,1,1.0
59,7,609.7,635.2,177.0,352.5999999999999,1,1,1.0
59,8,442.7,850.8,168.40000000000003,168.4000000000001,1,1,1.0
60,10,1299.9,664.2,285.0999999999999,201.69999999999993,1,1,1.0
60,1,1610.6,584.9,31.100000000000136,185.0,1,1,0.0
60,2,518.9,1015.5,262.6,105.70000000000005,1,1,1.0
60,9,1515.0,892.1,130.79999999999995,221.30000000000007,1,1,1.0
60,3,1088.1,515.2,216.0,257.0,1,1,1.0
60,4,451.8,599.3,163.8,321.70000000000005,1,1,1.0
60,5,268.4,684.0,211.3,243.5,1,1,1.0
60,6,735.9,798.7,191.60000000000002,331.39999999999986,1,1,1.0
60,7,597.2,692.1,194.39999999999998,297.1,1,1,1.0
60,8,438.8,848.2,170.99999999999994,169.29999999999995,1,1,1.0
61,10,1302.8,648.3,279.29999999999995,219.0,1,1,1.0
61,1,1624.3,666.0,11.600000000000136,38.5,1,1,0.0
61,2,495.8,1015.5,285.2,105.70000000000005,1,1,1.0
61,9,1527.1,892.1,119.70000000000005,227.10000000000002,1,1,1.0
61,3,1091.8,507.9,211.29999999999995,263.80000000000007,1,1,1.0
61,4,439.2,599.3,176.40000000000003,312.9000000000001,1,1,1.0
61,5,265.3,676.5,206.2,262.9,1,1,1.0
61,6,697.0,827.0,247.5,252.20000000000005,1,1,1.0
61,7,592.3,690.0,201.4000000000001,308.9,1,1,1.0
61,8,448.4,846.1,161.80000000000007,171.0,1,1,1.0
62,10,1301.8,666.6,279.29999999999995,202.10000000000002,1,1,1.0
62,1,1625.6,669.7,8.900000000000091,42.69999999999993,1,1,0.0
62,2,496.8,1016.5,283.2,106.59999999999991,1,1,1.0
62,9,1556.5,924.4,90.29999999999995,180.30000000000007,1,1,0.0
62,3,1103.9,512.6,196.0999999999999,266.4,1,1,1.0
62,4,442.3,613.7,170.7,314.79999999999995,1,1,1.0
62,5,262.8,675.2,178.59999999999997,263.5999999999999,1,1,1.0
62,6,671.9,883.5,312.80000000000007,185.70000000000005,1,1,1.0
62,7,592.3,692.1,201.4000000000001,308.19999999999993,1,1,1.0
62,8,443.2,848.3,167.00000000000006,167.9000000000001,1,1,1.0
63,10,1306.1,646.3,276.0,221.4000000000001,1,1,1.0
63,1,1616.83,667.07,19.200000000000045,73.89999999999998,1,1,0.0
63,2,491.0,1019.4,285.1,104.69999999999993,1,1,1.0
63,9,1592.7,900.3,54.09999999999991,179.79999999999995,1,1,0.0
63,3,1103.3,512.6,196.70000000000005,266.4,1,1,1.0
63,4,441.0,638.2,145.0,287.19999999999993,1,1,1.0
63,5,259.0,670.2,161.7,268.5999999999999,1,1,1.0
63,6,781.2,710.2,182.79999999999995,381.5999999999999,1,1,1.0
63,7,588.8,690.7,204.9000000000001,287.4,1,1,1.0
63,8,443.2,845.7,165.7,173.5999999999999,1,1,1.0
64,10,1305.1,656.9,277.0,210.30000000000007,1,1,1.0
64,1,1608.07,664.43,29.5,105.10000000000002,1,1,0.0
64,2,501.6,1019.4,272.1,104.69999999999993,1,1,1.0
64,9,1594.1,893.5,52.700000000000045,185.5999999999999,1,1,0.0
64,3,1099.2,511.6,214.39999999999986,264.29999999999995,1,1,1.0
64,4,445.4,633.8,151.89999999999998,297.30000000000007,1,1,1.0
64,5,257.7,677.1,171.10000000000002,254.79999999999995,1,1,1.0
64,6,805.1,587.1,131.89999999999998,365.92999999999995,1,1,1.0
64,7,586.0,684.5,211.89999999999998,292.20000000000005,1,1,1.0
64,8,444.1,842.6,164.39999999999998,175.39999999999998,1,1,1.0
65,10,1245.3,693.5,342.60000000000014,163.10000000000002,1,1,1.0
65,1,1599.3,661.8,39.799999999999955,136.30000000000007,1,1,0.0
65,2,512.7,1019.4,265.79999999999995,105.69999999999993,1,1,1.0
65,9,1594.1,913.3,52.700000000000045,158.10000000000014,1,1,0.0
65,3,1097.1,519.4,241.10000000000014,258.1,1,1,1.0
65,4,431.0,678.4,155.0,255.80000000000007,1,1,1.0
65,5,256.4,677.1,172.40000000000003,284.9,1,1,1.0
65,6,695.8,544.4,278.20000000000005,227.10000000000002,1,1,1.0
65,7,597.8,684.5,195.20000000000005,276.20000000000005,1,1,1.0
65,8,442.4,850.0,169.60000000000002,169.29999999999995,1,1,1.0
66,10,1255.9,652.0,320.89999999999986,196.89999999999998,1,1,1.0
66,1,1562.7,710.5,78.0,137.5,1,1,0.0
66,2,510.3,1019.4,273.49999999999994,106.69999999999993,1,1,1.0
66,9,1598.9,878.6,47.899999999999864,188.4999999999999,1,1,0.0
66,3,1084.5,518.4,237.5,248.10000000000002,1,1,1.0
66,4,384.5,658.3,247.39999999999998,191.20000000000005,1,1,1.0
66,5,214.3,684.0,196.89999999999998,198.89999999999998,1,1,1.0
66,6,636.1,531.8,283.9,121.0,1,1,1.0
66,7,607.5,662.3,214.0,261.6,1,1,1.0
66,8,448.9,849.1,169.70000000000005,169.29999999999995,1,1,1.0
67,10,1221.7,703.6,344.39999999999986,127.89999999999998,1,1,1.0
67,1,1572.7,701.4,68.0,145.89999999999998,1,1,0.0
67,2,516.1,1018.4,268.69999999999993,107.19999999999993,1,1,1.0
67,9,1610.5,934.5,36.299999999999955,138.4000000000001,1,1,0.0
67,3,1085.5,523.1,225.0,243.89999999999998,1,1,1.0
67,4,387.0,664.0,264.4,204.29999999999995,1,1,1.0
67,5,234.4,673.3,179.29999999999998,232.20000000000005,1,1,1.0
67,6,593.4,513.0,282.0,162.39999999999998,1,1,1.0
67,7,582.5,647.0,243.20000000000005,247.0,1,1,1.0
67,8,439.3,843.8,171.90000000000003,196.4000000000001,1,1,1.0
68,10,1252.1,680.9,309.70000000000005,200.70000000000005,1,1,1.0
68,1,1565.6,694.0,75.10000000000014,147.60000000000002,1,1,0.0
68,2,521.9,1016.5,263.4,107.20000000000005,1,1,1.0
68,9,1611.5,919.1,35.299999999999955,147.9999999999999,1,1,0.0
68,3,1084.5,521.4,237.0,246.60000000000002,1,1,1.0
68,4,420.9,639.5,226.10000000000002,249.5,1,1,1.0
68,5,235.7,678.3,179.2,229.10000000000002,1,1,1.0
68,6,574.6,516.1,292.6,139.79999999999995,1,1,1.0
68,7,596.4,642.1,227.89999999999998,252.60000000000002,1,1,1.0
68,8,437.6,843.8,166.19999999999993,172.9000000000001,1,1,1.0
69,10,1298.4,661.6,240.29999999999995,293.79999999999995,1,1,1.0
69,1,1564.0,695.7,79.29999999999995,130.0999999999999,1,1,0.0
69,2,485.7,1017.9,302.50000000000006,107.19999999999993,1,1,1.0
69,9,1612.9,925.9,35.299999999999955,144.10000000000002,1,1,0.0
69,3,1084.5,523.5,244.79999999999995,245.5,1,1,1.0
69,4,429.1,613.1,182.69999999999993,301.0,1,1,1.0
69,5,250.1,678.9,157.9,253.0,1,1,1.0
69,6,604.1,517.4,277.5,139.80000000000007,1,1,1.0
69,7,633.2,637.9,186.19999999999993,277.6,1,1,1.0
69,8,435.4,847.3,168.39999999999998,171.60000000000002,1,1,1.0
70,10,1295.5,663.0,222.9000000000001,296.29999999999995,1,1,1.0
70,1,1565.0,694.3,77.29999999999995,139.30000000000007,1,1,0.0
70,2,488.6,1018.9,292.4,106.69999999999993,1,1,1.0
70,9,1605.2,918.7,43.0,149.89999999999986,1,1,0.0
70,3,1087.6,508.3,226.0,265.90000000000003,1,1,1.0
70,4,420.3,630.1,149.99999999999994,314.69999999999993,1,1,1.0
70,5,260.1,665.1,156.09999999999997,293.19999999999993,1,1,1.0
70,6,567.1,524.93,307.6,121.57000000000005,1,1,1.0
70,7,641.5,631.6,159.79999999999995,313.1,1,1,1.0
70,8,436.3,846.4,172.3,170.30000000000007,1,1,1.0
71,10,1297.2,657.4,213.5999999999999,319.80000000000007,1,1,1.0
71,1,1565.0,694.8,77.29999999999995,144.60000000000002,1,1,0.0
71,2,497.3,1019.9,280.8,106.19999999999993,1,1,1.0
71,9,1594.1,897.0,54.100000000000136,171.5999999999999,1,1,0.0
71,3,1079.2,509.9,231.79999999999995,258.5,1,1,1.0
71,4,401.5,605.0,168.79999999999995,332.9,1,1,1.0
71,5,260.1,669.5,161.79999999999995,286.29999999999995,1,1,1.0
71,6,539.5,526.8,301.29999999999995,129.10000000000002,1,1,1.0
71,7,633.2,635.8,168.0999999999999,321.4000000000001,1,1,1.0
71,8,441.5,847.7,170.60000000000002,170.29999999999995,1,1,1.0
72,10,1273.5,702.0,184.5999999999999,323.79999999999995,1,1,1.0
72,1,1563.4,694.8,78.89999999999986,126.80000000000007,1,1,0.0
72,2,513.2,1018.9,267.79999999999995,106.19999999999993,1,1,1.0
72,9,1599.9,897.0,48.299999999999955,171.5999999999999,1,1,0.0
72,3,1085.5,513.0,245.4000000000001,246.5,1,1,1.0
72,4,419.7,615.0,150.59999999999997,321.0,1,1,1.0
72,5,262.0,670.1,159.89999999999998,285.69999999999993,1,1,1.0
72,6,488.0,504.8,288.1,105.30000000000001,1,1,1.0
72,7,621.4,641.4,178.5,329.70000000000005,1,1,1.0
72,8,438.9,848.6,174.10000000000002,169.79999999999995,1,1,1.0
73,10,1314.6,620.4,213.5,275.80000000000007,1,1,1.0
73,1,1563.4,694.8,77.29999999999995,135.20000000000005,1,1,0.0
73,2,508.4,1016.5,275.0,106.70000000000005,1,1,1.0
73,9,1636.1,970.8,12.100000000000136,48.10000000000002,1,1,0.0
73,3,1082.4,518.2,252.69999999999982,237.0999999999999,1,1,1.0
73,4,419.1,626.3,151.19999999999993,309.70000000000005,1,1,1.0
73,5,265.8,663.2,153.0,325.29999999999995,1,1,1.0
73,6,428.4,507.3,313.20000000000005,104.69999999999999,1,1,1.0
73,7,616.5,653.9,183.39999999999998,328.30000000000007,1,1,1.0
73,8,438.9,851.2,173.70000000000005,168.0999999999999,1,1,1.0
74,10,1316.9,627.3,226.29999999999995,259.6,1,1,1.0
74,1,1564.8,683.3,75.90000000000009,148.30000000000007,1,1,0.0
74,2,503.1,1017.5,276.0,106.70000000000005,1,1,1.0
74,9,1636.1,988.6,12.100000000000136,36.60000000000002,1,1,0.0
74,3,1075.1,522.9,250.10000000000014,232.39999999999998,1,1,1.0
74,4,421.0,640.1,149.29999999999995,292.1,1,1,1.0
74,5,267.7,664.5,149.8,312.70000000000005,1,1,1.0
74,6,474.2,499.8,266.09999999999997,142.99999999999994,1,1,1.0
74,7,610.9,658.1,189.70000000000005,317.79999999999995,1,1,1.0
74,8,437.2,846.8,172.3,172.9000000000001,1,1,1.0
75,10,1314.6,625.6,228.0,290.19999999999993,1,1,1.0
75,1,1563.5,671.3,77.20000000000005,154.60000000000002,1,1,0.0
75,2,500.7,1017.5,281.3,106.70000000000005,1,1,1.0
75,9,1634.2,981.7,14.0,48.0,1,1,0.0
75,3,1079.3,522.9,242.20000000000005,233.39999999999998,1,1,1.0
75,4,426.0,617.5,144.29999999999995,319.70000000000005,1,1,1.0
75,5,269.0,666.4,150.39999999999998,307.70000000000005,1,1,1.0
75,6,522.6,508.6,276.1,159.89999999999998,1,1,1.0
75,7,610.9,658.1,189.0,301.79999999999995,1,1,1.0
75,8,435.5,844.2,177.10000000000002,173.79999999999995,1,1,1.0
76,10,1319.2,654.5,215.29999999999995,314.5,1,1,1.0
76,1,1562.9,662.2,77.79999999999995,162.39999999999998,1,1,0.0
76,2,498.3,1017.5,283.7,106.70000000000005,1,1,1.0
76,9,1632.3,974.8,15.900000000000091,59.40000000000009,1,1,0.0
76,3,1082.4,522.9,239.0999999999999,236.5,1,1,1.0
76,4,424.1,621.9,146.19999999999993,315.30000000000007,1,1,1.0
76,5,269.6,659.5,149.79999999999995,314.0,1,1,1.0
76,6,505.6,509.2,298.79999999999995,146.09999999999997,1,1,1.0
76,7,597.0,661.6,200.10000000000002,299.69999999999993,1,1,1.0
76,8,432.9,844.6,171.80000000000007,174.29999999999995,1,1,1.0
77,10,1315.1,667.2,221.70000000000005,311.0999999999999,1,1,1.0
77,1,1563.3,658.2,77.40000000000009,166.5999999999999,1,1,0.0
77,2,478.0,1018.9,298.20000000000005,105.80000000000007,1,1,1.0
77,9,1630.4,967.9,17.799999999999955,70.80000000000007,1,1,0.0
77,3,1082.4,522.4,240.5999999999999,236.5,1,1,1.0
77,4,423.5,623.2,146.79999999999995,323.4,1,1,1.0
77,5,269.6,665.2,152.29999999999995,309.5999999999999,1,1,1.0
77,6,491.2,540.6,293.09999999999997,114.69999999999993,1,1,1.0
77,7,599.1,667.8,198.0,294.20000000000005,1,1,1.0
77,8,445.1,839.4,163.5,200.0000000000001,1,1,1.0
78,10,1309.3,681.1,187.0,330.79999999999995,1,1,1.0
78,1,1565.4,660.3,75.29999999999995,166.10000000000002,1,1,0.0
78,2,484.8,1018.9,298.2,105.80000000000007,1,1,1.0
78,9,1630.4,967.9,17.799999999999955,70.80000000000007,1,1,0.0
78,3,1086.1,521.9,236.9000000000001,238.60000000000002,1,1,1.0
78,4,407.8,618.2,162.49999999999994,319.5999999999999,1,1,1.0
78,5,269.6,663.9,152.29999999999995,283.30000000000007,1,1,1.0
78,6,506.9,536.2,276.80000000000007,120.39999999999998,1,1,1.0
78,7,603.3,674.7,202.80000000000007,267.19999999999993,1,1,1.0
78,8,439.0,848.6,156.5,199.4999999999999,1,1,1.0
79,10,1324.9,658.0,222.89999999999986,318.6,1,1,1.0
79,1,1564.9,661.9,75.79999999999995,163.89999999999998,1,1,0.0
79,2,494.9,1018.9,290.0,106.80000000000007,1,1,1.0
79,9,1630.4,967.9,17.799999999999955,70.80000000000007,1,1,0.0
79,3,1082.4,482.1,231.19999999999982,259.6,1,1,1.0
79,4,412.2,617.6,158.09999999999997,318.9,1,1,1.0
79,5,269.6,665.8,152.29999999999995,286.70000000000005,1,1,1.0
79,6,525.7,541.9,258.5999999999999,112.80000000000007,1,1,1.0
79,7,585.2,703.2,209.0999999999999,236.5999999999999,1,1,1.0
79,8,442.1,852.1,149.89999999999998,183.39999999999998,1,1,1.0
80,10,1326.6,632.5,239.70000000000005,267.70000000000005,1,1,1.0
80,1,1565.2,659.3,75.5,167.5,1,1,0.0
80,2,525.3,1005.4,260.1,113.50000000000011,1,1,1.0
80,9,1630.4,967.9,17.799999999999955,70.80000000000007,1,1,0.0
80,3,1095.5,485.7,240.70000000000005,278.00000000000006,1,1,1.0
80,4,412.8,620.1,157.49999999999994,315.1,1,1,1.0
80,5,269.6,667.7,152.29999999999995,296.4,1,1,1.0
80,6,489.9,538.8,296.30000000000007,114.60000000000002,1,1,1.0
80,7,588.0,713.6,195.89999999999998,228.29999999999995,1,1,1.0
80,8,436.0,849.9,158.20000000000005,183.89999999999998,1,1,1.0
81,10,1332.4,640.0,239.0999999999999,266.6,1,1,1.0
81,1,1564.2,658.4,76.5,168.89999999999998,1,1,0.0
81,2,520.0,1007.3,261.5,112.10000000000014,1,1,1.0
81,9,1630.4,967.9,17.799999999999955,70.80000000000007,1,1,0.0
81,3,1160.4,457.0,208.29999999999995,265.4,1,1,1.0
81,4,412.8,620.1,157.49999999999994,316.4,1,1,1.0
81,5,269.0,662.7,149.8,289.5,1,1,1.0
81,6,485.5,542.0,281.20000000000005,132.79999999999995,1,1,1.0
81,7,558.8,735.1,241.10000000000002,206.10000000000002,1,1,1.0
81,8,440.4,854.3,153.80000000000007,179.5,1,1,1.0
82,10,1341.7,640.0,224.5999999999999,278.20000000000005,1,1,1.0
82,1,1562.6,659.4,78.10000000000014,166.89999999999998,1,1,0.0
82,2,509.4,1015.5,268.20000000000005,106.29999999999995,1,1,1.0
82,9,1630.4,967.9,17.799999999999955,70.80000000000007,1,1,0.0
82,3,1067.8,515.6,233.4000000000001,256.0,1,1,1.0
82,4,412.8,640.2,157.49999999999994,319.5,1,1,1.0
82,5,269.6,664.0,149.2,297.6,1,1,1.0
82,6,434.0,560.2,303.79999999999995,108.29999999999995,1,1,1.0
82,7,572.7,734.4,231.39999999999998,213.70000000000005,1,1,1.0
82,8,442.1,855.2,150.79999999999995,185.5999999999999,1,1,1.0
83,10,1335.3,640.0,231.0,302.5,1,1,1.0
83,1,1563.1,657.9,77.60000000000014,168.39999999999998,1,1,0.0
83,2,505.1,1015.5,277.29999999999995,107.29999999999995,1,1,1.0
83,9,1630.4,967.9,17.799999999999955,70.80000000000007,1,1,0.0
83,3,1103.9,534.5,187.89999999999986,252.29999999999995,1,1,1.0
83,4,412.8,657.2,157.49999999999994,318.19999999999993,1,1,1.0
83,5,269.6,669.7,149.2,294.4,1,1,1.0
83,6,561.7,582.8,253.69999999999993,105.80000000000007,1,1,1.0
83,7,578.9,727.5,219.0,222.0,1,1,1.0
83,8,440.4,851.3,152.5,189.29999999999995,1,1,1.0
84,10,1324.9,667.8,220.0,332.0,1,1,1.0
84,1,1563.0,662.4,77.70000000000005,163.89999999999998,1,1,0.0
84,2,505.1,1015.5,279.19999999999993,107.29999999999995,1,1,1.0
84,9,1630.4,967.9,17.799999999999955,70.80000000000007,1,1,0.0
84,3,1125.4,527.2,162.69999999999982,265.9,1,1,1.0
84,4,396.5,654.7,173.79999999999995,278.0,1,1,1.0
84,5,269.0,663.4,149.8,281.9,1,1,1.0
84,6,546.0,580.7,269.9,106.89999999999998,1,1,1.0
84,7,585.1,726.1,213.5,224.10000000000002,1,1,1.0
84,8,439.1,851.3,152.10000000000002,189.10000000000014,1,1,1.0
85,10,1329.0,725.1,166.0999999999999,341.80000000000007,1,1,1.0
85,1,1562.4,662.9,78.29999999999995,162.89999999999998,1,1,0.0
85,2,531.6,1015.0,267.6,106.40000000000009,1,1,1.0
85,9,1630.4,967.9,17.799999999999955,70.80000000000007,1,1,0.0
85,3,1134.3,530.9,162.70000000000005,266.4,1,1,1.0
85,4,461.8,524.1,140.49999999999994,298.1,1,1,1.0
85,5,198.7,679.1,237.7,209.69999999999993,1,1,1.0
85,6,546.0,567.1,257.29999999999995,118.89999999999998,1,1,1.0
85,7,598.3,709.4,202.4000000000001,255.39999999999998,1,1,1.0
85,8,391.1,863.0,202.29999999999995,174.29999999999995,1,1,1.0
86,10,1348.7,674.2,234.89999999999986,309.4,1,1,1.0
86,1,1563.7,664.99,77.0,161.30999999999995,1,1,0.0
86,2,525.3,1016.0,271.5,105.40000000000009,1,1,1.0
86,9,1630.4,967.9,17.799999999999955,70.80000000000007,1,1,0.0
86,3,1135.9,526.7,159.5,269.5999999999999,1,1,1.0
86,4,465.6,500.9,136.10000000000002,300.0,1,1,1.0
86,5,198.7,681.6,237.7,222.89999999999998,1,1,1.0
86,6,540.3,530.5,266.20000000000005,159.70000000000005,1,1,1.0
86,7,608.0,686.5,178.10000000000002,274.79999999999995,1,1,1.0
86,8,439.9,853.0,154.39999999999998,190.79999999999995,1,1,1.0
87,10,1324.4,666.1,262.0999999999999,288.6,1,1,1.0
87,1,1561.7,647.7,79.5,179.0999999999999,1,1,0.0
87,2,529.2,1016.0,265.69999999999993,107.79999999999995,1,1,1.0
87,9,1630.4,967.9,17.799999999999955,70.80000000000007,1,1,0.0
87,3,1132.8,521.0,170.4000000000001,279.5,1,1,1.0
87,4,465.0,499.0,136.70000000000005,333.9,1,1,1.0
87,5,191.2,681.6,245.2,207.19999999999993,1,1,1.0
87,6,534.5,535.2,264.70000000000005,152.39999999999998,1,1,1.0
87,7,633.0,667.1,146.20000000000005,327.5,1,1,1.0
87,8,440.8,849.5,149.09999999999997,211.29999999999995,1,1,1.0
88,10,1336.6,678.3,258.0,283.9000000000001,1,1,1.0
88,1,1565.1,643.5,76.10000000000014,183.79999999999995,1,1,0.0
88,2,510.9,1017.4,277.70000000000005,106.39999999999998,1,1,1.0
88,9,1630.4,967.9,17.799999999999955,70.80000000000007,1,1,0.0
88,3,1130.8,517.8,182.9000000000001,282.70000000000005,1,1,1.0
88,4,464.4,501.5,137.30000000000007,350.29999999999995,1,1,1.0
88,5,252.1,667.2,184.29999999999998,274.29999999999995,1,1,1.0
88,6,501.6,520.0,288.69999999999993,155.0,1,1,1.0
88,7,604.6,681.0,167.69999999999993,310.1,1,1,1.0
88,8,439.1,872.2,159.5,195.0999999999999,1,1,1.0
89,10,1336.6,683.5,256.8000000000002,288.0,1,1,1.0
89,1,1565.1,655.0,76.10000000000014,171.29999999999995,1,1,0.0
89,2,497.9,1016.9,278.20000000000005,108.80000000000007,1,1,1.0
89,9,1630.4,967.9,17.799999999999955,70.80000000000007,1,1,0.0
89,3,1129.8,517.3,191.70000000000005,284.20000000000005,1,1,1.0
89,4,432.4,544.2,169.30000000000007,340.79999999999995,1,1,1.0
89,5,231.4,662.8,201.9,256.1,1,1,1.0
89,6,412.6,500.64,220.19999999999993,107.96000000000004,1,1,1.0
89,7,590.7,683.8,189.89999999999998,295.5,1,1,1.0
89,8,439.1,865.7,155.60000000000002,177.20000000000005,1,1,1.0
90,10,1347.6,687.6,245.20000000000005,302.4,1,1,1.0
90,1,1564.0,653.1,77.20000000000005,174.19999999999993,1,1,0.0
90,2,510.4,1017.9,265.70000000000005,107.80000000000007,1,1,1.0
90,9,1630.4,967.9,17.799999999999955,70.80000000000007,1,1,0.0
90,3,1124.0,511.5,197.5,292.1,1,1,1.0
90,4,450.8,544.8,131.40000000000003,346.70000000000005,1,1,1.0
90,5,241.4,660.3,191.9,278.1,1,1,1.0
90,6,401.1,504.8,151.10000000000002,102.80000000000001,1,1,0.0
90,7,601.1,693.5,178.79999999999995,298.29999999999995,1,1,1.0
90,8,438.2,867.9,154.40000000000003,185.5000000000001,1,1,1.0
91,10,1342.4,707.9,203.5,295.4,1,1,1.0
91,1,1563.5,665.0,77.70000000000005,157.60000000000002,1,1,0.0
91,2,529.7,1016.0,248.29999999999995,108.70000000000005,1,1,1.0
91,9,1630.4,967.9,17.799999999999955,70.80000000000007,1,1,0.0
91,3,1121.9,520.3,197.5,283.30000000000007,1,1,1.0
91,4,444.7,582.5,145.7,322.6,1,1,1.0
91,5,262.7,662.2,170.60000000000002,300.69999999999993,1,1,1.0
91,6,409.9,486.6,88.30000000000001,98.39999999999998,1,1,0.0
91,7,584.4,693.5,190.60000000000002,317.70000000000005,1,1,1.0
91,8,423.3,869.2,171.49999999999994,163.70000000000005,1,1,1.0
92,10,1335.5,687.6,201.70000000000005,320.29999999999995,1,1,1.0
92,1,1562.2,664.0,79.0,159.60000000000002,1,1,0.0
92,2,473.8,1015.04,286.8,113.05999999999995,1,1,1.0
92,9,1630.4,967.9,17.799999999999955,70.80000000000007,1,1,0.0
92,3,1122.4,526.1,199.5999999999999,277.5,1,1,1.0
92,4,444.7,582.5,145.7,321.1,1,1,1.0
92,5,267.1,658.4,166.2,287.6,1,1,1.0
92,6,418.1,485.3,76.29999999999995,99.69999999999999,1,1,0.0
92,7,624.7,686.6,151.0,312.79999999999995,1,1,1.0
92,8,433.8,867.5,164.09999999999997,167.5999999999999,1,1,1.0
93,10,1340.7,690.5,212.0999999999999,300.0,1,1,1.0
93,1,1557.7,650.9,83.5,172.5,1,1,0.0
93,2,476.2,1011.2,271.90000000000003,118.79999999999995,1,1,1.0
93,9,1630.4,967.9,17.799999999999955,70.80000000000007,1,1,0.0
93,3,1119.8,526.1,203.20000000000005,276.5,1,1,1.0
93,4,444.7,587.0,145.7,309.79999999999995,1,1,1.0
93,5,265.2,659.0,168.10000000000002,300.79999999999995,1,1,1.0
93,6,413.7,479.0,75.0,104.70000000000005,1,1,0.0
93,7,626.1,685.2,141.29999999999995,325.29999999999995,1,1,1.0
93,8,430.3,867.9,167.59999999999997,165.5000000000001,1,1,1.0
94,10,1343.6,678.9,190.70000000000005,295.4,1,1,1.0
94,1,1558.8,641.5,82.40000000000009,181.60000000000002,1,1,0.0
94,2,480.1,1017.9,269.9,110.69999999999993,1,1,1.0
94,9,1630.4,967.9,17.799999999999955,70.80000000000007,1,1,0.0
94,3,1123.5,526.1,197.9000000000001,274.9,1,1,1.0
94,4,450.0,582.5,140.39999999999998,314.29999999999995,1,1,1.0
94,5,265.2,663.4,168.10000000000002,294.5,1,1,1.0
94,6,412.5,476.5,72.39999999999998,111.60000000000002,1,1,0.0
94,7,626.1,687.3,139.89999999999998,321.80000000000007,1,1,1.0
94,8,430.3,872.7,165.40000000000003,160.70000000000005,1,1,1.0
95,10,1343.0,677.7,198.79999999999995,308.19999999999993,1,1,1.0
95,1,1555.0,635.2,87.20000000000005,189.5,1,1,0.0
95,2,485.4,1019.8,259.30000000000007,105.40000000000009,1,1,1.0
95,9,1630.4,967.9,17.799999999999955,70.80000000000007,1,1,0.0
95,3,1126.6,526.1,193.20000000000005,277.0,1,1,1.0
95,4,450.0,584.8,140.39999999999998,297.70000000000005,1,1,1.0
95,5,265.2,660.3,168.10000000000002,304.5,1,1,1.0
95,6,418.2,477.1,66.69999999999999,97.19999999999993,1,1,0.0
95,7,606.7,697.0,161.39999999999998,307.9,1,1,1.0
95,8,423.3,865.3,168.49999999999994,166.79999999999995,1,1,1.0
96,10,1330.3,682.3,211.5,300.70000000000005,1,1,1.0
96,1,1550.6,637.3,91.60000000000014,188.4000000000001,1,1,0.0
96,2,485.4,1014.5,251.10000000000002,105.40000000000009,1,1,1.0
96,9,1630.4,967.9,17.799999999999955,70.80000000000007,1,1,0.0
96,3,1123.5,538.7,205.70000000000005,262.79999999999995,1,1,1.0
96,4,452.3,581.8,138.09999999999997,305.20000000000005,1,1,1.0
96,5,265.8,662.8,167.5,301.4000000000001,1,1,1.0
96,6,411.9,479.0,73.0,110.39999999999998,1,1,0.0
96,7,588.6,701.2,180.19999999999993,297.5,1,1,1.0
96,8,424.6,863.6,171.60000000000002,171.10000000000002,1,1,1.0
97,10,1319.9,684.0,213.79999999999995,292.6,1,1,1.0
97,1,1550.8,627.4,91.40000000000009,198.80000000000007,1,1,0.0
97,2,484.4,1014.5,262.70000000000005,106.40000000000009,1,1,1.0
97,9,1630.4,967.9,17.799999999999955,70.80000000000007,1,1,0.0
97,3,1121.4,527.2,205.69999999999982,281.0999999999999,1,1,1.0
97,4,456.8,563.7,133.59999999999997,315.79999999999995,1,1,1.0
97,5,264.5,657.1,168.8,305.19999999999993,1,1,1.0
97,6,411.9,479.0,78.0,110.39999999999998,1,1,0.0
97,7,602.5,697.0,170.5,289.9,1,1,1.0
97,8,406.3,867.5,182.90000000000003,177.20000000000005,1,1,1.0
98,10,1321.6,686.9,212.70000000000005,297.80000000000007,1,1,1.0
98,1,1550.8,638.4,91.40000000000009,187.80000000000007,1,1,0.0
98,2,515.3,1014.5,233.70000000000005,110.70000000000005,1,1,1.0
98,9,1630.4,967.9,17.799999999999955,70.80000000000007,1,1,0.0
98,3,1125.1,520.9,185.80000000000018,289.5,1,1,1.0
98,4,457.6,563.7,132.79999999999995,317.29999999999995,1,1,1.0
98,5,265.8,657.1,167.5,303.29999999999995,1,1,1.0
98,6,421.9,481.5,74.90000000000003,102.20000000000005,1,1,0.0
98,7,621.2,694.2,149.0,292.69999999999993,1,1,1.0
98,8,410.2,862.3,165.50000000000006,171.9000000000001,1,1,1.0
99,10,1326.3,697.3,217.79999999999995,312.30000000000007,1,1,1.0
99,1,1559.8,651.5,82.40000000000009,171.0,1,1,0.0
99,2,503.2,1016.4,249.2,104.89999999999998,1,1,1.0
99,9,1630.4,967.9,17.799999999999955,70.80000000000007,1,1,0.0
99,3,1125.6,515.7,191.10000000000014,284.79999999999995,1,1,1.0
99,4,455.3,570.5,133.59999999999997,321.0,1,1,1.0
99,5,265.2,661.5,168.10000000000002,298.29999999999995,1,1,1.0
99,6,410.0,481.5,86.80000000000001,107.89999999999998,1,1,0.0
99,7,595.5,701.1,174.70000000000005,284.4,1,1,1.0
99,8,419.8,855.3,159.8,183.29999999999995,1,1,1.0
100,10,1340.8,701.9,196.9000000000001,326.80000000000007,1,1,1.0
100,1,1556.8,646.8,85.40000000000009,177.80000000000007,1,1,0.0
100,2,488.3,1016.9,259.3,103.89999999999998,1,1,1.0
100,9,1630.4,967.9,17.799999999999955,70.80000000000007,1,1,0.0
100,3,1129.3,523.0,183.20000000000005,285.29999999999995,1,1,1.0
100,4,453.8,571.3,135.09999999999997,334.5,1,1,1.0
100,5,265.8,655.8,167.5,304.0,1,1,1.0
100,6,413.1,478.4,81.79999999999995,106.60000000000002,1,1,0.0
100,7,580.2,709.4,200.39999999999998,263.6,1,1,1.0
100,8,432.0,864.0,158.5,200.29999999999995,1,1,1.0
101,10,1289.9,752.8,197.5,353.4000000000001,1,1,1.0
101,1,1545.0,667.2,97.20000000000005,165.5999999999999,1,1,0.0
101,2,486.4,1010.1,265.1,104.39999999999998,1,1,1.0
101,9,1630.4,967.9,17.799999999999955,70.80000000000007,1,1,0.0
101,3,1128.3,523.0,190.5,285.29999999999995,1,1,1.0
101,4,453.0,575.1,135.89999999999998,330.69999999999993,1,1,1.0
101,5,265.8,655.8,167.5,304.0,1,1,1.0
101,6,416.9,489.1,74.90000000000003,94.60000000000002,1,1,0.0
101,7,580.9,709.4,202.5,262.9,1,1,1.0
101,8,432.9,850.5,160.20000000000005,218.0999999999999,1,1,1.0
102,10,1292.2,774.8,203.89999999999986,323.9000000000001,1,1,1.0
102,1,1562.4,664.1,79.79999999999995,164.69999999999993,1,1,0.0
102,2,539.9,993.2,224.10000000000002,143.5,1,1,1.0
102,9,1630.4,967.9,17.799999999999955,70.80000000000007,1,1,0.0
102,3,1126.2,527.2,211.39999999999986,273.79999999999995,1,1,1.0
102,4,439.4,572.1,149.5,325.4,1,1,1.0
102,5,267.1,660.8,166.2,297.1,1,1,1.0
102,6,402.5,486.0,83.60000000000002,94.5,1,1,0.0
102,7,580.2,718.4,219.19999999999993,228.89999999999998,1,1,1.0
102,8,431.2,857.0,151.90000000000003,229.0,1,1,1.0
103,10,1293.9,774.8,203.89999999999986,323.9000000000001,1,1,1.0
103,1,1564.3,663.1,77.90000000000009,163.60000000000002,1,1,0.0
103,2,617.1,959.0,184.0,187.79999999999995,1,1,1.0
103,9,1630.4,967.9,17.799999999999955,70.80000000000007,1,1,0.0
103,3,1127.8,524.6,238.10000000000014,282.69999999999993,1,1,1.0
103,4,446.2,548.0,178.90000000000003,311.79999999999995,1,1,1.0
103,5,266.5,656.4,166.8,299.0,1,1,1.0
103,6,405.6,486.0,78.59999999999997,89.5,1,1,0.0
103,7,605.9,688.5,208.80000000000007,224.10000000000002,1,1,1.0
103,8,435.6,864.0,164.89999999999998,217.5999999999999,1,1,1.0
104,10,1302.0,778.3,194.0999999999999,311.70000000000005,1,1,1.0
104,1,1564.3,663.1,77.90000000000009,163.60000000000002,1,1,0.0
104,2,567.0,959.0,230.20000000000005,179.5999999999999,1,1,1.0
104,9,1630.4,967.9,17.799999999999955,70.80000000000007,1,1,0.0
104,3,1135.1,527.2,231.80000000000018,251.89999999999998,1,1,1.0
104,4,440.9,551.8,184.20000000000005,311.80000000000007,1,1,1.0
104,5,270.9,663.3,162.40000000000003,283.30000000000007,1,1,1.0
104,6,400.6,486.0,83.59999999999997,92.0,1,1,0.0
104,7,629.5,664.9,170.60000000000002,286.6,1,1,1.0
104,8,440.0,858.8,164.89999999999998,206.70000000000005,1,1,1.0
105,10,1313.6,771.9,184.20000000000005,326.80000000000007,1,1,1.0
105,1,1562.0,631.2,80.20000000000005,195.0,1,1,0.0
105,2,609.4,966.2,183.5,188.29999999999995,1,1,1.0
105,9,1630.4,967.9,17.799999999999955,70.80000000000007,1,1,0.0
105,3,1133.5,528.2,232.9000000000001,246.69999999999993,1,1,1.0
105,4,446.9,553.3,175.20000000000005,332.9000000000001,1,1,1.0
105,5,271.5,659.5,161.8,284.0,1,1,1.0
105,6,402.5,491.7,81.69999999999999,88.80000000000001,1,1,0.0
105,7,628.8,673.2,165.70000000000005,305.4,1,1,1.0
105,8,440.0,864.9,167.5,200.60000000000002,1,1,1.0
106,10,1301.8,777.5,196.0,320.0,1,1,1.0
106,1,1560.4,628.6,81.79999999999995,197.60000000000002,1,1,0.0
106,2,578.5,966.2,204.79999999999995,162.70000000000005,1,1,1.0
106,9,1630.4,967.9,17.799999999999955,70.80000000000007,1,1,0.0
106,3,1131.9,530.3,233.5,255.10000000000002,1,1,1.0
106,4,442.4,585.7,187.20000000000005,301.29999999999995,1,1,1.0
106,5,271.5,659.5,163.7,295.29999999999995,1,1,1.0
106,6,409.0,491.7,78.30000000000001,89.40000000000003,1,1,0.0
106,7,622.6,678.1,171.89999999999998,293.6,1,1,1.0
106,8,440.0,867.1,167.89999999999998,206.19999999999993,1,1,1.0
107,10,1304.1,757.2,192.5,320.5999999999999,1,1,1.0
107,1,1558.0,622.3,84.20000000000005,203.9000000000001,1,1,0.0
107,2,547.6,965.2,229.39999999999998,149.70000000000005,1,1,1.0
107,9,1630.4,967.9,17.799999999999955,70.80000000000007,1,1,0.0
107,3,1135.0,526.1,230.4000000000001,253.5,1,1,1.0
107,4,442.4,552.5,187.20000000000005,324.0,1,1,1.0
107,5,271.5,661.4,163.7,302.20000000000005,1,1,1.0
107,6,401.0,488.0,84.39999999999998,96.20000000000005,1,1,0.0
107,7,601.8,689.2,180.9000000000001,271.4,1,1,1.0
107,8,439.1,870.1,168.79999999999995,200.9999999999999,1,1,1.0
108,10,1296.6,771.1,188.4000000000001,332.69999999999993,1,1,1.0
108,1,1560.0,624.4,82.20000000000005,203.39999999999998,1,1,0.0
108,2,628.1,950.3,170.60000000000002,220.10000000000014,1,1,1.0
108,9,1630.4,967.9,17.799999999999955,70.80000000000007,1,1,0.0
108,3,1135.0,525.6,229.9000000000001,249.79999999999995,1,1,1.0
108,4,448.4,544.2,181.20000000000005,339.79999999999995,1,1,1.0
108,5,272.8,657.6,162.39999999999998,306.0,1,1,1.0
108,6,406.4,486.7,79.0,94.40000000000003,1,1,0.0
108,7,603.2,687.1,176.69999999999993,266.6,1,1,1.0
108,8,437.8,870.1,175.3,206.19999999999993,1,1,1.0
109,10,1298.3,786.7,192.5,317.0999999999999,1,1,1.0
109,1,1558.6,625.4,83.60000000000014,202.39999999999998,1,1,0.0
109,2,604.0,934.9,205.29999999999995,200.30000000000007,1,1,1.0
109,9,1630.4,967.9,17.799999999999955,70.80000000000007,1,1,0.0
109,3,1128.7,510.9,212.0999999999999,262.4,1,1,1.0
109,4,465.7,541.2,163.90000000000003,346.5999999999999,1,1,1.0
109,5,272.8,657.6,163.0,303.5,1,1,1.0
109,6,412.0,486.7,70.30000000000001,90.00000000000006,1,1,0.0
109,7,626.1,678.1,146.19999999999993,314.5,1,1,1.0
109,8,440.0,863.1,168.29999999999995,201.89999999999998,1,1,1.0
110,10,1304.7,822.6,145.0,336.19999999999993,1,1,1.0
110,1,1557.8,625.4,84.40000000000009,202.39999999999998,1,1,0.0
110,2,579.4,932.5,241.0,199.79999999999995,1,1,1.0
110,9,1630.4,967.9,17.799999999999955,70.80000000000007,1,1,0.0
110,3,1131.8,526.6,243.0,239.89999999999998,1,1,1.0
110,4,468.7,541.2,160.90000000000003,333.0,1,1,1.0
110,5,272.8,658.2,163.0,279.0,1,1,1.0
110,6,375.6,472.9,99.79999999999995,90.60000000000002,1,1,0.0
110,7,621.9,680.2,150.39999999999998,322.0999999999999,1,1,1.0
110,8,438.7,867.4,167.00000000000006,201.10000000000002,1,1,1.0
111,10,1299.5,783.2,157.70000000000005,327.5999999999999,1,1,1.0
111,1,1560.5,630.1,81.70000000000005,196.69999999999993,1,1,0.0
111,2,599.2,939.3,229.89999999999998,181.9000000000001,1,1,1.0
111,9,1630.4,967.9,17.799999999999955,70.80000000000007,1,1,0.0
111,3,1130.2,536.5,254.0,240.5,1,1,1.0
111,4,471.0,546.5,158.60000000000002,332.20000000000005,1,1,1.0
111,5,272.8,658.2,163.0,283.4,1,1,1.0
111,6,374.3,474.2,138.09999999999997,218.00000000000006,1,1,1.0
111,7,628.8,680.2,143.5,313.0999999999999,1,1,1.0
111,8,437.8,872.2,162.2,187.5999999999999,1,1,1.0
112,10,1290.8,779.7,206.29999999999995,270.29999999999995,1,1,1.0
112,1,1562.6,632.7,79.60000000000014,194.0999999999999,1,1,0.0
112,2,617.5,936.4,217.89999999999998,184.80000000000007,1,1,1.0
112,9,1630.4,967.9,17.799999999999955,70.80000000000007,1,1,0.0
112,3,1121.8,537.5,246.70000000000005,235.79999999999995,1,1,1.0
112,4,449.1,574.4,144.29999999999995,329.9,1,1,1.0
112,5,272.8,658.8,163.0,277.80000000000007,1,1,1.0
112,6,415.1,542.0,236.10000000000002,110.60000000000002,1,1,1.0
112,7,637.8,676.7,134.5,315.19999999999993,1,1,1.0
112,8,439.5,870.0,173.10000000000002,190.70000000000005,1,1,1.0
113,10,1288.5,775.1,208.0,274.9,1,1,1.0
113,1,1562.6,632.7,79.60000000000014,194.0999999999999,1,1,0.0
113,2,610.3,933.5,216.4000000000001,187.20000000000005,1,1,1.0
113,9,1630.4,967.9,17.799999999999955,70.80000000000007,1,1,0.0
113,3,1123.4,536.0,253.5,237.29999999999995,1,1,1.0
113,4,425.0,616.6,154.10000000000002,316.29999999999995,1,1,1.0
113,5,270.3,661.9,158.59999999999997,269.70000000000005,1,1,1.0
113,6,415.1,541.4,294.5,150.10000000000002,1,1,1.0
113,7,639.2,676.7,127.5,332.5999999999999,1,1,1.0
113,8,438.6,867.4,178.39999999999998,210.69999999999993,1,1,1.0
114,10,1301.2,793.6,157.0999999999999,328.19999999999993,1,1,1.0
114,1,1560.7,629.5,81.5,197.29999999999995,1,1,0.0
114,2,598.2,933.5,228.5,187.70000000000005,1,1,1.0
114,9,1630.4,967.9,17.799999999999955,70.80000000000007,1,1,0.0
114,3,1123.9,537.6,255.5999999999999,235.69999999999993,1,1,1.0
114,4,425.0,616.6,154.10000000000002,320.79999999999995,1,1,1.0
114,5,270.3,655.6,155.5,271.6,1,1,1.0
114,6,439.6,534.5,311.4,196.60000000000002,1,1,1.0
114,7,639.9,687.1,125.39999999999998,305.5,1,1,1.0
114,8,441.7,863.9,169.2,204.60000000000002,1,1,1.0
115,10,1285.0,747.9,205.70000000000005,277.80000000000007,1,1,1.0
115,1,1562.6,637.3,79.60000000000014,189.5,1,1,0.0
115,2,606.9,926.7,219.30000000000007,194.5,1,1,1.0
115,9,1630.4,967.9,17.799999999999955,70.80000000000007,1,1,0.0
115,3,1121.3,499.9,247.20000000000005,262.9,1,1,1.0
115,4,422.7,625.6,156.40000000000003,317.1,1,1,1.0
115,5,266.5,661.3,160.60000000000002,264.0,1,1,1.0
115,6,457.2,530.1,296.90000000000003,194.69999999999993,1,1,1.0
115,7,605.2,696.1,205.19999999999993,245.79999999999995,1,1,1.0
115,8,440.0,865.2,168.70000000000005,206.79999999999995,1,1,1.0
116,10,1294.9,735.7,190.0,292.29999999999995,1,1,1.0
116,1,1563.6,639.9,78.60000000000014,186.89999999999998,1,1,0.0
116,2,551.0,936.3,263.1,178.60000000000014,1,1,1.0
116,9,1630.4,967.9,17.799999999999955,70.80000000000007,1,1,0.0
116,3,1136.5,465.9,250.79999999999995,267.6,1,1,1.0
116,4,422.7,625.6,156.40000000000003,317.1,1,1,1.0
116,5,269.0,658.8,158.10000000000002,287.80000000000007,1,1,1.0
116,6,455.9,515.0,253.60000000000002,248.70000000000005,1,1,1.0
116,7,598.3,707.2,237.80000000000007,192.29999999999995,1,1,1.0
116,8,440.0,865.6,167.79999999999995,200.10000000000002,1,1,1.0
117,10,1294.9,734.5,198.0999999999999,305.70000000000005,1,1,1.0
117,1,1563.6,646.7,78.60000000000014,180.0999999999999,1,1,0.0
117,2,549.6,963.3,259.69999999999993,151.10000000000014,1,1,1.0
117,9,1630.4,967.9,17.799999999999955,70.80000000000007,1,1,0.0
117,3,1210.8,477.4,168.70000000000005,292.20000000000005,1,1,1.0
117,4,425.7,611.3,154.90000000000003,317.1,1,1,1.0
117,5,268.4,656.3,158.70000000000005,291.6,1,1,1.0
117,6,496.1,525.0,205.19999999999993,259.4,1,1,1.0
117,7,594.8,721.1,235.70000000000005,210.29999999999995,1,1,1.0
117,8,439.1,867.8,173.5,180.70000000000005,1,1,1.0
118,10,1288.0,744.4,201.0,315.5000000000001,1,1,1.0
118,1,1566.0,672.6,76.20000000000005,154.19999999999993,1,1,0.0
118,2,548.6,976.3,267.0,136.70000000000005,1,1,1.0
118,9,1630.4,967.9,17.799999999999955,70.80000000000007,1,1,0.0
118,3,1186.2,516.1,179.20000000000005,284.9,1,1,1.0
118,4,420.4,612.8,160.20000000000005,327.70000000000005,1,1,1.0
118,5,268.4,660.1,158.70000000000005,287.79999999999995,1,1,1.0
118,6,455.3,484.2,269.2,243.7,1,1,1.0
118,7,588.6,760.7,234.29999999999995,183.19999999999993,1,1,1.0
118,8,436.0,869.1,171.79999999999995,182.30000000000007,1,1,1.0
119,10,1300.7,769.3,192.39999999999986,336.9000000000001,1,1,1.0
119,1,1566.6,663.0,75.60000000000014,164.29999999999995,1,1,0.0
119,2,526.4,983.1,273.30000000000007,125.60000000000002,1,1,1.0
119,9,1630.4,967.9,17.799999999999955,70.80000000000007,1,1,0.0
119,3,1176.2,536.5,192.29999999999995,271.29999999999995,1,1,1.0
119,4,426.4,611.3,154.20000000000005,327.70000000000005,1,1,1.0
119,5,268.4,657.0,158.70000000000005,300.29999999999995,1,1,1.0
119,6,455.9,487.3,268.6,217.40000000000003,1,1,1.0
119,7,574.7,755.8,232.89999999999998,211.70000000000005,1,1,1.0
119,8,436.4,868.7,171.39999999999998,184.20000000000005,1,1,1.0
