1,1,249.3,452.6,76.89999999999998,120.20999999999992,1,1,0.0
1,2,296.9,306.4,224.39999999999998,264.1,1,1,1.0
1,3,346.1,366.3,220.60000000000002,273.45,1,1,1.0
1,4,716.04,388.48,225.16000000000008,321.52,1,1,1.0
1,5,650.36,593.06,234.74,221.24,1,1,1.0
1,6,594.96,726.55,238.83999999999992,248.05000000000007,1,1,1.0
1,7,1057.2,499.9,365.20000000000005,147.89999999999998,1,1,1.0
1,8,1564.2,528.4,214.70000000000005,407.20000000000005,1,1,1.0
2,1,248.48,444.8,80.72999999999999,105.90000000000003,1,1,0.0
2,2,282.6,327.45,168.48999999999995,307.84999999999997,1,1,1.0
2,3,365.2,340.0,201.50000000000006,305.0,1,1,1.0
2,4,718.6,385.41,267.0,276.09,1,1,1.0
2,5,651.89,591.01,234.81000000000006,221.28999999999996,1,1,1.0
2,6,613.68,714.61,223.22000000000003,256.59000000000003,1,1,1.0
2,7,1058.74,501.16,363.46000000000004,144.83999999999997,1,1,1.0
2,8,1562.9,528.6,220.28999999999996,404.0,1,1,1.0
2,9,1527.0,503.13,77.03999999999996,60.75999999999999,1,1,0.0
3,1,248.48,444.8,85.82000000000002,110.68,1,1,0.0
3,2,253.2,396.58,176.57,307.42,1,1,1.0
3,3,368.4,362.18,198.90999999999997,283.32,1,1,1.0
3,4,709.91,392.06,261.69000000000005,260.14000000000004,1,1,1.0
3,5,656.0,589.0,230.20000000000005,222.79999999999995,1,1,1.0
3,6,663.89,715.65,182.51,273.35,1,1,1.0
3,7,1057.7,499.62,364.5,146.38,1,1,1.0
3,8,1562.9,526.2,216.5999999999999,426.29999999999995,1,1,1.0
3,9,1483.3,453.3,119.0,151.8,1,1,0.0
4,1,248.48,454.0,97.32000000000002,101.48000000000002,1,1,0.0
4,2,224.0,399.14,200.14,302.56000000000006,1,1,1.0
4,3,365.3,381.56,205.58999999999997,265.44,1,1,1.0
4,4,695.51,412.9,340.5899999999999,228.60000000000002,1,1,1.0
4,5,670.5,571.9,223.29999999999995,239.70000000000005,1,1,1.0
4,6,482.93,783.51,257.17,127.69000000000005,1,1,1.0
4,7,1057.7,497.07,358.8699999999999,148.93,1,1,1.0
4,8,1565.3,526.15,213.59000000000015,428.25,1,1,1.0
4,9,1469.5,434.8,132.29999999999995,190.7,1,1,0.0
5,1,248.48,444.8,109.32000000000002,110.68,1,1,0.0
5,2,209.9,432.88,205.96,284.62,1,1,1.0
5,3,355.6,351.71,217.32999999999993,286.69,1,1,1.0
5,4,694.49,410.86,277.80999999999995,274.93999999999994,1,1,1.0
5,5,664.86,579.04,231.03999999999996,231.56000000000006,1,1,1.0
5,6,464.57,732.52,250.03000000000003,162.08000000000004,1,1,1.0
5,7,1056.18,498.09,367.03999999999996,151.53000000000003,1,1,1.0
5,8,1564.7,525.54,216.63999999999987,414.76,1,1,1.0
5,9,1457.35,421.98,144.45000000000005,208.22000000000003,1,1,1.0
6,1,248.0,444.8,105.80000000000001,110.68,1,1,0.0
6,2,224.5,478.88,174.22000000000003,300.62,1,1,1.0
6,3,420.7,317.89,351.89000000000004,168.91000000000003,1,1,1.0
6,4,709.77,397.64,278.43000000000006,318.26,1,1,1.0
6,5,661.49,574.95,236.21000000000004,255.75,1,1,1.0
6,6,473.87,723.34,245.83000000000004,171.26,1,1,1.0
6,7,1058.2,496.04,338.0999999999999,149.95999999999998,1,1,1.0
6,8,1565.9,525.54,214.2199999999998,393.26,1,1,1.0
6,9,1453.2,412.0,149.89999999999986,213.10000000000002,1,1,1.0
7,1,227.1,449.24,117.6,105.36000000000001,1,1,0.0
7,2,234.6,488.08,147.85,305.82,1,1,1.0
7,3,503.6,308.85,362.42999999999995,148.34999999999997,1,1,1.0
7,4,711.81,397.65,282.19000000000005,310.25,1,1,1.0
7,5,663.53,568.81,266.6700000000001,237.59000000000003,1,1,1.0
7,6,463.97,737.72,257.23,155.88,1,1,1.0
7,7,1057.7,497.58,323.02,149.52000000000004,1,1,1.0
7,8,1565.9,520.63,214.2199999999998,396.37,1,1,1.0
7,9,1461.72,406.78,139.68000000000006,241.22000000000003,1,1,1.0
8,1,232.2,323.3,244.60000000000002,232.18,1,1,0.0
8,2,229.5,488.2,138.88,281.40000000000003,1,1,1.0
8,3,522.5,309.3,348.1,142.09999999999997,1,1,1.0
8,4,715.39,398.67,257.71000000000004,323.22999999999996,1,1,1.0
8,5,660.98,576.48,291.62,229.91999999999996,1,1,1.0
8,6,462.94,744.41,247.56,147.09000000000003,1,1,1.0
8,7,1055.7,502.18,308.20000000000005,145.92000000000002,1,1,1.0
8,8,1564.7,519.41,218.49,399.99,1,1,1.0
8,9,1457.5,411.9,143.9000000000001,243.70000000000005,1,1,1.0
9,1,220.3,322.2,284.5,218.09999999999997,1,1,0.0
9,2,243.34,465.6,229.55999999999997,227.69999999999993,1,1,1.0
9,3,523.5,307.3,330.20000000000005,138.0,1,1,1.0
9,4,721.18,391.47,255.82000000000005,307.13,1,1,1.0
9,5,657.91,579.04,299.2900000000001,226.86,1,1,1.0
9,6,470.12,740.42,233.88,151.08000000000004,1,1,1.0
9,7,1054.65,499.11,330.0899999999999,148.49,1,1,1.0
9,8,1565.3,518.79,214.21000000000004,399.4100000000001,1,1,1.0
9,9,1437.96,409.79,163.03999999999996,245.41000000000003,1,1,1.0
10,1,220.3,322.2,277.7,212.40000000000003,1,1,0.0
10,2,247.9,537.64,305.44000000000005,148.76,1,1,1.0
10,3,525.0,304.37,343.78,144.43,1,1,1.0
10,4,700.5,404.17,302.5,234.32999999999998,1,1,1.0
10,5,659.44,575.46,283.4599999999999,232.43999999999994,1,1,1.0
10,6,446.75,747.75,248.04999999999995,129.85000000000002,1,1,1.0
10,7,1048.68,498.09,362.6199999999999,148.51000000000005,1,1,1.0
10,8,1565.9,519.41,211.76,404.09000000000003,1,1,1.0
10,9,1434.55,400.42,166.45000000000005,242.87999999999994,1,1,1.0
11,1,215.4,332.36,322.56000000000006,178.24,1,1,0.0
11,2,244.3,510.22,288.77000000000004,175.67999999999995,1,1,1.0
11,3,530.6,303.34,354.59000000000003,144.96000000000004,1,1,1.0
11,4,697.43,408.77,303.1700000000001,229.93000000000006,1,1,1.0
11,5,659.96,575.97,284.43999999999994,230.92999999999995,1,1,1.0
11,6,450.88,749.79,232.01999999999998,134.41000000000008,1,1,1.0
11,7,1068.2,497.4,331.0,152.20000000000005,1,1,1.0
11,8,1565.3,519.41,212.4000000000001,404.09000000000003,1,1,1.0
11,9,1434.98,402.55,166.01999999999998,242.45,1,1,1.0
12,1,364.9,329.8,204.10000000000002,128.59999999999997,1,1,1.0
12,2,239.8,542.4,296.99999999999994,140.5,1,1,1.0
12,3,527.9,303.34,352.70000000000005,143.96000000000004,1,1,1.0
12,4,709.89,395.82,251.40999999999997,331.88000000000005,1,1,1.0
12,5,663.53,573.92,228.76999999999998,288.18000000000006,1,1,1.0
12,6,434.82,748.77,251.07999999999998,128.33000000000004,1,1,1.0
12,7,1075.4,478.31,332.3499999999999,173.89000000000004,1,1,1.0
12,8,1565.3,519.41,212.37000000000012,410.7900000000001,1,1,1.0
12,9,1434.98,402.55,166.42000000000007,243.74999999999994,1,1,1.0
13,1,362.4,321.1,166.20000000000005,131.29999999999995,1,1,1.0
13,2,295.81,549.18,311.98999999999995,136.0200000000001,1,1,1.0
13,3,540.5,291.09,305.41999999999996,147.41000000000003,1,1,1.0
13,4,732.35,403.0,268.04999999999995,303.5,1,1,1.0
13,5,663.57,592.64,215.92999999999995,322.76,1,1,1.0
13,6,378.37,738.07,276.53,137.02999999999997,1,1,1.0
13,7,1081.0,509.76,358.8599999999999,147.03999999999996,1,1,1.0
13,8,1565.3,521.25,212.98000000000002,403.35,1,1,1.0
13,9,1431.99,417.14,169.80999999999995,225.76,1,1,1.0
14,1,358.8,315.5,159.49999999999994,136.89999999999998,1,1,1.0
14,2,334.2,513.09,310.89000000000004,173.80999999999995,1,1,1.0
14,3,582.32,280.73,341.38,136.96999999999997,1,1,1.0
14,4,723.63,411.73,266.66999999999996,309.16999999999996,1,1,1.0
14,5,727.32,606.71,143.27999999999997,329.68999999999994,1,1,1.0
14,6,410.32,740.63,227.18,123.97000000000003,1,1,1.0
14,7,1087.98,506.69,336.52,151.10999999999996,1,1,1.0
14,8,1564.7,515.11,206.22000000000003,418.68999999999994,1,1,1.0
14,9,1434.66,408.02,166.74,235.68000000000006,1,1,1.0
15,1,362.4,317.87,151.80000000000007,136.89999999999998,1,1,1.0
15,2,415.9,462.99,335.6700000000001,199.40999999999997,1,1,1.0
15,3,671.16,304.92,358.64,138.97999999999996,1,1,1.0
15,4,728.23,417.87,247.66999999999996,319.13,1,1,1.0
15,5,693.5,605.09,171.14999999999998,341.7099999999999,1,1,1.0
15,6,438.69,742.68,205.70999999999998,128.72000000000003,1,1,1.0
15,7,1086.96,509.25,353.6399999999999,149.04999999999995,1,1,1.0
15,8,1565.3,520.63,208.06999999999994,411.27,1,1,1.0
15,9,1434.23,407.59,167.17000000000007,240.41000000000003,1,1,1.0
16,1,362.4,312.5,151.80000000000007,139.89999999999998,1,1,1.0
16,2,447.9,450.45,310.56000000000006,183.95,1,1,1.0
16,3,788.44,305.35,338.05999999999995,165.54999999999995,1,1,1.0
16,4,728.75,416.85,223.25,329.35,1,1,1.0
16,5,691.2,604.41,160.40999999999997,352.69000000000005,1,1,1.0
16,6,433.07,713.73,215.43,157.06999999999994,1,1,1.0
16,7,1089.51,511.41,353.69000000000005,150.98999999999995,1,1,1.0
16,8,1565.9,519.41,206.8599999999999,412.49,1,1,1.0
16,9,1465.62,390.01,135.7800000000002,264.78999999999996,1,1,1.0
17,1,362.4,303.3,151.80000000000007,149.09999999999997,1,1,1.0
17,2,449.4,448.91,303.44000000000005,193.69,1,1,1.0
17,3,786.4,305.87,302.30000000000007,203.02999999999997,1,1,1.0
17,4,737.11,416.62,215.78999999999996,350.67999999999995,1,1,1.0
17,5,689.9,607.81,169.12,304.8900000000001,1,1,1.0
17,6,426.89,715.27,220.61,160.13,1,1,1.0
17,7,1091.05,517.54,358.54999999999995,147.46000000000004,1,1,1.0
17,8,1565.3,524.31,209.29999999999995,409.49,1,1,1.0
17,9,1467.33,392.57,154.10000000000014,247.3,1,1,1.0
18,1,362.4,304.5,151.80000000000007,151.7,1,1,1.0
18,2,447.9,450.96,313.94000000000005,197.24000000000007,1,1,1.0
18,3,811.22,306.89,271.98,277.61,1,1,1.0
18,4,742.22,421.22,204.98000000000002,362.88,1,1,1.0
18,5,688.2,613.95,169.79999999999995,297.75,1,1,1.0
18,6,374.88,709.38,260.91999999999996,158.91999999999996,1,1,1.0
18,7,1094.9,509.37,355.1999999999998,154.02999999999997,1,1,1.0
18,8,1565.3,527.99,238.24,367.80999999999995,1,1,1.0
18,9,1443.75,389.41,158.95000000000005,259.79,1,1,1.0
19,1,362.4,314.0,151.80000000000007,142.2,1,1,1.0
19,2,445.8,451.98,321.16,198.31999999999994,1,1,1.0
19,3,870.57,293.32,217.42999999999995,306.68,1,1,1.0
19,4,748.71,419.36,187.89,355.74,1,1,1.0
19,5,693.1,605.26,163.88,331.03999999999996,1,1,1.0
19,6,459.99,752.23,229.40999999999997,130.06999999999994,1,1,1.0
19,7,1094.9,507.83,364.6999999999998,151.50000000000006,1,1,1.0
19,8,1564.7,534.72,260.41999999999985,361.0799999999999,1,1,1.0
19,9,1434.33,395.37,167.07000000000016,256.42999999999995,1,1,1.0
20,1,362.4,314.0,233.89999999999998,142.2,1,1,1.0
20,2,447.4,434.89,280.97,209.21000000000004,1,1,1.0
20,3,872.0,286.11,212.4000000000001,303.39,1,1,1.0
20,4,746.26,415.68,209.74,343.61999999999995,1,1,1.0
20,5,694.3,602.7,164.21000000000004,337.5999999999999,1,1,1.0
20,6,474.23,753.25,224.37,132.64999999999998,1,1,1.0
20,7,1098.89,507.83,357.2099999999998,151.50000000000006,1,1,1.0
20,8,1566.6,536.56,253.0,357.34000000000003,1,1,1.0
20,9,1435.19,394.95,165.40999999999985,255.55,1,1,1.0
21,1,334.0,299.8,266.1,189.39999999999998,1,1,1.0
21,2,461.0,415.03,338.58000000000004,215.17000000000007,1,1,1.0
21,3,859.27,288.89,225.6300000000001,295.40999999999997,1,1,1.0
21,4,741.96,413.23,222.14,337.66999999999996,1,1,1.0
21,5,654.3,600.14,202.68000000000006,339.86,1,1,1.0
21,6,480.88,750.19,207.51999999999998,136.20999999999992,1,1,1.0
21,7,1096.33,506.81,329.57000000000016,156.58999999999997,1,1,1.0
21,8,1564.7,538.4,273.90999999999985,352.5,1,1,1.0
21,9,1441.58,384.3,158.51999999999998,262.40000000000003,1,1,1.0
22,1,351.1,270.7,250.29999999999995,244.3,1,1,1.0
22,2,461.8,426.62,362.73999999999995,188.27999999999997,1,1,1.0
22,3,854.92,298.88,232.48000000000013,283.32000000000005,1,1,1.0
22,4,731.72,419.98,242.88,302.31999999999994,1,1,1.0
22,5,640.0,601.17,218.51,357.43000000000006,1,1,1.0
22,6,459.49,753.77,223.30999999999995,134.13,1,1,1.0
22,7,1096.85,506.81,343.35000000000014,157.58999999999997,1,1,1.0
22,8,1565.9,537.79,261.41999999999985,352.51,1,1,1.0
22,9,1446.69,384.3,153.40999999999985,260.3,1,1,1.0
23,1,353.4,270.3,249.70000000000005,249.2,1,1,1.0
23,2,481.1,405.46,333.41999999999996,204.83999999999997,1,1,1.0
23,3,855.5,294.06,231.4000000000001,298.44,1,1,1.0
23,4,720.32,431.29,251.88,260.60999999999996,1,1,1.0
23,5,642.46,664.16,212.4699999999999,280.76,1,1,1.0
23,6,462.56,751.72,218.23999999999995,134.67999999999995,1,1,1.0
23,7,1098.89,516.68,354.30999999999995,151.62,1,1,1.0
23,8,1565.3,539.02,260.18000000000006,352.48,1,1,1.0
23,9,1443.28,396.22,158.12000000000012,260.28,1,1,1.0
24,1,353.4,274.8,249.70000000000005,244.7,1,1,1.0
24,2,505.7,406.48,343.64000000000004,197.51999999999998,1,1,1.0
24,3,852.43,294.57,268.37,251.93,1,1,1.0
24,4,693.4,455.48,251.5,211.62,1,1,1.0
24,5,646.4,705.68,212.62,247.0200000000001,1,1,1.0
24,6,464.6,750.19,214.69999999999993,137.70999999999992,1,1,1.0
24,7,1088.67,518.21,372.1999999999998,146.99,1,1,1.0
24,8,1564.71,537.17,214.08999999999992,407.93000000000006,1,1,1.0
24,9,1436.46,394.52,166.24,257.68000000000006,1,1,1.0
25,1,345.9,276.1,257.20000000000005,234.39999999999998,1,1,1.0
25,2,497.6,403.41,340.77,201.38999999999993,1,1,1.0
25,3,859.97,296.1,244.62999999999988,249.69999999999993,1,1,1.0
25,4,675.61,448.73,251.09000000000003,217.26999999999998,1,1,1.0
25,5,662.0,695.02,199.55999999999995,242.18000000000006,1,1,1.0
25,6,476.57,747.63,199.13000000000005,146.07000000000005,1,1,1.0
25,7,1094.29,518.21,336.9100000000001,152.08999999999992,1,1,1.0
25,8,1564.71,540.86,212.38999999999987,413.84000000000003,1,1,1.0
25,9,1436.04,388.98,164.05999999999995,260.22,1,1,1.0
26,1,345.9,255.8,257.20000000000005,251.7,1,1,1.0
26,2,510.9,351.12,291.49,264.17999999999995,1,1,1.0
26,3,866.95,304.62,237.04999999999995,251.67999999999995,1,1,1.0
26,4,657.84,451.88,282.15999999999997,255.22000000000003,1,1,1.0
26,5,635.2,676.41,247.80999999999995,223.19000000000005,1,1,1.0
26,6,459.61,743.78,202.09000000000003,149.42000000000007,1,1,1.0
26,7,1091.73,517.19,310.06999999999994,151.6099999999999,1,1,1.0
26,8,1564.71,541.47,212.38999999999987,409.63,1,1,1.0
26,9,1454.36,384.72,145.74,263.67999999999995,1,1,1.0
27,1,344.4,241.6,254.89999999999998,256.1,1,1,1.0
27,2,580.6,288.84,278.61,225.56,1,1,1.0
27,3,867.47,311.1,230.93000000000006,267.6,1,1,1.0
27,4,649.13,461.58,257.07000000000005,285.21999999999997,1,1,1.0
27,5,521.59,639.03,320.80999999999995,182.07000000000005,1,1,1.0
27,6,425.97,741.73,234.23000000000002,140.16999999999996,1,1,1.0
27,7,1090.2,509.01,325.39999999999986,161.28999999999996,1,1,1.0
27,8,1564.71,543.92,213.58999999999992,406.48,1,1,1.0
27,9,1445.09,404.61,155.51,242.49,1,1,1.0
28,1,340.5,252.5,262.6,234.3,1,1,1.0
28,2,603.5,266.05,247.41999999999996,223.45,1,1,1.0
28,3,875.44,301.59,222.05999999999995,304.01000000000005,1,1,1.0
28,4,734.8,508.24,212.20000000000005,297.05999999999995,1,1,1.0
28,5,434.47,586.62,289.63,178.98000000000002,1,1,1.0
28,6,395.41,705.15,246.58999999999997,181.35000000000002,1,1,1.0
28,7,1093.3,505.67,317.53999999999996,161.12999999999994,1,1,1.0
28,8,1564.71,535.95,212.38999999999987,464.3499999999999,1,1,1.0
28,9,1435.19,416.89,166.21000000000004,235.31000000000006,1,1,1.0
29,1,334.8,271.46,258.49999999999994,210.64000000000004,1,1,1.0
29,2,602.0,265.03,240.92999999999995,221.97000000000003,1,1,1.0
29,3,882.09,298.01,215.90999999999997,310.59000000000003,1,1,1.0
29,4,708.58,513.42,240.31999999999994,292.58000000000004,1,1,1.0
29,5,450.43,511.45,259.17,218.95,1,1,1.0
29,6,349.33,682.11,236.46999999999997,213.68999999999994,1,1,1.0
29,7,1132.7,490.99,287.14999999999986,182.30999999999995,1,1,1.0
29,8,1565.2,538.03,214.29999999999995,482.87,1,1,1.0
29,9,1461.5,445.09,139.0999999999999,201.20999999999998,1,1,1.0
30,1,329.8,256.58,269.89000000000004,217.62,1,1,1.0
30,2,600.8,269.63,242.13,213.57,1,1,1.0
30,3,897.82,287.29,192.88,344.91,1,1,1.0
30,4,702.85,517.88,241.75,286.22,1,1,1.0
30,5,408.21,489.63,303.69,232.37,1,1,1.0
30,6,352.52,624.12,174.27999999999997,228.08000000000004,1,1,1.0
30,7,1121.1,487.92,314.77,195.18,1,1,1.0
30,8,1564.46,538.03,212.83999999999992,493.06999999999994,1,1,1.0
30,9,1452.49,456.5,146.30999999999995,174.79999999999995,1,1,1.0
31,1,379.1,257.0,221.89999999999998,218.10000000000002,1,1,1.0
31,2,605.9,251.47,239.59000000000003,221.03,1,1,1.0
31,3,919.72,310.04,137.57999999999993,396.75999999999993,1,1,1.0
31,4,696.31,519.07,250.69000000000005,275.7299999999999,1,1,1.0
31,5,383.4,421.3,268.0,270.2,1,1,1.0
31,6,321.42,564.05,179.68,284.35,1,1,1.0
31,7,1148.5,476.11,317.78999999999996,211.49,1,1,1.0
31,8,1565.2,540.24,212.79999999999995,487.3599999999999,1,1,1.0
31,9,1459.84,450.18,139.06000000000017,171.82,1,1,1.0
32,1,382.9,257.0,220.20000000000005,210.0,1,1,1.0
32,2,617.9,259.0,262.22,222.8,1,1,1.0
32,3,917.68,309.53,138.12,390.27,1,1,1.0
32,4,693.24,519.68,256.76,277.22,1,1,1.0
32,5,350.34,434.24,276.26000000000005,259.55999999999995,1,1,1.0
32,6,292.25,519.78,158.14999999999998,261.32000000000005,1,1,1.0
32,7,1122.1,418.95,248.7800000000002,288.05,1,1,1.0
32,8,1565.94,544.66,213.55999999999995,493.34000000000003,1,1,1.0
32,9,1450.71,443.04,151.08999999999992,181.06,1,1,1.0
33,1,379.1,301.1,219.69999999999993,165.0,1,1,1.0
33,2,642.9,271.76,244.0,281.74,1,1,1.0
33,3,918.6,308.0,141.30000000000007,392.79999999999995,1,1,1.0
33,4,696.27,513.09,250.13,289.01,1,1,1.0
33,5,340.9,429.37,282.1,260.73,1,1,1.0
33,6,291.23,510.33,148.26999999999998,285.27000000000004,1,1,1.0
33,7,1151.75,344.27,175.95000000000005,318.23,1,1,1.0
33,8,1564.46,553.97,222.24,511.93000000000006,1,1,1.0
33,9,1444.4,435.3,156.5999999999999,202.90000000000003,1,1,1.0
34,1,379.1,308.6,224.0,154.5,1,1,1.0
34,2,569.54,285.1,305.76,264.6,1,1,1.0
34,3,918.6,308.0,141.30000000000007,392.79999999999995,1,1,1.0
34,4,713.83,510.07,235.87,289.22999999999996,1,1,1.0
34,5,350.0,434.67,271.0,259.53000000000003,1,1,1.0
34,6,297.36,510.85,135.94,274.85,1,1,1.0
34,7,1147.58,331.03,174.22000000000003,329.37,1,1,1.0
34,8,1566.67,565.75,231.73000000000002,497.8499999999999,1,1,1.0
34,9,1400.56,452.73,200.34000000000015,159.87,1,1,1.0
35,1,375.7,312.86,224.42000000000002,154.14,1,1,1.0
35,2,580.63,288.56,300.37,259.64000000000004,1,1,1.0
35,3,927.6,308.0,137.60000000000002,359.70000000000005,1,1,1.0
35,4,719.97,511.29,221.52999999999997,301.00999999999993,1,1,1.0
35,5,384.67,446.18,237.32999999999998,248.52000000000004,1,1,1.0
35,6,302.99,499.8,128.31,277.8,1,1,1.0
35,7,1144.51,340.29,173.8900000000001,332.10999999999996,1,1,1.0
35,8,1565.94,556.91,256.3599999999999,429.99,1,1,1.0
35,9,1405.68,449.75,195.72000000000003,158.54999999999995,1,1,1.0
36,1,367.9,312.01,234.35000000000002,157.09000000000003,1,1,1.0
36,2,570.32,293.89,309.28,257.31000000000006,1,1,1.0
36,3,910.3,308.0,154.9000000000001,377.70000000000005,1,1,1.0
36,4,726.5,514.89,213.60000000000002,317.40999999999997,1,1,1.0
36,5,332.04,435.91,292.56,254.19,1,1,1.0
36,6,301.96,507.47,129.84000000000003,269.03,1,1,1.0
36,7,1141.45,350.53,171.8499999999999,315.27,1,1,1.0
36,8,1565.94,561.83,281.96000000000004,369.77,1,1,1.0
36,9,1408.06,454.44,193.34000000000015,151.66000000000003,1,1,1.0
37,1,374.4,312.86,226.14,155.33999999999997,1,1,1.0
37,2,565.72,303.43,317.98,244.77000000000004,1,1,1.0
37,3,898.2,306.8,167.0,384.2,1,1,1.0
37,4,730.18,514.28,221.0200000000001,326.62,1,1,1.0
37,5,339.37,438.12,285.23,251.48000000000002,1,1,1.0
37,6,301.31,513.91,130.99,262.59000000000003,1,1,1.0
37,7,1137.44,336.3,176.3599999999999,322.3,1,1,1.0
37,8,1564.46,561.83,297.3399999999999,364.27,1,1,1.0
37,9,1391.08,455.29,210.72000000000003,149.50999999999993,1,1,1.0
38,1,330.9,308.6,272.20000000000005,161.5,1,1,1.0
38,2,549.15,303.94,335.05000000000007,239.66000000000003,1,1,1.0
38,3,898.2,299.7,165.79999999999995,331.09999999999997,1,1,1.0
38,4,739.81,510.6,201.59000000000003,326.0,1,1,1.0
38,5,353.46,440.17,270.04,247.93,1,1,1.0
38,6,302.33,519.7,131.47000000000003,259.9,1,1,1.0
38,7,1139.49,338.35,176.30999999999995,316.15,1,1,1.0
38,8,1565.2,566.98,286.5999999999999,346.81999999999994,1,1,1.0
38,9,1437.82,407.74,163.58000000000015,211.15999999999997,1,1,1.0
39,1,332.0,308.6,271.1,163.7,1,1,1.0
39,2,620.47,294.95,249.73000000000002,285.84999999999997,1,1,1.0
39,3,930.82,295.27,134.9799999999999,351.83000000000004,1,1,1.0
39,4,741.65,511.21,204.35000000000002,324.59,1,1,1.0
39,5,400.33,440.17,219.96999999999997,267.12999999999994,1,1,1.0
39,6,302.33,527.53,135.57,245.47000000000003,1,1,1.0
39,7,1141.02,331.7,183.68000000000006,318.40000000000003,1,1,1.0
39,8,1566.67,569.19,258.8299999999999,341.7099999999999,1,1,1.0
39,9,1423.8,429.5,177.60000000000014,193.20000000000005,1,1,1.0
40,1,329.4,308.6,273.70000000000005,170.29999999999995,1,1,1.0
40,2,659.74,305.7,212.55999999999995,278.7,1,1,1.0
40,3,932.3,294.04,134.78999999999996,390.2699999999999,1,1,1.0
40,4,743.45,505.24,209.54999999999995,316.65999999999997,1,1,1.0
40,5,465.84,425.93,172.86000000000007,289.07,1,1,1.0
40,6,305.91,527.02,131.48999999999995,243.98000000000002,1,1,1.0
40,7,1119.9,346.29,173.29999999999995,293.21,1,1,1.0
40,8,1567.41,569.19,261.3899999999999,338.80999999999995,1,1,1.0
40,9,1427.28,409.02,174.51999999999998,216.18000000000006,1,1,1.0
41,1,329.4,248.0,266.5,230.89999999999998,1,1,1.0
41,2,685.59,298.71,179.01,291.19,1,1,1.0
41,3,929.8,300.8,135.4000000000001,394.8,1,1,1.0
41,4,734.69,504.05,211.80999999999995,295.65000000000003,1,1,1.0
41,5,511.72,346.6,180.07999999999993,366.98,1,1,1.0
41,6,302.84,532.65,141.26000000000005,241.45000000000005,1,1,1.0
41,7,1117.34,344.28,172.06000000000017,283.62,1,1,1.0
41,8,1565.9,567.7,261.39999999999986,340.3499999999999,1,1,1.0
41,9,1404.23,479.48,196.3699999999999,145.31999999999994,1,1,1.0
42,1,333.2,247.19,268.19,234.61,1,1,1.0
42,2,668.29,296.67,185.41000000000008,279.53000000000003,1,1,1.0
42,3,926.87,306.14,134.63,394.76,1,1,1.0
42,4,732.85,499.76,223.94999999999993,291.44000000000005,1,1,1.0
42,5,542.07,290.89,149.52999999999997,366.98,1,1,1.0
42,6,302.84,535.9,140.66000000000003,237.70000000000005,1,1,1.0
42,7,1095.28,341.72,194.72000000000003,281.0799999999999,1,1,1.0
42,8,1563.7,569.8,269.5,358.6,1,1,1.0
42,9,1334.0,512.61,266.05999999999995,133.09000000000003,1,1,1.0
43,1,337.1,296.0,266.0,186.7,1,1,1.0
43,2,659.19,291.76,195.51,287.53999999999996,1,1,1.0
43,3,927.48,307.98,134.01999999999998,381.62,1,1,1.0
43,4,723.79,503.48,235.51,279.31999999999994,1,1,1.0
43,5,558.7,271.3,135.39999999999998,358.99999999999994,1,1,1.0
43,6,301.31,539.21,145.69,217.28999999999996,1,1,1.0
43,7,1093.74,337.63,193.96000000000004,290.27,1,1,1.0
43,8,1563.73,569.06,230.3699999999999,393.5400000000001,1,1,1.0
43,9,1327.52,512.2,273.78,132.28999999999996,1,1,1.0
44,1,329.4,289.0,266.5,201.39999999999998,1,1,1.0
44,2,630.27,256.87,225.43000000000006,323.92999999999995,1,1,1.0
44,3,923.8,305.53,137.70000000000005,394.27,1,1,1.0
44,4,721.34,503.48,230.26,285.91999999999996,1,1,1.0
44,5,558.7,265.2,140.39999999999998,364.59999999999997,1,1,1.0
44,6,303.87,541.13,143.73000000000002,215.87,1,1,1.0
44,7,1075.13,337.29,216.56999999999994,300.41,1,1,1.0
44,8,1565.2,570.53,229.5999999999999,378.6700000000001,1,1,1.0
44,9,1343.79,510.1,255.80999999999995,135.66999999999996,1,1,1.0
45,1,335.4,270.2,273.4,222.40000000000003,1,1,1.0
45,2,632.82,269.82,221.38,307.97999999999996,1,1,1.0
45,3,927.48,307.98,131.6199999999999,394.91999999999996,1,1,1.0
45,4,721.95,501.64,228.54999999999995,285.96000000000004,1,1,1.0
45,5,558.7,273.89,140.89999999999998,352.31000000000006,1,1,1.0
45,6,302.84,540.11,148.76000000000005,216.39,1,1,1.0
45,7,965.39,274.99,295.90999999999997,285.80999999999995,1,1,1.0
45,8,1564.46,568.33,225.94000000000005,380.16999999999996,1,1,1.0
45,9,1331.03,510.06,268.56999999999994,134.73999999999995,1,1,1.0
46,1,347.5,259.2,261.79999999999995,218.2,1,1,1.0
46,2,631.29,266.09,223.41000000000008,316.81,1,1,1.0
46,3,927.48,305.53,129.22000000000003,390.07000000000005,1,1,1.0
46,4,730.95,502.87,216.14999999999998,295.92999999999995,1,1,1.0
46,5,558.19,269.8,138.90999999999997,357.90000000000003,1,1,1.0
46,6,304.38,534.49,144.72000000000003,225.61,1,1,1.0
46,7,952.59,302.59,289.90999999999997,254.81,1,1,1.0
46,8,1566.67,569.06,222.23000000000002,365.74,1,1,1.0
46,9,1328.97,510.06,270.6299999999999,139.83999999999997,1,1,1.0
47,1,351.3,254.9,245.99999999999994,213.99999999999997,1,1,1.0
47,2,624.81,264.56,230.3900000000001,320.73999999999995,1,1,1.0
47,3,928.09,304.91,135.31000000000006,323.98999999999995,1,1,1.0
47,4,738.19,497.51,201.51,322.39,1,1,1.0
47,5,555.63,271.33,148.07000000000005,356.96999999999997,1,1,1.0
47,6,301.82,537.56,145.18,216.94000000000005,1,1,1.0
47,7,956.68,300.54,271.72000000000014,254.06,1,1,1.0
47,8,1566.67,567.59,220.23000000000002,361.30999999999995,1,1,1.0
47,9,1306.17,510.87,292.23,131.13,1,1,1.0
48,1,353.0,259.5,250.29999999999995,203.8,1,1,1.0
48,2,617.66,271.32,240.14,317.47999999999996,1,1,1.0
48,3,915.74,302.58,190.66000000000008,314.52000000000004,1,1,1.0
48,4,744.33,498.12,203.76999999999998,336.28,1,1,1.0
48,5,555.63,288.31,143.97000000000003,337.39000000000004,1,1,1.0
48,6,303.36,536.53,141.64,225.57000000000005,1,1,1.0
48,7,974.68,290.78,242.91999999999996,269.82000000000005,1,1,1.0
48,8,1565.2,571.27,219.39999999999986,348.33000000000004,1,1,1.0
48,9,1269.75,444.1,268.45000000000005,227.79999999999995,1,1,1.0
49,1,370.5,256.14,238.16999999999996,201.16000000000003,1,1,1.0
49,2,628.48,281.41,229.81999999999994,308.98999999999995,1,1,1.0
49,3,889.55,379.44,243.04999999999995,307.96,1,1,1.0
49,4,746.58,498.41,199.62,326.38999999999993,1,1,1.0
49,5,556.14,296.49,144.46000000000004,326.11,1,1,1.0
49,6,303.87,535.51,141.13,222.99,1,1,1.0
49,7,957.6,292.31,252.9999999999999,262.98999999999995,1,1,1.0
49,8,1568.15,569.8,217.94999999999982,328.80000000000007,1,1,1.0
49,9,1226.34,406.08,208.96000000000004,278.42,1,1,1.0
50,1,371.3,275.6,236.90000000000003,179.2,1,1,1.0
50,2,609.17,282.43,246.5300000000001,305.86999999999995,1,1,1.0
50,3,900.1,382.55,238.60000000000002,311.55,1,1,1.0
50,4,744.74,495.95,203.46000000000004,323.15000000000003,1,1,1.0
50,5,555.12,305.37,145.48000000000002,318.83000000000004,1,1,1.0
50,6,304.38,533.47,142.12,226.13,1,1,1.0
50,7,955.85,280.43,255.7499999999999,273.36999999999995,1,1,1.0
50,8,1563.73,549.18,209.17000000000007,325.62,1,1,1.0
50,9,1223.67,399.07,192.12999999999988,291.72999999999996,1,1,1.0
51,1,380.3,281.8,227.49999999999994,172.09999999999997,1,1,1.0
51,2,627.85,270.37,229.94999999999993,321.03,1,1,1.0
51,3,901.32,383.16,238.58000000000004,286.34,1,1,1.0
51,4,741.47,494.44,209.32999999999993,311.66,1,1,1.0
51,5,557.68,288.05,144.0200000000001,334.55,1,1,1.0
51,6,302.84,530.91,142.66000000000003,224.59000000000003,1,1,1.0
51,7,931.23,297.1,276.27,256.69999999999993,1,1,1.0
51,8,1545.73,543.07,297.1700000000001,328.8299999999999,1,1,1.0
51,9,1221.97,398.64,197.32999999999993,293.86,1,1,1.0
52,1,371.4,285.22,235.57000000000005,168.27999999999997,1,1,1.0
52,2,596.15,254.28,265.75,335.12,1,1,1.0
52,3,892.53,403.55,283.77,235.34999999999997,1,1,1.0
52,4,736.56,499.35,213.04000000000008,301.65,1,1,1.0
52,5,557.17,290.6,141.93000000000006,334.1,1,1,1.0
52,6,304.89,537.56,140.11,222.54000000000008,1,1,1.0
52,7,831.55,296.19,347.6500000000001,181.31,1,1,1.0
52,8,1499.14,608.04,393.65999999999985,203.56000000000006,1,1,1.0
52,9,1221.97,384.58,205.82999999999993,302.82,1,1,1.0
53,1,377.7,287.77,215.17000000000002,167.43,1,1,1.0
53,2,629.31,267.37,206.69000000000005,303.83000000000004,1,1,1.0
53,3,880.48,446.05,301.52,205.15000000000003,1,1,1.0
53,4,730.61,504.05,220.18999999999994,288.84999999999997,1,1,1.0
53,5,558.7,264.69,136.29999999999995,369.71,1,1,1.0
53,6,302.84,538.07,145.76000000000005,219.42999999999995,1,1,1.0
53,7,652.06,279.53,434.53999999999996,182.77000000000004,1,1,1.0
53,8,1517.15,648.62,384.9499999999998,181.38,1,1,1.0
53,9,1207.66,375.81,214.13999999999987,295.59,1,1,1.0
54,1,377.3,288.2,225.35999999999996,165.3,1,1,1.0
54,2,628.91,270.78,196.99,271.52,1,1,1.0
54,3,870.87,447.9,299.63,197.89999999999998,1,1,1.0
54,4,719.48,510.07,244.01999999999998,275.03000000000003,1,1,1.0
54,5,562.79,273.03,138.31000000000006,363.37,1,1,1.0
54,6,302.84,537.04,144.76000000000005,223.56000000000006,1,1,1.0
54,7,650.17,262.72,385.83000000000004,175.38,1,1,1.0
54,8,1542.53,626.19,380.6700000000001,211.90999999999997,1,1,1.0
54,9,1100.86,343.92,284.5400000000002,211.28000000000003,1,1,1.0
55,1,368.8,268.79,255.79000000000002,183.90999999999997,1,1,1.0
55,2,632.49,297.88,186.30999999999995,247.01999999999998,1,1,1.0
55,3,908.81,497.01,352.69000000000005,136.69000000000005,1,1,1.0
55,4,711.95,507.98,220.8499999999999,281.41999999999996,1,1,1.0
55,5,562.8,277.12,135.30000000000007,362.38,1,1,1.0
55,6,287.6,535.0,158.89999999999998,228.10000000000002,1,1,1.0
55,7,632.51,259.11,385.70000000000005,188.99,1,1,1.0
55,8,1519.35,651.45,401.6500000000001,184.64999999999998,1,1,1.0
55,9,1041.61,341.13,295.69000000000005,199.66999999999996,1,1,1.0
56,1,382.9,281.11,216.72000000000003,171.99,1,1,1.0
56,2,636.21,277.34,182.78999999999996,269.56,1,1,1.0
56,3,916.18,499.47,334.82000000000005,137.92999999999995,1,1,1.0
56,4,727.07,502.87,177.13,318.92999999999995,1,1,1.0
56,5,562.28,270.99,138.32000000000005,369.11,1,1,1.0
56,6,286.13,508.0,155.26999999999998,249.0,1,1,1.0
56,7,653.9,267.6,350.4,184.39999999999998,1,1,1.0
56,8,1568.52,652.19,360.5799999999999,180.20999999999992,1,1,1.0
56,9,1047.66,334.43,267.53999999999996,192.67000000000002,1,1,1.0
57,1,362.8,268.73,247.86999999999995,187.37,1,1,1.0
57,2,612.99,269.4,195.51,276.20000000000005,1,1,1.0
57,3,916.35,496.4,324.7499999999999,141.60000000000002,1,1,1.0
57,4,739.34,505.32,163.65999999999997,289.47999999999996,1,1,1.0
57,5,560.23,353.04,142.97000000000003,282.46,1,1,1.0
57,6,256.6,517.12,189.89999999999998,256.08000000000004,1,1,1.0
57,7,680.88,263.51,312.82000000000005,171.09000000000003,1,1,1.0
57,8,1577.35,652.19,342.85000000000014,173.6099999999999,1,1,1.0
57,9,1030.96,315.06,262.03999999999996,159.94,1,1,1.0
58,1,366.2,278.57,239.32999999999998,176.63,1,1,1.0
58,2,592.43,274.46,210.57000000000005,271.14000000000004,1,1,1.0
58,3,947.46,503.05,390.8399999999999,137.24999999999994,1,1,1.0
58,4,737.29,502.87,163.31000000000006,285.83000000000004,1,1,1.0
58,5,556.14,305.51,144.96000000000004,323.28999999999996,1,1,1.0
58,6,302.36,525.3,141.14,240.20000000000005,1,1,1.0
58,7,592.93,266.09,413.57000000000005,182.81,1,1,1.0
58,8,1572.2,646.3,347.29999999999995,178.5,1,1,1.0
58,9,1013.18,335.78,308.91999999999996,148.42000000000002,1,1,1.0
59,1,380.3,280.89,231.91000000000003,169.41000000000003,1,1,1.0
59,2,580.32,272.14,224.88,275.76,1,1,1.0
59,3,1329.8,447.25,482.18000000000006,189.85000000000002,1,1,1.0
59,4,729.15,483.54,159.35000000000002,347.96,1,1,1.0
59,5,552.57,303.98,146.02999999999997,329.41999999999996,1,1,1.0
59,6,300.31,522.75,142.08999999999997,244.25,1,1,1.0
59,7,577.25,265.07,430.80999999999995,187.41000000000003,1,1,1.0
59,8,1556.38,639.08,352.31999999999994,185.7199999999999,1,1,1.0
59,9,999.08,355.49,332.41999999999996,136.81,1,1,1.0
60,1,363.7,282.44,251.92000000000002,174.06,1,1,1.0
60,2,609.97,265.4,180.82999999999993,284.5,1,1,1.0
60,3,1479.9,416.3,472.39999999999986,175.3,1,1,1.0
60,4,726.7,487.22,183.19999999999993,334.67999999999995,1,1,1.0
60,5,556.1,346.85,143.0,285.04999999999995,1,1,1.0
60,6,301.84,503.26,145.16000000000003,261.74,1,1,1.0
60,7,593.96,277.5,405.93999999999994,172.89999999999998,1,1,1.0
60,8,1549.02,647.05,366.28,177.05000000000007,1,1,1.0
60,9,1000.36,352.08,328.64,139.82,1,1,1.0
61,1,372.7,259.69,241.99000000000007,194.61,1,1,1.0
61,2,615.42,265.29,179.08000000000004,286.10999999999996,1,1,1.0
61,3,1571.6,384.6,453.0,183.39999999999998,1,1,1.0
61,4,727.07,496.89,209.92999999999995,360.01,1,1,1.0
61,5,555.08,357.79,145.51999999999998,295.31,1,1,1.0
61,6,302.36,499.17,144.14,275.53000000000003,1,1,1.0
61,7,602.99,274.94,405.11,176.56,1,1,1.0
61,8,1575.5,641.9,333.9000000000001,198.80000000000007,1,1,1.0
61,9,982.74,358.76,350.05999999999995,138.64,1,1,1.0
62,1,379.5,273.73,236.96000000000004,177.66999999999996,1,1,1.0
62,2,613.77,312.67,183.23000000000002,227.53000000000003,1,1,1.0
62,3,1575.26,385.83,423.44000000000005,186.46999999999997,1,1,1.0
62,4,744.92,503.85,199.2800000000001,345.15,1,1,1.0
62,5,523.36,327.99,176.74,334.51,1,1,1.0
62,6,302.87,499.02,139.02999999999997,274.68000000000006,1,1,1.0
62,7,581.46,266.2,412.8399999999999,184.7,1,1,1.0
62,8,1573.29,640.43,333.9100000000001,198.07000000000005,1,1,1.0
62,9,1007.25,351.52,323.45000000000005,160.68000000000006,1,1,1.0
63,1,368.4,280.1,246.36,169.59999999999997,1,1,1.0
63,2,612.75,314.2,181.14999999999998,227.50000000000006,1,1,1.0
63,3,1570.35,387.67,456.95000000000005,174.82999999999998,1,1,1.0
63,4,743.69,500.17,205.30999999999995,337.33,1,1,1.0
63,5,514.5,354.29,186.60000000000002,304.10999999999996,1,1,1.0
63,6,303.38,494.89,141.62,274.11,1,1,1.0
63,7,595.78,272.85,390.12,177.25,1,1,1.0
63,8,1555.88,635.41,350.6199999999999,184.69000000000005,1,1,1.0
63,9,1010.09,345.87,298.5099999999999,161.73000000000002,1,1,1.0
64,1,378.6,281.81,242.54999999999995,168.29000000000002,1,1,1.0
64,2,609.9,269.63,188.60000000000002,278.77,1,1,1.0
64,3,1567.28,382.15,437.72,175.35000000000002,1,1,1.0
64,4,736.95,496.49,209.94999999999993,316.61,1,1,1.0
64,5,502.82,379.73,194.28000000000003,282.77,1,1,1.0
64,6,301.33,499.78,146.77000000000004,270.82000000000005,1,1,1.0
64,7,602.77,279.26,390.23,171.44,1,1,1.0
64,8,1487.23,642.65,429.3699999999999,173.05000000000007,1,1,1.0
64,9,1001.53,342.89,304.8700000000001,168.11,1,1,1.0
65,1,379.9,279.68,239.97000000000003,165.01999999999998,1,1,1.0
65,2,622.1,274.6,178.5,239.0,1,1,1.0
65,3,1572.19,383.38,463.01,176.62,1,1,1.0
65,4,709.89,499.51,242.40999999999997,286.49,1,1,1.0
65,5,395.22,448.69,252.57999999999993,142.31,1,1,1.0
65,6,304.4,497.96,134.5,271.14000000000004,1,1,1.0
65,7,595.42,280.79,397.08000000000004,170.40999999999997,1,1,1.0
65,8,1526.95,640.44,388.14999999999986,177.45999999999992,1,1,1.0
65,9,981.53,340.33,315.27,162.57,1,1,1.0
66,1,372.2,280.32,244.46999999999997,167.18,1,1,1.0
66,2,623.17,278.12,178.93000000000006,256.98,1,1,1.0
66,3,1573.42,382.76,446.0799999999999,184.03999999999996,1,1,1.0
66,4,691.33,510.7,282.9699999999999,270.8,1,1,1.0
66,5,390.11,450.23,229.49,131.26999999999998,1,1,1.0
66,6,303.38,498.98,128.82,272.12,1,1,1.0
66,7,595.94,282.32,391.9599999999999,170.38,1,1,1.0
66,8,1566.79,644.13,341.4100000000001,175.97000000000003,1,1,1.0
66,9,980.26,340.33,323.3399999999999,154.47000000000003,1,1,1.0
67,1,382.9,278.4,239.10000000000002,168.90000000000003,1,1,1.0
67,2,630.66,281.19,170.44000000000005,254.91000000000003,1,1,1.0
67,3,1570.96,383.38,438.6399999999999,180.32000000000005,1,1,1.0
67,4,690.11,515.61,283.89,264.09000000000003,1,1,1.0
67,5,392.15,448.18,236.85000000000002,131.32,1,1,1.0
67,6,303.38,478.32,132.92000000000002,287.18,1,1,1.0
67,7,614.85,282.83,373.54999999999995,168.37,1,1,1.0
67,8,1571.57,632.96,338.83000000000015,188.64,1,1,1.0
67,9,958.74,335.64,351.8599999999999,151.76,1,1,1.0
68,1,377.3,278.4,244.7,170.10000000000002,1,1,1.0
68,2,624.56,266.38,172.44000000000005,282.02,1,1,1.0
68,3,1575.22,346.93,393.3799999999999,179.96999999999997,1,1,1.0
68,4,682.29,519.21,292.31000000000006,258.68999999999994,1,1,1.0
68,5,398.29,447.16,238.31,132.83999999999997,1,1,1.0
68,6,303.89,495.52,132.41000000000003,264.38,1,1,1.0
68,7,618.31,282.83,368.59000000000003,170.37,1,1,1.0
68,8,1508.19,645.33,412.51,179.26999999999998,1,1,1.0
68,9,946.71,328.24,323.0899999999999,147.36,1,1,1.0
69,1,374.8,277.97,244.21999999999997,170.13,1,1,1.0
69,2,608.47,259.87,188.63,282.03,1,1,1.0
69,3,1564.34,343.61,387.6600000000001,185.18999999999994,1,1,1.0
69,4,689.04,515.53,273.46000000000004,265.37,1,1,1.0
69,5,383.93,447.16,246.46999999999997,133.33999999999997,1,1,1.0
69,6,302.87,494.97,137.02999999999997,269.03,1,1,1.0
69,7,608.83,280.28,380.56999999999994,170.92000000000002,1,1,1.0
69,8,1508.19,643.86,414.80999999999995,177.74,1,1,1.0
69,9,945.01,333.37,304.0899999999999,147.52999999999997,1,1,1.0
70,1,382.03,280.5,260.07000000000005,169.75,1,1,1.0
70,2,609.49,255.78,183.30999999999995,264.62,1,1,1.0
70,3,1579.49,352.94,420.4100000000001,192.35999999999996,1,1,1.0
70,4,709.19,498.57,236.40999999999997,297.43,1,1,1.0
70,5,373.26,443.58,240.34000000000003,134.82,1,1,1.0
70,6,306.45,509.51,135.45,237.78999999999996,1,1,1.0
70,7,603.72,277.21,386.28,171.89000000000004,1,1,1.0
70,8,1544.59,607.32,371.71000000000004,219.4799999999999,1,1,1.0
70,9,888.84,333.1,331.15999999999997,169.51999999999998,1,1,1.0
71,1,372.2,273.71,261.34,176.49,1,1,1.0
71,2,606.42,251.34,185.88,263.4599999999999,1,1,1.0
71,3,1584.81,357.24,393.09000000000015,216.76,1,1,1.0
71,4,718.21,494.77,226.78999999999996,311.83000000000004,1,1,1.0
71,5,374.79,443.07,239.31,135.82999999999998,1,1,1.0
71,6,305.93,503.21,137.07,244.58999999999997,1,1,1.0
71,7,614.97,280.28,365.23,182.62,1,1,1.0
71,8,1519.09,653.29,399.4100000000001,173.01,1,1,1.0
71,9,860.0,335.12,270.1300000000001,201.38,1,1,1.0
72,1,374.8,273.03,250.64000000000004,178.07000000000005,1,1,1.0
72,2,604.96,249.81,183.74,268.59,1,1,1.0
72,3,1589.72,346.97,353.78,263.53,1,1,1.0
72,4,718.82,495.99,233.67999999999995,333.51,1,1,1.0
72,5,375.3,444.09,241.40000000000003,137.41000000000003,1,1,1.0
72,6,299.29,525.55,146.70999999999998,224.75,1,1,1.0
72,7,611.39,275.17,373.40999999999997,176.52999999999997,1,1,1.0
72,8,1553.55,633.68,357.6500000000001,222.62,1,1,1.0
72,9,794.5,340.71,300.04999999999995,205.79000000000002,1,1,1.0
73,1,382.0,267.08,235.61,186.12,1,1,1.0
73,2,604.44,249.81,174.65999999999997,303.98999999999995,1,1,1.0
73,3,1603.28,329.73,354.52,246.97000000000003,1,1,1.0
73,4,727.21,503.77,211.99,329.23,1,1,1.0
73,5,374.28,441.54,234.72000000000003,139.45999999999998,1,1,1.0
73,6,304.4,526.57,138.0,218.63,1,1,1.0
73,7,602.19,280.28,386.2099999999999,169.82000000000005,1,1,1.0
73,8,1516.53,642.39,409.47,175.21000000000004,1,1,1.0
73,9,600.4,481.29,313.01,160.00999999999993,1,1,1.0
74,1,370.1,267.08,250.90999999999997,183.62,1,1,1.0
74,2,606.49,251.86,184.30999999999995,290.14,1,1,1.0
74,3,1600.83,334.02,348.97,257.88,1,1,1.0
74,4,721.69,506.22,222.01,317.48,1,1,1.0
74,5,368.66,434.59,208.23999999999995,133.20999999999998,1,1,1.0
74,6,304.4,528.1,137.5,220.69999999999993,1,1,1.0
74,7,602.96,268.95,381.8399999999999,183.25,1,1,1.0
74,8,1499.85,642.39,427.6500000000001,178.11,1,1,1.0
74,9,557.1,301.73,177.5,299.77,1,1,1.0
75,1,379.0,265.38,195.35000000000002,180.62,1,1,1.0
75,2,609.05,252.37,178.75,294.83000000000004,1,1,1.0
75,3,1608.19,330.95,348.90999999999985,261.55,1,1,1.0
75,4,726.59,505.61,226.11,318.09000000000003,1,1,1.0
75,5,377.9,435.1,195.89999999999998,136.29999999999995,1,1,1.0
75,6,303.38,522.99,140.62,228.90999999999997,1,1,1.0
75,7,592.35,265.95,389.94999999999993,184.75,1,1,1.0
75,8,1532.1,631.61,388.0,185.99,1,1,1.0
75,9,550.27,266.43,192.33000000000004,347.67,1,1,1.0
76,1,367.1,251.3,208.10000000000002,199.8,1,1,1.0
76,2,609.05,252.37,183.35000000000002,290.73,1,1,1.0
76,3,1622.9,341.79,312.89999999999986,254.31,1,1,1.0
76,4,719.43,500.21,229.07000000000005,303.29,1,1,1.0
76,5,380.46,438.17,195.94,136.22999999999996,1,1,1.0
76,6,296.06,529.12,149.44,218.67999999999995,1,1,1.0
76,7,591.33,258.16,395.56999999999994,192.53999999999996,1,1,1.0
76,8,1452.42,634.43,465.48,179.57000000000005,1,1,1.0
76,9,548.74,271.03,185.65999999999997,340.07000000000005,1,1,1.0
77,1,374.4,245.37,201.89,202.32999999999998,1,1,1.0
77,2,619.27,264.12,173.13,273.28,1,1,1.0
77,3,1725.07,383.97,287.83000000000015,199.73000000000002,1,1,1.0
77,4,697.37,501.64,258.92999999999995,282.56000000000006,1,1,1.0
77,5,366.98,433.57,209.91999999999996,138.82999999999998,1,1,1.0
77,6,294.5,537.9,157.2,199.70000000000005,1,1,1.0
77,7,594.18,264.19,391.22,183.41000000000003,1,1,1.0
77,8,1502.81,635.17,406.69000000000005,184.73000000000002,1,1,1.0
77,9,549.25,273.07,168.85000000000002,313.03000000000003,1,1,1.0
78,1,383.3,253.41,194.71999999999997,196.39000000000001,1,1,1.0
78,2,609.05,286.27,180.25,250.63,1,1,1.0
78,3,1747.06,352.42,237.24,326.68,1,1,1.0
78,4,695.53,506.55,269.87,273.74999999999994,1,1,1.0
78,5,359.9,435.1,212.39999999999998,134.19999999999993,1,1,1.0
78,6,295.55,539.92,154.05,192.58000000000004,1,1,1.0
78,7,599.63,260.17,384.66999999999996,194.02999999999997,1,1,1.0
78,8,950.44,366.94,319.3599999999999,179.66000000000003,1,1,1.0
78,9,547.71,306.72,171.89,279.88,1,1,1.0
79,1,382.0,266.6,235.47000000000003,174.7,1,1,1.0
79,2,608.02,271.71,183.27999999999997,274.89000000000004,1,1,1.0
79,3,1799.8,335.37,193.5,393.53,1,1,1.0
79,4,686.47,509.21,273.53,269.99000000000007,1,1,1.0
79,5,367.86,440.21,200.84000000000003,130.58999999999997,1,1,1.0
79,6,296.06,541.46,155.14,195.64,1,1,1.0
79,7,654.41,275.78,329.59000000000003,167.42000000000002,1,1,1.0
79,8,932.9,296.22,162.5200000000001,288.88,1,1,1.0
79,9,547.71,327.75,181.58999999999992,255.64999999999998,1,1,1.0
80,1,391.9,272.14,257.70000000000005,177.66000000000003,1,1,1.0
80,2,588.7,271.2,204.69999999999993,280.00000000000006,1,1,1.0
80,3,1801.6,328.5,194.70000000000005,379.4,1,1,1.0
80,4,682.83,514.53,289.56999999999994,266.37,1,1,1.0
80,5,361.21,437.66,204.49000000000007,134.23999999999995,1,1,1.0
80,6,295.03,542.99,155.17000000000002,189.01,1,1,1.0
80,7,641.7,273.7,342.79999999999995,171.5,1,1,1.0
80,8,883.2,284.12,191.19000000000005,370.17999999999995,1,1,1.0
80,9,548.22,334.43,186.17999999999995,240.57,1,1,1.0
81,1,399.1,271.29,230.65999999999997,178.01,1,1,1.0
81,2,590.7,270.2,202.69999999999993,280.00000000000006,1,1,1.0
81,3,1767.84,327.89,229.06000000000017,364.11,1,1,1.0
81,4,691.25,509.82,268.75,275.68,1,1,1.0
81,5,364.28,439.19,200.42000000000007,131.10999999999996,1,1,1.0
81,6,289.92,545.04,165.38,178.76,1,1,1.0
81,7,616.7,271.8,357.9,180.89999999999998,1,1,1.0
81,8,879.0,290.26,187.41000000000008,377.74,1,1,1.0
81,9,548.22,337.5,187.77999999999997,253.20000000000005,1,1,1.0
82,1,392.3,271.72,236.59999999999997,184.47999999999996,1,1,1.0
82,2,589.7,268.6,203.69999999999993,282.1,1,1,1.0
82,3,1781.13,330.95,211.4699999999998,361.65000000000003,1,1,1.0
82,4,684.71,505.57,261.18999999999994,273.53000000000003,1,1,1.0
82,5,364.79,440.21,200.41000000000003,129.58999999999997,1,1,1.0
82,6,282.85,550.19,175.95,168.40999999999997,1,1,1.0
82,7,597.7,269.2,382.5,185.0,1,1,1.0
82,8,865.4,289.03,195.11,376.07000000000005,1,1,1.0
82,9,546.69,342.1,190.80999999999995,236.39999999999998,1,1,1.0
83,1,387.2,271.72,238.71999999999997,169.97999999999996,1,1,1.0
83,2,521.1,271.7,271.79999999999995,278.00000000000006,1,1,1.0
83,3,1783.22,328.5,208.77999999999997,368.79999999999995,1,1,1.0
83,4,689.17,508.23,272.43000000000006,283.56999999999994,1,1,1.0
83,5,318.04,441.75,252.25999999999993,126.54999999999995,1,1,1.0
83,6,233.94,548.22,220.26,186.07999999999993,1,1,1.0
83,7,648.5,268.69,333.73,185.0,1,1,1.0
83,8,922.48,284.12,139.22000000000003,328.88,1,1,1.0
83,9,550.78,352.84,187.22000000000003,218.45999999999998,1,1,1.0
84,1,390.2,270.86,229.76000000000005,162.03999999999996,1,1,1.0
84,2,532.18,274.27,259.12,268.33000000000004,1,1,1.0
84,3,1798.0,322.2,195.20000000000005,420.90000000000003,1,1,1.0
84,4,698.78,507.94,253.12,287.46,1,1,1.0
84,5,280.04,440.72,290.25999999999993,126.07999999999993,1,1,1.0
84,6,283.75,550.27,156.55,178.52999999999997,1,1,1.0
84,7,667.5,269.2,320.0,174.7,1,1,1.0
84,8,934.37,275.41,153.83000000000004,343.09,1,1,1.0
84,9,545.16,352.0,186.24,222.89999999999998,1,1,1.0
85,1,381.9,271.29,231.67000000000007,166.31,1,1,1.0
85,2,564.54,251.41,222.76,280.2900000000001,1,1,1.0
85,3,1801.7,322.2,189.70000000000005,420.90000000000003,1,1,1.0
85,4,708.13,495.24,225.66999999999996,301.36,1,1,1.0
85,5,340.15,441.24,233.05000000000007,131.65999999999997,1,1,1.0
85,6,272.07,546.69,169.73000000000002,166.80999999999995,1,1,1.0
85,7,596.96,269.71,378.24,187.49,1,1,1.0
85,8,941.78,290.53,187.51999999999998,318.07000000000005,1,1,1.0
85,9,547.71,337.64,186.68999999999994,237.76,1,1,1.0
86,1,387.0,272.14,229.54999999999995,168.06,1,1,1.0
86,2,564.03,251.41,225.26999999999998,274.69000000000005,1,1,1.0
86,3,1774.2,362.04,199.49,413.96,1,1,1.0
86,4,713.03,496.47,239.17000000000007,310.3299999999999,1,1,1.0
86,5,327.96,447.37,221.83999999999997,129.02999999999997,1,1,1.0
86,6,277.69,544.65,163.61,171.35000000000002,1,1,1.0
86,7,581.25,268.18,395.85,182.21999999999997,1,1,1.0
86,8,968.91,368.56,266.7900000000001,264.94,1,1,1.0
86,9,546.69,368.47,178.51,217.13,1,1,1.0
87,1,377.6,272.14,250.88,170.96000000000004,1,1,1.0
87,2,563.52,251.92,227.77999999999997,281.2800000000001,1,1,1.0
87,3,1742.6,384.03,231.71000000000004,384.37,1,1,1.0
87,4,708.13,497.08,238.66999999999996,299.42,1,1,1.0
87,5,329.49,445.33,224.30999999999995,130.57,1,1,1.0
87,6,270.53,545.16,170.77000000000004,170.34000000000003,1,1,1.0
87,7,654.45,269.56,322.65,190.54000000000002,1,1,1.0
87,8,988.45,354.61,255.64999999999986,288.18999999999994,1,1,1.0
87,9,548.22,371.35,189.27999999999997,208.14999999999998,1,1,1.0
88,1,379.7,270.86,236.84999999999997,170.14,1,1,1.0
88,2,564.03,241.99,226.76999999999998,292.90999999999997,1,1,1.0
88,3,1745.0,404.29,239.25,382.31,1,1,1.0
88,4,703.83,496.47,243.06999999999994,296.73,1,1,1.0
88,5,331.02,447.78,224.27999999999997,129.62,1,1,1.0
88,6,283.99,541.07,156.81,168.82999999999993,1,1,1.0
88,7,667.08,267.54,302.7199999999999,213.26,1,1,1.0
88,8,1008.09,351.6,230.20999999999992,307.5,1,1,1.0
88,9,548.22,373.58,189.77999999999997,211.02000000000004,1,1,1.0
89,1,402.79,319.71,222.31,177.99,1,1,1.0
89,2,575.88,240.97,207.32000000000005,295.92999999999995,1,1,1.0
89,3,1766.8,403.1,213.79999999999995,402.19999999999993,1,1,1.0
89,4,703.95,502.44,250.64999999999998,292.56,1,1,1.0
89,5,320.49,456.47,222.01,122.42999999999995,1,1,1.0
89,6,287.57,546.18,155.23000000000002,162.72000000000003,1,1,1.0
89,7,710.81,281.66,285.59000000000003,216.33999999999997,1,1,1.0
89,8,1001.95,354.05,236.64999999999986,300.15000000000003,1,1,1.0
89,9,552.82,373.78,182.07999999999993,208.22000000000003,1,1,1.0
90,1,394.8,372.62,214.99999999999994,274.98,1,1,1.0
90,2,553.76,275.48,237.53999999999996,264.02,1,1,1.0
90,3,1777.1,408.59,201.6300000000001,368.11000000000007,1,1,1.0
90,4,701.25,497.41,245.25,291.38999999999993,1,1,1.0
90,5,308.18,452.97,199.51999999999998,141.32999999999993,1,1,1.0
90,6,285.01,546.18,155.29000000000002,168.32000000000005,1,1,1.0
90,7,747.81,291.49,270.99,204.51,1,1,1.0
90,8,998.52,340.91,202.68000000000006,346.09,1,1,1.0
90,9,554.87,362.53,165.73000000000002,235.87,1,1,1.0
91,1,403.22,387.72,231.27999999999997,289.67999999999995,1,1,1.0
91,2,422.16,274.51,305.94,133.79000000000002,1,1,1.0
91,3,1746.4,415.2,237.79999999999995,364.59999999999997,1,1,1.0
91,4,701.29,505.85,255.51,292.04999999999995,1,1,1.0
91,5,297.41,424.62,169.28999999999996,159.08000000000004,1,1,1.0
91,6,283.48,545.16,155.82,169.34000000000003,1,1,1.0
91,7,654.75,280.7,357.15,198.40000000000003,1,1,1.0
91,8,981.97,353.2,218.62999999999988,317.7,1,1,1.0
91,9,514.39,375.36,229.51,194.43999999999994,1,1,1.0
92,1,402.55,438.61,238.95,238.99,1,1,1.0
92,2,391.83,291.31,213.87000000000006,125.58999999999997,1,1,1.0
92,3,1738.1,456.71,238.95000000000005,319.39000000000004,1,1,1.0
92,4,709.68,498.08,235.32000000000005,308.62000000000006,1,1,1.0
92,5,240.1,423.83,187.07000000000002,147.07,1,1,1.0
92,6,267.32,539.85,158.38,123.64999999999998,1,1,1.0
92,7,657.16,272.66,340.24,195.64,1,1,1.0
92,8,972.62,360.08,224.88,282.21999999999997,1,1,1.0
92,9,508.72,383.33,234.17999999999995,187.57,1,1,1.0
93,1,434.58,411.3,209.92000000000002,263.7,1,1,1.0
93,2,384.67,293.87,169.32999999999998,125.52999999999997,1,1,1.0
93,3,1696.2,505.8,312.15999999999985,265.90000000000003,1,1,1.0
93,4,713.89,490.55,221.51,318.84999999999997,1,1,1.0
93,5,169.35,430.48,260.95000000000005,121.01999999999998,1,1,1.0
93,6,266.6,548.51,153.94,141.49,1,1,1.0
93,7,666.19,282.2,316.2099999999999,198.7,1,1,1.0
93,8,922.3,378.39,225.02999999999997,358.81000000000006,1,1,1.0
93,9,550.08,365.75,194.31999999999994,209.75,1,1,1.0
94,1,447.19,407.9,199.60999999999996,265.9,1,1,1.0
94,2,388.76,289.27,148.34000000000003,130.13,1,1,0.0
94,3,1672.7,600.2,329.89999999999986,193.19999999999993,1,1,1.0
94,4,713.28,496.69,232.32000000000005,328.41,1,1,1.0
94,5,148.69,432.01,280.11,123.49000000000001,1,1,1.0
94,6,262.6,543.4,153.33999999999997,154.39999999999998,1,1,1.0
94,7,698.59,285.27,282.2099999999999,185.83000000000004,1,1,1.0
94,8,894.7,396.21,207.08999999999992,378.39000000000004,1,1,1.0
94,9,553.29,328.75,187.01,240.54999999999995,1,1,1.0
95,1,446.76,406.65,201.74,267.05000000000007,1,1,1.0
95,2,378.54,293.58,154.53000000000003,130.44,1,1,0.0
95,3,1689.7,573.65,358.4999999999998,206.14999999999998,1,1,1.0
95,4,721.67,495.09,225.73000000000002,333.71,1,1,1.0
95,5,159.94,437.1,268.36,118.43999999999994,1,1,1.0
95,6,266.6,540.84,151.89,178.76,1,1,1.0
95,7,693.54,291.3,296.26,172.3,1,1,1.0
95,8,896.5,388.8,199.3599999999999,350.7,1,1,1.0
95,9,553.29,321.08,186.51,254.42000000000002,1,1,1.0
96,1,447.62,406.23,228.77999999999997,265.37,1,1,1.0
96,2,384.67,297.67,158.32999999999998,130.44,1,1,0.0
96,3,1696.45,574.88,348.64999999999986,198.91999999999996,1,1,1.0
96,4,724.73,490.8,212.66999999999996,325.59999999999997,1,1,1.0
96,5,214.2,425.88,212.23000000000002,171.12,1,1,1.0
96,6,264.6,538.8,160.02999999999997,164.10000000000002,1,1,1.0
96,7,670.14,289.26,326.36,167.74,1,1,1.0
96,8,901.4,391.44,200.39,349.85999999999996,1,1,1.0
96,9,536.23,343.8,197.97000000000003,234.2,1,1,1.0
97,1,478.31,467.49,242.19,208.11,1,1,1.0
97,2,381.3,351.4,98.80000000000001,88.63,1,1,0.0
97,3,1695.83,574.27,343.8700000000001,202.02999999999997,1,1,1.0
97,4,718.6,495.09,243.69999999999993,313.51000000000005,1,1,1.0
97,5,233.3,432.01,176.82999999999998,188.19000000000005,1,1,1.0
97,6,243.6,549.02,179.50000000000003,141.38,1,1,1.0
97,7,636.25,278.57,355.85,174.03000000000003,1,1,1.0
97,8,905.1,390.21,195.4699999999999,342.89000000000004,1,1,1.0
97,9,446.95,294.74,245.95,237.76,1,1,1.0
98,1,442.95,477.6,285.2,201.0,1,1,1.0
98,2,375.63,354.0,92.76999999999998,79.39999999999998,1,1,0.0
98,3,1692.63,573.04,350.16999999999985,196.46000000000004,1,1,1.0
98,4,711.71,498.69,225.39,300.91,1,1,1.0
98,5,230.2,441.77,139.23000000000002,182.43000000000006,1,1,1.0
98,6,230.3,554.13,153.46999999999997,148.66999999999996,1,1,1.0
98,7,613.9,273.46,377.1,177.04000000000002,1,1,1.0
98,8,907.6,390.98,203.16999999999996,329.31999999999994,1,1,1.0
98,9,439.78,296.27,248.51999999999998,219.33000000000004,1,1,1.0
99,1,559.6,382.79,226.69999999999993,305.81,1,1,1.0
99,2,381.3,354.0,79.59999999999997,74.69999999999999,1,1,0.0
99,3,1688.95,573.04,353.8499999999999,199.56000000000006,1,1,1.0
99,4,709.87,499.31,249.63,285.79,1,1,1.0
99,5,231.8,453.52,134.57,167.68000000000006,1,1,1.0
99,6,231.9,555.59,149.82000000000002,143.70999999999992,1,1,1.0
99,7,624.18,273.46,359.72,182.74,1,1,1.0
99,8,907.6,393.43,203.16999999999996,323.17,1,1,1.0
99,9,451.95,300.36,206.25000000000006,205.24,1,1,1.0
100,1,604.6,270.2,176.0,384.00000000000006,1,1,1.0
100,2,387.9,354.0,73.0,74.69999999999999,1,1,0.0
100,3,1629.5,569.97,420.5,199.32999999999993,1,1,1.0
100,4,698.39,510.41,260.51,274.69,1,1,1.0
100,5,231.7,448.41,135.18,174.29000000000002,1,1,1.0
100,6,236.5,553.54,142.67000000000002,153.86,1,1,1.0
100,7,634.08,274.99,341.7199999999999,194.11,1,1,1.0
100,8,893.3,386.69,217.47000000000003,291.60999999999996,1,1,1.0
100,9,462.26,300.36,182.64,253.84000000000003,1,1,1.0
101,1,630.3,258.36,148.72000000000003,406.14,1,1,1.0
101,2,374.6,354.0,86.29999999999995,74.69999999999999,1,1,0.0
101,3,1584.99,569.97,478.8100000000002,193.32999999999993,1,1,1.0
101,4,699.01,507.35,260.49,274.04999999999995,1,1,1.0
101,5,230.7,445.34,137.2,174.26000000000005,1,1,1.0
101,6,237.5,554.06,142.18,159.44000000000005,1,1,1.0
101,7,674.3,280.1,323.6,177.2,1,1,1.0
101,8,879.8,391.25,244.23000000000002,280.25,1,1,1.0
101,9,425.2,343.02,212.13000000000005,179.18000000000006,1,1,1.0
102,1,630.03,240.03,148.47000000000003,420.0,1,1,1.0
102,2,375.63,354.0,79.17000000000002,76.19999999999999,1,1,0.0
102,3,1674.49,555.58,392.4100000000001,189.7199999999999,1,1,1.0
102,4,700.24,505.34,259.26,276.66,1,1,1.0
102,5,231.8,450.46,140.7,170.24000000000007,1,1,1.0
102,6,234.4,553.03,144.24999999999997,167.97000000000003,1,1,1.0
102,7,657.16,255.64,339.44000000000005,209.66000000000003,1,1,1.0
102,8,881.1,393.21,252.80000000000007,278.29,1,1,1.0
102,9,412.1,395.3,223.01999999999998,222.2,1,1,1.0
103,1,609.92,243.51,176.98000000000002,367.19000000000005,1,1,1.0
103,2,382.79,354.0,64.00999999999999,74.69999999999999,1,1,0.0
103,3,1694.1,550.1,367.9000000000001,197.69999999999993,1,1,1.0
103,4,699.01,503.5,262.89,275.9,1,1,1.0
103,5,230.7,446.88,137.71000000000004,169.22000000000003,1,1,1.0
103,6,229.3,554.57,152.93,150.2299999999999,1,1,1.0
103,7,656.13,256.16,325.87,225.44,1,1,1.0
103,8,925.6,399.19,231.63,293.41,1,1,1.0
103,9,354.6,432.28,238.42999999999995,244.22000000000003,1,1,1.0
104,1,604.19,259.67,169.70999999999992,337.22999999999996,1,1,1.0
104,2,381.3,337.1,75.09999999999997,91.59999999999997,1,1,0.0
104,3,1702.19,553.21,352.6100000000001,196.99,1,1,1.0
104,4,694.1,507.79,266.6,274.10999999999996,1,1,1.0
104,5,228.7,443.3,141.24,173.8,1,1,1.0
104,6,233.2,553.55,144.51,183.95000000000005,1,1,1.0
104,7,660.22,257.18,323.78,226.42000000000002,1,1,1.0
104,8,923.5,396.74,223.29999999999995,329.46000000000004,1,1,1.0
104,9,316.6,437.31,245.22000000000003,265.69,1,1,1.0
105,1,600.61,243.03,167.68999999999994,354.87,1,1,1.0
105,2,375.63,354.0,77.97000000000003,75.69999999999999,1,1,0.0
105,3,1705.87,551.98,347.73,213.01999999999998,1,1,1.0
105,4,697.17,505.34,263.5300000000001,276.56,1,1,1.0
105,5,227.7,444.83,139.69,175.87000000000006,1,1,1.0
105,6,232.1,552.01,145.60999999999999,182.28999999999996,1,1,1.0
105,7,658.18,271.48,335.0200000000001,208.01999999999998,1,1,1.0
105,8,924.1,391.01,213.34000000000003,327.99,1,1,1.0
105,9,323.2,449.38,237.71999999999997,267.52,1,1,1.0
106,1,592.69,239.46,162.1099999999999,346.93999999999994,1,1,1.0
106,2,378.2,354.0,72.90000000000003,87.5,1,1,0.0
106,3,1705.87,560.71,344.6300000000001,199.39,1,1,1.0
106,4,694.1,507.79,272.1,270.41,1,1,1.0
106,5,229.7,443.3,136.15000000000003,171.7,1,1,1.0
106,6,229.1,554.06,146.06000000000003,192.24,1,1,1.0
106,7,672.8,258.9,320.4000000000001,218.5,1,1,1.0
106,8,926.0,397.95,221.91000000000008,316.75000000000006,1,1,1.0
106,9,311.5,449.38,245.33000000000004,269.41999999999996,1,1,1.0
107,1,592.69,263.37,165.6099999999999,319.92999999999995,1,1,1.0
107,2,379.7,352.98,64.86000000000001,83.01999999999998,1,1,0.0
107,3,1704.64,561.33,352.5599999999997,195.76999999999998,1,1,1.0
107,4,694.71,505.95,268.39,275.25000000000006,1,1,1.0
107,5,229.7,444.83,136.15000000000003,172.77000000000004,1,1,1.0
107,6,229.1,555.59,143.50000000000003,182.20999999999992,1,1,1.0
107,7,656.97,258.9,335.03,217.40000000000003,1,1,1.0
107,8,918.2,392.0,218.3599999999999,337.79999999999995,1,1,1.0
107,9,349.3,450.4,203.95,272.0,1,1,1.0
108,1,586.04,272.18,167.66000000000008,308.11999999999995,1,1,1.0
108,2,385.3,351.96,60.789999999999964,85.04000000000002,1,1,0.0
108,3,1704.64,561.33,356.76,196.37,1,1,1.0
108,4,694.71,504.73,267.18999999999994,275.27,1,1,1.0
108,5,229.7,446.88,136.15000000000003,163.01999999999998,1,1,1.0
108,6,227.5,555.59,145.61,181.70999999999992,1,1,1.0
108,7,627.38,248.04,352.41999999999996,228.76000000000002,1,1,1.0
108,8,919.4,393.23,214.09000000000003,332.27,1,1,1.0
108,9,356.4,452.45,201.45000000000005,316.95,1,1,1.0
109,1,582.92,276.27,173.88,306.03,1,1,1.0
109,2,376.14,351.44,65.86000000000001,84.56,1,1,0.0
109,3,1688.09,565.62,377.6099999999999,195.08000000000004,1,1,1.0
109,4,683.81,514.71,288.59000000000003,262.28999999999996,1,1,1.0
109,5,230.7,442.79,135.15000000000003,163.60999999999996,1,1,1.0
109,6,226.5,554.06,146.10000000000002,184.24,1,1,1.0
109,7,634.37,268.0,332.03,209.39999999999998,1,1,1.0
109,8,920.0,393.84,212.8800000000001,323.06,1,1,1.0
109,9,341.1,515.38,211.60000000000002,266.82000000000005,1,1,1.0
110,1,548.22,273.2,214.67999999999995,312.7,1,1,1.0
110,2,377.2,352.98,62.24000000000001,83.0,1,1,0.0
110,3,1678.44,574.95,385.3600000000001,194.64999999999998,1,1,1.0
110,4,685.65,516.55,289.85,261.6500000000001,1,1,1.0
110,5,229.7,454.04,135.13,153.35999999999996,1,1,1.0
110,6,229.1,554.57,141.46,192.92999999999995,1,1,1.0
110,7,637.43,268.16,333.2700000000001,211.64,1,1,1.0
110,8,921.86,392.61,212.2399999999999,328.99,1,1,1.0
110,9,264.6,632.49,236.47999999999996,164.21000000000004,1,1,1.0
111,1,523.77,273.71,238.13,310.09,1,1,1.0
111,2,384.32,355.02,53.079999999999984,81.48000000000002,1,1,0.0
111,3,1698.4,595.65,360.7999999999997,190.85000000000002,1,1,1.0
111,4,681.97,516.55,284.92999999999995,261.05000000000007,1,1,1.0
111,5,228.2,446.37,137.14,161.52999999999997,1,1,1.0
111,6,225.6,554.33,144.56000000000003,153.37,1,1,1.0
111,7,654.8,270.2,324.5,200.10000000000002,1,1,1.0
111,8,926.1,390.77,204.93999999999994,325.43000000000006,1,1,1.0
111,9,249.5,685.65,195.20999999999998,138.75,1,1,1.0
112,1,508.07,273.71,240.32999999999998,263.39000000000004,1,1,1.0
112,2,375.12,348.38,58.18000000000001,87.62,1,1,0.0
112,3,1705.91,577.24,349.5899999999999,201.15999999999997,1,1,1.0
112,4,683.2,517.16,283.69999999999993,259.14,1,1,1.0
112,5,225.6,445.86,140.25000000000003,159.93999999999994,1,1,1.0
112,6,231.7,551.26,143.06,148.74,1,1,1.0
112,7,697.4,286.51,338.2900000000001,232.49,1,1,1.0
112,8,921.2,393.84,212.28999999999996,323.66,1,1,1.0
112,9,259.1,680.02,199.20999999999998,139.77999999999997,1,1,1.0
113,1,400.72,276.94,313.67999999999995,204.36,1,1,1.0
113,2,381.25,355.53,50.25,79.47000000000003,1,1,0.0
113,3,1705.91,576.63,352.6899999999998,204.26999999999998,1,1,1.0
113,4,688.72,512.25,270.0799999999999,265.95000000000005,1,1,1.0
113,5,222.9,451.48,140.4,189.72000000000003,1,1,1.0
113,6,232.2,553.82,145.12,147.77999999999997,1,1,1.0
113,7,547.3,424.54,283.80000000000007,244.56,1,1,1.0
113,8,925.5,388.81,204.3800000000001,315.98999999999995,1,1,1.0
113,9,252.1,679.51,205.19000000000003,140.78999999999996,1,1,1.0
114,1,400.21,290.43,305.19,208.57,1,1,1.0
114,2,377.67,358.6,53.829999999999984,78.39999999999998,1,1,0.0
114,3,1704.07,582.76,355.1299999999999,196.84000000000003,1,1,1.0
114,4,697.31,509.8,253.3900000000001,278.7,1,1,1.0
114,5,222.3,449.43,141.51,194.27000000000004,1,1,1.0
114,6,229.7,553.31,147.11,148.79000000000008,1,1,1.0
114,7,502.2,552.92,215.88000000000005,238.2800000000001,1,1,1.0
114,8,924.9,392.0,208.59000000000003,329.79999999999995,1,1,1.0
114,9,246.3,680.02,207.92000000000002,140.27999999999997,1,1,1.0
115,1,387.91,295.26,316.98999999999995,203.74,1,1,1.0
115,2,374.61,356.04,54.389999999999986,79.95999999999998,1,1,0.0
115,3,1705.29,574.91,358.21000000000004,207.19000000000005,1,1,1.0
115,4,704.37,507.75,246.33000000000004,279.45000000000005,1,1,1.0
115,5,224.2,450.46,139.22000000000003,174.83999999999997,1,1,1.0
115,6,232.2,551.77,144.61,150.83000000000004,1,1,1.0
115,7,507.9,530.45,206.09000000000003,299.94999999999993,1,1,1.0
115,8,923.7,392.61,211.62999999999988,323.68999999999994,1,1,1.0
115,9,245.3,681.56,207.39,142.84000000000003,1,1,1.0
116,1,416.1,297.81,289.79999999999995,204.19,1,1,1.0
116,2,385.34,370.87,43.660000000000025,66.63,1,1,0.0
116,3,1704.68,510.95,358.81999999999994,267.45,1,1,1.0
116,4,700.69,510.21,251.70999999999992,280.09,1,1,1.0
116,5,219.6,452.5,146.79999999999998,157.20000000000005,1,1,1.0
116,6,229.1,555.86,147.70000000000002,165.24,1,1,1.0
116,7,469.3,514.8,206.67000000000002,332.5,1,1,1.0
116,8,921.2,389.55,204.93000000000006,330.34999999999997,1,1,1.0
116,9,227.5,681.55,235.06,139.85000000000002,1,1,1.0
117,1,426.63,288.75,278.77,213.25,1,1,1.0
117,2,375.63,361.67,50.76999999999998,75.82999999999998,1,1,0.0
117,3,1704.68,512.79,355.1200000000001,251.11,1,1,1.0
117,4,703.75,507.75,242.04999999999995,287.45000000000005,1,1,1.0
117,5,221.38,443.81,147.51999999999998,160.79000000000002,1,1,1.0
117,6,230.1,554.33,146.71,176.87,1,1,1.0
117,7,451.2,547.26,211.41000000000003,313.94000000000005,1,1,1.0
117,8,924.9,388.93,201.23000000000013,329.77000000000004,1,1,1.0
117,9,222.2,687.18,241.90000000000003,137.32000000000005,1,1,1.0
118,1,430.03,292.83,276.87,209.17000000000002,1,1,1.0
118,2,376.14,367.29,49.75999999999999,68.70999999999998,1,1,0.0
118,3,1704.68,561.31,360.01999999999975,200.19000000000005,1,1,1.0
118,4,710.5,507.14,234.10000000000002,287.96000000000004,1,1,1.0
118,5,218.56,453.52,144.94,147.48000000000002,1,1,1.0
118,6,225.0,553.31,153.3,156.8900000000001,1,1,1.0
118,7,422.4,558.93,240.21000000000004,292.7700000000001,1,1,1.0
118,8,923.1,390.77,206.70999999999992,306.83000000000004,1,1,1.0
118,9,239.7,685.65,217.2,139.85000000000002,1,1,1.0
119,1,398.45,296.6,311.05,203.89999999999998,1,1,1.0
119,2,378.7,367.29,45.19999999999999,69.20999999999998,1,1,0.0
119,3,1705.29,562.21,354.5100000000002,199.49,1,1,1.0
119,4,708.05,507.75,237.6500000000001,285.54999999999995,1,1,1.0
119,5,220.68,449.43,142.62,155.17000000000002,1,1,1.0
119,6,222.8,552.8,152.99,160.20000000000005,1,1,1.0
119,7,413.2,596.52,257.63000000000005,248.88,1,1,1.0
119,8,896.3,392.0,239.02999999999997,281.70000000000005,1,1,1.0
119,9,235.6,684.62,216.70000000000002,149.48000000000002,1,1,1.0
120,1,395.38,294.56,310.52,210.44,1,1,1.0
120,2,374.1,359.11,47.69999999999999,75.28999999999996,1,1,0.0
120,3,1704.68,559.14,352.1200000000001,201.96000000000004,1,1,1.0
120,4,708.05,506.53,241.45000000000005,283.77,1,1,1.0
120,5,222.89,445.34,143.01,173.86000000000007,1,1,1.0
120,6,217.1,563.96,144.23,153.64,1,1,1.0
120,7,375.4,639.58,300.6700000000001,215.51999999999998,1,1,1.0
120,8,884.3,406.3,271.59000000000015,267.99999999999994,1,1,1.0
120,9,239.2,682.58,199.07,149.51999999999998,1,1,1.0
