1,1,1119.6,363.74,314.9000000000001,220.76,1,1,1.0
1,2,389.69,505.6,129.10999999999996,295.89,1,1,1.0
1,3,898.19,516.3,192.76999999999998,332.01,1,1,1.0
1,4,727.59,419.2,181.30999999999995,340.40000000000003,1,1,1.0
1,5,543.7,742.2,269.56999999999994,196.38,1,1,1.0
1,6,553.6,312.6,160.5,194.39999999999998,1,1,1.0
1,7,1634.88,525.48,152.98999999999978,125.46000000000004,1,1,0.0
1,8,1525.48,595.86,243.72000000000003,190.14,1,1,1.0
1,9,477.6,476.52,170.42999999999995,284.58000000000004,1,1,1.0
1,10,918.84,227.13,188.94999999999993,336.6,1,1,1.0
2,1,1145.4,320.7,189.79999999999995,302.59999999999997,1,1,1.0
2,2,389.69,504.6,126.22999999999996,308.79999999999995,1,1,1.0
2,3,898.19,513.6,189.6099999999999,340.6,1,1,1.0
2,4,736.6,424.0,172.29999999999995,314.4,1,1,1.0
2,5,584.8,692.1,226.10000000000002,256.6,1,1,1.0
2,6,549.8,313.7,145.80000000000007,163.2,1,1,0.0
2,7,1634.88,525.48,152.31999999999994,125.46000000000004,1,1,0.0
2,8,1518.0,580.8,251.20000000000005,219.70000000000005,1,1,1.0
2,9,469.5,446.5,176.29999999999995,305.0,1,1,1.0
2,10,918.84,245.0,188.94999999999993,318.73,1,1,1.0
3,1,1258.02,377.0,356.18000000000006,144.79999999999995,1,1,1.0
3,2,379.1,514.9,136.29999999999995,286.5,1,1,1.0
3,3,898.19,534.3,189.6099999999999,319.9000000000001,1,1,1.0
3,4,724.4,424.0,184.5,314.4,1,1,1.0
3,5,494.0,744.5,276.79999999999995,180.29999999999995,1,1,1.0
3,6,547.0,322.3,142.79999999999995,124.82,1,1,0.0
3,7,1622.5,525.48,164.79999999999995,125.46000000000004,1,1,0.0
3,8,1522.4,537.0,230.0,280.79999999999995,1,1,1.0
3,9,482.9,466.4,164.60000000000002,300.6,1,1,1.0
3,10,906.4,203.8,189.39999999999998,341.3,1,1,1.0
4,1,1372.77,405.16,347.1300000000001,151.83999999999997,1,1,1.0
4,2,370.7,514.8,145.90000000000003,283.5,1,1,1.0
4,3,898.19,527.9,189.6099999999999,314.6,1,1,1.0
4,4,724.4,424.0,184.5,298.5,1,1,1.0
4,5,439.28,791.4,267.72,131.27999999999997,1,1,1.0
4,6,541.8,346.2,140.60000000000002,106.30000000000001,1,1,0.0
4,7,1622.5,525.48,165.3699999999999,125.46000000000004,1,1,0.0
4,8,1478.6,562.2,254.80000000000018,253.79999999999995,1,1,1.0
4,9,464.3,440.9,183.2,326.1,1,1,1.0
4,10,906.4,188.3,179.10000000000002,356.8,1,1,1.0
5,1,1379.7,412.7,357.20000000000005,155.90000000000003,1,1,1.0
5,2,370.7,514.8,145.50000000000006,283.5,1,1,1.0
5,3,898.19,523.1,189.6099999999999,301.29999999999995,1,1,1.0
5,4,727.1,424.0,181.79999999999995,298.5,1,1,1.0
5,5,414.84,779.18,267.71999999999997,131.2800000000001,1,1,1.0
5,6,543.1,326.8,134.0,125.69999999999999,1,1,0.0
5,7,1631.4,525.48,155.5999999999999,125.46000000000004,1,1,0.0
5,8,1454.7,524.6,214.5,277.69999999999993,1,1,1.0
5,9,464.3,451.0,183.2,316.0,1,1,1.0
5,10,906.4,187.9,177.39999999999998,357.20000000000005,1,1,1.0
6,1,1379.7,415.3,357.5999999999999,153.3,1,1,1.0
6,2,370.7,506.8,147.7,262.3,1,1,1.0
6,3,874.8,523.1,213.0,311.9,1,1,1.0
6,4,727.1,424.0,181.79999999999995,298.5,1,1,1.0
6,5,374.47,779.71,289.53,118.49000000000001,1,1,1.0
6,6,539.3,321.1,93.80000000000007,147.89999999999998,1,1,0.0
6,7,1631.4,525.48,156.4699999999998,125.46000000000004,1,1,0.0
6,8,1454.7,496.7,199.89999999999986,311.40000000000003,1,1,1.0
6,9,482.9,472.8,166.30000000000007,293.3,1,1,1.0
6,10,906.4,207.3,178.80000000000007,337.8,1,1,1.0
7,1,1382.4,413.6,361.29999999999995,153.29999999999995,1,1,1.0
7,2,370.7,502.8,154.50000000000006,264.09999999999997,1,1,1.0
7,3,874.8,531.6,213.0,313.0,1,1,1.0
7,4,727.1,424.0,181.79999999999995,298.5,1,1,1.0
7,5,342.06,783.96,302.23999999999995,124.83999999999992,1,1,1.0
7,6,537.6,351.2,92.91999999999996,112.93,1,1,0.0
7,7,1631.4,525.48,156.4699999999998,125.46000000000004,1,1,0.0
7,8,1465.8,489.2,170.70000000000005,317.59999999999997,1,1,1.0
7,9,465.9,441.5,181.60000000000002,325.5,1,1,1.0
7,10,906.4,234.7,180.10000000000002,288.2,1,1,1.0
8,1,1378.89,413.6,316.6099999999999,155.39999999999998,1,1,1.0
8,2,381.3,481.1,137.40000000000003,285.79999999999995,1,1,1.0
8,3,880.1,531.6,207.69999999999993,313.0,1,1,1.0
8,4,727.1,424.0,181.79999999999995,298.5,1,1,1.0
8,5,332.5,776.5,304.9,138.29999999999995,1,1,1.0
8,6,432.2,354.0,183.8,117.19999999999999,1,1,0.0
8,7,1627.8,525.48,160.06999999999994,125.46000000000004,1,1,0.0
8,8,1465.8,498.1,174.60000000000014,308.69999999999993,1,1,1.0
8,9,484.0,467.0,163.5,300.0,1,1,1.0
8,10,934.3,240.5,167.29999999999995,298.0,1,1,1.0
9,1,1377.6,413.29,316.20000000000005,154.41000000000003,1,1,1.0
9,2,358.7,488.2,159.3,284.7,1,1,1.0
9,3,882.8,531.6,207.60000000000014,316.69999999999993,1,1,1.0
9,4,732.4,424.0,176.5,298.5,1,1,1.0
9,5,299.56,777.5,319.73999999999995,142.46000000000004,1,1,1.0
9,6,389.0,350.3,225.39999999999998,142.39999999999998,1,1,0.0
9,7,1626.3,525.48,161.56999999999994,125.46000000000004,1,1,0.0
9,8,1460.9,495.4,204.29999999999995,313.20000000000005,1,1,1.0
9,9,475.0,457.4,172.5,309.6,1,1,1.0
9,10,862.1,248.5,239.4999999999999,258.6,1,1,1.0
10,1,1369.1,416.3,344.4000000000001,146.99999999999994,1,1,1.0
10,2,364.0,488.1,155.5,289.9,1,1,1.0
10,3,879.6,531.6,220.10000000000002,316.69999999999993,1,1,1.0
10,4,732.4,424.0,176.5,293.20000000000005,1,1,1.0
10,5,283.8,769.4,334.40000000000003,138.87,1,1,1.0
10,6,372.2,360.9,242.2,127.80000000000001,1,1,0.0
10,7,1631.4,514.0,156.4699999999998,124.5,1,1,0.0
10,8,1456.5,500.3,222.4000000000001,293.2,1,1,1.0
10,9,474.5,444.1,173.0,322.9,1,1,1.0
10,10,855.9,246.3,245.69999999999993,241.3,1,1,1.0
11,1,1367.5,416.3,317.29999999999995,153.40000000000003,1,1,1.0
11,2,396.0,523.6,162.60000000000002,282.69999999999993,1,1,1.0
11,3,883.8,496.0,222.10000000000014,360.79999999999995,1,1,1.0
11,4,759.49,447.37,154.21000000000004,293.20000000000005,1,1,1.0
11,5,288.5,766.4,327.79999999999995,133.30000000000007,1,1,1.0
11,6,397.4,356.1,216.5,141.89999999999998,1,1,0.0
11,7,1683.2,512.7,104.66999999999985,125.79999999999995,1,1,0.0
11,8,1456.5,510.9,222.4000000000001,282.6,1,1,1.0
11,9,488.3,473.8,162.2,295.8,1,1,1.0
11,10,841.7,241.4,262.0999999999999,231.1,1,1,1.0
12,1,1376.6,404.0,308.20000000000005,155.60000000000002,1,1,1.0
12,2,422.02,524.93,141.27999999999997,266.2700000000001,1,1,1.0
12,3,844.0,509.3,256.0999999999999,334.2,1,1,1.0
12,4,813.68,635.97,256.72000000000014,256.03,1,1,1.0
12,5,300.6,771.19,313.90999999999997,129.1099999999999,1,1,1.0
12,6,322.2,358.2,290.59999999999997,138.5,1,1,0.0
12,7,1694.3,501.6,93.56999999999994,129.79999999999995,1,1,0.0
12,8,1456.5,529.1,231.70000000000005,266.19999999999993,1,1,1.0
12,9,469.7,441.4,179.90000000000003,330.4,1,1,1.0
12,10,839.0,244.5,264.79999999999995,229.8,1,1,1.0
13,1,1426.5,391.2,290.20000000000005,161.50000000000006,1,1,1.0
13,2,426.89,599.3,220.51,222.4000000000001,1,1,1.0
13,3,765.91,466.27,330.9900000000001,182.83000000000004,1,1,1.0
13,4,839.71,737.43,281.69000000000005,201.87,1,1,1.0
13,5,302.7,764.6,311.81,134.0,1,1,1.0
13,6,323.9,360.3,286.70000000000005,140.59999999999997,1,1,0.0
13,7,1694.3,515.3,93.56999999999994,118.5,1,1,0.0
13,8,1478.6,509.2,208.30000000000018,306.00000000000006,1,1,1.0
13,9,493.6,468.5,156.0,303.29999999999995,1,1,1.0
13,10,831.5,249.8,282.5,222.3,1,1,1.0
14,1,1435.5,411.0,279.04999999999995,172.0,1,1,1.0
14,2,448.14,655.97,203.76,190.23000000000002,1,1,1.0
14,3,714.38,477.4,301.22,143.0,1,1,1.0
14,4,827.0,763.5,294.4000000000001,180.60000000000002,1,1,1.0
14,5,310.1,766.1,300.69999999999993,132.29999999999995,1,1,1.0
14,6,359.4,360.3,251.20000000000005,140.09999999999997,1,1,0.0
14,7,1691.0,516.8,96.86999999999989,114.60000000000002,1,1,0.0
14,8,1478.6,529.1,208.30000000000018,286.1,1,1,1.0
14,9,464.4,449.9,194.80000000000007,315.80000000000007,1,1,1.0
14,10,855.8,249.8,268.4000000000001,231.59999999999997,1,1,1.0
15,1,1479.06,378.6,211.03999999999996,241.05999999999995,1,1,1.0
15,2,483.56,675.45,238.23999999999995,171.04999999999995,1,1,1.0
15,3,684.63,481.9,312.87,222.44000000000005,1,1,1.0
15,4,824.3,775.2,296.0,164.69999999999993,1,1,1.0
15,5,313.8,768.5,302.09999999999997,139.20000000000005,1,1,1.0
15,6,313.9,367.34,294.70000000000005,135.06,1,1,0.0
15,7,1692.8,512.0,95.06999999999994,119.39999999999998,1,1,0.0
15,8,1483.9,581.3,213.5999999999999,239.70000000000005,1,1,1.0
15,9,473.4,470.1,203.80000000000007,276.79999999999995,1,1,1.0
15,10,830.6,234.7,309.4999999999999,239.60000000000002,1,1,1.0
16,1,1267.63,338.8,343.8699999999999,174.09999999999997,1,1,1.0
16,2,505.69,682.09,228.10999999999996,201.11,1,1,1.0
16,3,673.5,470.0,238.5,274.20000000000005,1,1,1.0
16,4,824.3,775.2,269.60000000000014,169.5,1,1,1.0
16,5,315.29,770.02,288.60999999999996,130.77999999999997,1,1,1.0
16,6,320.3,368.3,288.3,137.39999999999998,1,1,0.0
16,7,1691.9,514.1,95.9699999999998,120.60000000000002,1,1,0.0
16,8,1483.6,564.43,232.47000000000003,286.70000000000005,1,1,1.0
16,9,451.6,481.8,224.0,255.49999999999994,1,1,1.0
16,10,802.3,234.7,332.5,217.0,1,1,1.0
17,1,1255.4,330.6,361.29999999999995,182.29999999999995,1,1,1.0
17,2,552.3,714.3,186.10000000000002,228.5,1,1,1.0
17,3,622.0,476.9,287.29999999999995,232.80000000000007,1,1,1.0
17,4,824.3,775.2,272.70000000000005,164.69999999999993,1,1,1.0
17,5,316.5,768.1,296.4,132.69999999999993,1,1,1.0
17,6,320.6,364.6,287.5,143.59999999999997,1,1,0.0
17,7,1708.0,530.8,79.86999999999989,118.70000000000005,1,1,0.0
17,8,1536.7,478.56,143.0999999999999,325.54,1,1,1.0
17,9,496.8,458.4,153.3,294.30000000000007,1,1,1.0
17,10,802.3,243.1,317.0,208.6,1,1,1.0
18,1,1292.1,348.4,325.8000000000002,164.5,1,1,1.0
18,2,486.2,705.6,262.8,241.79999999999995,1,1,1.0
18,3,606.1,476.3,308.79999999999995,238.7,1,1,1.0
18,4,827.7,773.1,267.70000000000005,166.79999999999995,1,1,1.0
18,5,321.7,725.8,268.90000000000003,164.30000000000007,1,1,1.0
18,6,325.8,364.6,279.59999999999997,147.09999999999997,1,1,0.0
18,7,1708.0,530.8,79.86999999999989,118.70000000000005,1,1,0.0
18,8,1545.0,404.18,153.4000000000001,336.32,1,1,1.0
18,9,494.1,454.7,152.19999999999993,309.2,1,1,1.0
18,10,803.6,256.8,286.9,208.59999999999997,1,1,1.0
19,1,1245.9,363.3,354.0999999999999,163.90000000000003,1,1,1.0
19,2,414.92,793.3,328.58,151.44000000000005,1,1,1.0
19,3,610.1,516.2,335.29999999999995,169.5999999999999,1,1,1.0
19,4,825.4,770.9,267.80000000000007,169.0,1,1,1.0
19,5,331.3,725.57,246.8,149.92999999999995,1,1,1.0
19,6,326.0,366.2,281.5,143.8,1,1,0.0
19,7,1703.1,559.1,82.70000000000005,90.39999999999998,1,1,0.0
19,8,1564.9,416.6,136.5999999999999,317.29999999999995,1,1,1.0
19,9,501.5,454.7,144.79999999999995,309.2,1,1,1.0
19,10,815.6,261.2,283.80000000000007,212.2,1,1,1.0
20,1,1139.8,333.0,361.79999999999995,178.5,1,1,1.0
20,2,400.8,839.3,293.99999999999994,100.60000000000002,1,1,1.0
20,3,558.2,534.3,359.5999999999999,140.34000000000003,1,1,1.0
20,4,824.3,772.0,272.10000000000014,167.89999999999998,1,1,1.0
20,5,341.39,615.6,183.21000000000004,228.89999999999998,1,1,1.0
20,6,331.3,364.49,276.94,150.21000000000004,1,1,0.0
20,7,1696.9,556.4,89.19999999999982,93.10000000000002,1,1,0.0
20,8,1532.1,424.1,178.30000000000018,297.4,1,1,1.0
20,9,495.7,438.8,138.90000000000003,330.40000000000003,1,1,1.0
20,10,813.8,241.3,301.10000000000014,224.59999999999997,1,1,1.0
21,1,1036.59,363.1,350.8100000000002,177.38,1,1,1.0
21,2,348.3,828.68,318.59999999999997,110.82000000000005,1,1,1.0
21,3,558.2,534.3,377.69999999999993,140.34000000000003,1,1,1.0
21,4,814.74,776.78,284.3599999999999,158.32000000000005,1,1,1.0
21,5,342.46,575.23,184.33999999999997,240.06999999999994,1,1,1.0
21,6,330.1,365.1,277.64,145.89999999999998,1,1,0.0
21,7,1692.9,550.2,92.89999999999986,99.29999999999995,1,1,0.0
21,8,1533.5,440.0,192.4000000000001,268.70000000000005,1,1,1.0
21,9,507.4,400.5,127.20000000000005,368.70000000000005,1,1,1.0
21,10,820.0,246.9,280.70000000000005,237.6,1,1,1.0
22,1,902.72,386.7,360.8799999999999,194.16000000000003,1,1,1.0
22,2,314.47,788.39,313.42999999999995,142.71000000000004,1,1,1.0
22,3,631.8,527.9,291.30000000000007,142.0,1,1,1.0
22,4,828.0,795.9,274.29999999999995,174.30000000000007,1,1,1.0
22,5,307.4,535.38,209.80000000000007,251.22000000000003,1,1,1.0
22,6,323.1,365.49,283.65,147.71000000000004,1,1,0.0
22,7,1687.6,584.3,98.80000000000018,98.0,1,1,0.0
22,8,1530.1,404.2,195.80000000000018,304.50000000000006,1,1,1.0
22,9,540.87,389.9,160.02999999999997,330.43000000000006,1,1,1.0
22,10,824.9,259.9,275.80000000000007,235.70000000000005,1,1,1.0
23,1,850.12,423.9,368.2800000000001,182.46000000000004,1,1,1.0
23,2,308.5,764.04,299.9,154.26,1,1,1.0
23,3,654.3,527.9,268.80000000000007,142.0,1,1,1.0
23,4,810.5,763.5,284.5999999999999,189.20000000000005,1,1,1.0
23,5,315.4,527.4,213.80000000000007,238.5,1,1,1.0
23,6,325.3,363.0,281.2,152.29999999999995,1,1,0.0
23,7,1717.7,613.1,68.70000000000005,38.69999999999993,1,1,0.0
23,8,1533.5,410.0,195.5,304.5,1,1,1.0
23,9,540.87,377.2,160.63,335.7,1,1,1.0
23,10,828.4,259.9,272.30000000000007,246.8,1,1,1.0
24,1,790.09,390.6,277.5099999999999,221.60000000000002,1,1,1.0
24,2,299.42,741.46,312.97999999999996,178.64,1,1,1.0
24,3,646.3,527.9,242.80000000000007,148.89999999999998,1,1,1.0
24,4,816.3,743.3,278.60000000000014,204.80000000000007,1,1,1.0
24,5,328.15,502.1,209.45000000000005,258.1,1,1,1.0
24,6,333.9,365.1,268.9,148.10000000000002,1,1,0.0
24,7,1781.0,613.1,6.869999999999891,38.69999999999993,1,1,0.0
24,8,1490.13,418.82,241.56999999999994,268.68,1,1,1.0
24,9,540.87,363.4,161.52999999999997,325.6,1,1,1.0
24,10,822.6,263.9,278.1,239.3,1,1,1.0
25,1,751.84,279.4,176.45999999999992,287.1,1,1,1.0
25,2,326.4,720.7,284.70000000000005,194.0999999999999,1,1,1.0
25,3,620.8,553.4,212.0,198.31000000000006,1,1,1.0
25,4,823.2,743.3,271.70000000000005,208.80000000000007,1,1,1.0
25,5,331.9,475.8,198.80000000000007,282.99999999999994,1,1,1.0
25,6,332.7,369.58,271.00000000000006,150.2,1,1,0.0
25,7,1780.62,607.6,7.0900000000001455,38.789999999999964,1,1,0.0
25,8,1426.37,282.06,236.23000000000002,298.34,1,1,1.0
25,9,537.7,356.5,164.19999999999993,328.79999999999995,1,1,1.0
25,10,819.1,226.7,281.6,271.2,1,1,1.0
26,1,758.2,270.4,146.69999999999993,291.9,1,1,1.0
26,2,318.9,722.9,297.4,193.20000000000005,1,1,1.0
26,3,613.9,555.5,225.80000000000007,253.60000000000002,1,1,1.0
26,4,833.8,743.3,261.10000000000014,211.4000000000001,1,1,1.0
26,5,330.2,509.1,202.3,246.19999999999993,1,1,1.0
26,6,324.9,365.1,277.9,150.19999999999993,1,1,0.0
26,7,1780.24,602.09,7.2999999999999545,38.889999999999986,1,1,0.0
26,8,1434.8,276.3,223.79999999999995,304.99999999999994,1,1,1.0
26,9,537.7,380.9,163.39999999999998,304.4,1,1,1.0
26,10,847.0,240.0,253.70000000000005,274.29999999999995,1,1,1.0
27,1,768.3,264.6,135.30000000000007,299.29999999999995,1,1,1.0
27,2,313.14,693.68,268.76,210.0200000000001,1,1,1.0
27,3,580.2,631.5,178.69999999999993,261.20000000000005,1,1,1.0
27,4,833.8,743.3,261.10000000000014,212.5,1,1,1.0
27,5,324.9,512.0,199.80000000000007,241.70000000000005,1,1,1.0
27,6,363.7,368.8,238.00000000000006,146.49999999999994,1,1,0.0
27,7,1779.86,596.59,7.520000000000209,38.99000000000001,1,1,0.0
27,8,1434.8,272.8,198.10000000000014,324.40000000000003,1,1,1.0
27,9,533.5,355.1,168.0,330.69999999999993,1,1,1.0
27,10,860.3,248.9,235.5,268.5,1,1,1.0
28,1,771.5,255.6,133.39999999999998,309.6,1,1,1.0
28,2,298.98,638.34,245.72000000000003,241.05999999999995,1,1,1.0
28,3,596.4,631.5,183.20000000000005,277.5,1,1,1.0
28,4,833.8,743.3,261.10000000000014,212.5,1,1,1.0
28,5,319.6,512.0,210.89999999999998,236.39999999999998,1,1,1.0
28,6,311.6,377.8,290.1,137.49999999999994,1,1,0.0
28,7,1779.48,591.08,7.740000000000009,39.08999999999992,1,1,0.0
28,8,1439.2,308.2,184.39999999999986,293.00000000000006,1,1,1.0
28,9,527.7,386.4,213.5999999999999,299.4,1,1,1.0
28,10,866.1,244.0,229.69999999999993,288.9,1,1,1.0
29,1,770.8,254.5,138.30000000000007,312.6,1,1,1.0
29,2,305.18,604.7,233.32,242.79999999999995,1,1,1.0
29,3,608.1,631.5,176.79999999999995,264.20000000000005,1,1,1.0
29,4,828.0,739.6,266.9000000000001,213.0,1,1,1.0
29,5,324.4,512.0,212.20000000000005,231.60000000000002,1,1,1.0
29,6,311.6,375.7,294.29999999999995,139.59999999999997,1,1,0.0
29,7,1779.09,585.58,7.960000000000036,39.17999999999995,1,1,0.0
29,8,1409.2,288.7,225.0,309.8,1,1,1.0
29,9,526.6,395.4,210.0,287.20000000000005,1,1,1.0
29,10,880.1,253.3,215.69999999999993,288.90000000000003,1,1,1.0
30,1,766.9,256.22,133.20000000000005,309.98,1,1,1.0
30,2,299.42,566.62,228.87999999999994,264.48,1,1,1.0
30,3,612.9,635.7,172.0,253.5999999999999,1,1,1.0
30,4,828.0,739.6,266.9000000000001,213.0,1,1,1.0
30,5,320.2,512.0,220.40000000000003,233.70000000000005,1,1,1.0
30,6,370.0,373.6,235.39999999999998,141.69999999999993,1,1,0.0
30,7,1778.71,580.08,8.180000000000064,39.26999999999998,1,1,0.0
30,8,1408.3,347.5,232.5,246.10000000000002,1,1,1.0
30,9,529.8,417.1,211.5,252.69999999999993,1,1,1.0
30,10,869.6,256.4,226.19999999999993,276.5,1,1,1.0
31,1,769.1,260.9,169.19999999999993,307.30000000000007,1,1,1.0
31,2,300.31,576.81,224.48999999999995,252.99,1,1,1.0
31,3,612.9,630.9,172.0,278.6,1,1,1.0
31,4,883.78,625.9,187.72000000000003,320.32000000000005,1,1,1.0
31,5,322.3,522.6,226.49999999999994,218.29999999999995,1,1,1.0
31,6,321.7,373.6,283.7,141.69999999999993,1,1,0.0
31,7,1778.33,574.57,8.3900000000001,39.370000000000005,1,1,0.0
31,8,1411.3,350.2,240.10000000000014,237.2,1,1,1.0
31,9,538.8,430.4,221.60000000000002,243.70000000000005,1,1,1.0
31,10,845.7,256.4,250.0999999999999,248.10000000000002,1,1,1.0
32,1,768.6,247.6,130.89999999999998,320.6,1,1,1.0
32,2,331.4,565.1,170.8,239.5,1,1,1.0
32,3,618.1,639.4,170.69999999999993,270.1,1,1,1.0
32,4,915.1,603.59,162.7800000000001,307.01,1,1,1.0
32,5,326.58,513.38,235.12000000000006,220.32000000000005,1,1,1.0
32,6,339.2,370.9,266.2,144.39999999999998,1,1,0.0
32,7,1777.95,569.07,8.6099999999999,39.45999999999992,1,1,0.0
32,8,1395.76,351.49,279.5,218.60000000000002,1,1,1.0
32,9,518.6,430.4,261.69999999999993,197.5,1,1,1.0
32,10,851.0,243.2,238.20000000000005,265.3,1,1,1.0
33,1,772.5,247.6,138.20000000000005,311.6,1,1,1.0
33,2,307.4,546.7,202.3,253.89999999999998,1,1,1.0
33,3,621.9,649.5,165.20000000000005,260.0,1,1,1.0
33,4,909.3,620.1,168.56999999999994,294.19999999999993,1,1,1.0
33,5,344.62,497.1,215.17999999999995,219.39999999999998,1,1,1.0
33,6,339.2,370.9,266.2,133.8,1,1,0.0
33,7,1777.57,563.56,8.820000000000164,39.57000000000005,1,1,0.0
33,8,1379.0,409.5,307.79999999999995,146.0,1,1,1.0
33,9,535.07,443.68,314.53,173.02000000000004,1,1,1.0
33,10,859.4,245.4,229.80000000000007,273.70000000000005,1,1,1.0
34,1,769.5,268.8,132.60000000000002,291.3,1,1,1.0
34,2,333.08,537.85,171.32,298.15,1,1,1.0
34,3,626.7,650.6,158.19999999999993,258.9,1,1,1.0
34,4,909.3,620.1,168.56999999999994,294.19999999999993,1,1,1.0
34,5,385.0,485.94,212.98000000000002,237.95999999999998,1,1,1.0
34,6,339.2,376.7,269.09999999999997,117.90000000000003,1,1,0.0
34,7,1777.19,558.06,9.039999999999964,39.66000000000008,1,1,0.0
34,8,1379.4,422.3,308.6999999999998,139.40000000000003,1,1,1.0
34,9,547.82,458.56,272.5799999999999,173.02000000000004,1,1,1.0
34,10,849.7,248.1,239.5,267.9,1,1,1.0
35,1,725.49,271.26,177.01,296.64,1,1,1.0
35,2,338.39,543.6,162.01,298.15,1,1,1.0
35,3,626.7,654.8,158.19999999999993,257.9000000000001,1,1,1.0
35,4,909.3,624.4,167.0,292.1,1,1,1.0
35,5,354.7,490.0,242.59999999999997,222.89999999999998,1,1,1.0
35,6,339.2,370.9,269.40000000000003,135.8,1,1,0.0
35,7,1776.81,552.56,9.25,39.75,1,1,0.0
35,8,1355.94,409.5,259.15999999999985,204.44000000000005,1,1,1.0
35,9,569.07,471.84,265.13,166.06,1,1,1.0
35,10,838.6,248.1,250.60000000000002,251.50000000000003,1,1,1.0
36,1,699.2,273.1,208.5999999999999,293.4,1,1,1.0
36,2,365.0,570.6,150.5,271.15,1,1,1.0
36,3,625.6,646.3,159.29999999999995,266.9000000000001,1,1,1.0
36,4,911.8,625.5,167.9000000000001,288.79999999999995,1,1,1.0
36,5,352.22,489.27,249.77999999999997,212.23000000000002,1,1,1.0
36,6,339.2,370.9,269.40000000000003,130.40000000000003,1,1,0.0
36,7,1776.43,547.05,9.470000000000027,39.85000000000002,1,1,0.0
36,8,1376.3,398.4,225.5,266.5,1,1,1.0
36,9,598.82,487.78,291.17999999999995,159.82000000000005,1,1,1.0
36,10,844.8,248.1,244.4000000000001,261.70000000000005,1,1,1.0
37,1,766.7,254.0,138.5,312.5,1,1,1.0
37,2,367.2,570.6,149.7,271.15,1,1,1.0
37,3,553.4,625.6,231.5,261.0,1,1,1.0
37,4,913.5,625.5,167.0,288.79999999999995,1,1,1.0
37,5,347.42,488.55,252.78000000000003,204.45,1,1,1.0
37,6,343.1,371.2,264.6,131.90000000000003,1,1,0.0
37,7,1776.05,541.55,9.680000000000064,39.940000000000055,1,1,0.0
37,8,1361.2,392.6,242.79999999999995,281.6,1,1,1.0
37,9,640.25,492.03,261.45000000000005,164.57000000000005,1,1,1.0
37,10,833.3,244.6,255.9000000000001,240.9,1,1,1.0
38,1,772.5,233.8,204.10000000000002,319.62999999999994,1,1,1.0
38,2,333.6,582.6,184.60000000000002,257.79999999999995,1,1,1.0
38,3,573.1,583.6,189.89999999999998,280.19999999999993,1,1,1.0
38,4,912.2,625.5,165.79999999999995,288.79999999999995,1,1,1.0
38,5,351.48,487.83,251.31999999999994,203.27000000000004,1,1,1.0
38,6,359.2,369.71,249.09999999999997,136.09000000000003,1,1,0.0
38,7,1775.66,536.04,9.909999999999854,40.04000000000008,1,1,0.0
38,8,1385.1,387.7,205.20000000000005,329.40000000000003,1,1,1.0
38,9,640.25,492.03,270.45000000000005,168.67000000000007,1,1,1.0
38,10,829.8,244.6,259.4000000000001,234.70000000000002,1,1,1.0
39,1,776.27,207.8,307.6300000000001,219.19,1,1,1.0
39,2,335.4,560.5,168.90000000000003,271.5,1,1,1.0
39,3,464.73,707.4,256.97,188.81000000000006,1,1,1.0
39,4,915.1,625.5,162.4999999999999,287.20000000000005,1,1,1.0
39,5,359.62,467.49,244.58000000000004,224.01,1,1,1.0
39,6,385.5,367.2,222.60000000000002,131.10000000000002,1,1,0.0
39,7,1775.28,530.54,10.13000000000011,40.139999999999986,1,1,0.0
39,8,1392.2,387.7,198.0999999999999,316.59999999999997,1,1,1.0
39,9,645.0,494.2,263.0,164.40000000000003,1,1,1.0
39,10,837.8,259.2,273.10000000000014,240.0,1,1,1.0
40,1,919.7,232.24,327.79999999999995,113.45999999999998,1,1,1.0
40,2,325.66,491.0,179.53999999999996,283.4,1,1,1.0
40,3,421.69,732.4,268.10999999999996,173.89999999999998,1,1,1.0
40,4,915.1,618.6,164.19999999999993,294.1,1,1,1.0
40,5,372.87,471.0,230.52999999999997,229.39999999999998,1,1,1.0
40,6,359.8,368.99,249.2,132.90999999999997,1,1,0.0
40,7,1774.9,525.04,10.339999999999918,40.23000000000002,1,1,0.0
40,8,1387.1,412.0,224.9000000000001,254.20000000000005,1,1,1.0
40,9,643.4,498.5,248.70000000000005,184.0,1,1,1.0
40,10,975.92,343.3,315.58000000000004,153.69,1,1,1.0
41,1,1164.61,275.27,376.09000000000015,129.93,1,1,1.0
41,2,325.66,475.9,179.53999999999996,281.70000000000005,1,1,1.0
41,3,423.4,739.61,258.45000000000005,167.59000000000003,1,1,1.0
41,4,915.1,610.1,164.19999999999993,302.6,1,1,1.0
41,5,380.7,471.0,213.09999999999997,242.20000000000005,1,1,1.0
41,6,387.0,371.5,221.10000000000002,128.89999999999998,1,1,0.0
41,7,1774.52,519.53,10.559999999999945,40.33000000000004,1,1,0.0
41,8,1383.8,424.8,243.70000000000005,264.90000000000003,1,1,1.0
41,9,653.0,493.2,233.79999999999995,189.3,1,1,1.0
41,10,975.92,368.1,327.58000000000004,146.89999999999998,1,1,1.0
42,1,1175.2,267.6,324.0999999999999,137.59999999999997,1,1,1.0
42,2,323.4,475.9,156.60000000000002,281.70000000000005,1,1,1.0
42,3,437.0,744.96,229.88,159.64,1,1,1.0
42,4,915.1,631.3,166.39999999999998,281.4000000000001,1,1,1.0
42,5,380.7,485.3,227.40000000000003,235.7,1,1,1.0
42,6,368.5,371.5,239.60000000000002,131.0,1,1,0.0
42,7,1774.14,514.03,10.769999999999982,40.42000000000007,1,1,0.0
42,8,1385.0,422.6,237.20000000000005,267.1,1,1,1.0
42,9,653.0,493.2,241.20000000000005,171.8,1,1,1.0
42,10,976.8,362.8,315.60000000000014,166.49999999999994,1,1,1.0
43,1,1167.8,271.5,345.29999999999995,133.7,1,1,1.0
43,2,323.4,475.9,156.60000000000002,281.70000000000005,1,1,1.0
43,3,445.72,755.3,216.60000000000002,147.80000000000007,1,1,1.0
43,4,920.9,551.0,154.80000000000007,361.70000000000005,1,1,1.0
43,5,380.7,485.3,230.2,234.3,1,1,1.0
43,6,387.0,373.1,228.5,134.79999999999995,1,1,0.0
43,7,1773.76,508.52,10.990000000000009,40.51999999999998,1,1,0.0
43,8,1384.2,413.7,235.29999999999995,287.09999999999997,1,1,1.0
43,9,653.0,493.2,274.70000000000005,177.09999999999997,1,1,1.0
43,10,1029.92,319.86,274.8799999999999,211.64,1,1,1.0
44,1,1296.36,318.78,369.24,167.72000000000003,1,1,1.0
44,2,328.3,470.1,151.7,287.5,1,1,1.0
44,3,451.4,755.3,209.20000000000005,147.80000000000007,1,1,1.0
44,4,894.34,441.62,189.56000000000006,338.78,1,1,1.0
44,5,380.7,479.5,225.59999999999997,239.60000000000002,1,1,1.0
44,6,387.0,373.1,228.5,127.29999999999995,1,1,0.0
44,7,1773.38,503.02,11.199999999999818,40.610000000000014,1,1,0.0
44,8,1426.65,463.73,283.64999999999986,253.66999999999996,1,1,1.0
44,9,653.0,493.2,271.0,177.09999999999997,1,1,1.0
44,10,1123.33,295.07,167.26999999999998,321.83,1,1,1.0
45,1,1401.01,353.31,321.99,195.39000000000004,1,1,1.0
45,2,314.6,494.0,165.39999999999998,263.6,1,1,1.0
45,3,442.4,755.3,218.20000000000005,147.80000000000007,1,1,1.0
45,4,863.53,371.5,212.17000000000007,302.1,1,1,1.0
45,5,381.42,479.5,223.78000000000003,239.20000000000005,1,1,1.0
45,6,362.9,373.1,252.60000000000002,129.29999999999995,1,1,0.0
45,7,1773.0,497.52,11.420000000000073,40.710000000000036,1,1,0.0
45,8,1565.66,550.5,219.93999999999983,140.5,1,1,1.0
45,9,646.1,489.5,277.9,177.10000000000002,1,1,1.0
45,10,1070.65,362.8,211.94999999999982,323.59999999999997,1,1,1.0
46,1,1400.8,350.7,338.20000000000005,203.8,1,1,1.0
46,2,310.2,494.8,176.0,257.90000000000003,1,1,1.0
46,3,443.5,759.5,211.79999999999995,143.60000000000002,1,1,1.0
46,4,876.28,359.81,187.72000000000003,296.79,1,1,1.0
46,5,412.74,462.5,193.55999999999995,258.0,1,1,1.0
46,6,387.0,373.1,228.5,123.59999999999997,1,1,0.0
46,7,1772.61,492.01,11.6400000000001,40.81000000000006,1,1,0.0
46,8,1577.6,535.0,208.0,156.0,1,1,1.0
46,9,646.1,489.5,271.0,177.10000000000002,1,1,1.0
46,10,858.6,574.4,290.30000000000007,239.5,1,1,1.0
47,1,1395.1,353.4,308.3000000000002,201.10000000000002,1,1,1.0
47,2,310.2,497.3,180.90000000000003,253.59999999999997,1,1,1.0
47,3,429.2,759.5,226.50000000000006,143.60000000000002,1,1,1.0
47,4,880.0,348.7,184.0,307.90000000000003,1,1,1.0
47,5,407.3,454.98,198.2,269.52,1,1,1.0
47,6,383.76,374.34,228.5,127.30000000000001,1,1,0.0
47,7,1772.23,486.51,11.8599999999999,40.89999999999998,1,1,0.0
47,8,1599.7,535.0,185.89999999999986,167.60000000000002,1,1,0.0
47,9,639.2,499.1,296.0,167.5,1,1,1.0
47,10,836.9,650.1,312.0000000000001,217.37,1,1,1.0
48,1,1395.1,353.4,287.0,201.10000000000002,1,1,1.0
48,2,319.5,494.1,176.89999999999998,256.79999999999995,1,1,1.0
48,3,367.79,766.33,319.00999999999993,139.76999999999998,1,1,1.0
48,4,881.1,353.5,178.10000000000002,311.1,1,1,1.0
48,5,385.0,482.6,218.39999999999998,237.89999999999998,1,1,1.0
48,6,317.4,373.1,298.1,127.29999999999995,1,1,0.0
48,7,1771.85,481.0,12.070000000000164,41.0,1,1,0.0
48,8,1670.1,535.0,115.5,143.60000000000002,1,1,0.0
48,9,634.4,508.1,318.9,158.5,1,1,1.0
48,10,832.5,636.8,299.0999999999999,216.9000000000001,1,1,1.0
49,1,1397.8,351.8,294.4000000000001,202.7,1,1,1.0
49,2,319.5,499.1,184.89999999999998,243.39999999999998,1,1,1.0
49,3,326.56,746.14,322.94,152.26,1,1,1.0
49,4,854.5,363.6,211.5999999999999,298.29999999999995,1,1,1.0
49,5,405.41,484.42,198.69,224.28000000000003,1,1,1.0
49,6,304.0,377.0,311.20000000000005,123.39999999999998,1,1,0.0
49,7,1771.47,475.5,12.289999999999964,41.09000000000003,1,1,0.0
49,8,1748.5,595.7,37.09999999999991,71.39999999999998,1,1,0.0
49,9,631.7,521.4,334.9,145.20000000000005,1,1,1.0
49,10,845.8,629.7,291.10000000000014,224.0,1,1,1.0
50,1,1398.9,353.4,325.6999999999998,205.39999999999998,1,1,1.0
50,2,301.8,479.4,202.59999999999997,263.1,1,1,1.0
50,3,294.25,729.24,353.65,160.05999999999995,1,1,1.0
50,4,733.91,336.53,308.7900000000001,211.67000000000007,1,1,1.0
50,5,384.46,486.9,215.24000000000007,220.0,1,1,1.0
50,6,300.4,378.4,315.1,127.10000000000002,1,1,0.0
50,7,1771.09,470.0,12.5,41.18000000000001,1,1,0.0
50,8,1757.8,619.6,27.799999999999955,25.799999999999955,1,1,0.0
50,9,632.23,523.53,272.19999999999993,131.89999999999998,1,1,1.0
50,10,845.8,635.0,288.9000000000001,218.70000000000005,1,1,1.0
51,1,1396.2,353.4,338.5,205.39999999999998,1,1,1.0
51,2,302.7,462.9,201.7,279.6,1,1,1.0
51,3,312.3,724.5,338.8,164.29999999999995,1,1,1.0
51,4,625.0,339.2,289.70000000000005,125.60000000000002,1,1,1.0
51,5,343.4,474.2,256.30000000000007,229.00000000000006,1,1,1.0
51,6,369.5,378.4,246.0,122.0,1,1,0.0
51,7,1770.71,464.49,12.720000000000027,41.289999999999964,1,1,0.0
51,8,1766.2,599.24,20.730000000000018,30.659999999999968,1,1,0.0
51,9,632.23,523.53,293.97,131.89999999999998,1,1,1.0
51,10,852.0,650.8,284.0,202.9000000000001,1,1,1.0
52,1,1401.5,358.2,336.9000000000001,200.59999999999997,1,1,1.0
52,2,301.4,478.3,204.8,258.40000000000003,1,1,1.0
52,3,288.4,724.5,360.6,162.60000000000002,1,1,1.0
52,4,496.97,369.5,304.03,155.33000000000004,1,1,1.0
52,5,314.29,456.67,274.81,219.43,1,1,1.0
52,6,407.7,384.2,207.8,99.69999999999999,1,1,0.0
52,7,1770.33,458.99,12.940000000000055,41.379999999999995,1,1,0.0
52,8,1765.31,609.42,20.730000000000018,31.58000000000004,1,1,0.0
52,9,764.51,476.2,284.8900000000001,176.57,1,1,1.0
52,10,852.0,642.7,285.79999999999995,211.0,1,1,1.0
53,1,1413.0,374.7,349.79999999999995,199.50000000000006,1,1,1.0
53,2,296.0,490.0,214.60000000000002,245.39999999999998,1,1,1.0
53,3,292.96,726.65,354.24000000000007,158.45000000000005,1,1,1.0
53,4,446.0,407.75,296.0,138.35000000000002,1,1,1.0
53,5,348.3,464.1,240.8,217.79999999999995,1,1,1.0
53,6,382.5,384.2,233.0,94.19999999999999,1,1,0.0
53,7,1769.95,453.48,13.149999999999864,41.47999999999996,1,1,0.0
53,8,1773.7,620.9,12.339999999999918,20.100000000000023,1,1,0.0
53,9,843.67,391.2,219.5300000000001,226.51000000000005,1,1,1.0
53,10,852.0,649.2,285.79999999999995,204.5,1,1,1.0
54,1,1508.8,446.4,278.97,134.18000000000006,1,1,1.0
54,2,292.4,494.3,218.20000000000005,241.09999999999997,1,1,1.0
54,3,281.5,727.2,360.9,157.89999999999998,1,1,1.0
54,4,466.2,410.9,243.40000000000003,126.20000000000005,1,1,1.0
54,5,352.5,497.6,256.79999999999995,184.29999999999995,1,1,1.0
54,6,381.4,373.0,233.60000000000002,129.0,1,1,0.0
54,7,1769.57,447.98,13.370000000000118,41.56999999999999,1,1,0.0
54,8,1737.0,663.4,47.710000000000036,47.55000000000007,1,1,0.0
54,9,847.5,389.91,243.29999999999995,229.08999999999997,1,1,1.0
54,10,852.0,646.7,285.79999999999995,207.0,1,1,1.0
55,1,1535.4,442.5,251.0999999999999,156.10000000000002,1,1,1.0
55,2,292.9,490.0,210.60000000000002,241.39999999999998,1,1,1.0
55,3,281.5,727.2,362.70000000000005,156.29999999999995,1,1,1.0
55,4,466.2,408.2,254.59999999999997,128.90000000000003,1,1,1.0
55,5,361.0,542.75,267.79999999999995,169.14999999999998,1,1,1.0
55,6,371.5,369.8,245.60000000000002,125.30000000000001,1,1,0.0
55,7,1769.18,442.48,13.589999999999918,41.65999999999997,1,1,0.0
55,8,1747.2,686.0,39.27999999999997,34.25,1,1,0.0
55,9,863.7,391.2,213.44000000000005,227.7,1,1,1.0
55,10,852.0,655.0,285.79999999999995,198.70000000000005,1,1,1.0
56,1,1629.96,407.5,156.33999999999992,210.76,1,1,1.0
56,2,296.9,495.8,202.20000000000005,236.49999999999994,1,1,1.0
56,3,310.7,727.2,333.50000000000006,156.29999999999995,1,1,1.0
56,4,446.4,408.2,274.4,128.90000000000003,1,1,1.0
56,5,376.4,545.94,258.94000000000005,159.89999999999998,1,1,1.0
56,6,357.4,369.8,259.70000000000005,133.3,1,1,0.0
56,7,1768.8,436.97,13.809999999999945,41.75999999999999,1,1,0.0
56,8,1748.2,617.76,38.08999999999992,52.84000000000003,1,1,0.0
56,9,868.9,395.07,209.64999999999998,230.82999999999998,1,1,1.0
56,10,852.0,655.0,285.79999999999995,198.70000000000005,1,1,1.0
57,1,1668.2,277.5,119.59999999999991,189.39999999999998,1,1,1.0
57,2,302.7,495.8,191.5,243.09999999999997,1,1,1.0
57,3,364.9,710.2,282.5,173.79999999999995,1,1,1.0
57,4,405.1,398.0,327.4,131.70000000000005,1,1,1.0
57,5,355.0,560.8,270.79999999999995,150.0,1,1,1.0
57,6,349.9,369.8,267.20000000000005,129.5,1,1,0.0
57,7,1768.42,431.47,14.019999999999982,41.85999999999996,1,1,0.0
57,8,1749.2,549.53,36.88999999999987,71.42000000000007,1,1,0.0
57,9,865.5,399.7,210.9000000000001,224.90000000000003,1,1,1.0
57,10,857.8,655.0,280.0,198.70000000000005,1,1,1.0
58,1,1646.4,277.5,141.39999999999986,178.8,1,1,1.0
58,2,316.4,475.0,177.8,187.29999999999995,1,1,1.0
58,3,390.1,730.9,262.1,156.30000000000007,1,1,1.0
58,4,482.13,405.3,278.57000000000005,186.02000000000004,1,1,1.0
58,5,319.56,577.8,294.54,152.48000000000002,1,1,1.0
58,6,329.5,369.8,287.6,131.7,1,1,0.0
58,7,1768.04,425.97,14.240000000000009,41.94999999999999,1,1,0.0
58,8,1750.2,481.29,35.700000000000045,90.00999999999993,1,1,0.0
58,9,869.2,399.7,207.20000000000005,231.8,1,1,1.0
58,10,857.8,655.0,280.0,198.70000000000005,1,1,1.0
59,1,1646.4,289.6,141.39999999999986,172.0,1,1,1.0
59,2,331.0,498.0,176.3,164.29999999999995,1,1,1.0
59,3,400.0,730.9,250.10000000000002,160.5,1,1,1.0
59,4,444.41,411.4,309.38999999999993,180.20000000000005,1,1,1.0
59,5,298.84,610.4,288.66,139.10000000000002,1,1,1.0
59,6,341.3,369.8,275.8,131.2,1,1,0.0
59,7,1767.66,420.46,14.449999999999818,42.05000000000001,1,1,0.0
59,8,1639.69,488.53,147.40999999999985,163.07000000000005,1,1,1.0
59,9,869.2,405.8,207.20000000000005,225.7,1,1,1.0
59,10,857.8,655.0,280.0,198.70000000000005,1,1,1.0
60,1,1641.2,288.5,146.5999999999999,185.8,1,1,1.0
60,2,387.2,479.8,127.90000000000003,166.49999999999994,1,1,1.0
60,3,340.5,730.9,306.4,141.39999999999998,1,1,1.0
60,4,439.1,411.4,314.69999999999993,175.70000000000005,1,1,1.0
60,5,288.4,607.6,311.80000000000007,140.69999999999993,1,1,1.0
60,6,379.5,369.8,237.60000000000002,127.59999999999997,1,1,0.0
60,7,1767.28,414.96,14.670000000000073,42.14000000000004,1,1,0.0
60,8,1593.04,483.06,192.76,171.33999999999997,1,1,1.0
60,9,862.8,401.3,213.60000000000014,228.59999999999997,1,1,1.0
60,10,857.8,644.8,281.29999999999995,208.9000000000001,1,1,1.0
61,1,1641.7,303.9,146.0999999999999,182.10000000000002,1,1,1.0
61,2,401.8,426.9,145.8,203.89999999999998,1,1,0.0
61,3,337.9,730.9,304.80000000000007,138.70000000000005,1,1,1.0
61,4,422.6,414.1,331.19999999999993,180.19999999999993,1,1,1.0
61,5,298.8,603.3,299.3,137.0,1,1,1.0
61,6,334.9,364.5,280.1,142.8,1,1,0.0
61,7,1766.9,409.45,14.879999999999882,42.24000000000001,1,1,0.0
61,8,1574.73,465.96,211.3699999999999,187.54000000000002,1,1,1.0
61,9,862.8,401.3,213.60000000000014,228.59999999999997,1,1,1.0
61,10,825.5,644.8,322.0,208.9000000000001,1,1,1.0
62,1,1639.5,344.3,146.0999999999999,150.39999999999998,1,1,1.0
62,2,453.15,357.6,218.64999999999998,236.01,1,1,1.0
62,3,350.5,730.9,290.20000000000005,141.30000000000007,1,1,1.0
62,4,502.4,422.6,253.5,234.89999999999998,1,1,1.0
62,5,287.1,602.6,313.69999999999993,137.69999999999993,1,1,1.0
62,6,364.1,340.0,246.10000000000002,195.10000000000002,1,1,0.0
62,7,1766.52,403.95,15.099999999999909,42.329999999999984,1,1,0.0
62,8,1507.16,456.94,279.24,196.95999999999998,1,1,1.0
62,9,862.8,401.3,213.60000000000014,228.59999999999997,1,1,1.0
62,10,802.9,663.4,348.6,190.30000000000007,1,1,1.0
63,1,1484.9,396.5,301.29999999999995,112.38,1,1,1.0
63,2,529.3,303.1,239.9000000000001,152.29999999999995,1,1,1.0
63,3,326.1,730.9,315.0,143.0,1,1,1.0
63,4,527.25,433.8,174.95000000000005,270.71,1,1,1.0
63,5,309.4,603.3,255.89999999999998,137.0,1,1,1.0
63,6,376.32,429.2,161.07999999999998,125.56,1,1,0.0
63,7,1766.14,398.45,15.319999999999936,42.43000000000001,1,1,0.0
63,8,1509.37,451.19,277.83000000000015,208.70999999999998,1,1,1.0
63,9,865.8,401.3,210.60000000000014,223.90000000000003,1,1,1.0
63,10,794.0,649.7,357.9000000000001,193.39999999999998,1,1,1.0
64,1,1348.37,382.7,356.0300000000002,132.8,1,1,1.0
64,2,536.8,311.1,232.4000000000001,136.85999999999996,1,1,1.0
64,3,302.7,727.46,334.90000000000003,147.74,1,1,1.0
64,4,519.82,468.3,237.07999999999993,271.40000000000003,1,1,1.0
64,5,292.9,603.3,265.9,124.80000000000007,1,1,1.0
64,6,374.1,429.2,163.29999999999995,145.2,1,1,0.0
64,7,1765.75,392.94,15.539999999999964,42.53000000000003,1,1,0.0
64,8,1467.76,491.92,278.24,194.97999999999996,1,1,1.0
64,9,862.8,401.3,213.60000000000014,228.59999999999997,1,1,1.0
64,10,810.4,645.7,341.5000000000001,197.39999999999998,1,1,1.0
65,1,1296.31,365.7,340.59000000000015,137.90000000000003,1,1,1.0
65,2,547.0,317.3,306.30999999999995,132.0,1,1,1.0
65,3,283.72,731.33,355.17999999999995,144.26999999999998,1,1,1.0
65,4,506.0,548.0,270.0,193.20000000000005,1,1,1.0
65,5,288.1,596.2,267.5,131.89999999999998,1,1,1.0
65,6,385.38,439.8,170.62,162.75999999999993,1,1,1.0
65,7,1765.37,387.44,15.760000000000218,42.620000000000005,1,1,0.0
65,8,1514.24,465.8,216.66000000000008,271.99999999999994,1,1,1.0
65,9,866.5,391.7,209.9000000000001,227.59999999999997,1,1,1.0
65,10,836.1,643.5,315.4,190.29999999999995,1,1,1.0
66,1,1188.46,348.7,350.24,150.8,1,1,1.0
66,2,598.8,326.15,273.99,120.05000000000001,1,1,1.0
66,3,285.2,730.9,353.3,143.0,1,1,1.0
66,4,497.5,570.31,272.1,138.49,1,1,1.0
66,5,336.4,587.4,216.5,172.60000000000002,1,1,1.0
66,6,353.5,437.2,215.20000000000005,164.8,1,1,1.0
66,7,1764.99,381.93,15.970000000000027,42.71999999999997,1,1,0.0
66,8,1551.0,432.6,142.70000000000005,325.1,1,1,1.0
66,9,870.4,400.7,206.0000000000001,219.00000000000006,1,1,1.0
66,10,829.9,633.3,321.6,233.70000000000005,1,1,1.0
67,1,1106.93,333.29,353.06999999999994,146.51,1,1,1.0
67,2,609.9,326.15,232.30000000000007,120.05000000000001,1,1,1.0
67,3,285.2,730.9,353.3,143.0,1,1,1.0
67,4,483.16,543.75,250.33999999999997,200.64999999999998,1,1,1.0
67,5,365.6,584.9,187.29999999999995,196.89999999999998,1,1,1.0
67,6,355.1,435.0,213.60000000000002,167.20000000000005,1,1,1.0
67,7,1764.61,376.43,16.190000000000055,42.81,1,1,0.0
67,8,1563.39,398.5,190.1099999999999,305.63,1,1,1.0
67,9,880.3,400.7,196.10000000000014,222.3,1,1,1.0
67,10,852.0,626.2,284.9000000000001,235.0,1,1,1.0
68,1,1087.53,316.83,325.1700000000001,157.97000000000003,1,1,1.0
68,2,609.9,319.5,267.70000000000005,126.69999999999999,1,1,1.0
68,3,306.5,730.9,332.0,143.0,1,1,1.0
68,4,478.38,463.0,208.41999999999996,288.79999999999995,1,1,1.0
68,5,370.4,587.4,181.39999999999998,193.89999999999998,1,1,1.0
68,6,365.2,450.1,175.09999999999997,162.5,1,1,1.0
68,7,1764.23,370.93,16.40000000000009,42.89999999999998,1,1,0.0
68,8,1578.9,396.3,192.29999999999995,305.59999999999997,1,1,1.0
68,9,877.1,400.7,199.30000000000007,228.09999999999997,1,1,1.0
68,10,852.0,630.2,292.0,235.0999999999999,1,1,1.0
69,1,1079.4,314.7,315.1999999999998,155.40000000000003,1,1,1.0
69,2,609.9,327.5,283.6,122.19999999999999,1,1,1.0
69,3,293.7,730.9,343.7,149.39999999999998,1,1,1.0
69,4,451.28,447.59,223.92000000000007,302.11000000000007,1,1,1.0
69,5,352.9,587.4,199.60000000000002,178.0,1,1,1.0
69,6,371.0,434.0,169.0,178.60000000000002,1,1,1.0
69,7,1763.85,365.42,16.62000000000012,43.00999999999999,1,1,0.0
69,8,1578.9,402.5,175.89999999999986,299.4,1,1,1.0
69,9,877.1,400.7,199.30000000000007,228.09999999999997,1,1,1.0
69,10,847.6,627.5,295.9999999999999,236.20000000000005,1,1,1.0
70,1,1081.5,311.0,307.79999999999995,185.10000000000002,1,1,1.0
70,2,676.3,286.77,318.1400000000001,160.73000000000002,1,1,1.0
70,3,307.5,730.9,329.9,149.39999999999998,1,1,1.0
70,4,452.7,447.59,213.90000000000003,281.91,1,1,1.0
70,5,326.3,593.8,234.8,157.30000000000007,1,1,1.0
70,6,371.0,441.8,169.10000000000002,170.8,1,1,1.0
70,7,1763.47,359.92,16.829999999999927,43.099999999999966,1,1,0.0
70,8,1582.1,413.1,182.0,286.6,1,1,1.0
70,9,877.1,400.7,199.30000000000007,228.09999999999997,1,1,1.0
70,10,848.5,624.4,291.0999999999999,238.60000000000002,1,1,1.0
71,1,1075.3,317.0,288.5,179.10000000000002,1,1,1.0
71,2,696.7,285.5,296.79999999999995,154.89999999999998,1,1,1.0
71,3,332.5,730.9,304.9,149.39999999999998,1,1,1.0
71,4,491.7,428.8,174.90000000000003,295.90000000000003,1,1,1.0
71,5,311.4,593.8,249.70000000000005,157.30000000000007,1,1,1.0
71,6,371.0,447.8,128.60000000000002,164.8,1,1,1.0
71,7,1763.09,354.41,17.050000000000182,43.19999999999999,1,1,0.0
71,8,1581.8,418.9,195.10000000000014,280.80000000000007,1,1,1.0
71,9,872.8,400.7,203.60000000000014,227.59999999999997,1,1,1.0
71,10,848.5,620.0,289.29999999999995,243.0,1,1,1.0
72,1,1075.3,316.2,282.70000000000005,179.90000000000003,1,1,1.0
72,2,696.7,285.5,274.19999999999993,163.0,1,1,1.0
72,3,338.3,728.3,297.8,152.0,1,1,1.0
72,4,489.0,386.5,163.20000000000005,316.4,1,1,1.0
72,5,304.0,593.8,252.79999999999995,145.60000000000002,1,1,1.0
72,6,371.0,440.9,139.8,169.20000000000005,1,1,1.0
72,7,1762.7,348.91,17.269999999999982,43.289999999999964,1,1,0.0
72,8,1582.6,350.3,166.0,354.3,1,1,1.0
72,9,872.8,400.7,203.60000000000014,227.59999999999997,1,1,1.0
72,10,848.5,611.6,287.0999999999999,251.39999999999998,1,1,1.0
73,1,1070.5,316.3,283.79999999999995,179.8,1,1,1.0
73,2,698.0,282.8,279.5,163.39999999999998,1,1,1.0
73,3,336.4,730.9,302.1,156.30000000000007,1,1,1.0
73,4,485.1,395.0,167.10000000000002,299.9,1,1,1.0
73,5,324.7,591.3,234.3,174.5,1,1,1.0
73,6,381.8,450.58,127.15999999999997,189.71999999999997,1,1,1.0
73,7,1762.32,343.41,17.49000000000001,43.379999999999995,1,1,0.0
73,8,1607.65,295.8,156.04999999999995,385.78000000000003,1,1,1.0
73,9,872.8,382.1,203.60000000000014,246.19999999999993,1,1,1.0
73,10,848.5,614.7,288.9000000000001,248.29999999999995,1,1,1.0
74,1,1070.5,316.3,279.0,179.8,1,1,1.0
74,2,702.0,285.9,283.0,160.3,1,1,1.0
74,3,337.3,730.9,304.40000000000003,156.30000000000007,1,1,1.0
74,4,506.0,290.3,163.20000000000005,350.94,1,1,1.0
74,5,321.4,589.9,241.5,182.60000000000002,1,1,1.0
74,6,393.5,445.56,118.67999999999995,229.23999999999995,1,1,1.0
74,7,1761.94,337.9,17.710000000000036,43.48000000000002,1,1,0.0
74,8,1618.2,280.3,144.5999999999999,361.40000000000003,1,1,1.0
74,9,872.8,376.8,203.60000000000014,251.49999999999994,1,1,1.0
74,10,848.5,614.7,288.9000000000001,238.5999999999999,1,1,1.0
75,1,1070.5,314.1,280.0999999999999,182.0,1,1,1.0
75,2,701.7,288.1,300.5999999999999,156.29999999999995,1,1,1.0
75,3,335.7,730.9,303.8,150.5,1,1,1.0
75,4,506.0,302.5,215.10000000000002,306.9,1,1,1.0
75,5,333.7,593.8,227.09999999999997,189.9000000000001,1,1,1.0
75,6,402.9,443.05,110.67000000000007,208.05,1,1,1.0
75,7,1761.56,332.4,17.920000000000073,43.58000000000004,1,1,0.0
75,8,1614.3,333.0,152.0,298.5,1,1,1.0
75,9,872.8,392.2,203.60000000000014,236.09999999999997,1,1,1.0
75,10,848.5,616.5,290.70000000000005,236.79999999999995,1,1,1.0
76,1,1070.5,316.3,271.5999999999999,179.8,1,1,1.0
76,2,700.2,282.8,303.0,157.59999999999997,1,1,1.0
76,3,327.2,730.9,311.50000000000006,150.5,1,1,1.0
76,4,519.3,307.8,206.20000000000005,262.3,1,1,1.0
76,5,342.7,591.3,218.8,183.70000000000005,1,1,1.0
76,6,391.5,446.48,140.52999999999997,210.72000000000003,1,1,1.0
76,7,1761.18,326.89,18.139999999999873,43.68000000000001,1,1,0.0
76,8,1614.3,364.0,152.0,267.5,1,1,1.0
76,9,872.8,392.2,203.60000000000014,236.09999999999997,1,1,1.0
76,10,848.5,613.4,292.9000000000001,227.5,1,1,1.0
77,1,1048.2,316.3,309.79999999999995,183.0,1,1,1.0
77,2,700.2,271.7,263.19999999999993,178.3,1,1,1.0
77,3,315.5,730.9,326.20000000000005,150.5,1,1,1.0
77,4,516.1,307.8,209.39999999999998,258.59999999999997,1,1,1.0
77,5,308.7,593.8,252.09999999999997,174.30000000000007,1,1,1.0
77,6,405.3,435.69,128.52000000000004,254.31,1,1,1.0
77,7,1760.8,321.39,18.350000000000136,43.77000000000004,1,1,0.0
77,8,1621.07,358.2,148.0,264.90000000000003,1,1,1.0
77,9,872.8,392.2,203.60000000000014,236.09999999999997,1,1,1.0
77,10,848.5,612.1,295.0999999999999,234.60000000000002,1,1,1.0
78,1,997.2,323.1,347.0,161.89999999999998,1,1,1.0
78,2,700.2,268.2,254.79999999999995,172.2,1,1,1.0
78,3,315.5,730.9,326.20000000000005,150.5,1,1,1.0
78,4,508.7,307.8,216.8,254.3,1,1,1.0
78,5,299.1,593.8,261.69999999999993,171.4000000000001,1,1,1.0
78,6,401.7,446.08,127.45999999999998,233.21999999999997,1,1,1.0
78,7,1760.42,315.89,18.569999999999936,43.860000000000014,1,1,0.0
78,8,1624.6,360.03,149.5400000000002,263.07000000000005,1,1,1.0
78,9,872.8,392.2,203.60000000000014,236.09999999999997,1,1,1.0
78,10,860.5,612.1,283.0999999999999,216.39999999999998,1,1,1.0
79,1,960.3,318.4,369.0,164.48000000000002,1,1,1.0
79,2,704.1,279.7,241.69999999999993,160.7,1,1,1.0
79,3,324.0,730.9,317.70000000000005,150.5,1,1,1.0
79,4,502.9,311.0,229.39999999999998,248.39999999999998,1,1,1.0
79,5,299.1,593.8,261.69999999999993,160.0,1,1,1.0
79,6,409.4,441.42,122.62,193.78000000000003,1,1,1.0
79,7,1760.04,310.38,18.779999999999973,43.95999999999998,1,1,0.0
79,8,1617.8,348.1,148.5,294.01,1,1,1.0
79,9,872.8,388.5,203.60000000000014,239.79999999999995,1,1,1.0
79,10,860.5,614.8,284.9000000000001,216.80000000000007,1,1,1.0
80,1,917.51,285.44,335.78999999999996,169.26,1,1,1.0
80,2,702.5,278.7,250.70000000000005,161.7,1,1,1.0
80,3,324.0,730.9,317.70000000000005,150.5,1,1,1.0
80,4,503.4,304.6,228.10000000000002,249.0,1,1,1.0
80,5,299.1,593.8,261.69999999999993,156.80000000000007,1,1,1.0
80,6,407.6,437.48,123.35000000000002,195.91999999999996,1,1,1.0
80,7,1759.66,304.88,19.0,44.05000000000001,1,1,0.0
80,8,1616.0,348.1,145.4000000000001,302.0,1,1,1.0
80,9,872.8,381.6,203.60000000000014,246.69999999999993,1,1,1.0
80,10,860.5,610.4,284.9000000000001,221.20000000000005,1,1,1.0
81,1,877.1,277.47,362.9,166.52999999999997,1,1,1.0
81,2,704.1,267.3,241.60000000000002,163.39999999999998,1,1,1.0
81,3,309.7,730.9,331.09999999999997,150.5,1,1,1.0
81,4,507.1,309.4,225.69999999999993,277.70000000000005,1,1,1.0
81,5,333.6,593.8,227.19999999999993,148.30000000000007,1,1,1.0
81,6,405.9,442.14,126.48000000000002,190.96000000000004,1,1,1.0
81,7,1759.27,299.37,19.220000000000027,44.15999999999997,1,1,0.0
81,8,1612.6,334.8,155.0,315.3,1,1,1.0
81,9,872.8,371.0,203.60000000000014,257.29999999999995,1,1,1.0
81,10,860.5,614.8,285.79999999999995,223.5,1,1,1.0
82,1,852.7,282.8,382.5,156.89999999999998,1,1,1.0
82,2,704.1,270.8,241.60000000000002,159.89999999999998,1,1,1.0
82,3,293.8,730.9,347.90000000000003,150.5,1,1,1.0
82,4,498.6,304.6,229.0,278.29999999999995,1,1,1.0
82,5,326.7,588.4,234.09999999999997,153.70000000000005,1,1,1.0
82,6,404.7,437.84,118.13000000000005,175.06,1,1,1.0
82,7,1758.89,293.87,19.439999999999827,44.25,1,1,0.0
82,8,1613.0,292.33,148.57999999999993,354.77000000000004,1,1,1.0
82,9,872.8,385.9,203.60000000000014,242.39999999999998,1,1,1.0
82,10,862.7,614.8,283.5999999999999,219.9000000000001,1,1,1.0
83,1,822.95,298.2,340.04999999999995,184.62,1,1,1.0
83,2,702.3,270.8,308.9000000000001,167.09999999999997,1,1,1.0
83,3,289.0,730.9,352.70000000000005,150.5,1,1,1.0
83,4,491.2,327.5,236.40000000000003,251.10000000000002,1,1,1.0
83,5,311.8,590.6,248.99999999999994,151.5,1,1,1.0
83,6,403.3,438.2,121.68,156.59999999999997,1,1,1.0
83,7,1758.51,288.37,19.65000000000009,44.339999999999975,1,1,0.0
83,8,1613.0,365.48,154.5999999999999,283.31999999999994,1,1,1.0
83,9,872.8,376.3,203.60000000000014,251.99999999999994,1,1,1.0
83,10,862.7,619.2,290.70000000000005,210.5999999999999,1,1,1.0
84,1,694.39,383.2,309.81000000000006,218.62000000000006,1,1,1.0
84,2,706.5,273.9,245.79999999999995,163.10000000000002,1,1,1.0
84,3,320.3,730.9,321.40000000000003,150.5,1,1,1.0
84,4,499.7,306.8,232.09999999999997,271.8,1,1,1.0
84,5,296.9,593.8,263.9,144.10000000000002,1,1,1.0
84,6,404.0,451.0,113.10000000000002,155.29999999999995,1,1,1.0
84,7,1758.13,282.86,19.86999999999989,44.44,1,1,0.0
84,8,1613.0,355.67,149.8699999999999,299.72999999999996,1,1,1.0
84,9,869.1,388.0,219.9999999999999,257.29999999999995,1,1,1.0
84,10,862.7,621.9,292.0,202.60000000000002,1,1,1.0
85,1,682.17,429.4,258.33000000000004,234.57000000000005,1,1,1.0
85,2,700.6,277.9,249.10000000000002,156.10000000000002,1,1,1.0
85,3,306.0,730.9,329.9,155.30000000000007,1,1,1.0
85,4,496.0,306.8,235.79999999999995,251.09999999999997,1,1,1.0
85,5,284.2,593.8,276.59999999999997,144.10000000000002,1,1,1.0
85,6,404.0,438.0,126.0,181.10000000000002,1,1,1.0
85,7,1758.15,317.9,21.899999999999864,46.200000000000045,1,1,0.0
85,8,1613.4,408.73,138.40999999999985,277.16999999999996,1,1,1.0
85,9,880.8,390.2,225.0,266.3,1,1,1.0
85,10,850.7,620.6,308.39999999999986,207.0,1,1,1.0
86,1,656.14,428.9,261.56000000000006,239.86,1,1,1.0
86,2,698.2,277.9,247.0,154.60000000000002,1,1,1.0
86,3,325.9,730.9,310.4,157.5,1,1,1.0
86,4,490.2,306.8,241.59999999999997,242.59999999999997,1,1,1.0
86,5,284.2,598.6,279.8,139.29999999999995,1,1,1.0
86,6,407.8,443.0,124.69999999999999,172.29999999999995,1,1,1.0
86,7,1758.17,352.93,23.929999999999836,47.96999999999997,1,1,0.0
86,8,1473.86,432.26,219.84000000000015,229.74,1,1,1.0
86,9,886.6,394.4,219.60000000000002,254.10000000000002,1,1,1.0
86,10,814.0,628.6,338.9000000000001,203.5,1,1,1.0
87,1,557.33,484.2,305.56999999999994,235.02000000000004,1,1,1.0
87,2,700.6,277.9,244.60000000000002,148.8,1,1,1.0
87,3,311.8,730.9,326.2,160.10000000000002,1,1,1.0
87,4,489.7,303.1,242.40000000000003,241.0,1,1,1.0
87,5,310.8,598.6,249.99999999999994,139.29999999999995,1,1,1.0
87,6,391.8,451.0,145.99999999999994,165.39999999999998,1,1,1.0
87,7,1758.18,387.97,25.970000000000027,49.72999999999996,1,1,0.0
87,8,1424.77,409.67,258.3299999999999,147.03000000000003,1,1,1.0
87,9,891.4,384.3,211.10000000000002,267.40000000000003,1,1,1.0
87,10,800.3,633.9,355.70000000000005,200.30000000000007,1,1,1.0
88,1,459.58,583.0,362.92,145.78999999999996,1,1,1.0
88,2,700.6,277.9,244.60000000000002,147.90000000000003,1,1,1.0
88,3,315.0,730.9,326.0,159.70000000000005,1,1,1.0
88,4,487.6,287.2,241.89999999999998,259.59999999999997,1,1,1.0
88,5,310.8,598.6,240.99999999999994,135.0,1,1,1.0
88,6,391.8,434.6,144.49999999999994,181.79999999999995,1,1,1.0
88,7,1758.2,423.0,28.0,51.5,1,1,0.0
88,8,1424.77,409.67,258.3299999999999,147.03000000000003,1,1,1.0
88,9,891.4,375.8,208.39999999999998,275.90000000000003,1,1,1.0
88,10,800.3,631.2,357.0,201.89999999999998,1,1,1.0
89,1,459.58,596.3,347.52000000000004,144.70000000000005,1,1,1.0
89,2,700.6,277.9,244.60000000000002,146.40000000000003,1,1,1.0
89,3,320.3,730.9,322.49999999999994,161.20000000000005,1,1,1.0
89,4,473.8,303.1,257.09999999999997,230.89999999999998,1,1,1.0
89,5,297.0,594.3,255.89999999999998,139.30000000000007,1,1,1.0
89,6,394.3,443.5,143.49999999999994,172.89999999999998,1,1,1.0
89,7,1745.9,423.0,39.09999999999991,46.60000000000002,1,1,0.0
89,8,1424.77,409.67,258.3299999999999,147.03000000000003,1,1,1.0
89,9,891.4,375.8,206.30000000000007,275.90000000000003,1,1,1.0
89,10,777.3,631.2,380.0,203.0999999999999,1,1,1.0
90,1,404.86,598.42,354.43999999999994,152.68000000000006,1,1,1.0
90,2,700.6,277.9,244.60000000000002,146.40000000000003,1,1,1.0
90,3,320.3,730.9,322.49999999999994,161.20000000000005,1,1,1.0
90,4,477.5,303.1,250.79999999999995,234.10000000000002,1,1,1.0
90,5,291.2,598.6,239.90000000000003,137.89999999999998,1,1,1.0
90,6,373.4,436.69,168.34000000000003,172.20999999999998,1,1,1.0
90,7,1753.3,423.0,31.700000000000045,23.399999999999977,1,1,0.0
90,8,1424.77,409.67,258.3299999999999,147.03000000000003,1,1,1.0
90,9,891.4,375.8,206.30000000000007,275.90000000000003,1,1,1.0
90,10,781.7,628.1,373.5,206.19999999999993,1,1,1.0
91,1,392.11,603.7,341.18999999999994,147.92999999999995,1,1,1.0
91,2,700.6,277.9,244.60000000000002,147.60000000000002,1,1,1.0
91,3,354.3,730.9,290.7,157.39999999999998,1,1,1.0
91,4,480.2,311.1,249.8,229.29999999999995,1,1,1.0
91,5,321.0,584.7,206.39999999999998,146.79999999999995,1,1,1.0
91,6,386.5,442.2,152.0,167.2,1,1,1.0
91,7,1722.21,394.7,63.09999999999991,122.00000000000006,1,1,0.0
91,8,1420.8,409.67,262.29999999999995,145.72999999999996,1,1,1.0
91,9,890.9,399.2,206.80000000000007,239.2,1,1,1.0
91,10,781.7,626.8,369.79999999999995,207.5,1,1,1.0
92,1,373.0,611.7,356.6,138.29999999999995,1,1,1.0
92,2,705.9,287.6,256.1,132.89999999999998,1,1,1.0
92,3,364.4,730.9,280.0,162.80000000000007,1,1,1.0
92,4,483.4,314.8,245.30000000000007,242.59999999999997,1,1,1.0
92,5,321.0,576.8,200.60000000000002,162.70000000000005,1,1,1.0
92,6,386.5,440.1,151.70000000000005,169.29999999999995,1,1,1.0
92,7,1712.1,394.7,74.40000000000009,122.00000000000006,1,1,0.0
92,8,1412.4,409.67,263.5999999999999,145.72999999999996,1,1,1.0
92,9,883.5,401.9,214.20000000000005,234.39999999999998,1,1,1.0
92,10,781.7,622.8,372.5,211.5,1,1,1.0
93,1,367.7,611.7,356.09999999999997,138.29999999999995,1,1,1.0
93,2,705.9,287.6,258.80000000000007,132.0,1,1,1.0
93,3,364.4,730.9,277.0,163.20000000000005,1,1,1.0
93,4,499.9,330.2,230.5,250.59999999999997,1,1,1.0
93,5,322.3,573.1,199.84999999999997,166.39999999999998,1,1,1.0
93,6,370.0,443.0,167.79999999999995,161.60000000000002,1,1,1.0
93,7,1671.1,387.0,114.21000000000004,130.60000000000002,1,1,0.0
93,8,1412.4,405.4,260.5,150.0,1,1,1.0
93,9,883.5,401.9,214.20000000000005,234.39999999999998,1,1,1.0
93,10,756.5,620.1,397.70000000000005,214.19999999999993,1,1,1.0
94,1,352.3,609.0,359.8,141.0,1,1,1.0
94,2,702.4,287.6,253.89999999999998,132.89999999999998,1,1,1.0
94,3,334.7,734.1,305.50000000000006,158.5,1,1,1.0
94,4,513.2,336.6,191.89999999999998,254.29999999999995,1,1,1.0
94,5,302.9,569.4,225.20000000000005,170.10000000000002,1,1,1.0
94,6,338.1,443.0,212.19999999999993,152.0,1,1,1.0
94,7,1667.2,391.9,118.1099999999999,156.10000000000002,1,1,0.0
94,8,1406.2,405.8,264.5,145.2,1,1,1.0
94,9,883.5,399.2,217.20000000000005,237.09999999999997,1,1,1.0
94,10,756.5,620.1,397.70000000000005,217.79999999999995,1,1,1.0
95,1,352.3,609.0,359.8,141.0,1,1,1.0
95,2,700.9,262.36,261.07000000000005,163.14,1,1,1.0
95,3,326.7,731.4,315.7,160.80000000000007,1,1,1.0
95,4,541.9,306.3,116.60000000000002,173.59999999999997,1,1,0.0
95,5,305.4,565.2,222.60000000000002,174.29999999999995,1,1,1.0
95,6,340.2,440.6,230.00000000000006,158.0,1,1,1.0
95,7,1668.1,413.6,117.21000000000004,137.60000000000002,1,1,0.0
95,8,1373.9,403.9,296.79999999999995,147.10000000000002,1,1,1.0
95,9,883.5,397.6,214.20000000000005,238.69999999999993,1,1,1.0
95,10,760.5,623.6,394.5999999999999,210.69999999999993,1,1,1.0
96,1,375.1,602.6,333.29999999999995,147.39999999999998,1,1,1.0
96,2,729.85,288.1,229.14999999999998,224.07999999999993,1,1,1.0
96,3,314.0,733.5,327.1,158.70000000000005,1,1,1.0
96,4,551.9,306.3,79.5,128.39999999999998,1,1,0.0
96,5,311.4,565.7,230.39999999999998,173.79999999999995,1,1,1.0
96,6,359.3,439.8,210.90000000000003,158.40000000000003,1,1,1.0
96,7,1665.9,413.6,119.40999999999985,137.60000000000002,1,1,1.0
96,8,1381.9,403.9,288.79999999999995,147.10000000000002,1,1,1.0
96,9,883.5,382.7,214.20000000000005,256.2,1,1,1.0
96,10,760.5,623.6,394.5999999999999,210.69999999999993,1,1,1.0
97,1,366.6,614.3,341.79999999999995,135.70000000000005,1,1,1.0
97,2,666.6,339.45,229.5,269.25000000000006,1,1,1.0
97,3,314.0,733.5,327.9,158.20000000000005,1,1,1.0
97,4,562.6,306.3,77.79999999999995,72.09999999999997,1,1,0.0
97,5,332.1,574.7,211.29999999999995,168.39999999999998,1,1,1.0
97,6,410.3,439.8,159.90000000000003,148.8,1,1,1.0
97,7,1615.9,420.7,169.40999999999985,147.3,1,1,1.0
97,8,1381.9,403.9,275.0999999999999,147.10000000000002,1,1,1.0
97,9,883.07,384.42,218.9999999999999,253.59999999999997,1,1,1.0
97,10,770.2,629.4,386.70000000000005,204.89999999999998,1,1,1.0
98,1,361.3,619.6,347.09999999999997,130.39999999999998,1,1,1.0
98,2,574.46,382.84,313.24,131.56,1,1,1.0
98,3,346.4,733.5,294.20000000000005,157.39999999999998,1,1,1.0
98,4,554.1,301.5,78.29999999999995,58.80000000000001,1,1,0.0
98,5,327.3,587.5,216.09999999999997,159.20000000000005,1,1,0.0
98,6,412.96,466.89,195.44,155.21000000000004,1,1,1.0
98,7,1569.42,539.3,215.87999999999988,159.30000000000007,1,1,1.0
98,8,1260.6,405.67,289.70000000000005,207.72999999999996,1,1,1.0
98,9,883.5,396.0,219.0,240.29999999999995,1,1,1.0
98,10,748.1,636.0,416.30000000000007,198.29999999999995,1,1,1.0
99,1,368.2,619.6,340.2,125.69999999999993,1,1,1.0
99,2,564.7,374.9,326.0999999999999,139.5,1,1,1.0
99,3,343.7,733.5,296.50000000000006,159.10000000000002,1,1,1.0
99,4,548.38,289.09,85.01999999999998,60.31,1,1,0.0
99,5,319.9,572.8,215.60000000000002,166.70000000000005,1,1,1.0
99,6,467.14,463.17,223.56000000000006,182.32999999999998,1,1,1.0
99,7,1551.26,559.22,234.44000000000005,152.17999999999995,1,1,1.0
99,8,1198.62,387.52,282.58000000000015,156.77999999999997,1,1,1.0
99,9,893.1,390.7,209.39999999999998,292.90000000000003,1,1,1.0
99,10,745.0,634.2,423.4000000000001,190.79999999999995,1,1,1.0
100,1,368.2,619.6,340.2,130.39999999999998,1,1,1.0
100,2,558.5,378.9,334.1,138.10000000000002,1,1,1.0
100,3,324.6,733.5,315.6,159.10000000000002,1,1,1.0
100,4,554.1,298.9,77.79999999999995,54.5,1,1,0.0
100,5,325.7,569.3,208.7,170.20000000000005,1,1,1.0
100,6,467.14,447.8,223.56000000000006,190.8,1,1,1.0
100,7,1543.3,508.3,242.4000000000001,196.49999999999994,1,1,1.0
100,8,1180.47,387.52,294.53,140.38,1,1,1.0
100,9,886.7,377.4,193.0,296.6,1,1,1.0
100,10,749.4,634.2,419.0000000000001,190.79999999999995,1,1,1.0
101,1,374.0,619.6,334.4,130.39999999999998,1,1,1.0
101,2,568.7,384.2,324.5999999999999,132.8,1,1,1.0
101,3,328.8,733.5,314.59999999999997,159.10000000000002,1,1,1.0
101,4,554.1,299.4,77.79999999999995,55.700000000000045,1,1,0.0
101,5,302.9,566.1,230.80000000000007,176.60000000000002,1,1,1.0
101,6,460.2,444.6,226.8,194.0,1,1,1.0
101,7,1500.8,508.3,284.9000000000001,187.59999999999997,1,1,1.0
101,8,1180.47,387.52,291.8299999999999,141.68000000000006,1,1,1.0
101,9,872.9,368.9,195.10000000000002,288.80000000000007,1,1,1.0
101,10,749.4,633.3,420.30000000000007,191.70000000000005,1,1,1.0
102,1,369.2,619.6,336.00000000000006,130.39999999999998,1,1,1.0
102,2,550.1,386.9,338.5,125.80000000000007,1,1,1.0
102,3,323.9,729.8,321.20000000000005,162.80000000000007,1,1,1.0
102,4,559.1,298.6,70.60000000000002,51.099999999999966,1,1,0.0
102,5,297.1,562.6,241.0,179.10000000000002,1,1,1.0
102,6,460.2,444.6,226.8,194.0,1,1,1.0
102,7,1475.57,490.59,310.53,211.91000000000003,1,1,1.0
102,8,1196.9,363.6,273.5999999999999,175.79999999999995,1,1,1.0
102,9,885.7,338.1,182.29999999999995,326.9,1,1,1.0
102,10,757.8,633.3,411.9000000000001,188.60000000000002,1,1,1.0
103,1,385.67,559.04,302.03000000000003,185.16000000000008,1,1,1.0
103,2,502.29,369.19,292.41,119.31,1,1,1.0
103,3,320.9,727.7,322.5,162.29999999999995,1,1,1.0
103,4,551.61,302.57,74.59000000000003,47.829999999999984,1,1,0.0
103,5,314.1,532.0,228.19999999999993,207.5,1,1,1.0
103,6,463.9,452.6,223.10000000000002,195.0,1,1,1.0
103,7,1499.5,491.0,243.70000000000005,226.10000000000002,1,1,1.0
103,8,1169.45,379.54,272.25,196.56,1,1,1.0
103,9,861.8,364.7,209.60000000000014,300.3,1,1,1.0
103,10,757.8,636.0,412.29999999999995,185.89999999999998,1,1,1.0
104,1,316.43,490.1,239.57,142.10000000000002,1,1,1.0
104,2,350.0,368.6,372.20000000000005,141.78999999999996,1,1,1.0
104,3,327.3,719.6,316.09999999999997,173.0,1,1,1.0
104,4,556.34,300.82,69.05999999999995,49.079999999999984,1,1,0.0
104,5,363.0,581.3,147.89999999999998,170.4000000000001,1,1,1.0
104,6,497.37,496.16,227.92999999999995,207.73999999999995,1,1,1.0
104,7,1365.82,506.53,342.8800000000001,214.57000000000005,1,1,1.0
104,8,878.15,247.61,344.85,149.19,1,1,1.0
104,9,823.55,409.86,286.45000000000005,257.24,1,1,1.0
104,10,752.3,643.5,422.70000000000005,178.39999999999998,1,1,1.0
105,1,322.2,489.1,252.00000000000006,156.79999999999995,1,1,1.0
105,2,353.54,380.7,365.46,126.59000000000003,1,1,1.0
105,3,337.9,708.0,289.6,189.89999999999998,1,1,1.0
105,4,559.33,300.82,65.46999999999991,46.879999999999995,1,1,0.0
105,5,357.7,588.21,215.90000000000003,208.08999999999992,1,1,1.0
105,6,505.87,494.0,217.13,274.71000000000004,1,1,1.0
105,7,1105.51,400.72,307.49,149.27999999999997,1,1,1.0
105,8,799.35,265.32,366.05000000000007,123.98000000000002,1,1,1.0
105,9,795.4,447.6,310.9,209.89999999999998,1,1,1.0
105,10,766.2,650.1,415.39999999999986,155.39999999999998,1,1,1.0
106,1,360.45,612.9,123.05000000000001,281.9,1,1,1.0
106,2,336.3,380.7,356.09999999999997,134.09999999999997,1,1,1.0
106,3,329.1,719.7,304.19999999999993,185.0999999999999,1,1,1.0
106,4,549.12,301.57,75.17999999999995,47.829999999999984,1,1,0.0
106,5,415.59,692.86,284.41,182.03999999999996,1,1,1.0
106,6,498.43,446.2,253.96999999999997,278.95,1,1,1.0
106,7,865.56,389.6,367.24,133.60000000000002,1,1,1.0
106,8,811.7,255.1,351.0,134.20000000000002,1,1,1.0
106,9,672.68,442.29,289.12,171.60999999999996,1,1,1.0
106,10,800.3,649.7,372.4000000000001,155.79999999999995,1,1,1.0
107,1,372.26,691.85,141.53999999999996,253.85000000000002,1,1,1.0
107,2,321.69,428.5,313.10999999999996,141.64,1,1,1.0
107,3,327.8,711.2,288.49999999999994,211.0999999999999,1,1,1.0
107,4,558.83,300.33,65.16999999999996,49.06999999999999,1,1,0.0
107,5,483.06,709.86,264.23999999999995,184.14,1,1,1.0
107,6,386.87,531.2,280.53,165.78999999999996,1,1,1.0
107,7,870.0,382.6,338.5,140.60000000000002,1,1,1.0
107,8,852.0,255.1,310.70000000000005,134.20000000000002,1,1,1.0
107,9,639.75,353.04,290.75,181.66000000000003,1,1,1.0
107,10,781.3,636.0,386.5,169.5,1,1,1.0
108,1,374.47,782.6,229.32999999999993,166.39999999999998,1,1,1.0
108,2,312.0,441.4,312.6,128.74,1,1,1.0
108,3,336.3,707.8,284.8,183.20000000000005,1,1,1.0
108,4,559.58,305.06,65.21999999999991,40.639999999999986,1,1,0.0
108,5,513.88,717.3,286.52,176.70000000000005,1,1,1.0
108,6,382.6,539.7,278.4,157.28999999999996,1,1,1.0
108,7,890.8,361.8,306.20000000000005,173.40000000000003,1,1,1.0
108,8,854.7,255.1,308.0,131.70000000000002,1,1,1.0
108,9,607.34,386.5,290.75,144.48000000000002,1,1,1.0
108,10,779.6,633.8,385.9999999999999,171.70000000000005,1,1,1.0
109,1,454.16,833.52,265.34,109.58000000000004,1,1,1.0
109,2,300.9,441.4,333.0,131.60000000000002,1,1,1.0
109,3,287.96,665.49,289.74000000000007,181.30999999999995,1,1,1.0
109,4,552.36,304.56,73.13999999999999,42.339999999999975,1,1,0.0
109,5,534.06,715.71,271.1400000000001,166.58999999999992,1,1,1.0
109,6,377.8,541.8,285.90000000000003,155.19000000000005,1,1,1.0
109,7,851.4,373.8,345.19999999999993,170.3,1,1,1.0
109,8,858.2,249.8,304.5,135.5,1,1,1.0
109,9,606.28,400.7,292.4200000000001,141.44,1,1,1.0
109,10,779.6,634.7,384.19999999999993,170.79999999999995,1,1,1.0
110,1,488.46,759.4,243.04000000000002,187.39,1,1,1.0
110,2,302.7,444.1,331.2,126.03999999999996,1,1,1.0
110,3,291.1,656.5,288.0,182.89999999999998,1,1,1.0
110,4,561.32,301.57,65.17999999999995,51.329999999999984,1,1,0.0
110,5,635.0,669.0,221.20000000000005,196.89999999999998,1,1,1.0
110,6,353.9,558.3,310.9,129.70000000000005,1,1,1.0
110,7,809.7,395.9,393.89999999999986,146.30000000000007,1,1,1.0
110,8,850.2,241.8,312.5,149.59999999999997,1,1,1.0
110,9,548.37,416.8,339.13,148.70999999999998,1,1,1.0
110,10,793.3,634.7,370.5,181.89999999999998,1,1,1.0
111,1,459.8,479.3,220.09999999999997,321.40000000000003,1,1,1.0
111,2,311.1,444.1,322.79999999999995,120.69999999999993,1,1,1.0
111,3,294.1,652.8,296.69999999999993,157.4000000000001,1,1,1.0
111,4,555.34,302.57,70.15999999999997,52.03000000000003,1,1,0.0
111,5,638.19,554.3,284.40999999999997,188.81000000000006,1,1,1.0
111,6,335.31,551.92,225.39000000000004,123.48000000000002,1,1,1.0
111,7,783.62,399.4,369.4799999999999,176.99,1,1,1.0
111,8,850.2,241.8,309.39999999999986,150.89999999999998,1,1,1.0
111,9,551.0,417.9,360.9,147.61,1,1,1.0
111,10,799.1,634.7,364.69999999999993,181.89999999999998,1,1,1.0
112,1,385.79,394.2,271.10999999999996,192.2,1,1,1.0
112,2,321.3,487.9,141.7,76.89999999999998,1,1,0.0
112,3,306.0,640.5,287.5,161.70000000000005,1,1,1.0
112,4,556.8,306.3,67.0,47.599999999999966,1,1,0.0
112,5,731.69,550.6,345.01,126.39999999999998,1,1,1.0
112,6,300.78,536.0,307.72,131.83000000000004,1,1,1.0
112,7,792.9,402.9,365.1,173.49,1,1,1.0
112,8,811.7,252.0,347.89999999999986,140.7,1,1,1.0
112,9,569.1,408.9,352.4,161.39999999999998,1,1,1.0
112,10,799.1,634.7,364.69999999999993,181.89999999999998,1,1,1.0
113,1,375.61,429.1,271.11,185.18999999999994,1,1,1.0
113,2,327.94,429.9,214.26000000000005,145.10000000000002,1,1,1.0
113,3,312.4,666.5,287.5,133.0,1,1,1.0
113,4,562.6,306.3,62.39999999999998,47.099999999999966,1,1,0.0
113,5,779.5,509.2,329.0999999999999,162.59999999999997,1,1,1.0
113,6,306.62,562.6,249.77999999999997,116.91999999999996,1,1,1.0
113,7,759.7,404.23,392.0999999999999,173.49,1,1,1.0
113,8,812.1,252.0,344.4,139.7,1,1,1.0
113,9,546.79,437.6,266.31000000000006,253.28999999999996,1,1,1.0
113,10,770.8,634.7,393.0,181.89999999999998,1,1,1.0
114,1,362.33,430.9,252.07,200.64999999999998,1,1,1.0
114,2,315.8,431.3,229.7,136.2,1,1,1.0
114,3,312.4,670.2,293.30000000000007,120.29999999999995,1,1,1.0
114,4,543.6,305.3,89.39999999999998,125.80000000000001,1,1,0.0
114,5,790.7,510.8,320.02,164.7,1,1,1.0
114,6,306.62,585.4,259.38,94.12,1,1,1.0
114,7,742.87,470.6,337.2299999999999,156.26,1,1,1.0
114,8,810.8,252.0,345.70000000000005,141.5,1,1,1.0
114,9,521.3,480.1,298.70000000000005,243.19999999999993,1,1,1.0
114,10,788.1,632.5,369.9,184.10000000000002,1,1,1.0
115,1,322.04,464.1,277.75999999999993,165.67999999999995,1,1,1.0
115,2,309.3,419.7,298.40000000000003,143.50000000000006,1,1,1.0
115,3,301.8,667.1,305.8,123.39999999999998,1,1,1.0
115,4,867.6,341.23,272.19999999999993,151.87,1,1,1.0
115,5,794.9,526.7,312.1,151.5999999999999,1,1,1.0
115,6,299.7,572.1,296.59999999999997,107.41999999999996,1,1,1.0
115,7,686.65,483.88,342.65,115.91999999999996,1,1,1.0
115,8,831.6,249.5,328.4,119.39999999999998,1,1,1.0
115,9,535.11,561.9,253.59000000000003,205.49,1,1,1.0
115,10,816.9,635.6,342.4,181.0,1,1,1.0
116,1,319.8,457.9,286.99999999999994,171.88,1,1,1.0
116,2,302.7,420.6,301.50000000000006,137.10000000000002,1,1,1.0
116,3,301.8,667.1,282.09999999999997,139.89999999999998,1,1,1.0
116,4,994.13,350.45,265.57000000000005,151.87,1,1,1.0
116,5,794.9,519.3,312.1,159.0,1,1,1.0
116,6,294.4,584.3,307.20000000000005,100.80000000000007,1,1,1.0
116,7,552.51,347.53,307.59000000000003,180.97000000000003,1,1,1.0
116,8,816.1,252.0,343.9,132.8,1,1,1.0
116,9,477.21,601.2,261.59,266.06999999999994,1,1,1.0
116,10,847.4,635.6,311.9,199.19999999999993,1,1,1.0
117,1,331.3,469.9,278.2,154.10000000000002,1,1,1.0
117,2,310.7,420.6,294.90000000000003,137.10000000000002,1,1,1.0
117,3,294.9,667.1,280.5,163.29999999999995,1,1,1.0
117,4,982.3,359.8,273.70000000000005,152.2,1,1,1.0
117,5,794.9,519.3,312.1,159.0,1,1,1.0
117,6,294.4,582.2,312.0,101.0,1,1,1.0
117,7,548.97,309.01,156.63,98.59000000000003,1,1,0.0
117,8,816.1,252.0,343.9,140.3,1,1,1.0
117,9,458.61,714.4,297.68999999999994,215.55000000000007,1,1,1.0
117,10,852.3,636.9,301.70000000000005,201.0,1,1,1.0
118,1,398.1,461.9,199.39999999999998,145.70000000000005,1,1,1.0
118,2,320.0,403.8,278.4,156.49999999999994,1,1,1.0
118,3,298.6,667.1,276.79999999999995,151.10000000000002,1,1,1.0
118,4,977.1,360.3,277.69999999999993,153.8,1,1,1.0
118,5,794.9,519.3,312.1,159.0,1,1,1.0
118,6,313.5,584.3,289.70000000000005,98.90000000000009,1,1,1.0
118,7,557.4,309.01,123.0,96.38999999999999,1,1,0.0
118,8,819.7,252.0,340.29999999999995,140.3,1,1,1.0
118,9,404.5,807.9,322.6,122.05000000000007,1,1,1.0
118,10,852.3,641.8,297.70000000000005,196.10000000000002,1,1,1.0
119,1,384.4,492.9,204.20000000000005,102.30000000000007,1,1,1.0
119,2,319.11,387.4,312.49,144.14,1,1,1.0
119,3,294.3,671.8,287.49999999999994,146.4000000000001,1,1,1.0
119,4,984.5,371.1,274.4000000000001,147.39999999999998,1,1,1.0
119,5,797.0,524.6,310.0,156.39999999999998,1,1,1.0
119,6,314.0,578.5,295.0,104.70000000000005,1,1,1.0
119,7,557.4,305.1,106.20000000000005,53.39999999999998,1,1,0.0
119,8,824.1,252.0,335.9,141.39999999999998,1,1,1.0
119,9,383.71,799.4,325.29,126.80000000000007,1,1,1.0
119,10,845.2,640.9,307.5,188.60000000000002,1,1,1.0
120,1,353.4,492.9,244.10000000000002,102.30000000000007,1,1,1.0
120,2,319.11,391.4,315.99,128.5,1,1,1.0
120,3,294.3,668.7,287.49999999999994,143.0999999999999,1,1,1.0
120,4,974.5,352.7,289.79999999999995,160.7,1,1,1.0
120,5,797.0,510.3,310.0,170.7,1,1,1.0
120,6,329.9,578.5,277.0,104.70000000000005,1,1,1.0
120,7,557.4,305.8,106.20000000000005,46.89999999999998,1,1,0.0
120,8,821.9,252.0,338.1,140.3,1,1,1.0
120,9,381.6,799.4,327.4,126.80000000000007,1,1,1.0
120,10,839.4,644.0,313.30000000000007,185.5,1,1,1.0
121,1,344.1,492.9,245.0,102.30000000000007,1,1,1.0
121,2,312.5,391.4,322.6,127.89999999999998,1,1,1.0
121,3,279.0,669.6,306.5,134.79999999999995,1,1,1.0
121,4,821.6,385.53,313.30000000000007,168.07000000000005,1,1,1.0
121,5,799.4,510.3,307.6,171.3,1,1,1.0
121,6,329.9,578.5,277.0,108.10000000000002,1,1,1.0
121,7,564.0,309.01,99.60000000000002,43.69,1,1,0.0
121,8,842.3,252.0,317.70000000000005,132.39999999999998,1,1,1.0
121,9,391.7,799.4,317.3,126.80000000000007,1,1,1.0
121,10,839.4,644.0,313.30000000000007,185.5,1,1,1.0
