1,1,1086.5,442.7,289.5,245.40000000000003,1,1,1.0
1,2,430.8,715.1,206.8,211.39999999999998,1,1,1.0
1,3,298.9,261.7,122.40000000000003,273.90000000000003,1,1,0.0
1,4,944.6,404.3,210.39999999999998,304.40000000000003,1,1,1.0
1,5,831.5,387.1,186.70000000000005,307.1,1,1,1.0
1,6,579.8,744.4,314.80000000000007,185.0,1,1,1.0
1,7,629.4,257.9,195.60000000000002,353.5,1,1,1.0
1,8,556.3,540.4,345.6,195.60000000000002,1,1,1.0
1,9,482.8,552.4,324.7,228.60000000000002,1,1,1.0
1,10,152.2,581.0,287.2,115.10000000000002,1,1,1.0
2,1,1111.8,426.4,257.0,234.60000000000002,1,1,1.0
2,2,436.1,715.1,200.0,212.19999999999993,1,1,1.0
2,3,311.5,259.8,109.80000000000001,305.90000000000003,1,1,1.0
2,4,947.1,388.0,201.60000000000002,284.29999999999995,1,1,1.0
2,5,831.5,387.1,182.89999999999998,300.29999999999995,1,1,1.0
2,6,579.8,744.4,319.0,185.70000000000005,1,1,1.0
2,7,639.2,300.7,227.5,369.7,1,1,1.0
2,8,559.3,536.6,336.6,191.89999999999998,1,1,1.0
2,9,512.9,566.7,327.0,210.5,1,1,1.0
2,10,157.8,582.4,280.9,110.89999999999998,1,1,1.0
3,1,1086.5,432.7,284.0999999999999,231.00000000000006,1,1,1.0
3,2,464.7,715.1,175.90000000000003,212.19999999999993,1,1,1.0
3,3,306.2,265.1,141.8,275.5,1,1,1.0
3,4,969.1,362.9,196.4999999999999,312.5,1,1,1.0
3,5,834.2,389.4,181.0,314.20000000000005,1,1,1.0
3,6,581.2,770.8,345.4,156.5,1,1,1.0
3,7,645.6,319.2,195.60000000000002,334.40000000000003,1,1,1.0
3,8,563.1,534.3,327.5,198.70000000000005,1,1,1.0
3,9,522.7,557.7,302.0999999999999,223.29999999999995,1,1,1.0
3,10,149.5,581.7,284.3,109.5,1,1,1.0
4,1,1083.5,429.7,287.0999999999999,231.7,1,1,1.0
4,2,403.7,715.9,233.90000000000003,212.89999999999998,1,1,1.0
4,3,306.2,418.1,157.3,91.0,1,1,1.0
4,4,967.2,357.9,187.0999999999999,323.20000000000005,1,1,1.0
4,5,836.8,381.9,155.80000000000007,310.6,1,1,1.0
4,6,594.4,781.2,305.80000000000007,141.19999999999993,1,1,1.0
4,7,638.7,308.8,218.69999999999993,340.8,1,1,1.0
4,8,565.4,529.8,334.20000000000005,200.20000000000005,1,1,1.0
4,9,521.9,553.9,290.1,246.70000000000005,1,1,1.0
4,10,134.2,578.9,303.1,112.30000000000007,1,1,1.0
5,1,1051.1,430.5,322.5,255.0,1,1,1.0
5,2,390.9,713.6,245.89999999999998,215.19999999999993,1,1,1.0
5,3,286.6,436.9,181.39999999999998,100.10000000000002,1,1,1.0
5,4,963.4,359.2,188.39999999999998,370.3,1,1,1.0
5,5,833.8,381.9,164.10000000000002,328.70000000000005,1,1,1.0
5,6,595.8,768.0,370.4000000000001,142.60000000000002,1,1,1.0
5,7,641.0,319.2,215.20000000000005,332.09999999999997,1,1,1.0
5,8,566.2,529.8,345.5,201.70000000000005,1,1,1.0
5,9,516.6,558.4,313.5,225.60000000000002,1,1,1.0
5,10,161.3,581.0,273.2,113.70000000000005,1,1,1.0
6,1,1021.7,430.5,344.39999999999986,270.1,1,1,1.0
6,2,365.3,697.0,264.7,231.79999999999995,1,1,1.0
6,3,296.4,381.9,268.80000000000007,137.80000000000007,1,1,1.0
6,4,945.8,371.8,188.4000000000001,354.59999999999997,1,1,1.0
6,5,835.3,381.9,161.10000000000002,312.9,1,1,1.0
6,6,597.2,743.7,382.19999999999993,161.29999999999995,1,1,1.0
6,7,641.0,319.2,204.79999999999995,313.59999999999997,1,1,1.0
6,8,563.9,531.3,334.20000000000005,198.70000000000005,1,1,1.0
6,9,512.8,564.4,293.20000000000005,227.10000000000002,1,1,1.0
6,10,153.0,583.1,278.7,111.60000000000002,1,1,1.0
7,1,1120.4,417.7,241.89999999999986,263.3,1,1,1.0
7,2,377.3,705.3,245.2,221.20000000000005,1,1,1.0
7,3,383.8,279.4,300.49999999999994,211.70000000000005,1,1,1.0
7,4,932.6,413.2,204.10000000000002,324.50000000000006,1,1,1.0
7,5,834.5,390.2,158.10000000000002,322.7,1,1,1.0
7,6,597.2,727.7,322.5,175.19999999999993,1,1,1.0
7,7,640.4,311.7,201.30000000000007,290.40000000000003,1,1,1.0
7,8,565.4,529.0,334.20000000000005,213.10000000000002,1,1,1.0
7,9,515.8,565.2,320.30000000000007,218.79999999999995,1,1,1.0
7,10,153.0,583.1,278.0,107.39999999999998,1,1,1.0
8,1,1116.6,421.5,248.0,255.0,1,1,1.0
8,2,391.6,701.5,229.39999999999998,225.0,1,1,1.0
8,3,524.7,256.8,339.0,99.39999999999998,1,1,1.0
8,4,933.2,421.4,201.0,337.6,1,1,1.0
8,5,833.7,415.8,154.39999999999998,296.3,1,1,1.0
8,6,594.4,767.3,366.30000000000007,139.80000000000007,1,1,1.0
8,7,635.8,314.0,203.60000000000002,288.70000000000005,1,1,1.0
8,8,569.9,524.5,321.4,223.60000000000002,1,1,1.0
8,9,512.0,569.0,315.0,209.0,1,1,1.0
8,10,155.1,583.1,275.9,108.10000000000002,1,1,1.0
9,1,1105.2,407.2,245.0999999999999,252.7,1,1,1.0
9,2,385.6,702.3,229.39999999999998,231.0,1,1,1.0
9,3,595.5,238.0,295.29999999999995,195.8,1,1,1.0
9,4,921.3,422.7,205.4000000000001,330.00000000000006,1,1,1.0
9,5,813.4,422.6,158.89999999999998,276.69999999999993,1,1,1.0
9,6,597.2,771.5,386.4,126.60000000000002,1,1,1.0
9,7,638.1,307.1,180.5,317.6,1,1,1.0
9,8,569.9,524.5,333.5,205.5,1,1,1.0
9,9,507.5,569.0,327.79999999999995,209.0,1,1,1.0
9,10,175.9,583.8,257.9,106.70000000000005,1,1,1.0
10,1,1127.9,399.7,217.0999999999999,290.3,1,1,1.0
10,2,440.9,709.8,183.89999999999998,233.30000000000007,1,1,1.0
10,3,716.1,222.2,175.5,323.90000000000003,1,1,1.0
10,4,925.7,421.4,212.29999999999995,305.6,1,1,1.0
10,5,808.9,424.9,170.20000000000005,263.9,1,1,1.0
10,6,597.2,771.5,369.69999999999993,125.20000000000005,1,1,1.0
10,7,639.3,311.2,177.0,303.09999999999997,1,1,1.0
10,8,570.7,526.0,332.69999999999993,204.0,1,1,1.0
10,9,518.0,560.7,333.1,220.29999999999995,1,1,1.0
10,10,175.9,583.8,259.29999999999995,106.70000000000005,1,1,1.0
11,1,1124.5,404.1,221.29999999999995,284.5,1,1,1.0
11,2,452.6,716.6,173.0,234.79999999999995,1,1,1.0
11,3,725.9,260.6,144.60000000000002,294.5,1,1,1.0
11,4,971.5,342.9,157.0999999999999,328.80000000000007,1,1,1.0
11,5,811.2,420.4,167.89999999999998,287.30000000000007,1,1,1.0
11,6,592.3,736.1,327.4000000000001,171.69999999999993,1,1,1.0
11,7,642.8,311.2,173.5,315.3,1,1,1.0
11,8,570.7,526.0,320.5999999999999,216.10000000000002,1,1,1.0
11,9,513.5,560.7,309.0,221.69999999999993,1,1,1.0
11,10,175.2,584.5,261.40000000000003,108.79999999999995,1,1,1.0
12,1,1128.6,399.91,215.68000000000006,301.09,1,1,1.0
12,2,458.6,714.3,169.29999999999995,231.10000000000002,1,1,1.0
12,3,738.0,271.1,134.79999999999995,291.5,1,1,1.0
12,4,971.5,338.5,147.70000000000005,343.20000000000005,1,1,1.0
12,5,819.5,414.4,150.60000000000002,316.70000000000005,1,1,1.0
12,6,595.1,746.5,323.9,158.5,1,1,1.0
12,7,646.3,312.4,175.20000000000005,310.0,1,1,1.0
12,8,569.2,526.0,304.79999999999995,222.10000000000002,1,1,1.0
12,9,509.0,562.2,304.5,225.5999999999999,1,1,1.0
12,10,175.2,584.5,261.40000000000003,110.89999999999998,1,1,1.0
13,1,1152.7,386.1,199.0999999999999,285.9,1,1,1.0
13,2,451.1,717.3,176.79999999999995,231.10000000000002,1,1,1.0
13,3,738.0,271.1,134.79999999999995,280.19999999999993,1,1,1.0
13,4,972.1,334.7,148.39999999999998,323.8,1,1,1.0
13,5,819.5,415.9,144.60000000000002,310.70000000000005,1,1,1.0
13,6,594.5,743.0,322.4,161.29999999999995,1,1,1.0
13,7,644.0,311.8,178.29999999999995,330.09999999999997,1,1,1.0
13,8,570.8,522.2,311.5,223.5999999999999,1,1,1.0
13,9,515.8,558.4,296.9000000000001,227.89999999999998,1,1,1.0
13,10,168.3,581.0,272.5,113.0,1,1,1.0
14,1,1139.1,392.1,242.80000000000018,273.9,1,1,1.0
14,2,441.3,713.5,185.09999999999997,231.10000000000002,1,1,1.0
14,3,741.0,262.1,131.0,290.0,1,1,1.0
14,4,976.5,330.9,139.5999999999999,349.6,1,1,1.0
14,5,820.3,415.9,135.5,314.5,1,1,1.0
14,6,595.3,743.0,321.6,161.29999999999995,1,1,1.0
14,7,642.8,310.1,182.80000000000007,337.19999999999993,1,1,1.0
14,8,570.8,519.9,301.70000000000005,239.5,1,1,1.0
14,9,515.0,554.6,254.70000000000005,249.79999999999995,1,1,1.0
14,10,158.6,582.4,282.9,110.89999999999998,1,1,1.0
15,1,1076.6,407.2,298.5,249.00000000000006,1,1,1.0
15,2,438.3,712.7,198.09999999999997,231.0999999999999,1,1,1.0
15,3,731.2,235.7,173.19999999999993,276.50000000000006,1,1,1.0
15,4,972.9,335.3,147.60000000000002,358.99999999999994,1,1,1.0
15,5,820.3,415.9,136.30000000000007,326.6,1,1,1.0
15,6,594.3,752.7,324.70000000000005,148.79999999999995,1,1,1.0
15,7,645.1,311.8,176.39999999999998,306.59999999999997,1,1,1.0
15,8,573.8,518.4,289.70000000000005,255.30000000000007,1,1,1.0
15,9,519.5,550.1,297.70000000000005,239.19999999999993,1,1,1.0
15,10,168.3,581.0,272.5,114.39999999999998,1,1,1.0
16,1,1061.5,411.0,306.0999999999999,257.29999999999995,1,1,1.0
16,2,463.2,688.6,160.2,254.39999999999998,1,1,1.0
16,3,735.7,234.2,168.69999999999993,265.2,1,1,1.0
16,4,973.4,333.4,151.5000000000001,355.20000000000005,1,1,1.0
16,5,819.5,422.7,137.10000000000002,319.8,1,1,1.0
16,6,596.4,739.5,322.6,162.70000000000005,1,1,1.0
16,7,643.9,315.3,176.39999999999998,297.3,1,1,1.0
16,8,576.0,518.4,303.4,248.5,1,1,1.0
16,9,510.5,563.7,311.20000000000005,223.5999999999999,1,1,1.0
16,10,191.9,582.4,241.99999999999997,119.20000000000005,1,1,1.0
17,1,1034.4,418.5,319.5999999999999,285.20000000000005,1,1,1.0
17,2,456.4,699.9,165.80000000000007,245.39999999999998,1,1,1.0
17,3,733.4,237.2,171.0,257.7,1,1,1.0
17,4,970.9,337.8,154.0000000000001,388.49999999999994,1,1,1.0
17,5,818.0,418.2,137.10000000000002,315.3,1,1,1.0
17,6,593.6,740.7,325.4,161.5,1,1,1.0
17,7,639.3,315.3,181.0,310.59999999999997,1,1,1.0
17,8,579.0,517.6,302.6,247.0,1,1,1.0
17,9,514.3,563.7,299.1,225.5,1,1,1.0
17,10,172.5,580.3,267.0,130.30000000000007,1,1,1.0
18,1,1018.6,418.5,317.30000000000007,284.4,1,1,1.0
18,2,451.1,699.9,172.19999999999993,251.39999999999998,1,1,1.0
18,3,728.9,247.7,172.5,244.90000000000003,1,1,1.0
18,4,958.3,352.2,175.4000000000001,342.09999999999997,1,1,1.0
18,5,816.5,413.7,137.79999999999995,309.3,1,1,1.0
18,6,594.3,742.3,326.1,157.70000000000005,1,1,1.0
18,7,641.6,310.6,174.69999999999993,312.4,1,1,1.0
18,8,576.0,519.9,327.4,213.10000000000002,1,1,1.0
18,9,512.8,563.7,283.24,225.5,1,1,1.0
18,10,220.4,566.4,215.6,181.0,1,1,1.0
19,1,1051.0,407.2,281.9000000000001,263.3,1,1,1.0
19,2,443.5,686.3,179.29999999999995,264.20000000000005,1,1,1.0
19,3,722.9,236.4,209.39999999999998,275.0,1,1,1.0
19,4,958.3,357.9,178.5,309.4,1,1,1.0
19,5,818.0,431.0,133.29999999999995,301.79999999999995,1,1,1.0
19,6,594.3,739.5,326.1,164.10000000000002,1,1,1.0
19,7,642.2,308.3,179.89999999999998,329.7,1,1,1.0
19,8,574.5,520.7,314.6,212.29999999999995,1,1,1.0
19,9,514.3,561.4,294.5,227.0,1,1,1.0
19,10,249.6,553.9,177.4,242.10000000000002,1,1,1.0
20,1,1020.1,486.3,328.6,233.09999999999997,1,1,1.0
20,2,447.5,712.7,175.89999999999998,233.29999999999995,1,1,1.0
20,3,728.2,242.4,196.5999999999999,275.0,1,1,1.0
20,4,959.6,347.9,175.9999999999999,305.0,1,1,1.0
20,5,815.0,426.5,137.0,287.79999999999995,1,1,1.0
20,6,595.4,776.3,325.70000000000005,121.70000000000005,1,1,1.0
20,7,647.4,310.0,183.0,342.29999999999995,1,1,1.0
20,8,577.5,517.7,343.20000000000005,224.29999999999995,1,1,1.0
20,9,503.7,562.9,259.90000000000003,245.10000000000002,1,1,1.0
20,10,256.5,631.7,156.10000000000002,274.0,1,1,1.0
21,1,997.5,582.8,387.4000000000001,149.4000000000001,1,1,1.0
21,2,453.2,668.9,166.40000000000003,282.4,1,1,1.0
21,3,707.9,252.9,188.30000000000007,234.4,1,1,1.0
21,4,971.5,338.5,158.4000000000001,351.4,1,1,1.0
21,5,814.2,426.5,134.79999999999995,275.4,1,1,1.0
21,6,586.6,783.2,349.79999999999995,121.0,1,1,1.0
21,7,647.4,310.0,176.89999999999998,333.6,1,1,1.0
21,8,579.0,527.5,302.5,230.29999999999995,1,1,1.0
21,9,506.7,571.9,261.40000000000003,239.89999999999998,1,1,1.0
21,10,246.8,634.5,163.3,264.9,1,1,1.0
22,1,1044.2,609.2,387.39999999999986,118.5,1,1,1.0
22,2,425.3,597.4,161.2,318.5,1,1,1.0
22,3,727.5,239.3,171.0,246.5,1,1,1.0
22,4,971.5,338.5,151.5,358.29999999999995,1,1,1.0
22,5,815.7,429.5,129.5,272.4,1,1,1.0
22,6,590.1,779.7,394.19999999999993,119.59999999999991,1,1,1.0
22,7,648.1,284.3,145.60000000000002,309.99999999999994,1,1,1.0
22,8,582.8,520.0,312.30000000000007,225.70000000000005,1,1,1.0
22,9,549.7,590.7,292.19999999999993,227.89999999999998,1,1,1.0
22,10,246.8,640.7,163.3,252.5,1,1,1.0
23,1,989.2,602.4,424.29999999999995,129.80000000000007,1,1,1.0
23,2,368.0,577.1,214.0,307.9,1,1,1.0
23,3,729.0,234.8,232.79999999999995,252.5,1,1,1.0
23,4,969.0,336.6,150.20000000000005,361.5,1,1,1.0
23,5,818.0,428.0,132.5,296.5,1,1,1.0
23,6,597.7,776.2,369.19999999999993,118.89999999999998,1,1,1.0
23,7,639.7,249.6,162.29999999999995,328.69999999999993,1,1,1.0
23,8,579.0,521.5,320.6,222.70000000000005,1,1,1.0
23,9,533.9,598.2,327.9,214.19999999999993,1,1,1.0
23,10,232.9,661.5,197.6,233.79999999999995,1,1,1.0
24,1,981.7,558.7,352.70000000000005,144.0999999999999,1,1,1.0
24,2,362.7,677.1,205.00000000000006,265.9,1,1,1.0
24,3,719.2,248.4,290.0999999999999,220.79999999999998,1,1,1.0
24,4,925.0,352.3,199.9000000000001,277.40000000000003,1,1,1.0
24,5,814.2,423.5,136.29999999999995,307.0,1,1,1.0
24,6,592.1,777.6,369.9,116.79999999999995,1,1,1.0
24,7,630.0,252.4,198.39999999999998,284.20000000000005,1,1,1.0
24,8,588.0,520.0,299.5,266.4,1,1,1.0
24,9,515.2,585.0,299.0,214.89999999999998,1,1,1.0
24,10,207.9,687.9,223.99999999999997,207.39999999999998,1,1,1.0
25,1,1170.1,398.2,150.70000000000005,257.90000000000003,1,1,1.0
25,2,355.2,685.5,209.50000000000006,253.0,1,1,1.0
25,3,814.9,308.7,299.30000000000007,131.10000000000002,1,1,1.0
25,4,938.8,327.8,181.5,294.99999999999994,1,1,1.0
25,5,810.4,400.9,149.80000000000007,366.5,1,1,1.0
25,6,594.9,769.3,351.1,125.10000000000002,1,1,1.0
25,7,627.9,262.1,185.89999999999998,306.4,1,1,1.0
25,8,595.5,511.0,283.70000000000005,272.4,1,1,1.0
25,9,522.1,563.5,233.79999999999995,242.60000000000002,1,1,1.0
25,10,199.6,704.6,232.29999999999998,187.89999999999998,1,1,1.0
26,1,1179.7,379.4,132.0999999999999,275.9,1,1,1.0
26,2,370.3,664.4,194.40000000000003,284.6,1,1,1.0
26,3,802.1,314.7,318.80000000000007,127.40000000000003,1,1,1.0
26,4,959.5,330.9,154.0999999999999,359.70000000000005,1,1,1.0
26,5,783.3,394.9,191.20000000000005,361.20000000000005,1,1,1.0
26,6,589.3,739.4,329.6,171.0,1,1,1.0
26,7,637.6,257.2,156.10000000000002,334.90000000000003,1,1,1.0
26,8,596.3,509.5,285.9000000000001,262.6,1,1,1.0
26,9,519.3,559.3,214.4000000000001,282.9000000000001,1,1,1.0
26,10,202.7,407.9,215.5,216.26999999999998,1,1,1.0
27,1,1130.1,339.5,180.30000000000018,271.5,1,1,1.0
27,2,359.8,669.7,204.90000000000003,256.69999999999993,1,1,1.0
27,3,805.1,264.5,267.6,193.42000000000002,1,1,1.0
27,4,970.8,329.4,157.10000000000014,389.20000000000005,1,1,1.0
27,5,796.8,436.3,195.0,348.40000000000003,1,1,1.0
27,6,591.4,778.3,390.0,125.80000000000007,1,1,1.0
27,7,637.6,257.2,165.79999999999995,326.8,1,1,1.0
27,8,591.8,513.3,308.5,266.30000000000007,1,1,1.0
27,9,521.4,549.6,224.80000000000007,270.4,1,1,1.0
27,10,227.0,384.8,269.4,180.3,1,1,1.0
28,1,1103.7,358.3,290.20000000000005,164.3,1,1,1.0
28,2,342.4,622.2,245.89999999999998,301.9,1,1,1.0
28,3,899.3,236.3,150.79999999999995,271.4,1,1,1.0
28,4,969.3,336.2,154.10000000000014,356.00000000000006,1,1,1.0
28,5,786.3,470.2,174.60000000000002,346.90000000000003,1,1,1.0
28,6,583.1,780.4,353.19999999999993,115.39999999999998,1,1,1.0
28,7,637.6,257.2,165.79999999999995,304.2,1,1,1.0
28,8,594.1,512.5,293.4,275.29999999999995,1,1,1.0
28,9,531.8,571.1,218.60000000000002,243.29999999999995,1,1,1.0
28,10,287.8,340.8,260.09999999999997,135.2,1,1,1.0
29,1,1069.0,276.2,291.70000000000005,235.10000000000002,1,1,1.0
29,2,341.6,605.6,205.79999999999995,253.69999999999993,1,1,1.0
29,3,719.2,242.3,296.19999999999993,137.3,1,1,1.0
29,4,969.3,345.2,145.10000000000014,319.09999999999997,1,1,1.0
29,5,790.8,466.4,188.20000000000005,306.20000000000005,1,1,1.0
29,6,572.7,781.8,369.9,123.70000000000005,1,1,1.0
29,7,636.7,269.9,164.0,315.9,1,1,1.0
29,8,592.6,513.3,288.19999999999993,267.5,1,1,1.0
29,9,538.0,578.7,213.79999999999995,235.69999999999993,1,1,1.0
29,10,309.8,335.6,316.2,131.09999999999997,1,1,1.0
30,1,886.6,280.7,304.19999999999993,181.60000000000002,1,1,1.0
30,2,438.8,662.9,157.49999999999994,229.60000000000002,1,1,1.0
30,3,655.9,241.5,262.30000000000007,120.80000000000001,1,1,1.0
30,4,964.8,334.7,141.29999999999995,338.59999999999997,1,1,1.0
30,5,787.8,461.1,213.10000000000002,301.0,1,1,1.0
30,6,608.8,795.7,392.1,114.0,1,1,1.0
30,7,643.9,308.8,154.10000000000002,300.49999999999994,1,1,1.0
30,8,598.6,508.0,247.39999999999998,280.0,1,1,1.0
30,9,533.8,610.6,215.20000000000005,201.0,1,1,1.0
30,10,326.0,348.3,298.79999999999995,113.80000000000001,1,1,1.0
31,1,806.7,270.9,250.29999999999995,283.4,1,1,1.0
31,2,438.0,659.9,160.60000000000002,223.60000000000002,1,1,1.0
31,3,670.2,230.2,237.5,127.90000000000003,1,1,1.0
31,4,963.3,329.4,147.29999999999995,335.6,1,1,1.0
31,5,775.7,459.6,239.5,282.19999999999993,1,1,1.0
31,6,609.5,797.8,367.6,111.90000000000009,1,1,1.0
31,7,629.4,297.1,152.30000000000007,285.1,1,1,1.0
31,8,592.6,508.0,248.89999999999998,285.1,1,1,1.0
31,9,552.5,619.6,197.89999999999998,194.79999999999995,1,1,1.0
31,10,348.6,347.1,277.4,147.39999999999998,1,1,1.0
32,1,791.6,270.9,185.5,284.20000000000005,1,1,1.0
32,2,440.3,645.6,157.49999999999994,234.89999999999998,1,1,1.0
32,3,589.6,256.6,282.69999999999993,96.69999999999999,1,1,1.0
32,4,964.8,325.6,141.29999999999995,340.9,1,1,1.0
32,5,767.4,464.9,268.9,276.9,1,1,1.0
32,6,613.0,799.2,401.4,111.19999999999993,1,1,1.0
32,7,646.6,296.2,133.29999999999995,285.09999999999997,1,1,1.0
32,8,592.6,513.3,259.4,285.80000000000007,1,1,1.0
32,9,558.1,601.5,181.89999999999998,217.10000000000002,1,1,1.0
32,10,388.5,332.6,255.39999999999998,186.19999999999993,1,1,1.0
33,1,790.8,270.9,186.30000000000007,288.70000000000005,1,1,1.0
33,2,426.7,573.3,131.3,290.6,1,1,1.0
33,3,541.4,255.8,296.20000000000005,99.80000000000001,1,1,1.0
33,4,967.8,330.9,160.9000000000001,337.1,1,1,1.0
33,5,760.6,470.9,283.9999999999999,263.4,1,1,1.0
33,6,615.8,792.3,389.6,118.10000000000002,1,1,1.0
33,7,659.3,359.5,107.90000000000009,334.79999999999995,1,1,1.0
33,8,597.9,525.4,280.5,262.4,1,1,1.0
33,9,578.2,590.4,166.69999999999993,228.89999999999998,1,1,1.0
33,10,384.4,355.2,258.9,202.40000000000003,1,1,1.0
34,1,791.6,273.9,155.39999999999998,343.0,1,1,1.0
34,2,419.9,546.9,124.30000000000007,308.0,1,1,1.0
34,3,471.3,249.8,296.99999999999994,98.30000000000001,1,1,1.0
34,4,966.3,330.9,163.20000000000005,334.80000000000007,1,1,1.0
34,5,761.4,469.4,248.5,266.4,1,1,1.0
34,6,609.5,735.4,364.29999999999995,182.60000000000002,1,1,1.0
34,7,657.5,304.3,141.89999999999998,284.2,1,1,1.0
34,8,598.7,546.5,268.4,230.70000000000005,1,1,1.0
34,9,578.2,595.3,166.0,237.20000000000005,1,1,1.0
34,10,394.8,370.2,243.3,209.40000000000003,1,1,1.0
35,1,812.7,269.4,205.19999999999993,347.5,1,1,1.0
35,2,415.4,623.0,129.5,292.9,1,1,1.0
35,3,428.2,252.8,248.90000000000003,119.39999999999998,1,1,1.0
35,4,977.6,349.0,227.9999999999999,352.1,1,1,1.0
35,5,778.7,465.6,197.29999999999995,272.5,1,1,1.0
35,6,631.7,781.0,355.0999999999999,152.29999999999995,1,1,1.0
35,7,660.2,304.3,131.69999999999993,316.8,1,1,1.0
35,8,606.2,598.5,343.79999999999995,193.79999999999995,1,1,1.0
35,9,562.2,571.0,134.79999999999995,282.29999999999995,1,1,1.0
35,10,401.2,365.6,245.00000000000006,229.0,1,1,1.0
36,1,802.2,287.5,218.69999999999993,367.79999999999995,1,1,1.0
36,2,417.7,636.6,127.50000000000006,282.29999999999995,1,1,1.0
36,3,389.2,249.8,226.09999999999997,173.59999999999997,1,1,1.0
36,4,1034.1,356.5,190.30000000000018,361.20000000000005,1,1,1.0
36,5,766.6,451.3,256.1,270.2,1,1,1.0
36,6,628.9,809.0,375.4,115.29999999999995,1,1,1.0
36,7,660.2,300.7,132.79999999999995,321.3,1,1,1.0
36,8,587.4,667.8,362.6,141.10000000000002,1,1,1.0
36,9,528.2,568.9,176.39999999999998,262.20000000000005,1,1,1.0
36,10,401.8,361.0,234.59999999999997,241.70000000000005,1,1,1.0
37,1,798.4,297.3,214.20000000000005,356.49999999999994,1,1,1.0
37,2,431.3,608.0,116.59999999999997,321.5,1,1,1.0
37,3,395.2,270.9,168.90000000000003,152.5,1,1,1.0
37,4,1051.4,350.5,171.5,398.1,1,1,1.0
37,5,741.7,451.3,240.29999999999995,270.2,1,1,1.0
37,6,609.5,784.7,353.1,132.0,1,1,1.0
37,7,655.7,304.5,137.0,316.1,1,1,1.0
37,8,570.1,701.7,399.5,115.5,1,1,1.0
37,9,542.1,568.9,158.29999999999995,271.9,1,1,1.0
37,10,403.5,361.6,229.39999999999998,243.39999999999998,1,1,1.0
38,1,800.7,304.8,224.70000000000005,360.3,1,1,1.0
38,2,424.5,593.7,124.60000000000002,306.4,1,1,1.0
38,3,387.7,276.1,165.90000000000003,149.59999999999997,1,1,1.0
38,4,1088.3,419.1,182.9000000000001,370.19999999999993,1,1,1.0
38,5,740.2,459.6,281.0,254.39999999999998,1,1,1.0
38,6,620.6,802.8,362.1,111.10000000000002,1,1,1.0
38,7,657.2,295.5,128.79999999999995,309.20000000000005,1,1,1.0
38,8,579.9,696.4,416.1,114.80000000000007,1,1,1.0
38,9,549.0,560.6,152.10000000000002,292.69999999999993,1,1,1.0
38,10,408.7,376.6,243.3,218.0,1,1,1.0
39,1,802.2,298.0,208.0999999999999,362.6,1,1,1.0
39,2,401.9,559.0,152.70000000000005,320.0,1,1,1.0
39,3,413.3,274.6,140.3,136.79999999999995,1,1,1.0
39,4,1189.3,410.8,132.4000000000001,356.59999999999997,1,1,1.0
39,5,719.9,477.7,289.20000000000005,225.00000000000006,1,1,1.0
39,6,621.3,800.7,356.5,120.09999999999991,1,1,1.0
39,7,659.5,291.0,128.0,322.5,1,1,1.0
39,8,586.7,676.0,423.5999999999999,123.89999999999998,1,1,1.0
39,9,591.4,555.7,109.70000000000005,310.0999999999999,1,1,1.0
39,10,408.7,380.1,236.90000000000003,212.79999999999995,1,1,1.0
40,1,796.2,298.0,248.0999999999999,345.29999999999995,1,1,1.0
40,2,380.8,534.9,201.99999999999994,297.4,1,1,1.0
40,3,389.2,276.1,172.7,154.89999999999998,1,1,1.0
40,4,1175.5,405.5,137.4000000000001,356.6,1,1,1.0
40,5,686.7,493.5,331.4,190.39999999999998,1,1,1.0
40,6,620.6,800.0,378.0,144.39999999999998,1,1,1.0
40,7,660.25,291.8,131.75,316.7,1,1,1.0
40,8,592.7,682.8,386.0,109.60000000000002,1,1,1.0
40,9,595.6,564.7,109.69999999999993,294.9,1,1,1.0
40,10,411.6,379.5,237.39999999999998,249.79999999999995,1,1,1.0
41,1,792.4,313.1,266.19999999999993,327.19999999999993,1,1,1.0
41,2,367.2,539.4,199.8,316.30000000000007,1,1,1.0
41,3,382.4,275.3,178.0,170.8,1,1,1.0
41,4,1174.7,406.3,139.5,385.90000000000003,1,1,1.0
41,5,684.4,486.7,333.70000000000005,220.59999999999997,1,1,1.0
41,6,634.5,802.1,400.9000000000001,118.69999999999993,1,1,1.0
41,7,655.7,271.5,135.5999999999999,270.70000000000005,1,1,1.0
41,8,597.2,682.8,401.79999999999995,112.60000000000002,1,1,1.0
41,9,586.6,569.6,115.89999999999998,317.79999999999995,1,1,1.0
41,10,482.8,437.9,281.90000000000003,240.0,1,1,1.0
42,1,790.1,313.1,251.19999999999993,342.29999999999995,1,1,1.0
42,2,399.6,455.0,178.39999999999998,330.6,1,1,1.0
42,3,293.5,279.8,257.1,182.89999999999998,1,1,1.0
42,4,1175.6,397.3,138.60000000000014,324.8,1,1,1.0
42,5,684.4,482.2,347.30000000000007,198.00000000000006,1,1,1.0
42,6,630.3,808.3,394.20000000000005,112.5,1,1,1.0
42,7,654.9,214.2,134.89999999999998,317.50000000000006,1,1,1.0
42,8,598.7,670.7,407.79999999999995,118.69999999999993,1,1,1.0
42,9,574.1,591.8,126.29999999999995,284.5,1,1,1.0
42,10,542.9,484.8,230.5,296.7,1,1,1.0
43,1,788.6,310.8,265.6,325.8,1,1,1.0
43,2,366.5,534.9,143.10000000000002,333.6,1,1,1.0
43,3,283.0,274.5,228.39999999999998,194.89999999999998,1,1,1.0
43,4,1173.9,394.3,140.29999999999995,358.7,1,1,1.0
43,5,690.4,489.0,314.20000000000005,192.70000000000005,1,1,1.0
43,6,640.0,809.7,383.5,110.39999999999998,1,1,1.0
43,7,656.4,208.9,131.20000000000005,294.9,1,1,1.0
43,8,606.2,666.9,366.4,130.80000000000007,1,1,1.0
43,9,563.0,582.1,154.70000000000005,256.69999999999993,1,1,1.0
43,10,602.0,492.9,188.20000000000005,196.0,1,1,1.0
44,1,788.6,315.3,268.6,332.59999999999997,1,1,1.0
44,2,354.4,560.5,154.3,308.79999999999995,1,1,1.0
44,3,341.0,283.6,181.70000000000005,200.09999999999997,1,1,1.0
44,4,1174.7,406.4,146.29999999999995,293.9,1,1,1.0
44,5,701.0,489.0,314.1,228.10000000000002,1,1,1.0
44,6,637.2,805.5,417.5,115.29999999999995,1,1,1.0
44,7,656.4,208.9,132.70000000000005,313.70000000000005,1,1,1.0
44,8,607.0,663.1,395.70000000000005,132.29999999999995,1,1,1.0
44,9,485.2,611.3,184.59999999999997,287.30000000000007,1,1,1.0
44,10,595.6,484.8,181.89999999999998,261.40000000000003,1,1,1.0
45,1,790.1,310.0,250.4999999999999,340.9,1,1,1.0
45,2,366.5,588.4,146.70000000000005,279.4,1,1,1.0
45,3,302.6,285.9,213.29999999999995,203.10000000000002,1,1,1.0
45,4,1175.5,398.1,226.0999999999999,305.19999999999993,1,1,1.0
45,5,696.5,479.2,305.0,242.40000000000003,1,1,1.0
45,6,633.0,804.1,372.4,116.0,1,1,1.0
45,7,642.1,211.2,147.0,357.3,1,1,1.0
45,8,611.5,648.8,373.9,145.80000000000007,1,1,1.0
45,9,371.3,689.1,259.59999999999997,219.89999999999998,1,1,1.0
45,10,589.8,476.1,187.70000000000005,262.0,1,1,1.0
46,1,789.3,315.3,244.5,349.2,1,1,1.0
46,2,346.9,583.1,178.39999999999998,278.69999999999993,1,1,1.0
46,3,282.3,284.4,188.39999999999998,212.90000000000003,1,1,1.0
46,4,1168.2,499.1,347.89999999999986,177.10000000000002,1,1,1.0
46,5,698.8,479.2,308.0,219.8,1,1,1.0
46,6,628.8,795.1,384.20000000000005,114.60000000000002,1,1,1.0
46,7,639.8,214.2,146.30000000000007,282.0,1,1,1.0
46,8,607.0,651.8,370.9,148.10000000000002,1,1,1.0
46,9,288.0,787.0,272.79999999999995,119.20000000000005,1,1,1.0
46,10,652.3,470.9,125.70000000000005,312.30000000000007,1,1,1.0
47,1,780.3,343.9,241.4000000000001,268.20000000000005,1,1,1.0
47,2,349.9,565.8,208.5,265.9000000000001,1,1,1.0
47,3,273.3,279.1,180.09999999999997,219.0,1,1,1.0
47,4,1244.3,515.7,373.60000000000014,122.09999999999991,1,1,1.0
47,5,705.6,476.2,328.30000000000007,222.8,1,1,1.0
47,6,630.2,798.6,418.89999999999986,109.69999999999993,1,1,1.0
47,7,638.3,218.7,144.80000000000007,294.09999999999997,1,1,1.0
47,8,608.5,652.6,398.0,145.79999999999995,1,1,1.0
47,9,278.3,769.0,223.5,127.5,1,1,1.0
47,10,661.6,482.5,130.39999999999998,332.5,1,1,1.0
48,1,855.7,348.4,209.0,295.0,1,1,1.0
48,2,344.8,529.6,230.2,254.69999999999993,1,1,1.0
48,3,295.2,279.1,156.7,280.0,1,1,1.0
48,4,1306.8,494.6,315.60000000000014,141.69999999999993,1,1,1.0
48,5,707.9,477.7,301.1,222.8,1,1,1.0
48,6,630.2,793.7,372.4,111.09999999999991,1,1,1.0
48,7,644.3,214.9,138.80000000000007,355.20000000000005,1,1,1.0
48,8,605.5,661.6,382.9,138.29999999999995,1,1,1.0
48,9,265.8,677.3,206.8,233.80000000000007,1,1,1.0
48,10,654.7,494.1,139.0999999999999,318.0,1,1,1.0
49,1,894.9,321.3,176.60000000000002,337.2,1,1,1.0
49,2,332.5,539.4,279.1,210.89999999999998,1,1,1.0
49,3,290.7,311.5,137.8,264.9,1,1,1.0
49,4,1347.3,447.9,275.10000000000014,166.5,1,1,1.0
49,5,713.9,480.7,306.4,226.90000000000003,1,1,1.0
49,6,627.4,791.6,387.70000000000005,112.5,1,1,1.0
49,7,629.2,288.0,119.19999999999993,384.5,1,1,1.0
49,8,602.5,661.6,388.20000000000005,136.0,1,1,1.0
49,9,238.7,653.7,170.7,250.5,1,1,1.0
49,10,656.8,501.8,143.10000000000002,305.40000000000003,1,1,1.0
50,1,886.6,331.1,180.39999999999998,358.29999999999995,1,1,1.0
50,2,326.5,549.2,285.4,194.29999999999995,1,1,1.0
50,3,276.4,444.1,117.10000000000002,182.0,1,1,1.0
50,4,1361.0,447.9,261.4000000000001,123.5,1,1,1.0
50,5,707.9,488.2,330.5000000000001,217.59999999999997,1,1,1.0
50,6,629.5,792.3,389.1,112.5,1,1,1.0
50,7,621.7,310.6,119.19999999999993,288.79999999999995,1,1,1.0
50,8,607.8,657.8,393.4000000000001,138.30000000000007,1,1,1.0
50,9,200.5,670.4,206.10000000000002,254.60000000000002,1,1,1.0
50,10,607.6,547.7,222.29999999999995,252.79999999999995,1,1,1.0
51,1,886.6,327.3,176.60000000000002,330.49999999999994,1,1,1.0
51,2,331.8,541.7,281.59999999999997,196.5,1,1,1.0
51,3,283.9,441.8,130.3,178.99999999999994,1,1,1.0
51,4,1454.4,417.8,169.5,239.49999999999994,1,1,1.0
51,5,700.4,482.2,292.0,216.09999999999997,1,1,1.0
51,6,626.0,789.5,385.0,113.20000000000005,1,1,1.0
51,7,624.7,300.8,113.19999999999993,334.90000000000003,1,1,1.0
51,8,610.3,652.8,365.80000000000007,142.70000000000005,1,1,1.0
51,9,201.9,654.4,202.6,271.30000000000007,1,1,1.0
51,10,581.8,573.5,328.70000000000005,236.20000000000005,1,1,1.0
52,1,886.6,331.8,196.19999999999993,338.09999999999997,1,1,1.0
52,2,331.0,549.2,289.9,193.5999999999999,1,1,1.0
52,3,283.9,443.3,130.3,174.49999999999994,1,1,1.0
52,4,1341.4,465.3,277.1999999999998,222.90000000000003,1,1,1.0
52,5,700.4,486.0,353.0000000000001,202.5,1,1,1.0
52,6,626.7,793.7,382.9,108.29999999999995,1,1,1.0
52,7,605.1,312.9,142.60000000000002,331.80000000000007,1,1,1.0
52,8,617.8,641.5,377.1,155.29999999999995,1,1,1.0
52,9,200.5,655.8,202.7,262.30000000000007,1,1,1.0
52,10,587.6,621.8,364.79999999999995,192.9000000000001,1,1,1.0
53,1,890.4,328.8,185.60000000000002,356.90000000000003,1,1,1.0
53,2,331.0,548.4,290.70000000000005,195.20000000000005,1,1,1.0
53,3,284.7,444.8,129.5,173.8,1,1,1.0
53,4,1202.7,561.8,393.29999999999995,150.5,1,1,1.0
53,5,701.1,498.1,335.69999999999993,208.5,1,1,1.0
53,6,631.6,768.0,389.79999999999995,134.0,1,1,1.0
53,7,622.4,359.6,121.5,310.69999999999993,1,1,1.0
53,8,632.9,652.8,378.30000000000007,148.4000000000001,1,1,1.0
53,9,198.5,644.0,204.7,273.4,1,1,1.0
53,10,584.3,638.5,246.4000000000001,173.70000000000005,1,1,1.0
54,1,887.4,328.8,182.60000000000002,337.3,1,1,1.0
54,2,336.3,546.3,273.2,195.0,1,1,1.0
54,3,286.3,443.3,127.89999999999998,172.3,1,1,1.0
54,4,1196.7,559.5,387.20000000000005,134.70000000000005,1,1,1.0
54,5,695.1,496.6,316.79999999999995,195.69999999999993,1,1,1.0
54,6,634.4,748.6,352.30000000000007,154.79999999999995,1,1,1.0
54,7,614.9,263.1,137.30000000000007,316.0,1,1,1.0
54,8,626.0,662.8,328.1,142.20000000000005,1,1,1.0
54,9,189.5,627.4,206.8,281.70000000000005,1,1,1.0
54,10,580.1,616.0,242.69999999999993,202.0,1,1,1.0
55,1,885.9,328.8,187.80000000000007,350.90000000000003,1,1,1.0
55,2,336.3,510.0,262.8,235.10000000000002,1,1,1.0
55,3,285.5,446.3,128.7,158.8,1,1,1.0
55,4,1172.6,559.5,391.70000000000005,116.60000000000002,1,1,1.0
55,5,692.1,495.8,342.4,193.49999999999994,1,1,1.0
55,6,642.7,805.5,378.69999999999993,102.79999999999995,1,1,1.0
55,7,614.9,268.38,138.80000000000007,359.72,1,1,1.0
55,8,631.7,679.1,386.4,134.60000000000002,1,1,1.0
55,9,171.4,648.2,211.70000000000002,260.9,1,1,1.0
55,10,587.6,600.2,240.60000000000002,217.79999999999995,1,1,1.0
56,1,891.9,325.8,181.80000000000007,313.2,1,1,1.0
56,2,334.8,510.0,265.2,234.29999999999995,1,1,1.0
56,3,286.3,444.0,127.89999999999998,174.70000000000005,1,1,1.0
56,4,1227.6,555.0,329.20000000000005,117.29999999999995,1,1,1.0
56,5,692.1,501.8,337.1,188.3,1,1,1.0
56,6,646.2,799.2,339.0999999999999,120.19999999999993,1,1,1.0
56,7,614.9,278.9,137.30000000000007,342.4,1,1,1.0
56,8,650.5,651.5,364.5,150.89999999999998,1,1,1.0
56,9,186.7,633.6,189.5,284.5,1,1,1.0
56,10,615.1,571.9,234.79999999999995,277.80000000000007,1,1,1.0
57,1,894.2,321.3,174.20000000000005,324.49999999999994,1,1,1.0
57,2,342.3,513.0,266.59999999999997,232.70000000000005,1,1,1.0
57,3,286.3,444.0,127.89999999999998,167.89999999999998,1,1,1.0
57,4,1197.5,557.3,363.79999999999995,112.0,1,1,1.0
57,5,685.3,495.0,310.70000000000005,199.60000000000002,1,1,1.0
57,6,655.9,810.3,397.5000000000001,120.90000000000009,1,1,1.0
57,7,613.4,275.9,137.30000000000007,309.20000000000005,1,1,1.0
57,8,644.2,638.3,336.29999999999995,160.30000000000007,1,1,1.0
57,9,240.2,611.4,136.0,312.30000000000007,1,1,1.0
57,10,619.3,555.2,223.9000000000001,288.0,1,1,1.0
58,1,888.9,322.1,199.80000000000007,310.1,1,1,1.0
58,2,343.8,516.8,251.49999999999994,232.10000000000002,1,1,1.0
58,3,286.3,444.0,127.89999999999998,173.20000000000005,1,1,1.0
58,4,1211.1,552.0,350.20000000000005,140.70000000000005,1,1,1.0
58,5,701.9,496.5,325.5000000000001,227.5,1,1,1.0
58,6,688.5,815.2,407.4000000000001,124.69999999999993,1,1,1.0
58,7,609.6,272.9,143.39999999999998,335.5,1,1,1.0
58,8,654.9,647.1,362.6,169.10000000000002,1,1,1.0
58,9,243.7,585.0,127.60000000000002,317.9,1,1,1.0
58,10,622.6,554.4,219.79999999999995,293.6,1,1,1.0
59,1,886.6,325.9,205.10000000000002,334.20000000000005,1,1,1.0
59,2,342.3,498.7,240.90000000000003,247.90000000000003,1,1,1.0
59,3,287.1,442.5,127.09999999999997,198.70000000000005,1,1,1.0
59,4,1190.8,552.0,378.0,122.60000000000002,1,1,1.0
59,5,698.1,492.7,330.30000000000007,204.2,1,1,1.0
59,6,721.5,811.1,385.20000000000005,129.39999999999998,1,1,1.0
59,7,605.8,280.4,145.70000000000005,343.1,1,1,1.0
59,8,654.9,642.7,362.0,182.29999999999995,1,1,1.0
59,9,240.9,521.8,109.6,345.70000000000005,1,1,1.0
59,10,622.6,553.6,221.5,279.4,1,1,1.0
60,1,886.6,322.9,190.80000000000007,318.4,1,1,1.0
60,2,346.8,541.7,263.49999999999994,216.19999999999993,1,1,1.0
60,3,278.1,441.7,127.09999999999997,146.00000000000006,1,1,1.0
60,4,1245.8,557.3,307.20000000000005,119.60000000000002,1,1,1.0
60,5,697.3,479.1,305.0,209.5,1,1,1.0
60,6,648.0,783.4,351.1,154.80000000000007,1,1,1.0
60,7,607.3,330.9,149.5,327.30000000000007,1,1,1.0
60,8,656.2,644.0,321.79999999999995,158.39999999999998,1,1,1.0
60,9,235.3,494.0,124.19999999999999,333.20000000000005,1,1,1.0
60,10,594.3,599.4,258.1,206.10000000000002,1,1,1.0
61,1,878.3,327.4,236.79999999999995,276.20000000000005,1,1,1.0
61,2,340.0,540.0,277.79999999999995,209.60000000000002,1,1,1.0
61,3,290.2,421.4,132.3,129.39999999999998,1,1,1.0
61,4,1191.5,559.6,364.5,115.79999999999995,1,1,1.0
61,5,694.3,487.4,378.60000000000014,198.20000000000005,1,1,1.0
61,6,609.3,736.4,268.9000000000001,215.70000000000005,1,1,1.0
61,7,620.1,330.9,134.39999999999998,334.80000000000007,1,1,1.0
61,8,638.6,655.3,387.1,164.10000000000002,1,1,1.0
61,9,238.8,469.0,120.69999999999999,337.4,1,1,1.0
61,10,557.6,577.8,170.69999999999993,199.4000000000001,1,1,1.0
62,1,885.1,310.8,228.4999999999999,258.09999999999997,1,1,1.0
62,2,315.9,455.8,240.10000000000002,248.59999999999997,1,1,1.0
62,3,290.2,420.25,132.3,116.64999999999998,1,1,1.0
62,4,1208.8,561.9,347.20000000000005,113.5,1,1,1.0
62,5,699.6,503.2,340.9,183.2,1,1,1.0
62,6,564.2,759.6,271.19999999999993,143.89999999999998,1,1,1.0
62,7,625.4,322.6,109.5,313.0,1,1,1.0
62,8,639.9,666.6,403.4,130.79999999999995,1,1,1.0
62,9,232.5,500.9,127.0,297.20000000000005,1,1,1.0
62,10,501.7,608.6,317.50000000000006,132.69999999999993,1,1,1.0
63,1,900.2,322.9,182.5,336.4,1,1,1.0
63,2,324.9,494.2,271.80000000000007,214.7,1,1,1.0
63,3,290.2,419.1,132.3,135.5,1,1,1.0
63,4,1163.6,553.6,388.60000000000014,136.79999999999995,1,1,1.0
63,5,701.9,494.2,270.0,195.2,1,1,1.0
63,6,552.6,788.0,248.69999999999993,117.20000000000005,1,1,1.0
63,7,620.9,318.8,112.5,324.3,1,1,1.0
63,8,630.5,675.4,331.20000000000005,117.0,1,1,1.0
63,9,277.6,484.9,139.5,314.6,1,1,1.0
63,10,505.9,625.3,319.1,115.20000000000005,1,1,1.0
64,1,885.1,323.7,236.10000000000002,259.50000000000006,1,1,1.0
64,2,318.9,537.9,307.5,189.80000000000007,1,1,1.0
64,3,269.9,444.7,88.40000000000003,170.2,1,1,1.0
64,4,1201.3,540.8,340.29999999999995,179.70000000000005,1,1,1.0
64,5,705.7,464.8,254.0999999999999,234.40000000000003,1,1,1.0
64,6,566.5,792.6,220.89999999999998,125.29999999999995,1,1,1.0
64,7,615.6,318.8,141.89999999999998,308.49999999999994,1,1,1.0
64,8,632.4,670.4,368.9,120.10000000000002,1,1,1.0
64,9,326.2,313.4,291.59999999999997,272.20000000000005,1,1,1.0
64,10,492.6,622.8,338.19999999999993,119.40000000000009,1,1,1.0
65,1,885.1,334.2,236.10000000000002,246.00000000000006,1,1,1.0
65,2,316.7,541.7,315.50000000000006,129.79999999999995,1,1,1.0
65,3,263.1,444.7,114.89999999999998,166.40000000000003,1,1,1.0
65,4,1216.4,517.4,335.6999999999998,173.0,1,1,1.0
65,5,701.2,508.5,282.4,181.70000000000005,1,1,1.0
65,6,462.3,775.2,304.8,105.09999999999991,1,1,1.0
65,7,582.4,311.3,252.70000000000005,263.99999999999994,1,1,1.0
65,8,633.7,674.2,383.29999999999995,119.39999999999998,1,1,1.0
65,9,477.6,267.6,362.4,123.59999999999997,1,1,1.0
65,10,496.8,623.6,322.3,114.39999999999998,1,1,1.0
66,1,886.6,346.3,234.60000000000002,233.90000000000003,1,1,1.0
66,2,269.1,519.8,353.29999999999995,109.20000000000005,1,1,1.0
66,3,258.6,444.7,106.59999999999997,196.50000000000006,1,1,1.0
66,4,1205.1,519.7,340.20000000000005,166.89999999999998,1,1,1.0
66,5,683.1,497.2,352.80000000000007,182.50000000000006,1,1,1.0
66,6,374.4,735.3,306.4,126.5,1,1,1.0
66,7,576.4,330.9,290.30000000000007,212.80000000000007,1,1,1.0
66,8,618.0,661.6,349.4,133.29999999999995,1,1,1.0
66,9,656.8,239.8,383.9000000000001,130.59999999999997,1,1,1.0
66,10,488.5,622.8,329.79999999999995,126.0,1,1,1.0
67,1,903.2,353.8,232.29999999999995,221.09999999999997,1,1,1.0
67,2,269.9,519.0,352.5,104.0,1,1,1.0
67,3,260.9,444.7,105.80000000000001,143.00000000000006,1,1,1.0
67,4,1182.5,512.9,356.0,159.39999999999998,1,1,1.0
67,5,692.1,492.7,343.80000000000007,208.09999999999997,1,1,1.0
67,6,421.8,698.3,218.49999999999994,216.20000000000005,1,1,1.0
67,7,605.8,406.3,400.30000000000007,190.09999999999997,1,1,1.0
67,8,631.2,657.8,361.29999999999995,142.10000000000002,1,1,1.0
67,9,975.5,223.13,210.29999999999995,345.07000000000005,1,1,1.0
67,10,521.0,519.4,267.9,239.39999999999998,1,1,1.0
68,1,880.6,347.0,207.39999999999998,295.70000000000005,1,1,1.0
68,2,272.9,517.5,338.20000000000005,104.70000000000005,1,1,1.0
68,3,257.9,444.7,108.80000000000001,115.09999999999997,1,1,1.0
68,4,1144.1,533.2,368.8000000000002,134.5999999999999,1,1,1.0
68,5,704.2,495.7,300.5999999999999,237.50000000000006,1,1,1.0
68,6,436.3,691.9,149.59999999999997,234.20000000000005,1,1,1.0
68,7,706.8,373.9,334.0,301.6,1,1,1.0
68,8,641.7,654.7,356.0999999999999,167.19999999999993,1,1,1.0
68,9,1088.7,260.6,138.79999999999995,380.6,1,1,1.0
68,10,573.5,361.1,192.39999999999998,335.19999999999993,1,1,1.0
69,1,916.8,298.0,163.70000000000005,312.29999999999995,1,1,1.0
69,2,277.4,522.0,348.0,113.79999999999995,1,1,1.0
69,3,258.7,446.2,108.0,100.00000000000006,1,1,1.0
69,4,1171.2,555.1,357.5999999999999,111.89999999999998,1,1,1.0
69,5,692.1,491.9,262.5,229.20000000000005,1,1,1.0
69,6,375.5,674.0,224.89999999999998,230.10000000000002,1,1,1.0
69,7,712.8,372.4,282.0,321.20000000000005,1,1,1.0
69,8,618.2,640.6,350.79999999999995,166.60000000000002,1,1,1.0
69,9,1108.8,230.0,117.29999999999995,380.0,1,1,1.0
69,10,601.8,313.6,153.20000000000005,316.0,1,1,1.0
70,1,936.4,279.9,119.19999999999993,328.1,1,1,1.0
70,2,280.4,528.8,344.30000000000007,115.30000000000007,1,1,1.0
70,3,258.7,445.4,108.0,100.80000000000007,1,1,1.0
70,4,1187.8,538.5,358.4000000000001,136.0,1,1,1.0
70,5,680.8,507.8,364.20000000000005,185.40000000000003,1,1,1.0
70,6,393.4,705.8,271.80000000000007,187.30000000000007,1,1,1.0
70,7,733.9,366.4,313.80000000000007,291.0,1,1,1.0
70,8,619.2,657.3,368.5999999999999,176.60000000000002,1,1,1.0
70,9,1092.8,231.4,111.10000000000014,400.1,1,1,1.0
70,10,588.5,256.1,289.79999999999995,204.29999999999995,1,1,1.0
71,1,934.9,288.2,127.50000000000011,322.09999999999997,1,1,1.0
71,2,294.0,544.6,339.70000000000005,110.0,1,1,1.0
71,3,258.7,445.4,108.0,113.60000000000002,1,1,1.0
71,4,1190.8,549.0,353.9000000000001,167.70000000000005,1,1,1.0
71,5,678.3,514.0,335.1,218.20000000000005,1,1,1.0
71,6,408.4,770.1,354.6,115.5,1,1,1.0
71,7,727.1,388.3,286.5,312.09999999999997,1,1,1.0
71,8,620.8,665.1,309.1,205.39999999999998,1,1,1.0
71,9,1073.4,238.3,114.5,430.7,1,1,1.0
71,10,594.3,254.4,321.5,140.99999999999997,1,1,1.0
72,1,921.3,271.6,133.60000000000014,283.69999999999993,1,1,1.0
72,2,312.8,534.8,344.3,103.20000000000005,1,1,1.0
72,3,257.9,446.9,108.80000000000001,113.60000000000002,1,1,1.0
72,4,1172.7,543.0,359.89999999999986,148.79999999999995,1,1,1.0
72,5,679.5,507.1,344.9000000000001,177.69999999999993,1,1,1.0
72,6,423.4,763.2,309.5,116.59999999999991,1,1,1.0
72,7,733.1,380.8,254.10000000000002,253.99999999999994,1,1,1.0
72,8,637.5,638.4,275.9,249.89999999999998,1,1,1.0
72,9,1084.2,238.3,115.39999999999986,388.99999999999994,1,1,1.0
72,10,606.8,261.9,335.70000000000005,133.5,1,1,1.0
73,1,732.9,304.0,317.5000000000001,176.7,1,1,1.0
73,2,318.8,528.8,347.3,103.20000000000005,1,1,1.0
73,3,257.9,443.9,110.30000000000001,127.10000000000002,1,1,1.0
73,4,1204.3,537.7,329.10000000000014,151.79999999999995,1,1,1.0
73,5,676.6,516.4,372.1,171.30000000000007,1,1,1.0
73,6,423.4,763.8,320.80000000000007,111.90000000000009,1,1,1.0
73,7,719.5,385.3,301.9,258.59999999999997,1,1,1.0
73,8,671.0,627.9,237.20000000000005,291.4,1,1,1.0
73,9,1093.4,237.5,142.89999999999986,332.29999999999995,1,1,1.0
73,10,616.8,263.6,322.30000000000007,126.79999999999995,1,1,1.0
74,1,643.2,356.7,279.9,146.60000000000002,1,1,1.0
74,2,316.5,527.3,351.9,108.5,1,1,1.0
74,3,257.9,446.2,110.30000000000001,117.30000000000001,1,1,1.0
74,4,1239.7,533.9,287.70000000000005,198.30000000000007,1,1,1.0
74,5,673.7,522.8,356.5,167.20000000000005,1,1,1.0
74,6,432.1,768.4,344.19999999999993,110.80000000000007,1,1,1.0
74,7,718.7,407.9,309.29999999999995,265.4,1,1,1.0
74,8,718.7,621.6,189.5,317.19999999999993,1,1,1.0
74,9,1096.7,233.3,119.59999999999991,399.8,1,1,1.0
74,10,631.0,258.6,309.79999999999995,121.09999999999997,1,1,1.0
75,1,556.5,371.0,274.70000000000005,117.19999999999999,1,1,1.0
75,2,331.6,538.0,339.19999999999993,135.39999999999998,1,1,1.0
75,3,257.9,446.2,110.30000000000001,118.09999999999997,1,1,1.0
75,4,1198.3,523.3,329.10000000000014,206.9000000000001,1,1,1.0
75,5,673.7,519.3,340.29999999999995,175.4000000000001,1,1,1.0
75,6,488.2,781.1,336.7,151.89999999999998,1,1,1.0
75,7,703.6,410.2,328.19999999999993,184.00000000000006,1,1,1.0
75,8,720.6,624.1,187.60000000000002,313.4,1,1,1.0
75,9,1094.2,235.0,119.59999999999991,409.79999999999995,1,1,1.0
75,10,633.5,256.1,307.29999999999995,136.79999999999995,1,1,1.0
76,1,465.4,371.8,264.80000000000007,124.30000000000001,1,1,1.0
76,2,351.1,551.8,340.4,170.0,1,1,1.0
76,3,257.9,443.2,108.0,140.7,1,1,1.0
76,4,1223.7,521.0,305.20000000000005,204.89999999999998,1,1,1.0
76,5,678.3,521.6,367.5,207.19999999999993,1,1,1.0
76,6,487.0,777.6,343.70000000000005,134.0,1,1,1.0
76,7,713.4,410.2,326.9,220.2,1,1,1.0
76,8,711.8,624.7,196.4000000000001,310.29999999999995,1,1,1.0
76,9,1094.2,233.3,116.29999999999995,428.99999999999994,1,1,1.0
76,10,633.5,256.1,307.29999999999995,136.79999999999995,1,1,1.0
77,1,368.9,381.6,233.20000000000005,227.79999999999995,1,1,1.0
77,2,430.8,531.7,262.49999999999994,203.89999999999998,1,1,1.0
77,3,257.1,447.7,109.59999999999997,130.2,1,1,1.0
77,4,1203.6,526.3,323.0,174.5,1,1,1.0
77,5,677.1,537.8,328.19999999999993,174.80000000000007,1,1,1.0
77,6,484.1,782.8,345.4,128.20000000000005,1,1,1.0
77,7,719.5,400.4,302.70000000000005,258.1,1,1,1.0
77,8,706.1,630.4,202.10000000000002,298.9,1,1,1.0
77,9,1070.0,235.0,135.5,427.29999999999995,1,1,1.0
77,10,631.8,256.9,309.0,137.70000000000005,1,1,1.0
78,1,349.3,408.0,165.40000000000003,288.79999999999995,1,1,1.0
78,2,415.1,577.8,270.0,174.10000000000002,1,1,1.0
78,3,258.6,445.4,108.09999999999997,125.0,1,1,1.0
78,4,1247.5,532.3,279.0999999999999,167.0,1,1,1.0
78,5,671.9,526.2,279.6,195.69999999999993,1,1,1.0
78,6,484.7,782.8,344.2,127.0,1,1,1.0
78,7,724.0,391.4,269.79999999999995,277.6,1,1,1.0
78,8,703.6,634.2,204.60000000000002,295.0999999999999,1,1,1.0
78,9,1081.7,240.0,127.09999999999991,306.5,1,1,1.0
78,10,638.5,256.1,302.29999999999995,138.5,1,1,1.0
79,1,323.7,453.2,110.30000000000001,327.3,1,1,1.0
79,2,345.4,560.1,339.1,128.39999999999998,1,1,1.0
79,3,254.8,443.9,111.89999999999998,103.10000000000002,1,1,1.0
79,4,1251.8,533.1,272.5,167.69999999999993,1,1,1.0
79,5,673.1,526.2,282.5,203.19999999999993,1,1,1.0
79,6,483.6,782.8,335.5,134.5,1,1,1.0
79,7,729.3,391.4,328.10000000000014,293.30000000000007,1,1,1.0
79,8,703.0,631.1,206.29999999999995,260.5,1,1,1.0
79,9,1083.4,240.0,130.39999999999986,324.79999999999995,1,1,1.0
79,10,633.5,254.4,307.29999999999995,140.20000000000002,1,1,1.0
80,1,332.7,499.2,162.40000000000003,275.40000000000003,1,1,1.0
80,2,349.2,552.0,323.3,160.39999999999998,1,1,1.0
80,3,257.8,446.9,108.89999999999998,134.80000000000007,1,1,1.0
80,4,1251.0,536.1,273.29999999999995,165.5,1,1,1.0
80,5,670.8,519.3,283.1,209.5,1,1,1.0
80,6,480.7,783.4,332.59999999999997,144.30000000000007,1,1,1.0
80,7,712.0,396.6,319.0,213.0,1,1,1.0
80,8,697.3,638.0,210.9000000000001,297.6,1,1,1.0
80,9,1080.1,236.7,129.5,402.3,1,1,1.0
80,10,633.5,257.7,307.29999999999995,136.90000000000003,1,1,1.0
81,1,324.6,498.5,163.0,281.29999999999995,1,1,1.0
81,2,356.1,549.5,307.0,186.79999999999995,1,1,1.0
81,3,262.3,443.9,104.39999999999998,117.5,1,1,1.0
81,4,1208.0,529.3,320.9000000000001,240.9000000000001,1,1,1.0
81,5,670.2,511.2,295.29999999999995,265.09999999999997,1,1,1.0
81,6,476.1,784.0,323.9,140.79999999999995,1,1,1.0
81,7,703.7,396.6,353.70000000000005,251.89999999999998,1,1,1.0
81,8,693.5,645.5,218.5,279.4,1,1,1.0
81,9,1080.9,240.1,118.69999999999982,403.1,1,1,1.0
81,10,628.5,254.4,322.29999999999995,156.1,1,1,1.0
82,1,326.7,501.5,166.90000000000003,264.70000000000005,1,1,1.0
82,2,378.7,533.2,330.2,186.0999999999999,1,1,1.0
82,3,260.8,443.9,105.89999999999998,112.30000000000007,1,1,1.0
82,4,1237.4,527.8,291.5,259.0,1,1,1.0
82,5,656.3,553.4,360.20000000000005,235.60000000000002,1,1,1.0
82,6,478.1,788.6,354.9,132.69999999999993,1,1,1.0
82,7,708.2,398.9,321.29999999999995,306.9,1,1,1.0
82,8,683.5,662.5,261.79999999999995,248.0,1,1,1.0
82,9,1081.7,235.9,121.20000000000005,408.1,1,1,1.0
82,10,630.2,256.9,326.4,174.40000000000003,1,1,1.0
83,1,325.2,501.5,163.90000000000003,309.9,1,1,1.0
83,2,407.1,591.6,357.1,130.39999999999998,1,1,1.0
83,3,260.8,443.9,105.89999999999998,129.30000000000007,1,1,1.0
83,4,1242.7,536.1,284.70000000000005,204.0,1,1,1.0
83,5,689.3,548.8,297.1,223.4000000000001,1,1,1.0
83,6,464.0,794.4,308.79999999999995,116.5,1,1,1.0
83,7,711.9,377.0,305.5,306.20000000000005,1,1,1.0
83,8,636.4,729.1,308.9,218.39999999999998,1,1,1.0
83,9,1076.7,254.2,122.89999999999986,401.50000000000006,1,1,1.0
83,10,696.9,226.1,294.70000000000005,303.5,1,1,1.0
84,1,327.5,519.6,176.7,293.29999999999995,1,1,1.0
84,2,392.5,599.1,330.9,120.79999999999995,1,1,1.0
84,3,258.3,442.6,108.39999999999998,165.79999999999995,1,1,1.0
84,4,1190.0,542.9,344.20000000000005,234.80000000000007,1,1,1.0
84,5,678.3,518.1,260.6,269.69999999999993,1,1,1.0
84,6,458.8,794.4,268.3,113.0,1,1,1.0
84,7,708.9,383.0,257.30000000000007,252.70000000000005,1,1,1.0
84,8,593.7,768.7,321.5,154.89999999999998,1,1,1.0
84,9,1059.2,250.0,142.0999999999999,406.5,1,1,1.0
84,10,717.7,221.1,289.69999999999993,296.0,1,1,1.0
85,1,302.6,577.6,225.0,254.89999999999998,1,1,1.0
85,2,366.8,620.5,322.7,120.70000000000005,1,1,1.0
85,3,248.9,444.5,118.79999999999998,173.29999999999995,1,1,1.0
85,4,1251.0,545.2,278.70000000000005,252.0,1,1,1.0
85,5,751.2,533.7,155.29999999999995,273.19999999999993,1,1,1.0
85,6,482.5,729.6,299.0,150.0,1,1,1.0
85,7,666.7,342.27,261.0999999999999,252.02999999999997,1,1,1.0
85,8,588.0,801.8,423.29999999999995,118.0,1,1,1.0
85,9,1085.0,253.3,117.09999999999991,410.7,1,1,1.0
85,10,766.9,260.2,283.0000000000001,301.09999999999997,1,1,1.0
86,1,297.3,587.4,191.09999999999997,288.80000000000007,1,1,1.0
86,2,364.9,616.1,291.9,133.89999999999998,1,1,1.0
86,3,253.3,447.6,113.39999999999998,182.10000000000002,1,1,1.0
86,4,1186.2,549.7,343.5,229.5,1,1,1.0
86,5,644.7,605.7,287.29999999999995,126.0,1,1,1.0
86,6,473.8,758.5,303.09999999999997,138.5,1,1,1.0
86,7,644.8,340.0,283.0,307.0,1,1,1.0
86,8,590.5,795.7,373.1,116.0,1,1,1.0
86,9,1086.7,258.3,116.20000000000005,421.49999999999994,1,1,1.0
86,10,881.1,282.8,200.4999999999999,340.2,1,1,1.0
87,1,297.3,582.1,171.5,304.69999999999993,1,1,1.0
87,2,363.83,620.3,318.07,143.38,1,1,1.0
87,3,251.2,442.4,118.10000000000002,187.80000000000007,1,1,1.0
87,4,1220.9,552.7,319.29999999999995,231.0,1,1,1.0
87,5,423.7,419.1,249.09999999999997,119.89999999999998,1,1,1.0
87,6,484.8,728.4,330.90000000000003,156.39999999999998,1,1,1.0
87,7,659.9,351.3,251.30000000000007,342.40000000000003,1,1,1.0
87,8,592.4,788.2,387.6,124.79999999999995,1,1,1.0
87,9,1090.0,255.0,117.09999999999991,399.79999999999995,1,1,1.0
87,10,894.4,282.0,187.19999999999993,360.20000000000005,1,1,1.0
88,1,295.8,585.8,193.3,269.4000000000001,1,1,1.0
88,2,373.1,599.1,352.42999999999995,135.5,1,1,1.0
88,3,243.9,451.3,172.49999999999997,164.2,1,1,1.0
88,4,1249.5,520.3,228.20000000000005,293.5,1,1,1.0
88,5,485.0,359.5,230.0,269.79999999999995,1,1,1.0
88,6,523.5,703.7,363.4,171.29999999999995,1,1,1.0
88,7,712.6,465.8,283.69999999999993,315.3,1,1,1.0
88,8,592.4,799.5,422.70000000000005,112.20000000000005,1,1,1.0
88,9,1093.3,264.2,117.10000000000014,403.09999999999997,1,1,1.0
88,10,901.1,294.5,179.69999999999993,331.0,1,1,1.0
89,1,267.9,614.4,221.20000000000005,236.30000000000007,1,1,1.0
89,2,379.3,604.1,311.40000000000003,114.60000000000002,1,1,1.0
89,3,239.7,451.3,160.5,177.8,1,1,1.0
89,4,1186.2,518.8,238.0,290.5,1,1,1.0
89,5,539.4,434.15,210.39999999999998,285.95000000000005,1,1,1.0
89,6,585.4,675.7,359.9,127.5,1,1,1.0
89,7,675.7,502.7,302.5,304.7,1,1,1.0
89,8,589.9,798.2,381.20000000000005,109.09999999999991,1,1,1.0
89,9,1091.6,264.2,114.60000000000014,415.59999999999997,1,1,1.0
89,10,896.1,298.7,182.19999999999993,327.59999999999997,1,1,1.0
90,1,277.7,672.4,284.50000000000006,191.10000000000002,1,1,1.0
90,2,368.6,628.6,291.4,105.19999999999993,1,1,1.0
90,3,240.7,448.2,152.7,180.90000000000003,1,1,1.0
90,4,1185.4,574.6,265.89999999999986,262.6,1,1,1.0
90,5,527.2,433.0,235.89999999999998,265.70000000000005,1,1,1.0
90,6,573.8,670.5,403.9000000000001,132.70000000000005,1,1,1.0
90,7,671.9,507.3,316.80000000000007,272.2,1,1,1.0
90,8,588.0,797.6,410.1,109.69999999999993,1,1,1.0
90,9,1089.1,256.7,118.80000000000018,419.8,1,1,1.0
90,10,894.4,300.4,183.89999999999998,339.20000000000005,1,1,1.0
91,1,277.7,661.1,283.00000000000006,221.19999999999993,1,1,1.0
91,2,353.5,620.4,310.20000000000005,115.30000000000007,1,1,1.0
91,3,243.8,449.2,149.09999999999997,186.7,1,1,1.0
91,4,1262.3,570.4,193.60000000000014,257.80000000000007,1,1,1.0
91,5,508.7,443.4,264.8,230.39999999999998,1,1,1.0
91,6,606.2,674.0,358.79999999999995,140.20000000000005,1,1,1.0
91,7,674.2,524.6,331.0999999999999,266.19999999999993,1,1,1.0
91,8,593.7,816.5,430.79999999999995,113.39999999999998,1,1,1.0
91,9,1090.8,274.2,183.79999999999995,331.50000000000006,1,1,1.0
91,10,895.2,304.6,197.29999999999995,311.69999999999993,1,1,1.0
92,1,270.9,658.1,289.80000000000007,197.79999999999995,1,1,1.0
92,2,360.4,615.4,295.80000000000007,119.70000000000005,1,1,1.0
92,3,243.8,449.7,147.0,189.3,1,1,1.0
92,4,1263.1,591.9,226.70000000000005,217.5,1,1,1.0
92,5,503.5,470.0,252.60000000000002,185.29999999999995,1,1,1.0
92,6,591.2,675.2,321.0999999999999,128.5999999999999,1,1,1.0
92,7,670.4,526.8,293.5,236.9000000000001,1,1,1.0
92,8,600.0,805.8,363.6,110.90000000000009,1,1,1.0
92,9,1065.0,440.9,300.4000000000001,161.5,1,1,1.0
92,10,910.2,302.9,172.29999999999995,328.4,1,1,1.0
93,1,264.9,653.6,295.0,202.29999999999995,1,1,1.0
93,2,360.4,612.3,297.1,124.70000000000005,1,1,1.0
93,3,246.9,446.5,132.4,189.89999999999998,1,1,1.0
93,4,1236.7,646.9,309.5999999999999,118.80000000000007,1,1,1.0
93,5,495.4,461.3,268.20000000000005,190.49999999999994,1,1,1.0
93,6,599.3,676.4,327.4000000000001,133.20000000000005,1,1,1.0
93,7,666.6,531.3,344.79999999999995,212.80000000000007,1,1,1.0
93,8,615.7,805.2,299.5,113.39999999999998,1,1,1.0
93,9,1069.2,451.7,274.39999999999986,130.7,1,1,1.0
93,10,959.4,305.4,143.10000000000002,277.6,1,1,1.0
94,1,267.9,664.1,292.0,195.60000000000002,1,1,1.0
94,2,358.5,609.8,295.20000000000005,131.60000000000002,1,1,1.0
94,3,250.6,448.6,128.70000000000002,205.10000000000002,1,1,1.0
94,4,1251.8,636.3,302.79999999999995,128.60000000000002,1,1,1.0
94,5,498.3,456.1,265.3,194.5,1,1,1.0
94,6,599.3,676.4,339.0,133.80000000000007,1,1,1.0
94,7,666.6,534.3,350.79999999999995,246.70000000000005,1,1,1.0
94,8,608.8,809.0,306.4000000000001,117.10000000000002,1,1,1.0
94,9,1061.7,455.0,304.5,129.89999999999998,1,1,1.0
94,10,953.6,292.1,129.69999999999993,311.69999999999993,1,1,1.0
95,1,267.9,666.4,292.0,207.60000000000002,1,1,1.0
95,2,344.0,613.6,335.4,122.10000000000002,1,1,1.0
95,3,250.6,448.6,128.70000000000002,205.10000000000002,1,1,1.0
95,4,1184.7,608.4,363.0999999999999,148.20000000000005,1,1,1.0
95,5,498.3,450.3,265.3,198.59999999999997,1,1,1.0
95,6,593.5,668.3,376.0,144.80000000000007,1,1,1.0
95,7,666.6,532.8,307.29999999999995,218.9000000000001,1,1,1.0
95,8,608.8,809.0,305.1,117.70000000000005,1,1,1.0
95,9,1042.5,450.8,357.9000000000001,135.8,1,1,1.0
95,10,951.1,284.6,124.69999999999993,381.69999999999993,1,1,1.0
96,1,269.4,665.6,290.5,212.89999999999998,1,1,1.0
96,2,359.1,630.6,319.29999999999995,109.5,1,1,1.0
96,3,254.8,445.5,124.5,214.5,1,1,1.0
96,4,1129.7,566.2,345.0,155.29999999999995,1,1,1.0
96,5,489.0,459.0,271.70000000000005,191.70000000000005,1,1,1.0
96,6,609.1,674.1,400.9,136.10000000000002,1,1,1.0
96,7,659.8,536.6,359.1,193.19999999999993,1,1,1.0
96,8,593.7,812.8,320.19999999999993,123.30000000000007,1,1,1.0
96,9,1048.3,445.8,367.9000000000001,125.80000000000001,1,1,1.0
96,10,951.1,288.8,138.80000000000007,366.7,1,1,1.0
97,1,264.9,668.6,295.0,187.29999999999995,1,1,1.0
97,2,374.8,626.8,308.99999999999994,122.70000000000005,1,1,1.0
97,3,246.4,456.0,131.9,176.29999999999995,1,1,1.0
97,4,1099.6,564.7,384.10000000000014,138.39999999999998,1,1,1.0
97,5,489.0,478.1,270.0,171.39999999999998,1,1,1.0
97,6,618.4,675.8,349.9,135.0,1,1,1.0
97,7,661.3,532.8,341.0,283.70000000000005,1,1,1.0
97,8,589.3,780.1,290.0,164.19999999999993,1,1,1.0
97,9,1150.8,435.0,356.20000000000005,126.60000000000002,1,1,1.0
97,10,948.6,303.8,152.10000000000002,364.99999999999994,1,1,1.0
98,1,222.7,631.7,262.5,154.0999999999999,1,1,1.0
98,2,355.3,590.4,297.09999999999997,115.70000000000005,1,1,1.0
98,3,239.1,450.2,151.20000000000002,179.00000000000006,1,1,1.0
98,4,1095.1,563.9,387.8000000000002,131.70000000000005,1,1,1.0
98,5,479.7,479.8,259.00000000000006,147.09999999999997,1,1,1.0
98,6,588.9,662.5,347.6,157.60000000000002,1,1,1.0
98,7,676.4,520.8,293.5,242.20000000000005,1,1,1.0
98,8,525.9,737.4,257.4,222.0,1,1,1.0
98,9,1166.6,441.7,340.4000000000001,129.90000000000003,1,1,1.0
98,10,956.1,286.3,127.89999999999998,364.99999999999994,1,1,1.0
99,1,270.9,468.9,179.60000000000002,313.9,1,1,1.0
99,2,415.0,576.6,295.79999999999995,138.29999999999995,1,1,1.0
99,3,239.1,448.6,113.50000000000003,180.60000000000002,1,1,1.0
99,4,1138.8,553.1,344.10000000000014,142.5,1,1,1.0
99,5,491.3,483.3,274.59999999999997,130.90000000000003,1,1,1.0
99,6,624.8,686.2,400.79999999999995,164.0,1,1,1.0
99,7,664.3,531.3,369.60000000000014,181.20000000000005,1,1,1.0
99,8,423.5,704.7,249.27999999999997,191.89999999999998,1,1,1.0
99,9,1161.6,386.7,299.60000000000014,183.2,1,1,1.0
99,10,954.4,288.0,171.10000000000002,369.1,1,1,1.0
100,1,311.6,377.0,258.0,275.4,1,1,1.0
100,2,445.14,577.9,344.76,154.60000000000002,1,1,1.0
100,3,256.4,448.1,125.40000000000003,193.19999999999993,1,1,1.0
100,4,1111.3,507.4,324.9000000000001,152.80000000000007,1,1,1.0
100,5,523.7,475.7,344.5999999999999,128.09999999999997,1,1,1.0
100,6,641.0,697.8,382.9,169.80000000000007,1,1,1.0
100,7,668.1,517.7,325.1,226.39999999999998,1,1,1.0
100,8,397.2,621.1,180.59999999999997,261.9,1,1,1.0
100,9,1143.3,290.0,258.70000000000005,263.20000000000005,1,1,1.0
100,10,946.1,302.2,177.10000000000002,299.09999999999997,1,1,1.0
101,1,365.9,344.6,291.9,223.39999999999998,1,1,1.0
101,2,494.9,547.4,322.70000000000005,180.10000000000002,1,1,1.0
101,3,253.8,444.4,133.8,220.39999999999998,1,1,1.0
101,4,916.6,247.43,280.69999999999993,263.57,1,1,1.0
101,5,612.8,438.7,367.80000000000007,176.09999999999997,1,1,1.0
101,6,649.1,679.9,268.9,256.6,1,1,1.0
101,7,672.6,523.7,311.6,269.4,1,1,1.0
101,8,420.6,458.3,187.10000000000002,328.99999999999994,1,1,1.0
101,9,1180.0,250.0,208.70000000000005,259.9,1,1,1.0
101,10,950.3,305.5,204.60000000000014,286.6,1,1,1.0
102,1,402.1,328.0,307.69999999999993,150.3,1,1,1.0
102,2,508.6,540.9,280.6,189.10000000000002,1,1,1.0
102,3,255.4,448.1,134.29999999999998,210.39999999999998,1,1,1.0
102,4,784.0,238.39,298.79999999999995,151.31,1,1,1.0
102,5,689.8,401.7,336.5,264.59999999999997,1,1,1.0
102,6,676.9,631.9,217.39999999999998,286.1,1,1,1.0
102,7,665.1,548.6,349.29999999999995,253.5,1,1,1.0
102,8,453.8,426.7,243.8,234.8,1,1,1.0
102,9,1173.3,266.7,212.10000000000014,232.40000000000003,1,1,1.0
102,10,992.0,401.33,297.9000000000001,202.46999999999997,1,1,1.0
103,1,446.6,296.4,294.79999999999995,112.60000000000002,1,1,1.0
103,2,504.2,549.0,272.00000000000006,179.10000000000002,1,1,1.0
103,3,254.9,447.1,134.79999999999998,202.0,1,1,1.0
103,4,819.4,186.4,166.89999999999998,311.79999999999995,1,1,1.0
103,5,734.9,385.5,315.1,271.5,1,1,1.0
103,6,634.1,633.1,238.19999999999993,275.1,1,1,1.0
103,7,665.9,543.3,328.1,267.80000000000007,1,1,1.0
103,8,420.6,401.1,299.6,168.5,1,1,1.0
103,9,1130.0,281.7,257.0999999999999,215.7,1,1,1.0
103,10,1113.7,443.8,307.89999999999986,169.2,1,1,1.0
104,1,545.3,261.0,340.70000000000005,115.60000000000002,1,1,1.0
104,2,540.0,549.6,278.9,234.39999999999998,1,1,1.0
104,3,255.9,447.1,133.79999999999998,200.39999999999998,1,1,1.0
104,4,933.2,302.44,151.79999999999995,354.76000000000005,1,1,1.0
104,5,734.9,380.9,265.9,295.80000000000007,1,1,1.0
104,6,420.0,755.8,281.0,110.70000000000005,1,1,1.0
104,7,666.7,538.0,288.0999999999999,240.70000000000005,1,1,1.0
104,8,418.3,405.6,320.8,165.5,1,1,1.0
104,9,1063.3,290.9,266.29999999999995,277.30000000000007,1,1,1.0
104,10,1232.02,481.3,274.5799999999999,140.90000000000003,1,1,1.0
105,1,623.7,239.1,376.79999999999995,139.00000000000003,1,1,1.0
105,2,571.4,557.1,278.30000000000007,237.0,1,1,1.0
105,3,204.6,450.8,187.70000000000002,166.3,1,1,1.0
105,4,930.2,311.5,157.0999999999999,355.5,1,1,1.0
105,5,739.0,371.6,271.6,314.4,1,1,1.0
105,6,367.9,721.6,286.20000000000005,131.60000000000002,1,1,1.0
105,7,687.0,543.3,326.6,304.70000000000005,1,1,1.0
105,8,423.5,426.7,346.4,154.2,1,1,1.0
105,9,1084.1,284.2,196.30000000000018,364.00000000000006,1,1,1.0
105,10,1299.5,471.3,323.79999999999995,141.7,1,1,1.0
106,1,870.1,227.0,379.80000000000007,108.89999999999998,1,1,1.0
106,2,578.9,559.0,289.0,233.20000000000005,1,1,1.0
106,3,202.5,449.8,189.8,168.3,1,1,1.0
106,4,927.2,310.0,143.5,348.0,1,1,1.0
106,5,730.3,367.6,228.80000000000007,249.0,1,1,1.0
106,6,345.3,718.1,307.59999999999997,127.60000000000002,1,1,1.0
106,7,715.6,551.6,285.9,279.79999999999995,1,1,1.0
106,8,477.8,456.8,357.7,135.40000000000003,1,1,1.0
106,9,1059.9,287.5,172.19999999999982,379.9,1,1,1.0
106,10,1312.8,471.3,284.70000000000005,140.90000000000003,1,1,1.0
107,1,1231.0,239.06,121.40000000000009,345.54,1,1,1.0
107,2,582.7,562.1,295.9,220.69999999999993,1,1,1.0
107,3,196.2,449.8,196.10000000000002,169.3,1,1,1.0
107,4,943.0,301.0,128.4000000000001,332.1,1,1,1.0
107,5,726.2,366.4,234.0999999999999,262.4,1,1,1.0
107,6,356.3,721.6,299.49999999999994,125.79999999999995,1,1,1.0
107,7,712.6,539.5,273.79999999999995,247.39999999999998,1,1,1.0
107,8,483.1,461.3,320.0,121.90000000000003,1,1,1.0
107,9,1044.9,283.3,168.0,365.8,1,1,1.0
107,10,1310.3,462.1,280.5,154.29999999999995,1,1,1.0
108,1,1193.3,329.5,156.10000000000014,359.1,1,1,1.0
108,2,575.2,567.8,292.79999999999995,227.60000000000002,1,1,1.0
108,3,196.2,449.8,196.10000000000002,169.8,1,1,1.0
108,4,943.0,294.9,128.4000000000001,351.80000000000007,1,1,1.0
108,5,733.7,351.4,227.79999999999995,280.9,1,1,1.0
108,6,375.4,695.0,283.30000000000007,156.5,1,1,1.0
108,7,707.3,513.1,342.4000000000001,222.60000000000002,1,1,1.0
108,8,478.6,461.3,341.1,127.19999999999999,1,1,1.0
108,9,1074.1,281.6,148.80000000000018,389.19999999999993,1,1,1.0
108,10,1317.8,479.6,276.29999999999995,134.29999999999995,1,1,1.0
109,1,1174.5,338.5,172.5999999999999,347.9,1,1,1.0
109,2,572.7,567.8,293.0,216.30000000000007,1,1,1.0
109,3,203.5,449.8,188.8,171.40000000000003,1,1,1.0
109,4,937.0,290.4,145.70000000000005,384.20000000000005,1,1,1.0
109,5,730.2,347.9,259.0999999999999,290.80000000000007,1,1,1.0
109,6,355.7,667.8,249.8,179.60000000000002,1,1,1.0
109,7,680.9,520.6,302.5,232.39999999999998,1,1,1.0
109,8,480.9,474.9,354.6,115.89999999999998,1,1,1.0
109,9,1082.4,281.6,143.0,381.69999999999993,1,1,1.0
109,10,1314.5,491.3,280.4000000000001,121.80000000000001,1,1,1.0
110,1,1164.7,362.6,199.79999999999995,310.19999999999993,1,1,1.0
110,2,560.1,571.6,310.9,190.5,1,1,1.0
110,3,209.8,449.3,182.5,179.2,1,1,1.0
110,4,941.5,298.7,130.70000000000005,324.7,1,1,1.0
110,5,719.2,363.5,307.70000000000005,292.0,1,1,1.0
110,6,345.3,656.8,233.59999999999997,176.20000000000005,1,1,1.0
110,7,682.4,517.6,313.80000000000007,245.19999999999993,1,1,1.0
110,8,480.9,479.4,332.70000000000005,109.89999999999998,1,1,1.0
110,9,1045.7,277.4,183.0,370.9,1,1,1.0
110,10,1321.2,486.3,278.70000000000005,124.30000000000001,1,1,1.0
111,1,1203.1,358.1,156.10000000000014,340.29999999999995,1,1,1.0
111,2,551.9,575.4,289.1,181.70000000000005,1,1,1.0
111,3,208.8,449.3,183.5,180.2,1,1,1.0
111,4,944.5,296.4,127.70000000000005,313.4,1,1,1.0
111,5,719.2,379.7,307.70000000000005,275.8,1,1,1.0
111,6,327.4,619.22,233.0,211.48000000000002,1,1,1.0
111,7,683.9,516.1,306.30000000000007,275.29999999999995,1,1,1.0
111,8,485.4,479.4,323.6,108.39999999999998,1,1,1.0
111,9,1084.9,274.1,142.0999999999999,383.4,1,1,1.0
111,10,1331.2,490.5,270.39999999999986,121.79999999999995,1,1,1.0
112,1,1180.5,361.9,179.5,342.6,1,1,1.0
112,2,548.8,578.5,289.70000000000005,177.29999999999995,1,1,1.0
112,3,221.9,448.3,170.4,185.40000000000003,1,1,1.0
112,4,950.1,296.4,122.10000000000002,348.80000000000007,1,1,1.0
112,5,728.5,379.7,255.60000000000002,289.7,1,1,1.0
112,6,336.0,611.1,225.60000000000002,224.29999999999995,1,1,1.0
112,7,692.9,501.0,237.0,298.70000000000005,1,1,1.0
112,8,485.4,480.2,326.6,107.59999999999997,1,1,1.0
112,9,1073.2,278.3,153.0,368.40000000000003,1,1,1.0
112,10,1362.0,453.8,233.79999999999995,171.8,1,1,1.0
113,1,1223.5,368.7,136.5,338.09999999999997,1,1,1.0
113,2,532.5,569.1,245.70000000000005,176.69999999999993,1,1,1.0
113,3,232.4,448.3,158.9,174.90000000000003,1,1,1.0
113,4,947.5,297.9,132.20000000000005,345.1,1,1,1.0
113,5,732.6,375.6,280.4,292.6,1,1,1.0
113,6,326.7,604.2,233.2,234.0999999999999,1,1,1.0
113,7,659.7,537.9,263.4,278.4,1,1,1.0
113,8,485.4,480.2,330.4,107.59999999999997,1,1,1.0
113,9,1086.5,278.3,142.20000000000005,381.7,1,1,1.0
113,10,1344.5,471.3,277.0999999999999,148.49999999999994,1,1,1.0
114,1,1179.8,361.9,178.70000000000005,338.1,1,1,1.0
114,2,501.7,570.3,242.59999999999997,174.9000000000001,1,1,1.0
114,3,240.2,448.8,151.10000000000002,183.8,1,1,1.0
114,4,937.7,301.7,135.29999999999995,369.90000000000003,1,1,1.0
114,5,734.3,379.7,257.9000000000001,300.09999999999997,1,1,1.0
114,6,342.3,599.6,213.59999999999997,239.29999999999995,1,1,1.0
114,7,727.3,547.3,213.10000000000002,342.80000000000007,1,1,1.0
114,8,485.4,478.0,325.9,108.29999999999995,1,1,1.0
114,9,1091.5,270.0,130.5,392.5,1,1,1.0
114,10,1327.0,477.1,280.4000000000001,136.0,1,1,1.0
115,1,1161.7,360.4,201.29999999999995,350.20000000000005,1,1,1.0
115,2,493.5,574.1,250.79999999999995,199.39999999999998,1,1,1.0
115,3,261.7,444.6,129.60000000000002,212.10000000000002,1,1,1.0
115,4,934.7,299.4,146.5999999999999,374.5,1,1,1.0
115,5,734.9,379.1,257.30000000000007,330.79999999999995,1,1,1.0
115,6,342.9,597.9,213.0,241.0,1,1,1.0
115,7,780.2,555.2,157.89999999999998,312.29999999999995,1,1,1.0
115,8,481.6,441.8,316.9,145.99999999999994,1,1,1.0
115,9,1089.8,279.2,143.0,394.09999999999997,1,1,1.0
115,10,1329.5,497.1,295.4000000000001,111.0,1,1,1.0
116,1,1197.1,361.9,159.10000000000014,314.0,1,1,1.0
116,2,474.7,599.8,269.59999999999997,138.5,1,1,1.0
116,3,255.4,449.3,135.9,184.40000000000003,1,1,1.0
116,4,930.9,297.9,159.39999999999998,337.6,1,1,1.0
116,5,727.4,383.7,315.1,292.59999999999997,1,1,1.0
116,6,343.5,606.6,214.70000000000005,232.89999999999998,1,1,1.0
116,7,780.2,534.9,160.89999999999998,334.9,1,1,1.0
116,8,486.9,383.0,355.30000000000007,231.89999999999998,1,1,1.0
116,9,1084.8,273.4,140.5,403.20000000000005,1,1,1.0
116,10,1346.2,492.9,278.70000000000005,120.20000000000005,1,1,1.0
117,1,1189.6,359.6,167.4000000000001,349.5,1,1,1.0
117,2,467.2,601.1,277.09999999999997,139.10000000000002,1,1,1.0
117,3,247.9,447.7,143.4,188.59999999999997,1,1,1.0
117,4,924.1,299.4,148.89999999999998,374.5,1,1,1.0
117,5,731.0,413.2,288.4,293.2,1,1,1.0
117,6,372.4,543.5,184.64,299.5,1,1,1.0
117,7,774.2,550.7,166.89999999999998,319.9,1,1,1.0
117,8,520.1,374.7,325.1,231.90000000000003,1,1,1.0
117,9,1084.8,277.6,143.79999999999995,415.69999999999993,1,1,1.0
117,10,1348.7,491.2,269.5,148.59999999999997,1,1,1.0
118,1,1169.3,364.1,190.70000000000005,325.4,1,1,1.0
118,2,468.5,598.0,289.0,147.89999999999998,1,1,1.0
118,3,248.1,447.7,147.9,186.50000000000006,1,1,1.0
118,4,927.1,299.4,140.60000000000002,378.30000000000007,1,1,1.0
118,5,737.9,409.1,250.80000000000007,282.79999999999995,1,1,1.0
118,6,385.7,585.2,167.90000000000003,256.0999999999999,1,1,1.0
118,7,765.2,562.8,160.79999999999995,320.0,1,1,1.0
118,8,538.9,370.2,363.6,218.3,1,1,1.0
118,9,1088.1,283.4,143.80000000000018,361.6,1,1,1.0
118,10,1351.2,479.5,187.79999999999995,290.29999999999995,1,1,1.0
119,1,1182.1,361.8,175.60000000000014,305.8,1,1,1.0
119,2,471.6,587.3,301.6,154.80000000000007,1,1,1.0
119,3,246.3,448.7,165.89999999999998,179.2,1,1,1.0
119,4,959.5,291.9,111.20000000000005,289.30000000000007,1,1,1.0
119,5,733.8,401.0,292.5,256.79999999999995,1,1,1.0
119,6,401.3,528.5,151.09999999999997,315.1,1,1,1.0
119,7,757.7,566.6,183.39999999999998,307.79999999999995,1,1,1.0
119,8,538.9,377.0,370.4,205.5,1,1,1.0
119,9,1089.8,269.2,152.9000000000001,344.09999999999997,1,1,1.0
119,10,1293.7,504.5,261.0999999999999,254.5,1,1,1.0
120,1,1176.1,359.5,181.60000000000014,333.70000000000005,1,1,1.0
120,2,479.1,586.0,324.19999999999993,154.79999999999995,1,1,1.0
120,3,245.6,446.6,157.20000000000002,197.5,1,1,1.0
120,4,868.3,263.3,239.29999999999995,231.2,1,1,1.0
120,5,728.0,415.5,295.4,269.5,1,1,1.0
120,6,407.7,430.1,132.50000000000006,337.1,1,1,1.0
120,7,754.7,574.9,186.39999999999998,302.5,1,1,1.0
120,8,542.7,332.5,288.19999999999993,251.5,1,1,1.0
120,9,1039.8,274.2,202.9000000000001,355.00000000000006,1,1,1.0
120,10,1212.0,567.0,367.79999999999995,190.29999999999995,1,1,1.0
121,1,1139.9,364.0,226.79999999999995,309.6,1,1,1.0
121,2,479.7,587.3,320.50000000000006,152.20000000000005,1,1,1.0
121,3,248.2,446.6,155.60000000000002,201.69999999999993,1,1,1.0
121,4,669.4,230.1,333.5,140.1,1,1,1.0
121,5,726.8,412.6,271.1,280.5,1,1,1.0
121,6,392.1,391.9,193.29999999999995,273.5,1,1,1.0
121,7,760.7,573.4,164.5999999999999,293.5,1,1,1.0
121,8,521.6,359.7,275.4,213.00000000000006,1,1,1.0
121,9,1050.6,288.4,205.4000000000001,330.80000000000007,1,1,1.0
121,10,1184.5,579.5,392.79999999999995,168.60000000000002,1,1,1.0
