1,1,271.7,367.1,152.3,257.6,1,1,1.0
1,2,286.2,613.1,275.50000000000006,192.10000000000002,1,1,1.0
1,3,534.88,525.9,281.32000000000005,182.0,1,1,1.0
1,4,195.9,459.9,113.70000000000002,305.1,1,1,1.0
1,5,865.9,252.7,299.1,149.60000000000002,1,1,1.0
1,6,1376.2,343.6,173.39999999999986,138.09999999999997,1,1,1.0
1,7,204.8,640.4,135.2,228.80000000000007,1,1,1.0
1,8,310.3,785.8,322.90000000000003,108.70000000000005,1,1,1.0
1,9,1025.8,432.9,289.79999999999995,191.70000000000005,1,1,1.0
1,10,337.5,266.7,120.0,101.10000000000002,1,1,0.0
1,11,510.9,243.5,267.6,252.2,1,1,1.0
2,1,271.7,370.6,150.90000000000003,252.0,1,1,1.0
2,2,290.5,628.72,305.9,174.17999999999995,1,1,1.0
2,3,541.1,523.8,270.19999999999993,185.5,1,1,1.0
2,4,191.0,459.9,114.39999999999998,305.1,1,1,1.0
2,5,903.6,267.8,328.6,119.39999999999998,1,1,1.0
2,6,1358.8,331.4,190.79999999999995,147.20000000000005,1,1,1.0
2,7,196.1,640.8,144.4,228.4000000000001,1,1,1.0
2,8,305.1,785.8,328.1,109.20000000000005,1,1,1.0
2,9,1070.3,439.2,291.10000000000014,197.40000000000003,1,1,1.0
2,10,343.9,289.8,92.60000000000002,86.09999999999997,1,1,0.0
2,11,502.6,250.2,263.4,236.3,1,1,1.0
3,1,271.7,374.1,150.90000000000003,248.5,1,1,1.0
3,2,290.3,610.8,321.09999999999997,211.20000000000005,1,1,1.0
3,3,545.3,523.8,266.0,191.10000000000002,1,1,1.0
3,4,189.8,459.9,120.09999999999997,303.70000000000005,1,1,1.0
3,5,951.3,277.8,297.29999999999995,130.09999999999997,1,1,1.0
3,6,1352.7,327.9,196.89999999999986,150.70000000000005,1,1,1.0
3,7,198.3,642.5,143.0,234.5,1,1,1.0
3,8,303.5,781.6,328.1,110.19999999999993,1,1,1.0
3,9,1075.9,436.4,285.5,204.39999999999998,1,1,1.0
3,10,340.1,270.1,87.89999999999998,109.0,1,1,0.0
3,11,506.8,248.5,280.90000000000003,241.3,1,1,1.0
4,1,271.7,363.0,150.90000000000003,259.6,1,1,1.0
4,2,360.3,636.3,334.99999999999994,196.70000000000005,1,1,1.0
4,3,545.3,523.8,271.6,191.10000000000002,1,1,1.0
4,4,195.2,459.9,112.30000000000001,302.30000000000007,1,1,1.0
4,5,948.2,272.7,305.5,136.40000000000003,1,1,1.0
4,6,1343.5,345.8,206.0999999999999,122.30000000000001,1,1,1.0
4,7,198.3,642.5,143.0,226.70000000000005,1,1,1.0
4,8,302.6,769.8,319.79999999999995,128.5,1,1,1.0
4,9,1078.3,435.1,281.0,205.69999999999993,1,1,1.0
4,10,342.7,263.7,70.80000000000001,106.5,1,1,0.0
4,11,508.5,246.8,276.70000000000005,243.0,1,1,1.0
5,1,271.7,346.3,150.90000000000003,275.59999999999997,1,1,1.0
5,2,417.0,593.4,241.29999999999995,291.70000000000005,1,1,1.0
5,3,540.0,521.7,301.20000000000005,187.5,1,1,1.0
5,4,194.5,459.9,115.10000000000002,302.30000000000007,1,1,1.0
5,5,951.4,255.1,327.4,165.9,1,1,1.0
5,6,1340.4,368.9,209.19999999999982,100.90000000000003,1,1,1.0
5,7,198.3,642.1,143.0,227.10000000000002,1,1,1.0
5,8,308.4,767.2,285.70000000000005,128.5,1,1,1.0
5,9,1078.0,432.2,281.9000000000001,208.59999999999997,1,1,1.0
5,10,232.8,266.6,177.8,198.5,1,1,0.0
5,11,504.3,246.8,270.09999999999997,234.7,1,1,1.0
6,1,271.7,349.1,150.90000000000003,270.0,1,1,1.0
6,2,437.3,580.1,231.99999999999994,311.9,1,1,1.0
6,3,543.9,521.7,266.70000000000005,182.79999999999995,1,1,1.0
6,4,196.6,463.4,113.00000000000003,296.70000000000005,1,1,1.0
6,5,943.9,253.2,333.0000000000001,168.5,1,1,1.0
6,6,1303.8,392.4,244.10000000000014,106.60000000000002,1,1,1.0
6,7,200.0,644.7,141.3,220.0999999999999,1,1,1.0
6,8,300.5,758.8,277.9,124.30000000000007,1,1,1.0
6,9,1080.8,429.4,265.29999999999995,213.5,1,1,1.0
6,10,194.0,241.1,166.8,256.4,1,1,0.0
6,11,504.3,246.8,259.90000000000003,225.5,1,1,1.0
7,1,271.7,348.8,150.90000000000003,270.3,1,1,1.0
7,2,448.9,608.5,233.10000000000002,282.29999999999995,1,1,1.0
7,3,536.3,517.5,320.80000000000007,192.60000000000002,1,1,1.0
7,4,198.0,463.4,111.60000000000002,281.4,1,1,1.0
7,5,953.3,238.8,231.9000000000001,254.5,1,1,1.0
7,6,1323.9,385.0,224.0,100.89999999999998,1,1,1.0
7,7,200.0,643.0,141.3,222.89999999999998,1,1,1.0
7,8,316.2,749.4,251.2,126.39999999999998,1,1,1.0
7,9,1112.0,425.2,233.4000000000001,232.3,1,1,1.0
7,10,172.6,238.8,179.50000000000003,249.39999999999998,1,1,0.0
7,11,502.6,246.8,266.79999999999995,228.8,1,1,1.0
8,1,271.7,348.5,150.90000000000003,270.6,1,1,1.0
8,2,449.5,620.1,220.29999999999995,259.69999999999993,1,1,1.0
8,3,528.0,533.5,349.20000000000005,171.70000000000005,1,1,1.0
8,4,197.3,474.5,112.30000000000001,262.70000000000005,1,1,1.0
8,5,953.3,238.8,232.5,257.0,1,1,1.0
8,6,1329.6,385.0,218.30000000000018,110.5,1,1,1.0
8,7,200.0,641.3,141.3,225.70000000000005,1,1,1.0
8,8,321.0,745.2,243.29999999999995,128.5,1,1,1.0
8,9,1102.3,470.3,261.79999999999995,215.7,1,1,1.0
8,10,174.9,238.8,162.20000000000002,252.3,1,1,0.0
8,11,503.4,246.8,265.20000000000005,230.5,1,1,1.0
9,1,271.7,348.5,150.90000000000003,272.35,1,1,1.0
9,2,443.1,622.2,223.19999999999993,252.69999999999993,1,1,1.0
9,3,529.4,518.2,277.0,137.0,1,1,1.0
9,4,197.3,480.7,112.30000000000001,274.59999999999997,1,1,1.0
9,5,977.2,255.1,188.5,274.0,1,1,1.0
9,6,1358.8,397.2,189.10000000000014,109.19999999999999,1,1,1.0
9,7,200.0,644.7,141.3,223.5999999999999,1,1,1.0
9,8,321.0,744.2,243.29999999999995,128.5,1,1,1.0
9,9,1073.0,528.6,284.9000000000001,200.5,1,1,1.0
9,10,180.2,241.1,154.60000000000002,256.29999999999995,1,1,0.0
9,11,545.1,246.8,273.5,221.3,1,1,1.0
10,1,271.7,348.5,150.90000000000003,274.1,1,1,1.0
10,2,446.0,618.4,221.5,258.0,1,1,1.0
10,3,527.3,500.8,375.6,145.40000000000003,1,1,1.0
10,4,195.2,480.7,114.40000000000003,280.8,1,1,1.0
10,5,1001.7,277.1,231.20000000000005,249.5,1,1,1.0
10,6,1349.2,393.7,198.70000000000005,112.30000000000001,1,1,1.0
10,7,200.0,644.7,137.8,223.5999999999999,1,1,1.0
10,8,296.9,744.2,272.1,128.5,1,1,1.0
10,9,1144.7,541.8,279.89999999999986,201.20000000000005,1,1,1.0
10,10,196.9,246.7,136.49999999999997,274.3,1,1,0.0
10,11,577.6,251.8,288.5,235.5,1,1,1.0
11,1,271.7,347.65,150.90000000000003,273.15,1,1,1.0
11,2,439.1,618.4,230.10000000000002,275.9,1,1,1.0
11,3,589.8,518.9,353.4000000000001,122.39999999999998,1,1,1.0
11,4,192.4,487.6,117.20000000000002,273.9,1,1,1.0
11,5,1000.5,341.8,273.29999999999995,202.99999999999994,1,1,1.0
11,6,1355.4,391.1,192.5,114.0,1,1,1.0
11,7,195.2,647.3,142.60000000000002,226.70000000000005,1,1,1.0
11,8,299.5,743.7,268.45000000000005,128.0,1,1,1.0
11,9,1199.6,527.2,255.60000000000014,241.5,1,1,1.0
11,10,205.2,246.7,139.3,255.5,1,1,0.0
11,11,570.1,272.6,352.69999999999993,208.0,1,1,1.0
12,1,271.7,346.8,150.90000000000003,272.3,1,1,1.0
12,2,444.9,627.7,232.89999999999998,269.5,1,1,1.0
12,3,734.0,453.6,295.9000000000001,139.39999999999998,1,1,1.0
12,4,191.7,477.9,117.90000000000003,290.5,1,1,1.0
12,5,1264.23,480.6,280.8699999999999,143.89999999999998,1,1,1.0
12,6,1345.7,387.2,202.20000000000005,113.10000000000002,1,1,1.0
12,7,195.2,649.5,142.60000000000002,215.79999999999995,1,1,1.0
12,8,297.4,743.7,262.70000000000005,132.19999999999993,1,1,1.0
12,9,1214.9,489.0,208.39999999999986,301.9,1,1,1.0
12,10,206.6,250.9,136.50000000000003,244.4,1,1,0.0
12,11,603.4,262.6,393.6,159.7,1,1,1.0
13,1,271.7,351.4,150.90000000000003,273.5,1,1,1.0
13,2,425.8,674.1,257.2,197.69999999999993,1,1,1.0
13,3,464.0,351.7,180.0,220.17000000000002,1,1,1.0
13,4,191.7,471.7,117.90000000000003,296.7,1,1,1.0
13,5,1339.66,510.27,206.93999999999983,114.52999999999997,1,1,1.0
13,6,1366.2,388.9,181.70000000000005,108.80000000000001,1,1,1.0
13,7,195.2,649.5,142.60000000000002,215.79999999999995,1,1,1.0
13,8,295.9,743.2,255.30000000000007,135.79999999999995,1,1,1.0
13,9,1220.6,487.6,172.80000000000018,281.79999999999995,1,1,1.0
13,10,206.6,250.9,136.50000000000003,236.1,1,1,0.0
13,11,603.4,262.6,342.80000000000007,161.39999999999998,1,1,1.0
14,1,271.7,351.4,152.60000000000002,273.5,1,1,1.0
14,2,429.3,674.7,246.8,195.39999999999998,1,1,1.0
14,3,405.4,423.1,283.6,216.79999999999995,1,1,1.0
14,4,195.2,482.8,114.40000000000003,279.99999999999994,1,1,1.0
14,5,1396.1,546.5,150.9000000000001,86.79999999999995,1,1,0.0
14,6,771.5,431.44,252.70000000000005,110.06,1,1,1.0
14,7,195.2,646.9,142.60000000000002,213.20000000000005,1,1,1.0
14,8,300.1,742.2,249.5,135.79999999999995,1,1,1.0
14,9,1229.5,476.5,140.29999999999995,313.0,1,1,1.0
14,10,198.3,247.4,134.39999999999998,250.70000000000002,1,1,0.0
14,11,605.1,273.4,316.9,150.60000000000002,1,1,1.0
15,1,271.7,347.9,151.40000000000003,277.0,1,1,1.0
15,2,431.0,671.2,245.10000000000002,200.5999999999999,1,1,1.0
15,3,534.16,480.85,261.74,181.25,1,1,1.0
15,4,197.3,464.7,112.30000000000001,271.7,1,1,1.0
15,5,1404.8,535.8,142.20000000000005,86.20000000000005,1,1,0.0
15,6,782.8,424.5,306.70000000000005,101.89999999999998,1,1,1.0
15,7,198.3,643.0,139.5,222.29999999999995,1,1,1.0
15,8,301.1,743.8,248.5,130.0,1,1,1.0
15,9,1208.7,456.3,154.20000000000005,310.3,1,1,1.0
15,10,202.5,241.7,128.60000000000002,225.90000000000003,1,1,0.0
15,11,701.76,279.2,341.94000000000005,132.3,1,1,1.0
16,1,251.4,375.1,165.9,233.0,1,1,1.0
16,2,431.0,674.7,241.60000000000002,197.0999999999999,1,1,1.0
16,3,521.7,537.8,274.19999999999993,138.20000000000005,1,1,1.0
16,4,196.6,455.0,113.00000000000003,273.79999999999995,1,1,1.0
16,5,1441.7,571.6,105.29999999999995,101.39999999999998,1,1,0.0
16,6,800.4,414.5,311.1,130.10000000000002,1,1,1.0
16,7,200.0,645.6,137.8,227.5,1,1,1.0
16,8,301.6,743.2,246.39999999999998,132.19999999999993,1,1,1.0
16,9,1191.3,475.7,211.9000000000001,295.09999999999997,1,1,1.0
16,10,379.0,400.4,302.5,142.20000000000005,1,1,1.0
16,11,1003.4,322.5,288.6,146.5,1,1,1.0
17,1,254.3,367.0,164.2,239.89999999999998,1,1,1.0
17,2,427.5,670.6,239.29999999999995,197.69999999999993,1,1,1.0
17,3,521.7,535.0,277.69999999999993,141.0,1,1,1.0
17,4,196.6,457.5,113.00000000000003,279.6,1,1,1.0
17,5,1478.6,607.4,68.40000000000009,116.60000000000002,1,1,0.0
17,6,915.3,359.2,188.70000000000005,233.09999999999997,1,1,1.0
17,7,200.0,637.8,139.5,220.5,1,1,1.0
17,8,324.1,742.2,223.89999999999998,131.5999999999999,1,1,1.0
17,9,1200.3,499.3,240.4000000000001,270.09999999999997,1,1,1.0
17,10,334.4,389.3,278.1,141.09999999999997,1,1,1.0
17,11,1057.56,355.0,329.44000000000005,180.70000000000005,1,1,1.0
18,1,254.3,365.3,164.2,243.3,1,1,1.0
18,2,425.8,694.9,261.3,146.80000000000007,1,1,1.0
18,3,519.2,514.3,317.9,123.40000000000009,1,1,1.0
18,4,195.9,457.8,113.70000000000002,275.8,1,1,1.0
18,5,792.8,575.1,198.10000000000002,175.69999999999993,1,1,1.0
18,6,891.4,360.5,216.39999999999998,221.79999999999995,1,1,1.0
18,7,204.2,635.2,135.3,223.0999999999999,1,1,1.0
18,8,334.6,742.2,235.89999999999998,131.5999999999999,1,1,1.0
18,9,1202.4,494.4,211.19999999999982,265.9,1,1,1.0
18,10,335.6,406.7,303.1,123.69999999999999,1,1,1.0
18,11,1259.2,406.66,187.0,242.33999999999997,1,1,1.0
19,1,254.9,365.3,167.70000000000002,243.3,1,1,1.0
19,2,420.6,666.8,291.9,166.80000000000007,1,1,1.0
19,3,613.8,409.2,174.70000000000005,290.7,1,1,1.0
19,4,195.9,457.8,113.70000000000002,269.59999999999997,1,1,1.0
19,5,315.12,580.0,165.98000000000002,236.10000000000002,1,1,1.0
19,6,807.88,315.9,192.51999999999998,265.80000000000007,1,1,1.0
19,7,178.0,657.7,158.39999999999998,229.89999999999998,1,1,1.0
19,8,269.2,718.1,232.8,159.89999999999998,1,1,1.0
19,9,1198.2,511.8,212.5999999999999,253.40000000000003,1,1,1.0
19,10,329.2,377.7,288.09999999999997,214.7,1,1,1.0
19,11,1135.9,368.4,257.79999999999995,195.60000000000002,1,1,1.0
20,1,236.4,374.0,178.1,243.29999999999995,1,1,1.0
20,2,513.2,679.8,284.4,203.5,1,1,1.0
20,3,635.9,423.3,169.30000000000007,284.90000000000003,1,1,1.0
20,4,191.7,448.8,106.80000000000001,284.90000000000003,1,1,1.0
20,5,233.1,581.5,219.9,169.89999999999998,1,1,1.0
20,6,603.2,333.0,188.79999999999995,277.1,1,1,1.0
20,7,190.0,647.2,146.8,248.79999999999995,1,1,1.0
20,8,258.2,720.2,256.90000000000003,176.5999999999999,1,1,1.0
20,9,1182.2,543.0,289.0,217.29999999999995,1,1,1.0
20,10,375.8,402.6,184.8,291.0,1,1,1.0
20,11,1038.4,363.4,288.5999999999999,152.30000000000007,1,1,1.0
21,1,242.2,369.4,173.40000000000003,232.39999999999998,1,1,1.0
21,2,513.2,666.5,294.79999999999995,222.60000000000002,1,1,1.0
21,3,631.0,435.1,174.20000000000005,271.0,1,1,1.0
21,4,191.7,448.8,98.5,301.59999999999997,1,1,1.0
21,5,170.0,596.2,227.5,96.5,1,1,1.0
21,6,926.0,430.1,306.29999999999995,152.29999999999995,1,1,1.0
21,7,201.5,635.2,135.3,224.89999999999998,1,1,1.0
21,8,263.4,711.8,251.70000000000005,186.0,1,1,1.0
21,9,1211.4,637.5,325.6999999999998,138.10000000000002,1,1,1.0
21,10,318.99,520.0,224.21000000000004,252.79999999999995,1,1,1.0
21,11,1029.2,366.7,316.0999999999999,118.19999999999999,1,1,1.0
22,1,256.1,367.1,163.0,239.89999999999998,1,1,1.0
22,2,506.3,687.9,312.09999999999997,168.20000000000005,1,1,1.0
22,3,607.4,439.3,195.0,260.49999999999994,1,1,1.0
22,4,189.6,449.3,104.79999999999998,227.09999999999997,1,1,1.0
22,5,145.6,627.6,242.50000000000003,123.69999999999993,1,1,1.0
22,6,1190.8,409.3,266.29999999999995,191.8,1,1,1.0
22,7,175.9,695.9,163.1,168.70000000000005,1,1,1.0
22,8,268.1,711.8,251.19999999999993,186.0,1,1,1.0
22,9,1236.3,636.1,307.0,120.79999999999995,1,1,1.0
22,10,315.5,549.9,213.79999999999995,234.0,1,1,1.0
22,11,1045.0,358.6,304.5999999999999,131.29999999999995,1,1,1.0
23,1,259.3,365.9,160.39999999999998,242.30000000000007,1,1,1.0
23,2,508.0,698.9,288.4,157.80000000000007,1,1,1.0
23,3,603.9,441.4,198.5,258.4,1,1,1.0
23,4,187.5,439.9,106.89999999999998,243.89999999999998,1,1,1.0
23,5,146.8,636.7,190.39999999999998,154.69999999999993,1,1,1.0
23,6,1379.9,337.7,119.39999999999986,297.3,1,1,1.0
23,7,130.9,754.9,197.6,142.70000000000005,1,1,1.0
23,8,269.7,705.5,253.3,195.39999999999998,1,1,1.0
23,9,1239.2,629.9,304.0999999999999,143.70000000000005,1,1,1.0
23,10,340.5,538.7,194.39999999999998,266.69999999999993,1,1,1.0
23,11,1022.5,361.7,322.79999999999995,134.0,1,1,1.0
24,1,262.8,360.7,157.5,247.50000000000006,1,1,1.0
24,2,507.4,704.1,289.6,150.89999999999998,1,1,1.0
24,3,603.2,440.7,199.89999999999998,264.7,1,1,1.0
24,4,187.5,443.6,110.0,264.4,1,1,1.0
24,5,110.5,677.7,237.60000000000002,116.69999999999993,1,1,1.0
24,6,1395.7,337.7,151.79999999999995,207.59999999999997,1,1,1.0
24,7,106.3,770.7,230.5,121.69999999999993,1,1,1.0
24,8,268.7,708.6,254.50000000000006,193.89999999999998,1,1,1.0
24,9,1238.3,630.6,305.0,149.19999999999993,1,1,1.0
24,10,343.3,534.5,187.40000000000003,252.79999999999995,1,1,1.0
24,11,910.0,367.5,362.0,133.60000000000002,1,1,1.0
25,1,261.9,360.7,158.40000000000003,248.09999999999997,1,1,1.0
25,2,506.8,711.6,290.2,145.69999999999993,1,1,1.0
25,3,595.6,443.5,205.39999999999998,256.29999999999995,1,1,1.0
25,4,194.3,446.1,110.0,252.0,1,1,1.0
25,5,129.0,655.2,234.39999999999998,144.39999999999998,1,1,1.0
25,6,1376.9,361.8,170.5999999999999,141.3,1,1,1.0
25,7,101.6,764.4,237.1,127.0,1,1,1.0
25,8,241.0,715.9,287.70000000000005,186.60000000000002,1,1,1.0
25,9,1240.6,629.9,302.70000000000005,151.30000000000007,1,1,1.0
25,10,305.1,575.8,217.5,204.60000000000002,1,1,1.0
25,11,833.1,345.8,362.19999999999993,153.2,1,1,1.0
26,1,261.3,362.4,159.0,248.10000000000002,1,1,1.0
26,2,505.35,711.0,291.65,145.45000000000005,1,1,1.0
26,3,591.4,446.3,219.30000000000007,252.59999999999997,1,1,1.0
26,4,194.3,449.9,110.5,225.70000000000005,1,1,1.0
26,5,107.3,638.7,247.5,155.29999999999995,1,1,1.0
26,6,1395.7,356.5,151.79999999999995,151.10000000000002,1,1,1.0
26,7,104.7,758.6,237.40000000000003,134.39999999999998,1,1,1.0
26,8,261.4,723.7,268.9,177.79999999999995,1,1,1.0
26,9,1243.4,629.2,300.5999999999999,152.0,1,1,1.0
26,10,244.0,624.0,199.89999999999998,159.20000000000005,1,1,1.0
26,11,871.7,314.1,320.0,182.39999999999998,1,1,1.0
27,1,260.7,360.1,159.60000000000002,249.19999999999993,1,1,1.0
27,2,503.9,710.4,293.1,145.20000000000005,1,1,1.0
27,3,447.0,465.0,264.4,204.89999999999998,1,1,1.0
27,4,154.0,425.3,129.89999999999998,264.3,1,1,1.0
27,5,117.5,602.4,213.3,181.70000000000005,1,1,1.0
27,6,1379.9,366.3,167.5999999999999,141.3,1,1,1.0
27,7,98.9,793.6,206.6,101.5,1,1,1.0
27,8,275.5,722.1,253.20000000000005,180.39999999999998,1,1,1.0
27,9,1241.3,629.2,302.70000000000005,150.5999999999999,1,1,1.0
27,10,148.17,711.6,218.63000000000002,99.39999999999998,1,1,1.0
27,11,888.2,292.2,297.89999999999986,209.3,1,1,1.0
28,1,261.3,365.3,156.7,243.99999999999994,1,1,1.0
28,2,512.0,660.4,293.70000000000005,176.10000000000002,1,1,1.0
28,3,320.6,540.1,244.29999999999995,157.60000000000002,1,1,1.0
28,4,156.1,425.3,123.6,277.40000000000003,1,1,1.0
28,5,159.1,610.8,140.4,163.5,1,1,1.0
28,6,1376.9,365.5,170.5999999999999,146.60000000000002,1,1,1.0
28,7,77.4,806.2,229.1,97.29999999999995,1,1,1.0
28,8,280.7,722.1,246.40000000000003,176.69999999999993,1,1,1.0
28,9,1241.3,629.2,302.70000000000005,149.89999999999998,1,1,1.0
28,10,135.0,711.7,243.0,110.39999999999998,1,1,1.0
28,11,847.0,321.6,336.5999999999999,169.09999999999997,1,1,1.0
29,1,263.0,363.6,156.2,244.5,1,1,1.0
29,2,588.4,510.2,225.39999999999998,307.2,1,1,1.0
29,3,299.1,541.4,271.4,154.20000000000005,1,1,1.0
29,4,155.6,421.6,126.4,261.19999999999993,1,1,1.0
29,5,173.3,615.5,128.3,139.10000000000002,1,1,1.0
29,6,1384.4,365.5,163.0999999999999,148.89999999999998,1,1,1.0
29,7,73.2,789.9,243.2,111.5,1,1,1.0
29,8,288.5,728.4,261.6,178.20000000000005,1,1,1.0
29,9,1239.9,615.3,301.29999999999995,163.80000000000007,1,1,1.0
29,10,146.8,702.6,231.09999999999997,109.10000000000002,1,1,1.0
29,11,844.5,320.8,339.0999999999999,163.2,1,1,1.0
30,1,269.9,359.6,149.3,248.5,1,1,1.0
30,2,608.1,487.0,270.0,251.10000000000002,1,1,1.0
30,3,305.3,543.5,258.90000000000003,157.0,1,1,1.0
30,4,164.0,421.6,123.0,270.6,1,1,1.0
30,5,166.1,669.93,74.0,219.07000000000005,1,1,0.0
30,6,1398.0,358.0,149.5,156.39999999999998,1,1,1.0
30,7,61.2,794.7,259.90000000000003,106.69999999999993,1,1,1.0
30,8,319.4,727.4,254.20000000000005,157.20000000000005,1,1,1.0
30,9,1242.7,611.1,298.5,166.60000000000002,1,1,1.0
30,10,152.4,699.1,228.99999999999997,116.69999999999993,1,1,1.0
30,11,1090.3,383.29,173.20000000000005,279.00999999999993,1,1,1.0
31,1,269.9,360.8,148.10000000000002,248.99999999999994,1,1,1.0
31,2,600.6,476.6,272.29999999999995,243.0,1,1,1.0
31,3,337.2,526.4,236.7,165.80000000000007,1,1,1.0
31,4,166.3,421.6,121.69999999999999,274.19999999999993,1,1,1.0
31,5,164.3,672.0,70.1,217.29999999999995,1,1,0.0
31,6,1381.4,364.0,166.0999999999999,139.10000000000002,1,1,1.0
31,7,56.0,791.6,268.2,108.79999999999995,1,1,1.0
31,8,324.6,726.4,255.79999999999995,158.20000000000005,1,1,1.0
31,9,1242.7,611.1,298.5,163.79999999999995,1,1,1.0
31,10,148.2,696.4,235.3,120.10000000000002,1,1,1.0
31,11,1102.0,400.8,189.79999999999995,270.7,1,1,1.0
32,1,273.4,361.4,144.60000000000002,249.60000000000002,1,1,1.0
32,2,628.4,463.9,217.89999999999998,265.0,1,1,1.0
32,3,326.1,519.2,243.60000000000002,178.5999999999999,1,1,1.0
32,4,182.6,418.5,107.9,292.4,1,1,1.0
32,5,170.9,682.2,69.4,205.5,1,1,0.0
32,6,1354.3,359.5,193.20000000000005,151.10000000000002,1,1,1.0
32,7,57.6,774.9,266.59999999999997,123.89999999999998,1,1,1.0
32,8,348.1,719.1,228.60000000000002,169.69999999999993,1,1,1.0
32,9,1244.8,620.1,295.70000000000005,156.89999999999998,1,1,1.0
32,10,185.0,693.6,201.3,165.29999999999995,1,1,1.0
32,11,1095.3,405.0,212.29999999999995,264.79999999999995,1,1,1.0
33,1,275.7,359.7,145.2,251.3,1,1,1.0
33,2,611.7,381.3,218.5999999999999,322.59999999999997,1,1,1.0
33,3,347.4,501.5,207.89999999999998,199.10000000000002,1,1,1.0
33,4,184.7,421.6,112.60000000000002,293.0,1,1,1.0
33,5,174.5,766.3,14.699999999999989,122.30000000000007,1,1,0.0
33,6,1398.0,381.4,149.5,115.60000000000002,1,1,1.0
33,7,62.3,773.9,261.9,126.5,1,1,1.0
33,8,340.3,711.3,215.49999999999994,179.60000000000002,1,1,1.0
33,9,1251.0,626.4,293.0,147.10000000000002,1,1,1.0
33,10,183.6,693.6,201.29999999999998,157.0,1,1,1.0
33,11,1100.3,398.3,219.79999999999995,278.99999999999994,1,1,1.0
34,1,278.0,360.9,141.2,253.60000000000002,1,1,1.0
34,2,370.9,272.2,317.4,134.40000000000003,1,1,1.0
34,3,349.7,477.2,186.2,229.50000000000006,1,1,1.0
34,4,177.9,424.5,118.4,295.9,1,1,1.0
34,5,158.8,690.0,84.69999999999999,200.10000000000002,1,1,0.0
34,6,1398.0,380.6,149.5,119.39999999999998,1,1,1.0
34,7,107.3,798.5,216.89999999999998,100.89999999999998,1,1,1.0
34,8,342.9,706.1,209.20000000000005,185.79999999999995,1,1,1.0
34,9,1256.5,615.3,287.5,119.30000000000007,1,1,1.0
34,10,152.4,694.3,230.4,140.30000000000007,1,1,1.0
34,11,1113.6,384.1,199.0,282.4,1,1,1.0
35,1,271.7,363.8,149.3,248.40000000000003,1,1,1.0
35,2,351.5,262.5,208.29999999999995,99.69999999999999,1,1,1.0
35,3,384.3,452.5,153.56,248.60000000000002,1,1,1.0
35,4,187.3,433.1,110.0,284.19999999999993,1,1,1.0
35,5,170.0,702.3,65.6,187.30000000000007,1,1,0.0
35,6,1382.9,377.6,164.5999999999999,120.09999999999997,1,1,1.0
35,7,80.1,790.6,237.79999999999998,110.39999999999998,1,1,1.0
35,8,341.3,701.9,200.40000000000003,191.0,1,1,1.0
35,9,1262.7,595.9,281.29999999999995,156.10000000000002,1,1,1.0
35,10,165.6,699.9,220.00000000000003,113.89999999999998,1,1,1.0
35,11,1067.8,394.1,305.60000000000014,214.89999999999998,1,1,1.0
36,1,272.3,367.8,144.09999999999997,243.2,1,1,1.0
36,2,339.6,265.6,156.29999999999995,98.69999999999999,1,1,1.0
36,3,646.9,543.46,216.5,294.64,1,1,1.0
36,4,176.8,421.1,107.39999999999998,276.79999999999995,1,1,1.0
36,5,149.2,684.8,90.80000000000001,208.10000000000002,1,1,0.0
36,6,613.1,287.9,359.0,122.40000000000003,1,1,1.0
36,7,79.0,766.5,240.10000000000002,134.20000000000005,1,1,1.0
36,8,300.0,783.0,234.89999999999998,116.70000000000005,1,1,1.0
36,9,1324.5,632.1,219.5,154.60000000000002,1,1,1.0
36,10,142.0,688.1,234.60000000000002,112.5,1,1,1.0
36,11,574.2,478.7,128.5999999999999,258.00000000000006,1,1,1.0
37,1,275.8,360.9,140.59999999999997,252.39999999999998,1,1,1.0
37,2,332.75,257.7,149.95,109.40000000000003,1,1,0.0
37,3,733.0,528.2,130.39999999999998,327.29999999999995,1,1,1.0
37,4,160.5,416.1,128.10000000000002,275.5,1,1,1.0
37,5,158.6,683.9,74.70000000000002,208.39999999999998,1,1,0.0
37,6,498.6,225.4,235.39999999999998,214.29999999999998,1,1,1.0
37,7,76.9,765.4,239.99999999999997,136.5,1,1,1.0
37,8,233.0,776.7,319.70000000000005,124.59999999999991,1,1,1.0
37,9,1307.8,632.1,236.20000000000005,160.19999999999993,1,1,1.0
37,10,115.6,675.8,256.20000000000005,126.30000000000007,1,1,1.0
37,11,539.5,478.7,182.70000000000005,221.2,1,1,1.0
38,1,277.5,362.6,138.89999999999998,247.79999999999995,1,1,1.0
38,2,332.75,226.5,129.14999999999998,142.0,1,1,0.0
38,3,728.14,575.4,135.96000000000004,296.80000000000007,1,1,1.0
38,4,171.2,423.0,118.69999999999999,268.6,1,1,1.0
38,5,165.0,678.6,78.9,212.39999999999998,1,1,0.0
38,6,1205.0,405.8,220.4000000000001,195.8,1,1,1.0
38,7,65.4,771.7,251.49999999999997,132.39999999999998,1,1,1.0
38,8,227.8,790.4,326.99999999999994,102.5,1,1,1.0
38,9,1314.8,632.1,229.20000000000005,161.60000000000002,1,1,1.0
38,10,171.2,679.1,220.40000000000003,130.5,1,1,1.0
38,11,568.7,434.3,195.89999999999998,253.8,1,1,1.0
39,1,277.5,359.1,140.10000000000002,251.29999999999995,1,1,1.0
39,2,342.5,227.2,123.60000000000002,142.7,1,1,0.0
39,3,950.2,464.3,293.89999999999986,128.40000000000003,1,1,1.0
39,4,175.6,419.9,117.50000000000003,267.9,1,1,1.0
39,5,174.7,680.0,64.4,209.70000000000005,1,1,0.0
39,6,1169.2,424.6,257.39999999999986,184.79999999999995,1,1,1.0
39,7,51.8,767.5,260.4,131.39999999999998,1,1,1.0
39,8,215.8,788.8,345.3,105.10000000000002,1,1,1.0
39,9,1324.5,632.1,219.5,161.60000000000002,1,1,1.0
39,10,185.0,702.5,213.0,111.10000000000002,1,1,1.0
39,11,579.1,355.8,180.60000000000002,281.59999999999997,1,1,1.0
40,1,278.1,359.1,139.5,251.29999999999995,1,1,1.0
40,2,343.9,229.3,125.70000000000005,140.59999999999997,1,1,0.0
40,3,654.4,509.4,195.30000000000007,294.4,1,1,1.0
40,4,188.2,417.4,103.60000000000002,286.6,1,1,1.0
40,5,161.9,678.3,59.29999999999998,216.9000000000001,1,1,0.0
40,6,1171.7,424.6,253.5999999999999,173.0,1,1,1.0
40,7,45.5,769.6,265.1,127.19999999999993,1,1,1.0
40,8,193.4,779.4,366.70000000000005,114.0,1,1,1.0
40,9,1343.9,684.9,200.0999999999999,107.39999999999998,1,1,1.0
40,10,185.1,703.4,212.29999999999998,112.89999999999998,1,1,1.0
40,11,527.7,370.4,265.29999999999995,233.70000000000005,1,1,1.0
41,1,271.2,364.3,144.10000000000002,247.3,1,1,1.0
41,2,335.5,257.1,141.0,112.79999999999995,1,1,0.0
41,3,332.3,602.1,243.7,103.29999999999995,1,1,1.0
41,4,188.2,422.4,101.10000000000002,291.70000000000005,1,1,1.0
41,5,175.4,642.2,64.01999999999998,253.29999999999995,1,1,0.0
41,6,1166.1,427.7,253.60000000000014,180.50000000000006,1,1,1.0
41,7,47.1,767.5,258.79999999999995,129.29999999999995,1,1,1.0
41,8,193.3,778.4,365.8,117.10000000000002,1,1,1.0
41,9,1412.1,671.7,131.9000000000001,94.19999999999993,1,1,0.0
41,10,182.3,702.7,210.2,115.29999999999995,1,1,1.0
41,11,599.2,317.6,232.0,267.1,1,1,1.0
42,1,271.7,358.5,144.2,251.89999999999998,1,1,1.0
42,2,346.6,259.2,124.29999999999995,110.69999999999999,1,1,0.0
42,3,242.6,593.9,268.20000000000005,109.10000000000002,1,1,1.0
42,4,191.3,418.0,102.19999999999999,306.20000000000005,1,1,1.0
42,5,176.4,646.4,53.5,242.39999999999998,1,1,0.0
42,6,1163.1,430.2,268.5,166.8,1,1,1.0
42,7,55.5,751.8,252.0,146.60000000000002,1,1,1.0
42,8,197.5,773.2,357.9,131.69999999999993,1,1,1.0
42,9,1423.1,677.3,120.90000000000009,88.60000000000002,1,1,0.0
42,10,170.8,704.1,225.3,111.89999999999998,1,1,1.0
42,11,606.1,300.2,225.10000000000002,284.50000000000006,1,1,1.0
43,1,271.8,358.5,145.8,246.79999999999995,1,1,1.0
43,2,338.3,257.1,131.2,112.09999999999997,1,1,0.0
43,3,255.9,595.1,224.79999999999998,101.5,1,1,1.0
43,4,188.8,419.9,103.59999999999997,303.70000000000005,1,1,1.0
43,5,169.6,637.3,85.6,178.80000000000007,1,1,0.0
43,6,1167.3,418.9,287.5,175.60000000000002,1,1,1.0
43,7,66.0,741.9,245.5,169.0,1,1,1.0
43,8,198.5,775.3,326.6,131.70000000000005,1,1,1.0
43,9,1442.5,693.3,98.0,76.10000000000002,1,1,0.0
43,10,212.7,695.03,187.68,122.57000000000005,1,1,1.0
43,11,608.2,295.3,223.0,293.59999999999997,1,1,1.0
44,1,271.8,359.1,146.89999999999998,240.39999999999998,1,1,1.0
44,2,332.1,257.1,134.59999999999997,112.09999999999997,1,1,0.0
44,3,207.9,595.1,271.1,96.89999999999998,1,1,1.0
44,4,166.2,422.4,117.40000000000003,282.4,1,1,1.0
44,5,170.2,631.6,76.60000000000002,170.79999999999995,1,1,0.0
44,6,1164.2,417.1,279.5999999999999,179.69999999999993,1,1,1.0
44,7,108.4,768.1,199.99999999999997,155.89999999999998,1,1,1.0
44,8,188.5,781.1,336.6,113.69999999999993,1,1,1.0
44,9,1442.5,704.4,98.0,83.70000000000005,1,1,0.0
44,10,244.1,688.1,148.4,130.5,1,1,1.0
44,11,602.0,299.5,229.20000000000005,272.0,1,1,1.0
45,1,275.9,357.4,142.8,247.30000000000007,1,1,1.0
45,2,348.1,256.4,112.39999999999998,111.40000000000003,1,1,0.0
45,3,198.1,592.8,289.0,99.80000000000007,1,1,1.0
45,4,175.6,418.0,113.00000000000003,291.20000000000005,1,1,1.0
45,5,171.2,634.8,77.5,158.5,1,1,0.0
45,6,1165.4,407.3,291.6999999999998,191.8,1,1,1.0
45,7,85.9,736.2,223.29999999999998,178.39999999999998,1,1,1.0
45,8,179.8,781.1,348.40000000000003,108.5,1,1,1.0
45,9,1441.8,710.6,100.10000000000014,105.29999999999995,1,1,0.0
45,10,246.2,691.6,135.2,127.0,1,1,1.0
45,11,593.0,310.6,238.20000000000005,260.9,1,1,1.0
46,1,277.6,358.6,141.09999999999997,235.10000000000002,1,1,1.0
46,2,337.63,263.3,113.87,117.0,1,1,0.0
46,3,173.2,583.5,280.90000000000003,104.5,1,1,1.0
46,4,171.8,421.8,114.89999999999998,286.09999999999997,1,1,1.0
46,5,173.2,632.2,65.4,160.19999999999993,1,1,0.0
46,6,1165.4,401.7,291.6999999999998,197.40000000000003,1,1,1.0
46,7,91.1,694.9,209.6,218.70000000000005,1,1,1.0
46,8,187.2,782.0,347.40000000000003,108.5,1,1,1.0
46,9,1457.1,619.6,86.90000000000009,181.0,1,1,0.0
46,10,235.1,681.9,150.79999999999998,144.89999999999998,1,1,1.0
46,11,590.2,310.6,241.0,261.6,1,1,1.0
47,1,278.8,358.0,142.2,246.10000000000002,1,1,1.0
47,2,336.2,266.1,105.60000000000002,117.69999999999999,1,1,0.0
47,3,163.9,598.0,240.4,95.20000000000005,1,1,1.0
47,4,166.8,419.9,119.30000000000001,282.30000000000007,1,1,1.0
47,5,140.98,784.8,69.12,113.24000000000001,1,1,0.0
47,6,1165.4,399.8,293.5999999999999,198.8,1,1,1.0
47,7,119.9,657.2,145.70000000000002,246.5,1,1,1.0
47,8,193.7,782.9,342.40000000000003,103.70000000000005,1,1,1.0
47,9,1447.4,641.9,96.59999999999991,130.89999999999998,1,1,0.0
47,10,243.8,683.4,138.8,126.10000000000002,1,1,1.0
47,11,586.7,310.6,244.5,263.0,1,1,1.0
48,1,274.2,357.4,146.8,242.10000000000002,1,1,1.0
48,2,339.0,266.8,95.19999999999999,112.09999999999997,1,1,0.0
48,3,171.4,590.9,226.99999999999997,105.20000000000005,1,1,1.0
48,4,184.4,418.0,99.20000000000002,267.9,1,1,1.0
48,5,120.6,776.9,110.5,124.60000000000002,1,1,0.0
48,6,1166.9,400.7,295.5,196.90000000000003,1,1,1.0
48,7,94.3,640.4,191.3,216.39999999999998,1,1,1.0
48,8,228.1,782.0,312.79999999999995,102.39999999999998,1,1,1.0
48,9,1433.5,623.2,110.5,133.5999999999999,1,1,0.0
48,10,224.6,691.6,151.98999999999998,194.39999999999998,1,1,1.0
48,11,586.7,307.8,244.5,288.7,1,1,1.0
49,1,276.5,359.7,143.89999999999998,239.8,1,1,1.0
49,2,268.9,261.9,163.20000000000005,185.10000000000002,1,1,0.0
49,3,186.5,586.1,223.0,111.19999999999993,1,1,1.0
49,4,168.1,421.1,111.70000000000002,258.19999999999993,1,1,1.0
49,5,120.0,775.4,106.4,126.30000000000007,1,1,0.0
49,6,1166.9,400.7,290.1999999999998,196.90000000000003,1,1,1.0
49,7,65.5,657.1,224.10000000000002,196.89999999999998,1,1,1.0
49,8,247.7,759.4,308.00000000000006,116.70000000000005,1,1,1.0
49,9,1512.0,671.8,28.299999999999955,85.0,1,1,0.0
49,10,213.6,733.8,136.4,159.80000000000007,1,1,1.0
49,11,622.1,301.5,209.10000000000002,332.5,1,1,1.0
50,1,276.5,362.0,145.10000000000002,235.20000000000005,1,1,1.0
50,2,342.5,259.8,87.5,116.39999999999998,1,1,0.0
50,3,202.7,591.5,218.90000000000003,99.39999999999998,1,1,1.0
50,4,166.8,416.1,103.09999999999997,295.5,1,1,1.0
50,5,119.9,775.1,105.5,128.5,1,1,0.0
50,6,1206.9,405.6,317.1999999999998,251.79999999999995,1,1,1.0
50,7,55.0,654.5,234.60000000000002,199.5,1,1,1.0
50,8,226.7,794.3,321.59999999999997,116.20000000000005,1,1,1.0
50,9,1506.4,660.0,36.399999999999864,108.60000000000002,1,1,0.0
50,10,186.5,740.2,164.39999999999998,156.19999999999993,1,1,1.0
50,11,617.9,357.7,192.5,300.59999999999997,1,1,1.0
51,1,277.35,360.85,144.25,231.44999999999993,1,1,1.0
51,2,340.4,266.7,80.60000000000002,115.10000000000002,1,1,0.0
51,3,200.4,581.7,219.49999999999997,106.89999999999998,1,1,1.0
51,4,195.1,450.0,107.9,327.6,1,1,1.0
51,5,113.4,750.8,100.79999999999998,137.60000000000002,1,1,0.0
51,6,1224.3,402.7,287.10000000000014,213.59999999999997,1,1,1.0
51,7,99.5,633.6,157.7,199.5,1,1,1.0
51,8,208.8,796.0,341.2,112.79999999999995,1,1,1.0
51,9,1502.9,665.6,37.59999999999991,91.19999999999993,1,1,0.0
51,10,129.6,736.0,203.9,162.5,1,1,1.0
51,11,383.2,568.1,275.09999999999997,188.79999999999995,1,1,1.0
52,1,278.2,359.7,143.40000000000003,227.7,1,1,1.0
52,2,336.2,271.6,78.5,110.19999999999999,1,1,0.0
52,3,198.7,577.3,233.40000000000003,113.0,1,1,1.0
52,4,247.2,562.4,90.30000000000001,223.5,1,1,1.0
52,5,103.8,740.2,110.7,134.5999999999999,1,1,0.0
52,6,1221.4,402.7,319.79999999999995,222.90000000000003,1,1,1.0
52,7,89.0,629.9,169.2,191.20000000000005,1,1,1.0
52,8,211.4,803.4,328.1,108.5,1,1,1.0
52,9,1502.9,672.5,37.59999999999991,71.79999999999995,1,1,0.0
52,10,124.7,743.6,218.5,156.29999999999995,1,1,1.0
52,11,366.5,655.6,264.70000000000005,119.39999999999998,1,1,1.0
53,1,278.2,363.2,143.40000000000003,224.2,1,1,1.0
53,2,229.3,287.6,178.5,156.0,1,1,0.0
53,3,192.4,578.8,237.4,130.0,1,1,1.0
53,4,141.8,674.8,177.5,219.0,1,1,0.0
53,5,115.8,597.3,105.89999999999999,255.30000000000007,1,1,1.0
53,6,1238.8,424.1,247.10000000000014,274.5,1,1,1.0
53,7,50.8,625.2,214.3,181.19999999999993,1,1,1.0
53,8,217.1,806.9,317.19999999999993,105.0,1,1,1.0
53,9,1505.7,703.1,33.09999999999991,66.19999999999993,1,1,0.0
53,10,110.8,763.0,242.09999999999997,140.39999999999998,1,1,1.0
53,11,336.6,651.4,305.0,120.10000000000002,1,1,1.0
54,1,277.1,364.9,144.5,224.20000000000005,1,1,1.0
54,2,255.0,271.6,152.8,178.89999999999998,1,1,0.0
54,3,184.3,574.7,242.09999999999997,120.79999999999995,1,1,1.0
54,4,110.4,688.0,187.6,211.39999999999998,1,1,0.0
54,5,115.3,723.6,95.50000000000001,132.29999999999995,1,1,0.0
54,6,1301.3,414.3,172.4000000000001,290.49999999999994,1,1,1.0
54,7,91.6,629.4,180.29999999999998,188.0,1,1,1.0
54,8,255.5,780.7,305.4,113.29999999999995,1,1,1.0
54,9,1505.85,692.99,33.25,67.87,1,1,0.0
54,10,118.4,734.9,245.1,168.5,1,1,1.0
54,11,397.0,646.5,258.5,131.89999999999998,1,1,1.0
55,1,278.3,369.5,142.09999999999997,219.60000000000002,1,1,1.0
55,2,246.7,266.0,159.0,192.8,1,1,0.0
55,3,204.0,584.1,235.0,101.60000000000002,1,1,1.0
55,4,85.3,702.4,237.2,198.89999999999998,1,1,1.0
55,5,139.5,561.8,102.1,261.1,1,1,1.0
55,6,1213.9,513.3,309.5,227.30000000000007,1,1,1.0
55,7,111.8,559.5,184.5,209.5,1,1,1.0
55,8,257.7,780.7,301.90000000000003,116.39999999999998,1,1,1.0
55,9,1505.99,682.88,33.41000000000008,69.54999999999995,1,1,0.0
55,10,152.4,736.4,244.6,169.80000000000007,1,1,1.0
55,11,531.7,407.8,318.19999999999993,199.7,1,1,1.0
56,1,277.1,375.87,141.0,229.42999999999995,1,1,1.0
56,2,219.6,259.1,195.1,173.29999999999995,1,1,0.0
56,3,226.6,586.2,222.9,115.69999999999993,1,1,1.0
56,4,92.8,701.1,229.0,199.5,1,1,1.0
56,5,137.4,652.7,161.4,165.39999999999998,1,1,1.0
56,6,1048.4,363.4,260.39999999999986,119.70000000000005,1,1,1.0
56,7,94.01,517.6,196.49,200.10000000000002,1,1,1.0
56,8,260.3,779.4,298.90000000000003,119.39999999999998,1,1,1.0
56,9,1506.14,672.77,33.559999999999945,71.22000000000003,1,1,0.0
56,10,154.5,741.6,242.2,165.29999999999995,1,1,1.0
56,11,661.55,340.5,284.85,135.8,1,1,1.0
57,1,278.3,371.8,142.09999999999997,233.99999999999994,1,1,1.0
57,2,335.6,262.6,81.89999999999998,119.09999999999997,1,1,0.0
57,3,231.8,555.5,225.8,150.5,1,1,1.0
57,4,92.8,704.9,229.0,196.30000000000007,1,1,1.0
57,5,135.4,648.1,160.70000000000002,162.19999999999993,1,1,1.0
57,6,1037.4,358.2,310.6999999999998,115.10000000000002,1,1,1.0
57,7,98.7,482.5,191.8,228.39999999999998,1,1,1.0
57,8,266.0,782.0,294.5,117.20000000000005,1,1,1.0
57,9,1506.29,662.66,33.710000000000036,72.88999999999999,1,1,0.0
57,10,155.2,740.2,241.5,166.69999999999993,1,1,1.0
57,11,567.1,373.1,379.29999999999995,155.29999999999995,1,1,1.0
58,1,278.3,371.8,143.3,238.59999999999997,1,1,1.0
58,2,349.5,269.5,66.60000000000002,119.10000000000002,1,1,0.0
58,3,266.5,563.8,219.60000000000002,153.30000000000007,1,1,1.0
58,4,94.7,710.6,234.60000000000002,190.60000000000002,1,1,1.0
58,5,137.9,641.1,168.1,160.19999999999993,1,1,1.0
58,6,1034.5,358.8,315.9000000000001,117.80000000000001,1,1,1.0
58,7,172.5,438.0,112.19999999999999,265.6,1,1,1.0
58,8,263.4,785.1,297.1,115.0,1,1,1.0
58,9,1506.44,652.55,33.8599999999999,74.57000000000005,1,1,0.0
58,10,160.8,740.9,235.2,164.60000000000002,1,1,1.0
58,11,558.8,373.1,387.6,162.89999999999998,1,1,1.0
59,1,278.3,371.8,143.3,233.40000000000003,1,1,1.0
59,2,347.4,267.4,68.70000000000005,117.0,1,1,0.0
59,3,305.4,555.5,190.40000000000003,181.0,1,1,1.0
59,4,102.3,702.4,236.39999999999998,198.20000000000005,1,1,1.0
59,5,140.5,630.5,166.3,170.10000000000002,1,1,1.0
59,6,1043.2,358.8,307.20000000000005,121.09999999999997,1,1,1.0
59,7,112.8,457.9,179.7,213.30000000000007,1,1,1.0
59,8,260.3,794.7,302.8,105.39999999999998,1,1,1.0
59,9,1506.58,642.44,34.01999999999998,76.2399999999999,1,1,0.0
59,10,156.0,736.7,242.10000000000002,168.79999999999995,1,1,1.0
59,11,554.6,373.1,387.6,158.69999999999993,1,1,1.0
60,1,259.9,359.6,130.5,242.69999999999993,1,1,1.0
60,2,335.6,260.4,79.09999999999997,108.70000000000005,1,1,0.0
60,3,391.5,672.2,255.0,132.29999999999995,1,1,1.0
60,4,92.9,703.3,247.99999999999997,197.30000000000007,1,1,1.0
60,5,140.7,622.7,167.8,178.5,1,1,1.0
60,6,1040.9,353.0,290.39999999999986,129.60000000000002,1,1,1.0
60,7,110.8,430.7,157.59999999999997,205.40000000000003,1,1,1.0
60,8,255.9,788.6,305.0,111.5,1,1,1.0
60,9,1506.73,632.33,34.17000000000007,77.90999999999997,1,1,0.0
60,10,153.2,735.3,231.7,168.80000000000007,1,1,1.0
60,11,649.0,463.4,274.5,154.5,1,1,1.0
61,1,262.2,387.4,120.10000000000002,220.70000000000005,1,1,1.0
61,2,335.6,246.5,115.89999999999998,138.2,1,1,0.0
61,3,384.6,322.2,102.19999999999999,294.8,1,1,1.0
61,4,62.8,710.0,278.4,189.29999999999995,1,1,1.0
61,5,137.4,550.6,172.1,236.29999999999995,1,1,1.0
61,6,1051.9,353.0,289.1999999999998,138.8,1,1,1.0
61,7,181.4,410.3,102.70000000000002,143.7,1,1,1.0
61,8,256.3,787.7,303.3,111.5,1,1,1.0
61,9,1506.88,622.22,34.319999999999936,79.58999999999992,1,1,0.0
61,10,153.2,733.2,228.90000000000003,170.19999999999993,1,1,1.0
61,11,443.47,496.0,291.8299999999999,118.39999999999998,1,1,1.0
62,1,258.7,353.8,135.2,255.49999999999994,1,1,1.0
62,2,332.8,244.4,123.59999999999997,109.99999999999997,1,1,0.0
62,3,348.7,382.6,182.50000000000006,270.69999999999993,1,1,1.0
62,4,64.1,711.3,280.9,186.10000000000002,1,1,1.0
62,5,137.0,552.8,171.8,233.10000000000002,1,1,1.0
62,6,1075.6,351.26,271.3000000000002,170.64,1,1,1.0
62,7,194.0,417.6,110.5,88.29999999999995,1,1,0.0
62,8,256.3,787.7,301.99999999999994,111.89999999999998,1,1,1.0
62,9,1507.03,612.11,34.47000000000003,81.25999999999999,1,1,0.0
62,10,152.5,733.2,229.60000000000002,170.19999999999993,1,1,1.0
62,11,479.6,484.9,281.4,128.10000000000002,1,1,1.0
63,1,254.1,385.6,162.4,238.19999999999993,1,1,1.0
63,2,533.48,277.0,345.02,142.2,1,1,1.0
63,3,338.1,495.8,244.5,139.2,1,1,1.0
63,4,55.3,720.7,287.2,176.69999999999993,1,1,1.0
63,5,137.0,566.3,168.8,217.9000000000001,1,1,1.0
63,6,1053.6,355.9,288.70000000000005,136.5,1,1,1.0
63,7,199.2,417.1,104.30000000000001,94.0,1,1,0.0
63,8,258.0,786.8,299.4,113.20000000000005,1,1,1.0
63,9,1507.17,602.0,34.62999999999988,82.92999999999995,1,1,0.0
63,10,136.5,732.5,243.5,170.89999999999998,1,1,1.0
63,11,511.5,516.1,338.4,140.60000000000002,1,1,1.0
64,1,248.3,375.2,162.39999999999998,248.59999999999997,1,1,1.0
64,2,770.27,283.94,229.52999999999997,229.66000000000003,1,1,1.0
64,3,378.38,417.1,245.22000000000003,137.39999999999998,1,1,1.0
64,4,69.7,716.2,273.5,183.0999999999999,1,1,1.0
64,5,141.2,575.9,166.5,208.5,1,1,1.0
64,6,1038.6,371.5,306.0,125.0,1,1,1.0
64,7,192.9,415.0,110.6,96.10000000000002,1,1,0.0
64,8,259.3,785.95,298.95,114.25,1,1,1.0
64,9,1507.32,591.88,34.77999999999997,84.61000000000001,1,1,0.0
64,10,158.7,732.5,227.60000000000002,172.29999999999995,1,1,1.0
64,11,553.9,446.7,273.80000000000007,248.90000000000003,1,1,1.0
65,1,228.6,386.2,182.1,226.00000000000006,1,1,1.0
65,2,1044.5,482.5,308.20000000000005,154.70000000000005,1,1,1.0
65,3,398.5,352.0,191.79999999999995,333.6,1,1,1.0
65,4,68.1,716.2,275.1,183.0999999999999,1,1,1.0
65,5,143.9,587.7,164.20000000000002,186.0999999999999,1,1,1.0
65,6,1058.9,362.2,271.79999999999995,153.40000000000003,1,1,1.0
65,7,199.2,415.0,104.30000000000001,90.30000000000001,1,1,0.0
65,8,260.6,785.1,298.5,115.29999999999995,1,1,1.0
65,9,1507.47,581.77,34.930000000000064,86.28999999999996,1,1,0.0
65,10,159.4,735.3,225.49999999999997,169.5,1,1,1.0
65,11,361.55,567.5,293.95,157.29999999999995,1,1,1.0
66,1,198.5,388.5,210.5,185.0,1,1,1.0
66,2,1129.91,547.8,318.78999999999996,132.5,1,1,1.0
66,3,303.4,535.3,237.60000000000002,115.70000000000005,1,1,1.0
66,4,80.4,716.2,262.79999999999995,183.0999999999999,1,1,1.0
66,5,182.3,459.3,114.69999999999999,276.59999999999997,1,1,1.0
66,6,998.1,377.8,285.69999999999993,127.39999999999998,1,1,1.0
66,7,199.2,415.0,104.30000000000001,62.0,1,1,0.0
66,8,251.9,794.7,306.20000000000005,106.19999999999993,1,1,1.0
66,9,1507.62,571.66,35.080000000000155,87.96000000000004,1,1,0.0
66,10,160.8,735.3,224.09999999999997,169.5,1,1,1.0
66,11,202.5,518.2,175.89999999999998,195.5,1,1,1.0
67,1,189.8,384.4,229.09999999999997,184.5,1,1,1.0
67,2,1187.54,540.3,317.26,145.60000000000002,1,1,1.0
67,3,317.98,542.9,225.10000000000002,110.89999999999998,1,1,1.0
67,4,79.1,714.9,264.70000000000005,184.39999999999998,1,1,1.0
67,5,174.0,461.9,117.89999999999998,284.0,1,1,1.0
67,6,964.0,381.9,301.9000000000001,125.0,1,1,1.0
67,7,195.5,415.0,108.0,63.0,1,1,0.0
67,8,251.9,794.2,306.20000000000005,106.69999999999993,1,1,1.0
67,9,1507.76,561.55,35.24000000000001,89.63,1,1,0.0
67,10,160.1,734.1,225.4,169.29999999999995,1,1,1.0
67,11,190.0,571.0,248.10000000000002,121.20000000000005,1,1,1.0
68,1,189.8,380.3,243.59999999999997,186.7,1,1,1.0
68,2,1193.1,547.1,313.10000000000014,149.89999999999998,1,1,1.0
68,3,317.3,541.5,228.59999999999997,115.79999999999995,1,1,1.0
68,4,83.5,711.8,260.9,187.5,1,1,1.0
68,5,175.0,459.6,122.69999999999999,289.6,1,1,1.0
68,6,950.1,393.5,300.19999999999993,117.5,1,1,1.0
68,7,197.6,415.0,105.9,59.85000000000002,1,1,0.0
68,8,250.5,794.4,307.6,106.25,1,1,1.0
68,9,1507.91,551.44,35.38999999999987,91.30999999999995,1,1,0.0
68,10,166.4,734.6,218.49999999999997,168.79999999999995,1,1,1.0
68,11,188.0,573.8,265.4,116.30000000000007,1,1,1.0
69,1,189.8,376.3,230.3,186.90000000000003,1,1,1.0
69,2,1193.0,563.8,305.5999999999999,138.80000000000007,1,1,1.0
69,3,320.1,533.9,227.19999999999993,113.70000000000005,1,1,1.0
69,4,65.3,714.9,277.8,183.80000000000007,1,1,1.0
69,5,174.4,458.9,105.20000000000002,289.0,1,1,1.0
69,6,947.8,394.7,306.0,118.59999999999997,1,1,1.0
69,7,199.7,415.0,103.80000000000001,56.69999999999999,1,1,0.0
69,8,256.6,788.9,301.5,111.5,1,1,1.0
69,9,1508.06,541.33,35.539999999999964,92.9799999999999,1,1,0.0
69,10,163.6,732.8,223.4,170.60000000000002,1,1,1.0
69,11,190.8,561.3,260.5,133.0,1,1,1.0
70,1,187.6,371.7,242.9,191.50000000000006,1,1,1.0
70,2,1195.2,561.0,302.70000000000005,140.20000000000005,1,1,1.0
70,3,320.8,527.0,225.8,116.39999999999998,1,1,1.0
70,4,67.2,716.7,277.1,182.0,1,1,1.0
70,5,173.7,458.5,106.5,288.1,1,1,1.0
70,6,951.3,383.1,307.70000000000005,137.10000000000002,1,1,1.0
70,7,198.7,415.0,107.5,55.60000000000002,1,1,0.0
70,8,259.1,786.8,301.4,113.60000000000002,1,1,1.0
70,9,1508.2,531.22,35.700000000000045,94.64999999999998,1,1,0.0
70,10,162.9,734.6,221.99999999999997,168.79999999999995,1,1,1.0
70,11,190.8,571.0,264.0,126.10000000000002,1,1,1.0
71,1,188.6,374.6,244.79999999999998,190.89999999999998,1,1,1.0
71,2,1196.3,561.0,301.60000000000014,145.79999999999995,1,1,1.0
71,3,333.3,520.1,220.2,143.39999999999998,1,1,1.0
71,4,68.5,713.3,275.8,185.4000000000001,1,1,1.0
71,5,174.1,460.4,106.00000000000003,286.20000000000005,1,1,1.0
71,6,917.7,399.9,340.0999999999999,116.20000000000005,1,1,1.0
71,7,200.3,415.0,105.89999999999998,58.69999999999999,1,1,0.0
71,8,259.1,786.5,301.4,113.89999999999998,1,1,1.0
71,9,1508.35,521.11,35.850000000000136,96.33000000000004,1,1,0.0
71,10,144.9,733.9,239.99999999999997,169.5,1,1,1.0
71,11,168.6,573.8,284.79999999999995,120.5,1,1,1.0
72,1,191.5,372.3,246.5,195.49999999999994,1,1,1.0
72,2,1191.1,558.2,332.5,143.69999999999993,1,1,1.0
72,3,323.6,511.8,228.5,125.30000000000001,1,1,1.0
72,4,67.9,714.8,273.9,182.60000000000002,1,1,1.0
72,5,172.6,458.1,104.20000000000002,290.9,1,1,1.0
72,6,957.6,382.5,292.1,157.29999999999995,1,1,1.0
72,7,196.6,415.0,110.1,58.69999999999999,1,1,0.0
72,8,254.5,794.3,306.0,106.10000000000002,1,1,1.0
72,9,1508.5,511.0,36.0,98.0,1,1,0.0
72,10,146.3,731.8,241.39999999999998,171.60000000000002,1,1,1.0
72,11,168.6,575.2,287.6,121.19999999999993,1,1,1.0
73,1,198.4,371.7,240.20000000000002,196.09999999999997,1,1,1.0
73,2,1191.1,561.7,321.4000000000001,140.19999999999993,1,1,1.0
73,3,323.6,528.5,239.60000000000002,112.10000000000002,1,1,1.0
73,4,56.6,719.2,284.59999999999997,178.19999999999993,1,1,1.0
73,5,170.3,462.6,106.09999999999997,285.5,1,1,1.0
73,6,956.4,382.5,290.4,157.29999999999995,1,1,1.0
73,7,200.8,415.0,105.89999999999998,58.69999999999999,1,1,0.0
73,8,242.3,794.3,318.8,106.10000000000002,1,1,1.0
73,9,1508.65,500.89,36.149999999999864,99.66999999999996,1,1,0.0
73,10,144.2,728.3,244.90000000000003,175.10000000000002,1,1,1.0
73,11,191.5,577.3,258.5,119.10000000000002,1,1,1.0
74,1,198.4,370.5,240.20000000000002,197.29999999999995,1,1,1.0
74,2,1219.7,519.3,300.39999999999986,157.60000000000002,1,1,1.0
74,3,334.7,478.5,233.40000000000003,160.70000000000005,1,1,1.0
74,4,59.1,715.2,284.7,182.79999999999995,1,1,1.0
74,5,170.6,462.9,106.50000000000003,281.70000000000005,1,1,1.0
74,6,950.6,384.2,292.69999999999993,157.90000000000003,1,1,1.0
74,7,200.8,415.0,105.89999999999998,59.19999999999999,1,1,0.0
74,8,243.2,794.3,319.65000000000003,106.10000000000002,1,1,1.0
74,9,1508.79,490.78,36.309999999999945,101.35000000000002,1,1,0.0
74,10,131.7,729.7,258.8,171.5999999999999,1,1,1.0
74,11,192.9,580.8,260.6,112.80000000000007,1,1,1.0
75,1,200.1,368.2,239.1,199.59999999999997,1,1,1.0
75,2,1311.2,458.9,156.0999999999999,306.20000000000005,1,1,1.0
75,3,318.7,541.7,259.8,108.59999999999991,1,1,1.0
75,4,51.6,734.9,286.5,167.5,1,1,1.0
75,5,172.3,461.1,104.30000000000001,287.1,1,1,1.0
75,6,937.3,370.9,283.4000000000001,273.6,1,1,1.0
75,7,198.2,415.0,108.5,59.19999999999999,1,1,0.0
75,8,253.3,794.3,311.3,106.10000000000002,1,1,1.0
75,9,1508.94,480.67,36.460000000000036,103.02000000000004,1,1,0.0
75,10,142.8,724.1,253.3,177.19999999999993,1,1,1.0
75,11,213.7,574.5,235.60000000000002,122.60000000000002,1,1,1.0
76,1,215.1,367.6,223.50000000000003,204.29999999999995,1,1,1.0
76,2,1336.2,468.6,133.20000000000005,307.6,1,1,1.0
76,3,327.7,534.8,246.59999999999997,105.08000000000004,1,1,1.0
76,4,35.9,743.7,304.1,140.5,1,1,1.0
76,5,170.2,462.4,107.69999999999999,281.80000000000007,1,1,1.0
76,6,692.47,291.76,333.43000000000006,229.84000000000003,1,1,1.0
76,7,201.3,415.0,105.39999999999998,59.19999999999999,1,1,0.0
76,8,262.6,793.7,302.0,106.69999999999993,1,1,1.0
76,9,1509.09,470.56,36.61000000000013,104.69,1,1,0.0
76,10,149.0,726.9,258.9,166.80000000000007,1,1,1.0
76,11,198.4,575.2,242.6,129.5,1,1,1.0
77,1,215.1,369.3,211.9,207.8,1,1,1.0
77,2,982.06,407.5,342.94000000000005,118.0,1,1,1.0
77,3,321.5,538.3,239.60000000000002,106.40000000000009,1,1,1.0
77,4,39.0,729.9,299.7,147.39999999999998,1,1,1.0
77,5,170.1,462.0,107.00000000000003,271.5,1,1,1.0
77,6,653.8,351.7,314.70000000000005,183.3,1,1,1.0
77,7,199.7,415.0,108.5,59.19999999999999,1,1,0.0
77,8,259.1,791.4,304.29999999999995,106.10000000000002,1,1,1.0
77,9,1509.24,460.45,36.75999999999999,106.37000000000006,1,1,0.0
77,10,162.9,720.7,238.79999999999998,170.89999999999998,1,1,1.0
77,11,227.7,561.3,207.7,172.60000000000002,1,1,1.0
78,1,198.9,368.1,220.6,199.69999999999993,1,1,1.0
78,2,966.79,343.6,330.4100000000001,159.89999999999998,1,1,1.0
78,3,354.1,533.4,220.89999999999998,109.20000000000005,1,1,1.0
78,4,42.8,718.3,295.5,155.20000000000005,1,1,1.0
78,5,171.5,457.8,108.69999999999999,285.3,1,1,1.0
78,6,1135.3,552.3,275.70000000000005,129.20000000000005,1,1,1.0
78,7,413.7,295.2,356.40000000000003,154.10000000000002,1,1,1.0
78,8,273.0,787.3,289.20000000000005,110.20000000000005,1,1,1.0
78,9,1509.38,450.34,36.919999999999845,108.04000000000002,1,1,0.0
78,10,162.9,722.8,233.20000000000002,170.9000000000001,1,1,1.0
78,11,235.2,561.3,200.2,175.5,1,1,1.0
79,1,207.1,383.1,221.1,184.10000000000002,1,1,1.0
79,2,945.3,336.0,347.0,154.2,1,1,1.0
79,3,424.9,469.5,246.62,155.70000000000005,1,1,1.0
79,4,46.6,710.4,288.9,163.10000000000002,1,1,1.0
79,5,173.3,477.8,117.59999999999997,262.90000000000003,1,1,1.0
79,6,1241.8,551.6,215.4000000000001,214.39999999999998,1,1,1.0
79,7,1027.82,463.2,371.48,111.90000000000003,1,1,1.0
79,8,273.0,789.6,288.0,109.10000000000002,1,1,1.0
79,9,1509.53,440.23,37.069999999999936,109.71000000000004,1,1,0.0
79,10,165.0,722.8,227.60000000000002,173.70000000000005,1,1,1.0
79,11,236.4,562.4,196.1,190.60000000000002,1,1,1.0
80,1,207.1,377.9,226.29999999999998,189.30000000000007,1,1,1.0
80,2,659.9,332.88,278.30000000000007,241.57000000000005,1,1,1.0
80,3,527.67,486.8,271.63,227.3,1,1,1.0
80,4,48.5,704.1,287.0,170.0,1,1,1.0
80,5,166.6,535.3,167.00000000000003,214.9000000000001,1,1,1.0
80,6,1238.3,541.8,222.9000000000001,207.4000000000001,1,1,1.0
80,7,1193.6,424.77,304.4100000000001,128.43000000000006,1,1,1.0
80,8,268.4,726.0,291.4,179.60000000000002,1,1,1.0
80,9,1509.68,430.12,37.22000000000003,111.38,1,1,0.0
80,10,170.6,731.8,223.4,164.0,1,1,1.0
80,11,237.6,552.0,199.00000000000003,190.0,1,1,1.0
81,1,204.8,380.8,228.59999999999997,173.59999999999997,1,1,1.0
81,2,660.6,314.5,274.79999999999995,261.66999999999996,1,1,1.0
81,3,599.2,482.0,209.79999999999995,304.29999999999995,1,1,1.0
81,4,44.7,712.3,293.3,161.80000000000007,1,1,1.0
81,5,166.2,533.9,195.60000000000002,119.89999999999998,1,1,1.0
81,6,1234.9,545.9,230.89999999999986,210.80000000000007,1,1,1.0
81,7,1198.1,381.4,288.60000000000014,149.20000000000005,1,1,1.0
81,8,262.0,750.3,297.79999999999995,149.5,1,1,1.0
81,9,1509.83,420.0,37.37000000000012,113.07000000000005,1,1,0.0
81,10,168.5,723.5,211.60000000000002,175.10000000000002,1,1,1.0
81,11,228.3,557.8,206.59999999999997,172.60000000000002,1,1,1.0
82,1,202.5,387.7,212.39999999999998,180.59999999999997,1,1,1.0
82,2,662.0,324.9,268.5,251.26999999999998,1,1,1.0
82,3,424.2,593.3,259.09999999999997,110.60000000000002,1,1,1.0
82,4,42.2,709.8,293.3,164.30000000000007,1,1,1.0
82,5,162.2,431.6,102.5,236.94999999999993,1,1,1.0
82,6,1237.6,543.0,214.9000000000001,231.70000000000005,1,1,1.0
82,7,1190.6,353.2,281.8000000000002,184.90000000000003,1,1,1.0
82,8,270.1,771.7,288.0,125.19999999999993,1,1,1.0
82,9,1509.97,409.89,37.52999999999997,114.74000000000001,1,1,0.0
82,10,181.7,713.1,193.5,186.89999999999998,1,1,1.0
82,11,254.3,568.2,179.39999999999998,202.0999999999999,1,1,1.0
83,1,191.5,375.6,233.2,191.5,1,1,1.0
83,2,657.8,327.0,272.0,249.16999999999996,1,1,1.0
83,3,446.7,611.0,321.59999999999997,101.60000000000002,1,1,1.0
83,4,42.2,707.9,271.3,161.80000000000007,1,1,1.0
83,5,161.2,412.5,143.90000000000003,180.10000000000002,1,1,1.0
83,6,1241.9,541.8,211.19999999999982,229.70000000000005,1,1,1.0
83,7,1203.4,367.9,269.0,175.5,1,1,1.0
83,8,268.9,776.9,289.20000000000005,124.60000000000002,1,1,1.0
83,9,1510.12,399.78,37.680000000000064,116.41000000000008,1,1,0.0
83,10,176.1,753.3,195.70000000000002,144.60000000000002,1,1,1.0
83,11,278.6,541.6,196.2,260.19999999999993,1,1,1.0
84,1,204.8,375.0,226.8,197.29999999999995,1,1,1.0
84,2,677.9,327.0,251.89999999999998,248.5,1,1,1.0
84,3,459.2,604.8,295.90000000000003,107.10000000000002,1,1,1.0
84,4,45.4,704.8,287.6,163.0,1,1,1.0
84,5,207.5,411.2,91.5,181.7,1,1,1.0
84,6,1242.9,545.73,210.19999999999982,226.56999999999994,1,1,1.0
84,7,1225.3,396.2,319.4000000000001,117.09999999999997,1,1,1.0
84,8,260.8,782.7,299.59999999999997,118.19999999999993,1,1,1.0
84,9,1510.27,389.67,37.82999999999993,118.08999999999997,1,1,0.0
84,10,143.5,736.7,206.7,163.29999999999995,1,1,1.0
84,11,327.6,445.3,173.79999999999995,322.7,1,1,1.0
85,1,201.9,365.7,211.20000000000002,214.09999999999997,1,1,1.0
85,2,678.13,327.0,255.66999999999996,248.5,1,1,1.0
85,3,471.7,489.5,193.8,221.0,1,1,1.0
85,4,43.5,699.8,285.7,177.4000000000001,1,1,1.0
85,5,173.8,544.78,110.69999999999999,179.01999999999998,1,1,1.0
85,6,1244.1,545.3,209.0,230.5,1,1,1.0
85,7,1289.3,417.3,259.9000000000001,130.7,1,1,1.0
85,8,249.2,783.9,311.2,114.70000000000005,1,1,1.0
85,9,1510.42,379.56,37.98000000000002,119.75999999999999,1,1,0.0
85,10,165.0,722.8,180.3,178.60000000000002,1,1,1.0
85,11,353.1,273.8,162.10000000000002,143.59999999999997,1,1,1.0
86,1,193.8,376.1,214.09999999999997,181.19999999999993,1,1,1.0
86,2,678.37,327.0,249.48000000000002,248.5,1,1,1.0
86,3,407.1,479.8,267.4,198.8,1,1,1.0
86,4,43.5,711.7,284.4,163.0,1,1,1.0
86,5,168.44,598.2,122.36000000000001,157.39999999999998,1,1,1.0
86,6,1248.7,543.6,204.39999999999986,231.0,1,1,1.0
86,7,1427.2,375.1,122.0,292.69999999999993,1,1,1.0
86,8,227.8,752.6,340.7,133.79999999999995,1,1,1.0
86,9,1510.56,369.45,38.1400000000001,121.43,1,1,0.0
86,10,124.0,716.6,237.89999999999998,182.69999999999993,1,1,1.0
86,11,341.53,281.3,126.27000000000004,95.59999999999997,1,1,0.0
87,1,217.5,421.2,177.7,125.59999999999997,1,1,1.0
87,2,678.6,327.0,243.29999999999995,248.5,1,1,1.0
87,3,387.7,465.9,267.40000000000003,117.60000000000002,1,1,1.0
87,4,37.8,703.5,287.59999999999997,169.89999999999998,1,1,1.0
87,5,171.38,532.0,120.32,207.0,1,1,1.0
87,6,1249.3,531.4,200.9000000000001,244.39999999999998,1,1,1.0
87,7,1446.0,390.9,103.20000000000005,304.0,1,1,1.0
87,8,220.9,724.2,319.80000000000007,156.39999999999998,1,1,1.0
87,9,1510.71,359.34,38.289999999999964,123.11000000000001,1,1,0.0
87,10,183.7,702.7,174.8,196.5999999999999,1,1,1.0
87,11,338.1,281.3,106.0,97.89999999999998,1,1,0.0
88,1,207.7,411.9,181.7,152.80000000000007,1,1,1.0
88,2,682.1,332.6,240.0,242.89999999999998,1,1,1.0
88,3,358.5,464.5,224.29999999999995,189.10000000000002,1,1,1.0
88,4,46.0,727.9,243.3,144.89999999999998,1,1,1.0
88,5,206.4,555.42,125.49999999999997,277.98,1,1,1.0
88,6,1264.3,501.9,178.4000000000001,280.80000000000007,1,1,1.0
88,7,1431.7,496.4,117.5,249.70000000000005,1,1,1.0
88,8,199.5,678.5,319.70000000000005,171.39999999999998,1,1,1.0
88,9,1510.86,349.23,38.440000000000055,124.77999999999997,1,1,0.0
88,10,183.7,777.7,150.3,117.39999999999998,1,1,1.0
88,11,342.1,279.0,73.09999999999997,97.39999999999998,1,1,0.0
89,1,223.3,409.0,193.3,155.70000000000005,1,1,1.0
89,2,684.9,341.7,240.70000000000005,235.2,1,1,1.0
89,3,341.1,453.1,229.39999999999998,199.10000000000002,1,1,1.0
89,4,47.9,734.3,276.90000000000003,137.20000000000005,1,1,1.0
89,5,254.6,609.0,102.00000000000003,288.20000000000005,1,1,1.0
89,6,1295.5,464.3,133.29999999999995,317.2,1,1,1.0
89,7,1428.0,457.9,121.20000000000005,330.4,1,1,1.0
89,8,208.2,663.5,328.90000000000003,134.89999999999998,1,1,1.0
89,9,1511.01,339.12,38.58999999999992,126.44999999999999,1,1,0.0
89,10,82.3,815.9,230.3,86.10000000000002,1,1,1.0
89,11,339.8,270.9,72.5,106.0,1,1,0.0
90,1,201.6,411.3,213.79999999999998,151.7,1,1,1.0
90,2,676.6,345.9,256.29999999999995,231.0,1,1,1.0
90,3,341.1,445.8,222.29999999999995,210.59999999999997,1,1,1.0
90,4,51.0,726.8,291.3,115.90000000000009,1,1,1.0
90,5,265.34,613.6,111.56,275.19999999999993,1,1,1.0
90,6,1255.0,478.2,180.20000000000005,286.50000000000006,1,1,1.0
90,7,1425.0,557.4,121.20000000000005,236.20000000000005,1,1,1.0
90,8,163.1,639.1,332.9,120.5,1,1,1.0
90,9,1511.15,329.01,38.75,128.13,1,1,0.0
90,10,76.7,798.6,245.5,107.60000000000002,1,1,1.0
90,11,339.8,275.0,76.0,101.89999999999998,1,1,0.0
91,1,199.0,407.2,212.89999999999998,149.40000000000003,1,1,1.0
91,2,766.9,293.8,257.9,265.7,1,1,1.0
91,3,363.2,442.6,180.90000000000003,226.39999999999998,1,1,1.0
91,4,55.4,667.7,289.5,177.5,1,1,1.0
91,5,268.0,693.3,109.19999999999999,191.9000000000001,1,1,1.0
91,6,1244.6,486.9,230.5,215.30000000000007,1,1,1.0
91,7,1426.5,613.2,119.70000000000005,169.89999999999998,1,1,1.0
91,8,117.4,605.6,250.70000000000002,146.5,1,1,1.0
91,9,1511.3,318.9,38.90000000000009,129.8,1,1,0.0
91,10,101.0,813.9,217.89999999999998,92.30000000000007,1,1,1.0
91,11,339.8,295.8,89.89999999999998,82.80000000000001,1,1,0.0
92,1,232.6,419.9,164.29999999999998,188.80000000000007,1,1,1.0
92,2,964.1,438.9,292.4999999999999,187.30000000000007,1,1,1.0
92,3,371.6,433.9,147.39999999999998,255.80000000000007,1,1,1.0
92,4,82.4,683.4,293.9,133.5,1,1,1.0
92,5,268.6,723.0,112.39999999999998,177.29999999999995,1,1,1.0
92,6,910.1,311.7,307.4,145.90000000000003,1,1,1.0
92,7,1437.0,622.2,109.20000000000005,154.89999999999998,1,1,1.0
92,8,123.8,607.9,254.7,155.80000000000007,1,1,1.0
92,9,1481.3,313.7,68.90000000000009,167.5,1,1,0.0
92,10,83.6,791.7,208.9,109.59999999999991,1,1,1.0
92,11,339.8,295.8,99.69999999999999,80.5,1,1,0.0
93,1,232.0,418.2,141.2,203.2,1,1,1.0
93,2,1003.7,542.4,297.29999999999995,123.39999999999998,1,1,1.0
93,3,379.9,421.5,139.10000000000002,314.70000000000005,1,1,1.0
93,4,78.0,687.2,294.5,132.79999999999995,1,1,1.0
93,5,278.6,744.2,170.89999999999998,156.0999999999999,1,1,1.0
93,6,838.3,244.0,243.79999999999995,214.10000000000002,1,1,1.0
93,7,1431.7,622.2,114.5,150.39999999999998,1,1,1.0
93,8,149.3,605.6,233.3,145.39999999999998,1,1,1.0
93,9,1471.3,379.8,78.90000000000009,117.19999999999999,1,1,0.0
93,10,47.5,800.0,256.1,94.39999999999998,1,1,1.0
93,11,339.8,294.6,109.0,81.69999999999999,1,1,0.0
94,1,233.2,418.2,143.5,209.59999999999997,1,1,1.0
94,2,1074.5,548.6,295.20000000000005,124.10000000000002,1,1,1.0
94,3,374.3,427.1,145.40000000000003,278.5,1,1,1.0
94,4,60.4,706.7,314.1,100.09999999999991,1,1,1.0
94,5,261.6,782.5,218.0,103.39999999999998,1,1,1.0
94,6,871.9,213.4,128.60000000000002,287.5,1,1,1.0
94,7,1431.7,619.2,114.5,152.5999999999999,1,1,1.0
94,8,169.0,601.0,215.3,158.70000000000005,1,1,1.0
94,9,1469.6,382.7,80.60000000000014,117.80000000000001,1,1,0.0
94,10,35.0,787.5,277.6,116.60000000000002,1,1,1.0
94,11,339.8,298.7,106.69999999999999,77.60000000000002,1,1,0.0
95,1,235.5,421.1,151.0,177.79999999999995,1,1,1.0
95,2,1089.8,522.9,312.5,136.60000000000002,1,1,1.0
95,3,379.9,413.2,139.80000000000007,263.90000000000003,1,1,1.0
95,4,47.2,704.4,321.0,104.89999999999998,1,1,1.0
95,5,250.9,794.4,160.9,92.10000000000002,1,1,1.0
95,6,858.6,247.0,148.79999999999995,275.29999999999995,1,1,1.0
95,7,1431.7,623.0,114.5,152.60000000000002,1,1,1.0
95,8,240.8,586.5,142.89999999999998,223.5,1,1,1.0
95,9,1469.6,381.5,80.60000000000014,118.39999999999998,1,1,0.0
95,10,35.0,789.6,279.7,114.60000000000002,1,1,1.0
95,11,335.7,298.7,117.69999999999999,82.19999999999999,1,1,0.0
96,1,234.3,414.7,148.09999999999997,185.40000000000003,1,1,1.0
96,2,1150.2,495.1,316.0,135.19999999999993,1,1,1.0
96,3,366.0,407.6,140.5,341.69999999999993,1,1,1.0
96,4,74.8,704.3,300.9,107.5,1,1,1.0
96,5,240.9,814.5,133.20000000000002,88.39999999999998,1,1,0.0
96,6,421.6,672.1,231.60000000000002,138.69999999999993,1,1,1.0
96,7,1431.7,623.0,114.5,152.60000000000002,1,1,1.0
96,8,251.8,588.2,147.5,260.0,1,1,1.0
96,9,1469.6,380.3,80.60000000000014,118.39999999999998,1,1,0.0
96,10,57.2,791.0,286.0,111.0,1,1,1.0
96,11,339.8,295.2,115.89999999999998,82.80000000000001,1,1,0.0
97,1,235.5,411.2,141.7,197.00000000000006,1,1,1.0
97,2,1150.2,468.0,345.79999999999995,162.29999999999995,1,1,1.0
97,3,337.5,425.0,169.0,291.70000000000005,1,1,1.0
97,4,107.5,689.3,180.3,111.80000000000007,1,1,1.0
97,5,250.3,820.8,117.5,78.30000000000007,1,1,0.0
97,6,345.22,749.6,231.57999999999993,139.29999999999995,1,1,1.0
97,7,1428.7,623.0,117.5,152.60000000000002,1,1,1.0
97,8,270.9,595.6,153.90000000000003,248.0,1,1,1.0
97,9,1445.3,378.6,104.90000000000009,117.79999999999995,1,1,0.0
97,10,57.9,780.6,290.1,121.39999999999998,1,1,1.0
97,11,343.3,295.2,113.0,78.69999999999999,1,1,0.0
98,1,239.6,411.8,140.50000000000003,203.3,1,1,1.0
98,2,1165.3,441.6,291.10000000000014,284.5,1,1,1.0
98,3,326.4,425.0,180.10000000000002,345.20000000000005,1,1,1.0
98,4,129.5,575.6,165.8,208.5,1,1,1.0
98,5,197.5,781.3,129.5,101.40000000000009,1,1,0.0
98,6,305.9,781.4,249.5,107.5,1,1,1.0
98,7,1380.5,650.9,165.70000000000005,139.0,1,1,1.0
98,8,273.8,582.4,152.7,271.6,1,1,1.0
98,9,1376.4,381.5,173.79999999999995,109.69999999999999,1,1,1.0
98,10,62.8,783.4,297.8,118.60000000000002,1,1,1.0
98,11,343.3,294.0,107.19999999999999,78.19999999999999,1,1,0.0
99,1,272.0,407.7,126.60000000000002,230.50000000000006,1,1,1.0
99,2,493.2,396.1,338.8,133.10000000000002,1,1,1.0
99,3,356.63,476.78,159.07000000000005,294.32000000000005,1,1,1.0
99,4,120.1,591.3,170.79999999999998,179.0,1,1,1.0
99,5,100.9,807.8,194.70000000000002,85.60000000000002,1,1,0.0
99,6,323.3,754.2,209.49999999999994,106.29999999999995,1,1,1.0
99,7,1399.4,678.0,142.29999999999995,111.89999999999998,1,1,1.0
99,8,235.0,591.6,158.5,241.60000000000002,1,1,1.0
99,9,1399.0,358.4,151.20000000000005,139.20000000000005,1,1,1.0
99,10,107.2,740.3,254.10000000000002,178.4000000000001,1,1,1.0
99,11,343.3,291.7,106.59999999999997,81.69999999999999,1,1,0.0
100,1,185.8,454.4,237.09999999999997,161.20000000000005,1,1,1.0
100,2,486.3,415.5,338.09999999999997,113.70000000000005,1,1,1.0
100,3,338.8,473.0,181.59999999999997,320.9,1,1,1.0
100,4,86.2,602.6,204.10000000000002,155.10000000000002,1,1,1.0
100,5,89.0,799.1,271.9,89.29999999999995,1,1,1.0
100,6,332.0,740.3,212.39999999999998,127.70000000000005,1,1,1.0
100,7,1398.6,647.9,143.10000000000014,136.0,1,1,1.0
100,8,207.8,589.6,190.0,247.10000000000002,1,1,1.0
100,9,1399.0,358.4,151.20000000000005,147.3,1,1,1.0
100,10,112.1,717.4,197.79999999999998,159.60000000000002,1,1,1.0
100,11,343.3,287.1,102.59999999999997,84.59999999999997,1,1,0.0
101,1,190.4,452.2,234.79999999999998,175.50000000000006,1,1,1.0
101,2,459.9,424.5,354.80000000000007,122.79999999999995,1,1,1.0
101,3,332.6,479.2,187.79999999999995,327.2,1,1,1.0
101,4,88.7,603.9,208.5,152.5,1,1,1.0
101,5,89.0,794.6,278.2,92.5,1,1,1.0
101,6,335.5,760.5,210.60000000000002,120.20000000000005,1,1,1.0
101,7,1394.1,626.8,147.60000000000014,157.10000000000002,1,1,1.0
101,8,252.7,594.5,152.3,258.0,1,1,1.0
101,9,1403.1,349.7,147.10000000000014,156.0,1,1,1.0
101,10,112.1,710.5,216.50000000000003,174.79999999999995,1,1,1.0
101,11,343.3,290.0,104.89999999999998,80.0,1,1,0.0
102,1,185.8,448.7,235.3,176.7,1,1,1.0
102,2,459.9,413.4,292.30000000000007,111.0,1,1,1.0
102,3,331.2,489.6,189.2,327.19999999999993,1,1,1.0
102,4,88.1,606.4,276.29999999999995,174.5,1,1,1.0
102,5,89.0,793.3,277.6,96.30000000000007,1,1,1.0
102,6,335.5,749.5,212.89999999999998,146.20000000000005,1,1,1.0
102,7,1391.1,650.2,150.60000000000014,133.69999999999993,1,1,1.0
102,8,264.88,598.38,142.89999999999998,245.70000000000005,1,1,1.0
102,9,1372.4,372.3,176.5999999999999,128.2,1,1,1.0
102,10,119.7,701.5,218.60000000000002,194.20000000000005,1,1,1.0
102,11,346.2,292.3,101.40000000000003,77.69999999999999,1,1,0.0
103,1,191.6,447.5,230.1,182.0,1,1,1.0
103,2,459.9,413.4,292.30000000000007,112.05000000000007,1,1,1.0
103,3,327.59,491.88,191.51000000000005,271.82000000000005,1,1,1.0
103,4,123.2,584.4,243.10000000000002,202.70000000000005,1,1,1.0
103,5,89.0,793.3,276.6,95.05000000000007,1,1,1.0
103,6,341.3,733.3,200.2,161.20000000000005,1,1,1.0
103,7,1379.8,659.2,161.9000000000001,122.39999999999998,1,1,1.0
103,8,212.9,570.2,186.29999999999998,253.19999999999993,1,1,1.0
103,9,1319.7,393.7,229.29999999999995,105.60000000000002,1,1,1.0
103,10,125.3,697.3,232.5,201.60000000000002,1,1,1.0
103,11,339.8,288.8,109.0,88.09999999999997,1,1,0.0
104,1,192.2,447.5,228.3,187.79999999999995,1,1,1.0
104,2,459.9,413.4,292.30000000000007,113.10000000000002,1,1,1.0
104,3,342.3,563.9,346.8,120.20000000000005,1,1,1.0
104,4,132.6,561.8,231.79999999999998,227.20000000000005,1,1,1.0
104,5,89.0,793.3,278.2,93.80000000000007,1,1,1.0
104,6,347.1,719.4,197.89999999999998,162.89999999999998,1,1,1.0
104,7,1397.9,636.6,143.79999999999995,135.19999999999993,1,1,1.0
104,8,218.7,575.4,201.3,241.10000000000002,1,1,1.0
104,9,1103.28,444.0,388.52,105.10000000000002,1,1,1.0
104,10,125.3,689.7,223.39999999999998,209.69999999999993,1,1,1.0
104,11,339.8,288.8,106.59999999999997,89.30000000000001,1,1,0.0
105,1,191.0,450.4,227.2,183.20000000000005,1,1,1.0
105,2,461.3,412.7,281.90000000000003,111.00000000000006,1,1,1.0
105,3,589.5,624.31,235.70000000000005,167.3900000000001,1,1,1.0
105,4,133.2,575.0,228.7,210.20000000000005,1,1,1.0
105,5,89.6,794.6,273.79999999999995,90.0,1,1,1.0
105,6,348.3,711.9,183.40000000000003,180.20000000000005,1,1,1.0
105,7,1372.3,629.8,169.4000000000001,160.80000000000007,1,1,1.0
105,8,197.9,600.3,241.20000000000002,172.20000000000005,1,1,1.0
105,9,1106.8,424.9,319.60000000000014,113.80000000000007,1,1,1.0
105,10,126.7,689.0,217.8,205.29999999999995,1,1,1.0
105,11,339.8,291.1,95.09999999999997,81.79999999999995,1,1,0.0
106,1,192.7,449.2,225.5,184.40000000000003,1,1,1.0
106,2,459.9,412.7,276.4,111.00000000000006,1,1,1.0
106,3,558.2,590.3,212.0999999999999,163.9000000000001,1,1,1.0
106,4,98.7,600.7,262.6,188.89999999999998,1,1,1.0
106,5,89.6,792.7,272.5,94.19999999999993,1,1,1.0
106,6,330.9,711.9,203.10000000000002,170.39999999999998,1,1,1.0
106,7,1390.4,615.5,151.29999999999995,175.10000000000002,1,1,1.0
106,8,195.39,615.3,260.90000000000003,158.4000000000001,1,1,1.0
106,9,1085.9,367.6,330.0999999999999,169.89999999999998,1,1,1.0
106,10,129.5,681.4,227.5,217.10000000000002,1,1,1.0
106,11,342.1,295.2,88.09999999999997,82.40000000000003,1,1,0.0
107,1,191.5,450.4,230.2,187.30000000000007,1,1,1.0
107,2,459.9,414.1,273.6,111.69999999999993,1,1,1.0
107,3,503.34,605.6,221.16000000000003,163.89999999999998,1,1,1.0
107,4,114.4,602.6,260.1,164.39999999999998,1,1,1.0
107,5,89.6,792.7,280.70000000000005,93.79999999999995,1,1,1.0
107,6,310.1,728.7,245.79999999999995,138.0,1,1,1.0
107,7,1390.4,615.5,151.29999999999995,175.10000000000002,1,1,1.0
107,8,178.8,615.3,285.2,156.10000000000002,1,1,1.0
107,9,1062.7,309.1,217.29999999999995,270.1,1,1,1.0
107,10,128.8,683.5,222.0,217.79999999999995,1,1,1.0
107,11,346.1,305.2,72.5,81.10000000000002,1,1,0.0
108,1,191.5,481.1,229.60000000000002,145.0,1,1,1.0
108,2,457.1,414.1,276.4,114.5,1,1,1.0
108,3,495.0,630.6,246.20000000000005,136.10000000000002,1,1,1.0
108,4,88.7,602.0,248.10000000000002,160.0,1,1,1.0
108,5,89.6,794.6,283.79999999999995,90.60000000000002,1,1,1.0
108,6,286.9,761.7,266.70000000000005,111.89999999999998,1,1,1.0
108,7,1396.4,573.3,145.29999999999995,220.30000000000007,1,1,1.0
108,8,175.9,599.1,285.79999999999995,161.89999999999998,1,1,1.0
108,9,1067.4,301.0,203.69999999999982,294.4,1,1,1.0
108,10,134.4,687.7,217.79999999999998,202.5,1,1,1.0
108,11,349.1,297.4,74.69999999999999,66.90000000000003,1,1,0.0
109,1,213.5,475.9,248.7,131.10000000000002,1,1,1.0
109,2,457.1,415.5,272.9,112.39999999999998,1,1,1.0
109,3,504.7,637.5,247.59999999999997,117.39999999999998,1,1,1.0
109,4,148.4,543.6,205.99999999999997,154.29999999999995,1,1,1.0
109,5,112.32,798.64,273.38,86.56000000000006,1,1,1.0
109,6,315.3,752.1,258.09999999999997,101.69999999999993,1,1,1.0
109,7,1352.7,598.1,186.0,201.5,1,1,1.0
109,8,243.0,599.1,232.0,194.89999999999998,1,1,1.0
109,9,1074.9,280.2,194.69999999999982,319.2,1,1,1.0
109,10,126.1,693.3,229.6,185.10000000000002,1,1,1.0
109,11,347.9,297.4,75.90000000000003,66.90000000000003,1,1,0.0
110,1,226.2,471.8,272.5,153.7,1,1,1.0
110,2,456.4,415.5,273.6,112.39999999999998,1,1,1.0
110,3,496.4,634.7,255.89999999999998,113.29999999999995,1,1,1.0
110,4,184.2,526.0,167.7,174.39999999999998,1,1,1.0
110,5,111.6,797.1,275.6,88.10000000000002,1,1,1.0
110,6,333.6,741.0,247.5,103.20000000000005,1,1,1.0
110,7,1358.7,591.3,180.0,212.10000000000002,1,1,1.0
110,8,287.6,624.0,182.2,177.5,1,1,1.0
110,9,1076.3,285.1,199.29999999999995,311.5,1,1,1.0
110,10,105.3,696.1,246.89999999999998,187.19999999999993,1,1,1.0
110,11,349.7,297.4,74.60000000000002,66.90000000000003,1,1,0.0
111,1,226.8,474.1,263.8,155.5,1,1,1.0
111,2,449.5,413.4,281.9,114.5,1,1,1.0
111,3,486.0,633.3,266.29999999999995,114.70000000000005,1,1,1.0
111,4,122.6,519.1,213.6,198.19999999999993,1,1,1.0
111,5,111.6,809.0,275.79999999999995,81.89999999999998,1,1,1.0
111,6,337.5,716.4,231.5,158.10000000000002,1,1,1.0
111,7,1357.2,593.6,181.5,206.79999999999995,1,1,1.0
111,8,273.7,617.1,223.90000000000003,135.19999999999993,1,1,1.0
111,9,1040.2,319.8,232.79999999999995,264.99999999999994,1,1,1.0
111,10,84.5,714.9,253.10000000000002,128.10000000000002,1,1,1.0
111,11,347.9,297.4,76.40000000000003,65.20000000000005,1,1,0.0
112,1,224.5,475.3,264.9,154.3,1,1,1.0
112,2,451.95,412.7,278.75000000000006,115.19999999999999,1,1,1.0
112,3,510.3,620.1,248.90000000000003,131.39999999999998,1,1,1.0
112,4,162.8,515.9,170.5,205.30000000000007,1,1,1.0
112,5,114.1,802.7,258.0,85.09999999999991,1,1,1.0
112,6,340.9,700.4,204.10000000000002,179.39999999999998,1,1,1.0
112,7,1357.2,592.1,181.5,212.10000000000002,1,1,1.0
112,8,248.2,626.4,252.3,108.5,1,1,1.0
112,9,1052.7,317.7,223.0999999999999,267.09999999999997,1,1,1.0
112,10,87.3,706.5,253.09999999999997,143.39999999999998,1,1,1.0
112,11,347.9,297.4,78.10000000000002,62.30000000000001,1,1,0.0
113,1,227.4,475.9,258.5,155.39999999999998,1,1,1.0
113,2,454.4,412.0,275.6,115.89999999999998,1,1,1.0
113,3,550.6,567.3,212.0,197.4000000000001,1,1,1.0
113,4,161.9,515.36,165.48,198.34000000000003,1,1,1.0
113,5,114.1,800.2,265.5,87.59999999999991,1,1,1.0
113,6,366.0,682.16,178.89999999999998,182.74,1,1,1.0
113,7,1357.2,597.4,180.0,204.5,1,1,1.0
113,8,296.8,548.3,208.89999999999998,193.5,1,1,1.0
113,9,1039.5,320.5,236.29999999999995,267.1,1,1,1.0
113,10,104.7,704.8,242.0,154.80000000000007,1,1,1.0
113,11,351.4,291.6,79.80000000000001,68.09999999999997,1,1,0.0
114,1,231.5,474.2,256.1,155.90000000000003,1,1,1.0
114,2,460.0,410.6,272.79999999999995,115.89999999999998,1,1,1.0
114,3,558.9,597.9,205.10000000000002,173.70000000000005,1,1,1.0
114,4,166.7,490.5,137.2,217.20000000000005,1,1,1.0
114,5,112.2,797.7,267.40000000000003,90.09999999999991,1,1,1.0
114,6,429.2,652.3,162.2,249.80000000000007,1,1,1.0
114,7,1357.2,598.9,180.0,203.0,1,1,1.0
114,8,175.8,478.9,211.89999999999998,202.70000000000005,1,1,1.0
114,9,1047.1,320.5,230.80000000000018,265.70000000000005,1,1,1.0
114,10,108.9,704.4,235.70000000000002,159.39999999999998,1,1,1.0
114,11,347.9,291.6,77.5,72.69999999999999,1,1,0.0
115,1,231.5,474.8,240.5,157.59999999999997,1,1,1.0
115,2,460.1,410.6,272.69999999999993,116.60000000000002,1,1,1.0
115,3,558.2,593.7,211.39999999999998,178.5999999999999,1,1,1.0
115,4,193.53,479.33,143.77,271.27000000000004,1,1,1.0
115,5,110.9,797.7,271.20000000000005,89.5,1,1,1.0
115,6,350.1,771.2,266.19999999999993,118.39999999999998,1,1,1.0
115,7,1357.2,602.7,180.0,199.19999999999993,1,1,1.0
115,8,119.7,433.2,252.90000000000003,184.7,1,1,1.0
115,9,1037.4,323.3,241.89999999999986,262.90000000000003,1,1,1.0
115,10,108.2,703.0,236.40000000000003,163.60000000000002,1,1,1.0
115,11,347.9,291.6,77.80000000000001,73.59999999999997,1,1,0.0
116,1,229.8,474.2,242.2,158.2,1,1,1.0
116,2,473.9,410.6,258.9,117.29999999999995,1,1,1.0
116,3,558.2,599.3,211.39999999999998,172.30000000000007,1,1,1.0
116,4,200.9,517.7,163.20000000000002,249.5999999999999,1,1,1.0
116,5,110.3,797.7,269.3,89.5,1,1,1.0
116,6,357.8,761.7,256.59999999999997,127.89999999999998,1,1,1.0
116,7,1357.2,599.7,180.0,202.19999999999993,1,1,1.0
116,8,94.8,433.8,271.4,168.99999999999994,1,1,1.0
116,9,1026.3,323.3,253.0,260.8,1,1,1.0
116,10,109.6,701.6,235.70000000000002,166.39999999999998,1,1,1.0
116,11,347.9,291.6,79.20000000000005,76.79999999999995,1,1,0.0
117,1,231.0,474.2,241.0,158.2,1,1,1.0
117,2,446.8,410.6,283.90000000000003,117.29999999999995,1,1,1.0
117,3,555.4,591.7,214.20000000000005,179.89999999999998,1,1,1.0
117,4,179.4,526.6,211.9,234.89999999999998,1,1,1.0
117,5,109.7,795.2,269.90000000000003,92.0,1,1,1.0
117,6,355.4,767.0,262.4,122.60000000000002,1,1,1.0
117,7,1357.2,591.4,180.0,210.5,1,1,1.0
117,8,96.0,440.2,271.4,164.90000000000003,1,1,1.0
117,9,997.1,305.2,267.6,292.09999999999997,1,1,1.0
117,10,115.9,698.8,227.99999999999997,170.60000000000002,1,1,1.0
117,11,346.2,295.1,82.60000000000002,71.59999999999997,1,1,0.0
118,1,231.0,473.05,240.7,160.49999999999994,1,1,1.0
118,2,448.2,410.6,282.50000000000006,118.0,1,1,1.0
118,3,529.0,572.3,246.89999999999998,209.0,1,1,1.0
118,4,186.7,543.9,213.0,220.20000000000005,1,1,1.0
118,5,109.7,795.85,271.1,91.35000000000002,1,1,1.0
118,6,358.8,767.0,258.99999999999994,120.70000000000005,1,1,1.0
118,7,1357.2,591.4,180.0,210.5,1,1,1.0
118,8,78.6,440.2,288.79999999999995,164.90000000000003,1,1,1.0
118,9,955.4,260.7,289.9,244.2,1,1,1.0
118,10,124.2,694.6,219.0,174.79999999999995,1,1,1.0
118,11,348.5,298.0,81.5,69.30000000000001,1,1,0.0
119,1,231.0,471.9,240.39999999999998,162.80000000000007,1,1,1.0
119,2,425.3,409.2,305.40000000000003,119.40000000000003,1,1,1.0
119,3,567.9,548.0,214.30000000000007,233.29999999999995,1,1,1.0
119,4,196.6,559.6,242.4,216.5,1,1,1.0
119,5,109.7,796.5,261.7,90.70000000000005,1,1,1.0
119,6,351.6,765.1,271.0,116.79999999999995,1,1,1.0
119,7,1357.2,580.8,180.0,221.10000000000002,1,1,1.0
119,8,72.8,439.0,294.59999999999997,166.10000000000002,1,1,1.0
119,9,947.1,264.9,289.9,220.60000000000002,1,1,1.0
119,10,143.6,662.7,196.79999999999998,211.5999999999999,1,1,1.0
119,11,346.2,298.0,75.69999999999999,68.69999999999999,1,1,0.0
120,1,228.7,471.3,242.10000000000002,163.40000000000003,1,1,1.0
120,2,442.0,406.4,301.20000000000005,122.20000000000005,1,1,1.0
120,3,635.2,514.0,174.0999999999999,272.20000000000005,1,1,1.0
120,4,200.2,563.3,238.8,210.70000000000005,1,1,1.0
120,5,108.4,791.5,270.5,94.39999999999998,1,1,1.0
120,6,346.78,779.6,333.72,102.29999999999995,1,1,1.0
120,7,1357.2,558.9,180.0,249.0,1,1,1.0
120,8,69.9,436.7,297.5,168.40000000000003,1,1,1.0
120,9,928.4,255.9,248.19999999999993,253.9,1,1,1.0
120,10,170.0,591.2,167.60000000000002,283.0999999999999,1,1,1.0
120,11,348.5,298.0,74.0,65.19999999999999,1,1,0.0
121,1,225.2,471.3,244.40000000000003,163.40000000000003,1,1,1.0
121,2,457.3,390.4,285.90000000000003,138.20000000000005,1,1,1.0
121,3,576.9,502.9,246.30000000000007,208.10000000000002,1,1,1.0
121,4,206.0,564.9,233.0,204.89999999999998,1,1,1.0
121,5,108.4,791.5,270.5,94.39999999999998,1,1,1.0
121,6,377.6,784.4,358.79999999999995,102.30000000000007,1,1,1.0
121,7,1351.0,547.6,186.20000000000005,266.29999999999995,1,1,1.0
121,8,77.4,438.5,290.0,167.79999999999995,1,1,1.0
121,9,924.4,250.4,223.0000000000001,281.6,1,1,1.0
121,10,171.4,541.9,112.70000000000002,276.80000000000007,1,1,1.0
121,11,352.6,292.8,74.0,69.19999999999999,1,1,0.0
