1,1,333.3,579.95,155.0,240.14999999999998,1,1,1.0
1,2,428.1,729.6,170.0,250.19999999999993,1,1,1.0
1,3,627.63,787.38,231.37,208.82000000000005,1,1,1.0
1,4,865.3,407.16,241.60000000000014,199.73999999999995,1,1,1.0
1,5,1267.3,126.0,320.0,205.60000000000002,1,1,1.0
1,6,1398.4,433.36,150.0999999999999,290.84000000000003,1,1,1.0
1,7,1389.74,807.32,261.72,173.16999999999996,1,1,1.0
1,8,1785.92,761.43,273.98,202.67000000000007,1,1,1.0
1,9,1952.38,318.18,207.98000000000002,253.27000000000004,1,1,1.0
2,1,334.6,578.9,155.0,256.30000000000007,1,1,1.0
2,2,422.61,727.0,173.68999999999994,238.0,1,1,1.0
2,3,583.7,849.12,280.0799999999999,139.17999999999995,1,1,1.0
2,4,864.0,404.58,244.19000000000005,204.42000000000002,1,1,1.0
2,5,1268.59,126.04,320.01,206.85999999999996,1,1,1.0
2,6,1400.9,434.22,145.65999999999985,282.48,1,1,1.0
2,7,1389.74,807.32,261.72,173.16999999999996,1,1,1.0
2,8,1785.92,761.43,273.98,201.7700000000001,1,1,1.0
2,9,1952.38,318.18,207.98000000000002,258.71999999999997,1,1,1.0
3,1,331.0,579.2,156.8,246.69999999999993,1,1,1.0
3,2,418.7,719.8,160.09999999999997,251.60000000000002,1,1,1.0
3,3,617.1,799.78,255.26999999999998,182.51999999999998,1,1,1.0
3,4,864.9,406.3,242.86,198.90000000000003,1,1,1.0
3,5,1268.59,128.62,319.1100000000001,202.57999999999998,1,1,1.0
3,6,1399.2,425.24,144.77999999999997,291.05999999999995,1,1,1.0
3,7,1389.74,807.32,261.72,173.16999999999996,1,1,1.0
3,8,1775.1,761.43,291.0999999999999,199.97000000000003,1,1,1.0
3,9,1947.9,326.3,202.5,250.59999999999997,1,1,1.0
4,1,332.43,579.95,152.46999999999997,251.64999999999998,1,1,1.0
4,2,422.18,711.5,159.52000000000004,274.4,1,1,1.0
4,3,615.4,796.06,262.33000000000004,185.04000000000008,1,1,1.0
4,4,872.2,405.87,235.12999999999988,202.73000000000002,1,1,1.0
4,5,1271.17,129.91,316.1299999999999,200.79,1,1,1.0
4,6,1400.9,423.09,143.51,294.11000000000007,1,1,1.0
4,7,1389.74,807.32,261.72,173.16999999999996,1,1,1.0
4,8,1775.1,761.43,290.2000000000003,199.07000000000005,1,1,1.0
4,9,1942.5,317.3,207.9000000000001,259.59999999999997,1,1,1.0
5,1,330.28,579.95,133.42000000000002,238.64999999999998,1,1,1.0
5,2,408.59,688.16,167.11000000000007,280.94000000000005,1,1,1.0
5,3,617.1,790.31,263.02,192.09000000000003,1,1,1.0
5,4,862.7,406.73,245.05999999999995,202.26999999999998,1,1,1.0
5,5,1266.01,123.88,321.28999999999996,208.62,1,1,1.0
5,6,1393.13,423.09,146.9699999999998,307.71,1,1,1.0
5,7,1389.74,807.32,261.72,173.16999999999996,1,1,1.0
5,8,1775.1,761.43,290.2000000000003,201.7700000000001,1,1,1.0
5,9,1930.7,317.3,219.70000000000005,259.59999999999997,1,1,1.0
6,1,330.28,579.95,154.12,267.44999999999993,1,1,1.0
6,2,403.0,741.0,263.70000000000005,189.10000000000002,1,1,1.0
6,3,625.8,783.0,261.20000000000005,202.39999999999998,1,1,1.0
6,4,870.0,407.16,239.04999999999995,198.83999999999997,1,1,1.0
6,5,1264.72,127.76,319.0799999999999,204.24,1,1,1.0
6,6,1397.4,419.72,142.27999999999997,311.88,1,1,1.0
6,7,1380.6,807.32,270.8600000000001,179.67999999999995,1,1,1.0
6,8,1756.1,761.43,309.2000000000003,198.97000000000003,1,1,1.0
6,9,1930.7,317.3,219.70000000000005,236.09999999999997,1,1,1.0
7,1,330.28,579.95,157.32000000000005,256.65,1,1,1.0
7,2,465.0,758.54,269.64,141.86,1,1,1.0
7,3,627.0,788.6,253.10000000000002,201.5,1,1,1.0
7,4,868.7,407.16,239.05999999999995,199.73999999999995,1,1,1.0
7,5,1263.0,129.48,320.79999999999995,201.72,1,1,1.0
7,6,1395.05,418.9,146.35000000000014,311.0,1,1,1.0
7,7,1383.2,807.32,268.26,178.38,1,1,1.0
7,8,1733.5,761.43,331.8000000000002,198.97000000000003,1,1,1.0
7,9,1921.7,372.5,308.29999999999995,166.39999999999998,1,1,1.0
8,1,330.28,579.95,158.02000000000004,256.25,1,1,1.0
8,2,487.4,679.84,260.57000000000005,204.26,1,1,1.0
8,3,630.9,790.74,251.80000000000007,196.36,1,1,1.0
8,4,869.6,407.16,239.01999999999987,200.13999999999993,1,1,1.0
8,5,1259.9,140.23,346.03,191.37000000000003,1,1,1.0
8,6,1392.7,419.39,149.0999999999999,299.31000000000006,1,1,1.0
8,7,1371.5,807.32,279.96000000000004,178.38,1,1,1.0
8,8,1744.4,761.43,327.1999999999998,198.97000000000003,1,1,1.0
8,9,1917.2,386.1,307.39999999999986,199.79999999999995,1,1,1.0
9,1,330.28,579.95,156.22000000000003,253.75,1,1,1.0
9,2,482.04,706.52,266.8,178.10000000000002,1,1,1.0
9,3,738.5,720.4,226.46000000000004,252.30000000000007,1,1,1.0
9,4,881.6,408.45,225.7299999999999,198.05,1,1,1.0
9,5,1259.1,140.28,348.1200000000001,189.22,1,1,1.0
9,6,1396.6,413.4,144.4000000000001,285.1,1,1,1.0
9,7,1371.5,807.32,279.96000000000004,178.38,1,1,1.0
9,8,1744.4,754.2,325.4000000000001,206.19999999999993,1,1,1.0
9,9,1923.5,392.4,306.5,193.5,1,1,1.0
10,1,330.28,579.95,156.92000000000002,258.8499999999999,1,1,1.0
10,2,474.6,713.8,275.1,152.5,1,1,1.0
10,3,806.3,650.3,205.20000000000005,260.20000000000005,1,1,1.0
10,4,889.6,406.73,222.04000000000008,200.97000000000003,1,1,1.0
10,5,1257.3,110.41,348.20000000000005,219.89000000000001,1,1,1.0
10,6,1400.01,406.61,137.08999999999992,275.18999999999994,1,1,1.0
10,7,1371.5,807.32,279.96000000000004,178.38,1,1,1.0
10,8,1754.3,754.2,316.39999999999986,206.19999999999993,1,1,1.0
10,9,1923.5,385.2,311.0,200.7,1,1,1.0
11,1,330.28,579.95,156.62,255.25,1,1,1.0
11,2,474.6,718.0,270.5,150.5,1,1,1.0
11,3,833.9,604.62,206.2800000000001,258.08000000000004,1,1,1.0
11,4,900.2,409.31,215.29999999999995,197.58999999999997,1,1,1.0
11,5,1262.1,114.57,339.96000000000004,212.32999999999998,1,1,1.0
11,6,1392.7,400.95,144.39999999999986,286.25000000000006,1,1,1.0
11,7,1371.5,807.32,279.96000000000004,178.38,1,1,1.0
11,8,1760.6,754.2,314.5999999999999,206.19999999999993,1,1,1.0
11,9,1923.5,381.6,352.5999999999999,171.69999999999993,1,1,1.0
12,1,333.5,580.67,153.7,253.83000000000004,1,1,1.0
12,2,479.3,659.03,262.87999999999994,221.47000000000003,1,1,1.0
12,3,862.4,557.31,257.92999999999995,225.69000000000005,1,1,1.0
12,4,901.9,406.73,207.58000000000004,198.47000000000003,1,1,1.0
12,5,1261.2,112.42,343.8699999999999,218.27999999999997,1,1,1.0
12,6,1397.0,395.67,142.29999999999995,282.03000000000003,1,1,1.0
12,7,1371.5,807.32,279.96000000000004,178.38,1,1,1.0
12,8,1760.6,754.2,312.8000000000002,204.39999999999998,1,1,1.0
12,9,1910.8,384.3,352.60000000000014,183.49999999999994,1,1,1.0
13,1,328.84,577.8,157.36,254.9000000000001,1,1,1.0
13,2,561.2,615.82,184.20999999999992,281.4799999999999,1,1,1.0
13,3,885.4,529.43,291.38,175.87,1,1,1.0
13,4,901.4,407.59,206.79000000000008,200.61000000000007,1,1,1.0
13,5,1263.8,114.57,338.69000000000005,214.93,1,1,1.0
13,6,1400.44,391.01,137.96000000000004,288.49,1,1,1.0
13,7,1371.5,807.32,279.96000000000004,178.38,1,1,1.0
13,8,1760.6,754.2,315.5999999999999,204.39999999999998,1,1,1.0
13,9,1910.8,384.3,317.29999999999995,167.2,1,1,1.0
14,1,331.35,579.24,156.64999999999998,262.76,1,1,1.0
14,2,584.35,594.22,160.14999999999998,318.67999999999995,1,1,1.0
14,3,953.0,504.56,267.0999999999999,155.04000000000002,1,1,1.0
14,4,901.0,407.59,208.04999999999995,198.91000000000003,1,1,1.0
14,5,1261.6,111.13,341.32000000000016,217.87,1,1,1.0
14,6,1418.35,399.61,143.25,312.18999999999994,1,1,1.0
14,7,1371.5,807.32,279.96000000000004,182.27999999999997,1,1,1.0
14,8,1757.0,754.2,319.1999999999998,204.39999999999998,1,1,1.0
14,9,1910.8,384.3,279.29999999999995,167.2,1,1,1.0
15,1,330.28,579.95,157.72000000000003,245.94999999999993,1,1,1.0
15,2,585.2,572.29,161.5,342.9100000000001,1,1,1.0
15,3,961.1,497.06,308.31000000000006,169.73999999999995,1,1,1.0
15,4,899.71,410.17,208.90999999999985,200.60999999999996,1,1,1.0
15,5,1257.8,103.29,343.4000000000001,224.90999999999997,1,1,1.0
15,6,1409.47,326.81,133.52999999999997,297.09,1,1,1.0
15,7,1371.5,807.32,279.96000000000004,182.27999999999997,1,1,1.0
15,8,1744.3,754.2,331.89999999999986,204.39999999999998,1,1,1.0
15,9,1921.7,384.3,260.29999999999995,167.2,1,1,1.0
16,1,330.28,579.95,156.92000000000002,239.94999999999993,1,1,1.0
16,2,591.7,558.45,165.06999999999994,362.3499999999999,1,1,1.0
16,3,972.5,488.61,291.3499999999999,162.28999999999996,1,1,1.0
16,4,900.2,410.17,207.12999999999988,196.72999999999996,1,1,1.0
16,5,1256.9,110.17,344.73,220.52999999999997,1,1,1.0
16,6,1412.05,328.53,134.85000000000014,276.47,1,1,1.0
16,7,1371.5,807.32,279.96000000000004,182.27999999999997,1,1,1.0
16,8,1748.8,754.2,327.39999999999986,204.39999999999998,1,1,1.0
16,9,1921.7,384.3,260.29999999999995,167.2,1,1,1.0
17,1,330.28,579.95,156.22000000000003,238.14999999999998,1,1,1.0
17,2,591.42,592.78,168.98000000000002,329.32000000000005,1,1,1.0
17,3,971.2,488.61,310.8299999999999,158.89,1,1,1.0
17,4,901.9,408.45,206.29000000000008,200.55,1,1,1.0
17,5,1259.5,109.74,335.25,219.26,1,1,1.0
17,6,1406.03,325.52,134.87000000000012,265.88,1,1,1.0
17,7,1371.5,807.32,279.96000000000004,182.27999999999997,1,1,1.0
17,8,1747.9,754.2,328.2999999999997,204.39999999999998,1,1,1.0
17,9,1921.7,384.3,260.29999999999995,167.2,1,1,1.0
18,1,330.28,579.95,158.42000000000002,244.25,1,1,1.0
18,2,548.92,625.3,211.48000000000002,293.80000000000007,1,1,1.0
18,3,987.1,483.1,323.43999999999994,155.57999999999993,1,1,1.0
18,4,901.9,409.31,209.30000000000007,197.58999999999997,1,1,1.0
18,5,1260.8,106.73,332.6600000000001,222.76999999999998,1,1,1.0
18,6,1403.02,325.95,137.8800000000001,284.75000000000006,1,1,1.0
18,7,1371.5,807.32,279.96000000000004,182.27999999999997,1,1,1.0
18,8,1738.9,754.2,337.2999999999997,204.39999999999998,1,1,1.0
18,9,1921.7,384.3,260.29999999999995,167.2,1,1,1.0
19,1,330.28,579.95,158.02000000000004,248.04999999999995,1,1,1.0
19,2,505.21,638.59,244.79000000000002,256.51,1,1,1.0
19,3,1082.78,508.16,314.1200000000001,140.63999999999993,1,1,1.0
19,4,901.0,409.3,208.9000000000001,195.90000000000003,1,1,1.0
19,5,1257.3,109.74,342.6100000000001,217.95999999999998,1,1,1.0
19,6,1413.3,335.41,144.70000000000005,295.29,1,1,1.0
19,7,1371.5,807.32,279.96000000000004,182.27999999999997,1,1,1.0
19,8,1742.5,754.2,333.6999999999998,204.39999999999998,1,1,1.0
19,9,1921.7,384.3,260.29999999999995,167.2,1,1,1.0
20,1,324.2,579.95,145.10000000000002,245.94999999999993,1,1,1.0
20,2,441.99,659.2,232.30999999999995,149.83999999999992,1,1,1.0
20,3,1102.76,506.01,294.53999999999996,151.28999999999996,1,1,1.0
20,4,901.4,406.7,207.69999999999993,201.09999999999997,1,1,1.0
20,5,1257.8,111.46,339.53,215.84000000000003,1,1,1.0
20,6,1406.0,358.6,132.9000000000001,314.5,1,1,1.0
20,7,1371.5,807.32,279.96000000000004,182.27999999999997,1,1,1.0
20,8,1749.7,754.2,326.4999999999998,204.39999999999998,1,1,1.0
20,9,1930.7,384.3,251.29999999999995,167.2,1,1,1.0
21,1,327.4,579.95,141.60000000000002,255.94999999999993,1,1,1.0
21,2,430.8,676.14,182.55,164.06000000000006,1,1,1.0
21,3,1146.55,506.87,249.04999999999995,154.52999999999997,1,1,1.0
21,4,903.2,408.88,206.71000000000004,200.62,1,1,1.0
21,5,1254.8,124.37,351.55999999999995,203.32999999999998,1,1,1.0
21,6,1431.3,317.47,132.43000000000006,269.3299999999999,1,1,1.0
21,7,1371.5,807.32,279.96000000000004,187.4799999999999,1,1,1.0
21,8,1739.8,754.2,336.39999999999986,204.39999999999998,1,1,1.0
21,9,1930.7,384.3,251.29999999999995,167.2,1,1,1.0
22,1,324.2,579.95,154.8,251.14999999999998,1,1,1.0
22,2,433.8,679.58,182.56,163.91999999999996,1,1,1.0
22,3,1161.99,508.86,264.1099999999999,152.53999999999996,1,1,1.0
22,4,902.3,408.02,207.18000000000006,200.58000000000004,1,1,1.0
22,5,1253.0,102.38,363.25,232.22000000000003,1,1,1.0
22,6,1430.8,316.95,135.51,253.15000000000003,1,1,1.0
22,7,1385.8,800.8,282.60000000000014,194.0,1,1,1.0
22,8,1747.9,754.2,328.2999999999997,204.39999999999998,1,1,1.0
22,9,1930.7,384.3,251.29999999999995,167.2,1,1,1.0
23,1,327.78,579.95,141.22000000000003,246.8499999999999,1,1,1.0
23,2,440.2,683.02,175.72999999999996,175.27999999999997,1,1,1.0
23,3,1180.05,534.71,281.75,135.99,1,1,1.0
23,4,902.3,408.45,210.62000000000012,199.75000000000006,1,1,1.0
23,5,1252.6,98.51,356.34000000000015,236.09000000000003,1,1,1.0
23,6,1428.9,312.31,139.48000000000002,254.69,1,1,1.0
23,7,1385.8,800.8,282.60000000000014,194.0,1,1,1.0
23,8,1753.3,754.2,322.89999999999986,204.39999999999998,1,1,1.0
23,9,1937.0,384.3,245.0,167.2,1,1,1.0
24,1,329.22,581.03,146.88,239.17000000000007,1,1,1.0
24,2,409.2,699.08,155.06,223.12,1,1,1.0
24,3,1184.35,536.0,273.25,139.79999999999995,1,1,1.0
24,4,902.7,402.9,206.79999999999995,207.0,1,1,1.0
24,5,1253.9,95.5,352.4599999999998,235.7,1,1,1.0
24,6,1423.3,314.89,143.01,263.51,1,1,1.0
24,7,1385.8,800.8,282.60000000000014,194.0,1,1,1.0
24,8,1746.1,754.2,330.0999999999999,204.39999999999998,1,1,1.0
24,9,1937.0,384.3,245.0,167.2,1,1,1.0
25,1,324.2,579.95,161.40000000000003,240.94999999999993,1,1,1.0
25,2,389.9,735.93,166.09000000000003,202.87,1,1,1.0
25,3,1181.77,539.87,270.6300000000001,136.33000000000004,1,1,1.0
25,4,901.9,408.02,206.7199999999999,198.48000000000002,1,1,1.0
25,5,1255.6,104.1,334.99,227.50000000000003,1,1,1.0
25,6,1423.8,316.95,138.3900000000001,272.95,1,1,1.0
25,7,1385.8,800.8,282.60000000000014,194.0,1,1,1.0
25,8,1740.7,754.2,335.4999999999998,204.39999999999998,1,1,1.0
25,9,1954.2,384.3,227.79999999999995,167.2,1,1,1.0
26,1,328.14,580.31,158.16000000000003,242.3900000000001,1,1,1.0
26,2,347.1,832.86,182.14,143.03999999999996,1,1,1.0
26,3,1187.79,538.15,260.71000000000004,137.25,1,1,1.0
26,4,899.7,409.74,209.3499999999999,198.46000000000004,1,1,1.0
26,5,1257.3,110.03,334.1500000000001,226.27,1,1,1.0
26,6,1424.8,320.05,136.87000000000012,276.24999999999994,1,1,1.0
26,7,1385.8,800.8,282.60000000000014,194.0,1,1,1.0
26,8,1740.7,754.2,335.4999999999998,204.39999999999998,1,1,1.0
26,9,1948.8,384.3,233.20000000000005,167.2,1,1,1.0
27,1,329.22,578.52,154.97999999999996,241.68000000000006,1,1,1.0
27,2,327.9,854.4,182.68,121.89999999999998,1,1,1.0
27,3,1186.07,543.74,266.73,135.46000000000004,1,1,1.0
27,4,902.3,409.74,206.75,197.96000000000004,1,1,1.0
27,5,1258.2,111.75,336.26,223.25,1,1,1.0
27,6,1419.8,321.6,143.93000000000006,283.1,1,1,1.0
27,7,1385.8,800.8,282.60000000000014,194.0,1,1,1.0
27,8,1740.7,754.2,335.4999999999998,204.39999999999998,1,1,1.0
27,9,1936.1,384.3,245.9000000000001,167.2,1,1,1.0
28,1,328.5,579.95,158.2,246.75,1,1,1.0
28,2,325.7,842.6,195.3,145.5,1,1,1.0
28,3,1187.36,542.88,263.24,134.22000000000003,1,1,1.0
28,4,903.2,409.31,207.13999999999987,197.98999999999995,1,1,1.0
28,5,1259.9,108.74,332.8399999999999,226.45999999999998,1,1,1.0
28,6,1418.8,323.66,147.51,287.23999999999995,1,1,1.0
28,7,1385.8,800.8,282.60000000000014,194.0,1,1,1.0
28,8,1740.7,754.2,335.4999999999998,204.39999999999998,1,1,1.0
28,9,1936.1,384.3,245.9000000000001,167.2,1,1,1.0
29,1,329.93,581.39,158.87,240.61,1,1,1.0
29,2,291.89,864.95,250.40999999999997,122.75,1,1,1.0
29,3,1185.2,526.74,258.78999999999996,146.05999999999995,1,1,1.0
29,4,903.2,409.74,206.27999999999997,197.55999999999995,1,1,1.0
29,5,1258.2,107.02,331.96000000000004,228.18,1,1,1.0
29,6,1425.5,321.08,140.80999999999995,279.92,1,1,1.0
29,7,1385.8,793.0,272.20000000000005,201.79999999999995,1,1,1.0
29,8,1740.7,754.2,335.4999999999998,204.39999999999998,1,1,1.0
29,9,1936.1,384.3,245.9000000000001,167.2,1,1,1.0
30,1,330.29,582.1,161.70999999999998,239.19999999999993,1,1,1.0
30,2,238.6,861.94,299.9,122.75999999999999,1,1,1.0
30,3,1183.1,519.0,261.32000000000016,153.29999999999995,1,1,1.0
30,4,903.2,409.31,206.71000000000004,198.89000000000004,1,1,1.0
30,5,1256.1,114.76,334.0600000000002,222.54000000000002,1,1,1.0
30,6,1421.9,323.14,143.89999999999986,278.46000000000004,1,1,1.0
30,7,1385.8,793.0,267.0,201.79999999999995,1,1,1.0
30,8,1729.8,754.2,346.39999999999986,204.39999999999998,1,1,1.0
30,9,1936.1,384.3,245.9000000000001,167.2,1,1,1.0
31,1,332.08,579.24,165.22000000000003,243.46000000000004,1,1,1.0
31,2,238.6,858.07,298.6,126.2299999999999,1,1,1.0
31,3,1177.9,533.94,285.3599999999999,142.65999999999997,1,1,1.0
31,4,901.9,410.17,207.14999999999998,196.72999999999996,1,1,1.0
31,5,1252.2,112.18,334.52,220.42000000000002,1,1,1.0
31,6,1420.8,321.6,144.48000000000002,289.29999999999995,1,1,1.0
31,7,1385.8,793.0,265.70000000000005,201.79999999999995,1,1,1.0
31,8,1729.8,754.2,346.39999999999986,204.39999999999998,1,1,1.0
31,9,1936.1,384.3,245.9000000000001,167.2,1,1,1.0
32,1,333.52,584.25,163.48000000000002,236.64999999999998,1,1,1.0
32,2,236.02,859.36,297.68000000000006,124.93999999999994,1,1,1.0
32,3,1184.4,535.66,282.29999999999995,137.54000000000008,1,1,1.0
32,4,903.6,410.17,204.59000000000003,197.53000000000003,1,1,1.0
32,5,1256.5,142.29,355.02,184.71,1,1,1.0
32,6,1425.0,315.92,141.16000000000008,274.28000000000003,1,1,1.0
32,7,1379.3,796.9,267.0,197.89999999999998,1,1,1.0
32,8,1766.0,754.2,310.1999999999998,204.39999999999998,1,1,1.0
32,9,1936.1,384.3,245.9000000000001,167.2,1,1,1.0
33,1,332.08,582.1,163.52000000000004,244.10000000000002,1,1,1.0
33,2,254.41,858.93,280.59000000000003,125.37,1,1,1.0
33,3,1175.51,534.37,299.5899999999999,141.92999999999995,1,1,1.0
33,4,902.3,406.73,206.75,200.97000000000003,1,1,1.0
33,5,1256.5,142.82,366.05999999999995,185.48000000000002,1,1,1.0
33,6,1420.8,311.79,145.87000000000012,271.71,1,1,1.0
33,7,1379.3,799.5,264.4000000000001,188.79999999999995,1,1,1.0
33,8,1766.0,754.2,310.1999999999998,204.39999999999998,1,1,1.0
33,9,1936.1,384.3,245.9000000000001,167.2,1,1,1.0
34,1,333.52,583.54,164.58000000000004,248.76,1,1,1.0
34,2,284.23,857.21,245.16999999999996,128.28999999999996,1,1,1.0
34,3,1180.24,536.09,295.26,140.20999999999992,1,1,1.0
34,4,902.3,409.31,206.75,197.98999999999995,1,1,1.0
34,5,1259.9,145.83,354.05999999999995,181.17,1,1,1.0
34,6,1422.9,310.76,145.83999999999992,253.53999999999996,1,1,1.0
34,7,1379.3,799.5,267.0,188.79999999999995,1,1,1.0
34,8,1766.0,754.2,310.1999999999998,204.39999999999998,1,1,1.0
34,9,1936.1,384.3,245.9000000000001,167.2,1,1,1.0
35,1,333.52,582.1,162.48000000000002,246.29999999999995,1,1,1.0
35,2,272.78,863.66,263.12,121.44000000000005,1,1,1.0
35,3,1202.92,539.1,246.98000000000002,139.0,1,1,1.0
35,4,902.7,410.6,207.21000000000004,195.39999999999998,1,1,1.0
35,5,1254.3,146.69,352.78,179.41000000000003,1,1,1.0
35,6,1425.0,313.85,142.71000000000004,253.04999999999995,1,1,1.0
35,7,1379.3,799.5,267.0,188.79999999999995,1,1,1.0
35,8,1776.9,754.2,301.1100000000001,211.5999999999999,1,1,1.0
35,9,1936.1,384.3,257.7000000000003,167.2,1,1,1.0
36,1,332.8,583.18,160.3,248.12,1,1,1.0
36,2,258.46,862.8,273.94,121.5,1,1,1.0
36,3,1201.63,540.39,241.8699999999999,142.0,1,1,1.0
36,4,904.5,409.31,206.26999999999998,199.29000000000002,1,1,1.0
36,5,1254.3,135.51,366.1100000000001,191.49,1,1,1.0
36,6,1426.0,316.44,141.19000000000005,253.06,1,1,1.0
36,7,1379.3,799.5,268.29999999999995,188.79999999999995,1,1,1.0
36,8,1776.9,754.2,292.0999999999999,211.5999999999999,1,1,1.0
36,9,1929.8,374.4,264.0000000000002,202.39999999999998,1,1,1.0
37,1,331.73,583.54,152.37,243.76,1,1,1.0
37,2,256.96,858.93,278.94,124.47000000000003,1,1,1.0
37,3,1191.3,539.1,257.33000000000015,146.0,1,1,1.0
37,4,902.3,408.88,208.03999999999996,199.32000000000005,1,1,1.0
37,5,1257.8,110.27,326.43000000000006,220.13,1,1,1.0
37,6,1423.4,313.34,142.76,264.96,1,1,1.0
37,7,1379.3,799.5,265.70000000000005,188.79999999999995,1,1,1.0
37,8,1776.9,754.2,292.0999999999999,211.5999999999999,1,1,1.0
37,9,1927.1,374.4,266.7000000000003,172.60000000000002,1,1,1.0
38,1,332.08,587.84,154.92000000000002,242.76,1,1,1.0
38,2,273.9,861.08,266.70000000000005,121.01999999999998,1,1,1.0
38,3,1194.8,533.08,262.0,151.7199999999999,1,1,1.0
38,4,902.7,409.31,204.62999999999988,197.58999999999997,1,1,1.0
38,5,1253.5,134.98,326.0,200.22,1,1,1.0
38,6,1423.2,318.84,142.44000000000005,263.86000000000007,1,1,1.0
38,7,1379.3,799.5,264.4000000000001,188.79999999999995,1,1,1.0
38,8,1776.9,754.2,292.0999999999999,211.5999999999999,1,1,1.0
38,9,1936.1,385.2,257.7000000000003,161.8,1,1,1.0
39,1,330.29,581.39,158.51,247.71000000000004,1,1,1.0
39,2,281.83,865.81,264.37000000000006,119.29000000000008,1,1,1.0
39,3,1205.07,539.96,239.23000000000002,145.33999999999992,1,1,1.0
39,4,901.4,411.03,203.7800000000001,196.26999999999998,1,1,1.0
39,5,1258.2,127.24,322.15999999999985,211.36,1,1,1.0
39,6,1414.8,315.06,150.31999999999994,266.94,1,1,1.0
39,7,1379.3,799.5,261.79999999999995,188.79999999999995,1,1,1.0
39,8,1776.9,754.2,256.79999999999995,211.5999999999999,1,1,1.0
39,9,1936.1,385.2,245.9000000000001,161.8,1,1,1.0
40,1,331.0,579.95,158.5,248.04999999999995,1,1,1.0
40,2,271.94,865.81,276.35999999999996,120.99000000000001,1,1,1.0
40,3,1206.79,538.67,249.11000000000013,143.13,1,1,1.0
40,4,903.6,408.45,206.7399999999999,198.45,1,1,1.0
40,5,1266.4,127.67,313.53,210.02999999999997,1,1,1.0
40,6,1415.6,313.34,148.49,295.86000000000007,1,1,1.0
40,7,1379.3,799.5,269.60000000000014,188.79999999999995,1,1,1.0
40,8,1776.9,754.2,256.79999999999995,211.5999999999999,1,1,1.0
40,9,1936.1,401.5,245.9000000000001,158.20000000000005,1,1,1.0
41,1,331.01,579.95,159.19,251.64999999999998,1,1,1.0
41,2,263.94,863.66,285.66,121.84000000000003,1,1,1.0
41,3,1206.79,536.95,237.51,146.54999999999995,1,1,1.0
41,4,901.4,407.16,205.07000000000005,199.73999999999995,1,1,1.0
41,5,1266.4,130.25,315.67999999999984,207.95,1,1,1.0
41,6,1419.8,314.89,143.76999999999998,259.40999999999997,1,1,1.0
41,7,1379.3,799.5,260.5,188.79999999999995,1,1,1.0
41,8,1776.9,754.2,247.79999999999995,211.5999999999999,1,1,1.0
41,9,1936.1,401.5,245.9000000000001,158.20000000000005,1,1,1.0
42,1,332.8,582.1,153.39999999999998,256.79999999999995,1,1,1.0
42,2,323.87,869.2,236.42999999999995,132.29999999999995,1,1,1.0
42,3,1202.92,536.52,243.98000000000002,144.88,1,1,1.0
42,4,901.4,408.88,205.5000000000001,203.12,1,1,1.0
42,5,1242.8,106.59,336.70000000000005,231.60999999999999,1,1,1.0
42,6,1417.3,307.15,146.78999999999996,295.65,1,1,1.0
42,7,1379.3,799.5,256.5,188.79999999999995,1,1,1.0
42,8,1776.9,754.2,243.29999999999995,211.5999999999999,1,1,1.0
42,9,1924.3,401.5,257.70000000000005,176.29999999999995,1,1,1.0
43,1,333.88,581.74,148.32,252.46000000000004,1,1,1.0
43,2,354.83,855.92,228.57,145.98000000000002,1,1,1.0
43,3,1199.48,537.81,240.51999999999998,144.8900000000001,1,1,1.0
43,4,903.2,411.46,205.8499999999999,197.14000000000004,1,1,1.0
43,5,1240.2,103.58,340.5899999999999,229.02000000000004,1,1,1.0
43,6,1419.3,311.27,152.37000000000012,312.73,1,1,1.0
43,7,1379.3,799.5,263.10000000000014,188.79999999999995,1,1,1.0
43,8,1776.9,754.2,243.29999999999995,208.0,1,1,1.0
43,9,1965.0,387.0,217.0,190.79999999999995,1,1,1.0
44,1,329.22,581.39,152.27999999999997,253.90999999999997,1,1,1.0
44,2,359.13,844.76,217.47000000000003,170.03999999999996,1,1,1.0
44,3,1199.48,538.67,257.31999999999994,147.83000000000004,1,1,1.0
44,4,902.7,408.45,206.3499999999999,200.55,1,1,1.0
44,5,1242.8,103.15,342.72,230.74999999999997,1,1,1.0
44,6,1429.6,307.66,146.20000000000005,306.84,1,1,1.0
44,7,1379.3,799.5,263.10000000000014,188.79999999999995,1,1,1.0
44,8,1776.9,754.2,246.89999999999986,208.0,1,1,1.0
44,9,1974.9,372.5,200.79999999999973,216.20000000000005,1,1,1.0
45,1,333.88,582.1,153.32,257.9,1,1,1.0
45,2,371.48,831.86,201.41999999999996,183.84000000000003,1,1,1.0
45,3,1236.19,546.6,248.90999999999985,153.60000000000002,1,1,1.0
45,4,902.3,408.45,207.18000000000006,200.15000000000003,1,1,1.0
45,5,1255.9,119.64,325.31999999999994,212.16000000000003,1,1,1.0
45,6,1421.9,309.73,151.31999999999994,314.06999999999994,1,1,1.0
45,7,1379.3,799.5,263.10000000000014,188.79999999999995,1,1,1.0
45,8,1776.9,754.2,246.89999999999986,208.0,1,1,1.0
45,9,2021.0,343.6,176.4000000000001,302.1,1,1,1.0
46,1,324.2,579.95,165.90000000000003,260.3499999999999,1,1,1.0
46,2,371.91,843.47,200.19,169.63,1,1,1.0
46,3,1251.47,548.48,223.52999999999997,191.22000000000003,1,1,1.0
46,4,901.0,408.45,208.91000000000008,198.84999999999997,1,1,1.0
46,5,1275.3,136.08,304.20000000000005,203.02,1,1,1.0
46,6,1429.1,310.76,144.12000000000012,307.94000000000005,1,1,1.0
46,7,1379.3,806.0,263.10000000000014,182.29999999999995,1,1,1.0
46,8,1776.9,754.2,246.89999999999986,208.0,1,1,1.0
46,9,2021.0,343.6,172.80000000000018,340.1,1,1,1.0
47,1,330.3,579.95,156.89999999999998,247.8499999999999,1,1,1.0
47,2,372.77,837.88,197.13,180.01999999999998,1,1,1.0
47,3,1256.87,536.04,215.5300000000002,210.86,1,1,1.0
47,4,901.4,406.73,207.2199999999999,201.87,1,1,1.0
47,5,1287.4,136.08,292.0999999999999,203.02,1,1,1.0
47,6,1409.5,301.47,167.8499999999999,266.13,1,1,1.0
47,7,1379.3,806.0,263.10000000000014,182.29999999999995,1,1,1.0
47,8,1776.9,754.2,246.89999999999986,208.0,1,1,1.0
47,9,2044.51,400.57,141.18999999999983,322.93,1,1,1.0
48,1,329.22,583.18,158.38,241.72000000000003,1,1,1.0
48,2,373.2,835.3,196.3,180.4000000000001,1,1,1.0
48,3,1254.72,534.75,226.77999999999997,183.14999999999998,1,1,1.0
48,4,901.9,410.6,208.0100000000001,197.10000000000002,1,1,1.0
48,5,1298.1,134.36,282.26,201.74,1,1,1.0
48,6,1428.6,303.53,147.20000000000005,303.47,1,1,1.0
48,7,1379.3,806.0,263.10000000000014,182.29999999999995,1,1,1.0
48,8,1776.9,754.2,246.89999999999986,208.0,1,1,1.0
48,9,2044.51,400.57,141.18999999999983,322.93,1,1,1.0
49,1,328.14,578.88,160.56,248.51999999999998,1,1,1.0
49,2,372.34,834.87,190.76000000000005,183.42999999999995,1,1,1.0
49,3,1247.33,551.06,256.27,158.54000000000008,1,1,1.0
49,4,901.4,407.16,207.2199999999999,199.73999999999995,1,1,1.0
49,5,1286.9,135.65,291.74,201.74999999999997,1,1,1.0
49,6,1424.5,300.95,153.3699999999999,303.45,1,1,1.0
49,7,1379.3,806.0,263.10000000000014,182.29999999999995,1,1,1.0
49,8,1776.9,748.8,246.89999999999986,213.4000000000001,1,1,1.0
49,9,2044.51,400.57,153.8900000000001,340.13000000000005,1,1,1.0
50,1,328.86,579.24,157.64,245.65999999999997,1,1,1.0
50,2,369.13,829.74,190.87,183.36,1,1,1.0
50,3,1244.47,550.2,236.43000000000006,168.0,1,1,1.0
50,4,901.4,408.02,209.80000000000007,200.58000000000004,1,1,1.0
50,5,1289.5,136.94,290.43000000000006,198.26,1,1,1.0
50,6,1424.0,302.5,148.19000000000005,294.70000000000005,1,1,1.0
50,7,1379.3,806.0,263.10000000000014,182.29999999999995,1,1,1.0
50,8,1776.9,739.7,261.39999999999986,222.5,1,1,1.0
50,9,2044.51,395.1,162.8900000000001,367.29999999999995,1,1,1.0
51,1,327.4,579.95,150.90000000000003,233.04999999999995,1,1,1.0
51,2,381.0,741.9,162.70000000000005,267.6,1,1,1.0
51,3,1241.46,549.77,234.74,174.83000000000004,1,1,1.0
51,4,900.6,408.88,209.7399999999999,200.62,1,1,1.0
51,5,1263.2,125.9,323.6099999999999,209.70000000000002,1,1,1.0
51,6,1419.7,296.96,152.87999999999988,302.94,1,1,1.0
51,7,1379.3,806.0,263.10000000000014,182.29999999999995,1,1,1.0
51,8,1776.9,739.7,266.79999999999995,222.5,1,1,1.0
51,9,2049.9,395.1,157.5,327.5,1,1,1.0
52,1,324.2,579.95,156.2,234.8499999999999,1,1,1.0
52,2,441.8,656.86,199.75999999999993,266.93999999999994,1,1,1.0
52,3,1243.18,550.2,230.01999999999998,172.29999999999995,1,1,1.0
52,4,901.4,408.45,210.65999999999997,197.15000000000003,1,1,1.0
52,5,1239.37,142.97,365.60000000000014,190.9,1,1,1.0
52,6,1417.1,298.46,154.96000000000004,319.74000000000007,1,1,1.0
52,7,1379.3,806.0,263.10000000000014,182.29999999999995,1,1,1.0
52,8,1776.9,739.7,271.2999999999997,222.5,1,1,1.0
52,9,2049.9,395.1,146.5999999999999,354.6,1,1,1.0
53,1,320.3,579.95,157.59999999999997,252.75,1,1,1.0
53,2,470.88,610.92,405.02,298.7800000000001,1,1,1.0
53,3,1246.62,548.05,234.8800000000001,195.55000000000007,1,1,1.0
53,4,903.2,406.73,205.41999999999985,198.87,1,1,1.0
53,5,1249.3,148.56,368.9100000000001,184.44,1,1,1.0
53,6,1419.2,292.27,151.30999999999995,318.63,1,1,1.0
53,7,1379.3,806.0,263.10000000000014,182.29999999999995,1,1,1.0
53,8,1776.9,733.4,271.2999999999997,228.80000000000007,1,1,1.0
53,9,2049.9,395.1,146.5999999999999,368.19999999999993,1,1,1.0
54,1,311.4,582.8,173.70000000000005,282.80000000000007,1,1,1.0
54,2,615.0,578.37,297.0,158.52999999999997,1,1,1.0
54,3,1313.87,543.9,246.6300000000001,185.20000000000005,1,1,1.0
54,4,907.5,412.75,206.27999999999997,190.25,1,1,1.0
54,5,1254.9,148.13,370.28999999999996,181.47000000000003,1,1,1.0
54,6,1426.4,293.82,144.62999999999988,275.18,1,1,1.0
54,7,1379.3,806.0,263.10000000000014,182.29999999999995,1,1,1.0
54,8,1776.9,733.4,279.4000000000001,228.80000000000007,1,1,1.0
54,9,2049.9,395.1,146.5999999999999,337.5,1,1,1.0
55,1,327.2,579.95,162.90000000000003,297.8499999999999,1,1,1.0
55,2,638.5,581.81,291.12,143.09000000000003,1,1,1.0
55,3,1348.43,515.47,195.8699999999999,251.92999999999995,1,1,1.0
55,4,893.9,414.04,218.15999999999997,187.75999999999993,1,1,1.0
55,5,1254.4,142.82,381.53999999999996,184.18,1,1,1.0
55,6,1424.9,286.59,148.7099999999998,277.71,1,1,1.0
55,7,1379.3,806.0,263.10000000000014,182.29999999999995,1,1,1.0
55,8,1776.9,756.0,286.5999999999999,206.20000000000005,1,1,1.0
55,9,2040.9,412.3,155.5999999999999,315.8,1,1,1.0
56,1,334.4,579.2,155.70000000000005,296.4,1,1,1.0
56,2,645.4,565.08,277.78,147.7199999999999,1,1,1.0
56,3,1350.15,511.17,178.75,229.43,1,1,1.0
56,4,887.9,417.48,227.16999999999996,184.81999999999994,1,1,1.0
56,5,1273.97,131.21,381.6299999999999,186.39000000000001,1,1,1.0
56,6,1422.3,282.98,152.34000000000015,280.31999999999994,1,1,1.0
56,7,1363.7,806.0,278.70000000000005,182.29999999999995,1,1,1.0
56,8,1776.9,756.0,286.5999999999999,206.20000000000005,1,1,1.0
56,9,2040.9,412.3,155.5999999999999,315.8,1,1,1.0
57,1,328.6,579.95,161.5,295.3499999999999,1,1,1.0
57,2,654.4,557.87,276.52,153.23000000000002,1,1,1.0
57,3,1355.74,512.46,173.55999999999995,226.43999999999994,1,1,1.0
57,4,888.7,414.47,223.78999999999996,187.32999999999993,1,1,1.0
57,5,1292.2,125.9,347.0999999999999,183.79999999999998,1,1,1.0
57,6,1429.0,289.69,145.1300000000001,284.41,1,1,1.0
57,7,1374.1,806.0,268.3000000000002,182.29999999999995,1,1,1.0
57,8,1776.9,756.0,291.0999999999999,206.20000000000005,1,1,1.0
57,9,2040.9,412.3,155.5999999999999,323.90000000000003,1,1,1.0
58,1,330.4,575.4,158.3,262.20000000000005,1,1,1.0
58,2,652.7,531.55,264.89,181.75,1,1,1.0
58,3,1351.01,506.87,179.19000000000005,268.23,1,1,1.0
58,4,883.6,413.18,228.45999999999992,189.92000000000002,1,1,1.0
58,5,1298.49,117.01,335.21000000000004,180.29000000000002,1,1,1.0
58,6,1419.7,286.75,151.32999999999993,298.95000000000005,1,1,1.0
58,7,1361.1,806.0,281.3000000000002,182.29999999999995,1,1,1.0
58,8,1776.9,756.0,291.0999999999999,206.20000000000005,1,1,1.0
58,9,2040.9,412.3,155.5999999999999,299.49999999999994,1,1,1.0
59,1,328.6,577.5,161.5,259.0,1,1,1.0
59,2,653.6,526.41,256.7099999999999,187.69000000000005,1,1,1.0
59,3,1361.33,503.54,165.87000000000012,255.16000000000003,1,1,1.0
59,4,877.2,415.76,235.28999999999996,188.64,1,1,1.0
59,5,1286.88,114.0,386.91999999999985,180.7,1,1,1.0
59,6,1424.3,295.01,142.09000000000015,276.39,1,1,1.0
59,7,1371.5,806.0,270.9000000000001,182.29999999999995,1,1,1.0
59,8,1776.9,756.9,291.0999999999999,205.30000000000007,1,1,1.0
59,9,2040.9,412.3,155.5999999999999,299.49999999999994,1,1,1.0
60,1,327.2,575.4,162.90000000000003,261.1,1,1,1.0
60,2,678.0,525.4,240.63,216.0,1,1,1.0
60,3,1369.93,496.66,156.76999999999998,258.54,1,1,1.0
60,4,862.4,413.61,248.80000000000007,192.99,1,1,1.0
60,5,1258.48,113.6,414.52,185.29999999999998,1,1,1.0
60,6,1423.8,296.55,142.59000000000015,273.34999999999997,1,1,1.0
60,7,1361.1,806.0,281.3000000000002,182.29999999999995,1,1,1.0
60,8,1776.9,761.4,291.0999999999999,200.80000000000007,1,1,1.0
60,9,2040.9,412.3,155.5999999999999,299.49999999999994,1,1,1.0
61,1,327.2,578.6,162.90000000000003,260.79999999999995,1,1,1.0
61,2,682.3,541.87,243.41000000000008,193.92999999999995,1,1,1.0
61,3,1366.92,495.18,158.48000000000002,256.61999999999995,1,1,1.0
61,4,858.4,413.61,253.23000000000013,188.68999999999994,1,1,1.0
61,5,1255.42,123.75,408.78,195.45,1,1,1.0
61,6,1423.3,313.58,143.60000000000014,269.21999999999997,1,1,1.0
61,7,1368.9,806.0,273.5,182.29999999999995,1,1,1.0
61,8,1776.9,754.2,291.0999999999999,208.0,1,1,1.0
61,9,2040.9,412.3,155.5999999999999,304.90000000000003,1,1,1.0
62,1,325.0,576.8,165.10000000000002,258.70000000000005,1,1,1.0
62,2,686.4,535.85,235.59000000000003,193.75,1,1,1.0
62,3,1366.49,496.47,155.51,259.63,1,1,1.0
62,4,855.8,412.75,255.83000000000015,187.35000000000002,1,1,1.0
62,5,1274.83,111.1,351.47,192.00000000000003,1,1,1.0
62,6,1423.7,294.49,150.94000000000005,325.21000000000004,1,1,1.0
62,7,1368.9,806.0,273.5,182.29999999999995,1,1,1.0
62,8,1776.9,747.9,291.0999999999999,214.30000000000007,1,1,1.0
62,9,2040.9,412.3,155.5999999999999,294.99999999999994,1,1,1.0
63,1,328.63,577.55,162.89999999999998,252.85000000000002,1,1,1.0
63,2,685.5,537.14,236.12,194.15999999999997,1,1,1.0
63,3,1360.04,499.05,164.55999999999995,248.84999999999997,1,1,1.0
63,4,853.2,413.61,258.0,187.78999999999996,1,1,1.0
63,5,1269.14,105.54,386.4599999999998,197.26,1,1,1.0
63,6,1425.7,289.33,149.98000000000002,326.96999999999997,1,1,1.0
63,7,1368.9,806.0,273.5,182.29999999999995,1,1,1.0
63,8,1776.9,747.9,291.0999999999999,214.30000000000007,1,1,1.0
63,9,2040.9,412.3,155.5999999999999,287.8,1,1,1.0
64,1,327.2,575.4,160.0,246.10000000000002,1,1,1.0
64,2,688.5,550.46,233.52999999999997,179.14,1,1,1.0
64,3,1354.45,502.49,169.75,239.80999999999995,1,1,1.0
64,4,846.5,414.47,264.27,188.63,1,1,1.0
64,5,1249.88,111.56,428.52,190.33999999999997,1,1,1.0
64,6,1425.2,291.91,148.40999999999985,331.09,1,1,1.0
64,7,1368.9,800.8,273.5,191.4000000000001,1,1,1.0
64,8,1776.9,747.9,291.0999999999999,214.30000000000007,1,1,1.0
64,9,2040.9,412.3,155.5999999999999,287.8,1,1,1.0
65,1,327.92,579.7,152.18,249.69999999999993,1,1,1.0
65,2,686.8,545.72,234.01,183.88,1,1,1.0
65,3,1353.16,504.64,174.03999999999996,244.56000000000006,1,1,1.0
65,4,842.2,412.75,267.28,190.35000000000002,1,1,1.0
65,5,1254.61,116.72,435.49,184.38000000000002,1,1,1.0
65,6,1429.3,296.04,152.92000000000007,266.35999999999996,1,1,1.0
65,7,1368.9,800.8,273.5,191.4000000000001,1,1,1.0
65,8,1776.9,747.9,291.0999999999999,214.30000000000007,1,1,1.0
65,9,2040.9,412.3,155.5999999999999,304.99999999999994,1,1,1.0
66,1,327.92,579.34,156.77999999999997,255.36,1,1,1.0
66,2,686.8,538.41,238.31000000000006,191.59000000000003,1,1,1.0
66,3,1360.47,498.19,176.73000000000002,254.41000000000003,1,1,1.0
66,4,875.8,413.18,237.98000000000002,189.52000000000004,1,1,1.0
66,5,1257.19,113.71,419.90999999999985,177.49,1,1,1.0
66,6,1428.9,308.42,164.99,262.08,1,1,1.0
66,7,1368.9,800.8,273.5,191.4000000000001,1,1,1.0
66,8,1776.9,747.9,291.0999999999999,214.30000000000007,1,1,1.0
66,9,2040.9,412.3,155.5999999999999,310.40000000000003,1,1,1.0
67,1,330.07,575.76,156.82999999999998,256.84000000000003,1,1,1.0
67,2,685.9,537.12,239.64,187.27999999999997,1,1,1.0
67,3,1345.93,468.12,159.97000000000003,281.08000000000004,1,1,1.0
67,4,890.0,414.47,222.92000000000007,186.92999999999995,1,1,1.0
67,5,1260.2,114.57,406.20000000000005,186.53000000000003,1,1,1.0
67,6,1462.2,318.83,144.90999999999985,265.67,1,1,1.0
67,7,1368.9,800.8,273.5,191.4000000000001,1,1,1.0
67,8,1776.9,747.9,291.0999999999999,214.30000000000007,1,1,1.0
67,9,2049.0,420.4,147.5,302.30000000000007,1,1,1.0
68,1,328.28,580.42,155.02000000000004,249.2800000000001,1,1,1.0
68,2,684.2,548.3,242.63,180.9000000000001,1,1,1.0
68,3,1274.2,471.72,220.54999999999995,253.38,1,1,1.0
68,4,898.1,414.9,212.66999999999996,188.20000000000005,1,1,1.0
68,5,1268.8,72.51,379.96000000000004,234.19,1,1,1.0
68,6,1470.5,313.67,156.51999999999998,290.72999999999996,1,1,1.0
68,7,1368.9,800.8,273.5,191.4000000000001,1,1,1.0
68,8,1776.9,747.9,291.0999999999999,214.30000000000007,1,1,1.0
68,9,2055.3,420.4,141.19999999999982,309.5,1,1,1.0
69,1,328.99,580.42,152.51,241.88,1,1,1.0
69,2,671.7,544.0,255.13,166.20000000000005,1,1,1.0
69,3,1167.49,492.95,308.71000000000004,175.34999999999997,1,1,1.0
69,4,897.3,415.33,214.76,188.27000000000004,1,1,1.0
69,5,1260.6,95.26,416.83000000000015,208.44,1,1,1.0
69,6,1462.74,328.64,164.55999999999995,265.76,1,1,1.0
69,7,1368.9,800.8,273.5,191.4000000000001,1,1,1.0
69,8,1776.9,747.9,291.0999999999999,214.30000000000007,1,1,1.0
69,9,2055.3,420.4,141.19999999999982,309.5,1,1,1.0
70,1,330.07,578.98,150.03000000000003,246.91999999999996,1,1,1.0
70,2,652.18,571.14,294.9200000000001,182.76,1,1,1.0
70,3,1127.58,491.23,328.82000000000016,183.37,1,1,1.0
70,4,892.1,412.32,217.81000000000006,193.88000000000005,1,1,1.0
70,5,1261.5,103.0,431.9000000000001,195.89999999999998,1,1,1.0
70,6,1443.12,319.86,172.7800000000002,281.74,1,1,1.0
70,7,1368.9,800.8,273.5,191.4000000000001,1,1,1.0
70,8,1776.9,757.8,291.0999999999999,204.4000000000001,1,1,1.0
70,9,2046.3,420.4,150.20000000000005,294.1,1,1,1.0
71,1,328.99,579.34,154.31,246.86,1,1,1.0
71,2,793.02,581.04,194.58000000000004,263.6600000000001,1,1,1.0
71,3,1142.91,446.07,306.28999999999996,220.13000000000005,1,1,1.0
71,4,873.1,415.41,238.4699999999999,202.08999999999997,1,1,1.0
71,5,1263.21,99.56,408.99,194.04000000000002,1,1,1.0
71,6,1467.8,290.88,142.97000000000003,305.62,1,1,1.0
71,7,1368.9,800.8,273.5,191.4000000000001,1,1,1.0
71,8,1776.9,757.8,278.4000000000001,204.4000000000001,1,1,1.0
71,9,2052.6,420.4,143.9000000000001,302.20000000000005,1,1,1.0
72,1,327.92,581.49,157.47999999999996,244.01,1,1,1.0
72,2,856.35,558.66,136.75,308.34000000000003,1,1,1.0
72,3,1084.15,355.43,237.54999999999995,262.17,1,1,1.0
72,4,896.3,420.14,196.77999999999997,203.46000000000004,1,1,1.0
72,5,1268.8,98.7,387.10000000000014,195.2,1,1,1.0
72,6,1445.3,295.52,166.44000000000005,306.68000000000006,1,1,1.0
72,7,1368.9,800.8,273.5,191.4000000000001,1,1,1.0
72,8,1776.9,757.8,278.4000000000001,204.4000000000001,1,1,1.0
72,9,2052.6,420.4,143.9000000000001,314.9,1,1,1.0
73,1,325.41,573.97,152.48999999999995,246.82999999999993,1,1,1.0
73,2,842.59,594.21,147.01,295.18999999999994,1,1,1.0
73,3,1077.34,334.16,209.86000000000013,214.44,1,1,1.0
73,4,894.1,418.85,205.86,225.75,1,1,1.0
73,5,1267.51,101.28,387.78999999999996,200.82000000000002,1,1,1.0
73,6,1406.5,343.41,170.46000000000004,277.38999999999993,1,1,1.0
73,7,1368.9,800.8,273.5,191.4000000000001,1,1,1.0
73,8,1776.9,757.8,278.4000000000001,204.4000000000001,1,1,1.0
73,9,2052.6,420.4,143.9000000000001,314.9,1,1,1.0
74,1,329.35,575.4,157.14999999999998,251.20000000000005,1,1,1.0
74,2,846.46,598.51,142.74,305.78999999999996,1,1,1.0
74,3,1075.19,327.47,207.40999999999985,215.73000000000002,1,1,1.0
74,4,901.9,421.86,207.94999999999993,192.84000000000003,1,1,1.0
74,5,1267.66,106.01,370.4399999999998,198.19,1,1,1.0
74,6,1412.2,357.44,159.8699999999999,280.76000000000005,1,1,1.0
74,7,1368.9,800.8,273.5,191.4000000000001,1,1,1.0
74,8,1776.9,757.8,278.4000000000001,204.4000000000001,1,1,1.0
74,9,2052.6,420.4,143.9000000000001,314.9,1,1,1.0
75,1,327.2,579.7,159.3,244.39999999999998,1,1,1.0
75,2,822.13,631.46,217.4699999999999,276.93999999999994,1,1,1.0
75,3,1064.72,320.68,226.87999999999988,207.21999999999997,1,1,1.0
75,4,899.7,419.71,214.45000000000005,189.79000000000002,1,1,1.0
75,5,1267.66,103.43,374.3399999999999,201.26999999999998,1,1,1.0
75,6,1403.7,356.92,164.24,268.58,1,1,1.0
75,7,1368.9,800.8,273.5,191.4000000000001,1,1,1.0
75,8,1776.9,757.8,278.4000000000001,204.4000000000001,1,1,1.0
75,9,2052.6,420.4,143.9000000000001,314.9,1,1,1.0
76,1,327.2,580.77,158.60000000000002,241.13,1,1,1.0
76,2,810.05,645.65,206.05000000000007,261.35,1,1,1.0
76,3,994.77,301.72,274.1300000000001,170.97999999999996,1,1,1.0
76,4,900.6,426.16,207.5300000000001,181.23999999999995,1,1,1.0
76,5,1260.35,80.25,414.0500000000002,227.45,1,1,1.0
76,6,1417.7,354.34,155.91999999999985,264.66,1,1,1.0
76,7,1368.9,800.8,273.5,210.9000000000001,1,1,1.0
76,8,1776.9,757.8,278.4000000000001,211.60000000000002,1,1,1.0
76,9,2052.6,420.4,143.9000000000001,336.6,1,1,1.0
77,1,328.63,575.76,157.57,255.14,1,1,1.0
77,2,771.2,662.8,277.79999999999995,215.4000000000001,1,1,1.0
77,3,915.32,293.27,333.77999999999986,145.03000000000003,1,1,1.0
77,4,901.9,429.6,205.37,182.89999999999998,1,1,1.0
77,5,1265.51,106.25,413.69000000000005,217.85000000000002,1,1,1.0
77,6,1415.2,355.89,161.0,266.21000000000004,1,1,1.0
77,7,1353.3,800.8,289.10000000000014,190.10000000000002,1,1,1.0
77,8,1776.9,757.8,278.4000000000001,211.60000000000002,1,1,1.0
77,9,2057.12,435.77,153.8800000000001,380.93000000000006,1,1,1.0
78,1,328.99,578.98,152.90999999999997,251.12,1,1,1.0
78,2,770.34,671.4,303.36,199.30000000000007,1,1,1.0
78,3,776.25,288.74,305.75,200.56,1,1,1.0
78,4,900.6,412.4,211.83000000000004,197.10000000000002,1,1,1.0
78,5,1267.66,112.27,409.74,212.63,1,1,1.0
78,6,1416.5,352.79,163.16000000000008,263.50999999999993,1,1,1.0
78,7,1353.3,800.8,289.10000000000014,190.10000000000002,1,1,1.0
78,8,1776.9,757.8,278.4000000000001,211.60000000000002,1,1,1.0
78,9,2057.12,477.4,153.8800000000001,367.30000000000007,1,1,1.0
79,1,327.2,578.98,152.10000000000002,248.62,1,1,1.0
79,2,765.9,679.1,314.69999999999993,202.69999999999993,1,1,1.0
79,3,494.0,549.59,174.37,240.01,1,1,1.0
79,4,901.0,411.97,208.42000000000007,197.13,1,1,1.0
79,5,1262.5,114.0,419.20000000000005,218.2,1,1,1.0
79,6,1419.5,347.63,154.6300000000001,259.07000000000005,1,1,1.0
79,7,1367.6,800.8,274.8000000000002,190.10000000000002,1,1,1.0
79,8,1776.9,757.8,278.4000000000001,211.60000000000002,1,1,1.0
79,9,2057.12,499.1,153.8800000000001,351.0,1,1,1.0
80,1,327.2,579.0,141.8,257.29999999999995,1,1,1.0
80,2,774.94,669.66,299.26,194.04000000000008,1,1,1.0
80,3,454.2,628.03,172.05,217.26999999999998,1,1,1.0
80,4,902.3,413.26,209.26999999999998,194.94000000000005,1,1,1.0
80,5,1262.5,115.3,412.79999999999995,216.89999999999998,1,1,1.0
80,6,1424.6,338.04,150.97000000000003,272.35999999999996,1,1,1.0
80,7,1367.6,798.2,274.8000000000002,192.69999999999993,1,1,1.0
80,8,1776.9,757.8,278.4000000000001,204.4000000000001,1,1,1.0
80,9,2057.12,499.1,153.8800000000001,351.0,1,1,1.0
81,1,324.33,582.21,136.47000000000003,251.18999999999994,1,1,1.0
81,2,772.36,674.39,317.43999999999994,214.01,1,1,1.0
81,3,455.2,630.61,153.47999999999996,221.68999999999994,1,1,1.0
81,4,900.2,415.84,212.23000000000002,197.56,1,1,1.0
81,5,1262.5,117.7,397.0,214.5,1,1,1.0
81,6,1423.6,338.04,152.07000000000016,264.56,1,1,1.0
81,7,1354.6,791.7,287.8000000000002,199.19999999999993,1,1,1.0
81,8,1771.5,757.8,283.8000000000002,204.4000000000001,1,1,1.0
81,9,2057.12,481.7,153.8800000000001,359.7,1,1,1.0
82,1,327.56,584.0,142.14,250.89999999999998,1,1,1.0
82,2,777.95,669.23,317.54999999999995,204.47000000000003,1,1,1.0
82,3,448.4,630.09,145.90999999999997,219.11,1,1,1.0
82,4,900.6,414.12,210.9699999999999,197.98000000000002,1,1,1.0
82,5,1265.51,126.8,392.78999999999996,201.52999999999997,1,1,1.0
82,6,1426.9,333.91,149.80999999999995,271.79,1,1,1.0
82,7,1372.8,791.7,269.60000000000014,199.19999999999993,1,1,1.0
82,8,1771.5,757.8,283.8000000000002,204.4000000000001,1,1,1.0
82,9,2057.12,477.4,153.8800000000001,364.0,1,1,1.0
83,1,326.84,578.63,141.06,245.87,1,1,1.0
83,2,781.45,664.09,323.8499999999999,232.01,1,1,1.0
83,3,445.7,627.3,148.60999999999996,221.9000000000001,1,1,1.0
83,4,901.4,411.97,210.16999999999996,199.23000000000002,1,1,1.0
83,5,1262.5,126.3,387.5999999999999,205.89999999999998,1,1,1.0
83,6,1428.5,337.01,149.75,270.78999999999996,1,1,1.0
83,7,1370.2,790.4,272.20000000000005,207.0,1,1,1.0
83,8,1771.5,750.6,283.8000000000002,222.5,1,1,1.0
83,9,2057.12,477.4,153.8800000000001,364.0,1,1,1.0
84,1,328.63,583.64,143.97000000000003,246.56000000000006,1,1,1.0
84,2,782.31,663.23,322.69000000000005,227.97000000000003,1,1,1.0
84,3,450.2,623.9,160.09999999999997,235.10000000000002,1,1,1.0
84,4,901.9,414.55,210.10000000000002,197.55,1,1,1.0
84,5,1265.1,103.4,372.8000000000002,224.9,1,1,1.0
84,6,1424.8,334.94,151.91000000000008,277.96,1,1,1.0
84,7,1370.2,764.4,272.20000000000005,233.0,1,1,1.0
84,8,1771.5,750.6,283.8000000000002,232.39999999999998,1,1,1.0
84,9,2057.12,477.4,182.07999999999993,314.1,1,1,1.0
85,1,324.69,582.21,146.81,249.39,1,1,1.0
85,2,783.6,668.82,241.69999999999993,225.27999999999997,1,1,1.0
85,3,453.65,621.35,165.85000000000002,215.94999999999993,1,1,1.0
85,4,902.3,414.12,209.26999999999998,201.58000000000004,1,1,1.0
85,5,1267.7,106.82,344.77,220.18,1,1,1.0
85,6,1427.9,336.49,148.79999999999995,274.90999999999997,1,1,1.0
85,7,1370.2,760.5,272.20000000000005,236.89999999999998,1,1,1.0
85,8,1759.7,750.6,295.60000000000014,207.10000000000002,1,1,1.0
85,9,2008.3,523.5,237.20000000000005,244.5,1,1,1.0
86,1,325.41,584.0,136.39,243.70000000000005,1,1,1.0
86,2,783.6,664.52,237.39999999999998,235.27999999999997,1,1,1.0
86,3,451.5,626.08,167.29999999999995,209.91999999999996,1,1,1.0
86,4,901.9,413.69,209.66999999999996,204.10999999999996,1,1,1.0
86,5,1275.8,92.2,335.80999999999995,232.7,1,1,1.0
86,6,1430.5,337.01,146.72000000000003,273.89,1,1,1.0
86,7,1370.2,752.7,272.20000000000005,244.69999999999993,1,1,1.0
86,8,1757.9,750.6,297.4000000000001,218.89999999999998,1,1,1.0
86,9,1980.3,572.3,239.89999999999986,180.30000000000007,1,1,1.0
87,1,325.05,582.21,136.75,239.39,1,1,1.0
87,2,785.75,662.8,232.95000000000005,217.20000000000005,1,1,1.0
87,3,448.49,635.54,170.80999999999995,199.56000000000006,1,1,1.0
87,4,901.4,413.69,211.0300000000001,210.60999999999996,1,1,1.0
87,5,1272.4,95.21,338.78,231.39000000000004,1,1,1.0
87,6,1425.4,336.49,153.3699999999999,268.71000000000004,1,1,1.0
87,7,1370.2,752.7,274.79999999999995,251.19999999999993,1,1,1.0
87,8,1738.9,750.6,316.4000000000001,207.10000000000002,1,1,1.0
87,9,2018.3,572.3,201.89999999999986,258.1,1,1,1.0
88,1,323.26,582.57,136.74,245.52999999999997,1,1,1.0
88,2,797.88,652.86,224.12,221.14,1,1,1.0
88,3,451.93,629.09,170.77000000000004,207.30999999999995,1,1,1.0
88,4,899.9,413.69,212.5300000000001,220.51000000000005,1,1,1.0
88,5,1260.3,91.77,351.74,233.53000000000003,1,1,1.0
88,6,1420.7,337.53,153.94000000000005,294.1700000000001,1,1,1.0
88,7,1370.2,752.7,274.79999999999995,251.19999999999993,1,1,1.0
88,8,1739.8,750.6,315.5000000000002,193.5,1,1,1.0
88,9,2012.9,566.0,210.9000000000001,260.79999999999995,1,1,1.0
89,1,325.77,583.28,135.73000000000002,245.12,1,1,1.0
89,2,795.95,650.71,220.44999999999993,226.28999999999996,1,1,1.0
89,3,450.21,640.27,171.29000000000002,195.33000000000004,1,1,1.0
89,4,901.2,415.41,208.22000000000003,214.48999999999995,1,1,1.0
89,5,1272.0,98.22,339.6099999999999,227.08,1,1,1.0
89,6,1404.8,358.84,159.42000000000007,280.66,1,1,1.0
89,7,1370.2,752.7,274.79999999999995,251.19999999999993,1,1,1.0
89,8,1739.8,750.6,292.0,198.89999999999998,1,1,1.0
89,9,2016.5,580.5,189.19999999999982,246.29999999999995,1,1,1.0
90,1,321.83,581.85,141.47000000000003,245.85000000000002,1,1,1.0
90,2,783.16,670.33,251.34000000000003,203.26999999999998,1,1,1.0
90,3,450.64,638.12,173.86,199.98000000000002,1,1,1.0
90,4,901.2,414.12,211.65999999999985,214.88,1,1,1.0
90,5,1276.3,105.53,335.74,225.77,1,1,1.0
90,6,1429.5,364.23,171.69000000000005,271.16999999999996,1,1,1.0
90,7,1370.2,752.7,274.79999999999995,251.19999999999993,1,1,1.0
90,8,1739.8,750.6,292.0,203.39999999999998,1,1,1.0
90,9,2016.5,580.5,187.4000000000001,246.29999999999995,1,1,1.0
91,1,320.39,582.21,141.81,245.49,1,1,1.0
91,2,781.93,701.72,289.16999999999996,168.27999999999997,1,1,1.0
91,3,455.8,644.14,166.09999999999997,190.56000000000006,1,1,1.0
91,4,902.9,417.56,210.39,215.33999999999997,1,1,1.0
91,5,1260.3,99.94,347.01,233.95999999999998,1,1,1.0
91,6,1437.6,362.44,177.71000000000004,251.26000000000005,1,1,1.0
91,7,1370.2,764.4,274.79999999999995,239.5,1,1,1.0
91,8,1759.7,750.6,279.29999999999995,203.39999999999998,1,1,1.0
91,9,2016.5,580.5,187.4000000000001,256.20000000000005,1,1,1.0
92,1,326.84,585.08,146.06,242.62,1,1,1.0
92,2,773.33,708.66,291.76999999999987,161.34000000000003,1,1,1.0
92,3,447.63,639.0,175.57000000000005,190.10000000000002,1,1,1.0
92,4,901.6,415.41,209.9699999999999,218.79000000000002,1,1,1.0
92,5,1253.1,111.94,396.94000000000005,214.66000000000003,1,1,1.0
92,6,1439.1,362.96,179.30000000000018,243.54000000000002,1,1,1.0
92,7,1380.6,764.4,264.4000000000001,231.70000000000005,1,1,1.0
92,8,1759.7,750.6,279.29999999999995,203.39999999999998,1,1,1.0
92,9,2016.5,575.1,175.5999999999999,261.6,1,1,1.0
93,1,325.77,584.0,152.03000000000003,248.5,1,1,1.0
93,2,757.18,709.52,290.91999999999996,156.58000000000004,1,1,1.0
93,3,449.33,631.67,173.84999999999997,200.91000000000008,1,1,1.0
93,4,902.0,414.98,211.72000000000003,211.91999999999996,1,1,1.0
93,5,1248.8,115.81,436.1300000000001,209.49,1,1,1.0
93,6,1437.6,366.05,180.2900000000002,245.05,1,1,1.0
93,7,1352.0,795.6,293.0,200.5,1,1,1.0
93,8,1759.7,750.6,279.29999999999995,203.39999999999998,1,1,1.0
93,9,2016.5,575.1,175.5999999999999,257.1,1,1,1.0
94,1,327.56,589.38,153.44,246.72000000000003,1,1,1.0
94,2,754.6,707.8,326.80000000000007,158.70000000000005,1,1,1.0
94,3,447.6,635.11,176.87,196.99,1,1,1.0
94,4,900.3,416.27,215.56999999999994,222.23000000000002,1,1,1.0
94,5,1255.7,104.2,426.22,213.8,1,1,1.0
94,6,1437.1,365.02,182.33000000000015,247.08000000000004,1,1,1.0
94,7,1352.0,795.6,293.0,200.5,1,1,1.0
94,8,1749.8,750.6,289.20000000000005,203.39999999999998,1,1,1.0
94,9,2016.5,586.9,175.5999999999999,245.30000000000007,1,1,1.0
95,1,327.2,587.56,153.5,245.6400000000001,1,1,1.0
95,2,760.62,693.45,305.08000000000004,170.94999999999993,1,1,1.0
95,3,448.1,648.96,178.05999999999995,176.74,1,1,1.0
95,4,901.6,414.98,209.9699999999999,229.12,1,1,1.0
95,5,1254.0,88.38,424.04999999999995,254.51999999999998,1,1,1.0
95,6,1435.0,362.96,180.30999999999995,240.94,1,1,1.0
95,7,1352.0,795.6,293.0,200.5,1,1,1.0
95,8,1749.8,750.6,294.60000000000014,203.39999999999998,1,1,1.0
95,9,2016.5,586.9,175.5999999999999,245.30000000000007,1,1,1.0
96,1,325.77,587.23,152.03000000000003,245.97000000000003,1,1,1.0
96,2,768.9,666.83,243.70000000000005,224.66999999999996,1,1,1.0
96,3,445.0,663.58,189.33000000000004,156.12,1,1,1.0
96,4,900.7,414.98,213.45000000000005,220.51999999999998,1,1,1.0
96,5,1260.9,92.68,404.90999999999985,235.01999999999998,1,1,1.0
96,6,1432.9,365.02,184.4699999999998,240.88,1,1,1.0
96,7,1352.0,812.5,293.0,190.10000000000002,1,1,1.0
96,8,1776.9,757.8,267.5,196.20000000000005,1,1,1.0
96,9,2016.5,555.2,190.0,277.0,1,1,1.0
97,1,326.48,585.43,157.71999999999997,240.2700000000001,1,1,1.0
97,2,786.86,659.17,221.43999999999994,226.73000000000002,1,1,1.0
97,3,443.8,667.45,193.94,149.64999999999998,1,1,1.0
97,4,902.5,416.7,211.22000000000003,220.90000000000003,1,1,1.0
97,5,1257.4,100.42,447.51,228.18,1,1,1.0
97,6,1435.0,364.51,184.41000000000008,241.39,1,1,1.0
97,7,1331.2,826.8,362.0,188.80000000000007,1,1,1.0
97,8,1776.9,756.0,267.5,198.0,1,1,1.0
97,9,2016.5,564.2,178.25,249.0,1,1,1.0
98,1,330.07,583.28,153.82999999999998,256.02,1,1,1.0
98,2,793.74,655.51,216.15999999999997,236.19000000000005,1,1,1.0
98,3,465.8,645.95,170.65000000000003,165.3499999999999,1,1,1.0
98,4,900.3,418.42,212.99,201.97999999999996,1,1,1.0
98,5,1265.2,108.59,416.0,221.30999999999997,1,1,1.0
98,6,1439.6,366.6,184.5,232.60000000000002,1,1,1.0
98,7,1306.5,806.0,388.0,221.29999999999995,1,1,1.0
98,8,1776.9,757.8,267.5,196.20000000000005,1,1,1.0
98,9,2016.5,579.6,178.25,233.60000000000002,1,1,1.0
99,1,326.12,586.51,158.07999999999998,257.89,1,1,1.0
99,2,782.99,656.59,252.1099999999999,227.20999999999992,1,1,1.0
99,3,467.1,629.96,165.48000000000002,182.64,1,1,1.0
99,4,899.5,417.99,216.79999999999995,202.30999999999995,1,1,1.0
99,5,1270.3,111.17,424.1400000000001,217.43,1,1,1.0
99,6,1441.7,367.6,181.56999999999994,230.60000000000002,1,1,1.0
99,7,1300.0,743.5,397.0999999999999,292.9000000000001,1,1,1.0
99,8,1776.9,750.6,267.5,203.39999999999998,1,1,1.0
99,9,2016.5,548.9,178.25,270.6,1,1,1.0
100,1,328.28,587.23,159.72000000000003,244.26999999999998,1,1,1.0
100,2,772.4,666.42,317.4,210.48000000000002,1,1,1.0
100,3,465.8,630.82,167.20999999999998,190.07999999999993,1,1,1.0
100,4,900.7,418.42,214.30999999999995,204.87999999999994,1,1,1.0
100,5,1262.1,119.83,397.6400000000001,206.57,1,1,1.0
100,6,1434.0,372.76,196.20000000000005,230.64,1,1,1.0
100,7,1300.0,743.5,397.0999999999999,292.9000000000001,1,1,1.0
100,8,1776.9,750.6,267.5,203.39999999999998,1,1,1.0
100,9,2021.0,503.7,173.75,332.09999999999997,1,1,1.0
101,1,328.28,586.15,173.72000000000003,239.75,1,1,1.0
101,2,773.26,672.87,308.3399999999999,198.42999999999995,1,1,1.0
101,3,463.2,623.08,163.35999999999996,207.01999999999998,1,1,1.0
101,4,900.3,417.13,209.98000000000002,206.16999999999996,1,1,1.0
101,5,1264.3,118.11,442.52,208.28999999999996,1,1,1.0
101,6,1431.4,372.76,200.8699999999999,222.34000000000003,1,1,1.0
101,7,1345.6,828.1,343.70000000000005,178.39999999999998,1,1,1.0
101,8,1776.9,750.6,267.5,203.39999999999998,1,1,1.0
101,9,2052.65,451.25,151.1500000000001,342.95000000000005,1,1,1.0
102,1,327.2,587.23,160.5,237.66999999999996,1,1,1.0
102,2,765.17,678.14,286.63,193.15999999999997,1,1,1.0
102,3,464.9,615.42,161.65999999999997,205.68000000000006,1,1,1.0
102,4,900.7,416.7,214.30999999999995,201.2,1,1,1.0
102,5,1268.1,123.7,409.23,209.60000000000002,1,1,1.0
102,6,1426.8,375.92,208.67000000000007,206.57999999999998,1,1,1.0
102,7,1367.7,806.0,300.79999999999995,186.20000000000005,1,1,1.0
102,8,1776.9,750.6,267.5,203.39999999999998,1,1,1.0
102,9,2052.65,477.5,151.1500000000001,329.4,1,1,1.0
103,1,326.12,590.09,153.88,242.61,1,1,1.0
103,2,727.05,715.2,307.6500000000001,141.5,1,1,1.0
103,3,457.5,598.92,168.20000000000005,237.68000000000006,1,1,1.0
103,4,900.7,417.13,213.01999999999998,199.47000000000003,1,1,1.0
103,5,1264.7,131.4,406.5999999999999,194.6,1,1,1.0
103,6,1429.9,370.25,201.9599999999998,222.25,1,1,1.0
103,7,1367.7,806.0,273.5,186.20000000000005,1,1,1.0
103,8,1776.9,750.6,267.5,227.79999999999995,1,1,1.0
103,9,2052.65,477.5,151.1500000000001,334.79999999999995,1,1,1.0
104,1,322.54,587.23,158.65999999999997,234.97000000000003,1,1,1.0
104,2,715.9,701.73,314.4,133.66999999999996,1,1,1.0
104,3,459.0,597.2,165.65999999999997,245.19999999999993,1,1,1.0
104,4,900.3,417.99,209.98000000000002,197.80999999999995,1,1,1.0
104,5,1270.72,127.57,367.48,207.53000000000003,1,1,1.0
104,6,1432.5,365.6,197.29999999999995,234.69999999999993,1,1,1.0
104,7,1367.7,806.0,273.5,186.20000000000005,1,1,1.0
104,8,1776.9,750.6,256.5999999999999,227.79999999999995,1,1,1.0
104,9,2052.65,477.5,151.1500000000001,342.9,1,1,1.0
105,1,327.2,586.51,148.10000000000002,237.78999999999996,1,1,1.0
105,2,715.0,698.57,352.98,134.7299999999999,1,1,1.0
105,3,460.9,593.33,163.58000000000004,260.06999999999994,1,1,1.0
105,4,900.7,414.98,213.01999999999998,201.62,1,1,1.0
105,5,1269.0,119.83,359.0,234.27000000000004,1,1,1.0
105,6,1435.8,364.07,180.22000000000003,224.93,1,1,1.0
105,7,1367.7,806.0,273.5,186.20000000000005,1,1,1.0
105,8,1776.9,750.6,260.29999999999995,227.79999999999995,1,1,1.0
105,9,2052.65,472.1,151.1500000000001,348.29999999999995,1,1,1.0
106,1,326.84,584.72,146.16000000000003,242.57999999999993,1,1,1.0
106,2,718.1,699.0,354.1,135.60000000000002,1,1,1.0
106,3,451.0,608.38,172.19000000000005,267.41999999999996,1,1,1.0
106,4,900.3,414.98,215.1400000000001,201.41999999999996,1,1,1.0
106,5,1267.71,118.54,361.19000000000005,234.65999999999997,1,1,1.0
106,6,1432.7,358.39,180.16999999999985,234.11,1,1,1.0
106,7,1367.7,806.0,273.5,186.20000000000005,1,1,1.0
106,8,1776.9,753.3,258.5,216.10000000000002,1,1,1.0
106,9,2052.65,472.1,151.1500000000001,348.29999999999995,1,1,1.0
107,1,324.33,582.92,139.07,256.48,1,1,1.0
107,2,715.47,688.34,341.93000000000006,143.65999999999997,1,1,1.0
107,3,450.57,631.56,154.13000000000005,255.24,1,1,1.0
107,4,900.3,415.84,213.42000000000007,193.66000000000003,1,1,1.0
107,5,1266.85,113.38,368.45000000000005,229.51999999999998,1,1,1.0
107,6,1421.0,324.78,162.19000000000005,282.72,1,1,1.0
107,7,1354.7,796.9,291.70000000000005,205.70000000000005,1,1,1.0
107,8,1776.9,756.0,256.5999999999999,213.39999999999998,1,1,1.0
107,9,2052.65,490.2,151.1500000000001,330.2,1,1,1.0
108,1,322.9,582.21,138.90000000000003,255.89,1,1,1.0
108,2,720.2,696.94,308.27,134.65999999999997,1,1,1.0
108,3,449.28,629.41,155.92000000000007,245.09000000000003,1,1,1.0
108,4,900.3,416.7,210.84000000000015,195.3,1,1,1.0
108,5,1265.99,114.67,390.21000000000004,211.72999999999996,1,1,1.0
108,6,1428.33,296.98,138.57000000000016,291.22,1,1,1.0
108,7,1352.1,796.9,294.3000000000002,205.70000000000005,1,1,1.0
108,8,1777.8,752.41,255.70000000000005,218.80000000000007,1,1,1.0
108,9,2052.65,494.7,151.1500000000001,331.09999999999997,1,1,1.0
109,1,327.2,579.9,132.10000000000002,264.1,1,1,1.0
109,2,782.0,603.81,262.80999999999995,239.79000000000008,1,1,1.0
109,3,452.29,627.69,148.10999999999996,251.40999999999997,1,1,1.0
109,4,901.6,416.7,206.5300000000001,193.90000000000003,1,1,1.0
109,5,1256.7,124.99,384.02,209.20999999999998,1,1,1.0
109,6,1428.33,329.7,131.87000000000012,221.90000000000003,1,1,1.0
109,7,1352.1,796.9,294.3000000000002,205.70000000000005,1,1,1.0
109,8,1776.9,753.3,255.69999999999982,216.10000000000002,1,1,1.0
109,9,2052.65,487.5,151.1500000000001,338.29999999999995,1,1,1.0
110,1,323.97,584.28,140.32999999999998,256.12,1,1,1.0
110,2,832.8,567.97,226.10000000000014,275.23,1,1,1.0
110,3,449.28,620.81,152.82000000000005,252.69000000000005,1,1,1.0
110,4,900.7,416.27,210.8699999999999,200.52999999999997,1,1,1.0
110,5,1319.9,94.07,277.03,300.93,1,1,1.0
110,6,1425.23,348.16,133.3699999999999,210.13999999999993,1,1,1.0
110,7,1352.1,796.9,294.3000000000002,205.70000000000005,1,1,1.0
110,8,1776.9,752.4,254.79999999999995,217.0,1,1,1.0
110,9,2052.65,486.6,151.1500000000001,339.19999999999993,1,1,1.0
111,1,323.62,585.36,140.07999999999998,265.34000000000003,1,1,1.0
111,2,849.5,570.91,207.26,286.19000000000005,1,1,1.0
111,3,449.71,622.1,154.58999999999997,249.69999999999993,1,1,1.0
111,4,902.0,416.27,208.71000000000004,203.23000000000002,1,1,1.0
111,5,1361.87,93.83,221.83000000000015,339.27000000000004,1,1,1.0
111,6,1420.6,363.23,134.5,178.56999999999994,1,1,1.0
111,7,1352.1,796.9,294.3000000000002,205.70000000000005,1,1,1.0
111,8,1776.9,753.3,254.79999999999995,216.10000000000002,1,1,1.0
111,9,2052.65,486.6,140.25,343.69999999999993,1,1,1.0
112,1,322.54,590.13,147.06,269.16999999999996,1,1,1.0
112,2,856.1,573.49,198.93999999999994,288.30999999999995,1,1,1.0
112,3,451.43,620.8,151.57,243.10000000000002,1,1,1.0
112,4,900.7,414.98,212.15999999999985,203.22000000000003,1,1,1.0
112,5,1322.58,94.69,345.9200000000001,261.11,1,1,1.0
112,6,1422.15,268.03,135.04999999999995,279.77,1,1,1.0
112,7,1352.1,796.9,294.3000000000002,205.70000000000005,1,1,1.0
112,8,1776.9,756.0,253.0,213.39999999999998,1,1,1.0
112,9,2052.65,496.5,140.25,333.79999999999995,1,1,1.0
113,1,326.48,593.3,140.62,259.9000000000001,1,1,1.0
113,2,868.6,562.98,179.15999999999997,304.31999999999994,1,1,1.0
113,3,449.08,622.95,153.52000000000004,242.44999999999993,1,1,1.0
113,4,899.5,415.84,214.22000000000003,198.45999999999998,1,1,1.0
113,5,1307.62,99.85,412.48,187.35,1,1,1.0
113,6,1420.6,274.22,138.60000000000014,286.98,1,1,1.0
113,7,1352.1,796.9,294.3000000000002,205.70000000000005,1,1,1.0
113,8,1776.9,752.4,252.0999999999999,217.0,1,1,1.0
113,9,2052.65,504.6,140.25,333.79999999999995,1,1,1.0
114,1,326.84,591.8,138.86,262.1,1,1,1.0
114,2,869.9,578.94,171.48000000000013,284.05999999999995,1,1,1.0
114,3,449.51,622.52,155.19000000000005,256.08000000000004,1,1,1.0
114,4,900.7,416.27,211.73000000000002,183.33000000000004,1,1,1.0
114,5,1312.16,90.76,388.4399999999998,180.34000000000003,1,1,1.0
114,6,1423.18,271.02,132.41999999999985,275.18000000000006,1,1,1.0
114,7,1352.1,796.9,294.3000000000002,205.70000000000005,1,1,1.0
114,8,1776.9,755.1,245.79999999999995,214.29999999999995,1,1,1.0
114,9,2052.65,519.1,140.25,319.29999999999995,1,1,1.0
115,1,329.35,593.22,131.64999999999998,260.67999999999995,1,1,1.0
115,2,866.8,574.66,169.01999999999998,275.84000000000003,1,1,1.0
115,3,449.94,624.24,154.76000000000005,258.26,1,1,1.0
115,4,899.0,415.41,216.01,174.88999999999993,1,1,1.0
115,5,1321.19,103.63,355.71000000000004,184.07,1,1,1.0
115,6,1421.12,280.61,137.58000000000015,281.39,1,1,1.0
115,7,1352.1,796.9,294.3000000000002,205.70000000000005,1,1,1.0
115,8,1776.9,757.8,245.79999999999995,211.60000000000002,1,1,1.0
115,9,2052.65,519.1,140.25,324.69999999999993,1,1,1.0
116,1,324.77,583.64,135.53000000000003,280.86,1,1,1.0
116,2,862.5,564.79,150.55999999999995,290.51,1,1,1.0
116,3,447.79,622.09,156.50999999999993,296.40999999999997,1,1,1.0
116,4,897.3,415.84,213.41000000000008,177.45999999999998,1,1,1.0
116,5,1339.69,106.64,312.01,177.96000000000004,1,1,1.0
116,6,1416.99,279.83,141.71000000000004,294.67,1,1,1.0
116,7,1352.1,796.9,294.3000000000002,205.70000000000005,1,1,1.0
116,8,1776.9,755.1,245.79999999999995,214.29999999999995,1,1,1.0
116,9,2052.65,519.1,161.04999999999973,324.69999999999993,1,1,1.0
117,1,318.8,572.53,148.3,280.27,1,1,1.0
117,2,869.8,567.37,144.55000000000007,292.23,1,1,1.0
117,3,453.81,625.96,151.79000000000002,295.93999999999994,1,1,1.0
117,4,899.9,415.41,212.5300000000001,174.48999999999995,1,1,1.0
117,5,1339.02,109.22,308.3800000000001,184.08,1,1,1.0
117,6,1418.54,288.58,139.16000000000008,277.71999999999997,1,1,1.0
117,7,1352.1,796.9,294.3000000000002,205.70000000000005,1,1,1.0
117,8,1776.9,752.4,245.79999999999995,202.5,1,1,1.0
117,9,2052.65,519.1,161.04999999999973,324.69999999999993,1,1,1.0
118,1,318.1,573.7,153.0,278.29999999999995,1,1,1.0
118,2,844.9,571.43,196.2800000000001,276.97,1,1,1.0
118,3,454.24,632.41,149.65999999999997,300.2900000000001,1,1,1.0
118,4,897.3,416.7,213.41000000000008,173.59999999999997,1,1,1.0
118,5,1344.28,108.36,285.22,185.74,1,1,1.0
118,6,1417.51,289.61,140.19000000000005,264.59000000000003,1,1,1.0
118,7,1352.1,796.9,294.3000000000002,205.70000000000005,1,1,1.0
118,8,1776.9,752.4,245.79999999999995,197.10000000000002,1,1,1.0
118,9,2052.65,519.1,161.04999999999973,324.69999999999993,1,1,1.0
119,1,281.9,576.15,189.8,263.75,1,1,1.0
119,2,842.3,574.65,220.34000000000015,267.25,1,1,1.0
119,3,454.67,629.4,148.32999999999998,290.4,1,1,1.0
119,4,899.9,413.69,213.39,195.70999999999998,1,1,1.0
119,5,1345.14,107.5,280.8599999999999,183.2,1,1,1.0
119,6,1419.46,290.13,140.83999999999992,270.37,1,1,1.0
119,7,1352.1,796.9,294.3000000000002,200.5,1,1,1.0
119,8,1776.9,755.1,245.79999999999995,194.39999999999998,1,1,1.0
119,9,2052.65,519.1,161.04999999999973,324.69999999999993,1,1,1.0
