1,1,342.88,493.33,247.98000000000002,98.81,1,1,1.0
1,2,313.04,391.1,322.75999999999993,127.60000000000002,1,1,1.0
1,3,278.62,669.53,307.90999999999997,133.97000000000003,1,1,1.0
1,4,814.75,385.84,320.02,158.17000000000002,1,1,1.0
1,5,799.45,510.79,306.6399999999999,172.82999999999998,1,1,1.0
1,6,332.17,579.71,273.47999999999996,105.18999999999994,1,1,1.0
1,7,559.92,298.76,105.68000000000006,55.84000000000003,1,1,0.0
1,8,843.5,253.88,315.5,132.66000000000003,1,1,1.0
1,9,390.18,803.4,317.46999999999997,125.64999999999998,1,1,1.0
1,10,839.61,644.03,314.91999999999996,186.85000000000002,1,1,1.0
2,1,351.0,483.0,223.60000000000002,125.0,1,1,1.0
2,2,324.3,397.9,316.40000000000003,124.5,1,1,1.0
2,3,294.6,669.53,295.6,136.87,1,1,1.0
2,4,799.3,395.1,352.4000000000001,148.90999999999997,1,1,1.0
2,5,799.45,519.1,306.6299999999999,164.51999999999998,1,1,1.0
2,6,306.3,581.2,302.09999999999997,103.69999999999993,1,1,1.0
2,7,547.5,296.4,122.53999999999996,60.18000000000001,1,1,0.0
2,8,854.97,250.6,302.8299999999999,134.50000000000003,1,1,1.0
2,9,374.3,803.4,334.2,125.64999999999998,1,1,1.0
2,10,839.61,644.0,313.4899999999999,186.88,1,1,1.0
3,1,364.5,494.1,186.10000000000002,135.89999999999998,1,1,1.0
3,2,318.6,391.7,318.5,134.3,1,1,1.0
3,3,316.0,672.8,307.79999999999995,134.70000000000005,1,1,1.0
3,4,753.92,412.4,374.17999999999995,165.92000000000007,1,1,1.0
3,5,795.7,522.5,312.39999999999986,162.20000000000005,1,1,1.0
3,6,317.37,557.0,298.13,158.39999999999998,1,1,1.0
3,7,554.3,296.4,115.74000000000001,60.18000000000001,1,1,0.0
3,8,861.29,250.89,292.4100000000001,133.31,1,1,1.0
3,9,374.3,803.4,334.2,125.64999999999998,1,1,1.0
3,10,773.2,644.4,388.39999999999986,186.48000000000002,1,1,1.0
4,1,354.19,802.4,97.31,70.80000000000007,1,1,0.0
4,2,316.1,393.4,322.29999999999995,131.30000000000007,1,1,1.0
4,3,316.0,682.0,307.79999999999995,135.10000000000002,1,1,1.0
4,4,622.59,459.6,324.01,129.04999999999995,1,1,1.0
4,5,792.2,519.3,343.5999999999999,159.20000000000005,1,1,1.0
4,6,332.5,553.9,296.79999999999995,149.5,1,1,1.0
4,7,554.3,296.4,115.74000000000001,60.18000000000001,1,1,0.0
4,8,833.79,250.51,324.9100000000001,134.29000000000002,1,1,1.0
4,9,374.3,805.4,336.3,123.64999999999998,1,1,1.0
4,10,773.2,647.7,389.5,174.69999999999993,1,1,1.0
5,1,328.7,774.8,128.10000000000002,136.0,1,1,0.0
5,2,312.0,393.4,326.9,131.30000000000007,1,1,1.0
5,3,311.9,682.9,315.20000000000005,131.60000000000002,1,1,1.0
5,4,501.58,474.4,332.52000000000004,124.21000000000004,1,1,1.0
5,5,787.8,482.1,318.79999999999995,196.39999999999998,1,1,1.0
5,6,334.58,575.1,262.71999999999997,131.90999999999997,1,1,1.0
5,7,554.3,296.4,115.74000000000001,60.18000000000001,1,1,0.0
5,8,823.9,251.7,333.9,131.60000000000002,1,1,1.0
5,9,366.9,810.8,343.1,118.25,1,1,1.0
5,10,773.2,647.7,389.5,174.69999999999993,1,1,1.0
6,1,312.8,675.6,143.09999999999997,233.89999999999998,1,1,0.0
6,2,306.7,389.7,332.2,135.00000000000006,1,1,1.0
6,3,317.8,680.9,309.3,133.60000000000002,1,1,1.0
6,4,425.21,450.9,351.69,144.39999999999998,1,1,1.0
6,5,867.49,398.0,236.01,274.74,1,1,1.0
6,6,329.36,566.8,269.74,131.91000000000008,1,1,1.0
6,7,554.3,296.4,115.74000000000001,60.18000000000001,1,1,0.0
6,8,831.29,249.91,327.1100000000001,132.79,1,1,1.0
6,9,361.0,810.8,351.70000000000005,118.25,1,1,1.0
6,10,773.2,647.7,389.5,174.69999999999993,1,1,1.0
7,1,295.8,672.6,159.09999999999997,241.89999999999998,1,1,1.0
7,2,311.6,393.4,327.29999999999995,111.30000000000001,1,1,1.0
7,3,347.7,679.8,279.40000000000003,134.70000000000005,1,1,1.0
7,4,339.26,447.84,323.64,122.76000000000005,1,1,1.0
7,5,869.26,369.67,206.33999999999992,306.12999999999994,1,1,1.0
7,6,341.96,575.1,226.44,133.79999999999995,1,1,1.0
7,7,554.3,296.4,115.74000000000001,60.18000000000001,1,1,0.0
7,8,828.09,250.81,330.31000000000006,128.89,1,1,1.0
7,9,365.4,810.8,347.6,118.25,1,1,1.0
7,10,773.2,647.7,389.5,174.69999999999993,1,1,1.0
8,1,360.73,655.1,101.57,285.23,1,1,1.0
8,2,306.9,394.9,334.20000000000005,96.30000000000001,1,1,1.0
8,3,340.7,680.6,286.40000000000003,133.89999999999998,1,1,1.0
8,4,313.4,450.1,317.4,140.39999999999998,1,1,1.0
8,5,799.31,380.29,288.69000000000005,231.31,1,1,1.0
8,6,341.96,581.2,235.04000000000002,122.79999999999995,1,1,1.0
8,7,554.3,296.4,118.0,60.18000000000001,1,1,0.0
8,8,829.23,252.0,329.1700000000001,125.10000000000002,1,1,1.0
8,9,368.4,811.17,344.5,118.25,1,1,1.0
8,10,773.2,647.7,389.5,174.69999999999993,1,1,1.0
9,1,367.6,760.6,198.0,187.10000000000002,1,1,1.0
9,2,306.9,390.2,334.20000000000005,118.10000000000002,1,1,1.0
9,3,356.2,679.1,274.2,129.89999999999998,1,1,1.0
9,4,313.4,446.4,328.1,144.10000000000002,1,1,1.0
9,5,733.35,412.61,296.65,147.18999999999994,1,1,1.0
9,6,349.0,576.3,225.79999999999995,127.70000000000005,1,1,1.0
9,7,557.4,296.4,114.89999999999998,60.18000000000001,1,1,0.0
9,8,836.7,247.22,323.29999999999995,145.08,1,1,1.0
9,9,407.5,800.5,318.0,128.91999999999996,1,1,1.0
9,10,773.2,645.1,387.29999999999995,177.29999999999995,1,1,1.0
10,1,400.94,844.9,310.06,111.29000000000008,1,1,1.0
10,2,296.4,395.6,343.0,109.50999999999999,1,1,1.0
10,3,335.5,674.7,294.9,122.09999999999991,1,1,1.0
10,4,316.7,446.4,324.8,144.10000000000002,1,1,1.0
10,5,664.73,444.0,294.87,160.07000000000005,1,1,1.0
10,6,346.2,576.3,233.2,116.0,1,1,1.0
10,7,552.8,296.4,119.5,60.18000000000001,1,1,0.0
10,8,824.89,248.0,336.61,146.7,1,1,1.0
10,9,483.5,759.18,287.20000000000005,174.62,1,1,1.0
10,10,820.4,644.4,337.1,178.0,1,1,1.0
11,1,728.72,656.8,187.67999999999995,283.98,1,1,1.0
11,2,299.44,393.6,339.66,111.00999999999999,1,1,1.0
11,3,318.9,674.7,292.30000000000007,125.79999999999995,1,1,1.0
11,4,328.5,446.4,313.0,144.10000000000002,1,1,1.0
11,5,659.86,465.2,282.43999999999994,153.92000000000002,1,1,1.0
11,6,338.8,576.3,246.40000000000003,110.20000000000005,1,1,1.0
11,7,558.0,296.4,114.29999999999995,60.18000000000001,1,1,0.0
11,8,821.61,257.59,338.1,134.91000000000003,1,1,1.0
11,9,423.36,731.14,332.53999999999996,116.36000000000001,1,1,1.0
11,10,834.8,639.2,323.10000000000014,183.19999999999993,1,1,1.0
12,1,695.25,589.86,208.04999999999995,283.93999999999994,1,1,1.0
12,2,308.29,392.6,331.60999999999996,113.75,1,1,1.0
12,3,318.9,681.3,288.20000000000005,131.0,1,1,1.0
12,4,328.5,446.4,313.0,144.10000000000002,1,1,1.0
12,5,594.34,486.5,308.55999999999995,158.74,1,1,1.0
12,6,318.5,576.3,262.9,113.90000000000009,1,1,1.0
12,7,563.2,296.4,109.09999999999991,60.18000000000001,1,1,0.0
12,8,837.7,248.6,320.79999999999995,144.50000000000003,1,1,1.0
12,9,434.8,710.5,304.09999999999997,170.20000000000005,1,1,1.0
12,10,816.0,636.2,343.4000000000001,187.29999999999995,1,1,1.0
13,1,650.09,585.08,253.70999999999992,254.2199999999999,1,1,1.0
13,2,311.2,400.16,328.69,108.03999999999996,1,1,1.0
13,3,311.9,685.7,303.30000000000007,126.59999999999991,1,1,1.0
13,4,323.3,442.1,318.2,148.39999999999998,1,1,1.0
13,5,550.95,494.5,286.8499999999999,168.01,1,1,1.0
13,6,315.7,576.3,274.40000000000003,113.90000000000009,1,1,1.0
13,7,551.2,296.4,121.09999999999991,60.18000000000001,1,1,0.0
13,8,855.0,242.4,300.0,150.4,1,1,1.0
13,9,418.2,703.87,294.49000000000007,191.92999999999995,1,1,1.0
13,10,816.0,636.2,343.4000000000001,187.29999999999995,1,1,1.0
14,1,645.8,588.8,251.10000000000002,192.10000000000002,1,1,1.0
14,2,312.1,390.08,327.29999999999995,115.12,1,1,1.0
14,3,320.4,688.3,298.1,124.0,1,1,1.0
14,4,325.1,446.4,316.4,144.10000000000002,1,1,1.0
14,5,528.82,500.8,301.88,173.21999999999997,1,1,1.0
14,6,315.7,576.3,271.00000000000006,113.90000000000009,1,1,1.0
14,7,559.5,296.4,112.79999999999995,60.18000000000001,1,1,0.0
14,8,835.1,253.5,319.9,138.10000000000002,1,1,1.0
14,9,422.3,719.0,264.59999999999997,176.79999999999995,1,1,1.0
14,10,847.7,636.2,311.70000000000005,187.29999999999995,1,1,1.0
15,1,536.9,621.21,331.31000000000006,126.78999999999996,1,1,1.0
15,2,311.2,396.92,328.2,113.07999999999998,1,1,1.0
15,3,320.4,688.3,298.1,127.0,1,1,1.0
15,4,315.5,446.4,326.0,144.10000000000002,1,1,1.0
15,5,508.45,495.4,322.65000000000003,160.90999999999997,1,1,1.0
15,6,315.7,580.3,283.8,109.90000000000009,1,1,1.0
15,7,559.5,296.4,112.79999999999995,60.18000000000001,1,1,0.0
15,8,821.8,253.5,330.10000000000014,138.10000000000002,1,1,1.0
15,9,422.3,736.0,258.8,159.79999999999995,1,1,1.0
15,10,847.7,634.4,308.0,189.10000000000002,1,1,1.0
16,1,416.31,548.96,266.48999999999995,202.24,1,1,1.0
16,2,311.0,397.6,327.9,107.39999999999998,1,1,1.0
16,3,322.2,680.6,282.7,139.0,1,1,1.0
16,4,307.0,446.4,336.6,127.5,1,1,1.0
16,5,497.83,511.8,345.67,160.7,1,1,1.0
16,6,308.6,550.5,271.29999999999995,139.70000000000005,1,1,1.0
16,7,546.9,296.4,125.39999999999998,60.18000000000001,1,1,0.0
16,8,821.8,253.5,330.10000000000014,137.5,1,1,1.0
16,9,411.6,740.0,297.79999999999995,163.89999999999998,1,1,1.0
16,10,849.2,637.7,307.20000000000005,185.79999999999995,1,1,1.0
17,1,343.53,570.21,311.07000000000005,129.49,1,1,1.0
17,2,307.2,389.5,334.34999999999997,107.80000000000001,1,1,1.0
17,3,335.5,675.1,272.70000000000005,133.10000000000002,1,1,1.0
17,4,312.9,449.4,324.20000000000005,131.5,1,1,1.0
17,5,497.83,511.8,345.67,161.49999999999994,1,1,1.0
17,6,288.92,551.4,278.97999999999996,155.09000000000003,1,1,1.0
17,7,563.2,296.4,109.09999999999991,60.18000000000001,1,1,0.0
17,8,822.2,253.5,329.70000000000005,138.10000000000002,1,1,1.0
17,9,419.3,737.8,288.3,166.10000000000002,1,1,1.0
17,10,849.2,637.7,307.20000000000005,181.69999999999993,1,1,1.0
18,1,368.5,558.5,253.20000000000005,156.10000000000002,1,1,1.0
18,2,298.3,399.46,344.24999999999994,99.54000000000002,1,1,0.0
18,3,325.2,689.5,285.59999999999997,118.70000000000005,1,1,1.0
18,4,313.6,449.4,318.29999999999995,131.5,1,1,1.0
18,5,513.8,511.8,329.70000000000005,153.8,1,1,1.0
18,6,325.8,616.9,110.5,88.98000000000002,1,1,0.0
18,7,549.1,296.4,123.19999999999993,60.18000000000001,1,1,0.0
18,8,822.2,253.5,329.70000000000005,140.2,1,1,1.0
18,9,436.3,733.4,274.3,166.80000000000007,1,1,1.0
18,10,834.1,640.3,324.1,179.10000000000002,1,1,1.0
19,1,374.87,522.4,151.73000000000002,151.80000000000007,1,1,0.0
19,2,308.9,389.96,348.61,107.34000000000003,1,1,0.0
19,3,313.8,681.4,305.49999999999994,136.39999999999998,1,1,1.0
19,4,312.9,456.0,336.70000000000005,124.89999999999998,1,1,1.0
19,5,514.23,506.5,329.69999999999993,162.39999999999998,1,1,1.0
19,6,311.66,592.3,145.23999999999995,219.34000000000003,1,1,0.0
19,7,549.1,296.4,117.10000000000002,55.30000000000001,1,1,0.0
19,8,828.4,253.5,326.6,138.7,1,1,1.0
19,9,454.0,728.2,257.29999999999995,172.0,1,1,1.0
19,10,829.7,642.9,328.89999999999986,176.5,1,1,1.0
20,1,377.8,470.2,115.89999999999998,165.8,1,1,0.0
20,2,316.7,371.9,355.09999999999997,106.80000000000001,1,1,0.0
20,3,316.4,679.9,308.80000000000007,121.30000000000007,1,1,1.0
20,4,296.3,456.0,348.90000000000003,124.89999999999998,1,1,1.0
20,5,496.5,509.1,349.70000000000005,156.5,1,1,1.0
20,6,344.25,600.9,120.35000000000002,254.70000000000005,1,1,0.0
20,7,556.6,281.14,112.97000000000003,63.660000000000025,1,1,0.0
20,8,808.0,253.5,331.9000000000001,139.89999999999998,1,1,1.0
20,9,406.0,717.5,307.70000000000005,182.70000000000005,1,1,1.0
20,10,812.4,642.9,346.19999999999993,176.5,1,1,1.0
21,1,373.0,465.6,118.60000000000002,169.89999999999998,1,1,0.0
21,2,317.1,367.3,352.5,118.09999999999997,1,1,0.0
21,3,316.4,671.8,308.80000000000007,129.4000000000001,1,1,1.0
21,4,296.3,453.1,348.90000000000003,127.79999999999995,1,1,1.0
21,5,449.57,526.8,366.93,149.87,1,1,1.0
21,6,316.3,574.8,157.8,262.4000000000001,1,1,1.0
21,7,550.4,282.0,109.10000000000002,62.30000000000001,1,1,0.0
21,8,808.0,253.5,325.29999999999995,139.60000000000002,1,1,1.0
21,9,406.0,722.6,307.1,177.60000000000002,1,1,1.0
21,10,822.0,642.9,336.5999999999999,176.5,1,1,1.0
22,1,373.4,463.6,112.90000000000003,180.89999999999998,1,1,0.0
22,2,317.4,367.3,352.20000000000005,119.80000000000001,1,1,0.0
22,3,309.0,671.8,315.1,121.30000000000007,1,1,1.0
22,4,290.8,453.0,349.59999999999997,139.0,1,1,1.0
22,5,430.54,542.29,370.46,159.81000000000006,1,1,1.0
22,6,313.5,568.7,182.7,268.5,1,1,1.0
22,7,546.9,282.0,112.60000000000002,61.39999999999998,1,1,0.0
22,8,808.0,253.5,328.4000000000001,140.8,1,1,1.0
22,9,390.9,722.6,322.20000000000005,177.60000000000002,1,1,1.0
22,10,822.0,640.3,336.0999999999999,179.10000000000002,1,1,1.0
23,1,382.0,462.1,104.30000000000001,182.39999999999998,1,1,0.0
23,2,309.0,372.53,356.90999999999997,105.47000000000003,1,1,0.0
23,3,287.2,671.8,336.90000000000003,121.30000000000007,1,1,1.0
23,4,319.2,453.0,317.90000000000003,139.0,1,1,1.0
23,5,424.78,543.7,367.32000000000005,161.5,1,1,1.0
23,6,313.5,568.7,182.7,263.0,1,1,1.0
23,7,550.4,282.0,115.60000000000002,61.39999999999998,1,1,0.0
23,8,789.8,253.5,339.10000000000014,139.0,1,1,1.0
23,9,409.0,725.9,302.29999999999995,174.30000000000007,1,1,1.0
23,10,799.9,642.9,358.69999999999993,176.5,1,1,1.0
24,1,378.8,467.1,107.5,177.39999999999998,1,1,0.0
24,2,309.0,378.7,356.90999999999997,106.5,1,1,0.0
24,3,287.2,671.8,336.90000000000003,115.80000000000007,1,1,1.0
24,4,321.03,447.79,322.37,141.20999999999998,1,1,1.0
24,5,414.6,551.59,355.79999999999995,149.87,1,1,1.0
24,6,313.5,575.5,182.7,256.20000000000005,1,1,1.0
24,7,546.2,282.0,119.79999999999995,61.39999999999998,1,1,0.0
24,8,808.8,253.5,315.20000000000005,139.89999999999998,1,1,1.0
24,9,379.1,723.3,327.4,182.10000000000002,1,1,1.0
24,10,820.2,642.9,336.20000000000005,176.5,1,1,1.0
25,1,384.5,470.4,101.80000000000001,174.10000000000002,1,1,0.0
25,2,321.9,381.7,344.01,104.80000000000001,1,1,0.0
25,3,285.0,678.1,336.1,109.5,1,1,1.0
25,4,304.1,447.79,339.29999999999995,141.20999999999998,1,1,1.0
25,5,417.7,547.3,334.50000000000006,153.71000000000004,1,1,1.0
25,6,311.3,575.5,184.89999999999998,256.20000000000005,1,1,1.0
25,7,547.2,282.0,118.79999999999995,61.39999999999998,1,1,0.0
25,8,856.49,236.5,275.21000000000004,153.60000000000002,1,1,1.0
25,9,379.1,720.3,326.69999999999993,185.10000000000002,1,1,1.0
25,10,839.8,642.9,313.60000000000014,176.5,1,1,1.0
26,1,394.2,465.3,92.10000000000002,179.2,1,1,0.0
26,2,321.8,382.7,344.10999999999996,96.5,1,1,0.0
26,3,285.0,674.8,336.1,112.80000000000007,1,1,1.0
26,4,304.1,447.79,339.29999999999995,141.20999999999998,1,1,1.0
26,5,433.2,541.9,314.09999999999997,159.12,1,1,1.0
26,6,311.3,575.5,184.89999999999998,256.20000000000005,1,1,1.0
26,7,543.4,282.0,126.60000000000002,61.39999999999998,1,1,0.0
26,8,849.1,246.4,281.1,147.20000000000002,1,1,1.0
26,9,379.1,715.5,326.69999999999993,187.29999999999995,1,1,1.0
26,10,839.8,642.9,315.5,176.5,1,1,1.0
27,1,386.7,461.9,99.60000000000002,182.60000000000002,1,1,0.0
27,2,319.7,375.4,347.21,107.30000000000001,1,1,0.0
27,3,285.0,670.0,334.6,117.60000000000002,1,1,1.0
27,4,304.1,447.79,339.29999999999995,141.20999999999998,1,1,1.0
27,5,433.2,536.6,316.8,164.41999999999996,1,1,1.0
27,6,311.3,575.5,184.89999999999998,256.20000000000005,1,1,1.0
27,7,543.9,282.0,122.10000000000002,61.39999999999998,1,1,0.0
27,8,841.29,237.61,277.4100000000001,153.89,1,1,1.0
27,9,379.1,716.2,324.5,186.5999999999999,1,1,1.0
27,10,839.8,642.9,315.5,176.5,1,1,1.0
28,1,389.2,469.3,97.10000000000002,175.2,1,1,0.0
28,2,316.3,378.42,350.23999999999995,107.07999999999998,1,1,0.0
28,3,285.0,670.0,334.6,117.60000000000002,1,1,1.0
28,4,288.6,450.7,349.29999999999995,138.3,1,1,1.0
28,5,428.3,536.6,321.7,164.40999999999997,1,1,1.0
28,6,311.3,575.5,184.89999999999998,256.20000000000005,1,1,1.0
28,7,548.4,282.0,121.30000000000007,61.39999999999998,1,1,0.0
28,8,828.49,241.2,289.9100000000001,153.0,1,1,1.0
28,9,374.7,716.2,328.90000000000003,186.5999999999999,1,1,1.0
28,10,839.8,642.9,317.20000000000005,176.5,1,1,1.0
29,1,393.8,476.1,92.5,165.19999999999993,1,1,0.0
29,2,314.8,383.4,351.49999999999994,99.40000000000003,1,1,0.0
29,3,285.0,670.0,334.6,117.60000000000002,1,1,1.0
29,4,305.9,450.7,333.80000000000007,138.3,1,1,1.0
29,5,423.9,536.6,326.1,164.40999999999997,1,1,1.0
29,6,311.3,575.5,184.89999999999998,256.20000000000005,1,1,1.0
29,7,547.9,282.0,123.89999999999998,61.39999999999998,1,1,0.0
29,8,836.48,249.38,287.6199999999999,144.51999999999998,1,1,1.0
29,9,376.9,738.0,323.0,176.60000000000002,1,1,1.0
29,10,839.8,642.9,317.70000000000005,176.5,1,1,1.0
30,1,392.7,468.9,93.60000000000002,168.70000000000005,1,1,0.0
30,2,314.8,377.2,350.49999999999994,105.60000000000002,1,1,0.0
30,3,306.8,670.0,312.8,117.60000000000002,1,1,1.0
30,4,305.9,450.7,333.80000000000007,143.8,1,1,1.0
30,5,425.7,539.7,324.3,161.30999999999995,1,1,1.0
30,6,323.3,584.4,172.89999999999998,259.30000000000007,1,1,1.0
30,7,550.4,282.0,121.39999999999998,61.39999999999998,1,1,0.0
30,8,831.79,248.1,298.4100000000001,144.6,1,1,1.0
30,9,381.0,741.7,323.29999999999995,176.19999999999993,1,1,1.0
30,10,842.8,642.9,312.5,176.5,1,1,1.0
31,1,388.0,467.8,98.30000000000001,166.09999999999997,1,1,0.0
31,2,314.8,375.2,353.99999999999994,107.60000000000002,1,1,0.0
31,3,306.8,670.0,310.59999999999997,119.29999999999995,1,1,1.0
31,4,305.9,450.7,333.80000000000007,143.8,1,1,1.0
31,5,425.7,539.7,324.3,161.30999999999995,1,1,1.0
31,6,315.3,584.4,180.89999999999998,251.60000000000002,1,1,1.0
31,7,550.4,282.0,121.39999999999998,61.39999999999998,1,1,0.0
31,8,816.69,249.0,316.01,143.7,1,1,1.0
31,9,420.1,750.9,284.9,172.5,1,1,1.0
31,10,842.8,642.9,315.10000000000014,176.5,1,1,1.0
32,1,386.5,473.6,99.80000000000001,160.29999999999995,1,1,0.0
32,2,314.8,375.4,350.49999999999994,107.40000000000003,1,1,0.0
32,3,306.8,666.6,310.59999999999997,121.0,1,1,1.0
32,4,305.9,450.7,335.30000000000007,138.59999999999997,1,1,1.0
32,5,424.4,539.7,325.6,161.31999999999994,1,1,1.0
32,6,315.3,584.4,180.89999999999998,251.60000000000002,1,1,1.0
32,7,550.4,282.0,121.39999999999998,61.39999999999998,1,1,0.0
32,8,816.4,248.7,316.9,145.2,1,1,1.0
32,9,437.4,745.0,265.0,178.39999999999998,1,1,1.0
32,10,835.1,646.2,327.19999999999993,173.19999999999993,1,1,1.0
33,1,389.3,467.9,97.0,166.0,1,1,0.0
33,2,314.8,380.4,350.49999999999994,102.40000000000003,1,1,0.0
33,3,306.8,670.0,310.59999999999997,125.29999999999995,1,1,1.0
33,4,305.9,450.7,335.30000000000007,138.59999999999997,1,1,1.0
33,5,425.7,539.7,321.7,161.31999999999994,1,1,1.0
33,6,315.3,584.4,180.89999999999998,251.60000000000002,1,1,1.0
33,7,550.4,282.0,121.39999999999998,61.39999999999998,1,1,0.0
33,8,821.09,249.6,312.81000000000006,143.70000000000002,1,1,1.0
33,9,448.8,741.3,253.59999999999997,182.10000000000002,1,1,1.0
33,10,835.1,646.2,324.9999999999999,173.19999999999993,1,1,1.0
34,1,353.5,472.1,132.8,161.79999999999995,1,1,0.0
34,2,332.3,382.0,331.40000000000003,120.5,1,1,0.0
34,3,318.6,664.8,298.79999999999995,122.80000000000007,1,1,1.0
34,4,305.9,450.7,335.30000000000007,138.59999999999997,1,1,1.0
34,5,434.1,539.7,311.5,161.31999999999994,1,1,1.0
34,6,320.8,581.0,175.39999999999998,255.0,1,1,1.0
34,7,550.4,282.0,121.39999999999998,61.39999999999998,1,1,0.0
34,8,832.1,246.61,303.9,146.39,1,1,1.0
34,9,418.9,738.0,287.9,185.39999999999998,1,1,1.0
34,10,841.7,646.2,318.39999999999986,173.19999999999993,1,1,1.0
35,1,373.3,472.5,111.19999999999999,151.10000000000002,1,1,0.0
35,2,383.03,347.3,305.6700000000001,149.96999999999997,1,1,0.0
35,3,318.6,664.8,298.79999999999995,122.80000000000007,1,1,1.0
35,4,305.9,450.7,335.30000000000007,138.59999999999997,1,1,1.0
35,5,434.1,539.7,311.5,161.31999999999994,1,1,1.0
35,6,320.8,581.0,175.39999999999998,255.0,1,1,1.0
35,7,550.4,282.0,117.39999999999998,61.39999999999998,1,1,0.0
35,8,832.1,246.61,302.69999999999993,147.28999999999996,1,1,1.0
35,9,406.4,742.1,303.70000000000005,181.29999999999995,1,1,1.0
35,10,841.7,646.2,318.39999999999986,173.79999999999995,1,1,1.0
36,1,380.7,468.9,101.60000000000002,154.70000000000005,1,1,0.0
36,2,383.03,350.7,309.07000000000005,146.57,1,1,0.0
36,3,320.8,664.8,296.59999999999997,122.80000000000007,1,1,1.0
36,4,314.8,450.7,323.09999999999997,140.8,1,1,1.0
36,5,434.1,539.7,311.5,161.31999999999994,1,1,1.0
36,6,320.8,581.0,175.39999999999998,255.0,1,1,1.0
36,7,550.4,282.0,117.39999999999998,61.39999999999998,1,1,0.0
36,8,860.3,239.4,274.20000000000005,152.99999999999997,1,1,1.0
36,9,406.4,742.5,302.20000000000005,180.89999999999998,1,1,1.0
36,10,841.7,646.2,318.39999999999986,174.19999999999993,1,1,1.0
37,1,378.9,473.6,103.40000000000003,150.0,1,1,0.0
37,2,379.0,350.7,313.1,143.2,1,1,0.0
37,3,324.5,664.8,292.9,122.80000000000007,1,1,1.0
37,4,310.4,453.7,327.5,137.8,1,1,1.0
37,5,427.9,539.7,317.70000000000005,161.31999999999994,1,1,1.0
37,6,320.8,581.0,175.39999999999998,255.0,1,1,1.0
37,7,550.4,282.0,117.39999999999998,61.39999999999998,1,1,0.0
37,8,861.2,238.8,275.0999999999999,154.5,1,1,1.0
37,9,404.6,745.8,304.69999999999993,177.60000000000002,1,1,1.0
37,10,841.7,646.2,318.39999999999986,174.5999999999999,1,1,1.0
38,1,389.3,466.1,93.0,157.5,1,1,0.0
38,2,376.9,350.7,315.20000000000005,142.3,1,1,0.0
38,3,324.5,664.8,292.9,122.80000000000007,1,1,1.0
38,4,310.4,453.7,327.5,137.8,1,1,1.0
38,5,427.9,539.7,317.70000000000005,161.31999999999994,1,1,1.0
38,6,320.8,581.0,175.39999999999998,255.0,1,1,1.0
38,7,550.4,282.0,117.39999999999998,61.39999999999998,1,1,0.0
38,8,861.98,243.7,273.52,147.2,1,1,1.0
38,9,404.6,746.9,306.19999999999993,176.5,1,1,1.0
38,10,841.7,646.2,318.39999999999986,177.19999999999993,1,1,1.0
39,1,334.1,457.8,139.29999999999995,198.3,1,1,0.0
39,2,376.9,350.7,315.20000000000005,142.3,1,1,0.0
39,3,324.5,664.8,292.9,122.80000000000007,1,1,1.0
39,4,311.5,450.7,328.20000000000005,139.3,1,1,1.0
39,5,431.4,539.7,312.9,161.31999999999994,1,1,1.0
39,6,317.1,578.2,179.09999999999997,257.79999999999995,1,1,1.0
39,7,550.4,282.0,117.39999999999998,61.39999999999998,1,1,0.0
39,8,867.98,246.4,269.6199999999999,147.49999999999997,1,1,1.0
39,9,404.6,749.5,308.0,171.70000000000005,1,1,1.0
39,10,858.7,645.5,301.79999999999995,176.20000000000005,1,1,1.0
40,1,371.7,471.8,105.40000000000003,184.99999999999994,1,1,0.0
40,2,376.9,350.7,316.70000000000005,142.3,1,1,0.0
40,3,331.1,664.8,286.29999999999995,122.80000000000007,1,1,1.0
40,4,322.6,448.9,317.1,141.10000000000002,1,1,1.0
40,5,431.4,539.7,312.9,161.31999999999994,1,1,1.0
40,6,319.3,578.2,176.89999999999998,257.79999999999995,1,1,1.0
40,7,550.4,282.0,117.39999999999998,61.39999999999998,1,1,0.0
40,8,852.4,241.4,285.80000000000007,151.9,1,1,1.0
40,9,404.6,755.0,310.19999999999993,166.20000000000005,1,1,1.0
40,10,858.7,645.5,300.89999999999986,177.10000000000002,1,1,1.0
41,1,325.9,455.0,156.90000000000003,201.39999999999998,1,1,0.0
41,2,376.9,350.7,318.20000000000005,142.3,1,1,0.0
41,3,306.8,664.8,310.59999999999997,122.80000000000007,1,1,1.0
41,4,317.4,448.9,322.30000000000007,141.10000000000002,1,1,1.0
41,5,433.2,539.7,311.09999999999997,161.31999999999994,1,1,1.0
41,6,317.8,578.2,178.39999999999998,257.79999999999995,1,1,1.0
41,7,550.4,282.0,117.39999999999998,61.39999999999998,1,1,0.0
41,8,832.0,248.2,302.5,145.10000000000002,1,1,1.0
41,9,387.6,762.7,329.0,158.5,1,1,1.0
41,10,858.7,645.9,300.70000000000005,176.70000000000005,1,1,1.0
42,1,324.4,455.0,158.10000000000002,201.0,1,1,0.0
42,2,376.9,350.7,318.70000000000005,142.3,1,1,0.0
42,3,306.8,664.8,310.59999999999997,122.80000000000007,1,1,1.0
42,4,312.2,448.9,325.3,141.10000000000002,1,1,1.0
42,5,436.7,539.7,307.59999999999997,161.31999999999994,1,1,1.0
42,6,317.8,573.9,178.39999999999998,262.1,1,1,1.0
42,7,550.4,282.0,117.39999999999998,61.39999999999998,1,1,0.0
42,8,829.89,247.3,303.2099999999999,145.09999999999997,1,1,1.0
42,9,390.2,764.9,327.50000000000006,153.30000000000007,1,1,1.0
42,10,847.6,647.4,315.9,176.5,1,1,1.0
43,1,379.3,476.1,96.0,179.89999999999998,1,1,0.0
43,2,376.9,350.7,317.4,142.3,1,1,0.0
43,3,318.2,660.0,299.2,127.60000000000002,1,1,1.0
43,4,308.1,448.9,329.4,141.10000000000002,1,1,1.0
43,5,436.7,539.7,307.59999999999997,161.31999999999994,1,1,1.0
43,6,317.8,578.2,178.39999999999998,257.79999999999995,1,1,1.0
43,7,550.4,282.0,117.39999999999998,61.39999999999998,1,1,0.0
43,8,830.89,247.0,306.81000000000006,145.10000000000002,1,1,1.0
43,9,393.2,764.9,324.50000000000006,153.30000000000007,1,1,1.0
43,10,847.6,648.3,314.19999999999993,176.0,1,1,1.0
44,1,394.0,471.1,81.30000000000001,184.89999999999998,1,1,0.0
44,2,380.9,347.6,313.9,143.89999999999998,1,1,0.0
44,3,318.2,660.0,299.2,127.60000000000002,1,1,1.0
44,4,321.7,448.9,315.8,141.10000000000002,1,1,1.0
44,5,431.8,539.7,312.49999999999994,161.31999999999994,1,1,1.0
44,6,317.8,578.2,178.39999999999998,257.79999999999995,1,1,1.0
44,7,550.4,282.0,117.39999999999998,61.39999999999998,1,1,0.0
44,8,829.4,247.3,308.30000000000007,145.09999999999997,1,1,1.0
44,9,372.5,768.2,347.4,148.19999999999993,1,1,1.0
44,10,847.6,645.26,313.30000000000007,178.64,1,1,1.0
45,1,337.5,476.4,137.8,179.60000000000002,1,1,0.0
45,2,413.2,347.6,281.59999999999997,129.09999999999997,1,1,0.0
45,3,295.7,660.0,321.7,127.60000000000002,1,1,1.0
45,4,321.7,441.9,315.09999999999997,149.89999999999998,1,1,1.0
45,5,428.7,539.7,315.59999999999997,161.31999999999994,1,1,1.0
45,6,307.0,578.2,189.2,257.79999999999995,1,1,1.0
45,7,550.4,282.0,117.39999999999998,61.39999999999998,1,1,0.0
45,8,829.4,247.3,308.30000000000007,144.8,1,1,1.0
45,9,372.5,767.8,350.0,148.60000000000002,1,1,1.0
45,10,839.9,644.4,319.19999999999993,179.5,1,1,1.0
46,1,328.0,468.7,174.2,187.3,1,1,0.0
46,2,427.3,347.6,264.8,120.19999999999999,1,1,0.0
46,3,289.8,660.0,327.59999999999997,127.60000000000002,1,1,1.0
46,4,323.9,440.8,315.1,150.99999999999994,1,1,1.0
46,5,428.7,539.7,315.59999999999997,161.31999999999994,1,1,1.0
46,6,307.0,578.2,189.2,248.5999999999999,1,1,1.0
46,7,545.7,282.0,123.59999999999991,61.39999999999998,1,1,0.0
46,8,838.7,247.3,299.0,146.89999999999998,1,1,1.0
46,9,378.4,767.1,342.30000000000007,149.29999999999995,1,1,1.0
46,10,839.9,644.4,319.19999999999993,181.20000000000005,1,1,1.0
47,1,282.5,432.6,202.0,175.10000000000002,1,1,0.0
47,2,427.3,347.6,264.8,117.44999999999999,1,1,0.0
47,3,289.8,660.0,327.59999999999997,127.60000000000002,1,1,1.0
47,4,314.3,440.8,327.99999999999994,151.7,1,1,1.0
47,5,421.2,539.7,323.09999999999997,161.31999999999994,1,1,1.0
47,6,312.5,578.2,183.7,248.5999999999999,1,1,1.0
47,7,550.4,282.0,118.89999999999998,61.39999999999998,1,1,0.0
47,8,838.7,247.3,299.0,145.7,1,1,1.0
47,9,378.4,767.1,342.30000000000007,149.29999999999995,1,1,1.0
47,10,839.9,644.4,319.19999999999993,181.60000000000002,1,1,1.0
48,1,308.5,475.6,193.70999999999998,131.73000000000002,1,1,0.0
48,2,422.3,347.6,269.8,132.39999999999998,1,1,0.0
48,3,320.8,660.0,296.59999999999997,127.60000000000002,1,1,1.0
48,4,314.3,434.2,327.99999999999994,158.3,1,1,1.0
48,5,421.2,539.7,323.09999999999997,161.31999999999994,1,1,1.0
48,6,312.5,578.2,176.89999999999998,253.79999999999995,1,1,1.0
48,7,550.4,282.0,118.89999999999998,61.39999999999998,1,1,0.0
48,8,838.7,247.3,299.0,146.3,1,1,1.0
48,9,376.9,764.1,343.1,152.29999999999995,1,1,1.0
48,10,845.4,641.4,310.69999999999993,183.39999999999998,1,1,1.0
49,1,299.2,470.4,203.2,103.20000000000005,1,1,1.0
49,2,417.5,350.0,274.6,129.60000000000002,1,1,0.0
49,3,320.8,660.0,296.59999999999997,127.60000000000002,1,1,1.0
49,4,355.25,446.4,292.25,181.14999999999998,1,1,1.0
49,5,421.6,539.7,322.69999999999993,161.31999999999994,1,1,1.0
49,6,312.5,595.4,176.89999999999998,236.60000000000002,1,1,1.0
49,7,542.7,282.0,126.59999999999991,61.39999999999998,1,1,0.0
49,8,820.5,245.1,317.20000000000005,147.9,1,1,1.0
49,9,376.9,762.3,342.4,154.10000000000002,1,1,1.0
49,10,838.0,641.4,318.0999999999999,186.80000000000007,1,1,1.0
50,1,305.84,501.1,138.76000000000005,190.91999999999996,1,1,1.0
50,2,418.2,350.0,273.90000000000003,124.60000000000002,1,1,0.0
50,3,326.0,657.0,291.4,130.60000000000002,1,1,1.0
50,4,426.82,402.9,222.18,209.89,1,1,1.0
50,5,428.7,539.7,318.7,161.31999999999994,1,1,1.0
50,6,351.54,623.07,145.26,236.5999999999999,1,1,1.0
50,7,546.4,282.0,122.89999999999998,61.39999999999998,1,1,0.0
50,8,816.5,245.1,321.20000000000005,148.79999999999998,1,1,1.0
50,9,376.9,762.3,342.4,154.10000000000002,1,1,1.0
50,10,838.0,641.4,318.0999999999999,182.10000000000002,1,1,1.0
51,1,316.5,479.5,141.2,315.79999999999995,1,1,1.0
51,2,429.1,350.0,263.0,120.89999999999998,1,1,0.0
51,3,320.8,657.0,296.59999999999997,130.60000000000002,1,1,1.0
51,4,421.29,406.2,238.00999999999993,209.17000000000002,1,1,1.0
51,5,428.7,539.7,318.7,161.31999999999994,1,1,1.0
51,6,344.0,747.9,134.2,176.39999999999998,1,1,0.0
51,7,544.4,282.0,124.89999999999998,61.39999999999998,1,1,0.0
51,8,816.5,245.1,317.70000000000005,149.70000000000002,1,1,1.0
51,9,383.5,758.2,332.1,158.19999999999993,1,1,1.0
51,10,827.7,641.4,328.39999999999986,186.80000000000007,1,1,1.0
52,1,292.9,473.6,171.10000000000002,291.1,1,1,1.0
52,2,415.9,350.0,276.20000000000005,131.0,1,1,0.0
52,3,328.5,665.9,288.9,121.70000000000005,1,1,1.0
52,4,421.29,411.0,249.81,191.10000000000002,1,1,1.0
52,5,428.7,539.7,320.40000000000003,161.31999999999994,1,1,1.0
52,6,331.45,773.0,179.75,163.86,1,1,1.0
52,7,546.7,282.0,121.84999999999991,61.39999999999998,1,1,0.0
52,8,816.5,250.0,317.70000000000005,144.5,1,1,1.0
52,9,380.2,754.9,336.50000000000006,169.20000000000005,1,1,1.0
52,10,827.7,639.9,326.5999999999999,185.30000000000007,1,1,1.0
53,1,316.1,474.0,155.5,318.70000000000005,1,1,1.0
53,2,415.9,350.0,276.20000000000005,131.0,1,1,0.0
53,3,331.5,665.9,285.9,121.70000000000005,1,1,1.0
53,4,476.0,442.4,173.0,170.76999999999998,1,1,1.0
53,5,431.8,539.7,324.90000000000003,163.5,1,1,1.0
53,6,309.9,773.0,201.3,163.86,1,1,1.0
53,7,546.9,282.0,122.39999999999998,61.39999999999998,1,1,0.0
53,8,816.5,250.0,319.9000000000001,143.0,1,1,1.0
53,9,375.4,750.8,341.70000000000005,171.10000000000002,1,1,1.0
53,10,827.7,639.9,326.5999999999999,185.70000000000005,1,1,1.0
54,1,313.5,528.97,138.70999999999998,323.63,1,1,1.0
54,2,423.0,350.0,269.1,131.0,1,1,0.0
54,3,330.0,665.9,302.20000000000005,126.89999999999998,1,1,1.0
54,4,473.9,464.1,144.10000000000002,147.29999999999995,1,1,1.0
54,5,431.8,539.7,324.90000000000003,163.5,1,1,1.0
54,6,356.0,789.1,148.3,152.89999999999998,1,1,1.0
54,7,534.2,282.0,135.0999999999999,61.39999999999998,1,1,0.0
54,8,823.6,250.0,312.80000000000007,145.10000000000002,1,1,1.0
54,9,367.7,750.8,349.40000000000003,171.10000000000002,1,1,1.0
54,10,834.0,639.9,320.29999999999995,184.89999999999998,1,1,1.0
55,1,298.0,608.7,149.39999999999998,288.06999999999994,1,1,1.0
55,2,414.4,350.0,277.70000000000005,147.3,1,1,0.0
55,3,330.0,655.9,294.79999999999995,137.70000000000005,1,1,1.0
55,4,458.5,464.1,167.0,151.19999999999993,1,1,1.0
55,5,439.3,539.7,319.59999999999997,160.39999999999998,1,1,1.0
55,6,395.7,771.6,150.2,176.28999999999996,1,1,0.0
55,7,543.2,282.0,126.09999999999991,61.39999999999998,1,1,0.0
55,8,828.9,247.8,307.5000000000001,145.2,1,1,1.0
55,9,371.0,750.8,346.1,171.10000000000002,1,1,1.0
55,10,834.0,639.5,318.5999999999999,184.0,1,1,1.0
56,1,325.1,636.7,128.2,260.06999999999994,1,1,1.0
56,2,414.4,350.0,277.70000000000005,138.7,1,1,0.0
56,3,306.0,655.9,322.1,134.10000000000002,1,1,1.0
56,4,372.96,497.3,253.44,153.3,1,1,1.0
56,5,432.2,539.7,326.7,160.39999999999998,1,1,1.0
56,6,380.1,774.2,169.89999999999998,169.79999999999995,1,1,0.0
56,7,541.7,282.0,127.59999999999991,61.39999999999998,1,1,0.0
56,8,828.9,247.8,307.5000000000001,146.7,1,1,1.0
56,9,400.1,751.2,314.0,168.89999999999998,1,1,1.0
56,10,841.7,639.5,310.89999999999986,182.70000000000005,1,1,1.0
57,1,356.3,632.3,124.39999999999998,251.56000000000006,1,1,1.0
57,2,403.9,335.2,288.20000000000005,174.7,1,1,1.0
57,3,325.9,647.4,295.20000000000005,131.0,1,1,1.0
57,4,357.9,480.0,271.20000000000005,164.20000000000005,1,1,1.0
57,5,464.5,539.7,299.70000000000005,160.39999999999998,1,1,1.0
57,6,380.1,763.7,186.10000000000002,180.29999999999995,1,1,0.0
57,7,537.3,279.5,132.0,63.89999999999998,1,1,0.0
57,8,853.7,247.8,282.70000000000005,144.59999999999997,1,1,1.0
57,9,428.1,749.7,281.6,175.89999999999998,1,1,1.0
57,10,857.0,640.33,295.5799999999999,183.16999999999996,1,1,1.0
58,1,363.31,729.33,222.39000000000004,118.76999999999998,1,1,1.0
58,2,366.7,338.2,325.40000000000003,152.60000000000002,1,1,1.0
58,3,294.2,644.8,326.90000000000003,125.90000000000009,1,1,1.0
58,4,359.3,476.42,267.65000000000003,170.37999999999994,1,1,1.0
58,5,498.6,539.7,261.19999999999993,160.0,1,1,1.0
58,6,352.4,776.5,213.10000000000002,159.79999999999995,1,1,0.0
58,7,539.8,279.5,129.5,63.89999999999998,1,1,0.0
58,8,853.7,247.8,282.70000000000005,145.8,1,1,1.0
58,9,401.9,737.5,298.20000000000005,201.70000000000005,1,1,1.0
58,10,856.5,639.9,296.0799999999999,182.70000000000005,1,1,1.0
59,1,541.5,629.0,317.20000000000005,181.47000000000003,1,1,1.0
59,2,355.6,340.3,336.5,148.0,1,1,1.0
59,3,330.7,649.2,279.00000000000006,118.89999999999998,1,1,1.0
59,4,367.6,480.0,259.69999999999993,181.0,1,1,1.0
59,5,502.6,539.7,261.19999999999993,160.0,1,1,1.0
59,6,316.12,800.54,223.38,122.86000000000001,1,1,1.0
59,7,523.6,279.5,145.69999999999993,63.89999999999998,1,1,0.0
59,8,820.1,247.8,320.69999999999993,144.59999999999997,1,1,1.0
59,9,406.7,794.7,319.59999999999997,151.5,1,1,1.0
59,10,852.7,639.9,301.16999999999985,184.39999999999998,1,1,1.0
60,1,809.7,437.8,245.79999999999995,259.04,1,1,1.0
60,2,404.5,335.2,287.6,169.10000000000002,1,1,1.0
60,3,297.5,647.0,312.20000000000005,123.70000000000005,1,1,1.0
60,4,370.7,480.0,256.59999999999997,181.0,1,1,1.0
60,5,502.6,539.7,261.19999999999993,160.0,1,1,1.0
60,6,299.83,717.22,289.46999999999997,127.77999999999997,1,1,1.0
60,7,535.0,279.5,134.29999999999995,63.89999999999998,1,1,0.0
60,8,863.0,247.8,280.0,147.0,1,1,1.0
60,9,428.1,798.2,309.29999999999995,145.39999999999998,1,1,1.0
60,10,842.3,639.9,310.28,184.0,1,1,1.0
61,1,837.37,407.2,229.13,259.39000000000004,1,1,1.0
61,2,404.8,342.2,289.69,153.7,1,1,1.0
61,3,297.5,647.0,320.29999999999995,134.39999999999998,1,1,1.0
61,4,357.4,480.0,273.9,169.89999999999998,1,1,1.0
61,5,459.2,539.7,304.59999999999997,160.0,1,1,1.0
61,6,296.4,724.9,286.1,120.10000000000002,1,1,1.0
61,7,536.8,279.5,132.0,63.89999999999998,1,1,0.0
61,8,865.7,234.1,277.29999999999995,158.29999999999998,1,1,1.0
61,9,411.5,792.8,327.4,147.9000000000001,1,1,1.0
61,10,837.0,639.9,317.73,181.80000000000007,1,1,1.0
62,1,842.9,392.4,228.69999999999993,257.6,1,1,1.0
62,2,405.4,339.81,289.5,157.69,1,1,1.0
62,3,312.76,650.01,305.5,138.39,1,1,1.0
62,4,367.1,478.2,252.69999999999993,171.7,1,1,1.0
62,5,431.8,539.7,335.49999999999994,160.89999999999998,1,1,1.0
62,6,289.0,714.4,293.5,121.39999999999998,1,1,1.0
62,7,537.3,279.5,132.0,63.89999999999998,1,1,0.0
62,8,850.6,247.8,292.4,144.59999999999997,1,1,1.0
62,9,356.5,815.7,326.0,125.5,1,1,1.0
62,10,815.8,639.9,338.5,178.39999999999998,1,1,1.0
63,1,841.6,376.9,228.19999999999993,277.0,1,1,1.0
63,2,431.7,341.3,262.00000000000006,146.0,1,1,1.0
63,3,300.13,647.43,315.87,131.87,1,1,1.0
63,4,395.88,493.28,218.62,138.12,1,1,1.0
63,5,433.1,539.7,339.1,163.0999999999999,1,1,1.0
63,6,290.5,700.0,292.0,140.70000000000005,1,1,1.0
63,7,535.5,279.5,133.79999999999995,63.89999999999998,1,1,0.0
63,8,807.2,254.0,342.0,129.5,1,1,1.0
63,9,310.02,824.55,337.48,110.55000000000007,1,1,1.0
63,10,815.8,639.9,338.5,180.60000000000002,1,1,1.0
64,1,829.6,393.5,250.39999999999998,255.79999999999995,1,1,1.0
64,2,451.0,341.3,243.29999999999995,164.8,1,1,1.0
64,3,330.7,631.77,284.90000000000003,159.52999999999997,1,1,1.0
64,4,369.8,487.1,242.90000000000003,141.10000000000002,1,1,1.0
64,5,442.8,544.1,329.40000000000003,158.69999999999993,1,1,1.0
64,6,348.9,716.3,245.0,144.4000000000001,1,1,1.0
64,7,533.8,279.5,135.5,63.89999999999998,1,1,0.0
64,8,816.9,251.8,332.30000000000007,140.7,1,1,1.0
64,9,291.94,818.28,317.56,122.42000000000007,1,1,1.0
64,10,816.9,639.47,337.4,183.23000000000002,1,1,1.0
65,1,827.0,393.5,261.5,256.20000000000005,1,1,1.0
65,2,452.5,321.9,224.89999999999998,187.20000000000005,1,1,1.0
65,3,332.63,645.93,285.97,141.67000000000007,1,1,1.0
65,4,361.39,483.95,249.51,135.40000000000003,1,1,1.0
65,5,442.8,544.1,325.90000000000003,158.69999999999993,1,1,1.0
65,6,395.32,748.58,210.28000000000003,184.31999999999994,1,1,1.0
65,7,536.5,279.5,132.79999999999995,63.89999999999998,1,1,0.0
65,8,809.8,251.8,339.4000000000001,136.5,1,1,1.0
65,9,288.62,807.21,317.88,135.68999999999994,1,1,1.0
65,10,816.9,639.47,337.4,185.73000000000002,1,1,1.0
66,1,822.6,387.2,255.89999999999998,261.8,1,1,1.0
66,2,518.13,273.43,153.47000000000003,250.07,1,1,1.0
66,3,331.1,647.3,271.19999999999993,123.0,1,1,1.0
66,4,342.79,469.78,263.21,148.22000000000003,1,1,1.0
66,5,484.9,544.1,279.4,158.69999999999993,1,1,1.0
66,6,670.24,581.7,210.26,287.44999999999993,1,1,1.0
66,7,535.6,271.81,110.94999999999993,50.49000000000001,1,1,0.0
66,8,809.8,251.8,339.4000000000001,142.2,1,1,1.0
66,9,317.03,762.57,273.57000000000005,179.92999999999995,1,1,1.0
66,10,828.2,632.68,327.8699999999999,188.72000000000003,1,1,1.0
67,1,822.2,384.2,244.0999999999999,303.2,1,1,1.0
67,2,511.5,368.9,202.5,164.20000000000005,1,1,1.0
67,3,305.6,647.3,296.69999999999993,123.0,1,1,1.0
67,4,319.33,460.93,254.77000000000004,148.21999999999997,1,1,1.0
67,5,484.9,544.1,279.4,158.69999999999993,1,1,1.0
67,6,720.71,494.04,159.49,287.45,1,1,1.0
67,7,529.1,270.6,88.19999999999993,54.89999999999998,1,1,0.0
67,8,853.6,239.0,301.4,152.0,1,1,1.0
67,9,324.4,762.57,259.9,183.63,1,1,1.0
67,10,844.7,631.1,309.68000000000006,191.60000000000002,1,1,1.0
68,1,770.55,345.46,278.04999999999995,275.54,1,1,1.0
68,2,495.1,374.03,222.07999999999993,145.37,1,1,1.0
68,3,305.6,649.1,296.69999999999993,121.19999999999993,1,1,1.0
68,4,314.9,456.1,256.5,153.04999999999995,1,1,1.0
68,5,484.9,544.1,279.4,160.5,1,1,1.0
68,6,730.0,478.1,176.39999999999998,297.19999999999993,1,1,1.0
68,7,547.0,268.8,59.700000000000045,54.5,1,1,0.0
68,8,881.93,227.49,261.57000000000005,214.40999999999997,1,1,1.0
68,9,321.4,762.57,268.4,182.52999999999997,1,1,1.0
68,10,846.8,631.31,308.6600000000001,192.59000000000003,1,1,1.0
69,1,710.79,293.82,247.01,207.98000000000002,1,1,1.0
69,2,450.3,376.18,273.15000000000003,166.11999999999995,1,1,1.0
69,3,308.9,649.1,293.4,121.19999999999993,1,1,1.0
69,4,282.58,414.93,271.12000000000006,181.86999999999995,1,1,1.0
69,5,484.9,544.1,276.70000000000005,160.5,1,1,1.0
69,6,761.43,510.0,278.57000000000005,254.66999999999996,1,1,1.0
69,7,551.7,268.3,55.299999999999955,60.39999999999998,1,1,0.0
69,8,1083.36,317.8,334.6400000000001,136.5,1,1,1.0
69,9,305.9,750.4,283.9,194.70000000000005,1,1,1.0
69,10,839.0,636.54,319.56999999999994,192.56000000000006,1,1,1.0
70,1,732.92,295.66,243.68000000000006,205.73999999999995,1,1,1.0
70,2,463.3,409.62,261.29,123.67999999999995,1,1,1.0
70,3,319.6,649.1,282.69999999999993,126.0,1,1,1.0
70,4,299.6,449.6,247.89999999999998,142.79999999999995,1,1,1.0
70,5,484.9,544.1,276.70000000000005,160.5,1,1,1.0
70,6,798.18,476.8,328.12,182.50999999999993,1,1,1.0
70,7,543.0,268.3,61.39999999999998,62.599999999999966,1,1,0.0
70,8,1305.6,420.51,295.4000000000001,174.49,1,1,1.0
70,9,331.7,753.0,258.09999999999997,192.10000000000002,1,1,1.0
70,10,836.45,675.77,322.14999999999986,203.02999999999997,1,1,1.0
71,1,619.0,308.94,331.79999999999995,177.86,1,1,1.0
71,2,455.0,412.13,261.41999999999996,120.07000000000005,1,1,1.0
71,3,319.6,649.1,282.69999999999993,126.0,1,1,1.0
71,4,308.7,459.4,246.8,123.70000000000005,1,1,1.0
71,5,484.9,544.1,276.70000000000005,160.5,1,1,1.0
71,6,811.9,461.3,312.6,188.27000000000004,1,1,1.0
71,7,549.2,268.3,53.39999999999998,57.89999999999998,1,1,0.0
71,8,1326.41,378.89,261.0899999999999,207.31000000000006,1,1,1.0
71,9,358.3,755.2,235.2,189.89999999999998,1,1,1.0
71,10,857.52,666.16,304.0799999999999,221.5,1,1,1.0
72,1,565.0,281.27,300.20000000000005,153.53000000000003,1,1,1.0
72,2,470.2,393.72,246.57,132.88,1,1,1.0
72,3,342.1,649.1,260.19999999999993,126.0,1,1,1.0
72,4,297.4,454.7,276.30000000000007,121.19999999999999,1,1,1.0
72,5,484.9,544.1,276.70000000000005,160.5,1,1,1.0
72,6,811.9,455.1,316.1,191.19999999999993,1,1,1.0
72,7,549.2,268.3,53.39999999999998,57.89999999999998,1,1,0.0
72,8,1324.6,382.4,260.20000000000005,199.80000000000007,1,1,1.0
72,9,352.0,762.2,240.79999999999995,181.0999999999999,1,1,1.0
72,10,828.37,701.58,329.83000000000004,192.7199999999999,1,1,1.0
73,1,586.9,281.27,283.1,138.23000000000002,1,1,1.0
73,2,506.5,384.0,212.77999999999997,135.79999999999995,1,1,1.0
73,3,354.6,643.6,247.69999999999993,144.39999999999998,1,1,1.0
73,4,292.7,454.7,281.00000000000006,112.00000000000006,1,1,1.0
73,5,464.5,540.6,294.0,160.0,1,1,1.0
73,6,833.15,397.1,301.7500000000001,257.31999999999994,1,1,1.0
73,7,537.7,264.7,64.5,61.5,1,1,0.0
73,8,1322.4,388.2,260.5999999999999,195.3,1,1,1.0
73,9,369.0,751.1,223.79999999999995,192.19999999999993,1,1,1.0
73,10,770.08,524.5,232.81999999999994,280.5,1,1,1.0
74,1,576.5,282.4,297.1,137.10000000000002,1,1,1.0
74,2,500.5,368.94,219.14,151.76000000000005,1,1,1.0
74,3,311.4,643.6,290.9,133.29999999999995,1,1,1.0
74,4,304.71,465.3,235.79000000000002,177.98999999999995,1,1,1.0
74,5,465.8,542.4,292.7,158.20000000000005,1,1,1.0
74,6,904.42,319.6,190.38,330.84000000000003,1,1,1.0
74,7,549.2,264.0,50.59999999999991,62.19999999999999,1,1,0.0
74,8,1318.42,394.4,268.0799999999999,195.30000000000007,1,1,1.0
74,9,369.0,759.6,223.79999999999995,183.69999999999993,1,1,1.0
74,10,770.45,337.3,143.3499999999999,324.90000000000003,1,1,1.0
75,1,561.4,282.4,315.20000000000005,149.60000000000002,1,1,1.0
75,2,523.3,383.1,198.49,131.89999999999998,1,1,1.0
75,3,311.4,652.8,289.4,127.80000000000007,1,1,1.0
75,4,330.8,444.9,225.59999999999997,222.70000000000005,1,1,1.0
75,5,461.8,545.5,299.40000000000003,156.39999999999998,1,1,1.0
75,6,904.42,273.1,190.38,401.69999999999993,1,1,1.0
75,7,541.51,264.0,53.09000000000003,60.660000000000025,1,1,0.0
75,8,1314.0,402.8,282.70000000000005,179.40000000000003,1,1,1.0
75,9,373.4,754.1,210.20000000000005,191.0,1,1,1.0
75,10,799.23,238.2,273.3699999999999,260.2,1,1,1.0
76,1,562.9,282.4,331.80000000000007,152.20000000000005,1,1,1.0
76,2,500.3,376.36,219.33999999999997,139.34000000000003,1,1,1.0
76,3,328.4,649.1,277.6,131.5,1,1,1.0
76,4,337.44,465.26,193.26000000000005,134.14,1,1,1.0
76,5,469.3,545.5,291.90000000000003,156.39999999999998,1,1,1.0
76,6,907.5,329.8,187.29999999999995,348.99999999999994,1,1,1.0
76,7,399.0,266.66,178.33000000000004,237.33999999999997,1,1,0.0
76,8,1308.2,405.5,296.0,176.70000000000005,1,1,1.0
76,9,416.9,757.1,177.0,192.10000000000002,1,1,1.0
76,10,829.48,248.9,378.52,121.9,1,1,1.0
77,1,559.2,285.0,319.5999999999999,149.60000000000002,1,1,1.0
77,2,508.5,401.85,222.61,122.25,1,1,1.0
77,3,338.0,649.1,272.4,128.29999999999995,1,1,1.0
77,4,353.38,445.0,139.72000000000003,152.60000000000002,1,1,0.0
77,5,458.7,545.5,302.50000000000006,155.10000000000002,1,1,1.0
77,6,907.5,344.0,191.9000000000001,312.70000000000005,1,1,1.0
77,7,424.1,260.9,163.0,303.70000000000005,1,1,0.0
77,8,1308.2,405.5,284.0,181.60000000000002,1,1,1.0
77,9,595.46,719.8,271.03999999999996,204.31000000000006,1,1,1.0
77,10,1026.12,307.19,275.98,232.91000000000003,1,1,1.0
78,1,564.4,285.0,317.0,124.39999999999998,1,1,1.0
78,2,569.0,380.17,247.20000000000005,152.72999999999996,1,1,1.0
78,3,338.0,647.6,272.4,128.89999999999998,1,1,1.0
78,4,371.6,449.69,86.38,139.41000000000003,1,1,0.0
78,5,457.4,545.5,303.80000000000007,155.10000000000002,1,1,1.0
78,6,907.0,344.0,187.79999999999995,303.79999999999995,1,1,1.0
78,7,379.47,415.0,176.32999999999993,228.23000000000002,1,1,1.0
78,8,1298.9,409.0,338.89999999999986,178.10000000000002,1,1,1.0
78,9,655.59,687.0,246.30999999999995,222.36,1,1,1.0
78,10,1122.77,279.15,207.73000000000002,296.35,1,1,1.0
79,1,585.1,288.0,296.29999999999995,117.5,1,1,1.0
79,2,569.71,379.46,250.39,149.64000000000004,1,1,1.0
79,3,345.4,647.6,265.0,124.79999999999995,1,1,1.0
79,4,379.5,445.03,118.58999999999997,150.57000000000005,1,1,0.0
79,5,457.4,545.5,303.80000000000007,155.10000000000002,1,1,1.0
79,6,907.0,342.2,193.0,302.50000000000006,1,1,1.0
79,7,339.19,409.7,232.51000000000005,251.68,1,1,1.0
79,8,1290.0,424.1,321.20000000000005,163.0,1,1,1.0
79,9,662.6,667.4,236.29999999999995,220.56000000000006,1,1,1.0
79,10,1143.43,367.69,273.3699999999999,260.60999999999996,1,1,1.0
80,1,575.1,280.6,306.29999999999995,128.2,1,1,1.0
80,2,580.88,384.63,314.91999999999996,150.66999999999996,1,1,1.0
80,3,367.2,643.2,243.2,129.19999999999993,1,1,1.0
80,4,353.1,441.58,160.56999999999994,150.71999999999997,1,1,0.0
80,5,479.1,545.5,282.1,155.10000000000002,1,1,1.0
80,6,926.0,332.5,178.0999999999999,312.20000000000005,1,1,1.0
80,7,313.07,442.5,260.83,223.29999999999995,1,1,1.0
80,8,1282.5,424.1,349.9000000000001,153.69999999999993,1,1,1.0
80,9,663.71,649.0,280.18999999999994,248.17999999999995,1,1,1.0
80,10,1339.33,544.41,322.77,180.19000000000005,1,1,1.0
81,1,575.1,274.0,308.1,153.8,1,1,1.0
81,2,599.2,396.77,280.15,144.52999999999997,1,1,1.0
81,3,367.2,642.1,243.2,130.29999999999995,1,1,1.0
81,4,370.0,448.77,144.01999999999998,118.23000000000002,1,1,0.0
81,5,479.1,545.5,282.1,155.10000000000002,1,1,1.0
81,6,938.4,328.5,165.69999999999993,316.20000000000005,1,1,1.0
81,7,293.7,496.1,289.09999999999997,169.69999999999993,1,1,1.0
81,8,1306.41,327.1,294.99,217.5,1,1,1.0
81,9,672.19,652.59,272.40999999999997,243.48000000000002,1,1,1.0
81,10,1344.12,549.57,324.98,220.7299999999999,1,1,1.0
82,1,595.4,271.0,290.0,161.7,1,1,1.0
82,2,612.6,418.04,279.40999999999997,126.56,1,1,1.0
82,3,367.2,642.1,243.2,130.29999999999995,1,1,1.0
82,4,344.9,446.7,164.10000000000002,130.00000000000006,1,1,0.0
82,5,450.3,545.5,306.49999999999994,151.60000000000002,1,1,1.0
82,6,938.4,328.5,163.0000000000001,316.20000000000005,1,1,1.0
82,7,293.7,513.0,300.8,152.79999999999995,1,1,1.0
82,8,1379.5,284.6,197.5999999999999,286.1,1,1,1.0
82,9,672.19,671.8,297.51,224.2700000000001,1,1,1.0
82,10,1341.2,548.5,330.5,222.5,1,1,1.0
83,1,579.5,288.7,314.0,140.40000000000003,1,1,1.0
83,2,640.84,364.94,298.02,170.26000000000005,1,1,1.0
83,3,356.1,629.2,254.29999999999995,143.19999999999993,1,1,1.0
83,4,368.4,446.7,152.10000000000002,130.90000000000003,1,1,0.0
83,5,450.3,545.5,306.49999999999994,151.60000000000002,1,1,1.0
83,6,938.4,324.1,163.0000000000001,320.6,1,1,1.0
83,7,287.6,520.1,313.1,142.39999999999998,1,1,1.0
83,8,1327.7,279.73,184.79999999999995,280.77,1,1,1.0
83,9,671.8,677.5,259.9000000000001,214.5,1,1,1.0
83,10,1334.9,561.8,341.1999999999998,177.80000000000007,1,1,1.0
84,1,575.2,286.91,317.69999999999993,130.39,1,1,1.0
84,2,642.6,374.5,281.79999999999995,148.53999999999996,1,1,1.0
84,3,356.1,629.2,254.29999999999995,143.19999999999993,1,1,1.0
84,4,365.1,445.98,152.5,129.01999999999998,1,1,0.0
84,5,450.3,545.5,306.49999999999994,151.60000000000002,1,1,1.0
84,6,938.4,324.1,163.0000000000001,325.0,1,1,1.0
84,7,291.5,519.2,311.6,143.5,1,1,1.0
84,8,1327.7,289.0,180.39999999999986,269.29999999999995,1,1,1.0
84,9,663.7,678.1,317.79999999999995,207.29999999999995,1,1,1.0
84,10,1324.2,575.4,328.70000000000005,164.20000000000005,1,1,1.0
85,1,585.79,279.1,302.01,137.0,1,1,1.0
85,2,647.8,379.1,273.5,143.93999999999994,1,1,1.0
85,3,326.6,625.1,284.9,150.29999999999995,1,1,1.0
85,4,329.94,433.7,211.06,129.78000000000003,1,1,0.0
85,5,450.3,545.5,306.49999999999994,151.60000000000002,1,1,1.0
85,6,942.8,320.1,164.79999999999995,329.0,1,1,1.0
85,7,287.6,524.4,318.29999999999995,136.80000000000007,1,1,1.0
85,8,1327.7,289.0,172.0,266.6,1,1,1.0
85,9,666.3,678.1,279.4000000000001,209.89999999999998,1,1,1.0
85,10,1323.8,578.7,333.20000000000005,160.89999999999998,1,1,1.0
86,1,583.7,280.0,298.5,138.5,1,1,1.0
86,2,704.06,412.61,267.94000000000005,168.78999999999996,1,1,1.0
86,3,295.6,655.4,315.9,120.0,1,1,1.0
86,4,361.5,430.11,179.99,149.39,1,1,0.0
86,5,424.6,545.5,330.4,151.60000000000002,1,1,1.0
86,6,942.8,317.9,158.60000000000014,336.5,1,1,1.0
86,7,287.6,527.5,315.49,143.79999999999995,1,1,1.0
86,8,1320.6,285.5,179.10000000000014,269.20000000000005,1,1,1.0
86,9,670.0,678.1,279.0,212.10000000000002,1,1,1.0
86,10,1318.3,587.9,321.70000000000005,151.70000000000005,1,1,1.0
87,1,521.2,234.8,349.5,188.39999999999998,1,1,1.0
87,2,722.51,385.25,243.69000000000005,208.14999999999998,1,1,1.0
87,3,274.6,655.4,336.9,120.0,1,1,1.0
87,4,400.0,428.0,142.29999999999995,149.10000000000002,1,1,0.0
87,5,424.6,545.5,330.4,151.60000000000002,1,1,1.0
87,6,937.0,320.6,164.4000000000001,328.0,1,1,1.0
87,7,285.7,533.1,319.00000000000006,141.89999999999998,1,1,1.0
87,8,1318.8,285.5,180.9000000000001,272.29999999999995,1,1,1.0
87,9,673.0,666.7,249.79999999999995,228.69999999999993,1,1,1.0
87,10,1325.3,590.1,319.5,149.5,1,1,1.0
88,1,514.9,234.1,333.30000000000007,197.6,1,1,1.0
88,2,743.1,376.03,231.39999999999998,273.6700000000001,1,1,1.0
88,3,267.6,657.2,339.5,118.19999999999993,1,1,1.0
88,4,371.5,424.46,170.77999999999997,151.54000000000002,1,1,0.0
88,5,430.8,545.5,320.2,151.60000000000002,1,1,1.0
88,6,929.0,347.6,166.5999999999999,297.0,1,1,1.0
88,7,299.9,539.61,307.61,137.49,1,1,1.0
88,8,1318.8,285.5,180.9000000000001,272.29999999999995,1,1,1.0
88,9,676.7,652.3,240.89999999999998,250.10000000000002,1,1,1.0
88,10,1350.4,585.7,308.0999999999999,140.5999999999999,1,1,1.0
89,1,514.9,246.6,338.1,185.1,1,1,1.0
89,2,781.2,368.95,169.31999999999994,310.25000000000006,1,1,1.0
89,3,273.9,657.2,333.20000000000005,118.19999999999993,1,1,1.0
89,4,321.8,442.4,225.09999999999997,142.70000000000005,1,1,0.0
89,5,427.3,545.5,318.40000000000003,151.60000000000002,1,1,1.0
89,6,929.0,343.2,166.5999999999999,298.3,1,1,1.0
89,7,305.4,546.0,303.98,130.79999999999995,1,1,1.0
89,8,1314.8,285.5,184.9000000000001,272.29999999999995,1,1,1.0
89,9,678.5,671.9,265.70000000000005,231.60000000000002,1,1,1.0
89,10,1354.8,578.0,322.10000000000014,156.10000000000002,1,1,1.0
90,1,514.9,242.9,342.20000000000005,188.79999999999998,1,1,1.0
90,2,745.54,413.8,208.66000000000008,268.17,1,1,1.0
90,3,286.8,657.2,322.49999999999994,118.19999999999993,1,1,1.0
90,4,358.1,429.4,191.0,155.70000000000005,1,1,0.0
90,5,422.4,547.3,323.30000000000007,156.0,1,1,1.0
90,6,929.0,319.7,156.9000000000001,319.59999999999997,1,1,1.0
90,7,299.2,517.21,306.09999999999997,147.49,1,1,1.0
90,8,1314.8,285.5,180.0,272.29999999999995,1,1,1.0
90,9,663.0,677.1,303.0,207.19999999999993,1,1,1.0
90,10,1354.8,578.0,331.0,156.10000000000002,1,1,1.0
91,1,516.7,244.1,346.69999999999993,181.70000000000002,1,1,1.0
91,2,672.37,453.8,270.13,252.45,1,1,1.0
91,3,294.2,657.2,312.50000000000006,118.19999999999993,1,1,1.0
91,4,358.1,436.6,162.89999999999998,142.29999999999995,1,1,0.0
91,5,432.6,547.3,311.79999999999995,156.0,1,1,1.0
91,6,923.7,319.7,162.20000000000005,319.59999999999997,1,1,1.0
91,7,295.2,535.0,326.59,127.60000000000002,1,1,1.0
91,8,1314.8,285.5,180.0,272.29999999999995,1,1,1.0
91,9,755.6,642.4,340.6,174.01999999999998,1,1,1.0
91,10,1349.6,559.9,342.10000000000014,154.30000000000007,1,1,1.0
92,1,515.6,237.4,348.5,188.4,1,1,1.0
92,2,627.48,546.6,240.91999999999996,282.93999999999994,1,1,1.0
92,3,337.4,657.2,269.30000000000007,118.19999999999993,1,1,1.0
92,4,383.8,430.8,183.09999999999997,155.59999999999997,1,1,0.0
92,5,432.6,547.3,306.5,159.4000000000001,1,1,1.0
92,6,911.3,306.86,175.10000000000014,325.84000000000003,1,1,1.0
92,7,295.8,516.61,311.48999999999995,144.49,1,1,1.0
92,8,1326.3,284.2,168.5,278.00000000000006,1,1,1.0
92,9,819.42,600.0,330.2800000000001,177.30999999999995,1,1,1.0
92,10,1346.28,569.86,301.9200000000001,165.34000000000003,1,1,1.0
93,1,543.6,261.4,324.9,156.70000000000005,1,1,1.0
93,2,589.36,619.3,222.74,238.21000000000004,1,1,1.0
93,3,378.0,657.2,228.70000000000005,118.19999999999993,1,1,1.0
93,4,506.87,419.33,270.03,136.07,1,1,1.0
93,5,429.9,547.3,309.20000000000005,156.0,1,1,1.0
93,6,884.74,308.19,198.96000000000004,312.51000000000005,1,1,1.0
93,7,293.7,511.79,281.7,155.60999999999996,1,1,1.0
93,8,1326.3,263.0,168.5,307.20000000000005,1,1,1.0
93,9,883.98,510.7,265.02,304.97999999999996,1,1,1.0
93,10,1358.1,558.8,291.9000000000001,189.10000000000002,1,1,1.0
94,1,563.7,264.6,304.79999999999995,153.5,1,1,1.0
94,2,524.9,691.1,284.5,189.15999999999997,1,1,1.0
94,3,334.8,657.2,252.7,142.89999999999998,1,1,1.0
94,4,602.5,439.69,299.70000000000005,167.51000000000005,1,1,1.0
94,5,432.1,547.3,307.0,166.0,1,1,1.0
94,6,884.74,308.19,198.96000000000004,315.21,1,1,1.0
94,7,327.8,468.53,303.49999999999994,164.57000000000005,1,1,1.0
94,8,1326.3,278.1,176.0,299.6,1,1,1.0
94,9,1005.36,414.8,229.93999999999994,293.53000000000003,1,1,1.0
94,10,1363.6,564.7,313.70000000000005,187.89999999999998,1,1,1.0
95,1,561.0,283.9,311.9,133.0,1,1,1.0
95,2,479.3,780.3,291.99999999999994,141.16000000000008,1,1,1.0
95,3,333.32,683.39,246.78000000000003,142.89999999999998,1,1,1.0
95,4,602.5,430.8,317.79999999999995,160.49999999999994,1,1,1.0
95,5,435.6,551.3,308.4,157.30000000000007,1,1,1.0
95,6,906.9,286.5,176.80000000000007,336.9,1,1,1.0
95,7,345.32,463.0,267.18,164.57000000000005,1,1,1.0
95,8,1355.52,331.2,274.28,208.43,1,1,1.0
95,9,1105.71,365.7,173.88999999999987,310.16,1,1,1.0
95,10,1358.8,575.4,334.4000000000001,177.20000000000005,1,1,1.0
96,1,555.5,286.5,311.5,127.89999999999998,1,1,1.0
96,2,503.6,788.9,272.6,132.56000000000006,1,1,1.0
96,3,320.04,692.2,235.75999999999993,140.3599999999999,1,1,1.0
96,4,600.7,430.8,321.79999999999995,160.49999999999994,1,1,1.0
96,5,435.6,551.7,308.4,159.89999999999998,1,1,1.0
96,6,906.9,303.8,176.80000000000007,319.59999999999997,1,1,1.0
96,7,371.3,441.79,192.59999999999997,146.91000000000003,1,1,1.0
96,8,1362.6,393.18,330.9000000000001,148.61999999999995,1,1,1.0
96,9,1128.95,302.2,152.8499999999999,309.84,1,1,1.0
96,10,1358.8,575.4,336.20000000000005,172.39999999999998,1,1,1.0
97,1,541.5,291.7,325.5,148.90000000000003,1,1,1.0
97,2,468.6,788.9,307.6,132.56000000000006,1,1,1.0
97,3,303.44,699.2,267.16,148.12,1,1,1.0
97,4,600.3,440.1,324.9000000000001,159.19999999999993,1,1,1.0
97,5,463.0,551.7,277.5,166.19999999999993,1,1,1.0
97,6,908.7,303.8,175.0,319.59999999999997,1,1,1.0
97,7,369.3,451.0,194.59999999999997,133.79999999999995,1,1,1.0
97,8,1370.1,412.7,298.20000000000005,147.3,1,1,1.0
97,9,1148.5,289.3,147.0,292.85999999999996,1,1,1.0
97,10,1358.8,575.4,323.29999999999995,158.39999999999998,1,1,1.0
98,1,560.3,298.7,303.0,132.3,1,1,1.0
98,2,429.6,788.9,350.0,132.56000000000006,1,1,1.0
98,3,308.2,700.7,263.50000000000006,146.62,1,1,1.0
98,4,617.5,451.2,307.70000000000005,153.90000000000003,1,1,1.0
98,5,463.0,554.8,280.20000000000005,164.4000000000001,1,1,1.0
98,6,908.7,318.9,175.0,306.30000000000007,1,1,1.0
98,7,369.3,446.1,193.09999999999997,141.19999999999993,1,1,1.0
98,8,1370.1,412.7,335.8000000000002,147.7,1,1,1.0
98,9,1151.8,287.1,142.4000000000001,304.6,1,1,1.0
98,10,1354.7,575.4,383.79999999999995,149.89999999999998,1,1,1.0
99,1,560.3,298.7,302.30000000000007,132.3,1,1,1.0
99,2,431.3,800.6,344.90000000000003,120.86000000000001,1,1,1.0
99,3,304.9,709.9,266.80000000000007,137.42000000000007,1,1,1.0
99,4,619.7,440.5,305.5,164.60000000000002,1,1,1.0
99,5,473.2,554.8,270.00000000000006,164.4000000000001,1,1,1.0
99,6,908.7,318.9,175.0,306.30000000000007,1,1,1.0
99,7,369.3,446.1,183.3,144.0,1,1,1.0
99,8,1384.7,417.6,321.20000000000005,138.79999999999995,1,1,1.0
99,9,1151.8,255.0,142.79999999999995,336.70000000000005,1,1,1.0
99,10,1473.5,564.33,311.1099999999999,132.9699999999999,1,1,1.0
100,1,557.3,298.7,309.30000000000007,132.3,1,1,1.0
100,2,376.4,814.1,331.9,114.42999999999995,1,1,1.0
100,3,304.9,709.9,265.30000000000007,137.42000000000007,1,1,1.0
100,4,622.6,444.1,302.6,161.0,1,1,1.0
100,5,467.0,554.8,279.29999999999995,164.4000000000001,1,1,1.0
100,6,908.7,318.9,175.0,306.30000000000007,1,1,1.0
100,7,369.3,451.6,196.8,137.0,1,1,1.0
100,8,1384.7,417.6,311.5,138.79999999999995,1,1,1.0
100,9,1151.8,281.2,141.9000000000001,314.2,1,1,1.0
100,10,1614.43,478.7,170.76999999999998,170.90000000000003,1,1,0.0
101,1,551.4,298.3,311.1,130.09999999999997,1,1,1.0
101,2,315.22,827.63,342.67999999999995,104.87,1,1,1.0
101,3,325.6,709.9,244.60000000000002,123.0,1,1,1.0
101,4,638.3,447.2,286.9000000000001,157.90000000000003,1,1,1.0
101,5,455.5,554.8,290.79999999999995,164.4000000000001,1,1,1.0
101,6,908.7,318.9,175.0,304.1,1,1,1.0
101,7,363.8,443.0,214.90000000000003,137.60000000000002,1,1,1.0
101,8,1381.6,417.6,311.5,138.79999999999995,1,1,1.0
101,9,1151.8,276.4,143.70000000000005,316.0,1,1,1.0
101,10,1665.0,469.5,121.5,184.29999999999995,1,1,0.0
102,1,551.4,301.3,305.6,128.89999999999998,1,1,1.0
102,2,329.3,823.6,311.7,116.29999999999995,1,1,1.0
102,3,347.0,603.65,233.5,237.35000000000002,1,1,1.0
102,4,706.03,473.32,316.1700000000001,220.28000000000003,1,1,1.0
102,5,466.6,554.8,279.69999999999993,164.4000000000001,1,1,1.0
102,6,908.7,291.0,175.0,332.0,1,1,1.0
102,7,371.8,447.9,216.40000000000003,130.5,1,1,1.0
102,8,1381.6,417.6,308.0,138.79999999999995,1,1,1.0
102,9,1151.8,278.6,143.70000000000005,311.6,1,1,1.0
102,10,1754.6,469.5,31.90000000000009,124.89999999999998,1,1,0.0
103,1,551.4,301.3,303.0,129.7,1,1,1.0
103,2,318.92,751.97,286.08,175.92999999999995,1,1,1.0
103,3,381.9,568.24,194.20000000000005,299.65999999999997,1,1,1.0
103,4,771.11,590.64,298.89,180.86,1,1,1.0
103,5,456.9,557.0,289.4,162.20000000000005,1,1,1.0
103,6,908.7,301.2,175.0,318.3,1,1,1.0
103,7,379.3,447.9,206.40000000000003,133.0,1,1,1.0
103,8,1381.6,417.6,308.0,138.79999999999995,1,1,1.0
103,9,1147.4,290.0,148.0999999999999,297.6,1,1,1.0
103,10,1751.6,352.9,35.430000000000064,200.59000000000003,1,1,0.0
104,1,546.9,299.5,302.70000000000005,131.5,1,1,1.0
104,2,313.08,724.91,266.71999999999997,210.39,1,1,1.0
104,3,410.82,504.3,120.18,318.2,1,1,1.0
104,4,771.11,630.5,298.89,156.89999999999998,1,1,1.0
104,5,455.6,557.0,288.9,162.20000000000005,1,1,1.0
104,6,839.2,313.6,244.5,301.9,1,1,1.0
104,7,360.7,442.4,230.2,126.20000000000005,1,1,1.0
104,8,1379.4,417.6,310.5999999999999,145.0,1,1,1.0
104,9,1147.4,287.25,148.0999999999999,300.35,1,1,1.0
104,10,1692.88,331.38,93.81999999999994,159.12,1,1,0.0
105,1,547.5,297.7,304.29999999999995,133.3,1,1,1.0
105,2,297.4,710.5,275.30000000000007,226.29999999999995,1,1,1.0
105,3,423.73,431.0,176.37,340.59000000000003,1,1,1.0
105,4,767.1,614.6,300.69999999999993,172.79999999999995,1,1,1.0
105,5,458.24,557.44,284.9,164.45999999999992,1,1,1.0
105,6,651.05,388.42,244.5,140.28000000000003,1,1,1.0
105,7,363.8,450.7,244.3,82.50000000000006,1,1,1.0
105,8,1375.9,413.6,284.39999999999986,149.0,1,1,1.0
105,9,1147.4,284.5,148.0999999999999,303.1,1,1,1.0
105,10,1655.6,349.5,131.10000000000014,141.39999999999998,1,1,0.0
106,1,550.8,291.8,295.5,140.39999999999998,1,1,1.0
106,2,295.6,701.9,277.1,234.89999999999998,1,1,1.0
106,3,429.3,423.3,188.90000000000003,328.7,1,1,1.0
106,4,776.4,608.4,289.19999999999993,179.0,1,1,1.0
106,5,433.0,564.5,308.4,170.70000000000005,1,1,1.0
106,6,613.0,365.0,275.0,162.39999999999998,1,1,1.0
106,7,363.8,443.3,248.59999999999997,89.90000000000003,1,1,1.0
106,8,1371.9,408.7,321.5999999999999,156.2,1,1,1.0
106,9,1143.3,282.3,149.70000000000005,310.09999999999997,1,1,1.0
106,10,1650.38,350.4,135.39999999999986,132.81,1,1,1.0
107,1,546.3,291.8,296.30000000000007,133.8,1,1,1.0
107,2,331.6,664.4,242.89999999999998,264.4,1,1,1.0
107,3,423.8,423.3,194.40000000000003,320.99999999999994,1,1,1.0
107,4,772.0,608.4,290.0999999999999,179.0,1,1,1.0
107,5,454.2,570.7,272.09999999999997,186.64,1,1,1.0
107,6,561.6,378.3,313.6,139.8,1,1,1.0
107,7,363.8,443.3,248.59999999999997,89.90000000000003,1,1,1.0
107,8,1384.3,409.58,344.20000000000005,175.12000000000006,1,1,1.0
107,9,1143.3,282.3,146.29999999999995,316.7,1,1,1.0
107,10,1636.8,336.87,149.9000000000001,132.82,1,1,1.0
108,1,550.0,288.1,297.79999999999995,129.09999999999997,1,1,1.0
108,2,343.9,575.25,128.8,294.85,1,1,1.0
108,3,420.5,430.3,197.70000000000005,311.40000000000003,1,1,1.0
108,4,785.3,596.4,274.10000000000014,191.0,1,1,1.0
108,5,417.06,635.8,236.23999999999995,191.48000000000002,1,1,1.0
108,6,549.2,378.3,326.0,139.8,1,1,1.0
108,7,414.2,443.3,201.59999999999997,81.30000000000001,1,1,0.0
108,8,1386.95,412.24,332.64999999999986,194.15999999999997,1,1,1.0
108,9,1124.9,276.4,157.69999999999982,324.4,1,1,1.0
108,10,1636.8,336.87,149.9000000000001,132.82,1,1,1.0
109,1,552.1,288.1,299.79999999999995,128.2,1,1,1.0
109,2,346.97,485.17,110.92999999999995,273.93,1,1,1.0
109,3,428.6,428.5,189.60000000000002,320.9,1,1,1.0
109,4,782.6,596.4,276.80000000000007,191.0,1,1,1.0
109,5,424.59,644.2,238.01000000000005,174.66999999999996,1,1,1.0
109,6,574.0,378.3,299.0,130.09999999999997,1,1,1.0
109,7,425.0,436.7,193.0,87.90000000000003,1,1,0.0
109,8,1518.44,458.73,267.55999999999995,169.37,1,1,1.0
109,9,1124.9,276.4,157.69999999999982,324.4,1,1,1.0
109,10,1637.11,350.09,149.9000000000001,125.71000000000004,1,1,1.0
110,1,566.2,295.8,293.79999999999995,116.0,1,1,1.0
110,2,346.97,481.2,108.72999999999996,277.90000000000003,1,1,1.0
110,3,427.5,457.3,190.70000000000005,298.40000000000003,1,1,1.0
110,4,799.4,584.9,260.0000000000001,224.20000000000005,1,1,1.0
110,5,394.93,671.6,245.57,157.01,1,1,1.0
110,6,560.28,341.11,309.22,169.99,1,1,1.0
110,7,434.53,439.47,188.37,63.92999999999995,1,1,0.0
110,8,1515.3,495.5,270.70000000000005,137.89999999999998,1,1,1.0
110,9,1105.0,291.9,177.5999999999999,305.20000000000005,1,1,1.0
110,10,1531.66,363.6,254.13999999999987,135.26,1,1,1.0
111,1,566.2,294.0,299.69999999999993,99.5,1,1,1.0
111,2,333.8,496.9,121.89999999999998,255.0,1,1,1.0
111,3,431.9,457.7,186.30000000000007,301.3,1,1,1.0
111,4,857.8,584.9,225.79999999999995,268.0,1,1,1.0
111,5,361.72,710.1,271.0799999999999,152.60000000000002,1,1,1.0
111,6,563.8,346.9,305.70000000000005,164.20000000000005,1,1,1.0
111,7,434.53,439.47,183.47000000000003,66.13,1,1,0.0
111,8,1649.88,483.5,135.2199999999998,182.22000000000003,1,1,0.0
111,9,1000.6,251.7,330.33000000000004,223.29000000000002,1,1,1.0
111,10,1384.4,399.88,355.0,135.25,1,1,1.0
112,1,524.5,235.3,346.20000000000005,153.7,1,1,1.0
112,2,339.6,493.2,116.09999999999997,254.3,1,1,1.0
112,3,432.6,440.4,185.60000000000002,315.30000000000007,1,1,1.0
112,4,856.03,548.6,249.37000000000012,284.79999999999995,1,1,1.0
112,5,336.5,733.6,296.1,129.60000000000002,1,1,1.0
112,6,564.2,342.0,312.79999999999995,168.7,1,1,1.0
112,7,434.53,431.2,183.47000000000003,74.40000000000003,1,1,0.0
112,8,1709.6,388.8,75.5,300.8,1,1,1.0
112,9,881.44,253.54,361.65999999999985,145.76000000000002,1,1,1.0
112,10,1368.4,400.5,375.89999999999986,134.63,1,1,1.0
113,1,518.2,242.2,353.4,150.10000000000002,1,1,1.0
113,2,368.19,481.83,95.50999999999999,264.17,1,1,1.0
113,3,434.1,410.1,184.10000000000002,343.0,1,1,1.0
113,4,835.2,561.9,263.0999999999999,243.60000000000002,1,1,1.0
113,5,309.5,741.13,268.6,122.97000000000003,1,1,1.0
113,6,576.6,354.4,300.4,156.3,1,1,1.0
113,7,421.7,440.1,196.3,65.5,1,1,0.0
113,8,1706.6,403.9,78.5,206.0,1,1,0.0
113,9,852.66,239.2,371.2400000000001,155.8,1,1,1.0
113,10,1378.2,403.0,366.0999999999999,132.13,1,1,1.0
114,1,518.2,237.1,348.79999999999995,156.29999999999998,1,1,1.0
114,2,382.95,445.24,95.50999999999999,297.55999999999995,1,1,1.0
114,3,431.5,397.6,186.70000000000005,347.0,1,1,1.0
114,4,766.14,585.36,353.86,153.74,1,1,1.0
114,5,290.5,742.9,306.6,125.20000000000005,1,1,1.0
114,6,571.3,348.2,309.20000000000005,159.8,1,1,1.0
114,7,471.4,422.3,146.60000000000002,69.19999999999999,1,1,0.0
114,8,1679.1,449.5,106.0,136.89999999999998,1,1,0.0
114,9,869.1,226.56,331.01999999999987,194.14,1,1,1.0
114,10,1343.5,406.7,369.4000000000001,128.43,1,1,1.0
115,1,554.0,248.5,315.6,143.10000000000002,1,1,1.0
115,2,382.95,442.2,111.44999999999999,258.00000000000006,1,1,1.0
115,3,428.9,413.5,222.10000000000002,302.70000000000005,1,1,1.0
115,4,554.97,619.45,291.03,150.14999999999998,1,1,1.0
115,5,324.59,734.49,273.81,148.21000000000004,1,1,1.0
115,6,598.7,367.2,281.79999999999995,140.8,1,1,1.0
115,7,471.4,415.1,150.30000000000007,76.39999999999998,1,1,0.0
115,8,1572.41,474.7,213.08999999999992,144.90000000000003,1,1,1.0
115,9,867.8,233.7,330.60000000000014,190.04000000000002,1,1,1.0
115,10,1244.51,408.5,353.69000000000005,139.85000000000002,1,1,1.0
116,1,560.3,271.7,281.30000000000007,116.19999999999999,1,1,1.0
116,2,380.49,450.7,111.44999999999999,244.89000000000004,1,1,1.0
116,3,423.0,420.9,228.74,231.5,1,1,1.0
116,4,349.11,643.8,314.89,135.10000000000002,1,1,1.0
116,5,317.1,729.2,275.1,148.19999999999993,1,1,1.0
116,6,612.42,382.7,293.7800000000001,126.63,1,1,1.0
116,7,485.5,416.8,140.39999999999998,74.69999999999999,1,1,0.0
116,8,1536.11,488.0,249.7900000000002,139.57000000000005,1,1,1.0
116,9,849.0,235.2,349.4000000000001,188.54000000000002,1,1,1.0
116,10,1048.36,433.7,388.74,145.08999999999997,1,1,1.0
117,1,579.5,279.4,275.20000000000005,146.20000000000005,1,1,1.0
117,2,388.5,452.2,114.19999999999999,155.50000000000006,1,1,1.0
117,3,372.1,441.2,257.9,211.59999999999997,1,1,1.0
117,4,310.15,605.28,262.25,167.42000000000007,1,1,1.0
117,5,317.1,740.3,282.79999999999995,137.10000000000002,1,1,1.0
117,6,588.52,403.5,213.68000000000006,243.51,1,1,1.0
117,7,488.3,403.8,155.2,76.59999999999997,1,1,0.0
117,8,1511.32,487.56,251.58000000000015,139.57,1,1,1.0
117,9,849.0,235.2,352.4000000000001,188.55,1,1,1.0
117,10,892.49,455.2,369.9100000000001,171.55,1,1,1.0
118,1,580.4,280.7,277.70000000000005,144.0,1,1,1.0
118,2,399.3,416.2,150.09999999999997,155.3,1,1,1.0
118,3,373.21,435.7,313.19,206.03000000000003,1,1,1.0
118,4,314.58,529.14,201.92000000000002,265.65999999999997,1,1,1.0
118,5,313.6,754.0,285.1,123.39999999999998,1,1,1.0
118,6,488.91,494.3,249.08999999999997,255.42000000000002,1,1,1.0
118,7,532.89,403.8,106.31000000000006,53.19999999999999,1,1,0.0
118,8,1506.0,468.5,239.5999999999999,174.60000000000002,1,1,1.0
118,9,839.4,235.2,361.6,188.55,1,1,1.0
118,10,861.75,448.13,362.04999999999995,160.76999999999998,1,1,1.0
119,1,563.49,278.31,290.80999999999995,126.49000000000001,1,1,1.0
119,2,444.1,414.1,122.79999999999995,136.10000000000002,1,1,1.0
119,3,499.75,404.0,286.25,169.48000000000002,1,1,1.0
119,4,308.38,464.95,198.51999999999998,260.75000000000006,1,1,1.0
119,5,313.6,754.0,278.6,123.39999999999998,1,1,1.0
119,6,456.15,527.9,253.95000000000005,225.80000000000007,1,1,1.0
119,7,540.27,398.88,84.83000000000004,44.01999999999998,1,1,0.0
119,8,1477.67,449.91,249.73000000000002,198.08999999999997,1,1,1.0
119,9,848.6,241.1,357.6,182.64000000000001,1,1,1.0
119,10,836.23,452.4,379.8699999999999,165.10000000000002,1,1,1.0
120,1,556.0,280.0,285.9,143.39999999999998,1,1,1.0
120,2,454.9,414.1,168.30000000000007,141.0,1,1,1.0
120,3,535.16,417.28,339.34000000000003,128.12,1,1,1.0
120,4,302.6,464.95,211.60000000000002,257.65000000000003,1,1,1.0
120,5,313.6,754.0,278.6,123.39999999999998,1,1,1.0
120,6,464.1,562.9,245.10000000000002,181.10000000000002,1,1,1.0
120,7,540.27,407.2,110.93000000000006,39.400000000000034,1,1,0.0
120,8,1431.62,387.93,250.58000000000015,248.07,1,1,1.0
120,9,823.9,244.1,392.5000000000001,179.64000000000001,1,1,1.0
120,10,839.3,466.5,374.29999999999995,151.0,1,1,1.0
