1,1,214.4,463.2,294.6,147.90000000000003,1,1,1.0
1,2,212.3,613.2,345.59999999999997,119.09999999999991,1,1,1.0
1,3,262.5,704.5,368.29999999999995,136.39999999999998,1,1,1.0
1,4,670.8,247.5,169.30000000000007,263.7,1,1,1.0
1,5,837.7,209.7,283.39999999999986,160.90000000000003,1,1,1.0
1,6,740.0,413.6,352.0999999999999,139.39999999999998,1,1,1.0
1,7,737.6,574.6,361.9,147.10000000000002,1,1,1.0
1,8,1100.0,324.4,284.79999999999995,214.89999999999998,1,1,1.0
1,9,1672.3,151.0,174.5,409.79999999999995,1,1,1.0
2,1,213.6,470.2,297.70000000000005,141.7,1,1,1.0
2,2,241.8,616.4,316.09999999999997,114.10000000000002,1,1,1.0
2,3,302.1,695.52,327.0,146.68000000000006,1,1,1.0
2,4,672.1,246.2,167.39999999999998,265.0,1,1,1.0
2,5,835.8,209.7,289.10000000000014,161.0,1,1,1.0
2,6,746.0,407.8,347.5999999999999,141.3,1,1,1.0
2,7,731.6,574.6,349.1,138.79999999999995,1,1,1.0
2,8,1102.3,325.7,284.4000000000001,215.50000000000006,1,1,1.0
2,9,1672.3,166.8,174.5,392.40000000000003,1,1,1.0
3,1,239.2,474.7,282.59999999999997,123.59999999999997,1,1,1.0
3,2,335.4,564.9,277.80000000000007,172.5,1,1,1.0
3,3,493.0,635.4,174.20000000000005,263.9,1,1,1.0
3,4,642.6,255.9,204.69999999999993,217.70000000000002,1,1,1.0
3,5,835.2,198.4,284.0,169.49999999999997,1,1,1.0
3,6,767.1,406.4,315.9999999999999,144.20000000000005,1,1,1.0
3,7,736.1,563.3,304.69999999999993,141.10000000000002,1,1,1.0
3,8,1127.5,294.3,217.0999999999999,240.59999999999997,1,1,1.0
3,9,1672.3,200.0,181.29999999999995,360.0,1,1,1.0
4,1,453.2,357.1,232.8,213.31999999999994,1,1,1.0
4,2,337.9,557.5,269.6,172.39999999999998,1,1,1.0
4,3,580.3,683.1,328.0,126.39999999999998,1,1,1.0
4,4,621.0,287.6,238.0,149.0,1,1,1.0
4,5,834.6,191.5,282.1,173.89999999999998,1,1,1.0
4,6,761.8,408.3,322.10000000000014,145.3,1,1,1.0
4,7,738.4,559.5,302.4,138.89999999999998,1,1,1.0
4,8,1131.9,335.7,229.0,209.2,1,1,1.0
4,9,1672.3,227.9,182.10000000000014,341.9,1,1,1.0
5,1,542.12,216.2,275.88,144.7,1,1,1.0
5,2,277.0,567.4,331.79999999999995,169.39999999999998,1,1,1.0
5,3,682.7,686.9,279.0,176.60000000000002,1,1,1.0
5,4,705.4,317.7,300.5,115.10000000000002,1,1,1.0
5,5,843.4,185.8,275.19999999999993,170.09999999999997,1,1,1.0
5,6,780.6,408.3,296.4999999999999,145.3,1,1,1.0
5,7,736.9,558.0,297.1,134.39999999999998,1,1,1.0
5,8,1138.8,318.7,218.29999999999995,228.09999999999997,1,1,1.0
5,9,1672.3,230.2,187.4000000000001,339.59999999999997,1,1,1.0
6,1,685.28,177.7,312.82000000000005,128.2,1,1,1.0
6,2,424.6,446.9,292.69999999999993,221.5,1,1,1.0
6,3,701.5,684.4,270.20000000000005,181.60000000000002,1,1,1.0
6,4,743.7,342.2,281.70000000000005,115.10000000000002,1,1,1.0
6,5,852.2,204.6,284.5999999999999,160.1,1,1,1.0
6,6,749.0,412.1,322.79999999999995,137.0,1,1,1.0
6,7,735.4,556.5,298.6,140.39999999999998,1,1,1.0
6,8,1172.7,289.2,175.5999999999999,273.3,1,1,1.0
6,9,1672.3,234.7,191.20000000000005,338.09999999999997,1,1,1.0
7,1,770.5,176.1,273.5,107.9,1,1,1.0
7,2,470.4,414.2,296.1,139.90000000000003,1,1,1.0
7,3,699.6,689.4,277.79999999999995,172.80000000000007,1,1,1.0
7,4,812.8,353.5,275.4000000000001,127.69999999999999,1,1,1.0
7,5,810.1,257.3,326.1,139.39999999999998,1,1,1.0
7,6,728.7,415.1,340.79999999999995,135.5,1,1,1.0
7,7,733.9,550.5,297.80000000000007,141.89999999999998,1,1,1.0
7,8,1183.4,286.7,159.89999999999986,277.7,1,1,1.0
7,9,1672.3,238.5,192.70000000000005,337.29999999999995,1,1,1.0
8,1,766.7,176.9,284.0999999999999,129.70000000000002,1,1,1.0
8,2,465.4,414.2,306.1,179.40000000000003,1,1,1.0
8,3,693.3,678.6,255.20000000000005,175.39999999999998,1,1,1.0
8,4,864.3,352.2,250.9000000000001,137.2,1,1,1.0
8,5,763.0,273.6,338.0,138.79999999999995,1,1,1.0
8,6,758.1,415.1,309.1,137.0,1,1,1.0
8,7,733.1,552.0,295.6,144.89999999999998,1,1,1.0
8,8,1173.4,292.4,179.29999999999995,269.5,1,1,1.0
8,9,1672.3,238.5,197.20000000000005,338.79999999999995,1,1,1.0
9,1,772.7,174.6,272.0999999999999,114.70000000000002,1,1,1.0
9,2,467.3,415.5,309.90000000000003,177.39999999999998,1,1,1.0
9,3,699.6,669.3,246.39999999999998,178.4000000000001,1,1,1.0
9,4,868.7,359.1,252.20000000000005,134.7,1,1,1.0
9,5,765.5,273.0,335.5,141.3,1,1,1.0
9,6,767.9,412.8,297.0000000000001,135.49999999999994,1,1,1.0
9,7,733.9,553.5,295.6,138.89999999999998,1,1,1.0
9,8,1172.1,299.3,190.0,264.49999999999994,1,1,1.0
9,9,1672.3,237.0,194.9000000000001,344.1,1,1,1.0
10,1,778.0,175.4,274.29999999999995,119.9,1,1,1.0
10,2,468.6,414.9,309.19999999999993,203.10000000000002,1,1,1.0
10,3,706.5,682.5,249.5,148.89999999999998,1,1,1.0
10,4,882.6,364.8,246.4999999999999,136.0,1,1,1.0
10,5,798.2,264.2,302.79999999999995,153.2,1,1,1.0
10,6,767.1,414.3,288.69999999999993,139.99999999999994,1,1,1.0
10,7,734.7,552.0,294.79999999999995,143.39999999999998,1,1,1.0
10,8,1165.8,308.1,203.20000000000005,253.19999999999993,1,1,1.0
10,9,1672.3,237.8,192.60000000000014,343.3,1,1,1.0
11,1,963.4,179.2,279.5000000000001,171.60000000000002,1,1,1.0
11,2,465.5,414.9,312.9,209.39999999999998,1,1,1.0
11,3,705.2,696.2,265.19999999999993,145.89999999999998,1,1,1.0
11,4,892.5,368.6,242.9000000000001,136.5,1,1,1.0
11,5,792.5,265.5,307.20000000000005,148.8,1,1,1.0
11,6,766.3,412.8,291.0,143.7,1,1,1.0
11,7,732.4,552.8,294.80000000000007,139.60000000000002,1,1,1.0
11,8,1133.1,343.3,242.80000000000018,192.3,1,1,1.0
11,9,1672.3,222.0,190.29999999999995,359.1,1,1,1.0
12,1,1038.0,199.5,296.0,159.8,1,1,1.0
12,2,463.0,423.7,312.29999999999995,144.09999999999997,1,1,1.0
12,3,700.8,670.5,268.4000000000001,164.10000000000002,1,1,1.0
12,4,911.5,358.6,241.5,140.2,1,1,1.0
12,5,767.4,264.9,315.30000000000007,145.0,1,1,1.0
12,6,764.0,408.3,286.5,148.2,1,1,1.0
12,7,727.9,549.8,305.30000000000007,135.80000000000007,1,1,1.0
12,8,1132.5,338.3,233.4000000000001,198.59999999999997,1,1,1.0
12,9,1672.3,225.8,191.79999999999995,353.8,1,1,1.0
13,1,1064.4,218.3,279.39999999999986,153.3,1,1,1.0
13,2,460.5,426.2,314.79999999999995,136.50000000000006,1,1,1.0
13,3,699.5,670.5,269.70000000000005,161.0,1,1,1.0
13,4,904.0,327.8,272.20000000000005,184.8,1,1,1.0
13,5,773.1,264.3,316.4999999999999,144.3,1,1,1.0
13,6,712.8,405.3,346.0,152.7,1,1,1.0
13,7,726.4,540.7,298.5000000000001,147.89999999999998,1,1,1.0
13,8,1131.2,372.7,254.70000000000005,185.50000000000006,1,1,1.0
13,9,1672.3,203.2,185.0,372.7,1,1,1.0
14,1,1068.2,224.3,274.0999999999999,140.8,1,1,1.0
14,2,461.8,423.7,299.09999999999997,135.90000000000003,1,1,1.0
14,3,697.6,669.2,270.29999999999995,159.79999999999995,1,1,1.0
14,4,988.7,280.1,235.79999999999995,201.09999999999997,1,1,1.0
14,5,759.3,264.9,334.70000000000005,143.70000000000005,1,1,1.0
14,6,703.8,395.5,359.5,163.29999999999995,1,1,1.0
14,7,724.9,547.5,307.5000000000001,139.60000000000002,1,1,1.0
14,8,1132.5,387.3,260.4000000000001,172.2,1,1,1.0
14,9,1672.3,199.4,176.0,374.20000000000005,1,1,1.0
15,1,1077.71,216.33,271.19000000000005,145.27,1,1,1.0
15,2,459.9,426.2,328.6,134.7,1,1,1.0
15,3,696.3,669.2,268.5,160.39999999999998,1,1,1.0
15,4,1011.9,273.8,197.5000000000001,239.40000000000003,1,1,1.0
15,5,758.0,265.5,329.70000000000005,137.39999999999998,1,1,1.0
15,6,688.0,334.4,303.0,211.60000000000002,1,1,1.0
15,7,723.4,543.0,350.4,133.60000000000002,1,1,1.0
15,8,1124.3,384.8,267.29999999999995,177.2,1,1,1.0
15,9,1672.3,194.9,182.0,375.70000000000005,1,1,1.0
16,1,1075.7,213.8,271.0999999999999,145.59999999999997,1,1,1.0
16,2,459.9,423.1,328.30000000000007,139.10000000000002,1,1,1.0
16,3,692.5,673.0,274.20000000000005,148.39999999999998,1,1,1.0
16,4,1025.1,214.8,173.0,314.7,1,1,1.0
16,5,758.7,262.4,344.0999999999999,158.8,1,1,1.0
16,6,593.8,274.8,279.6,220.7,1,1,1.0
16,7,730.2,558.1,344.39999999999986,144.10000000000002,1,1,1.0
16,8,1127.1,376.0,263.20000000000005,186.60000000000002,1,1,1.0
16,9,1672.3,195.7,182.0,377.2,1,1,1.0
17,1,1069.7,210.8,313.29999999999995,150.0,1,1,1.0
17,2,459.9,423.3,325.5,140.09999999999997,1,1,1.0
17,3,688.7,678.9,349.0,155.89999999999998,1,1,1.0
17,4,1023.2,263.2,173.5999999999999,256.90000000000003,1,1,1.0
17,5,758.7,268.7,331.5,155.0,1,1,1.0
17,6,520.0,263.9,318.0,218.0,1,1,1.0
17,7,731.7,559.6,373.0,135.60000000000002,1,1,1.0
17,8,1132.4,374.7,261.6999999999998,187.90000000000003,1,1,1.0
17,9,1672.3,195.7,182.0,377.2,1,1,1.0
18,1,1062.9,207.0,341.1999999999998,153.89999999999998,1,1,1.0
18,2,461.2,422.5,325.50000000000006,142.79999999999995,1,1,1.0
18,3,690.6,676.2,360.9,160.39999999999998,1,1,1.0
18,4,1021.3,263.2,174.20000000000005,256.90000000000003,1,1,1.0
18,5,758.7,269.3,330.20000000000005,151.89999999999998,1,1,1.0
18,6,514.7,271.1,318.0999999999999,214.59999999999997,1,1,1.0
18,7,728.7,558.1,351.89999999999986,132.0,1,1,1.0
18,8,1129.9,373.4,263.5999999999999,189.20000000000005,1,1,1.0
18,9,1672.3,186.7,186.5,383.90000000000003,1,1,1.0
19,1,1065.2,205.5,333.5999999999999,155.39999999999998,1,1,1.0
19,2,460.6,430.1,324.79999999999995,134.69999999999993,1,1,1.0
19,3,684.9,676.2,386.69999999999993,157.0999999999999,1,1,1.0
19,4,1021.3,256.3,179.20000000000005,267.59999999999997,1,1,1.0
19,5,758.1,268.7,329.4999999999999,155.0,1,1,1.0
19,6,569.0,270.3,263.0,219.89999999999998,1,1,1.0
19,7,740.0,561.9,348.9000000000001,144.80000000000007,1,1,1.0
19,8,1132.4,372.2,260.5,189.09999999999997,1,1,1.0
19,9,1672.3,183.7,184.20000000000005,386.90000000000003,1,1,1.0
20,1,1069.0,204.0,347.9000000000001,158.39999999999998,1,1,1.0
20,2,463.1,423.8,324.19999999999993,135.3,1,1,1.0
20,3,694.9,676.2,289.9,166.0999999999999,1,1,1.0
20,4,1030.1,256.3,168.5,273.90000000000003,1,1,1.0
20,5,762.5,270.0,324.5,153.7,1,1,1.0
20,6,486.9,301.9,313.5,113.0,1,1,1.0
20,7,740.8,564.9,297.60000000000014,141.80000000000007,1,1,1.0
20,8,1128.6,372.2,261.8000000000002,190.40000000000003,1,1,1.0
20,9,1672.3,176.9,186.5,387.70000000000005,1,1,1.0
21,1,1079.5,222.1,336.5999999999999,138.00000000000003,1,1,1.0
21,2,464.4,415.0,322.9,140.29999999999995,1,1,1.0
21,3,704.3,674.1,271.9000000000001,164.19999999999993,1,1,1.0
21,4,1030.1,270.1,171.0,260.1,1,1,1.0
21,5,762.5,271.3,325.0999999999999,152.39999999999998,1,1,1.0
21,6,270.6,351.6,314.28999999999996,184.69999999999993,1,1,1.0
21,7,736.3,565.7,296.10000000000014,135.69999999999993,1,1,1.0
21,8,1131.7,370.3,256.79999999999995,192.3,1,1,1.0
21,9,1672.3,166.3,188.0,398.3,1,1,1.0
22,1,1081.0,222.9,324.5999999999999,144.70000000000002,1,1,1.0
22,2,470.1,403.0,327.79999999999995,149.79999999999995,1,1,1.0
22,3,707.4,676.2,265.70000000000005,160.29999999999995,1,1,1.0
22,4,1033.2,236.2,164.79999999999995,300.3,1,1,1.0
22,5,762.5,270.7,324.5,154.3,1,1,1.0
22,6,251.0,351.6,294.0,208.79999999999995,1,1,1.0
22,7,736.3,561.2,291.60000000000014,137.89999999999998,1,1,1.0
22,8,1127.9,368.4,260.0,194.20000000000005,1,1,1.0
22,9,1672.3,155.8,179.70000000000005,410.3,1,1,1.0
23,1,1083.3,204.8,307.29999999999995,167.3,1,1,1.0
23,2,475.8,408.7,308.3,138.40000000000003,1,1,1.0
23,3,707.4,696.3,263.80000000000007,142.10000000000002,1,1,1.0
23,4,1023.8,209.2,162.29999999999995,322.90000000000003,1,1,1.0
23,5,750.0,270.7,330.70000000000005,158.10000000000002,1,1,1.0
23,6,272.1,358.4,275.19999999999993,209.5,1,1,1.0
23,7,734.8,559.7,293.10000000000014,140.19999999999993,1,1,1.0
23,8,1132.9,366.5,256.29999999999995,193.60000000000002,1,1,1.0
23,9,1672.3,108.3,178.9000000000001,457.8,1,1,1.0
24,1,1082.5,202.5,290.79999999999995,183.89999999999998,1,1,1.0
24,2,484.0,406.8,303.9,135.3,1,1,1.0
24,3,709.9,693.8,262.6,144.60000000000002,1,1,1.0
24,4,823.5,186.0,294.78,175.93,1,1,1.0
24,5,752.5,270.7,317.5,153.7,1,1,1.0
24,6,285.7,362.9,242.8,199.0,1,1,1.0
24,7,737.1,558.9,290.80000000000007,141.80000000000007,1,1,1.0
24,8,1131.7,364.0,257.5,198.60000000000002,1,1,1.0
24,9,1672.3,121.9,175.10000000000014,441.9,1,1,1.0
25,1,1130.7,206.3,263.70000000000005,196.7,1,1,1.0
25,2,503.5,403.0,284.4,141.0,1,1,1.0
25,3,719.3,695.1,256.4000000000001,140.19999999999993,1,1,1.0
25,4,818.5,171.6,282.20000000000005,130.70000000000002,1,1,1.0
25,5,750.6,285.1,321.30000000000007,147.5,1,1,1.0
25,6,246.5,368.2,271.5,192.90000000000003,1,1,1.0
25,7,738.6,561.7,286.30000000000007,137.5,1,1,1.0
25,8,1134.2,379.0,261.89999999999986,182.34000000000003,1,1,1.0
25,9,1672.3,113.6,173.60000000000014,447.9,1,1,1.0
26,1,1150.3,203.3,247.9000000000001,213.3,1,1,1.0
26,2,506.6,399.9,281.29999999999995,134.10000000000002,1,1,1.0
26,3,725.0,675.6,252.39999999999998,155.89999999999998,1,1,1.0
26,4,771.4,179.1,309.80000000000007,122.6,1,1,1.0
26,5,756.9,293.3,320.0000000000001,141.8,1,1,1.0
26,6,214.9,371.2,314.4,204.2,1,1,1.0
26,7,743.1,550.6,284.1,143.29999999999995,1,1,1.0
26,8,1127.3,387.2,271.29999999999995,173.59999999999997,1,1,1.0
26,9,1672.3,109.8,174.29999999999995,450.2,1,1,1.0
27,1,1166.9,190.5,236.5999999999999,229.89999999999998,1,1,1.0
27,2,507.2,401.8,278.8,132.2,1,1,1.0
27,3,726.9,670.6,250.70000000000005,149.60000000000002,1,1,1.0
27,4,767.6,182.9,306.1,120.1,1,1,1.0
27,5,751.2,299.0,326.29999999999995,134.8,1,1,1.0
27,6,218.7,381.7,312.90000000000003,196.00000000000006,1,1,1.0
27,7,740.8,557.4,284.10000000000014,126.70000000000005,1,1,1.0
27,8,1118.5,387.2,292.0,159.8,1,1,1.0
27,9,1672.3,128.6,174.29999999999995,431.4,1,1,1.0
28,1,1169.2,184.5,234.29999999999995,226.10000000000002,1,1,1.0
28,2,507.2,400.5,278.2,135.39999999999998,1,1,1.0
28,3,726.3,670.6,252.60000000000002,151.5,1,1,1.0
28,4,785.8,174.7,284.10000000000014,123.30000000000001,1,1,1.0
28,5,751.2,293.3,326.89999999999986,140.5,1,1,1.0
28,6,218.7,384.0,320.40000000000003,193.70000000000005,1,1,1.0
28,7,740.8,544.6,283.29999999999995,137.19999999999993,1,1,1.0
28,8,1117.9,383.4,291.29999999999995,164.60000000000002,1,1,1.0
28,9,1672.3,128.6,174.29999999999995,431.4,1,1,1.0
29,1,1169.2,183.0,235.79999999999995,228.39999999999998,1,1,1.0
29,2,507.8,397.4,276.3,139.80000000000007,1,1,1.0
29,3,731.3,669.3,248.20000000000005,153.30000000000007,1,1,1.0
29,4,764.5,184.7,299.70000000000005,117.69999999999999,1,1,1.0
29,5,777.6,294.6,304.9,135.39999999999998,1,1,1.0
29,6,224.0,384.8,315.9,192.90000000000003,1,1,1.0
29,7,740.8,544.6,278.0,134.89999999999998,1,1,1.0
29,8,1090.9,382.1,318.89999999999986,163.60000000000002,1,1,1.0
29,9,1672.3,159.5,174.29999999999995,396.0,1,1,1.0
30,1,1173.0,183.0,231.20000000000005,231.39999999999998,1,1,1.0
30,2,504.7,398.7,279.7,140.40000000000003,1,1,1.0
30,3,723.8,671.8,254.4000000000001,155.20000000000005,1,1,1.0
30,4,766.4,199.1,302.19999999999993,122.79999999999998,1,1,1.0
30,5,770.7,289.6,318.70000000000005,152.2,1,1,1.0
30,6,227.0,384.0,312.9,193.70000000000005,1,1,1.0
30,7,740.8,542.3,281.0,141.0,1,1,1.0
30,8,1090.9,377.7,317.0,160.59999999999997,1,1,1.0
30,9,1672.3,169.3,176.60000000000014,388.49999999999994,1,1,1.0
31,1,1176.0,183.0,232.0,217.8,1,1,1.0
31,2,503.4,397.4,279.5,143.60000000000002,1,1,1.0
31,3,714.4,671.8,263.80000000000007,149.60000000000002,1,1,1.0
31,4,728.1,201.6,349.30000000000007,127.20000000000002,1,1,1.0
31,5,785.8,285.8,311.79999999999995,186.89999999999998,1,1,1.0
31,6,220.2,382.5,320.40000000000003,194.39999999999998,1,1,1.0
31,7,740.0,544.6,282.6,138.39999999999998,1,1,1.0
31,8,1116.6,377.1,288.8000000000002,174.19999999999993,1,1,1.0
31,9,1672.3,163.3,176.60000000000014,395.3,1,1,1.0
32,1,1173.7,183.0,233.5,229.10000000000002,1,1,1.0
32,2,497.7,396.1,285.2,165.89999999999998,1,1,1.0
32,3,713.1,673.1,265.1,148.89999999999998,1,1,1.0
32,4,772.1,201.6,309.69999999999993,132.20000000000002,1,1,1.0
32,5,777.6,272.6,253.39999999999998,262.9,1,1,1.0
32,6,229.2,381.0,311.40000000000003,201.20000000000005,1,1,1.0
32,7,737.0,535.6,286.4,141.69999999999993,1,1,1.0
32,8,1116.6,373.3,287.5,164.90000000000003,1,1,1.0
32,9,1672.3,158.8,176.60000000000014,399.8,1,1,1.0
33,1,1173.7,183.0,235.0,229.10000000000002,1,1,1.0
33,2,485.7,399.2,297.8,149.3,1,1,1.0
33,3,713.1,673.1,265.1,147.0,1,1,1.0
33,4,771.5,199.7,296.5,136.0,1,1,1.0
33,5,809.0,270.1,224.5,264.79999999999995,1,1,1.0
33,6,254.8,381.8,289.59999999999997,199.59999999999997,1,1,1.0
33,7,725.7,548.4,310.5,127.39999999999998,1,1,1.0
33,8,1119.7,375.2,286.5,170.50000000000006,1,1,1.0
33,9,1672.3,151.3,177.4000000000001,409.59999999999997,1,1,1.0
34,1,1176.0,186.0,234.20000000000005,210.3,1,1,1.0
34,2,494.5,396.1,289.0,145.19999999999993,1,1,1.0
34,3,710.0,670.0,268.20000000000005,150.10000000000002,1,1,1.0
34,4,771.5,199.7,297.0999999999999,137.3,1,1,1.0
34,5,802.1,270.1,239.60000000000002,249.10000000000002,1,1,1.0
34,6,238.2,381.0,301.7,201.20000000000005,1,1,1.0
34,7,719.7,521.3,338.39999999999986,163.5,1,1,1.0
34,8,1121.0,375.2,286.9000000000001,166.90000000000003,1,1,1.0
34,9,1672.3,152.8,177.4000000000001,408.09999999999997,1,1,1.0
35,1,1178.3,183.0,231.10000000000014,214.8,1,1,1.0
35,2,504.5,383.5,277.70000000000005,154.0,1,1,1.0
35,3,718.8,666.2,259.4000000000001,150.19999999999993,1,1,1.0
35,4,748.3,206.0,325.29999999999995,132.89999999999998,1,1,1.0
35,5,780.8,276.4,263.4000000000001,241.5,1,1,1.0
35,6,237.4,383.3,301.0,200.40000000000003,1,1,1.0
35,7,717.4,501.7,335.4,181.59999999999997,1,1,1.0
35,8,1122.9,377.7,285.0,167.40000000000003,1,1,1.0
35,9,1672.3,182.9,177.4000000000001,378.0,1,1,1.0
36,1,1176.8,183.8,232.60000000000014,215.5,1,1,1.0
36,2,510.2,379.1,273.2,158.10000000000002,1,1,1.0
36,3,720.1,663.7,257.5,150.79999999999995,1,1,1.0
36,4,730.1,209.8,348.4999999999999,131.0,1,1,1.0
36,5,789.6,274.5,253.30000000000007,240.89999999999998,1,1,1.0
36,6,237.4,381.1,301.80000000000007,204.89999999999998,1,1,1.0
36,7,743.0,464.8,301.5,227.49999999999994,1,1,1.0
36,8,1124.16,377.7,285.0,165.50000000000006,1,1,1.0
36,9,1672.3,170.8,171.4000000000001,398.40000000000003,1,1,1.0
37,1,1170.0,189.8,238.5999999999999,223.8,1,1,1.0
37,2,516.5,383.5,293.20000000000005,144.89999999999998,1,1,1.0
37,3,716.9,666.2,282.70000000000005,146.39999999999998,1,1,1.0
37,4,730.1,212.3,349.1,130.39999999999998,1,1,1.0
37,5,789.6,274.5,253.30000000000007,239.60000000000002,1,1,1.0
37,6,284.9,382.6,250.5,204.89999999999998,1,1,1.0
37,7,854.5,350.3,267.5999999999999,261.40000000000003,1,1,1.0
37,8,1107.8,377.7,301.3600000000001,171.7,1,1,1.0
37,9,1672.3,179.8,166.9000000000001,392.40000000000003,1,1,1.0
38,1,1170.8,186.0,237.79999999999995,227.60000000000002,1,1,1.0
38,2,527.8,384.8,292.70000000000005,138.59999999999997,1,1,1.0
38,3,718.2,667.5,258.79999999999995,161.39999999999998,1,1,1.0
38,4,725.1,212.9,350.9999999999999,134.79999999999998,1,1,1.0
38,5,800.9,274.5,242.0000000000001,238.29999999999995,1,1,1.0
38,6,287.9,381.1,246.70000000000005,208.69999999999993,1,1,1.0
38,7,894.4,330.7,256.4,278.7,1,1,1.0
38,8,1104.7,376.4,304.46000000000004,167.39999999999998,1,1,1.0
38,9,1672.3,186.6,198.5,385.6,1,1,1.0
39,1,1170.8,184.5,237.79999999999995,224.60000000000002,1,1,1.0
39,2,526.5,384.1,292.1,140.60000000000002,1,1,1.0
39,3,719.5,671.9,258.79999999999995,157.0,1,1,1.0
39,4,732.0,213.5,346.5999999999999,134.2,1,1,1.0
39,5,799.6,274.5,240.80000000000007,238.29999999999995,1,1,1.0
39,6,270.6,381.1,264.0,205.69999999999993,1,1,1.0
39,7,908.0,317.1,235.29999999999995,300.6,1,1,1.0
39,8,1104.7,378.3,304.46000000000004,164.2,1,1,1.0
39,9,1672.3,185.8,205.29999999999995,378.09999999999997,1,1,1.0
40,1,1172.3,184.5,236.29999999999995,224.60000000000002,1,1,1.0
40,2,524.0,388.5,295.20000000000005,140.60000000000002,1,1,1.0
40,3,719.5,670.6,258.79999999999995,150.79999999999995,1,1,1.0
40,4,731.4,211.6,345.30000000000007,134.20000000000002,1,1,1.0
40,5,795.8,284.5,247.10000000000014,226.39999999999998,1,1,1.0
40,6,226.9,377.3,311.4,207.2,1,1,1.0
40,7,935.1,296.8,202.19999999999993,342.8,1,1,1.0
40,8,1104.1,376.4,305.0600000000002,176.10000000000002,1,1,1.0
40,9,1672.3,160.2,170.60000000000014,393.90000000000003,1,1,1.0
41,1,1175.3,184.5,243.10000000000014,215.60000000000002,1,1,1.0
41,2,528.4,389.1,295.80000000000007,139.39999999999998,1,1,1.0
41,3,724.5,674.4,254.39999999999998,143.89999999999998,1,1,1.0
41,4,730.8,212.2,344.60000000000014,134.2,1,1,1.0
41,5,798.9,279.5,245.89999999999998,228.89999999999998,1,1,1.0
41,6,242.0,383.3,297.1,201.2,1,1,1.0
41,7,988.6,254.6,211.30000000000007,346.6,1,1,1.0
41,8,1102.8,380.2,306.3600000000001,164.09999999999997,1,1,1.0
41,9,1672.3,133.8,170.60000000000014,420.3,1,1,1.0
42,1,1174.5,184.5,245.4000000000001,215.60000000000002,1,1,1.0
42,2,530.3,389.7,290.80000000000007,152.00000000000006,1,1,1.0
42,3,724.5,671.3,253.10000000000002,142.0,1,1,1.0
42,4,732.1,212.2,343.9,134.8,1,1,1.0
42,5,798.9,290.8,250.89999999999998,218.2,1,1,1.0
42,6,290.2,377.3,248.09999999999997,226.8,1,1,1.0
42,7,997.6,268.9,210.60000000000002,336.80000000000007,1,1,1.0
42,8,1104.7,380.8,306.29999999999995,164.8,1,1,1.0
42,9,1672.3,107.4,172.10000000000014,448.20000000000005,1,1,1.0
43,1,1173.0,185.3,237.9000000000001,215.59999999999997,1,1,1.0
43,2,531.6,391.0,286.4,137.5,1,1,1.0
43,3,723.9,671.3,253.70000000000005,140.10000000000002,1,1,1.0
43,4,731.5,212.2,345.0999999999999,136.10000000000002,1,1,1.0
43,5,798.3,291.4,251.5,217.0,1,1,1.0
43,6,324.1,382.6,205.89999999999998,272.0,1,1,1.0
43,7,994.6,269.7,193.9999999999999,338.3,1,1,1.0
43,8,1111.0,380.8,298.70000000000005,164.2,1,1,1.0
43,9,1666.3,88.5,190.9000000000001,447.5,1,1,1.0
44,1,1175.3,183.0,245.4000000000001,217.89999999999998,1,1,1.0
44,2,531.6,391.6,287.69999999999993,140.69999999999993,1,1,1.0
44,3,719.5,670.7,258.1,140.69999999999993,1,1,1.0
44,4,730.9,212.2,345.1,136.10000000000002,1,1,1.0
44,5,795.2,278.8,257.79999999999995,235.90000000000003,1,1,1.0
44,6,353.5,442.1,149.39999999999998,261.5,1,1,1.0
44,7,999.1,240.3,183.4999999999999,369.2,1,1,1.0
44,8,1111.0,380.8,298.70000000000005,164.8,1,1,1.0
44,9,1629.9,67.9,246.89999999999986,450.0,1,1,1.0
45,1,1175.3,184.5,268.79999999999995,217.89999999999998,1,1,1.0
45,2,536.6,382.8,283.29999999999995,144.49999999999994,1,1,1.0
45,3,715.1,655.6,263.69999999999993,156.39999999999998,1,1,1.0
45,4,729.6,213.5,345.1,135.39999999999998,1,1,1.0
45,5,785.8,276.3,265.29999999999995,237.2,1,1,1.0
45,6,458.2,568.7,266.2,143.89999999999998,1,1,1.0
45,7,1008.1,281.7,162.39999999999998,313.50000000000006,1,1,1.0
45,8,1121.7,379.5,288.5999999999999,164.79999999999995,1,1,1.0
45,9,1630.1,64.4,246.70000000000005,449.70000000000005,1,1,1.0
46,1,1173.8,186.8,275.60000000000014,210.3,1,1,1.0
46,2,537.9,383.4,285.80000000000007,143.89999999999998,1,1,1.0
46,3,717.6,644.9,261.79999999999995,165.20000000000005,1,1,1.0
46,4,730.9,212.2,343.80000000000007,136.10000000000002,1,1,1.0
46,5,785.8,276.3,265.29999999999995,235.90000000000003,1,1,1.0
46,6,658.94,516.6,290.15999999999997,166.19999999999993,1,1,1.0
46,7,1016.4,280.2,156.39999999999998,309.00000000000006,1,1,1.0
46,8,1121.7,379.5,288.5999999999999,171.10000000000002,1,1,1.0
46,9,1652.0,170.6,224.79999999999995,344.29999999999995,1,1,1.0
47,1,1176.8,185.3,247.70000000000005,214.09999999999997,1,1,1.0
47,2,537.9,384.7,285.80000000000007,152.00000000000006,1,1,1.0
47,3,719.5,651.8,266.4,155.20000000000005,1,1,1.0
47,4,730.9,212.8,343.80000000000007,136.09999999999997,1,1,1.0
47,5,783.3,278.2,272.20000000000005,230.2,1,1,1.0
47,6,685.2,509.9,267.0,175.60000000000002,1,1,1.0
47,7,1022.4,284.0,148.89999999999998,307.5,1,1,1.0
47,8,1119.8,382.0,289.20000000000005,164.79999999999995,1,1,1.0
47,9,1638.4,194.0,232.39999999999986,344.29999999999995,1,1,1.0
48,1,1176.0,183.8,247.0,212.59999999999997,1,1,1.0
48,2,537.3,390.4,285.80000000000007,148.20000000000005,1,1,1.0
48,3,719.5,651.8,263.0,155.20000000000005,1,1,1.0
48,4,763.6,212.2,311.1,138.0,1,1,1.0
48,5,780.8,275.1,272.20000000000005,235.2,1,1,1.0
48,6,683.4,510.8,255.20000000000005,168.40000000000003,1,1,1.0
48,7,1022.4,284.0,151.89999999999998,307.5,1,1,1.0
48,8,1120.4,382.0,289.1999999999998,166.70000000000005,1,1,1.0
48,9,1636.9,173.7,237.69999999999982,366.90000000000003,1,1,1.0
49,1,1175.2,182.3,250.0999999999999,217.89999999999998,1,1,1.0
49,2,538.6,388.5,283.29999999999995,151.39999999999998,1,1,1.0
49,3,719.5,655.6,263.6,151.39999999999998,1,1,1.0
49,4,763.6,213.5,312.4,136.7,1,1,1.0
49,5,777.7,275.1,274.70000000000005,233.89999999999998,1,1,1.0
49,6,685.2,509.0,256.4,164.79999999999995,1,1,1.0
49,7,1022.4,284.8,148.89999999999998,306.7,1,1,1.0
49,8,1119.8,383.3,289.79999999999995,168.59999999999997,1,1,1.0
49,9,1655.0,182.0,206.0,341.29999999999995,1,1,1.0
50,1,1171.4,183.8,263.5999999999999,216.39999999999998,1,1,1.0
50,2,539.9,389.8,282.0,150.09999999999997,1,1,1.0
50,3,708.8,655.6,337.10000000000014,153.29999999999995,1,1,1.0
50,4,764.9,213.5,311.69999999999993,137.3,1,1,1.0
50,5,793.4,275.1,259.0000000000001,235.79999999999995,1,1,1.0
50,6,685.2,507.2,253.39999999999998,164.8,1,1,1.0
50,7,1023.2,284.0,149.5999999999999,298.5,1,1,1.0
50,8,1118.5,384.6,291.70000000000005,166.0,1,1,1.0
50,9,1652.0,200.8,206.70000000000005,302.2,1,1,1.0
51,1,1171.4,187.6,254.5999999999999,209.6,1,1,1.0
51,2,539.3,389.8,278.80000000000007,150.09999999999997,1,1,1.0
51,3,695.6,654.3,365.9999999999999,154.60000000000002,1,1,1.0
51,4,771.8,213.5,304.79999999999995,137.3,1,1,1.0
51,5,782.7,276.4,269.70000000000005,234.5,1,1,1.0
51,6,684.3,509.0,255.20000000000005,152.10000000000002,1,1,1.0
51,7,1024.7,278.8,145.0999999999999,299.2,1,1,1.0
51,8,1111.6,384.6,298.60000000000014,167.89999999999998,1,1,1.0
51,9,1637.7,195.5,232.29999999999995,318.0,1,1,1.0
52,1,1172.2,186.1,244.0,210.29999999999998,1,1,1.0
52,2,539.6,388.85,278.5,148.54999999999995,1,1,1.0
52,3,696.2,629.2,368.5999999999999,202.29999999999995,1,1,1.0
52,4,771.8,212.9,303.5,136.6,1,1,1.0
52,5,782.1,274.5,269.69999999999993,235.10000000000002,1,1,1.0
52,6,682.0,509.8,264.29999999999995,153.59999999999997,1,1,1.0
52,7,1025.5,278.8,145.79999999999995,300.7,1,1,1.0
52,8,1110.3,384.6,299.9000000000001,166.60000000000002,1,1,1.0
52,9,1555.6,222.6,317.4000000000001,306.0,1,1,1.0
53,1,1172.2,187.6,244.0,208.00000000000003,1,1,1.0
53,2,539.9,387.9,278.20000000000005,147.0,1,1,1.0
53,3,706.2,590.9,308.4,241.89999999999998,1,1,1.0
53,4,774.9,212.3,301.69999999999993,136.59999999999997,1,1,1.0
53,5,790.3,274.5,260.9000000000001,236.39999999999998,1,1,1.0
53,6,685.0,511.3,261.29999999999995,152.09999999999997,1,1,1.0
53,7,1023.2,263.7,147.29999999999995,315.00000000000006,1,1,1.0
53,8,1111.6,384.6,298.60000000000014,165.29999999999995,1,1,1.0
53,9,1559.4,242.2,336.1999999999998,312.8,1,1,1.0
54,1,1172.2,189.9,245.5,205.70000000000002,1,1,1.0
54,2,541.8,387.3,274.4000000000001,155.8,1,1,1.0
54,3,767.7,595.3,290.29999999999995,236.20000000000005,1,1,1.0
54,4,773.6,211.0,303.6,137.89999999999998,1,1,1.0
54,5,795.3,274.5,255.9000000000001,236.39999999999998,1,1,1.0
54,6,689.5,509.8,247.79999999999995,165.7,1,1,1.0
54,7,1023.2,260.7,148.79999999999995,318.00000000000006,1,1,1.0
54,8,1115.4,383.3,294.79999999999995,166.59999999999997,1,1,1.0
54,9,1345.4,132.2,402.5,302.3,1,1,1.0
55,1,1176.7,183.1,232.0,218.50000000000003,1,1,1.0
55,2,541.8,389.2,263.70000000000005,140.09999999999997,1,1,1.0
55,3,775.9,608.5,267.4,223.0,1,1,1.0
55,4,780.5,211.0,299.20000000000005,131.0,1,1,1.0
55,5,768.9,274.5,286.69999999999993,237.70000000000005,1,1,1.0
55,6,694.0,499.2,244.0,169.50000000000006,1,1,1.0
55,7,1022.4,271.2,146.60000000000002,309.8,1,1,1.0
55,8,1108.5,389.0,303.0,166.60000000000002,1,1,1.0
55,9,1369.5,132.2,419.79999999999995,233.0,1,1,1.0
56,1,1175.9,186.9,259.0999999999999,210.9,1,1,1.0
56,2,543.1,389.2,262.4,140.09999999999997,1,1,1.0
56,3,775.3,606.6,250.0,205.39999999999998,1,1,1.0
56,4,783.0,210.4,293.5999999999999,135.99999999999997,1,1,1.0
56,5,790.2,273.2,266.70000000000005,240.3,1,1,1.0
56,6,692.5,503.7,245.5,165.00000000000006,1,1,1.0
56,7,1020.1,254.6,145.10000000000002,338.5,1,1,1.0
56,8,1074.6,387.1,343.20000000000005,164.69999999999993,1,1,1.0
56,9,1392.9,146.5,428.79999999999995,191.60000000000002,1,1,1.0
57,1,1186.4,199.6,272.0,189.1,1,1,1.0
57,2,543.7,387.3,261.79999999999995,142.59999999999997,1,1,1.0
57,3,780.3,604.7,241.9000000000001,198.5,1,1,1.0
57,4,783.6,211.7,292.9999999999999,132.2,1,1,1.0
57,5,753.2,280.7,306.20000000000005,226.40000000000003,1,1,1.0
57,6,709.8,502.9,223.70000000000005,159.80000000000007,1,1,1.0
57,7,1007.3,238.1,162.4000000000001,354.19999999999993,1,1,1.0
57,8,1043.8,384.0,372.70000000000005,165.29999999999995,1,1,1.0
57,9,1391.4,146.5,422.79999999999995,191.60000000000002,1,1,1.0
58,1,1182.6,195.9,263.70000000000005,192.79999999999998,1,1,1.0
58,2,543.7,389.2,278.4,141.3,1,1,1.0
58,3,780.3,599.0,239.4000000000001,204.79999999999995,1,1,1.0
58,4,786.2,210.4,292.89999999999986,135.29999999999998,1,1,1.0
58,5,757.6,278.8,301.19999999999993,228.89999999999998,1,1,1.0
58,6,710.6,503.7,224.39999999999998,162.00000000000006,1,1,1.0
58,7,1004.2,237.3,167.0,349.7,1,1,1.0
58,8,1117.3,385.3,285.4000000000001,170.3,1,1,1.0
58,9,1394.4,141.2,412.29999999999995,198.40000000000003,1,1,1.0
59,1,1178.1,200.4,275.70000000000005,175.49999999999997,1,1,1.0
59,2,543.1,386.7,261.19999999999993,175.2,1,1,1.0
59,3,779.0,605.3,236.89999999999998,196.60000000000002,1,1,1.0
59,4,746.7,210.4,336.0999999999999,133.99999999999997,1,1,1.0
59,5,739.9,273.7,318.9,240.90000000000003,1,1,1.0
59,6,705.3,507.5,228.9000000000001,162.0,1,1,1.0
59,7,998.9,256.1,171.5000000000001,331.6,1,1,1.0
59,8,1127.8,367.7,262.29999999999995,203.00000000000006,1,1,1.0
59,9,1408.0,141.2,397.20000000000005,198.40000000000003,1,1,1.0
60,1,1178.1,191.4,250.80000000000018,196.6,1,1,1.0
60,2,550.1,388.0,254.19999999999993,147.0,1,1,1.0
60,3,779.0,604.0,235.60000000000002,197.89999999999998,1,1,1.0
60,4,742.9,211.7,338.0000000000001,137.7,1,1,1.0
60,5,767.6,273.7,282.9999999999999,235.90000000000003,1,1,1.0
60,6,714.3,507.5,220.70000000000005,156.0,1,1,1.0
60,7,998.9,244.0,175.30000000000007,340.70000000000005,1,1,1.0
60,8,1132.4,385.9,270.89999999999986,192.30000000000007,1,1,1.0
60,9,1346.2,141.2,462.79999999999995,196.90000000000003,1,1,1.0
61,1,1183.4,182.4,241.0,207.1,1,1,1.0
61,2,551.4,388.0,242.20000000000005,144.10000000000002,1,1,1.0
61,3,779.0,607.8,234.29999999999995,192.20000000000005,1,1,1.0
61,4,758.0,213.0,319.79999999999995,135.10000000000002,1,1,1.0
61,5,775.8,266.8,274.79999999999995,274.2,1,1,1.0
61,6,729.4,511.3,209.39999999999998,148.40000000000003,1,1,1.0
61,7,1004.2,262.8,174.5,314.40000000000003,1,1,1.0
61,8,1134.3,385.9,274.0,191.70000000000005,1,1,1.0
61,9,1402.0,129.9,407.0,208.20000000000002,1,1,1.0
62,1,1181.9,186.9,243.29999999999995,204.9,1,1,1.0
62,2,551.4,389.9,240.89999999999998,143.80000000000007,1,1,1.0
62,3,782.8,607.8,230.5,196.60000000000002,1,1,1.0
62,4,754.3,212.4,322.9000000000001,136.99999999999997,1,1,1.0
62,5,775.8,263.7,273.5,277.3,1,1,1.0
62,6,730.2,509.8,206.29999999999995,151.40000000000003,1,1,1.0
62,7,1020.0,263.6,158.70000000000005,320.4,1,1,1.0
62,8,1131.8,385.9,274.60000000000014,187.89999999999998,1,1,1.0
62,9,1408.0,142.0,401.0,207.39999999999998,1,1,1.0
63,1,1181.9,186.9,263.5999999999999,204.9,1,1,1.0
63,2,559.6,391.2,243.39999999999998,143.59999999999997,1,1,1.0
63,3,785.9,617.8,238.10000000000002,182.80000000000007,1,1,1.0
63,4,759.3,212.4,317.9000000000001,136.4,1,1,1.0
63,5,751.3,266.2,297.4000000000001,255.90000000000003,1,1,1.0
63,6,724.9,507.5,213.10000000000002,153.70000000000005,1,1,1.0
63,7,1020.8,271.9,154.9000000000001,314.4,1,1,1.0
63,8,1132.4,388.4,267.6999999999998,184.80000000000007,1,1,1.0
63,9,1408.1,140.5,402.4000000000001,213.39999999999998,1,1,1.0
64,1,1184.9,193.7,280.1999999999998,196.60000000000002,1,1,1.0
64,2,557.1,391.2,245.10000000000002,138.7,1,1,1.0
64,3,779.6,579.5,262.69999999999993,224.79999999999995,1,1,1.0
64,4,780.0,212.4,297.20000000000005,138.9,1,1,1.0
64,5,750.0,268.1,286.79999999999995,242.09999999999997,1,1,1.0
64,6,722.6,506.7,210.10000000000002,160.50000000000006,1,1,1.0
64,7,1022.3,269.6,152.60000000000014,312.19999999999993,1,1,1.0
64,8,1131.8,382.7,265.79999999999995,191.09999999999997,1,1,1.0
64,9,1374.9,136.0,438.5999999999999,213.39999999999998,1,1,1.0
65,1,1179.0,191.9,283.5999999999999,198.79999999999998,1,1,1.0
65,2,548.3,385.5,255.20000000000005,149.29999999999995,1,1,1.0
65,3,774.6,575.7,285.30000000000007,250.0,1,1,1.0
65,4,786.3,201.7,292.20000000000005,151.5,1,1,1.0
65,5,751.9,267.5,283.6,239.60000000000002,1,1,1.0
65,6,719.6,508.2,217.60000000000002,158.2,1,1,1.0
65,7,1022.3,271.1,151.79999999999995,310.69999999999993,1,1,1.0
65,8,1131.2,389.6,273.29999999999995,184.19999999999993,1,1,1.0
65,9,1375.7,135.2,437.79999999999995,213.40000000000003,1,1,1.0
66,1,1180.4,187.1,273.5,204.00000000000003,1,1,1.0
66,2,550.9,380.7,252.10000000000002,154.00000000000006,1,1,1.0
66,3,776.5,590.8,334.29999999999995,236.20000000000005,1,1,1.0
66,4,786.9,211.1,291.6,139.6,1,1,1.0
66,5,750.0,267.5,286.79999999999995,238.3,1,1,1.0
66,6,718.1,507.4,213.10000000000002,160.5,1,1,1.0
66,7,1019.3,256.0,156.29999999999995,327.29999999999995,1,1,1.0
66,8,1129.9,335.6,299.0999999999999,207.39999999999998,1,1,1.0
66,9,1387.8,135.2,427.20000000000005,208.90000000000003,1,1,1.0
67,1,1172.1,182.5,275.0,235.7,1,1,1.0
67,2,550.9,378.5,250.80000000000007,154.20000000000005,1,1,1.0
67,3,777.8,592.0,280.29999999999995,225.60000000000002,1,1,1.0
67,4,727.2,218.0,358.79999999999995,134.0,1,1,1.0
67,5,745.6,273.8,296.19999999999993,231.39999999999998,1,1,1.0
67,6,706.8,499.1,223.70000000000005,170.39999999999998,1,1,1.0
67,7,1017.8,224.4,153.29999999999995,364.9,1,1,1.0
67,8,1162.6,366.4,227.5,243.80000000000007,1,1,1.0
67,9,1387.8,143.5,406.9000000000001,223.2,1,1,1.0
68,1,1189.4,197.6,263.6999999999998,231.9,1,1,1.0
68,2,553.1,355.0,249.10000000000002,179.89999999999998,1,1,1.0
68,3,775.3,572.5,291.0,243.79999999999995,1,1,1.0
68,4,775.6,226.2,314.80000000000007,132.10000000000002,1,1,1.0
68,5,766.3,279.5,283.0,227.0,1,1,1.0
68,6,706.8,494.6,228.20000000000005,175.69999999999993,1,1,1.0
68,7,1008.0,233.4,166.0999999999999,345.4,1,1,1.0
68,8,1163.2,344.4,224.39999999999986,265.20000000000005,1,1,1.0
68,9,1402.9,122.4,407.5999999999999,214.9,1,1,1.0
69,1,1302.4,294.0,213.29999999999995,283.20000000000005,1,1,1.0
69,2,551.4,365.9,249.89999999999998,174.30000000000007,1,1,1.0
69,3,778.4,575.0,321.19999999999993,255.10000000000002,1,1,1.0
69,4,781.3,228.7,311.0,125.80000000000001,1,1,1.0
69,5,765.0,286.4,287.4000000000001,222.0,1,1,1.0
69,6,704.5,466.7,226.0,203.59999999999997,1,1,1.0
69,7,1005.7,225.1,175.0,352.9,1,1,1.0
69,8,1204.1,324.9,179.70000000000005,287.20000000000005,1,1,1.0
69,9,1418.0,115.6,381.20000000000005,221.70000000000002,1,1,1.0
70,1,1374.0,322.6,186.20000000000005,342.0,1,1,1.0
70,2,551.4,343.7,251.60000000000002,196.8,1,1,1.0
70,3,777.8,576.3,348.20000000000005,250.0,1,1,1.0
70,4,751.2,221.2,339.79999999999995,137.7,1,1,1.0
70,5,788.9,284.5,266.6,223.89999999999998,1,1,1.0
70,6,704.5,467.5,226.0,203.60000000000002,1,1,1.0
70,7,1005.7,198.0,188.0,383.79999999999995,1,1,1.0
70,8,1194.8,328.7,190.29999999999995,290.3,1,1,1.0
70,9,1430.8,88.5,369.20000000000005,250.3,1,1,1.0
71,1,1390.6,375.3,156.80000000000018,374.40000000000003,1,1,1.0
71,2,548.8,329.4,235.9000000000001,214.20000000000005,1,1,1.0
71,3,772.1,594.5,333.80000000000007,218.0,1,1,1.0
71,4,741.2,222.5,344.0999999999999,132.60000000000002,1,1,1.0
71,5,742.4,284.5,286.69999999999993,260.9,1,1,1.0
71,6,703.7,466.7,228.29999999999995,205.90000000000003,1,1,1.0
71,7,1006.5,269.6,223.4000000000001,306.19999999999993,1,1,1.0
71,8,1168.2,326.1,210.0,268.4,1,1,1.0
71,9,1434.6,101.3,358.60000000000014,236.7,1,1,1.0
72,1,1404.2,413.0,144.70000000000005,331.4,1,1,1.0
72,2,544.4,375.9,259.1,167.70000000000005,1,1,1.0
72,3,779.0,624.0,284.20000000000005,191.0,1,1,1.0
72,4,724.9,209.3,354.1,136.39999999999998,1,1,1.0
72,5,697.2,361.7,323.0999999999999,199.40000000000003,1,1,1.0
72,6,702.9,466.7,233.60000000000002,207.40000000000003,1,1,1.0
72,7,1007.8,272.1,204.5,304.4,1,1,1.0
72,8,1189.6,317.3,293.5,223.2,1,1,1.0
72,9,1433.1,99.8,363.9000000000001,239.0,1,1,1.0
73,1,1429.8,438.6,147.70000000000005,294.5,1,1,1.0
73,2,528.3,382.0,252.10000000000002,150.29999999999995,1,1,1.0
73,3,779.0,626.5,278.5999999999999,182.20000000000005,1,1,1.0
73,4,713.6,213.0,370.4,136.8,1,1,1.0
73,5,729.2,357.3,296.0999999999999,188.09999999999997,1,1,1.0
73,6,700.6,468.2,241.19999999999993,206.7,1,1,1.0
73,7,1006.0,275.3,212.0,305.59999999999997,1,1,1.0
73,8,1202.8,323.0,277.20000000000005,199.29999999999995,1,1,1.0
73,9,1436.9,112.6,358.5,226.20000000000002,1,1,1.0
74,1,1422.3,440.1,157.5,293.0,1,1,1.0
74,2,522.6,381.1,257.4,146.0,1,1,1.0
74,3,782.8,626.5,263.5,182.20000000000005,1,1,1.0
74,4,773.3,208.6,303.20000000000005,140.20000000000002,1,1,1.0
74,5,678.3,372.4,322.5,228.89999999999998,1,1,1.0
74,6,702.1,484.8,236.69999999999993,193.09999999999997,1,1,1.0
74,7,1002.9,279.1,227.69999999999993,299.29999999999995,1,1,1.0
74,8,1179.6,322.4,317.4000000000001,172.3,1,1,1.0
74,9,1423.3,135.2,374.4000000000001,203.60000000000002,1,1,1.0
75,1,1429.1,455.9,143.10000000000014,302.1,1,1,1.0
75,2,526.1,382.4,297.1,145.5,1,1,1.0
75,3,782.2,596.4,323.0999999999999,219.20000000000005,1,1,1.0
75,4,782.1,206.7,291.9,140.90000000000003,1,1,1.0
75,5,593.5,447.1,288.6,199.39999999999998,1,1,1.0
75,6,705.9,504.2,242.60000000000002,184.2,1,1,1.0
75,7,997.8,272.2,284.29999999999995,252.90000000000003,1,1,1.0
75,8,1180.2,312.4,302.39999999999986,197.40000000000003,1,1,1.0
75,9,1423.3,135.2,374.4000000000001,203.60000000000002,1,1,1.0
76,1,1445.7,454.4,159.70000000000005,276.5,1,1,1.0
76,2,523.9,379.8,299.30000000000007,148.7,1,1,1.0
76,3,786.0,590.7,270.29999999999995,224.89999999999998,1,1,1.0
76,4,779.6,206.7,295.69999999999993,161.60000000000002,1,1,1.0
76,5,440.3,532.5,355.09999999999997,141.0,1,1,1.0
76,6,709.1,501.6,230.60000000000002,178.0,1,1,1.0
76,7,976.5,263.4,337.5999999999999,194.5,1,1,1.0
76,8,1184.0,319.9,286.70000000000005,192.39999999999998,1,1,1.0
76,9,1429.3,126.9,374.4000000000001,211.1,1,1,1.0
77,1,1439.7,504.1,230.5,268.19999999999993,1,1,1.0
77,2,515.6,382.9,269.19999999999993,144.70000000000005,1,1,1.0
77,3,796.0,558.0,247.70000000000005,279.6,1,1,1.0
77,4,790.3,201.7,222.80000000000007,274.0,1,1,1.0
77,5,338.6,544.4,312.4,120.39999999999998,1,1,1.0
77,6,707.8,502.9,239.4000000000001,172.30000000000007,1,1,1.0
77,7,967.1,267.8,307.9999999999999,162.5,1,1,1.0
77,8,1183.4,321.2,276.0,201.09999999999997,1,1,1.0
77,9,1390.9,135.2,415.0999999999999,202.0,1,1,1.0
78,1,1429.9,532.7,250.0999999999999,237.29999999999995,1,1,1.0
78,2,564.9,288.3,232.10000000000002,247.99999999999994,1,1,1.0
78,3,809.8,483.3,255.9000000000001,336.7,1,1,1.0
78,4,831.2,215.5,141.69999999999993,343.70000000000005,1,1,1.0
78,5,269.5,537.3,331.29999999999995,141.9000000000001,1,1,1.0
78,6,710.3,491.0,226.20000000000005,185.5,1,1,1.0
78,7,974.6,244.5,293.6,189.60000000000002,1,1,1.0
78,8,1204.7,341.9,348.89999999999986,151.5,1,1,1.0
78,9,1404.5,106.6,399.20000000000005,232.1,1,1,1.0
79,1,1530.9,639.7,152.0999999999999,130.29999999999995,1,1,0.0
79,2,619.4,281.3,181.5,308.2,1,1,1.0
79,3,811.1,524.7,279.69999999999993,285.9,1,1,1.0
79,4,839.4,238.1,166.20000000000005,309.79999999999995,1,1,1.0
79,5,233.7,539.1,367.09999999999997,134.39999999999998,1,1,1.0
79,6,713.4,489.7,219.30000000000007,184.3,1,1,1.0
79,7,977.1,256.4,305.4999999999999,181.5,1,1,1.0
79,8,1286.3,343.2,306.20000000000005,168.40000000000003,1,1,1.0
79,9,1427.9,89.3,366.0,253.89999999999998,1,1,1.0
80,1,1585.1,660.8,97.90000000000009,90.40000000000009,1,1,0.0
80,2,514.7,288.4,286.19999999999993,303.30000000000007,1,1,1.0
80,3,891.5,446.2,316.0999999999999,236.3,1,1,1.0
80,4,838.1,231.2,144.89999999999998,299.7,1,1,1.0
80,5,213.2,516.7,356.2,136.0999999999999,1,1,1.0
80,6,707.7,441.3,226.29999999999995,246.49999999999994,1,1,1.0
80,7,1007.2,324.8,328.79999999999995,175.8,1,1,1.0
80,8,1285.0,341.9,300.5999999999999,174.70000000000005,1,1,1.0
80,9,1417.4,103.6,361.39999999999986,260.70000000000005,1,1,1.0
81,1,1600.9,661.6,82.09999999999991,75.19999999999993,1,1,0.0
81,2,579.6,286.4,221.29999999999995,314.70000000000005,1,1,1.0
81,3,898.4,417.3,304.19999999999993,215.59999999999997,1,1,1.0
81,4,815.5,223.0,165.0,274.6,1,1,1.0
81,5,203.0,499.7,358.9,143.09999999999997,1,1,1.0
81,6,720.3,448.8,222.5,271.59999999999997,1,1,1.0
81,7,1050.5,286.5,283.0,217.89999999999998,1,1,1.0
81,8,1296.3,370.2,361.5,151.40000000000003,1,1,1.0
81,9,1379.7,96.1,399.0999999999999,260.70000000000005,1,1,1.0
82,1,1609.9,654.1,73.09999999999991,85.0,1,1,0.0
82,2,559.7,294.2,241.19999999999993,276.50000000000006,1,1,1.0
82,3,930.4,414.2,286.0000000000001,220.59999999999997,1,1,1.0
82,4,816.1,217.3,161.89999999999998,295.40000000000003,1,1,1.0
82,5,255.7,502.3,294.3,139.90000000000003,1,1,1.0
82,6,543.0,471.4,323.79999999999995,323.1,1,1,1.0
82,7,1051.8,280.2,294.20000000000005,219.8,1,1,1.0
82,8,1371.0,414.2,308.0999999999999,150.7,1,1,1.0
82,9,1412.1,90.1,368.20000000000005,272.0,1,1,1.0
83,1,1644.6,749.8,38.40000000000009,33.80000000000007,1,1,0.0
83,2,497.4,284.3,251.70000000000005,144.3,1,1,1.0
83,3,1005.1,416.1,357.6,185.39999999999998,1,1,1.0
83,4,861.9,190.3,132.5,287.3,1,1,1.0
83,5,280.8,481.6,205.2,178.19999999999993,1,1,1.0
83,6,644.0,437.5,157.20000000000005,317.79999999999995,1,1,1.0
83,7,1066.9,304.1,278.5,183.29999999999995,1,1,1.0
83,8,1386.7,428.0,298.0999999999999,134.39999999999998,1,1,1.0
83,9,1416.6,92.4,360.70000000000005,271.20000000000005,1,1,1.0
84,1,1643.44,726.69,39.63999999999987,36.39999999999998,1,1,0.0
84,2,503.2,252.4,239.59999999999997,187.4,1,1,1.0
84,3,1212.9,479.5,340.6999999999998,163.39999999999998,1,1,1.0
84,4,848.7,190.3,146.29999999999995,288.59999999999997,1,1,1.0
84,5,309.7,460.2,177.60000000000002,207.8,1,1,1.0
84,6,604.0,475.2,208.5,308.00000000000006,1,1,1.0
84,7,1124.0,343.7,277.9000000000001,144.3,1,1,1.0
84,8,1446.4,412.9,239.0,128.10000000000002,1,1,1.0
84,9,1418.9,84.1,358.39999999999986,282.5,1,1,1.0
85,1,1642.28,703.58,40.88000000000011,39.0,1,1,0.0
85,2,489.6,231.5,237.0,255.39999999999998,1,1,1.0
85,3,1306.5,512.8,345.0999999999999,219.30000000000007,1,1,1.0
85,4,846.2,189.0,146.89999999999998,281.7,1,1,1.0
85,5,346.0,448.9,159.5,241.0,1,1,1.0
85,6,601.0,477.5,206.20000000000005,291.4,1,1,1.0
85,7,1137.2,363.8,303.5999999999999,149.3,1,1,1.0
85,8,1461.5,404.8,223.9000000000001,129.3,1,1,1.0
85,9,1426.4,86.4,350.89999999999986,278.70000000000005,1,1,1.0
86,1,1641.13,680.47,42.1099999999999,41.60000000000002,1,1,0.0
86,2,522.0,218.9,202.5,246.99999999999997,1,1,1.0
86,3,1370.5,535.4,279.79999999999995,256.4,1,1,1.0
86,4,848.1,190.9,146.29999999999995,281.70000000000005,1,1,1.0
86,5,331.4,502.3,253.20000000000005,172.49999999999994,1,1,1.0
86,6,634.2,459.4,170.0,312.5,1,1,1.0
86,7,1129.0,373.2,326.20000000000005,138.60000000000002,1,1,1.0
86,8,1467.2,401.0,218.20000000000005,131.79999999999995,1,1,1.0
86,9,1387.2,96.2,390.0999999999999,271.2,1,1,1.0
87,1,1639.97,657.36,43.33999999999992,44.19999999999993,1,1,0.0
87,2,477.0,223.6,254.79999999999995,258.1,1,1,1.0
87,3,1383.1,524.1,227.60000000000014,292.79999999999995,1,1,1.0
87,4,849.4,190.3,149.39999999999998,282.3,1,1,1.0
87,5,389.3,557.5,253.59999999999997,200.20000000000005,1,1,1.0
87,6,661.3,462.4,143.70000000000005,323.80000000000007,1,1,1.0
87,7,1134.0,366.9,327.5,129.8,1,1,1.0
87,8,1463.4,399.1,222.0,141.89999999999998,1,1,1.0
87,9,1391.7,145.9,396.0999999999999,204.20000000000002,1,1,1.0
88,1,1638.81,634.25,44.580000000000155,46.799999999999955,1,1,0.0
88,2,510.5,212.1,216.10000000000002,294.20000000000005,1,1,1.0
88,3,1389.4,524.7,217.5,274.5999999999999,1,1,1.0
88,4,846.9,192.8,151.89999999999998,279.2,1,1,1.0
88,5,448.9,609.8,258.1,171.20000000000005,1,1,1.0
88,6,662.1,458.6,285.29999999999995,175.39999999999998,1,1,1.0
88,7,1134.6,363.1,316.20000000000005,134.2,1,1,1.0
88,8,1464.0,399.1,221.4000000000001,142.5,1,1,1.0
88,9,1376.6,145.1,412.0,196.70000000000002,1,1,1.0
89,1,1637.65,611.14,45.819999999999936,49.39999999999998,1,1,0.0
89,2,471.3,235.6,210.49999999999994,362.79999999999995,1,1,1.0
89,3,1398.2,526.0,209.29999999999995,279.6,1,1,1.0
89,4,802.4,204.1,192.0,282.9,1,1,1.0
89,5,664.3,567.4,280.30000000000007,200.60000000000002,1,1,1.0
89,6,862.2,367.1,289.5,200.60000000000002,1,1,1.0
89,7,1139.6,367.5,311.8000000000002,143.60000000000002,1,1,1.0
89,8,1467.1,406.6,218.30000000000018,138.10000000000002,1,1,1.0
89,9,1378.9,141.3,412.6999999999998,196.0,1,1,1.0
90,1,1636.49,588.03,47.059999999999945,52.0,1,1,0.0
90,2,495.4,254.5,164.70000000000005,351.70000000000005,1,1,1.0
90,3,1403.2,543.6,257.70000000000005,225.60000000000002,1,1,1.0
90,4,799.1,209.1,196.60000000000002,330.6,1,1,1.0
90,5,681.6,594.5,315.0,145.70000000000005,1,1,1.0
90,6,1002.4,216.9,229.39999999999998,275.6,1,1,1.0
90,7,1181.7,365.6,291.0,156.79999999999995,1,1,1.0
90,8,1474.0,407.9,211.4000000000001,134.89999999999998,1,1,1.0
90,9,1381.9,145.8,412.6999999999998,190.0,1,1,1.0
91,1,1635.34,564.92,48.29000000000019,54.60000000000002,1,1,0.0
91,2,501.7,269.7,163.09999999999997,309.3,1,1,1.0
91,3,1403.8,610.2,278.4000000000001,158.39999999999998,1,1,1.0
91,4,828.6,206.6,167.69999999999993,293.5,1,1,1.0
91,5,682.4,598.3,323.20000000000005,148.70000000000005,1,1,1.0
91,6,1001.4,229.7,200.69999999999993,313.40000000000003,1,1,1.0
91,7,1187.4,320.4,273.39999999999986,258.5,1,1,1.0
91,8,1485.3,413.6,200.10000000000014,122.29999999999995,1,1,1.0
91,9,1408.3,133.7,386.29999999999995,202.10000000000002,1,1,1.0
92,1,1634.18,541.81,49.52999999999997,57.200000000000045,1,1,0.0
92,2,502.2,271.3,162.59999999999997,307.7,1,1,1.0
92,3,1452.8,548.7,189.20000000000005,256.9,1,1,1.0
92,4,829.9,206.0,164.5,282.8,1,1,1.0
92,5,681.6,589.3,294.6,153.20000000000005,1,1,1.0
92,6,881.3,198.6,258.5,233.29999999999998,1,1,1.0
92,7,1243.3,340.5,211.20000000000005,295.6,1,1,1.0
92,8,1546.2,427.4,139.20000000000005,128.60000000000002,1,1,0.0
92,9,1409.05,132.9,386.29999999999995,205.20000000000002,1,1,1.0
93,1,1633.02,518.69,50.76999999999998,59.799999999999955,1,1,0.0
93,2,506.9,273.9,157.89999999999998,320.80000000000007,1,1,1.0
93,3,1470.4,479.6,147.0999999999999,308.4,1,1,1.0
93,4,836.8,204.7,150.10000000000002,282.2,1,1,1.0
93,5,680.1,587.8,296.1,166.20000000000005,1,1,1.0
93,6,716.7,204.8,357.5,164.09999999999997,1,1,1.0
93,7,1243.3,338.6,206.79999999999995,293.69999999999993,1,1,1.0
93,8,1619.7,443.7,65.70000000000005,107.90000000000003,1,1,0.0
93,9,1398.5,139.7,393.0999999999999,197.60000000000002,1,1,1.0
94,1,1631.86,495.58,52.00999999999999,62.400000000000034,1,1,0.0
94,2,507.9,272.3,156.89999999999998,320.8,1,1,1.0
94,3,1395.0,350.9,163.5,327.84000000000003,1,1,1.0
94,4,845.6,208.5,148.19999999999993,282.2,1,1,1.0
94,5,680.1,588.6,296.9,165.89999999999998,1,1,1.0
94,6,662.8,236.0,189.30000000000007,271.6,1,1,1.0
94,7,1246.4,333.6,200.5999999999999,315.69999999999993,1,1,1.0
94,8,1665.5,407.9,21.799999999999955,134.89999999999998,1,1,0.0
94,9,1394.0,138.9,397.5999999999999,199.9,1,1,1.0
95,1,1630.71,472.47,53.24000000000001,65.0,1,1,0.0
95,2,505.3,274.9,154.3,321.30000000000007,1,1,1.0
95,3,1406.3,350.9,145.9000000000001,314.0,1,1,1.0
95,4,847.5,210.5,151.29999999999995,287.1,1,1,1.0
95,5,680.1,598.4,309.69999999999993,152.20000000000005,1,1,1.0
95,6,644.9,306.9,155.60000000000002,290.20000000000005,1,1,1.0
95,7,1214.4,258.8,198.69999999999982,341.49999999999994,1,1,1.0
95,8,1676.2,415.4,11.099999999999909,19.400000000000034,1,1,0.0
95,9,1391.0,138.9,400.5999999999999,199.1,1,1,1.0
96,1,1629.55,449.36,54.48000000000002,67.60000000000002,1,1,0.0
96,2,503.6,275.5,151.0,323.20000000000005,1,1,1.0
96,3,1412.6,348.4,141.5,284.5,1,1,1.0
96,4,854.4,209.1,149.39999999999998,290.4,1,1,1.0
96,5,686.9,602.9,308.9,147.89999999999998,1,1,1.0
96,6,644.1,303.8,158.69999999999993,342.59999999999997,1,1,1.0
96,7,1215.0,223.6,149.70000000000005,335.9,1,1,1.0
96,8,1673.47,453.02,13.069999999999936,24.069999999999993,1,1,0.0
96,9,1414.4,138.9,380.1999999999998,206.6,1,1,1.0
97,1,1628.39,426.25,55.70999999999981,70.19999999999999,1,1,0.0
97,2,507.2,275.5,147.40000000000003,328.9,1,1,1.0
97,3,1413.2,327.0,156.5999999999999,310.29999999999995,1,1,1.0
97,4,854.4,210.9,147.5,288.6,1,1,1.0
97,5,691.4,601.4,285.6,139.5,1,1,1.0
97,6,651.3,309.3,142.30000000000007,337.59999999999997,1,1,1.0
97,7,1075.6,246.2,260.20000000000005,301.40000000000003,1,1,1.0
97,8,1670.75,490.65,15.019999999999982,28.720000000000027,1,1,0.0
97,9,1412.9,138.9,380.1999999999998,223.9,1,1,1.0
98,1,1627.23,403.14,56.950000000000045,72.80000000000001,1,1,0.0
98,2,506.6,275.5,148.0,329.6,1,1,1.0
98,3,1411.9,349.6,150.39999999999986,298.4,1,1,1.0
98,4,853.1,209.6,150.10000000000002,289.9,1,1,1.0
98,5,692.9,597.6,287.9,151.60000000000002,1,1,1.0
98,6,607.1,313.5,184.39999999999998,318.29999999999995,1,1,1.0
98,7,1071.2,228.0,250.79999999999995,271.9,1,1,1.0
98,8,1668.02,528.27,16.99000000000001,33.389999999999986,1,1,0.0
98,9,1365.4,141.2,436.6999999999998,189.2,1,1,1.0
99,1,1626.07,380.03,58.190000000000055,75.40000000000003,1,1,0.0
99,2,507.9,277.4,146.70000000000005,330.80000000000007,1,1,1.0
99,3,1329.6,389.8,233.70000000000005,261.8,1,1,1.0
99,4,855.0,209.6,146.89999999999998,289.9,1,1,1.0
99,5,689.1,595.7,290.19999999999993,140.5999999999999,1,1,1.0
99,6,608.7,322.9,181.39999999999998,295.30000000000007,1,1,1.0
99,7,1064.3,259.4,253.29999999999995,248.70000000000005,1,1,1.0
99,8,1665.3,565.9,18.950000000000045,38.05000000000007,1,1,0.0
99,9,1365.4,141.2,431.39999999999986,190.7,1,1,1.0
100,1,1624.92,356.92,59.419999999999845,78.0,1,1,0.0
100,2,506.6,277.4,148.0,326.4,1,1,1.0
100,3,1250.5,383.5,310.5,178.5,1,1,1.0
100,4,854.4,209.6,148.10000000000002,292.4,1,1,1.0
100,5,690.6,598.3,291.0,147.60000000000002,1,1,1.0
100,6,609.4,323.0,180.39999999999998,298.4,1,1,1.0
100,7,1061.8,263.8,254.5,248.09999999999997,1,1,1.0
100,8,1662.57,603.52,20.920000000000073,42.72000000000003,1,1,0.0
100,9,1374.4,141.2,422.39999999999986,190.7,1,1,1.0
101,1,1623.76,333.81,60.66000000000008,80.60000000000002,1,1,0.0
101,2,500.3,279.3,156.8,321.99999999999994,1,1,1.0
101,3,1281.9,382.2,285.39999999999986,172.3,1,1,1.0
101,4,854.4,205.8,142.5,279.9,1,1,1.0
101,5,690.6,593.5,290.19999999999993,142.79999999999995,1,1,1.0
101,6,614.8,329.7,175.4000000000001,296.7,1,1,1.0
101,7,1071.2,267.6,248.20000000000005,246.79999999999995,1,1,1.0
101,8,1659.85,641.15,22.87000000000012,47.370000000000005,1,1,0.0
101,9,1390.2,142.7,406.5999999999999,193.7,1,1,1.0
102,1,1622.6,310.7,61.90000000000009,83.19999999999999,1,1,0.0
102,2,480.2,274.9,176.90000000000003,308.80000000000007,1,1,1.0
102,3,1275.6,382.8,289.8000000000002,170.40000000000003,1,1,1.0
102,4,851.9,208.3,145.0,276.09999999999997,1,1,1.0
102,5,690.6,592.3,288.69999999999993,144.0,1,1,1.0
102,6,632.0,329.4,157.79999999999995,294.6,1,1,1.0
102,7,1073.1,274.5,242.5,241.20000000000005,1,1,1.0
102,8,1657.12,678.77,24.840000000000146,52.039999999999964,1,1,0.0
102,9,1394.0,141.9,402.0,190.79999999999998,1,1,1.0
103,1,1587.3,312.5,97.20000000000005,119.39999999999998,1,1,0.0
103,2,455.7,274.9,201.40000000000003,316.30000000000007,1,1,1.0
103,3,1277.9,379.1,287.5,182.29999999999995,1,1,1.0
103,4,849.4,204.5,145.0,278.6,1,1,1.0
103,5,690.6,592.7,288.69999999999993,143.5999999999999,1,1,1.0
103,6,639.8,320.9,146.9000000000001,353.30000000000007,1,1,1.0
103,7,1034.8,282.0,282.70000000000005,258.79999999999995,1,1,1.0
103,8,1654.4,716.4,26.799999999999955,56.700000000000045,1,1,0.0
103,9,1394.8,142.7,401.20000000000005,190.0,1,1,1.0
104,1,1602.7,307.1,81.79999999999995,135.7,1,1,0.0
104,2,434.4,274.9,225.5,310.0,1,1,1.0
104,3,1231.0,237.8,220.0999999999999,324.90000000000003,1,1,1.0
104,4,843.7,200.7,150.69999999999993,277.3,1,1,1.0
104,5,690.6,591.5,288.69999999999993,144.79999999999995,1,1,1.0
104,6,642.7,325.0,145.19999999999993,309.6,1,1,1.0
104,7,1041.7,280.7,256.39999999999986,265.7,1,1,1.0
104,8,1592.9,603.4,90.19999999999982,128.30000000000007,1,1,0.0
104,9,1363.9,146.5,432.0999999999999,186.2,1,1,1.0
105,1,1549.4,309.8,135.0999999999999,138.39999999999998,1,1,0.0
105,2,403.4,281.18,260.6,295.61999999999995,1,1,1.0
105,3,1028.8,183.2,365.20000000000005,154.7,1,1,1.0
105,4,845.0,199.4,146.89999999999998,276.70000000000005,1,1,1.0
105,5,690.6,591.0,292.5,143.79999999999995,1,1,1.0
105,6,640.2,331.5,152.0999999999999,381.29999999999995,1,1,1.0
105,7,1061.2,256.8,180.39999999999986,295.3,1,1,1.0
105,8,1552.1,585.8,131.0,138.4000000000001,1,1,1.0
105,9,1356.4,145.7,439.5999999999999,189.3,1,1,1.0
106,1,1549.4,309.8,135.0999999999999,142.0,1,1,1.0
106,2,416.8,281.18,249.09999999999997,301.32,1,1,1.0
106,3,973.5,192.0,319.4000000000001,132.10000000000002,1,1,1.0
106,4,846.3,201.3,146.20000000000005,278.59999999999997,1,1,1.0
106,5,691.4,589.8,291.70000000000005,145.80000000000007,1,1,1.0
106,6,559.8,479.1,186.0,303.5,1,1,1.0
106,7,1034.2,239.8,198.0,292.2,1,1,1.0
106,8,1547.7,581.4,135.39999999999986,151.0,1,1,1.0
106,9,1368.5,145.7,429.0,191.60000000000002,1,1,1.0
107,1,1547.6,309.8,136.9000000000001,145.59999999999997,1,1,1.0
107,2,416.2,286.8,250.90000000000003,298.2,1,1,1.0
107,3,935.2,190.7,353.89999999999986,133.40000000000003,1,1,1.0
107,4,846.3,201.3,146.20000000000005,279.9,1,1,1.0
107,5,691.4,589.3,288.70000000000005,144.0,1,1,1.0
107,6,558.2,509.6,194.79999999999995,261.19999999999993,1,1,1.0
107,7,1043.0,240.4,194.20000000000005,299.80000000000007,1,1,1.0
107,8,1527.6,575.1,156.80000000000018,146.0,1,1,1.0
107,9,1391.9,143.4,407.89999999999986,193.9,1,1,1.0
108,1,1547.6,307.1,136.9000000000001,151.0,1,1,1.0
108,2,429.4,277.4,238.80000000000007,330.80000000000007,1,1,1.0
108,3,963.5,190.1,319.29999999999995,135.29999999999998,1,1,1.0
108,4,846.3,201.9,148.10000000000002,279.9,1,1,1.0
108,5,691.4,591.3,284.9,145.80000000000007,1,1,1.0
108,6,557.9,508.1,196.39999999999998,292.79999999999995,1,1,1.0
108,7,1037.3,237.3,202.4000000000001,300.99999999999994,1,1,1.0
108,8,1520.7,574.5,163.70000000000005,146.70000000000005,1,1,1.0
108,9,1396.4,124.6,402.5999999999999,211.20000000000002,1,1,1.0
109,1,1551.2,309.8,133.29999999999995,149.2,1,1,1.0
109,2,398.6,276.1,272.4,317.0,1,1,1.0
109,3,894.4,246.61,267.84000000000003,281.59000000000003,1,1,1.0
109,4,842.5,201.9,151.89999999999998,279.9,1,1,1.0
109,5,691.4,590.8,284.9,146.30000000000007,1,1,1.0
109,6,557.8,512.8,208.30000000000007,292.20000000000005,1,1,1.0
109,7,1068.7,243.0,170.39999999999986,317.9,1,1,1.0
109,8,1510.0,577.0,174.4000000000001,143.5,1,1,1.0
109,9,1397.9,124.6,398.79999999999995,212.00000000000003,1,1,1.0
110,1,1551.2,309.8,133.29999999999995,148.3,1,1,1.0
110,2,396.1,376.6,274.79999999999995,225.89999999999998,1,1,1.0
110,3,701.0,460.1,363.28,134.69999999999993,1,1,1.0
110,4,839.3,196.2,156.4000000000001,301.90000000000003,1,1,1.0
110,5,685.4,602.8,345.19999999999993,138.10000000000002,1,1,1.0
110,6,532.0,536.2,206.89999999999998,265.79999999999995,1,1,1.0
110,7,1071.2,239.9,169.20000000000005,309.1,1,1,1.0
110,8,1514.4,577.0,170.0,141.60000000000002,1,1,1.0
110,9,1406.9,125.4,394.29999999999995,211.20000000000002,1,1,1.0
111,1,1551.2,312.5,133.29999999999995,144.7,1,1,1.0
111,2,344.0,443.2,339.5,175.00000000000006,1,1,1.0
111,3,638.2,298.7,267.8399999999999,262.19,1,1,1.0
111,4,838.1,198.1,155.69999999999993,285.5,1,1,1.0
111,5,680.1,584.7,359.6,159.19999999999993,1,1,1.0
111,6,526.6,566.2,137.5,278.5999999999999,1,1,1.0
111,7,1069.9,240.5,173.0,307.9,1,1,1.0
111,8,1533.2,577.0,151.20000000000005,141.60000000000002,1,1,1.0
111,9,1356.4,148.8,447.79999999999995,187.8,1,1,1.0
112,1,1531.3,306.2,154.10000000000014,162.8,1,1,1.0
112,2,278.1,474.6,348.9,122.89999999999998,1,1,1.0
112,3,478.7,239.0,310.54,202.57999999999998,1,1,1.0
112,4,832.4,197.4,160.20000000000005,281.79999999999995,1,1,1.0
112,5,685.4,599.0,370.9,152.39999999999998,1,1,1.0
112,6,530.6,569.2,127.0,273.4,1,1,1.0
112,7,1063.0,240.5,182.4000000000001,299.70000000000005,1,1,1.0
112,8,1528.8,577.0,155.60000000000014,141.60000000000002,1,1,1.0
112,9,1397.1,148.8,399.60000000000014,187.0,1,1,1.0
113,1,1487.9,308.0,196.5999999999999,269.5,1,1,1.0
113,2,283.1,475.8,342.0,124.49999999999994,1,1,1.0
113,3,469.3,225.2,267.8,161.10000000000002,1,1,1.0
113,4,843.1,196.8,148.19999999999993,283.0,1,1,1.0
113,5,691.4,593.0,334.0000000000001,159.89999999999998,1,1,1.0
113,6,531.4,570.7,128.39999999999998,274.9,1,1,1.0
113,7,1053.0,241.1,188.5999999999999,304.1,1,1,1.0
113,8,1524.9,577.0,159.5,141.60000000000002,1,1,1.0
113,9,1423.5,148.8,374.70000000000005,191.5,1,1,1.0
114,1,1487.0,340.6,199.29999999999995,276.69999999999993,1,1,1.0
114,2,283.7,476.4,340.8,124.89999999999998,1,1,1.0
114,3,477.5,239.6,240.79999999999995,129.70000000000002,1,1,1.0
114,4,842.5,195.5,151.29999999999995,279.9,1,1,1.0
114,5,701.9,581.7,291.9,175.69999999999993,1,1,1.0
114,6,530.5,571.0,130.70000000000005,265.0,1,1,1.0
114,7,1071.2,229.2,157.79999999999995,346.8,1,1,1.0
114,8,1524.9,577.0,159.5,141.60000000000002,1,1,1.0
114,9,1374.5,142.0,428.20000000000005,232.10000000000002,1,1,1.0
115,1,1479.8,334.3,204.4000000000001,300.2,1,1,1.0
115,2,271.1,474.5,352.1,123.0,1,1,1.0
115,3,492.6,260.7,145.10000000000002,116.90000000000003,1,1,0.0
115,4,842.5,197.4,149.39999999999998,278.0,1,1,1.0
115,5,704.9,589.2,313.80000000000007,159.89999999999998,1,1,1.0
115,6,526.4,574.5,138.10000000000002,259.70000000000005,1,1,1.0
115,7,1080.6,214.1,140.20000000000005,397.1,1,1,1.0
115,8,1537.5,578.9,146.9000000000001,139.10000000000002,1,1,1.0
115,9,1362.5,150.3,445.5,186.89999999999998,1,1,1.0
116,1,1459.9,336.1,226.39999999999986,296.79999999999995,1,1,1.0
116,2,280.5,470.7,342.70000000000005,126.30000000000001,1,1,1.0
116,3,499.3,271.2,62.99999999999994,33.30000000000001,1,1,0.0
116,4,841.2,196.8,151.29999999999995,279.9,1,1,1.0
116,5,711.7,580.9,283.5999999999999,150.89999999999998,1,1,1.0
116,6,522.8,566.9,145.20000000000005,273.30000000000007,1,1,1.0
116,7,1081.2,210.3,135.20000000000005,390.90000000000003,1,1,1.0
116,8,1537.5,575.1,146.9000000000001,142.89999999999998,1,1,1.0
116,9,1362.5,152.6,446.29999999999995,186.1,1,1,1.0
117,1,1449.0,345.1,219.20000000000005,298.4,1,1,1.0
117,2,280.5,470.7,345.79999999999995,126.30000000000001,1,1,1.0
117,3,499.3,268.2,60.69999999999999,41.60000000000002,1,1,0.0
117,4,842.5,196.2,151.29999999999995,279.90000000000003,1,1,1.0
117,5,710.2,583.2,276.79999999999995,144.79999999999995,1,1,1.0
117,6,446.5,588.1,258.29999999999995,210.10000000000002,1,1,1.0
117,7,1081.8,210.9,133.29999999999995,405.4,1,1,1.0
117,8,1532.5,575.1,151.9000000000001,142.89999999999998,1,1,1.0
117,9,1358.0,150.3,452.29999999999995,186.09999999999997,1,1,1.0
118,1,1447.2,343.3,219.20000000000005,290.59999999999997,1,1,1.0
118,2,273.0,470.1,352.0,130.60000000000002,1,1,1.0
118,3,240.1,265.2,310.9,182.3,1,1,0.0
118,4,841.2,195.6,151.29999999999995,280.5,1,1,1.0
118,5,710.2,574.9,277.5999999999999,153.10000000000002,1,1,1.0
118,6,413.8,633.9,200.99999999999994,228.20000000000005,1,1,1.0
118,7,1078.0,215.9,139.0,368.4,1,1,1.0
118,8,1533.1,573.2,151.30000000000018,144.79999999999995,1,1,1.0
118,9,1397.9,138.7,411.5999999999999,191.7,1,1,1.0
119,1,1447.2,349.6,220.0999999999999,240.60000000000002,1,1,1.0
119,2,265.5,463.8,359.5,132.09999999999997,1,1,1.0
119,3,191.9,293.1,353.1,150.0,1,1,0.0
119,4,842.5,198.1,151.29999999999995,276.70000000000005,1,1,1.0
119,5,712.5,572.6,273.79999999999995,156.19999999999993,1,1,1.0
119,6,416.2,597.2,308.59999999999997,173.19999999999993,1,1,1.0
119,7,1073.6,214.0,144.0,344.6,1,1,1.0
119,8,1570.1,574.5,114.30000000000018,143.5,1,1,1.0
119,9,1373.0,141.3,433.5,189.89999999999998,1,1,1.0
120,1,1444.5,364.1,226.4000000000001,227.0,1,1,1.0
120,2,285.6,469.5,335.0,132.0,1,1,1.0
120,3,191.9,299.1,346.30000000000007,140.2,1,1,0.0
120,4,839.4,197.5,151.89999999999998,276.7,1,1,1.0
120,5,718.5,573.4,275.29999999999995,199.80000000000007,1,1,1.0
120,6,598.1,440.3,135.39999999999998,306.59999999999997,1,1,1.0
120,7,1073.0,212.1,144.5999999999999,337.69999999999993,1,1,1.0
120,8,1572.6,574.5,111.80000000000018,143.5,1,1,1.0
120,9,1379.0,142.1,426.0,186.79999999999998,1,1,1.0
