1,1,230.78,384.31,199.65,148.66000000000003,1,1,1.0
1,2,86.22,586.2,262.15999999999997,150.76999999999998,1,1,1.0
1,3,151.63,754.7,233.89999999999998,134.53999999999996,1,1,1.0
1,4,95.64,810.22,231.81,188.90999999999997,1,1,1.0
1,5,224.36,803.37,193.62,203.08000000000004,1,1,1.0
1,6,304.75,604.46,249.98000000000002,158.24,1,1,1.0
1,7,473.79,656.14,281.94,196.53999999999996,1,1,1.0
1,8,570.43,434.1,282.57000000000005,206.65999999999997,1,1,1.0
1,9,1030.83,613.23,243.3900000000001,310.52,1,1,1.0
1,10,1108.7,295.1,396.3899999999999,195.97999999999996,1,1,1.0
2,1,237.3,384.31,193.13,148.66000000000003,1,1,1.0
2,2,83.6,587.3,264.78,149.67000000000007,1,1,1.0
2,3,151.63,754.7,233.89999999999998,134.53999999999996,1,1,1.0
2,4,95.64,810.22,231.81,188.90999999999997,1,1,1.0
2,5,224.36,803.37,193.62,203.08000000000004,1,1,1.0
2,6,304.75,604.46,249.98000000000002,158.24,1,1,1.0
2,7,473.79,656.14,281.94,194.65999999999997,1,1,1.0
2,8,570.43,434.1,280.07000000000005,206.65999999999997,1,1,1.0
2,9,1042.1,613.23,232.12000000000012,299.27,1,1,1.0
2,10,1108.7,295.1,396.3899999999999,195.97999999999996,1,1,1.0
3,1,234.8,384.31,195.63,148.66000000000003,1,1,1.0
3,2,86.7,587.3,261.68,153.30000000000007,1,1,1.0
3,3,151.63,754.7,233.89999999999998,134.53999999999996,1,1,1.0
3,4,97.2,803.4,230.25,195.73000000000002,1,1,1.0
3,5,224.36,803.37,193.62,203.08000000000004,1,1,1.0
3,6,304.75,604.46,249.98000000000002,158.24,1,1,1.0
3,7,473.79,656.14,281.94,194.65999999999997,1,1,1.0
3,8,570.43,434.1,280.07000000000005,206.65999999999997,1,1,1.0
3,9,1021.8,613.23,252.42000000000007,305.27,1,1,1.0
3,10,1101.9,295.1,403.1899999999998,195.97999999999996,1,1,1.0
4,1,232.3,384.31,198.13,148.66000000000003,1,1,1.0
4,2,83.6,586.2,266.9,151.29999999999995,1,1,1.0
4,3,151.63,754.7,233.89999999999998,134.53999999999996,1,1,1.0
4,4,97.2,804.4,230.25,194.73000000000002,1,1,1.0
4,5,224.36,803.37,193.62,203.08000000000004,1,1,1.0
4,6,304.75,604.46,249.98000000000002,158.24,1,1,1.0
4,7,473.79,656.14,281.94,194.65999999999997,1,1,1.0
4,8,570.43,434.1,280.07000000000005,206.65999999999997,1,1,1.0
4,9,1018.0,614.0,261.5,327.1,1,1,1.0
4,10,1091.4,295.1,413.6899999999998,195.97999999999996,1,1,1.0
5,1,238.6,384.31,191.83,148.66000000000003,1,1,1.0
5,2,74.2,586.7,276.3,160.69999999999993,1,1,1.0
5,3,151.63,754.7,233.89999999999998,134.53999999999996,1,1,1.0
5,4,97.2,800.7,230.25,198.42999999999995,1,1,1.0
5,5,224.36,803.37,193.62,203.08000000000004,1,1,1.0
5,6,304.75,607.0,249.98000000000002,155.70000000000005,1,1,1.0
5,7,471.3,654.9,282.49999999999994,195.89999999999998,1,1,1.0
5,8,570.43,434.1,280.07000000000005,206.65999999999997,1,1,1.0
5,9,1036.1,614.0,235.10000000000014,308.29999999999995,1,1,1.0
5,10,1075.6,295.1,429.49,195.97999999999996,1,1,1.0
6,1,233.6,384.31,193.1,148.66000000000003,1,1,1.0
6,2,71.1,585.7,279.4,154.39999999999998,1,1,1.0
6,3,151.63,754.7,233.89999999999998,134.53999999999996,1,1,1.0
6,4,97.2,800.7,230.25,198.42999999999995,1,1,1.0
6,5,224.36,803.37,193.62,203.08000000000004,1,1,1.0
6,6,304.75,607.0,249.98000000000002,155.70000000000005,1,1,1.0
6,7,471.3,654.9,279.99999999999994,195.89999999999998,1,1,1.0
6,8,570.43,434.1,274.37,206.65999999999997,1,1,1.0
6,9,1042.9,608.7,232.79999999999995,290.19999999999993,1,1,1.0
6,10,1075.6,295.1,429.49,195.97999999999996,1,1,1.0
7,1,233.6,384.31,193.1,148.66000000000003,1,1,1.0
7,2,71.1,585.7,279.4,154.39999999999998,1,1,1.0
7,3,151.63,754.7,233.89999999999998,134.53999999999996,1,1,1.0
7,4,97.2,800.7,230.25,198.42999999999995,1,1,1.0
7,5,224.36,803.37,193.62,203.08000000000004,1,1,1.0
7,6,304.75,607.0,249.98000000000002,155.70000000000005,1,1,1.0
7,7,471.3,654.9,282.49999999999994,195.89999999999998,1,1,1.0
7,8,572.3,429.1,272.5,207.89999999999998,1,1,1.0
7,9,1042.9,608.7,232.79999999999995,294.0,1,1,1.0
7,10,1093.7,295.1,405.39999999999986,195.97999999999996,1,1,1.0
8,1,236.1,384.31,190.6,148.66000000000003,1,1,1.0
8,2,71.1,587.3,279.4,148.60000000000002,1,1,1.0
8,3,151.63,754.7,233.89999999999998,134.53999999999996,1,1,1.0
8,4,97.2,803.3,230.25,195.83000000000004,1,1,1.0
8,5,224.36,803.37,193.62,203.08000000000004,1,1,1.0
8,6,304.75,607.0,249.98000000000002,155.70000000000005,1,1,1.0
8,7,471.3,654.9,282.49999999999994,195.89999999999998,1,1,1.0
8,8,579.8,429.1,273.20000000000005,200.39999999999998,1,1,1.0
8,9,1000.7,619.2,278.79999999999995,318.9,1,1,1.0
8,10,1108.0,295.1,391.0999999999999,195.97999999999996,1,1,1.0
9,1,231.1,384.31,195.6,148.66000000000003,1,1,1.0
9,2,64.8,586.7,285.7,148.69999999999993,1,1,1.0
9,3,151.63,754.7,233.89999999999998,134.53999999999996,1,1,1.0
9,4,97.2,803.8,230.25,195.33000000000004,1,1,1.0
9,5,224.36,803.37,196.24,203.08000000000004,1,1,1.0
9,6,304.75,607.0,249.98000000000002,159.5,1,1,1.0
9,7,471.3,654.9,282.49999999999994,195.89999999999998,1,1,1.0
9,8,539.6,431.6,318.4,180.29999999999995,1,1,1.0
9,9,1011.2,607.1,244.20000000000005,336.29999999999995,1,1,1.0
9,10,1107.2,295.1,391.89999999999986,195.97999999999996,1,1,1.0
10,1,236.8,384.31,189.89999999999998,148.66000000000003,1,1,1.0
10,2,92.5,587.3,259.0,136.60000000000002,1,1,1.0
10,3,151.63,754.7,233.89999999999998,134.53999999999996,1,1,1.0
10,4,97.2,805.4,230.25,193.73000000000002,1,1,1.0
10,5,224.36,803.37,195.24,203.08000000000004,1,1,1.0
10,6,304.75,607.0,249.98000000000002,160.70000000000005,1,1,1.0
10,7,471.3,654.9,282.49999999999994,195.89999999999998,1,1,1.0
10,8,570.4,423.4,287.6,194.20000000000005,1,1,1.0
10,9,1010.4,608.6,240.5000000000001,338.6,1,1,1.0
10,10,1096.7,295.1,402.39999999999986,195.97999999999996,1,1,1.0
11,1,234.3,384.31,192.39999999999998,148.66000000000003,1,1,1.0
11,2,92.5,588.8,257.4,135.10000000000002,1,1,1.0
11,3,151.63,754.7,233.89999999999998,134.53999999999996,1,1,1.0
11,4,97.2,805.4,230.25,193.73000000000002,1,1,1.0
11,5,224.36,803.37,195.24,203.08000000000004,1,1,1.0
11,6,304.75,607.0,249.98000000000002,158.79999999999995,1,1,1.0
11,7,471.3,659.3,282.49999999999994,191.5,1,1,1.0
11,8,576.7,415.9,279.4,201.70000000000005,1,1,1.0
11,9,1030.0,604.8,225.4000000000001,338.6,1,1,1.0
11,10,1110.3,295.1,388.79999999999995,195.97999999999996,1,1,1.0
12,1,231.2,384.31,195.5,148.66000000000003,1,1,1.0
12,2,95.1,593.01,254.79999999999998,137.19000000000005,1,1,1.0
12,3,151.63,754.7,233.89999999999998,134.53999999999996,1,1,1.0
12,4,97.2,805.4,230.25,193.73000000000002,1,1,1.0
12,5,224.36,803.37,195.24,203.08000000000004,1,1,1.0
12,6,304.75,607.0,249.98000000000002,160.70000000000005,1,1,1.0
12,7,471.3,657.4,282.49999999999994,193.39999999999998,1,1,1.0
12,8,576.7,415.9,275.0,201.70000000000005,1,1,1.0
12,9,1002.9,605.6,256.30000000000007,338.6,1,1,1.0
12,10,1118.6,295.1,374.5,195.97999999999996,1,1,1.0
13,1,236.9,384.31,189.79999999999998,148.66000000000003,1,1,1.0
13,2,96.1,594.6,253.79999999999998,134.0,1,1,1.0
13,3,151.63,754.7,233.89999999999998,134.53999999999996,1,1,1.0
13,4,97.2,805.4,230.25,193.73000000000002,1,1,1.0
13,5,224.36,803.37,195.24,203.08000000000004,1,1,1.0
13,6,304.75,607.0,249.98000000000002,160.10000000000002,1,1,1.0
13,7,471.3,657.4,282.49999999999994,193.39999999999998,1,1,1.0
13,8,576.7,415.9,271.9,199.80000000000007,1,1,1.0
13,9,1020.2,605.6,239.0,335.6,1,1,1.0
13,10,1105.8,295.1,387.29999999999995,195.97999999999996,1,1,1.0
14,1,234.39,384.31,192.31,148.66000000000003,1,1,1.0
14,2,93.0,594.6,254.8,134.0,1,1,1.0
14,3,151.63,754.7,233.89999999999998,134.53999999999996,1,1,1.0
14,4,97.2,805.4,230.25,193.73000000000002,1,1,1.0
14,5,224.36,803.37,195.24,203.08000000000004,1,1,1.0
14,6,304.75,607.0,249.98000000000002,160.10000000000002,1,1,1.0
14,7,460.6,659.3,293.19999999999993,196.5,1,1,1.0
14,8,576.7,419.0,271.9,196.70000000000005,1,1,1.0
14,9,1020.2,610.1,244.29999999999995,327.29999999999995,1,1,1.0
14,10,1108.8,295.1,384.29999999999995,195.97999999999996,1,1,1.0
15,1,234.39,384.31,192.31,148.66000000000003,1,1,1.0
15,2,89.3,594.6,258.5,129.79999999999995,1,1,1.0
15,3,151.63,754.7,233.89999999999998,134.53999999999996,1,1,1.0
15,4,97.2,805.4,230.25,193.73000000000002,1,1,1.0
15,5,224.36,803.37,195.24,203.08000000000004,1,1,1.0
15,6,304.75,603.2,249.98000000000002,163.89999999999998,1,1,1.0
15,7,460.6,659.3,293.19999999999993,191.5,1,1,1.0
15,8,576.7,415.9,271.9,199.80000000000007,1,1,1.0
15,9,1063.9,610.1,200.5999999999999,337.9,1,1,1.0
15,10,1108.8,295.1,384.29999999999995,195.97999999999996,1,1,1.0
16,1,236.9,384.31,189.79999999999998,148.66000000000003,1,1,1.0
16,2,95.6,594.6,252.20000000000002,129.79999999999995,1,1,1.0
16,3,151.63,754.7,233.89999999999998,134.53999999999996,1,1,1.0
16,4,97.2,805.4,230.25,193.73000000000002,1,1,1.0
16,5,224.36,803.37,195.24,203.08000000000004,1,1,1.0
16,6,304.75,603.2,249.98000000000002,163.89999999999998,1,1,1.0
16,7,460.6,659.3,293.19999999999993,191.5,1,1,1.0
16,8,576.7,415.9,266.9,199.80000000000007,1,1,1.0
16,9,1043.6,610.1,220.9000000000001,341.69999999999993,1,1,1.0
16,10,1117.8,295.1,384.29999999999995,195.97999999999996,1,1,1.0
17,1,231.9,384.31,194.79999999999998,148.66000000000003,1,1,1.0
17,2,95.6,595.1,252.20000000000002,129.29999999999995,1,1,1.0
17,3,151.63,754.7,233.89999999999998,134.53999999999996,1,1,1.0
17,4,97.2,805.4,230.25,193.73000000000002,1,1,1.0
17,5,224.36,803.37,192.14,203.08000000000004,1,1,1.0
17,6,304.75,603.2,249.98000000000002,163.89999999999998,1,1,1.0
17,7,460.6,659.3,293.19999999999993,191.5,1,1,1.0
17,8,576.7,415.9,266.9,199.80000000000007,1,1,1.0
17,9,1024.8,613.1,254.0,293.5,1,1,1.0
17,10,1100.5,295.1,405.4000000000001,195.97999999999996,1,1,1.0
18,1,236.9,384.31,189.79999999999998,148.66000000000003,1,1,1.0
18,2,93.0,595.1,254.8,129.29999999999995,1,1,1.0
18,3,151.63,754.7,233.89999999999998,134.53999999999996,1,1,1.0
18,4,97.2,805.4,230.25,193.73000000000002,1,1,1.0
18,5,224.36,803.37,192.14,203.08000000000004,1,1,1.0
18,6,301.0,603.2,253.73000000000002,163.89999999999998,1,1,1.0
18,7,460.6,659.3,293.19999999999993,191.5,1,1,1.0
18,8,575.4,422.2,272.0,193.50000000000006,1,1,1.0
18,9,1027.8,615.4,257.0,285.20000000000005,1,1,1.0
18,10,1100.5,292.1,406.9000000000001,198.97999999999996,1,1,1.0
19,1,236.9,384.31,189.79999999999998,148.66000000000003,1,1,1.0
19,2,104.0,595.1,243.8,132.0,1,1,1.0
19,3,151.63,754.7,233.89999999999998,134.53999999999996,1,1,1.0
19,4,97.2,805.4,230.25,193.73000000000002,1,1,1.0
19,5,224.36,803.37,192.14,203.08000000000004,1,1,1.0
19,6,302.9,603.2,251.83000000000004,163.89999999999998,1,1,1.0
19,7,460.6,659.3,293.19999999999993,191.5,1,1,1.0
19,8,575.4,422.2,272.0,189.09999999999997,1,1,1.0
19,9,1024.0,615.4,260.79999999999995,287.5,1,1,1.0
19,10,1076.4,292.1,431.0,198.97999999999996,1,1,1.0
20,1,231.9,384.31,194.79999999999998,148.66000000000003,1,1,1.0
20,2,105.0,596.7,239.7,130.39999999999998,1,1,1.0
20,3,151.63,754.7,233.89999999999998,134.53999999999996,1,1,1.0
20,4,97.2,805.4,230.25,193.73000000000002,1,1,1.0
20,5,224.36,803.37,192.14,203.08000000000004,1,1,1.0
20,6,301.0,603.2,253.73000000000002,163.89999999999998,1,1,1.0
20,7,460.6,659.3,293.19999999999993,197.80000000000007,1,1,1.0
20,8,569.7,416.5,281.5,193.5,1,1,1.0
20,9,1024.0,615.4,260.79999999999995,287.5,1,1,1.0
20,10,1076.4,292.1,431.0,198.97999999999996,1,1,1.0
21,1,236.9,384.31,189.79999999999998,148.66000000000003,1,1,1.0
21,2,100.3,596.7,244.39999999999998,130.39999999999998,1,1,1.0
21,3,151.63,754.7,233.89999999999998,134.53999999999996,1,1,1.0
21,4,97.2,805.4,230.25,193.73000000000002,1,1,1.0
21,5,224.36,803.37,192.14,203.08000000000004,1,1,1.0
21,6,298.5,603.2,256.23,165.79999999999995,1,1,1.0
21,7,460.6,659.3,293.19999999999993,197.80000000000007,1,1,1.0
21,8,569.7,419.0,281.5,191.0,1,1,1.0
21,9,1019.5,615.4,265.29999999999995,287.5,1,1,1.0
21,10,1096.0,292.1,413.70000000000005,195.2,1,1,1.0
22,1,235.6,384.31,191.1,148.66000000000003,1,1,1.0
22,2,100.3,596.7,244.39999999999998,130.39999999999998,1,1,1.0
22,3,151.63,754.7,233.89999999999998,134.53999999999996,1,1,1.0
22,4,97.2,805.4,230.25,193.73000000000002,1,1,1.0
22,5,224.36,803.37,192.14,203.08000000000004,1,1,1.0
22,6,298.5,603.2,256.23,165.79999999999995,1,1,1.0
22,7,460.6,659.3,293.19999999999993,197.80000000000007,1,1,1.0
22,8,569.7,422.8,281.5,187.2,1,1,1.0
22,9,1030.8,615.4,249.5,289.0,1,1,1.0
22,10,1076.4,292.1,433.29999999999995,195.2,1,1,1.0
23,1,231.8,384.31,194.89999999999998,148.66000000000003,1,1,1.0
23,2,100.3,596.7,237.09999999999997,130.39999999999998,1,1,1.0
23,3,151.63,754.7,233.89999999999998,134.53999999999996,1,1,1.0
23,4,97.2,800.2,230.25,198.92999999999995,1,1,1.0
23,5,224.36,803.37,192.14,203.08000000000004,1,1,1.0
23,6,298.5,598.8,243.0,140.70000000000005,1,1,1.0
23,7,460.6,659.3,293.19999999999993,197.80000000000007,1,1,1.0
23,8,569.7,415.3,286.5,194.09999999999997,1,1,1.0
23,9,1016.5,617.7,261.5,325.9,1,1,1.0
23,10,1141.2,292.1,358.70000000000005,199.7,1,1,1.0
24,1,236.8,384.31,189.89999999999998,148.66000000000003,1,1,1.0
24,2,103.4,596.7,241.79999999999998,130.39999999999998,1,1,1.0
24,3,151.63,754.7,233.89999999999998,134.53999999999996,1,1,1.0
24,4,97.2,800.2,230.25,198.92999999999995,1,1,1.0
24,5,224.36,803.37,192.14,203.08000000000004,1,1,1.0
24,6,269.61,636.48,249.28999999999996,174.01999999999998,1,1,1.0
24,7,460.6,659.3,293.19999999999993,197.80000000000007,1,1,1.0
24,8,569.7,424.1,286.5,185.29999999999995,1,1,1.0
24,9,1004.4,617.7,262.30000000000007,326.69999999999993,1,1,1.0
24,10,1141.2,292.1,358.70000000000005,199.7,1,1,1.0
25,1,233.0,384.31,193.7,148.66000000000003,1,1,1.0
25,2,94.0,567.4,210.89999999999998,189.5,1,1,1.0
25,3,151.63,754.7,233.89999999999998,134.53999999999996,1,1,1.0
25,4,97.2,800.2,230.25,198.92999999999995,1,1,1.0
25,5,224.36,803.37,192.14,203.08000000000004,1,1,1.0
25,6,329.27,559.87,212.23000000000002,204.13,1,1,1.0
25,7,460.6,659.3,293.19999999999993,197.80000000000007,1,1,1.0
25,8,569.7,421.6,286.5,186.5,1,1,1.0
25,9,1010.4,617.7,256.30000000000007,322.9,1,1,1.0
25,10,1150.2,292.1,349.70000000000005,197.39999999999998,1,1,1.0
26,1,233.0,384.31,193.7,148.66000000000003,1,1,1.0
26,2,104.5,564.8,170.60000000000002,203.60000000000002,1,1,1.0
26,3,151.63,754.7,233.89999999999998,134.53999999999996,1,1,1.0
26,4,97.2,803.3,230.25,195.83000000000004,1,1,1.0
26,5,224.36,803.37,192.14,203.08000000000004,1,1,1.0
26,6,325.5,598.2,216.0,165.79999999999995,1,1,1.0
26,7,457.5,659.3,296.29999999999995,192.80000000000007,1,1,1.0
26,8,569.7,425.4,286.5,182.70000000000005,1,1,1.0
26,9,1067.7,617.7,183.20000000000005,347.0,1,1,1.0
26,10,1132.1,296.6,367.8000000000002,192.89999999999998,1,1,1.0
27,1,238.0,384.31,188.7,148.66000000000003,1,1,1.0
27,2,106.6,557.5,171.1,197.29999999999995,1,1,1.0
27,3,151.63,754.7,233.89999999999998,134.53999999999996,1,1,1.0
27,4,97.2,803.3,230.25,195.83000000000004,1,1,1.0
27,5,224.36,803.37,192.14,203.08000000000004,1,1,1.0
27,6,314.8,598.2,232.40000000000003,167.0999999999999,1,1,1.0
27,7,460.6,659.3,291.9,192.80000000000007,1,1,1.0
27,8,572.8,424.8,283.4000000000001,180.8,1,1,1.0
27,9,1034.5,637.3,201.29999999999995,362.80000000000007,1,1,1.0
27,10,1132.1,296.6,367.8000000000002,192.89999999999998,1,1,1.0
28,1,231.7,384.31,195.0,148.66000000000003,1,1,1.0
28,2,101.9,558.5,172.1,196.29999999999995,1,1,1.0
28,3,151.63,754.7,233.89999999999998,134.53999999999996,1,1,1.0
28,4,97.2,803.3,230.25,195.83000000000004,1,1,1.0
28,5,224.36,803.37,192.14,203.08000000000004,1,1,1.0
28,6,321.1,591.9,226.10000000000002,173.39999999999998,1,1,1.0
28,7,460.6,659.3,293.19999999999993,192.80000000000007,1,1,1.0
28,8,572.8,417.9,283.4000000000001,187.70000000000005,1,1,1.0
28,9,994.6,749.6,293.9,227.89999999999998,1,1,1.0
28,10,1132.1,296.6,367.8000000000002,192.89999999999998,1,1,1.0
29,1,235.5,384.31,191.2,148.66000000000003,1,1,1.0
29,2,101.9,558.5,172.1,196.29999999999995,1,1,1.0
29,3,151.63,754.7,233.89999999999998,134.53999999999996,1,1,1.0
29,4,97.2,803.3,230.25,195.83000000000004,1,1,1.0
29,5,224.36,803.37,192.14,203.08000000000004,1,1,1.0
29,6,319.8,588.8,233.09999999999997,181.5,1,1,1.0
29,7,460.6,661.8,293.19999999999993,196.60000000000002,1,1,1.0
29,8,572.8,422.9,283.4000000000001,182.70000000000005,1,1,1.0
29,9,968.2,797.07,245.70000000000005,257.33000000000004,1,1,1.0
29,10,1132.1,296.6,367.8000000000002,192.89999999999998,1,1,1.0
30,1,235.5,384.31,191.2,148.66000000000003,1,1,1.0
30,2,104.0,558.5,170.0,189.5,1,1,1.0
30,3,151.63,754.7,233.89999999999998,134.53999999999996,1,1,1.0
30,4,97.2,803.3,230.25,195.83000000000004,1,1,1.0
30,5,224.36,803.37,192.14,203.08000000000004,1,1,1.0
30,6,321.1,588.8,231.79999999999995,181.5,1,1,1.0
30,7,460.6,661.8,293.19999999999993,196.60000000000002,1,1,1.0
30,8,572.8,422.3,290.9000000000001,183.3,1,1,1.0
30,9,840.9,925.2,350.4,162.39999999999986,1,1,1.0
30,10,1132.1,296.6,367.8000000000002,192.89999999999998,1,1,1.0
31,1,232.4,384.31,194.29999999999998,148.66000000000003,1,1,1.0
31,2,106.1,555.9,170.00000000000003,195.80000000000007,1,1,1.0
31,3,151.63,754.7,233.89999999999998,134.53999999999996,1,1,1.0
31,4,97.2,803.3,230.25,195.83000000000004,1,1,1.0
31,5,224.36,803.37,192.14,203.08000000000004,1,1,1.0
31,6,321.7,588.8,231.2,181.5,1,1,1.0
31,7,460.6,661.8,293.19999999999993,196.60000000000002,1,1,1.0
31,8,572.8,422.3,290.9000000000001,183.3,1,1,1.0
31,9,675.12,968.2,350.40999999999997,114.12999999999988,1,1,1.0
31,10,1150.2,296.6,344.39999999999986,189.89999999999998,1,1,1.0
32,1,236.8,384.31,189.89999999999998,148.66000000000003,1,1,1.0
32,2,106.1,559.6,171.6,187.89999999999998,1,1,1.0
32,3,151.63,754.7,233.89999999999998,134.53999999999996,1,1,1.0
32,4,97.2,803.3,230.25,195.83000000000004,1,1,1.0
32,5,224.36,803.37,192.14,203.08000000000004,1,1,1.0
32,6,320.5,585.7,232.39999999999998,189.5999999999999,1,1,1.0
32,7,455.6,661.8,296.29999999999995,203.5,1,1,1.0
32,8,576.6,409.1,287.1,196.5,1,1,1.0
32,9,513.87,920.73,350.42999999999995,144.26999999999998,1,1,1.0
32,10,1139.25,296.6,355.3499999999999,189.89999999999998,1,1,1.0
33,1,233.0,384.31,193.7,148.66000000000003,1,1,1.0
33,2,106.1,559.6,171.6,187.89999999999998,1,1,1.0
33,3,151.63,754.7,233.89999999999998,134.53999999999996,1,1,1.0
33,4,97.2,803.3,230.25,195.83000000000004,1,1,1.0
33,5,224.36,803.37,192.14,203.08000000000004,1,1,1.0
33,6,320.5,585.7,232.39999999999998,189.5999999999999,1,1,1.0
33,7,455.6,661.8,293.79999999999995,203.5,1,1,1.0
33,8,576.6,420.4,282.1,185.20000000000005,1,1,1.0
33,9,483.0,883.8,339.1,188.0,1,1,1.0
33,10,1128.3,296.6,366.29999999999995,189.89999999999998,1,1,1.0
34,1,233.0,384.31,193.7,148.66000000000003,1,1,1.0
34,2,101.4,566.4,167.9,181.10000000000002,1,1,1.0
34,3,151.63,754.7,233.89999999999998,134.53999999999996,1,1,1.0
34,4,97.2,803.3,230.25,195.83000000000004,1,1,1.0
34,5,224.36,803.37,192.14,203.08000000000004,1,1,1.0
34,6,320.5,585.7,232.39999999999998,189.5999999999999,1,1,1.0
34,7,453.1,661.8,296.29999999999995,194.70000000000005,1,1,1.0
34,8,576.6,420.4,282.1,185.20000000000005,1,1,1.0
34,9,473.2,878.5,348.90000000000003,193.29999999999995,1,1,1.0
34,10,1131.3,296.6,363.29999999999995,200.39999999999998,1,1,1.0
35,1,238.0,384.31,188.7,148.66000000000003,1,1,1.0
35,2,101.4,566.4,167.9,193.10000000000002,1,1,1.0
35,3,151.63,754.7,233.89999999999998,134.53999999999996,1,1,1.0
35,4,97.2,804.9,230.25,194.23000000000002,1,1,1.0
35,5,224.36,803.37,187.94,203.08000000000004,1,1,1.0
35,6,320.5,585.7,232.39999999999998,189.5999999999999,1,1,1.0
35,7,453.1,661.8,296.29999999999995,193.4000000000001,1,1,1.0
35,8,576.6,417.3,282.1,188.3,1,1,1.0
35,9,409.15,852.13,308.25,181.9699999999999,1,1,1.0
35,10,1131.3,268.7,355.79999999999995,213.2,1,1,1.0
36,1,231.7,384.31,195.0,148.66000000000003,1,1,1.0
36,2,101.4,566.4,167.9,185.30000000000007,1,1,1.0
36,3,151.63,754.7,233.89999999999998,134.53999999999996,1,1,1.0
36,4,97.2,804.9,230.25,194.23000000000002,1,1,1.0
36,5,224.36,803.37,187.94,203.08000000000004,1,1,1.0
36,6,320.5,585.7,232.39999999999998,189.5999999999999,1,1,1.0
36,7,449.3,661.8,295.7,213.5,1,1,1.0
36,8,576.6,421.7,282.1,183.90000000000003,1,1,1.0
36,9,383.53,849.11,287.1700000000001,144.28999999999996,1,1,1.0
36,10,1126.8,257.4,360.29999999999995,224.5,1,1,1.0
37,1,235.5,384.31,191.2,148.66000000000003,1,1,1.0
37,2,101.4,563.3,169.49999999999997,188.4000000000001,1,1,1.0
37,3,151.63,754.7,234.97000000000003,134.53999999999996,1,1,1.0
37,4,97.2,804.9,230.25,194.23000000000002,1,1,1.0
37,5,224.36,803.37,187.94,203.08000000000004,1,1,1.0
37,6,320.5,585.7,232.39999999999998,189.5999999999999,1,1,1.0
37,7,456.8,656.1,298.90000000000003,197.19999999999993,1,1,1.0
37,8,576.6,421.7,282.1,183.90000000000003,1,1,1.0
37,9,419.7,849.11,239.7,154.78999999999996,1,1,1.0
37,10,1104.2,261.9,382.89999999999986,215.5,1,1,1.0
38,1,238.0,384.31,188.7,148.66000000000003,1,1,1.0
38,2,103.0,563.3,171.0,209.9000000000001,1,1,1.0
38,3,151.63,754.7,235.47000000000003,134.53999999999996,1,1,1.0
38,4,97.2,804.9,230.25,194.23000000000002,1,1,1.0
38,5,224.36,803.37,191.03999999999996,203.08000000000004,1,1,1.0
38,6,320.5,581.9,232.39999999999998,193.39999999999998,1,1,1.0
38,7,464.3,634.1,307.7,196.60000000000002,1,1,1.0
38,8,576.6,421.7,282.1,183.90000000000003,1,1,1.0
38,9,391.8,862.7,267.59999999999997,141.19999999999993,1,1,1.0
38,10,1119.3,285.3,367.79999999999995,192.09999999999997,1,1,1.0
39,1,233.0,384.31,193.7,148.66000000000003,1,1,1.0
39,2,96.2,566.4,177.8,194.80000000000007,1,1,1.0
39,3,151.63,754.7,235.97000000000003,134.53999999999996,1,1,1.0
39,4,97.2,803.3,230.25,195.82000000000005,1,1,1.0
39,5,224.36,803.37,191.03999999999996,203.08000000000004,1,1,1.0
39,6,320.5,581.9,232.39999999999998,193.39999999999998,1,1,1.0
39,7,459.3,629.7,318.99999999999994,224.19999999999993,1,1,1.0
39,8,577.9,421.7,285.80000000000007,183.90000000000003,1,1,1.0
39,9,361.7,873.2,297.7,143.5,1,1,1.0
39,10,1102.7,295.8,397.20000000000005,189.09999999999997,1,1,1.0
40,1,236.1,384.31,190.6,148.66000000000003,1,1,1.0
40,2,91.5,566.4,182.5,215.70000000000005,1,1,1.0
40,3,151.63,754.7,235.97000000000003,134.53999999999996,1,1,1.0
40,4,97.2,803.3,230.25,195.82000000000005,1,1,1.0
40,5,224.36,803.37,191.03999999999996,203.08000000000004,1,1,1.0
40,6,320.5,581.9,232.39999999999998,195.89999999999998,1,1,1.0
40,7,459.3,629.7,318.99999999999994,209.0999999999999,1,1,1.0
40,8,577.9,399.7,285.80000000000007,205.90000000000003,1,1,1.0
40,9,356.4,822.7,272.80000000000007,196.29999999999995,1,1,1.0
40,10,1086.1,289.8,416.8000000000002,195.09999999999997,1,1,1.0
41,1,236.1,384.31,190.6,148.66000000000003,1,1,1.0
41,2,85.7,570.6,192.0,201.0,1,1,1.0
41,3,151.63,754.7,237.07,134.53999999999996,1,1,1.0
41,4,97.2,803.3,230.25,195.82000000000005,1,1,1.0
41,5,224.36,803.37,191.03999999999996,203.08000000000004,1,1,1.0
41,6,320.5,581.9,232.39999999999998,195.89999999999998,1,1,1.0
41,7,465.6,626.6,281.9,219.69999999999993,1,1,1.0
41,8,539.0,435.5,337.29999999999995,167.60000000000002,1,1,1.0
41,9,371.5,877.7,281.79999999999995,151.0999999999999,1,1,1.0
41,10,1110.2,285.3,398.0,199.59999999999997,1,1,1.0
42,1,231.7,384.31,195.0,148.66000000000003,1,1,1.0
42,2,94.6,568.5,193.6,183.20000000000005,1,1,1.0
42,3,151.63,754.7,236.47000000000003,134.53999999999996,1,1,1.0
42,4,97.2,803.3,230.25,195.82000000000005,1,1,1.0
42,5,224.36,803.37,194.14,203.08000000000004,1,1,1.0
42,6,325.5,581.9,227.39999999999998,195.89999999999998,1,1,1.0
42,7,466.3,633.5,304.40000000000003,218.5,1,1,1.0
42,8,530.2,441.8,353.5999999999999,153.8,1,1,1.0
42,9,351.9,888.2,289.30000000000007,135.29999999999995,1,1,1.0
42,10,1110.2,283.8,398.0,201.09999999999997,1,1,1.0
43,1,236.7,384.31,190.0,148.66000000000003,1,1,1.0
43,2,94.6,568.5,193.6,187.39999999999998,1,1,1.0
43,3,151.63,754.7,237.07,134.53999999999996,1,1,1.0
43,4,97.2,803.3,230.25,195.82000000000005,1,1,1.0
43,5,224.36,803.37,197.24,203.08000000000004,1,1,1.0
43,6,325.5,581.9,227.39999999999998,198.39999999999998,1,1,1.0
43,7,470.7,639.2,284.90000000000003,211.5,1,1,1.0
43,8,534.0,441.8,353.6,156.90000000000003,1,1,1.0
43,9,367.0,856.6,262.1,143.5,1,1,1.0
43,10,1110.2,283.8,398.0,201.09999999999997,1,1,1.0
44,1,232.9,384.31,193.79999999999998,148.66000000000003,1,1,1.0
44,2,96.7,568.5,191.5,187.39999999999998,1,1,1.0
44,3,153.2,754.7,235.5,134.53999999999996,1,1,1.0
44,4,97.2,803.3,230.25,195.82000000000005,1,1,1.0
44,5,224.36,803.37,197.24,203.08000000000004,1,1,1.0
44,6,325.5,581.9,227.39999999999998,198.39999999999998,1,1,1.0
44,7,456.9,650.5,292.4,197.70000000000005,1,1,1.0
44,8,534.0,441.8,353.6,156.90000000000003,1,1,1.0
44,9,386.6,865.6,242.5,155.60000000000002,1,1,1.0
44,10,1110.2,283.8,398.0,201.09999999999997,1,1,1.0
45,1,232.9,384.31,193.79999999999998,148.66000000000003,1,1,1.0
45,2,96.7,568.5,191.5,187.39999999999998,1,1,1.0
45,3,153.2,754.7,235.5,134.53999999999996,1,1,1.0
45,4,97.2,803.3,230.25,195.82000000000005,1,1,1.0
45,5,224.36,803.37,197.24,203.08000000000004,1,1,1.0
45,6,325.5,581.9,227.39999999999998,198.39999999999998,1,1,1.0
45,7,456.9,650.5,292.4,197.70000000000005,1,1,1.0
45,8,534.0,441.8,353.6,156.90000000000003,1,1,1.0
45,9,397.1,865.6,242.5,155.60000000000002,1,1,1.0
45,10,1110.2,283.8,398.0,201.09999999999997,1,1,1.0
46,1,237.3,384.31,189.39999999999998,148.66000000000003,1,1,1.0
46,2,96.7,568.5,183.10000000000002,183.20000000000005,1,1,1.0
46,3,153.2,754.7,235.5,134.53999999999996,1,1,1.0
46,4,97.2,803.3,230.25,195.82000000000005,1,1,1.0
46,5,224.36,803.37,197.24,203.08000000000004,1,1,1.0
46,6,325.5,581.9,227.39999999999998,203.39999999999998,1,1,1.0
46,7,470.7,650.5,278.59999999999997,195.20000000000005,1,1,1.0
46,8,534.0,441.8,357.4,156.90000000000003,1,1,1.0
46,9,397.1,861.1,242.5,160.10000000000002,1,1,1.0
46,10,1110.2,283.8,398.0,201.09999999999997,1,1,1.0
47,1,232.9,384.31,193.79999999999998,148.66000000000003,1,1,1.0
47,2,96.7,568.5,183.10000000000002,183.20000000000005,1,1,1.0
47,3,153.2,754.7,235.5,134.53999999999996,1,1,1.0
47,4,97.2,803.3,230.25,195.82000000000005,1,1,1.0
47,5,224.36,803.37,197.24,203.08000000000004,1,1,1.0
47,6,325.5,575.6,227.39999999999998,209.69999999999993,1,1,1.0
47,7,460.7,656.8,293.00000000000006,177.60000000000002,1,1,1.0
47,8,534.0,441.8,357.4,156.90000000000003,1,1,1.0
47,9,405.4,859.6,241.0,164.60000000000002,1,1,1.0
47,10,1098.9,283.8,406.29999999999995,201.09999999999997,1,1,1.0
48,1,237.9,384.31,188.79999999999998,148.66000000000003,1,1,1.0
48,2,82.6,570.6,197.70000000000002,190.5,1,1,1.0
48,3,153.2,754.7,235.5,134.53999999999996,1,1,1.0
48,4,97.2,803.3,230.25,195.82000000000005,1,1,1.0
48,5,224.36,803.37,197.24,203.08000000000004,1,1,1.0
48,6,325.5,575.6,227.39999999999998,209.69999999999993,1,1,1.0
48,7,460.7,656.8,297.40000000000003,202.70000000000005,1,1,1.0
48,8,527.1,441.8,364.29999999999995,156.90000000000003,1,1,1.0
48,9,405.4,859.6,244.80000000000007,164.60000000000002,1,1,1.0
48,10,1114.0,283.8,391.20000000000005,201.09999999999997,1,1,1.0
49,1,237.9,384.31,188.79999999999998,148.66000000000003,1,1,1.0
49,2,71.1,573.7,204.50000000000003,169.5999999999999,1,1,1.0
49,3,153.2,754.7,235.5,134.53999999999996,1,1,1.0
49,4,97.2,803.3,230.25,195.82000000000005,1,1,1.0
49,5,224.36,803.37,197.24,203.08000000000004,1,1,1.0
49,6,325.5,575.6,238.70000000000005,207.79999999999995,1,1,1.0
49,7,482.1,614.7,251.5,297.5,1,1,1.0
49,8,530.2,441.8,361.19999999999993,156.90000000000003,1,1,1.0
49,9,408.4,859.6,241.80000000000007,164.60000000000002,1,1,1.0
49,10,1111.0,283.8,394.20000000000005,201.09999999999997,1,1,1.0
50,1,232.2,384.31,194.5,148.66000000000003,1,1,1.0
50,2,78.4,580.5,199.29999999999998,170.60000000000002,1,1,1.0
50,3,153.2,754.7,235.5,134.53999999999996,1,1,1.0
50,4,97.2,803.3,230.25,195.82000000000005,1,1,1.0
50,5,224.36,803.37,197.24,203.08000000000004,1,1,1.0
50,6,331.8,571.8,229.90000000000003,211.60000000000002,1,1,1.0
50,7,524.2,615.3,191.79999999999995,304.4000000000001,1,1,1.0
50,8,530.2,441.8,364.29999999999995,156.90000000000003,1,1,1.0
50,9,408.4,866.4,202.60000000000002,157.80000000000007,1,1,1.0
50,10,1087.6,283.8,417.60000000000014,201.09999999999997,1,1,1.0
51,1,239.1,384.31,187.6,148.66000000000003,1,1,1.0
51,2,78.4,582.1,201.9,169.0,1,1,1.0
51,3,153.2,754.7,235.5,134.53999999999996,1,1,1.0
51,4,97.2,803.3,230.25,195.82000000000005,1,1,1.0
51,5,224.36,803.37,197.24,203.08000000000004,1,1,1.0
51,6,331.8,571.8,229.90000000000003,211.60000000000002,1,1,1.0
51,7,493.43,675.6,258.36999999999995,274.24,1,1,1.0
51,8,530.2,441.8,362.4,156.90000000000003,1,1,1.0
51,9,383.5,880.0,227.5,144.20000000000005,1,1,1.0
51,10,1087.6,298.1,417.60000000000014,186.79999999999995,1,1,1.0
52,1,235.3,384.31,191.39999999999998,148.66000000000003,1,1,1.0
52,2,78.4,582.1,201.9,169.0,1,1,1.0
52,3,153.2,754.7,235.5,134.53999999999996,1,1,1.0
52,4,97.2,803.3,230.25,195.82000000000005,1,1,1.0
52,5,224.36,803.37,197.24,203.08000000000004,1,1,1.0
52,6,331.8,571.8,229.90000000000003,211.60000000000002,1,1,1.0
52,7,504.7,733.4,296.7,185.0,1,1,1.0
52,8,530.2,447.5,362.4,151.20000000000005,1,1,1.0
52,9,382.8,875.5,228.2,148.70000000000005,1,1,1.0
52,10,1095.1,298.1,410.10000000000014,186.79999999999995,1,1,1.0
53,1,235.3,384.31,191.39999999999998,148.66000000000003,1,1,1.0
53,2,80.5,582.1,204.0,157.0,1,1,1.0
53,3,153.2,754.7,235.5,134.53999999999996,1,1,1.0
53,4,97.2,803.3,230.25,195.82000000000005,1,1,1.0
53,5,224.36,803.37,197.24,203.08000000000004,1,1,1.0
53,6,331.2,563.6,230.50000000000006,219.79999999999995,1,1,1.0
53,7,493.4,740.3,324.30000000000007,162.4000000000001,1,1,1.0
53,8,518.9,442.5,373.70000000000005,156.20000000000005,1,1,1.0
53,9,382.8,871.0,228.2,153.20000000000005,1,1,1.0
53,10,1112.4,298.1,392.79999999999995,186.79999999999995,1,1,1.0
54,1,237.2,384.31,189.5,148.66000000000003,1,1,1.0
54,2,71.6,586.3,225.50000000000003,137.60000000000002,1,1,1.0
54,3,153.2,754.7,235.5,134.53999999999996,1,1,1.0
54,4,97.2,803.3,230.25,195.82000000000005,1,1,1.0
54,5,224.36,803.37,197.24,203.08000000000004,1,1,1.0
54,6,331.2,563.6,230.50000000000006,217.29999999999995,1,1,1.0
54,7,494.0,731.5,325.0,180.0,1,1,1.0
54,8,565.4,441.9,321.5,156.80000000000007,1,1,1.0
54,9,385.8,871.0,229.7,153.20000000000005,1,1,1.0
54,10,1126.7,283.8,378.5,201.09999999999997,1,1,1.0
55,1,229.7,384.31,197.0,148.66000000000003,1,1,1.0
55,2,64.8,572.7,234.89999999999998,128.69999999999993,1,1,1.0
55,3,153.2,754.7,235.5,134.53999999999996,1,1,1.0
55,4,97.2,803.3,230.25,195.82000000000005,1,1,1.0
55,5,224.36,803.37,197.24,203.08000000000004,1,1,1.0
55,6,336.9,560.5,224.80000000000007,219.79999999999995,1,1,1.0
55,7,517.2,738.4,307.5,210.80000000000007,1,1,1.0
55,8,565.4,441.9,321.5,152.39999999999998,1,1,1.0
55,9,386.5,871.0,229.0,153.20000000000005,1,1,1.0
55,10,1120.7,283.8,384.5,201.09999999999997,1,1,1.0
56,1,234.7,384.31,192.0,148.66000000000003,1,1,1.0
56,2,78.41,597.8,224.39000000000001,118.30000000000007,1,1,1.0
56,3,153.2,754.7,235.5,134.53999999999996,1,1,1.0
56,4,97.2,803.3,230.25,195.82000000000005,1,1,1.0
56,5,224.36,803.37,197.24,203.08000000000004,1,1,1.0
56,6,336.9,560.5,224.80000000000007,219.79999999999995,1,1,1.0
56,7,519.7,726.5,300.5999999999999,224.60000000000002,1,1,1.0
56,8,561.0,441.9,325.9,152.39999999999998,1,1,1.0
56,9,384.2,871.0,231.3,153.20000000000005,1,1,1.0
56,10,1120.7,283.8,384.5,201.09999999999997,1,1,1.0
57,1,234.7,384.31,192.0,148.66000000000003,1,1,1.0
57,2,84.2,595.7,219.10000000000002,135.0999999999999,1,1,1.0
57,3,153.2,754.7,235.5,134.53999999999996,1,1,1.0
57,4,97.2,803.3,230.25,195.82000000000005,1,1,1.0
57,5,224.36,803.37,197.24,203.08000000000004,1,1,1.0
57,6,336.9,560.5,224.80000000000007,217.89999999999998,1,1,1.0
57,7,524.1,722.1,295.6,230.89999999999998,1,1,1.0
57,8,506.4,441.9,380.5,149.30000000000007,1,1,1.0
57,9,384.2,871.0,231.3,153.20000000000005,1,1,1.0
57,10,1125.2,283.8,380.0,201.09999999999997,1,1,1.0
58,1,234.7,384.31,192.0,148.66000000000003,1,1,1.0
58,2,96.8,605.6,216.39999999999998,123.10000000000002,1,1,1.0
58,3,153.2,754.7,235.5,134.53999999999996,1,1,1.0
58,4,97.2,803.3,230.25,195.82000000000005,1,1,1.0
58,5,224.36,803.37,197.24,203.08000000000004,1,1,1.0
58,6,336.9,564.3,224.80000000000007,214.10000000000002,1,1,1.0
58,7,524.1,723.4,292.5,243.39999999999998,1,1,1.0
58,8,554.1,441.9,332.79999999999995,149.30000000000007,1,1,1.0
58,9,384.2,871.0,231.3,153.20000000000005,1,1,1.0
58,10,1125.2,283.8,380.0,201.09999999999997,1,1,1.0
59,1,234.7,384.31,192.0,148.66000000000003,1,1,1.0
59,2,112.5,605.6,204.39999999999998,125.69999999999993,1,1,1.0
59,3,153.2,754.7,235.5,134.53999999999996,1,1,1.0
59,4,97.2,803.3,230.25,195.82000000000005,1,1,1.0
59,5,224.36,803.37,197.24,203.08000000000004,1,1,1.0
59,6,336.9,564.3,224.80000000000007,214.10000000000002,1,1,1.0
59,7,524.1,719.6,288.69999999999993,236.5,1,1,1.0
59,8,547.8,440.6,339.1,150.60000000000002,1,1,1.0
59,9,384.2,871.0,231.3,153.20000000000005,1,1,1.0
59,10,1125.2,283.8,380.0,201.09999999999997,1,1,1.0
60,1,234.7,384.31,192.0,148.66000000000003,1,1,1.0
60,2,119.8,605.6,197.09999999999997,127.79999999999995,1,1,1.0
60,3,153.2,754.7,235.5,134.53999999999996,1,1,1.0
60,4,97.2,803.3,230.25,195.82000000000005,1,1,1.0
60,5,224.36,803.37,197.24,203.08000000000004,1,1,1.0
60,6,336.9,564.3,224.80000000000007,214.10000000000002,1,1,1.0
60,7,524.1,720.9,287.4,235.20000000000005,1,1,1.0
60,8,551.6,440.6,335.29999999999995,150.60000000000002,1,1,1.0
60,9,384.2,871.0,231.3,153.20000000000005,1,1,1.0
60,10,1118.4,283.8,386.79999999999995,201.09999999999997,1,1,1.0
61,1,234.7,384.31,192.0,148.66000000000003,1,1,1.0
61,2,119.8,605.6,197.09999999999997,129.39999999999998,1,1,1.0
61,3,143.3,765.1,245.39999999999998,127.79999999999995,1,1,1.0
61,4,97.2,803.3,230.25,195.82000000000005,1,1,1.0
61,5,224.36,803.37,200.33999999999997,203.08000000000004,1,1,1.0
61,6,336.9,564.3,224.80000000000007,214.10000000000002,1,1,1.0
61,7,527.9,717.8,288.6,244.0,1,1,1.0
61,8,551.6,440.6,335.29999999999995,154.39999999999998,1,1,1.0
61,9,384.2,871.0,231.3,153.20000000000005,1,1,1.0
61,10,1125.2,283.8,380.0,201.09999999999997,1,1,1.0
62,1,239.7,384.31,187.0,148.66000000000003,1,1,1.0
62,2,119.8,605.6,197.09999999999997,129.39999999999998,1,1,1.0
62,3,143.3,765.1,248.0,127.79999999999995,1,1,1.0
62,4,100.3,805.9,227.14999999999998,193.22000000000003,1,1,1.0
62,5,224.36,803.37,200.33999999999997,203.08000000000004,1,1,1.0
62,6,336.9,564.3,221.70000000000005,214.10000000000002,1,1,1.0
62,7,527.9,715.3,288.6,245.80000000000007,1,1,1.0
62,8,554.1,440.6,332.79999999999995,154.39999999999998,1,1,1.0
62,9,384.2,871.0,231.3,153.20000000000005,1,1,1.0
62,10,1115.4,283.8,389.79999999999995,201.09999999999997,1,1,1.0
63,1,235.9,384.31,190.79999999999998,148.66000000000003,1,1,1.0
63,2,104.6,599.3,211.29999999999998,127.30000000000007,1,1,1.0
63,3,144.9,765.1,246.4,127.79999999999995,1,1,1.0
63,4,100.3,805.9,227.14999999999998,193.22000000000003,1,1,1.0
63,5,224.36,803.37,202.44,203.08000000000004,1,1,1.0
63,6,336.9,564.3,221.70000000000005,214.10000000000002,1,1,1.0
63,7,514.7,715.3,301.79999999999995,253.30000000000007,1,1,1.0
63,8,557.2,440.6,329.69999999999993,154.39999999999998,1,1,1.0
63,9,384.2,871.0,231.3,153.20000000000005,1,1,1.0
63,10,1115.4,283.8,389.79999999999995,201.09999999999997,1,1,1.0
64,1,235.9,384.31,190.79999999999998,148.66000000000003,1,1,1.0
64,2,79.0,591.5,251.0,124.10000000000002,1,1,1.0
64,3,144.9,765.1,246.4,127.79999999999995,1,1,1.0
64,4,100.3,805.9,227.14999999999998,193.22000000000003,1,1,1.0
64,5,224.36,803.37,202.44,203.08000000000004,1,1,1.0
64,6,336.9,564.3,221.70000000000005,214.10000000000002,1,1,1.0
64,7,522.2,716.6,294.29999999999995,210.60000000000002,1,1,1.0
64,8,557.2,440.6,329.69999999999993,154.39999999999998,1,1,1.0
64,9,384.2,871.0,231.3,153.20000000000005,1,1,1.0
64,10,1129.0,283.8,376.20000000000005,202.59999999999997,1,1,1.0
65,1,235.9,384.31,190.79999999999998,148.66000000000003,1,1,1.0
65,2,62.3,613.0,267.7,113.60000000000002,1,1,1.0
65,3,144.9,765.1,246.4,127.79999999999995,1,1,1.0
65,4,100.3,805.9,227.14999999999998,193.22000000000003,1,1,1.0
65,5,224.36,803.37,203.44,203.08000000000004,1,1,1.0
65,6,336.9,564.3,221.70000000000005,214.10000000000002,1,1,1.0
65,7,525.3,720.4,291.20000000000005,203.70000000000005,1,1,1.0
65,8,568.5,440.6,315.9,158.19999999999993,1,1,1.0
65,9,384.2,871.0,231.3,150.20000000000005,1,1,1.0
65,10,1142.6,283.8,362.60000000000014,202.59999999999997,1,1,1.0
66,1,235.9,384.31,190.79999999999998,148.66000000000003,1,1,1.0
66,2,62.3,598.9,267.7,151.20000000000005,1,1,1.0
66,3,144.9,765.1,246.4,127.79999999999995,1,1,1.0
66,4,100.3,805.9,227.14999999999998,193.22000000000003,1,1,1.0
66,5,224.36,803.37,205.03999999999996,203.08000000000004,1,1,1.0
66,6,336.9,564.3,221.70000000000005,214.10000000000002,1,1,1.0
66,7,525.3,721.0,295.0,198.70000000000005,1,1,1.0
66,8,566.6,440.6,317.79999999999995,158.19999999999993,1,1,1.0
66,9,385.0,871.0,223.0,150.20000000000005,1,1,1.0
66,10,1142.6,283.8,362.60000000000014,210.09999999999997,1,1,1.0
67,1,235.9,384.31,190.79999999999998,148.66000000000003,1,1,1.0
67,2,70.7,598.9,259.3,136.5,1,1,1.0
67,3,144.9,765.1,246.4,127.79999999999995,1,1,1.0
67,4,100.3,805.9,227.14999999999998,193.22000000000003,1,1,1.0
67,5,224.36,803.37,205.03999999999996,203.08000000000004,1,1,1.0
67,6,336.9,564.3,221.70000000000005,214.10000000000002,1,1,1.0
67,7,525.3,722.3,295.0,197.4000000000001,1,1,1.0
67,8,562.8,443.1,321.6,155.69999999999993,1,1,1.0
67,9,397.1,871.0,210.89999999999998,150.20000000000005,1,1,1.0
67,10,1142.6,283.8,357.3000000000002,210.09999999999997,1,1,1.0
68,1,235.9,384.31,190.79999999999998,148.66000000000003,1,1,1.0
68,2,72.3,598.9,257.7,129.20000000000005,1,1,1.0
68,3,144.9,765.1,246.4,127.79999999999995,1,1,1.0
68,4,100.3,805.9,227.14999999999998,193.22000000000003,1,1,1.0
68,5,224.36,803.37,205.03999999999996,203.08000000000004,1,1,1.0
68,6,336.9,564.3,221.70000000000005,214.10000000000002,1,1,1.0
68,7,527.8,722.3,292.5,205.60000000000002,1,1,1.0
68,8,562.8,443.1,321.6,155.69999999999993,1,1,1.0
68,9,397.1,871.0,210.89999999999998,150.20000000000005,1,1,1.0
68,10,1151.6,263.5,348.3000000000002,230.39999999999998,1,1,1.0
69,1,235.9,384.31,190.79999999999998,148.66000000000003,1,1,1.0
69,2,72.3,598.9,257.7,129.20000000000005,1,1,1.0
69,3,144.9,765.1,246.4,127.79999999999995,1,1,1.0
69,4,100.3,801.7,227.14999999999998,197.41999999999996,1,1,1.0
69,5,224.36,803.37,205.03999999999996,203.08000000000004,1,1,1.0
69,6,336.9,564.3,221.70000000000005,214.10000000000002,1,1,1.0
69,7,531.6,722.3,288.69999999999993,209.4000000000001,1,1,1.0
69,8,562.8,443.1,321.6,155.69999999999993,1,1,1.0
69,9,406.9,871.0,201.10000000000002,150.20000000000005,1,1,1.0
69,10,1151.6,259.0,348.3000000000002,234.89999999999998,1,1,1.0
70,1,235.9,384.31,190.79999999999998,148.66000000000003,1,1,1.0
70,2,72.3,598.9,257.7,129.20000000000005,1,1,1.0
70,3,137.6,765.1,253.70000000000002,127.79999999999995,1,1,1.0
70,4,102.4,801.7,225.04999999999998,197.41999999999996,1,1,1.0
70,5,224.36,803.37,205.03999999999996,203.08000000000004,1,1,1.0
70,6,336.9,564.3,221.70000000000005,214.10000000000002,1,1,1.0
70,7,531.6,722.3,291.79999999999995,215.70000000000005,1,1,1.0
70,8,560.9,443.1,323.5,155.69999999999993,1,1,1.0
70,9,400.9,871.0,207.10000000000002,150.20000000000005,1,1,1.0
70,10,1148.6,259.0,351.3000000000002,234.89999999999998,1,1,1.0
71,1,235.9,384.31,190.79999999999998,148.66000000000003,1,1,1.0
71,2,72.3,595.2,257.7,132.89999999999998,1,1,1.0
71,3,134.5,765.1,256.8,127.79999999999995,1,1,1.0
71,4,102.4,809.5,225.04999999999998,189.62,1,1,1.0
71,5,224.36,803.37,205.03999999999996,203.08000000000004,1,1,1.0
71,6,336.9,564.3,221.70000000000005,214.10000000000002,1,1,1.0
71,7,524.7,719.8,294.9,218.20000000000005,1,1,1.0
71,8,559.6,443.1,324.79999999999995,155.69999999999993,1,1,1.0
71,9,380.6,871.0,227.39999999999998,150.20000000000005,1,1,1.0
71,10,1133.5,263.5,366.4000000000001,230.39999999999998,1,1,1.0
72,1,235.9,384.31,190.79999999999998,148.66000000000003,1,1,1.0
72,2,72.3,595.2,257.7,132.89999999999998,1,1,1.0
72,3,145.0,765.1,246.3,127.79999999999995,1,1,1.0
72,4,102.4,809.5,225.04999999999998,189.62,1,1,1.0
72,5,224.36,803.37,208.14,203.08000000000004,1,1,1.0
72,6,335.0,564.3,223.60000000000002,216.0,1,1,1.0
72,7,529.7,719.8,289.9,225.70000000000005,1,1,1.0
72,8,552.7,445.6,331.69999999999993,153.19999999999993,1,1,1.0
72,9,380.6,871.0,227.39999999999998,150.20000000000005,1,1,1.0
72,10,1133.5,263.5,360.4000000000001,231.89999999999998,1,1,1.0
73,1,241.6,384.31,185.1,148.66000000000003,1,1,1.0
73,2,72.3,595.2,257.7,135.0,1,1,1.0
73,3,145.0,765.1,246.3,127.79999999999995,1,1,1.0
73,4,102.4,809.5,225.04999999999998,189.62,1,1,1.0
73,5,224.36,803.37,212.33999999999997,203.08000000000004,1,1,1.0
73,6,335.0,564.3,223.60000000000002,211.0,1,1,1.0
73,7,527.2,719.8,292.4,217.5,1,1,1.0
73,8,518.8,445.6,365.6,153.19999999999993,1,1,1.0
73,9,390.4,874.8,217.60000000000002,146.4000000000001,1,1,1.0
73,10,1138.8,263.5,355.10000000000014,231.89999999999998,1,1,1.0
74,1,236.6,384.31,190.1,148.66000000000003,1,1,1.0
74,2,72.3,595.2,257.7,140.19999999999993,1,1,1.0
74,3,145.0,765.1,246.3,127.79999999999995,1,1,1.0
74,4,102.4,805.3,225.04999999999998,193.82000000000005,1,1,1.0
74,5,224.36,803.37,212.33999999999997,203.08000000000004,1,1,1.0
74,6,339.4,559.3,219.20000000000005,216.0,1,1,1.0
74,7,522.2,721.1,299.9,206.79999999999995,1,1,1.0
74,8,501.2,449.4,383.2,149.39999999999998,1,1,1.0
74,9,379.9,874.8,228.10000000000002,146.4000000000001,1,1,1.0
74,10,1142.6,250.7,351.3000000000002,242.40000000000003,1,1,1.0
75,1,236.6,384.31,190.1,148.66000000000003,1,1,1.0
75,2,74.9,595.2,255.1,133.89999999999998,1,1,1.0
75,3,145.0,759.9,246.3,133.0,1,1,1.0
75,4,102.4,802.7,225.04999999999998,196.41999999999996,1,1,1.0
75,5,224.36,803.37,212.33999999999997,203.08000000000004,1,1,1.0
75,6,339.4,559.3,219.20000000000005,216.0,1,1,1.0
75,7,522.2,724.9,301.19999999999993,200.5,1,1,1.0
75,8,511.9,459.4,369.4,150.70000000000005,1,1,1.0
75,9,379.9,874.8,228.10000000000002,146.4000000000001,1,1,1.0
75,10,1121.5,269.5,372.4000000000001,223.60000000000002,1,1,1.0
76,1,236.6,384.31,190.1,148.66000000000003,1,1,1.0
76,2,74.9,595.2,255.1,131.29999999999995,1,1,1.0
76,3,145.0,763.0,246.3,129.89999999999998,1,1,1.0
76,4,102.4,806.4,225.04999999999998,192.72000000000003,1,1,1.0
76,5,224.36,803.37,206.53999999999996,203.08000000000004,1,1,1.0
76,6,339.4,559.3,219.20000000000005,216.0,1,1,1.0
76,7,525.3,724.9,298.1,211.80000000000007,1,1,1.0
76,8,523.8,448.7,353.1,145.7,1,1,1.0
76,9,379.9,868.8,228.10000000000002,152.4000000000001,1,1,1.0
76,10,1102.7,280.0,391.20000000000005,208.60000000000002,1,1,1.0
77,1,236.6,384.31,190.1,148.66000000000003,1,1,1.0
77,2,74.9,595.2,255.1,131.29999999999995,1,1,1.0
77,3,138.7,763.0,252.60000000000002,129.89999999999998,1,1,1.0
77,4,96.6,817.4,230.85,181.72000000000003,1,1,1.0
77,5,224.36,803.37,206.53999999999996,203.08000000000004,1,1,1.0
77,6,339.4,559.3,219.20000000000005,216.0,1,1,1.0
77,7,527.2,724.9,296.19999999999993,209.89999999999998,1,1,1.0
77,8,525.68,446.82,345.5200000000001,145.7,1,1,1.0
77,9,392.7,868.8,215.3,152.4000000000001,1,1,1.0
77,10,1095.2,297.3,398.70000000000005,191.3,1,1,1.0
78,1,236.6,384.31,190.1,148.66000000000003,1,1,1.0
78,2,71.2,593.1,262.5,137.60000000000002,1,1,1.0
78,3,143.4,761.4,247.9,131.5,1,1,1.0
78,4,85.6,830.0,241.85,169.12,1,1,1.0
78,5,224.36,803.37,206.53999999999996,203.08000000000004,1,1,1.0
78,6,339.4,559.3,219.20000000000005,216.0,1,1,1.0
78,7,527.2,724.9,296.19999999999993,212.39999999999998,1,1,1.0
78,8,520.7,448.7,360.5,147.00000000000006,1,1,1.0
78,9,378.4,868.8,229.60000000000002,153.9000000000001,1,1,1.0
78,10,1089.9,297.3,404.0,191.3,1,1,1.0
79,1,236.6,384.31,190.1,148.66000000000003,1,1,1.0
79,2,71.2,593.1,262.5,141.79999999999995,1,1,1.0
79,3,139.7,761.4,251.60000000000002,131.5,1,1,1.0
79,4,83.5,830.0,243.95,169.12,1,1,1.0
79,5,224.36,803.37,206.53999999999996,203.08000000000004,1,1,1.0
79,6,339.4,559.3,219.20000000000005,216.0,1,1,1.0
79,7,527.2,724.9,296.19999999999993,204.89999999999998,1,1,1.0
79,8,508.8,472.6,384.3,142.60000000000002,1,1,1.0
79,9,393.5,868.8,214.5,153.9000000000001,1,1,1.0
79,10,1100.4,297.3,393.5,185.3,1,1,1.0
80,1,236.6,384.31,190.1,148.66000000000003,1,1,1.0
80,2,71.2,593.1,262.5,136.60000000000002,1,1,1.0
80,3,142.8,761.4,248.5,131.5,1,1,1.0
80,4,83.5,832.1,243.95,167.01999999999998,1,1,1.0
80,5,224.36,803.37,206.53999999999996,203.08000000000004,1,1,1.0
80,6,339.4,559.3,219.20000000000005,216.0,1,1,1.0
80,7,527.2,724.9,296.19999999999993,214.89999999999998,1,1,1.0
80,8,528.3,478.9,371.70000000000005,136.30000000000007,1,1,1.0
80,9,383.0,868.8,225.0,153.9000000000001,1,1,1.0
80,10,1092.1,297.3,401.8000000000002,192.8,1,1,1.0
81,1,236.6,384.31,190.1,148.66000000000003,1,1,1.0
81,2,71.2,593.1,262.5,138.19999999999993,1,1,1.0
81,3,142.8,761.4,248.5,131.5,1,1,1.0
81,4,83.5,832.1,243.95,167.01999999999998,1,1,1.0
81,5,224.36,808.1,202.33999999999997,198.35000000000002,1,1,1.0
81,6,339.4,559.3,219.20000000000005,216.0,1,1,1.0
81,7,525.9,727.4,301.9,219.30000000000007,1,1,1.0
81,8,528.3,478.9,365.4000000000001,130.60000000000002,1,1,1.0
81,9,389.0,868.8,219.0,153.9000000000001,1,1,1.0
81,10,1089.1,297.3,398.8000000000002,188.3,1,1,1.0
82,1,236.6,384.31,190.1,148.66000000000003,1,1,1.0
82,2,69.1,593.1,264.6,145.5,1,1,1.0
82,3,127.6,759.3,263.70000000000005,133.60000000000002,1,1,1.0
82,4,87.7,837.3,239.75,161.82000000000005,1,1,1.0
82,5,224.36,808.1,208.14,198.35000000000002,1,1,1.0
82,6,339.4,559.3,219.20000000000005,216.0,1,1,1.0
82,7,480.1,736.2,359.0,169.0999999999999,1,1,1.0
82,8,506.3,455.7,383.59999999999997,151.3,1,1,1.0
82,9,401.8,868.8,206.2,153.9000000000001,1,1,1.0
82,10,1089.1,297.3,398.8000000000002,186.39999999999998,1,1,1.0
83,1,236.6,384.31,190.1,148.66000000000003,1,1,1.0
83,2,72.8,593.1,260.9,132.89999999999998,1,1,1.0
83,3,140.2,759.3,251.10000000000002,133.60000000000002,1,1,1.0
83,4,87.7,837.3,239.75,161.82000000000005,1,1,1.0
83,5,224.36,808.1,218.64,198.35000000000002,1,1,1.0
83,6,339.4,559.3,219.20000000000005,216.0,1,1,1.0
83,7,472.6,725.5,354.6,177.89999999999998,1,1,1.0
83,8,537.67,450.06,338.43000000000006,165.14000000000004,1,1,1.0
83,9,401.8,868.8,206.2,153.9000000000001,1,1,1.0
83,10,1117.0,297.3,370.9000000000001,184.59999999999997,1,1,1.0
84,1,236.6,384.31,190.1,148.66000000000003,1,1,1.0
84,2,65.5,593.1,268.2,138.69999999999993,1,1,1.0
84,3,140.2,757.7,251.10000000000002,137.29999999999995,1,1,1.0
84,4,87.7,837.3,239.75,161.82000000000005,1,1,1.0
84,5,224.36,808.1,227.53999999999996,198.35000000000002,1,1,1.0
84,6,339.4,559.3,219.20000000000005,216.0,1,1,1.0
84,7,472.6,734.9,354.6,168.5,1,1,1.0
84,8,533.9,450.06,335.9,152.54000000000002,1,1,1.0
84,9,398.0,868.8,210.0,153.9000000000001,1,1,1.0
84,10,1117.0,297.3,370.9000000000001,183.39999999999998,1,1,1.0
85,1,236.6,384.31,190.1,148.66000000000003,1,1,1.0
85,2,65.5,593.1,268.2,133.5,1,1,1.0
85,3,140.2,757.7,251.10000000000002,137.29999999999995,1,1,1.0
85,4,87.7,837.3,239.75,161.82000000000005,1,1,1.0
85,5,224.36,808.1,232.74,198.35000000000002,1,1,1.0
85,6,334.4,559.3,224.20000000000005,216.0,1,1,1.0
85,7,489.6,724.9,345.1,167.80000000000007,1,1,1.0
85,8,542.7,450.06,327.0999999999999,152.54000000000002,1,1,1.0
85,9,404.0,868.8,204.0,153.9000000000001,1,1,1.0
85,10,1123.8,297.3,364.10000000000014,185.2,1,1,1.0
86,1,236.6,384.31,190.1,148.66000000000003,1,1,1.0
86,2,66.0,593.1,267.7,133.5,1,1,1.0
86,3,140.2,757.7,251.10000000000002,137.29999999999995,1,1,1.0
86,4,92.9,834.7,234.54999999999998,164.41999999999996,1,1,1.0
86,5,224.36,808.1,232.74,198.35000000000002,1,1,1.0
86,6,338.2,559.3,220.40000000000003,216.0,1,1,1.0
86,7,519.1,738.7,308.69999999999993,165.89999999999998,1,1,1.0
86,8,542.7,450.06,327.0999999999999,156.94,1,1,1.0
86,9,405.5,868.8,202.5,153.9000000000001,1,1,1.0
86,10,1128.3,297.3,359.60000000000014,184.0,1,1,1.0
87,1,236.6,384.31,190.1,148.66000000000003,1,1,1.0
87,2,66.0,593.1,267.7,133.5,1,1,1.0
87,3,140.2,757.7,251.10000000000002,137.29999999999995,1,1,1.0
87,4,95.0,834.7,232.45,164.41999999999996,1,1,1.0
87,5,224.36,808.1,232.74,198.35000000000002,1,1,1.0
87,6,338.2,559.3,220.40000000000003,216.0,1,1,1.0
87,7,531.0,758.8,285.5,160.9000000000001,1,1,1.0
87,8,547.7,450.06,322.0999999999999,156.94,1,1,1.0
87,9,405.5,868.8,202.5,153.9000000000001,1,1,1.0
87,10,1124.5,300.3,363.4000000000001,178.5,1,1,1.0
88,1,236.6,384.31,190.1,148.66000000000003,1,1,1.0
88,2,66.0,593.1,267.7,133.5,1,1,1.0
88,3,140.2,758.7,251.10000000000002,136.29999999999995,1,1,1.0
88,4,91.9,834.7,235.54999999999998,164.41999999999996,1,1,1.0
88,5,224.36,808.1,238.53999999999996,198.35000000000002,1,1,1.0
88,6,338.2,559.3,220.40000000000003,216.0,1,1,1.0
88,7,531.0,751.9,257.20000000000005,182.20000000000005,1,1,1.0
88,8,560.9,450.06,308.9,156.94,1,1,1.0
88,9,405.5,868.8,202.5,153.9000000000001,1,1,1.0
88,10,1131.3,300.3,356.60000000000014,185.3,1,1,1.0
89,1,236.6,384.31,190.1,148.66000000000003,1,1,1.0
89,2,66.0,593.1,267.7,133.5,1,1,1.0
89,3,144.4,758.7,246.9,136.29999999999995,1,1,1.0
89,4,87.7,834.7,239.75,164.41999999999996,1,1,1.0
89,5,224.36,808.1,246.94,198.35000000000002,1,1,1.0
89,6,338.2,559.3,220.40000000000003,216.0,1,1,1.0
89,7,531.0,751.9,247.20000000000005,182.20000000000005,1,1,1.0
89,8,560.9,440.6,302.0,166.39999999999998,1,1,1.0
89,9,390.4,865.0,217.60000000000002,157.70000000000005,1,1,1.0
89,10,1146.4,300.3,341.5,177.3,1,1,1.0
90,1,236.6,384.31,190.1,148.66000000000003,1,1,1.0
90,2,66.0,593.1,267.7,130.89999999999998,1,1,1.0
90,3,144.4,761.3,246.9,133.70000000000005,1,1,1.0
90,4,87.7,834.7,239.75,164.41999999999996,1,1,1.0
90,5,224.36,808.1,221.83999999999997,198.35000000000002,1,1,1.0
90,6,339.5,558.0,219.10000000000002,217.29999999999995,1,1,1.0
90,7,528.5,751.9,242.20000000000005,182.20000000000005,1,1,1.0
90,8,557.8,432.4,305.70000000000005,169.60000000000002,1,1,1.0
90,9,385.1,865.0,222.89999999999998,157.70000000000005,1,1,1.0
90,10,1144.9,300.3,343.0,179.09999999999997,1,1,1.0
91,1,236.6,384.31,190.1,148.66000000000003,1,1,1.0
91,2,70.7,593.1,263.0,130.89999999999998,1,1,1.0
91,3,133.4,761.3,253.20000000000002,133.70000000000005,1,1,1.0
91,4,87.7,834.7,239.75,164.41999999999996,1,1,1.0
91,5,224.36,808.1,193.53999999999996,198.35000000000002,1,1,1.0
91,6,339.5,558.0,219.10000000000002,217.29999999999995,1,1,1.0
91,7,528.5,751.9,243.5,182.20000000000005,1,1,1.0
91,8,555.3,437.4,308.20000000000005,157.70000000000005,1,1,1.0
91,9,385.1,865.0,222.89999999999998,157.70000000000005,1,1,1.0
91,10,1138.9,300.3,349.0,177.89999999999998,1,1,1.0
92,1,236.6,384.31,190.1,148.66000000000003,1,1,1.0
92,2,72.8,593.1,260.9,130.89999999999998,1,1,1.0
92,3,138.6,759.2,248.00000000000003,135.79999999999995,1,1,1.0
92,4,87.7,834.7,239.75,164.41999999999996,1,1,1.0
92,5,224.36,808.1,189.83999999999997,198.35000000000002,1,1,1.0
92,6,339.5,558.0,219.10000000000002,217.29999999999995,1,1,1.0
92,7,528.5,751.9,240.39999999999998,182.20000000000005,1,1,1.0
92,8,566.6,437.4,296.9,159.60000000000002,1,1,1.0
92,9,385.1,865.0,222.89999999999998,157.70000000000005,1,1,1.0
92,10,1142.7,300.3,345.20000000000005,178.5,1,1,1.0
93,1,236.6,384.31,190.1,148.66000000000003,1,1,1.0
93,2,72.8,593.1,260.9,134.0,1,1,1.0
93,3,138.6,755.5,248.00000000000003,139.5,1,1,1.0
93,4,87.7,834.7,239.75,164.41999999999996,1,1,1.0
93,5,224.36,808.1,191.44,198.35000000000002,1,1,1.0
93,6,339.5,558.0,219.10000000000002,223.0,1,1,1.0
93,7,531.6,751.9,247.29999999999995,185.30000000000007,1,1,1.0
93,8,566.6,426.1,293.1,174.69999999999993,1,1,1.0
93,9,385.1,865.0,222.89999999999998,157.70000000000005,1,1,1.0
93,10,1142.7,300.3,345.20000000000005,179.09999999999997,1,1,1.0
94,1,236.6,384.31,190.1,148.66000000000003,1,1,1.0
94,2,69.7,593.1,264.0,136.60000000000002,1,1,1.0
94,3,136.0,755.5,250.60000000000002,139.5,1,1,1.0
94,4,91.9,834.7,235.54999999999998,164.41999999999996,1,1,1.0
94,5,224.36,808.1,188.83999999999997,198.35000000000002,1,1,1.0
94,6,339.5,558.0,219.10000000000002,223.0,1,1,1.0
94,7,531.6,751.9,242.89999999999998,185.30000000000007,1,1,1.0
94,8,566.6,433.6,295.6,167.19999999999993,1,1,1.0
94,9,385.1,865.0,222.89999999999998,157.70000000000005,1,1,1.0
94,10,1142.7,300.3,345.20000000000005,177.89999999999998,1,1,1.0
95,1,236.6,384.31,190.1,148.66000000000003,1,1,1.0
95,2,69.7,593.1,264.0,136.60000000000002,1,1,1.0
95,3,127.1,755.5,259.5,139.5,1,1,1.0
95,4,91.9,834.7,235.54999999999998,164.41999999999996,1,1,1.0
95,5,224.36,804.4,189.33999999999997,202.05000000000007,1,1,1.0
95,6,339.5,558.0,222.89999999999998,223.0,1,1,1.0
95,7,530.3,751.9,244.20000000000005,185.30000000000007,1,1,1.0
95,8,549.0,424.8,311.9,175.99999999999994,1,1,1.0
95,9,385.1,865.0,222.89999999999998,157.70000000000005,1,1,1.0
95,10,1142.7,300.3,345.20000000000005,179.09999999999997,1,1,1.0
96,1,236.6,384.31,190.1,148.66000000000003,1,1,1.0
96,2,69.7,593.1,264.0,130.29999999999995,1,1,1.0
96,3,136.0,755.5,250.60000000000002,139.5,1,1,1.0
96,4,95.6,834.7,231.85,164.41999999999996,1,1,1.0
96,5,224.36,804.4,189.33999999999997,202.05000000000007,1,1,1.0
96,6,345.2,550.5,217.2,230.5,1,1,1.0
96,7,530.3,750.0,242.30000000000007,181.5,1,1,1.0
96,8,560.9,402.2,279.30000000000007,202.40000000000003,1,1,1.0
96,9,385.1,865.0,222.89999999999998,157.70000000000005,1,1,1.0
96,10,1142.7,300.3,345.20000000000005,181.0,1,1,1.0
97,1,236.6,384.31,190.1,148.66000000000003,1,1,1.0
97,2,69.7,593.1,264.0,130.29999999999995,1,1,1.0
97,3,133.9,755.5,252.70000000000002,139.5,1,1,1.0
97,4,93.5,834.7,233.95,164.41999999999996,1,1,1.0
97,5,224.36,804.4,189.33999999999997,202.05000000000007,1,1,1.0
97,6,345.2,550.5,218.50000000000006,230.5,1,1,1.0
97,7,530.9,750.0,245.5,185.29999999999995,1,1,1.0
97,8,560.9,382.1,263.6,226.29999999999995,1,1,1.0
97,9,385.1,865.0,222.89999999999998,157.70000000000005,1,1,1.0
97,10,1148.7,300.3,337.29999999999995,182.8,1,1,1.0
98,1,236.6,384.31,190.1,148.66000000000003,1,1,1.0
98,2,69.7,593.1,264.0,130.29999999999995,1,1,1.0
98,3,139.7,755.5,246.90000000000003,139.5,1,1,1.0
98,4,91.4,834.7,236.04999999999998,164.41999999999996,1,1,1.0
98,5,224.36,804.4,187.24,202.05000000000007,1,1,1.0
98,6,348.3,550.5,215.40000000000003,230.5,1,1,1.0
98,7,530.9,750.0,243.0,185.29999999999995,1,1,1.0
98,8,549.6,340.7,268.0,283.40000000000003,1,1,1.0
98,9,392.6,865.0,215.39999999999998,157.70000000000005,1,1,1.0
98,10,1148.7,300.3,339.20000000000005,177.89999999999998,1,1,1.0
99,1,236.6,384.31,190.1,148.66000000000003,1,1,1.0
99,2,69.7,593.1,264.0,130.29999999999995,1,1,1.0
99,3,135.5,755.5,251.10000000000002,139.5,1,1,1.0
99,4,91.4,834.7,236.04999999999998,164.41999999999996,1,1,1.0
99,5,224.36,804.4,187.24,202.05000000000007,1,1,1.0
99,6,348.3,550.5,215.40000000000003,230.5,1,1,1.0
99,7,530.9,750.0,250.5,185.29999999999995,1,1,1.0
99,8,577.86,380.9,190.74,312.9,1,1,1.0
99,9,390.4,865.0,217.60000000000002,157.70000000000005,1,1,1.0
99,10,1148.7,300.3,339.20000000000005,180.09999999999997,1,1,1.0
100,1,236.6,384.31,190.1,148.66000000000003,1,1,1.0
100,2,69.7,593.1,264.0,130.29999999999995,1,1,1.0
100,3,135.5,755.5,251.10000000000002,139.5,1,1,1.0
100,4,97.7,834.7,229.75,164.41999999999996,1,1,1.0
100,5,224.36,804.4,187.24,202.05000000000007,1,1,1.0
100,6,348.3,545.5,215.40000000000003,235.5,1,1,1.0
100,7,530.9,747.5,244.20000000000005,187.79999999999995,1,1,1.0
100,8,552.74,429.88,234.65999999999997,274.62,1,1,1.0
100,9,391.1,865.0,216.89999999999998,157.70000000000005,1,1,1.0
100,10,1148.7,300.3,339.20000000000005,177.89999999999998,1,1,1.0
101,1,236.6,384.31,190.1,148.66000000000003,1,1,1.0
101,2,69.7,593.1,264.0,130.29999999999995,1,1,1.0
101,3,140.7,755.5,245.90000000000003,139.5,1,1,1.0
101,4,97.7,834.7,229.75,164.41999999999996,1,1,1.0
101,5,224.36,804.4,187.24,202.05000000000007,1,1,1.0
101,6,352.7,545.5,211.00000000000006,235.5,1,1,1.0
101,7,530.9,749.4,252.39999999999998,185.89999999999998,1,1,1.0
101,8,533.28,456.88,230.92000000000007,230.01999999999998,1,1,1.0
101,9,394.9,865.0,213.10000000000002,157.70000000000005,1,1,1.0
101,10,1148.7,296.5,331.70000000000005,181.7,1,1,1.0
102,1,236.6,384.31,187.00000000000003,148.66000000000003,1,1,1.0
102,2,69.7,593.1,264.0,130.29999999999995,1,1,1.0
102,3,141.7,752.9,246.5,142.10000000000002,1,1,1.0
102,4,97.7,834.7,229.75,164.41999999999996,1,1,1.0
102,5,224.36,804.4,187.24,202.05000000000007,1,1,1.0
102,6,346.4,545.5,217.30000000000007,235.5,1,1,1.0
102,7,530.9,749.4,256.20000000000005,185.89999999999998,1,1,1.0
102,8,511.93,523.44,269.86999999999995,172.26,1,1,1.0
102,9,394.9,865.0,213.10000000000002,157.70000000000005,1,1,1.0
102,10,1148.7,296.5,331.70000000000005,181.7,1,1,1.0
103,1,236.6,384.31,186.29999999999998,148.66000000000003,1,1,1.0
103,2,75.5,593.1,258.2,130.29999999999995,1,1,1.0
103,3,137.5,752.9,250.7,142.10000000000002,1,1,1.0
103,4,97.7,834.7,229.75,164.41999999999996,1,1,1.0
103,5,224.36,804.4,187.24,202.05000000000007,1,1,1.0
103,6,351.4,545.5,212.30000000000007,237.39999999999998,1,1,1.0
103,7,529.0,745.6,249.89999999999998,184.0,1,1,1.0
103,8,501.3,538.5,280.49999999999994,163.5,1,1,1.0
103,9,394.9,865.0,213.10000000000002,157.70000000000005,1,1,1.0
103,10,1148.7,296.5,331.70000000000005,185.39999999999998,1,1,1.0
104,1,236.6,384.31,186.29999999999998,148.66000000000003,1,1,1.0
104,2,70.3,593.1,263.4,130.29999999999995,1,1,1.0
104,3,138.5,752.9,249.7,142.10000000000002,1,1,1.0
104,4,97.7,830.0,229.75,169.12,1,1,1.0
104,5,224.36,804.4,187.24,202.05000000000007,1,1,1.0
104,6,351.4,545.5,212.30000000000007,243.70000000000005,1,1,1.0
104,7,529.0,748.7,249.89999999999998,180.89999999999998,1,1,1.0
104,8,496.9,548.5,279.20000000000005,159.20000000000005,1,1,1.0
104,9,394.9,865.0,213.10000000000002,157.70000000000005,1,1,1.0
104,10,1148.7,296.5,331.70000000000005,187.60000000000002,1,1,1.0
105,1,236.6,384.31,186.29999999999998,148.66000000000003,1,1,1.0
105,2,70.3,593.1,263.4,136.10000000000002,1,1,1.0
105,3,144.8,752.9,243.39999999999998,142.10000000000002,1,1,1.0
105,4,97.7,830.0,229.75,169.12,1,1,1.0
105,5,224.36,804.4,187.24,202.05000000000007,1,1,1.0
105,6,351.4,545.5,212.30000000000007,243.70000000000005,1,1,1.0
105,7,529.0,748.7,255.60000000000002,184.0,1,1,1.0
105,8,478.71,555.41,354.49000000000007,149.19000000000005,1,1,1.0
105,9,407.7,865.0,200.3,157.70000000000005,1,1,1.0
105,10,1148.7,296.5,331.70000000000005,189.10000000000002,1,1,1.0
106,1,236.6,384.31,185.1,148.66000000000003,1,1,1.0
106,2,70.8,593.1,262.9,151.29999999999995,1,1,1.0
106,3,144.8,752.9,243.39999999999998,142.10000000000002,1,1,1.0
106,4,97.7,830.0,229.75,169.12,1,1,1.0
106,5,224.36,804.4,189.83999999999997,202.05000000000007,1,1,1.0
106,6,351.4,545.5,212.30000000000007,240.60000000000002,1,1,1.0
106,7,530.3,750.6,254.30000000000007,182.10000000000002,1,1,1.0
106,8,543.39,560.43,388.40999999999997,141.67000000000007,1,1,1.0
106,9,407.7,865.0,200.3,161.5,1,1,1.0
106,10,1148.7,296.5,331.70000000000005,189.10000000000002,1,1,1.0
107,1,236.6,384.31,183.20000000000002,148.66000000000003,1,1,1.0
107,2,70.8,593.1,262.9,148.69999999999993,1,1,1.0
107,3,144.8,752.9,243.39999999999998,142.10000000000002,1,1,1.0
107,4,97.7,830.0,229.75,169.12,1,1,1.0
107,5,224.36,804.4,191.44,202.05000000000007,1,1,1.0
107,6,351.4,545.5,212.30000000000007,240.60000000000002,1,1,1.0
107,7,530.3,750.6,274.4000000000001,182.10000000000002,1,1,1.0
107,8,622.51,545.36,365.78999999999996,131.03999999999996,1,1,1.0
107,9,397.9,859.0,210.10000000000002,167.5,1,1,1.0
107,10,1148.7,296.5,331.70000000000005,189.10000000000002,1,1,1.0
108,1,236.6,384.31,181.29999999999998,148.66000000000003,1,1,1.0
108,2,70.8,593.1,262.9,148.69999999999993,1,1,1.0
108,3,144.8,752.9,243.39999999999998,142.10000000000002,1,1,1.0
108,4,97.7,830.0,229.75,169.12,1,1,1.0
108,5,224.36,804.4,191.44,202.05000000000007,1,1,1.0
108,6,351.4,545.5,212.30000000000007,240.60000000000002,1,1,1.0
108,7,530.3,750.6,278.80000000000007,182.10000000000002,1,1,1.0
108,8,771.96,491.36,284.1399999999999,244.03999999999996,1,1,1.0
108,9,402.4,859.0,205.60000000000002,167.5,1,1,1.0
108,10,1153.2,296.5,327.20000000000005,189.10000000000002,1,1,1.0
109,1,236.6,384.31,177.50000000000003,148.66000000000003,1,1,1.0
109,2,70.8,593.1,262.9,148.69999999999993,1,1,1.0
109,3,134.3,752.9,253.89999999999998,142.10000000000002,1,1,1.0
109,4,102.4,826.9,225.04999999999998,172.22000000000003,1,1,1.0
109,5,224.36,804.4,189.83999999999997,202.05000000000007,1,1,1.0
109,6,351.4,545.5,212.30000000000007,240.60000000000002,1,1,1.0
109,7,530.3,750.6,265.0,184.60000000000002,1,1,1.0
109,8,863.64,407.21,210.65999999999997,336.99000000000007,1,1,1.0
109,9,402.4,859.8,205.60000000000002,166.70000000000005,1,1,1.0
109,10,1153.2,296.5,327.20000000000005,189.10000000000002,1,1,1.0
110,1,227.2,384.31,176.2,148.66000000000003,1,1,1.0
110,2,70.8,593.1,262.9,148.69999999999993,1,1,1.0
110,3,141.6,752.9,246.6,142.10000000000002,1,1,1.0
110,4,102.4,825.3,225.04999999999998,173.82000000000005,1,1,1.0
110,5,224.36,804.4,189.83999999999997,202.05000000000007,1,1,1.0
110,6,351.4,541.7,212.30000000000007,239.39999999999998,1,1,1.0
110,7,530.3,750.6,265.0,184.60000000000002,1,1,1.0
110,8,863.64,407.21,191.15999999999997,343.29,1,1,1.0
110,9,397.9,859.8,210.10000000000002,166.70000000000005,1,1,1.0
110,10,1153.2,296.5,327.20000000000005,189.10000000000002,1,1,1.0
111,1,233.5,382.4,169.89999999999998,150.57000000000005,1,1,1.0
111,2,58.8,593.1,277.5,146.10000000000002,1,1,1.0
111,3,144.2,752.9,244.0,142.10000000000002,1,1,1.0
111,4,102.4,825.3,225.04999999999998,173.82000000000005,1,1,1.0
111,5,224.36,804.4,189.83999999999997,202.05000000000007,1,1,1.0
111,6,361.4,533.5,202.30000000000007,246.29999999999995,1,1,1.0
111,7,530.3,750.6,258.70000000000005,184.60000000000002,1,1,1.0
111,8,853.6,414.7,198.10000000000002,353.40000000000003,1,1,1.0
111,9,401.7,859.8,206.3,166.70000000000005,1,1,1.0
111,10,1129.1,298.0,356.60000000000014,189.10000000000002,1,1,1.0
112,1,233.5,373.6,169.89999999999998,159.37,1,1,1.0
112,2,55.7,591.0,280.6,143.5,1,1,1.0
112,3,144.2,752.9,244.0,142.10000000000002,1,1,1.0
112,4,102.4,825.3,225.04999999999998,173.82000000000005,1,1,1.0
112,5,224.36,804.4,189.83999999999997,202.05000000000007,1,1,1.0
112,6,357.7,537.9,206.00000000000006,241.89999999999998,1,1,1.0
112,7,530.3,750.6,266.9000000000001,184.60000000000002,1,1,1.0
112,8,840.4,431.0,211.30000000000007,315.1,1,1,1.0
112,9,401.7,859.8,206.3,166.70000000000005,1,1,1.0
112,10,1108.8,298.0,376.9000000000001,189.10000000000002,1,1,1.0
113,1,229.1,373.6,174.29999999999998,159.37,1,1,1.0
113,2,60.9,592.0,278.5,137.29999999999995,1,1,1.0
113,3,141.6,752.9,246.6,142.10000000000002,1,1,1.0
113,4,102.4,823.7,225.04999999999998,175.41999999999996,1,1,1.0
113,5,224.36,804.4,189.83999999999997,202.05000000000007,1,1,1.0
113,6,361.5,534.8,202.20000000000005,245.0,1,1,1.0
113,7,530.3,754.4,270.70000000000005,180.80000000000007,1,1,1.0
113,8,849.8,416.6,198.10000000000014,328.9,1,1,1.0
113,9,401.7,859.8,206.3,166.70000000000005,1,1,1.0
113,10,1123.1,298.0,362.60000000000014,189.10000000000002,1,1,1.0
114,1,234.1,379.3,169.29999999999998,153.67000000000002,1,1,1.0
114,2,54.6,594.6,284.79999999999995,131.60000000000002,1,1,1.0
114,3,141.6,754.5,247.6,140.5,1,1,1.0
114,4,102.4,823.7,225.04999999999998,175.41999999999996,1,1,1.0
114,5,224.36,804.4,189.83999999999997,202.05000000000007,1,1,1.0
114,6,361.5,534.8,202.20000000000005,241.9000000000001,1,1,1.0
114,7,530.3,754.4,270.70000000000005,180.80000000000007,1,1,1.0
114,8,840.4,422.9,203.69999999999993,336.4,1,1,1.0
114,9,401.7,859.8,206.3,166.70000000000005,1,1,1.0
114,10,1123.1,301.8,362.60000000000014,185.3,1,1,1.0
115,1,234.1,379.3,169.29999999999998,153.67000000000002,1,1,1.0
115,2,54.6,594.6,284.79999999999995,129.5,1,1,1.0
115,3,139.0,754.5,250.2,140.5,1,1,1.0
115,4,99.8,830.0,227.64999999999998,169.12,1,1,1.0
115,5,224.36,804.4,189.83999999999997,202.05000000000007,1,1,1.0
115,6,365.9,530.4,197.80000000000007,246.30000000000007,1,1,1.0
115,7,530.3,752.5,270.70000000000005,180.20000000000005,1,1,1.0
115,8,835.4,422.9,208.69999999999993,336.4,1,1,1.0
115,9,401.7,859.8,206.3,166.70000000000005,1,1,1.0
115,10,1123.1,301.8,362.60000000000014,185.3,1,1,1.0
116,1,234.1,379.3,169.29999999999998,153.67000000000002,1,1,1.0
116,2,54.6,592.5,284.79999999999995,131.60000000000002,1,1,1.0
116,3,141.1,754.5,248.1,140.5,1,1,1.0
116,4,99.8,830.0,227.64999999999998,169.12,1,1,1.0
116,5,224.36,804.4,189.83999999999997,202.05000000000007,1,1,1.0
116,6,365.9,530.4,200.89999999999998,246.30000000000007,1,1,1.0
116,7,530.3,748.7,284.5,184.0,1,1,1.0
116,8,842.9,422.9,201.19999999999993,336.4,1,1,1.0
116,9,401.7,859.8,206.3,166.70000000000005,1,1,1.0
116,10,1133.6,301.0,352.10000000000014,182.89999999999998,1,1,1.0
117,1,234.1,377.4,169.29999999999998,160.0,1,1,1.0
117,2,54.6,592.5,284.79999999999995,131.60000000000002,1,1,1.0
117,3,136.4,754.5,252.79999999999998,140.5,1,1,1.0
117,4,99.8,830.0,227.64999999999998,169.12,1,1,1.0
117,5,224.36,804.4,189.83999999999997,202.05000000000007,1,1,1.0
117,6,359.6,526.6,196.5,240.69999999999993,1,1,1.0
117,7,533.4,753.7,281.4,179.0,1,1,1.0
117,8,832.9,422.9,208.10000000000002,343.9,1,1,1.0
117,9,405.5,859.8,202.5,166.70000000000005,1,1,1.0
117,10,1152.4,290.5,333.29999999999995,194.5,1,1,1.0
118,1,234.1,377.4,148.6,160.0,1,1,1.0
118,2,59.8,592.5,279.59999999999997,131.60000000000002,1,1,1.0
118,3,130.6,754.5,258.6,140.5,1,1,1.0
118,4,99.8,830.0,227.64999999999998,169.12,1,1,1.0
118,5,224.36,804.4,189.83999999999997,202.05000000000007,1,1,1.0
118,6,321.3,588.1,236.09999999999997,179.19999999999993,1,1,1.0
118,7,533.4,753.7,275.70000000000005,179.0,1,1,1.0
118,8,821.0,439.9,226.29999999999995,308.1,1,1,1.0
118,9,405.5,859.8,202.5,166.70000000000005,1,1,1.0
118,10,1149.4,251.3,336.29999999999995,227.3,1,1,1.0
119,1,234.1,377.4,130.4,160.0,1,1,1.0
119,2,55.6,592.5,283.79999999999995,131.60000000000002,1,1,1.0
119,3,125.4,757.6,263.79999999999995,137.39999999999998,1,1,1.0
119,4,99.8,830.0,227.64999999999998,169.12,1,1,1.0
119,5,224.36,804.4,189.83999999999997,202.05000000000007,1,1,1.0
119,6,321.3,588.1,248.7,183.60000000000002,1,1,1.0
119,7,533.4,753.7,275.70000000000005,179.0,1,1,1.0
119,8,831.7,426.7,215.5999999999999,313.8,1,1,1.0
119,9,405.5,859.8,202.5,166.70000000000005,1,1,1.0
119,10,1138.8,251.3,346.9000000000001,227.3,1,1,1.0
120,1,234.1,377.4,126.00000000000003,160.0,1,1,1.0
120,2,65.5,592.5,273.9,131.60000000000002,1,1,1.0
120,3,141.1,757.6,248.1,137.39999999999998,1,1,1.0
120,4,99.8,830.0,227.64999999999998,169.12,1,1,1.0
120,5,224.36,804.4,189.83999999999997,202.05000000000007,1,1,1.0
120,6,323.8,579.9,258.8,191.80000000000007,1,1,1.0
120,7,533.4,750.85,271.95000000000005,181.85000000000002,1,1,1.0
120,8,845.5,424.2,198.0,348.3,1,1,1.0
120,9,405.5,859.8,202.5,166.70000000000005,1,1,1.0
120,10,1119.2,243.0,366.5,234.5,1,1,1.0
121,1,222.2,377.4,137.90000000000003,162.5,1,1,1.0
121,2,57.7,592.5,281.7,131.60000000000002,1,1,1.0
121,3,141.1,757.6,251.79999999999998,137.39999999999998,1,1,1.0
121,4,99.8,830.0,227.64999999999998,169.12,1,1,1.0
121,5,224.36,804.4,189.83999999999997,202.05000000000007,1,1,1.0
121,6,330.7,576.1,241.90000000000003,195.60000000000002,1,1,1.0
121,7,533.4,748.0,268.20000000000005,184.70000000000005,1,1,1.0
121,8,828.5,430.5,221.29999999999995,328.20000000000005,1,1,1.0
121,9,405.5,859.8,202.5,166.70000000000005,1,1,1.0
121,10,1150.8,244.5,334.9000000000001,230.89999999999998,1,1,1.0
