1,1,1566.5,663.0,75.0,162.0,1,1,0.0
1,2,501.7,984.2,286.50000000000006,119.0,1,1,1.0
1,3,1125.7,522.1,224.39999999999986,253.60000000000002,1,1,1.0
1,4,1290.2,709.4,164.0,295.20000000000005,1,1,1.0
1,5,590.0,730.38,202.5,220.01999999999998,1,1,1.0
1,6,402.9,671.7,127.70000000000005,329.0999999999999,1,1,1.0
1,7,268.2,662.7,148.90000000000003,274.5999999999999,1,1,1.0
1,8,459.0,484.9,271.29999999999995,247.20000000000005,1,1,1.0
1,9,445.1,872.9,159.39999999999998,161.39999999999998,1,1,1.0
2,1,1566.5,661.6,75.0,163.39999999999998,1,1,0.0
2,2,498.8,977.3,293.49999999999994,124.20000000000005,1,1,1.0
2,3,1145.1,511.7,205.0,268.2,1,1,1.0
2,4,1291.9,703.6,172.0,313.69999999999993,1,1,1.0
2,5,615.1,734.6,176.89999999999998,243.0,1,1,1.0
2,6,406.7,674.7,130.7,294.5,1,1,1.0
2,7,266.1,657.1,151.7,279.5,1,1,1.0
2,8,460.4,482.8,269.9,265.3,1,1,1.0
2,9,437.0,869.4,160.0,165.5000000000001,1,1,1.0
3,1,1566.5,657.7,75.0,167.29999999999995,1,1,0.0
3,2,458.9,994.1,280.20000000000005,101.60000000000002,1,1,1.0
3,3,1156.9,506.1,193.89999999999986,284.19999999999993,1,1,1.0
3,4,1291.9,704.8,167.89999999999986,362.29999999999995,1,1,1.0
3,5,643.4,728.4,161.20000000000005,276.4,1,1,1.0
3,6,403.7,670.2,139.7,299.79999999999995,1,1,1.0
3,7,264.7,661.3,153.10000000000002,279.5,1,1,1.0
3,8,466.0,481.4,264.29999999999995,265.30000000000007,1,1,1.0
3,9,438.2,872.9,161.09999999999997,162.0000000000001,1,1,1.0
4,1,1566.5,655.3,75.0,169.70000000000005,1,1,0.0
4,2,472.8,997.0,255.90000000000003,101.59999999999991,1,1,1.0
4,3,1159.0,506.1,192.5,287.0,1,1,1.0
4,4,1308.1,748.8,141.9000000000001,330.4000000000001,1,1,1.0
4,5,635.5,788.6,156.0,292.6,1,1,1.0
4,6,391.6,668.7,154.79999999999995,292.29999999999995,1,1,1.0
4,7,266.1,661.3,151.7,280.9000000000001,1,1,1.0
4,8,464.6,481.4,265.69999999999993,267.4,1,1,1.0
4,9,438.2,874.1,162.3,159.60000000000002,1,1,1.0
5,1,1562.2,634.1,79.29999999999995,190.39999999999998,1,1,0.0
5,2,487.3,996.4,241.99999999999994,112.60000000000002,1,1,1.0
5,3,1168.0,518.6,184.20000000000005,278.0,1,1,1.0
5,4,1305.2,743.0,148.20000000000005,331.5999999999999,1,1,1.0
5,5,651.2,836.7,146.0999999999999,260.70000000000005,1,1,1.0
5,6,405.2,667.9,145.7,303.6,1,1,1.0
5,7,246.7,658.5,173.90000000000003,271.20000000000005,1,1,1.0
5,8,464.6,481.4,265.69999999999993,267.4,1,1,1.0
5,9,438.2,874.1,170.40000000000003,197.80000000000007,1,1,1.0
6,1,1556.4,624.0,85.09999999999991,200.0,1,1,0.0
6,2,488.5,1008.0,234.39999999999998,102.70000000000005,1,1,1.0
6,3,1168.0,508.9,184.9000000000001,285.6,1,1,1.0
6,4,1302.9,747.1,150.5,339.69999999999993,1,1,1.0
6,5,635.0,822.6,160.20000000000005,309.30000000000007,1,1,1.0
6,6,412.0,656.6,138.89999999999998,291.5,1,1,1.0
6,7,257.1,662.7,163.5,290.69999999999993,1,1,1.0
6,8,457.0,483.5,273.29999999999995,286.79999999999995,1,1,1.0
6,9,425.5,874.1,158.20000000000005,161.89999999999998,1,1,1.0
7,1,1557.3,626.4,84.20000000000005,196.20000000000005,1,1,0.0
7,2,490.8,1004.5,225.7,102.70000000000005,1,1,1.0
7,3,1169.4,510.3,184.89999999999986,286.99999999999994,1,1,1.0
7,4,1312.7,751.7,141.29999999999995,328.70000000000005,1,1,1.0
7,5,630.8,829.4,167.0,305.1,1,1,1.0
7,6,404.5,663.4,140.39999999999998,304.30000000000007,1,1,1.0
7,7,264.0,658.5,156.60000000000002,303.20000000000005,1,1,1.0
7,8,493.8,524.5,235.8,313.79999999999995,1,1,1.0
7,9,426.1,868.3,157.60000000000002,161.9000000000001,1,1,1.0
8,1,1558.7,627.8,82.79999999999995,196.70000000000005,1,1,0.0
8,2,485.6,1003.3,218.19999999999993,102.20000000000005,1,1,1.0
8,3,1166.6,511.0,186.30000000000018,287.0,1,1,1.0
8,4,1296.5,749.4,152.9000000000001,325.80000000000007,1,1,1.0
8,5,627.7,835.7,177.39999999999998,298.79999999999995,1,1,1.0
8,6,402.2,672.4,135.90000000000003,313.4,1,1,1.0
8,7,270.2,656.4,150.40000000000003,306.70000000000005,1,1,1.0
8,8,521.6,531.4,208.0,311.80000000000007,1,1,1.0
8,9,437.1,868.3,146.60000000000002,163.10000000000014,1,1,1.0
9,1,1562.6,635.0,78.90000000000009,192.39999999999998,1,1,0.0
9,2,479.2,1002.7,217.7,103.39999999999986,1,1,1.0
9,3,1174.9,487.4,180.79999999999995,304.4,1,1,1.0
9,4,1313.3,752.3,137.29999999999995,337.9000000000001,1,1,1.0
9,5,647.1,872.3,174.69999999999993,270.60000000000014,1,1,1.0
9,6,401.4,674.7,132.20000000000005,302.0999999999999,1,1,1.0
9,7,272.3,663.3,148.3,308.1,1,1,1.0
9,8,527.2,527.2,193.39999999999998,297.9,1,1,1.0
9,9,429.6,867.1,155.79999999999995,164.30000000000007,1,1,1.0
10,1,1562.6,632.1,78.90000000000009,193.89999999999998,1,1,0.0
10,2,483.3,1000.4,221.7,106.89999999999998,1,1,1.0
10,3,1146.4,497.8,207.19999999999982,307.2,1,1,1.0
10,4,1304.0,774.9,129.20000000000005,346.5000000000001,1,1,1.0
10,5,653.4,879.6,169.39999999999998,259.6,1,1,1.0
10,6,392.4,655.9,156.30000000000007,292.30000000000007,1,1,1.0
10,7,273.7,655.0,146.90000000000003,312.9,1,1,1.0
10,8,514.0,532.1,206.60000000000002,311.79999999999995,1,1,1.0
10,9,422.1,861.9,164.5,170.69999999999993,1,1,1.0
11,1,1564.5,638.9,77.0,187.60000000000002,1,1,0.0
11,2,484.5,999.8,218.79999999999995,107.5,1,1,1.0
11,3,1143.6,518.6,207.20000000000005,287.1,1,1,1.0
11,4,1303.4,702.0,143.0,313.5,1,1,1.0
11,5,657.2,868.3,158.0999999999999,293.5,1,1,1.0
11,6,381.8,625.8,173.7,280.20000000000005,1,1,1.0
11,7,270.2,671.0,138.60000000000002,299.70000000000005,1,1,1.0
11,8,543.2,519.6,198.89999999999998,352.1,1,1,1.0
11,9,420.9,853.8,164.0,178.20000000000005,1,1,1.0
12,1,1564.5,648.5,77.0,178.0,1,1,0.0
12,2,484.5,991.7,204.29999999999995,123.70000000000005,1,1,1.0
12,3,1150.5,517.9,201.70000000000005,287.80000000000007,1,1,1.0
12,4,1295.3,702.0,156.9000000000001,339.0,1,1,1.0
12,5,615.8,875.8,201.0,274.70000000000005,1,1,1.0
12,6,375.8,625.8,179.7,281.0,1,1,1.0
12,7,268.8,671.0,140.0,299.70000000000005,1,1,1.0
12,8,543.2,575.2,201.69999999999993,317.29999999999995,1,1,1.0
12,9,429.0,850.3,150.70000000000005,196.70000000000005,1,1,1.0
13,1,1557.3,653.3,84.20000000000005,168.9000000000001,1,1,0.0
13,2,482.2,991.1,205.40000000000003,124.30000000000007,1,1,1.0
13,3,1157.4,511.0,194.0999999999999,296.1,1,1,1.0
13,4,1293.6,708.9,158.60000000000014,335.0000000000001,1,1,1.0
13,5,602.2,875.8,215.39999999999998,270.20000000000005,1,1,1.0
13,6,376.6,628.1,178.89999999999998,262.1,1,1,1.0
13,7,260.5,669.6,119.10000000000002,312.9,1,1,1.0
13,8,564.7,627.2,219.79999999999995,293.0999999999999,1,1,1.0
13,9,432.5,852.0,147.20000000000005,218.70000000000005,1,1,1.0
14,1,1528.8,674.5,112.70000000000005,150.10000000000002,1,1,0.0
14,2,471.2,995.2,219.3,112.09999999999991,1,1,1.0
14,3,1157.4,511.7,194.0999999999999,292.59999999999997,1,1,1.0
14,4,1320.8,766.8,132.60000000000014,348.9000000000001,1,1,1.0
14,5,602.2,879.6,218.39999999999998,274.69999999999993,1,1,1.0
14,6,379.6,624.3,175.89999999999998,284.70000000000005,1,1,1.0
14,7,264.7,675.2,115.60000000000002,319.0999999999999,1,1,1.0
14,8,564.7,627.2,220.5,326.4,1,1,1.0
14,9,404.7,848.5,175.00000000000006,198.5,1,1,1.0
15,1,1533.6,684.6,107.90000000000009,139.0,1,1,0.0
15,2,590.4,876.6,117.5,222.60000000000002,1,1,1.0
15,3,1163.0,517.9,188.5,292.0,1,1,1.0
15,4,1305.8,772.6,151.10000000000014,321.69999999999993,1,1,1.0
15,5,621.8,887.9,198.80000000000007,269.4,1,1,1.0
15,6,375.1,624.3,180.39999999999998,288.5,1,1,1.0
15,7,263.3,675.2,116.30000000000001,318.4,1,1,1.0
15,8,579.3,600.8,205.9000000000001,316.70000000000005,1,1,1.0
15,9,422.6,848.5,157.10000000000002,234.4000000000001,1,1,1.0
16,1,1518.1,695.2,121.5,129.89999999999998,1,1,0.0
16,2,577.1,792.1,116.89999999999998,276.4,1,1,1.0
16,3,1164.4,517.9,187.0999999999999,292.0,1,1,1.0
16,4,1305.8,751.2,140.70000000000005,333.29999999999995,1,1,1.0
16,5,682.1,887.9,152.29999999999995,292.0000000000001,1,1,1.0
16,6,378.9,622.0,173.60000000000002,290.0,1,1,1.0
16,7,233.4,674.5,146.20000000000002,278.79999999999995,1,1,1.0
16,8,661.2,550.1,130.89999999999998,327.1,1,1,1.0
16,9,411.6,841.6,171.60000000000002,230.30000000000007,1,1,1.0
17,1,1558.6,712.1,81.0,150.60000000000002,1,1,0.0
17,2,556.3,817.6,141.70000000000005,239.89999999999998,1,1,1.0
17,3,1165.1,517.9,186.4000000000001,292.70000000000005,1,1,1.0
17,4,1312.7,778.4,144.20000000000005,358.19999999999993,1,1,1.0
17,5,630.0,909.2,229.5,221.70000000000005,1,1,1.0
17,6,383.4,618.2,172.10000000000002,305.0999999999999,1,1,1.0
17,7,250.8,674.5,130.89999999999998,292.0,1,1,1.0
17,8,634.1,551.5,190.60000000000002,299.29999999999995,1,1,1.0
17,9,427.8,826.0,146.09999999999997,238.4000000000001,1,1,1.0
18,1,1569.7,706.8,71.79999999999995,206.5,1,1,0.0
18,2,537.8,804.3,162.5,254.4000000000001,1,1,1.0
18,3,1160.9,520.7,190.5999999999999,287.79999999999995,1,1,1.0
18,4,1306.9,777.8,158.69999999999982,344.29999999999995,1,1,1.0
18,5,612.4,945.0,252.80000000000007,196.5999999999999,1,1,1.0
18,6,399.2,622.7,157.8,311.9,1,1,1.0
18,7,257.7,674.5,144.90000000000003,302.4,1,1,1.0
18,8,655.6,551.5,177.39999999999998,324.29999999999995,1,1,1.0
18,9,431.9,837.6,142.0,226.80000000000007,1,1,1.0
19,1,1588.0,707.28,59.299999999999955,267.72,1,1,0.0
19,2,580.6,713.5,116.19999999999993,331.29999999999995,1,1,1.0
19,3,1163.7,494.3,192.70000000000005,313.49999999999994,1,1,1.0
19,4,1306.9,775.5,161.0,336.20000000000005,1,1,1.0
19,5,651.3,1007.1,243.4000000000001,114.99999999999989,1,1,1.0
19,6,412.8,622.7,144.2,321.69999999999993,1,1,1.0
19,7,263.3,673.1,143.39999999999998,318.4,1,1,1.0
19,8,635.5,552.9,167.60000000000002,344.4,1,1,1.0
19,9,433.6,835.9,145.0,225.0000000000001,1,1,1.0
20,1,1587.0,694.7,60.299999999999955,265.79999999999995,1,1,0.0
20,2,532.7,713.5,171.0,286.9,1,1,1.0
20,3,1123.4,483.9,214.89999999999986,279.5,1,1,1.0
20,4,1313.8,775.5,155.29999999999995,346.5999999999999,1,1,1.0
20,5,587.3,1015.3,283.5,107.40000000000009,1,1,1.0
20,6,412.8,627.2,134.40000000000003,322.5,1,1,1.0
20,7,265.4,675.9,143.40000000000003,315.6,1,1,1.0
20,8,651.5,554.3,155.79999999999995,373.6,1,1,1.0
20,9,434.8,837.6,145.49999999999994,235.9999999999999,1,1,1.0
21,1,1592.2,671.0,55.09999999999991,279.1,1,1,0.0
21,2,549.4,592.7,147.39999999999998,331.29999999999995,1,1,1.0
21,3,1194.9,453.3,178.79999999999995,302.49999999999994,1,1,1.0
21,4,1282.6,791.1,185.30000000000018,326.4,1,1,1.0
21,5,601.7,1007.8,277.29999999999995,116.79999999999995,1,1,1.0
21,6,413.6,621.9,136.60000000000002,319.5,1,1,1.0
21,7,264.7,675.2,144.10000000000002,327.4,1,1,1.0
21,8,652.9,554.3,164.80000000000007,373.6,1,1,1.0
21,9,405.3,837.6,178.49999999999994,205.30000000000007,1,1,1.0
22,1,1584.3,732.9,63.0,241.5,1,1,0.0
22,2,461.2,548.3,217.50000000000006,259.70000000000005,1,1,1.0
22,3,1169.2,515.8,160.79999999999995,287.20000000000005,1,1,1.0
22,4,1281.5,811.9,166.70000000000005,332.80000000000007,1,1,1.0
22,5,589.1,938.1,242.79999999999995,187.10000000000002,1,1,1.0
22,6,412.8,618.9,137.40000000000003,302.9,1,1,1.0
22,7,264.7,676.6,144.10000000000002,315.6,1,1,1.0
22,8,647.3,566.1,132.20000000000005,366.0,1,1,1.0
22,9,426.2,848.0,162.2,188.0,1,1,1.0
23,1,1583.3,742.74,64.0,227.05999999999995,1,1,0.0
23,2,391.8,501.8,272.3,206.2,1,1,1.0
23,3,1163.0,509.6,167.70000000000005,281.6,1,1,1.0
23,4,1289.6,830.4,164.4000000000001,309.09000000000003,1,1,1.0
23,5,542.0,732.2,173.70000000000005,294.39999999999986,1,1,1.0
23,6,412.0,618.1,135.20000000000005,304.5,1,1,1.0
23,7,264.0,676.6,144.8,319.1,1,1,1.0
23,8,684.8,619.6,106.5,389.6,1,1,1.0
23,9,432.0,846.3,150.60000000000002,189.10000000000014,1,1,1.0
24,1,1581.4,743.7,64.0,223.19999999999993,1,1,0.0
24,2,397.4,491.4,259.80000000000007,194.39999999999998,1,1,1.0
24,3,1160.2,514.5,170.5,270.4,1,1,1.0
24,4,1287.9,830.4,161.5,294.6,1,1,1.0
24,5,520.7,636.8,156.69999999999993,291.84000000000003,1,1,1.0
24,6,412.0,615.8,134.39999999999998,312.80000000000007,1,1,1.0
24,7,269.6,685.6,139.2,341.30000000000007,1,1,1.0
24,8,682.0,729.3,118.29999999999995,377.79999999999995,1,1,1.0
24,9,432.0,846.9,150.60000000000002,188.5000000000001,1,1,1.0
25,1,1579.5,749.5,67.79999999999995,219.79999999999995,1,1,0.0
25,2,405.7,503.2,250.09999999999997,138.2,1,1,1.0
25,3,1167.8,511.7,165.0,285.7,1,1,1.0
25,4,1286.7,827.5,158.5999999999999,303.9000000000001,1,1,1.0
25,5,371.25,597.9,248.35000000000002,164.30000000000007,1,1,1.0
25,6,415.0,639.2,129.89999999999998,299.9,1,1,1.0
25,7,262.7,711.3,146.10000000000002,296.9000000000001,1,1,1.0
25,8,618.1,822.3,191.19999999999993,259.10000000000014,1,1,1.0
25,9,432.0,846.9,150.60000000000002,209.30000000000007,1,1,1.0
26,1,1576.6,741.3,70.70000000000005,217.9000000000001,1,1,0.0
26,2,398.1,503.2,228.5,109.69999999999999,1,1,1.0
26,3,1167.8,507.5,165.0,286.5,1,1,1.0
26,4,1284.4,824.0,155.0999999999999,302.20000000000005,1,1,1.0
26,5,268.27,653.8,130.93,139.17000000000007,1,1,1.0
26,6,399.2,703.2,137.40000000000003,251.0,1,1,1.0
26,7,262.7,698.8,137.10000000000002,309.4000000000001,1,1,1.0
26,8,564.6,864.0,207.19999999999993,276.4000000000001,1,1,1.0
26,9,432.0,848.7,149.39999999999998,222.5,1,1,1.0
27,1,1575.2,741.3,72.09999999999991,212.10000000000002,1,1,0.0
27,2,416.2,505.3,222.90000000000003,111.09999999999997,1,1,1.0
27,3,1165.7,521.4,167.0999999999999,276.70000000000005,1,1,1.0
27,4,1284.4,823.4,155.69999999999982,307.4,1,1,1.0
27,5,245.0,658.8,154.2,137.30000000000007,1,1,1.0
27,6,387.1,698.7,166.79999999999995,251.0,1,1,1.0
27,7,206.5,699.5,185.0,270.5,1,1,1.0
27,8,561.1,888.3,233.60000000000002,208.4000000000001,1,1,1.0
27,9,429.1,845.8,152.29999999999995,249.10000000000014,1,1,1.0
28,1,1574.3,741.3,73.0,215.0,1,1,0.0
28,2,391.9,506.0,243.0,109.60000000000002,1,1,1.0
28,3,1161.5,513.0,170.5999999999999,285.1,1,1,1.0
28,4,1279.8,822.2,158.0,312.0999999999999,1,1,1.0
28,5,246.3,591.6,195.59999999999997,156.10000000000002,1,1,0.0
28,6,372.0,689.7,176.60000000000002,216.29999999999995,1,1,1.0
28,7,206.5,712.7,176.7,235.0999999999999,1,1,1.0
28,8,531.2,876.5,279.5,176.5,1,1,1.0
28,9,418.7,816.9,162.09999999999997,282.1,1,1,1.0
29,1,1573.7,741.3,73.59999999999991,221.80000000000007,1,1,0.0
29,2,418.3,506.7,216.59999999999997,136.00000000000006,1,1,1.0
29,3,1158.0,512.3,174.0999999999999,292.70000000000005,1,1,1.0
29,4,1283.3,817.6,152.20000000000005,318.9999999999999,1,1,1.0
29,5,262.1,658.8,142.09999999999997,77.60000000000002,1,1,0.0
29,6,359.9,695.7,227.20000000000005,174.0999999999999,1,1,1.0
29,7,189.8,723.1,216.3,196.19999999999993,1,1,1.0
29,8,573.6,882.1,230.89999999999998,170.19999999999993,1,1,1.0
29,9,293.8,853.9,224.49999999999994,197.69999999999993,1,1,1.0
30,1,1573.7,738.9,73.59999999999991,231.89999999999998,1,1,0.0
30,2,428.0,508.8,199.29999999999995,112.40000000000003,1,1,1.0
30,3,1164.3,504.0,167.10000000000014,296.79999999999995,1,1,1.0
30,4,1288.5,817.0,149.9000000000001,317.29999999999995,1,1,1.0
30,5,274.0,595.3,167.2,143.0,1,1,0.0
30,6,379.4,707.0,269.5,141.70000000000005,1,1,1.0
30,7,183.6,744.6,214.20000000000002,182.29999999999995,1,1,1.0
30,8,622.9,911.3,208.60000000000002,161.79999999999995,1,1,1.0
30,9,310.0,879.4,195.0,175.69999999999993,1,1,1.0
31,1,1573.7,739.4,72.59999999999991,222.70000000000005,1,1,0.0
31,2,418.3,509.5,195.8,121.39999999999998,1,1,1.0
31,3,1159.4,508.2,172.0,292.59999999999997,1,1,1.0
31,4,1246.3,816.4,188.0,312.1,1,1,1.0
31,5,186.1,574.6,263.29999999999995,163.10000000000002,1,1,0.0
31,6,377.9,690.4,268.70000000000005,134.89999999999998,1,1,1.0
31,7,236.4,752.9,162.1,205.20000000000005,1,1,1.0
31,8,624.3,890.5,188.5,177.0,1,1,1.0
31,9,335.5,895.6,163.10000000000002,174.4999999999999,1,1,1.0
32,1,1573.7,745.6,71.59999999999991,211.69999999999993,1,1,0.0
32,2,403.0,509.5,213.89999999999998,116.5,1,1,1.0
32,3,1160.1,511.0,171.30000000000018,290.5,1,1,1.0
32,4,1249.8,816.4,179.9000000000001,313.30000000000007,1,1,1.0
32,5,239.5,581.5,226.2,156.20000000000005,1,1,0.0
32,6,411.1,675.3,237.0,177.10000000000002,1,1,1.0
32,7,244.0,752.2,165.60000000000002,232.29999999999995,1,1,1.0
32,8,626.4,870.4,175.30000000000007,218.60000000000002,1,1,1.0
32,9,330.3,879.4,158.5,169.89999999999998,1,1,1.0
33,1,1573.7,745.6,71.59999999999991,217.5,1,1,0.0
33,2,427.3,506.0,217.40000000000003,118.60000000000002,1,1,1.0
33,3,1162.9,506.8,180.29999999999995,295.40000000000003,1,1,1.0
33,4,1259.1,803.1,164.80000000000018,297.69999999999993,1,1,1.0
33,5,262.1,590.9,194.2,155.60000000000002,1,1,1.0
33,6,417.9,662.5,221.20000000000005,215.5,1,1,1.0
33,7,241.9,750.1,152.4,208.69999999999993,1,1,1.0
33,8,626.4,871.1,173.89999999999998,217.89999999999998,1,1,1.0
33,9,344.8,880.6,144.0,186.60000000000002,1,1,1.0
34,1,1583.8,751.9,61.5,207.80000000000007,1,1,0.0
34,2,398.8,504.7,283.40000000000003,140.00000000000006,1,1,1.0
34,3,1161.5,531.8,200.4000000000001,273.20000000000005,1,1,1.0
34,4,1283.4,804.8,140.5,309.29999999999995,1,1,1.0
34,5,257.1,606.6,195.39999999999998,168.19999999999993,1,1,1.0
34,6,425.4,648.9,206.89999999999998,244.89999999999998,1,1,1.0
34,7,233.6,747.3,158.6,229.60000000000002,1,1,1.0
34,8,627.8,864.9,168.30000000000007,215.10000000000002,1,1,1.0
34,9,347.1,889.3,149.79999999999995,162.29999999999995,1,1,1.0
35,1,1583.8,750.9,61.5,199.10000000000002,1,1,0.0
35,2,399.5,499.1,284.79999999999995,152.60000000000002,1,1,1.0
35,3,1155.3,526.2,200.4000000000001,277.4,1,1,1.0
35,4,1292.7,812.9,133.5,319.1,1,1,1.0
35,5,249.6,652.4,146.4,140.0,1,1,1.0
35,6,426.9,645.9,208.39999999999998,247.10000000000002,1,1,1.0
35,7,239.2,748.0,153.0,227.5,1,1,1.0
35,8,627.1,868.4,165.5,229.0000000000001,1,1,1.0
35,9,348.8,882.4,149.8,191.80000000000007,1,1,1.0
36,1,1589.1,750.9,56.200000000000045,200.5,1,1,0.0
36,2,399.5,506.0,284.79999999999995,150.60000000000002,1,1,1.0
36,3,1153.9,536.6,216.39999999999986,270.5,1,1,1.0
36,4,1274.2,814.6,151.5,316.19999999999993,1,1,1.0
36,5,249.6,662.4,147.70000000000002,147.60000000000002,1,1,1.0
36,6,420.9,654.9,219.70000000000005,235.80000000000007,1,1,1.0
36,7,233.6,752.9,158.6,224.70000000000005,1,1,1.0
36,8,586.1,884.4,181.5,223.39999999999998,1,1,1.0
36,9,339.5,856.4,148.7,225.89999999999998,1,1,1.0
37,1,1589.6,753.8,55.700000000000045,201.5,1,1,0.0
37,2,416.9,503.2,268.1,154.7,1,1,1.0
37,3,1150.4,506.7,186.5999999999999,290.7,1,1,1.0
37,4,1269.6,821.0,157.80000000000018,322.5,1,1,1.0
37,5,248.4,651.1,148.9,169.5,1,1,1.0
37,6,400.6,664.7,240.0,167.19999999999993,1,1,1.0
37,7,235.7,744.6,159.3,234.39999999999998,1,1,1.0
37,8,525.7,859.4,162.69999999999993,280.30000000000007,1,1,1.0
37,9,349.9,785.8,153.3,262.4000000000001,1,1,1.0
38,1,1582.4,749.9,62.899999999999864,208.30000000000007,1,1,0.0
38,2,430.1,511.5,259.79999999999995,145.0,1,1,1.0
38,3,1160.1,511.6,174.80000000000018,296.19999999999993,1,1,1.0
38,4,1247.0,825.1,179.20000000000005,303.4,1,1,1.0
38,5,204.4,641.1,196.6,163.19999999999993,1,1,1.0
38,6,335.8,680.5,304.8,136.29999999999995,1,1,1.0
38,7,206.5,761.3,185.7,184.4000000000001,1,1,1.0
38,8,461.8,875.4,233.49999999999994,224.69999999999993,1,1,1.0
38,9,335.4,749.3,167.8,292.0,1,1,1.0
39,1,1573.2,749.9,72.09999999999991,209.30000000000007,1,1,0.0
39,2,405.8,517.1,290.3,140.79999999999995,1,1,1.0
39,3,1163.6,511.6,170.60000000000014,296.19999999999993,1,1,1.0
39,4,1236.6,828.6,189.0,317.30000000000007,1,1,1.0
39,5,179.9,649.2,234.99999999999997,118.69999999999993,1,1,1.0
39,6,353.1,673.0,290.5,145.29999999999995,1,1,1.0
39,7,166.9,773.1,221.1,142.0,1,1,1.0
39,8,508.31,851.8,205.08999999999997,230.9000000000001,1,1,1.0
39,9,320.9,757.4,182.3,283.9,1,1,1.0
40,1,1573.2,748.9,72.09999999999991,211.70000000000005,1,1,0.0
40,2,405.8,518.5,287.49999999999994,139.39999999999998,1,1,1.0
40,3,1167.8,508.8,165.0,298.99999999999994,1,1,1.0
40,4,1231.4,835.0,195.39999999999986,300.5,1,1,1.0
40,5,200.0,634.1,243.2,135.69999999999993,1,1,1.0
40,6,356.9,679.8,298.80000000000007,137.70000000000005,1,1,1.0
40,7,175.9,773.1,202.4,146.19999999999993,1,1,1.0
40,8,540.2,867.8,178.0,215.60000000000014,1,1,1.0
40,9,324.4,762.6,178.8,280.4,1,1,1.0
41,1,1573.2,749.9,72.09999999999991,212.10000000000002,1,1,0.0
41,2,429.4,520.6,260.4,137.29999999999995,1,1,1.0
41,3,1169.2,503.2,163.5999999999999,308.09999999999997,1,1,1.0
41,4,1278.8,848.3,137.0,329.4000000000001,1,1,1.0
41,5,205.7,654.2,222.40000000000003,94.29999999999995,1,1,0.0
41,6,385.5,679.0,277.70000000000005,137.70000000000005,1,1,1.0
41,7,233.5,753.7,151.10000000000002,211.39999999999998,1,1,1.0
41,8,527.0,874.7,191.20000000000005,211.5,1,1,1.0
41,9,330.8,760.9,172.39999999999998,291.4,1,1,1.0
42,1,1573.2,749.9,72.09999999999991,208.20000000000005,1,1,0.0
42,2,436.3,526.9,259.09999999999997,131.0,1,1,1.0
42,3,1169.2,514.3,165.0,296.30000000000007,1,1,1.0
42,4,1285.7,795.0,124.29999999999995,342.20000000000005,1,1,1.0
42,5,255.3,551.2,182.8,189.0999999999999,1,1,0.0
42,6,398.3,667.7,260.40000000000003,149.0,1,1,1.0
42,7,239.1,739.1,144.1,214.89999999999998,1,1,1.0
42,8,510.3,872.6,207.90000000000003,214.9999999999999,1,1,1.0
42,9,330.2,765.0,173.0,285.5999999999999,1,1,1.0
43,1,1573.2,755.7,72.09999999999991,204.29999999999995,1,1,0.0
43,2,436.3,524.1,262.59999999999997,132.39999999999998,1,1,1.0
43,3,1164.3,511.5,169.9000000000001,292.9,1,1,1.0
43,4,1309.4,751.0,114.5,345.70000000000005,1,1,1.0
43,5,273.5,656.7,123.19999999999999,126.89999999999998,1,1,1.0
43,6,360.6,670.0,292.1,145.89999999999998,1,1,1.0
43,7,239.8,737.0,139.89999999999998,247.60000000000002,1,1,1.0
43,8,502.0,876.1,221.79999999999995,214.30000000000007,1,1,1.0
43,9,334.8,760.9,168.39999999999998,293.80000000000007,1,1,1.0
44,1,1588.6,743.2,56.700000000000045,202.29999999999995,1,1,0.0
44,2,443.9,520.6,253.60000000000002,135.89999999999998,1,1,1.0
44,3,1166.4,512.9,167.79999999999995,295.70000000000005,1,1,1.0
44,4,1291.5,729.6,137.0,351.4999999999999,1,1,1.0
44,5,263.5,665.5,126.30000000000001,99.29999999999995,1,1,1.0
44,6,348.5,676.0,310.20000000000005,139.89999999999998,1,1,1.0
44,7,239.8,743.2,134.3,241.39999999999998,1,1,1.0
44,8,500.6,887.2,219.0,210.79999999999995,1,1,1.0
44,9,337.7,759.7,165.5,291.5,1,1,1.0
45,1,1589.6,751.4,55.700000000000045,178.70000000000005,1,1,0.0
45,2,448.1,530.3,244.5,131.80000000000007,1,1,1.0
45,3,1164.3,511.5,168.5,295.70000000000005,1,1,1.0
45,4,1299.6,736.0,126.0,356.70000000000005,1,1,1.0
45,5,254.7,665.5,135.10000000000002,88.0,1,1,1.0
45,6,350.0,677.5,304.9,139.89999999999998,1,1,1.0
45,7,246.0,746.0,137.10000000000002,239.29999999999995,1,1,1.0
45,8,493.0,908.7,228.0,188.5999999999999,1,1,1.0
45,9,340.0,758.0,163.2,293.20000000000005,1,1,1.0
46,1,1593.9,764.9,51.399999999999864,188.30000000000007,1,1,0.0
46,2,530.7,470.6,137.5999999999999,232.5,1,1,1.0
46,3,1171.9,510.1,158.79999999999995,295.69999999999993,1,1,1.0
46,4,1311.2,745.8,113.20000000000005,349.20000000000005,1,1,1.0
46,5,264.7,659.2,125.10000000000002,110.0,1,1,1.0
46,6,362.1,680.5,295.1,136.10000000000002,1,1,1.0
46,7,253.6,746.0,129.50000000000003,255.29999999999995,1,1,1.0
46,8,485.4,936.5,228.0,178.20000000000005,1,1,1.0
46,9,339.4,763.8,163.8,292.0,1,1,1.0
47,1,1573.1,750.0,72.20000000000005,183.89999999999998,1,1,0.0
47,2,547.37,557.4,232.02999999999997,313.0,1,1,1.0
47,3,1168.4,510.1,163.0,300.6,1,1,1.0
47,4,1291.5,753.3,133.5,351.0,1,1,1.0
47,5,267.8,664.2,122.59999999999997,116.89999999999998,1,1,1.0
47,6,400.5,650.4,255.20000000000005,167.70000000000005,1,1,1.0
47,7,253.6,746.0,125.29999999999998,250.39999999999998,1,1,1.0
47,8,489.6,944.1,200.19999999999993,153.19999999999993,1,1,1.0
47,9,336.5,767.9,166.7,289.6,1,1,1.0
48,1,1574.1,744.7,71.20000000000005,182.89999999999998,1,1,0.0
48,2,583.5,573.4,242.39999999999998,273.4,1,1,1.0
48,3,1162.2,510.1,169.20000000000005,296.4,1,1,1.0
48,4,1298.4,788.0,139.29999999999995,354.5,1,1,1.0
48,5,267.8,657.3,125.69999999999999,129.5,1,1,1.0
48,6,400.5,623.3,246.89999999999998,175.20000000000005,1,1,1.0
48,7,250.8,747.4,125.30000000000001,254.60000000000002,1,1,1.0
48,8,470.9,946.9,218.20000000000005,149.69999999999993,1,1,1.0
48,9,335.3,763.85,167.89999999999998,302.94999999999993,1,1,1.0
49,1,1573.6,742.3,71.70000000000005,183.9000000000001,1,1,0.0
49,2,581.4,591.5,268.1,253.89999999999998,1,1,1.0
49,3,1165.0,510.8,168.5,297.8,1,1,1.0
49,4,1300.1,792.6,137.60000000000014,335.9999999999999,1,1,1.0
49,5,264.7,651.6,122.5,101.29999999999995,1,1,0.0
49,6,374.1,647.4,280.79999999999995,147.30000000000007,1,1,1.0
49,7,253.6,752.3,130.79999999999998,269.1,1,1,1.0
49,8,504.9,940.7,185.60000000000002,161.5,1,1,1.0
49,9,335.9,762.7,167.3,296.5999999999999,1,1,1.0
50,1,1576.5,742.7,68.79999999999995,185.39999999999998,1,1,0.0
50,2,587.0,579.7,261.1,260.79999999999995,1,1,1.0
50,3,1167.1,537.2,169.9000000000001,270.0,1,1,1.0
50,4,1293.2,796.1,146.20000000000005,340.6,1,1,1.0
50,5,266.0,656.6,125.0,95.0,1,1,0.0
50,6,302.5,683.6,330.5,112.60000000000002,1,1,1.0
50,7,252.2,751.6,125.90000000000003,241.29999999999995,1,1,1.0
50,8,478.5,933.8,211.29999999999995,166.29999999999995,1,1,1.0
50,9,338.2,761.0,165.0,299.4000000000001,1,1,1.0
51,1,1575.0,733.1,70.29999999999995,192.60000000000002,1,1,0.0
51,2,599.5,592.2,192.39999999999998,339.29999999999995,1,1,1.0
51,3,1159.5,513.6,176.0999999999999,293.6,1,1,1.0
51,4,1303.6,799.6,114.40000000000009,338.30000000000007,1,1,1.0
51,5,266.0,649.1,132.5,102.5,1,1,0.0
51,6,291.2,670.0,322.2,127.70000000000005,1,1,1.0
51,7,250.8,767.6,131.5,207.89999999999998,1,1,1.0
51,8,485.4,935.9,199.5,162.10000000000002,1,1,1.0
51,9,331.8,759.3,171.39999999999998,260.6,1,1,1.0
52,1,1575.0,735.0,70.29999999999995,202.70000000000005,1,1,0.0
52,2,628.0,614.4,159.70000000000005,343.5,1,1,1.0
52,3,1178.2,514.3,154.5999999999999,294.30000000000007,1,1,1.0
52,4,1303.6,801.9,114.40000000000009,334.80000000000007,1,1,1.0
52,5,262.9,656.6,129.3,93.10000000000002,1,1,0.0
52,6,304.8,667.7,305.59999999999997,134.5,1,1,1.0
52,7,251.5,770.4,135.0,205.10000000000002,1,1,1.0
52,8,428.5,917.8,237.0,194.79999999999995,1,1,1.0
52,9,336.4,769.7,166.8,264.0999999999999,1,1,1.0
53,1,1575.0,733.1,70.29999999999995,202.69999999999993,1,1,0.0
53,2,642.6,649.8,145.10000000000002,331.70000000000005,1,1,1.0
53,3,1178.2,517.1,165.70000000000005,301.19999999999993,1,1,1.0
53,4,1293.8,804.2,123.60000000000014,331.29999999999995,1,1,1.0
53,5,264.2,656.0,128.0,95.60000000000002,1,1,0.0
53,6,286.7,667.7,322.2,138.29999999999995,1,1,1.0
53,7,248.7,770.4,140.60000000000002,194.70000000000005,1,1,1.0
53,8,486.8,922.7,221.09999999999997,157.29999999999995,1,1,1.0
53,9,335.2,769.7,168.0,265.29999999999995,1,1,1.0
54,1,1575.0,742.7,70.29999999999995,188.29999999999995,1,1,0.0
54,2,651.6,683.1,137.5,371.30000000000007,1,1,1.0
54,3,1173.3,518.5,161.60000000000014,294.20000000000005,1,1,1.0
54,4,1296.7,805.9,121.89999999999986,331.9,1,1,1.0
54,5,264.2,674.2,86.5,77.39999999999998,1,1,0.0
54,6,310.81,656.36,295.09,148.14,1,1,1.0
54,7,238.3,767.6,151.0,191.29999999999995,1,1,1.0
54,8,530.5,895.6,203.10000000000002,168.39999999999998,1,1,1.0
54,9,314.9,759.3,188.3,236.4000000000001,1,1,1.0
55,1,1575.0,748.0,70.29999999999995,197.89999999999998,1,1,0.0
55,2,685.6,758.1,111.10000000000002,350.4999999999999,1,1,1.0
55,3,1173.3,512.3,157.4000000000001,301.1,1,1,1.0
55,4,1289.8,804.7,128.79999999999995,332.5,1,1,1.0
55,5,251.6,685.5,100.4,84.29999999999995,1,1,0.0
55,6,304.0,662.4,305.70000000000005,144.39999999999998,1,1,1.0
55,7,212.6,759.3,180.9,174.60000000000002,1,1,1.0
55,8,524.9,906.7,178.80000000000007,157.29999999999995,1,1,1.0
55,9,296.4,761.6,206.8,234.10000000000002,1,1,1.0
56,1,1574.0,747.0,71.29999999999995,196.5,1,1,0.0
56,2,691.2,803.9,108.29999999999995,316.5000000000001,1,1,1.0
56,3,1168.4,515.8,163.0,293.4000000000001,1,1,1.0
56,4,1292.1,804.7,128.80000000000018,332.5,1,1,1.0
56,5,239.0,685.5,112.39999999999998,119.5,1,1,0.0
56,6,298.0,660.1,313.20000000000005,143.69999999999993,1,1,1.0
56,7,239.7,746.1,153.10000000000002,198.19999999999993,1,1,1.0
56,8,511.7,907.4,192.7,153.10000000000002,1,1,1.0
56,9,330.0,759.3,173.2,266.5,1,1,1.0
57,1,1574.0,741.7,71.29999999999995,187.29999999999995,1,1,0.0
57,2,691.9,802.5,106.20000000000005,319.29999999999995,1,1,1.0
57,3,1169.8,515.8,162.29999999999995,292.0,1,1,1.0
57,4,1296.7,805.9,124.20000000000005,333.6,1,1,1.0
57,5,250.9,684.2,92.29999999999998,130.79999999999995,1,1,0.0
57,6,290.5,660.1,323.70000000000005,136.19999999999993,1,1,1.0
57,7,250.8,746.8,143.39999999999998,246.10000000000002,1,1,1.0
57,8,491.6,907.4,210.69999999999993,151.0000000000001,1,1,1.0
57,9,333.5,754.7,174.89999999999998,292.5,1,1,1.0
58,1,1574.0,742.7,71.79999999999995,195.89999999999998,1,1,0.0
58,2,692.6,800.4,104.10000000000002,337.4,1,1,1.0
58,3,1171.9,515.1,158.79999999999995,296.9,1,1,1.0
58,4,1286.9,807.1,134.5999999999999,325.9999999999999,1,1,1.0
58,5,248.4,693.0,92.29999999999998,118.20000000000005,1,1,0.0
58,6,287.5,660.9,325.9,141.39999999999998,1,1,1.0
58,7,244.6,748.2,139.9,225.29999999999995,1,1,1.0
58,8,488.1,930.3,184.29999999999995,151.70000000000005,1,1,1.0
58,9,334.1,758.2,174.29999999999995,290.20000000000005,1,1,1.0
59,1,1574.0,758.1,71.79999999999995,142.39999999999998,1,1,0.0
59,2,671.8,814.3,189.5,308.9000000000001,1,1,1.0
59,3,1169.8,501.2,160.9000000000001,308.00000000000006,1,1,1.0
59,4,1293.3,807.1,128.20000000000005,338.19999999999993,1,1,1.0
59,5,278.5,678.6,76.0,74.79999999999995,1,1,0.0
59,6,301.8,662.4,313.90000000000003,142.20000000000005,1,1,1.0
59,7,228.6,741.3,157.29999999999998,215.5,1,1,1.0
59,8,504.1,918.5,163.39999999999998,182.20000000000005,1,1,1.0
59,9,286.7,808.0,169.10000000000002,223.0,1,1,1.0
60,1,1626.1,811.6,15.800000000000182,30.600000000000023,1,1,0.0
60,2,641.2,889.3,274.29999999999995,234.60000000000014,1,1,1.0
60,3,1164.2,505.4,167.20000000000005,303.1,1,1,1.0
60,4,1286.9,801.3,134.5999999999999,332.4000000000001,1,1,1.0
60,5,296.7,656.7,98.60000000000002,89.79999999999995,1,1,0.0
60,6,360.6,679.0,273.19999999999993,122.60000000000002,1,1,1.0
60,7,237.6,745.5,153.20000000000002,205.70000000000005,1,1,1.0
60,8,503.4,918.5,157.89999999999998,196.0999999999999,1,1,1.0
60,9,289.0,825.9,166.8,203.39999999999998,1,1,1.0
61,1,1626.1,811.6,15.800000000000182,30.600000000000023,1,1,0.0
61,2,641.9,942.1,327.1,173.4999999999999,1,1,1.0
61,3,1164.9,506.8,167.89999999999986,301.7,1,1,1.0
61,4,1260.9,801.3,157.69999999999982,327.20000000000005,1,1,1.0
61,5,282.3,658.6,135.0,108.60000000000002,1,1,0.0
61,6,417.1,663.2,214.39999999999998,227.29999999999995,1,1,1.0
61,7,237.6,751.7,152.50000000000003,202.29999999999995,1,1,1.0
61,8,502.0,929.6,155.79999999999995,194.69999999999993,1,1,1.0
61,9,297.7,825.3,158.10000000000002,214.4000000000001,1,1,1.0
62,1,1626.1,811.6,15.800000000000182,30.600000000000023,1,1,0.0
62,2,729.4,799.8,222.89999999999998,336.60000000000014,1,1,1.0
62,3,1164.2,516.5,168.5999999999999,292.0,1,1,1.0
62,4,1295.6,796.1,119.5,333.6,1,1,1.0
62,5,300.5,651.1,163.3,101.0,1,1,1.0
62,6,421.6,653.4,176.69999999999993,276.30000000000007,1,1,1.0
62,7,238.3,753.1,151.09999999999997,199.5,1,1,1.0
62,8,505.5,919.2,152.29999999999995,201.5999999999999,1,1,1.0
62,9,279.8,816.6,176.0,211.4999999999999,1,1,1.0
63,1,1626.1,811.6,15.800000000000182,30.600000000000023,1,1,0.0
63,2,798.1,736.6,149.29999999999995,360.9,1,1,1.0
63,3,1171.1,517.2,161.70000000000005,287.79999999999995,1,1,1.0
63,4,1302.5,799.6,112.59999999999991,340.4999999999999,1,1,1.0
63,5,355.8,583.3,219.8,109.20000000000005,1,1,1.0
63,6,417.1,662.4,145.0,317.80000000000007,1,1,1.0
63,7,238.3,755.2,154.59999999999997,194.5999999999999,1,1,1.0
63,8,505.5,922.7,161.29999999999995,192.5,1,1,1.0
63,9,278.1,815.4,162.7,217.30000000000007,1,1,1.0
64,1,1626.1,811.6,15.800000000000182,30.600000000000023,1,1,0.0
64,2,778.0,720.6,167.29999999999995,356.1,1,1,1.0
64,3,1167.6,511.0,165.20000000000005,300.20000000000005,1,1,1.0
64,4,1296.7,799.0,116.09999999999991,345.20000000000005,1,1,1.0
64,5,413.6,561.3,233.60000000000002,221.60000000000002,1,1,1.0
64,6,419.4,686.5,126.89999999999998,316.29999999999995,1,1,1.0
64,7,234.8,755.9,160.2,190.39999999999998,1,1,1.0
64,8,504.1,926.2,155.79999999999995,189.0,1,1,1.0
64,9,272.9,811.3,158.60000000000002,220.20000000000005,1,1,1.0
65,1,1626.1,811.6,15.800000000000182,30.600000000000023,1,1,0.0
65,2,804.4,685.9,141.60000000000002,355.4,1,1,1.0
65,3,1166.9,504.1,165.89999999999986,308.5,1,1,1.0
65,4,1293.2,804.8,120.79999999999995,331.9000000000001,1,1,1.0
65,5,503.4,596.5,254.30000000000007,327.70000000000005,1,1,1.0
65,6,414.9,694.0,131.39999999999998,299.0,1,1,1.0
65,7,236.9,744.1,155.99999999999997,179.29999999999995,1,1,1.0
65,8,506.9,898.4,170.39999999999998,231.39999999999998,1,1,1.0
65,9,220.8,814.2,209.0,222.5,1,1,1.0
66,1,1626.1,811.6,15.800000000000182,30.600000000000023,1,1,0.0
66,2,800.9,685.9,145.10000000000002,348.5000000000001,1,1,1.0
66,3,1153.7,493.0,190.20000000000005,309.9,1,1,1.0
66,4,1301.3,806.5,111.5,330.20000000000005,1,1,1.0
66,5,594.5,653.0,175.10000000000002,330.20000000000005,1,1,1.0
66,6,442.0,605.1,117.89999999999998,285.4,1,1,1.0
66,7,213.3,749.7,179.59999999999997,166.79999999999995,1,1,1.0
66,8,482.6,901.9,196.79999999999995,211.19999999999993,1,1,1.0
66,9,223.1,810.7,219.50000000000003,226.5999999999999,1,1,1.0
67,1,1626.1,811.6,15.800000000000182,30.600000000000023,1,1,0.0
67,2,804.4,695.7,141.60000000000002,344.29999999999995,1,1,1.0
67,3,1144.7,515.9,190.89999999999986,293.20000000000005,1,1,1.0
67,4,1292.6,735.9,211.0,291.4,1,1,1.0
67,5,601.4,695.1,183.89999999999998,345.9,1,1,1.0
67,6,432.2,605.1,160.90000000000003,277.1,1,1,1.0
67,7,206.4,752.5,189.29999999999998,169.60000000000002,1,1,1.0
67,8,497.2,901.2,192.59999999999997,214.0,1,1,1.0
67,9,220.8,809.5,223.59999999999997,227.79999999999995,1,1,1.0
68,1,1626.1,811.6,15.800000000000182,30.600000000000023,1,1,0.0
68,2,794.7,695.7,151.29999999999995,340.0999999999999,1,1,1.0
68,3,1153.7,514.5,181.89999999999986,292.5,1,1,1.0
68,4,1281.0,727.2,266.0,268.29999999999995,1,1,1.0
68,5,621.7,745.6,157.5999999999999,327.80000000000007,1,1,1.0
68,6,424.7,642.0,228.7,234.20000000000005,1,1,1.0
68,7,191.8,759.4,203.89999999999998,163.39999999999998,1,1,1.0
68,8,476.4,911.6,200.89999999999998,188.30000000000007,1,1,1.0
68,9,210.4,813.0,241.99999999999997,226.5999999999999,1,1,1.0
69,1,1626.1,811.6,15.800000000000182,30.600000000000023,1,1,0.0
69,2,797.5,649.9,149.89999999999998,365.1,1,1,1.0
69,3,1155.8,524.2,177.0,277.19999999999993,1,1,1.0
69,4,1279.8,831.4,311.20000000000005,208.10000000000002,1,1,1.0
69,5,614.9,862.4,204.30000000000007,243.39999999999998,1,1,1.0
69,6,421.7,658.6,291.2,191.19999999999993,1,1,1.0
69,7,184.2,769.1,213.60000000000002,153.0,1,1,1.0
69,8,465.3,935.2,188.40000000000003,166.79999999999995,1,1,1.0
69,9,197.1,813.0,255.29999999999998,227.79999999999995,1,1,1.0
70,1,1626.1,811.6,15.800000000000182,30.600000000000023,1,1,0.0
70,2,788.4,680.5,277.69999999999993,271.29999999999995,1,1,1.0
70,3,1158.6,518.6,175.60000000000014,290.4,1,1,1.0
70,4,1279.8,828.5,315.20000000000005,194.79999999999995,1,1,1.0
70,5,611.9,884.3,198.30000000000007,222.29999999999995,1,1,1.0
70,6,527.2,578.7,257.29999999999995,241.69999999999993,1,1,1.0
70,7,182.1,780.9,219.20000000000002,126.60000000000002,1,1,1.0
70,8,472.9,949.8,193.30000000000007,139.70000000000005,1,1,1.0
70,9,186.7,857.6,265.7,199.39999999999998,1,1,1.0
71,1,1626.1,811.6,15.800000000000182,30.600000000000023,1,1,0.0
71,2,803.7,621.5,291.5999999999999,243.5,1,1,1.0
71,3,1153.0,495.0,187.5,310.5,1,1,1.0
71,4,1345.8,844.7,277.60000000000014,239.39999999999986,1,1,1.0
71,5,550.9,920.5,235.20000000000005,209.5,1,1,1.0
71,6,634.2,519.9,245.19999999999993,264.30000000000007,1,1,1.0
71,7,216.1,758.7,224.79999999999998,150.89999999999998,1,1,1.0
71,8,477.1,924.1,179.39999999999998,147.9999999999999,1,1,1.0
71,9,174.0,879.0,252.89999999999998,175.0999999999999,1,1,1.0
72,1,1626.1,811.6,15.800000000000182,30.600000000000023,1,1,0.0
72,2,810.0,625.7,233.9000000000001,253.19999999999993,1,1,1.0
72,3,1148.8,471.4,200.0,326.5,1,1,1.0
72,4,1428.5,841.8,218.0999999999999,271.79999999999995,1,1,1.0
72,5,669.2,911.5,122.19999999999993,250.9000000000001,1,1,1.0
72,6,638.0,492.8,282.1,255.2,1,1,1.0
72,7,266.8,719.1,208.09999999999997,180.10000000000002,1,1,1.0
72,8,467.4,915.1,178.70000000000005,202.80000000000007,1,1,1.0
72,9,177.5,876.7,251.10000000000002,171.0,1,1,1.0
73,1,1626.1,811.6,15.800000000000182,30.600000000000023,1,1,0.0
73,2,846.1,654.2,188.80000000000007,244.79999999999995,1,1,1.0
73,3,1139.8,487.4,204.79999999999995,321.6,1,1,1.0
73,4,1430.2,799.6,216.39999999999986,286.80000000000007,1,1,1.0
73,5,628.5,861.0,187.0,305.9000000000001,1,1,1.0
73,6,622.9,498.1,295.70000000000005,214.5,1,1,1.0
73,7,272.4,701.7,198.3,192.5999999999999,1,1,1.0
73,8,478.5,867.9,167.60000000000002,229.19999999999993,1,1,1.0
73,9,193.1,878.4,237.79999999999998,165.80000000000007,1,1,1.0
74,1,1626.1,811.6,15.800000000000182,30.600000000000023,1,1,0.0
74,2,836.4,630.6,238.10000000000002,258.69999999999993,1,1,1.0
74,3,1139.8,515.2,199.9000000000001,288.19999999999993,1,1,1.0
74,4,1432.5,808.3,214.70000000000005,274.60000000000014,1,1,1.0
74,5,669.2,833.9,171.19999999999993,314.19999999999993,1,1,1.0
74,6,625.9,525.2,308.5,182.0999999999999,1,1,1.0
74,7,273.8,706.6,192.7,187.69999999999993,1,1,1.0
74,8,451.4,860.3,179.39999999999998,249.29999999999995,1,1,1.0
74,9,193.1,877.2,237.79999999999998,162.39999999999986,1,1,1.0
75,1,1626.1,811.6,15.800000000000182,30.600000000000023,1,1,0.0
75,2,787.8,637.5,294.29999999999995,242.79999999999995,1,1,1.0
75,3,1147.4,535.3,204.79999999999995,265.30000000000007,1,1,1.0
75,4,1448.7,826.8,198.5,267.70000000000005,1,1,1.0
75,5,672.2,827.9,192.29999999999995,299.9,1,1,1.0
75,6,625.9,525.2,308.5,180.5999999999999,1,1,1.0
75,7,273.8,701.7,184.39999999999998,196.79999999999995,1,1,1.0
75,8,427.1,924.2,160.60000000000002,225.70000000000005,1,1,1.0
75,9,181.5,883.0,259.8,156.5999999999999,1,1,1.0
76,1,1626.1,811.6,15.800000000000182,30.600000000000023,1,1,0.0
76,2,793.4,631.9,144.30000000000007,328.9,1,1,1.0
76,3,1144.6,537.4,233.30000000000018,265.30000000000007,1,1,1.0
76,4,1458.5,847.6,188.70000000000005,246.89999999999998,1,1,1.0
76,5,672.2,831.7,150.0999999999999,312.70000000000005,1,1,1.0
76,6,622.9,526.7,314.5,176.79999999999995,1,1,1.0
76,7,270.3,722.5,185.09999999999997,173.89999999999998,1,1,1.0
76,8,460.4,816.6,154.39999999999998,255.4999999999999,1,1,1.0
76,9,181.5,883.0,251.7,157.79999999999995,1,1,1.0
77,1,1626.1,811.6,15.800000000000182,30.600000000000023,1,1,0.0
77,2,786.5,707.6,158.10000000000002,373.9999999999999,1,1,1.0
77,3,1149.5,536.7,229.79999999999995,266.0,1,1,1.0
77,4,1490.3,910.7,156.9000000000001,203.5,1,1,1.0
77,5,687.3,837.7,128.20000000000005,299.89999999999986,1,1,1.0
77,6,624.4,533.5,340.9,168.5,1,1,1.0
77,7,272.4,693.3,183.70000000000005,198.9000000000001,1,1,1.0
77,8,470.1,797.2,144.69999999999993,265.89999999999986,1,1,1.0
77,9,229.0,883.0,218.7,147.4000000000001,1,1,1.0
78,1,1626.1,811.6,15.800000000000182,30.600000000000023,1,1,0.0
78,2,782.3,767.6,159.0,313.19999999999993,1,1,1.0
78,3,1147.4,535.3,224.29999999999995,267.4000000000001,1,1,1.0
78,4,1511.1,927.5,136.10000000000014,191.9000000000001,1,1,1.0
78,5,611.9,832.4,191.5,266.80000000000007,1,1,1.0
78,6,628.9,533.5,355.20000000000005,173.0,1,1,1.0
78,7,266.1,682.2,160.09999999999997,191.29999999999995,1,1,1.0
78,8,470.8,802.8,143.99999999999994,272.79999999999995,1,1,1.0
78,9,246.9,868.5,200.79999999999998,161.9000000000001,1,1,1.0
79,1,1626.1,811.6,15.800000000000182,30.600000000000023,1,1,0.0
79,2,772.3,771.8,186.5,316.5,1,1,1.0
79,3,1150.9,536.0,206.19999999999982,270.20000000000005,1,1,1.0
79,4,1537.1,962.2,110.10000000000014,158.89999999999986,1,1,0.0
79,5,642.0,839.2,161.39999999999998,284.0999999999999,1,1,1.0
79,6,636.4,504.1,331.9,209.89999999999998,1,1,1.0
79,7,264.7,676.0,154.60000000000002,205.10000000000002,1,1,1.0
79,8,472.2,796.5,142.59999999999997,272.9000000000001,1,1,1.0
79,9,269.5,862.7,174.10000000000002,168.89999999999986,1,1,1.0
80,1,1626.1,811.6,15.800000000000182,30.600000000000023,1,1,0.0
80,2,736.5,737.6,304.0,262.4,1,1,1.0
80,3,1162.7,535.3,194.39999999999986,274.4000000000001,1,1,1.0
80,4,1534.2,979.0,113.0,142.70000000000005,1,1,0.0
80,5,646.5,833.9,154.70000000000005,280.4,1,1,1.0
80,6,656.7,516.2,355.29999999999995,234.69999999999993,1,1,1.0
80,7,261.9,676.0,147.0,205.10000000000002,1,1,1.0
80,8,470.1,795.1,144.69999999999993,262.4999999999999,1,1,1.0
80,9,253.9,848.2,186.79999999999998,170.69999999999993,1,1,1.0
81,1,1626.1,811.6,15.800000000000182,30.600000000000023,1,1,0.0
81,2,731.5,737.6,324.79999999999995,249.89999999999998,1,1,1.0
81,3,1157.1,536.6,224.30000000000018,267.5,1,1,1.0
81,4,1531.3,989.4,115.90000000000009,136.39999999999998,1,1,0.0
81,5,592.2,844.5,211.29999999999995,249.5,1,1,1.0
81,6,668.0,538.8,325.9,212.10000000000002,1,1,1.0
81,7,262.6,669.8,135.2,206.4000000000001,1,1,1.0
81,8,470.1,790.2,144.69999999999993,244.5,1,1,1.0
81,9,269.5,865.0,175.3,155.10000000000002,1,1,1.0
82,1,1626.1,811.6,15.800000000000182,30.600000000000023,1,1,0.0
82,2,715.7,757.6,295.5999999999999,226.60000000000002,1,1,1.0
82,3,1152.9,533.8,232.69999999999982,273.1,1,1,1.0
82,4,1535.4,966.3,111.79999999999995,161.20000000000005,1,1,0.0
82,5,571.1,850.5,233.89999999999998,239.70000000000005,1,1,1.0
82,6,664.2,541.8,316.9,203.80000000000007,1,1,1.0
82,7,280.7,664.9,123.40000000000003,189.80000000000007,1,1,1.0
82,8,463.2,788.8,151.59999999999997,241.0,1,1,1.0
82,9,268.3,861.5,171.3,160.29999999999995,1,1,1.0
83,1,1626.1,811.6,15.800000000000182,30.600000000000023,1,1,0.0
83,2,717.4,754.3,298.9,223.20000000000005,1,1,1.0
83,3,1152.2,519.2,226.5,282.0999999999999,1,1,1.0
83,4,1539.4,979.0,107.79999999999995,147.29999999999995,1,1,0.0
83,5,563.6,856.5,240.60000000000002,230.5999999999999,1,1,1.0
83,6,664.2,542.6,312.4,192.5,1,1,1.0
83,7,291.8,662.1,111.59999999999997,162.0,1,1,1.0
83,8,429.2,788.8,186.3,237.5,1,1,1.0
83,9,255.5,871.9,189.3,151.10000000000002,1,1,1.0
84,1,1626.1,811.6,15.800000000000182,30.600000000000023,1,1,0.0
84,2,718.2,751.8,274.79999999999995,225.70000000000005,1,1,1.0
84,3,1149.4,530.4,275.79999999999995,272.30000000000007,1,1,1.0
84,4,1541.7,974.9,105.5,150.19999999999993,1,1,0.0
84,5,554.6,858.8,251.10000000000002,227.5,1,1,1.0
84,6,674.0,541.1,298.1,181.89999999999998,1,1,1.0
84,7,287.6,662.1,115.79999999999995,164.10000000000002,1,1,1.0
84,8,445.9,801.3,169.60000000000002,252.10000000000014,1,1,1.0
84,9,267.1,851.1,199.09999999999997,166.10000000000002,1,1,1.0
85,1,1626.1,811.6,15.800000000000182,30.600000000000023,1,1,0.0
85,2,722.4,733.5,254.80000000000007,320.70000000000005,1,1,1.0
85,3,1149.4,532.5,275.79999999999995,275.1,1,1,1.0
85,4,1549.8,974.9,97.40000000000009,153.69999999999993,1,1,0.0
85,5,620.2,842.2,235.19999999999993,208.70000000000005,1,1,1.0
85,6,668.0,542.6,308.6,169.10000000000002,1,1,1.0
85,7,286.2,666.3,116.5,167.5,1,1,1.0
85,8,465.3,811.0,150.2,263.9000000000001,1,1,1.0
85,9,242.2,775.9,165.60000000000002,232.0,1,1,1.0
86,1,1626.1,811.6,15.800000000000182,30.600000000000023,1,1,0.0
86,2,779.1,714.3,258.1,279.9000000000001,1,1,1.0
86,3,1148.0,532.5,273.70000000000005,273.70000000000005,1,1,1.0
86,4,1564.8,1009.0,82.40000000000009,109.79999999999995,1,1,0.0
86,5,547.1,715.6,229.89999999999998,219.29999999999995,1,1,1.0
86,6,670.3,544.9,309.30000000000007,166.80000000000007,1,1,1.0
86,7,284.8,661.4,119.19999999999999,170.30000000000007,1,1,1.0
86,8,469.5,787.4,146.0,306.9,1,1,1.0
86,9,248.0,782.8,169.60000000000002,282.4000000000001,1,1,1.0
87,1,1626.1,811.6,15.800000000000182,30.600000000000023,1,1,0.0
87,2,740.8,736.0,328.10000000000014,234.89999999999998,1,1,1.0
87,3,1148.0,531.8,252.20000000000005,274.4000000000001,1,1,1.0
87,4,1569.4,1016.5,77.79999999999995,95.40000000000009,1,1,0.0
87,5,578.0,725.4,220.10000000000002,231.39999999999998,1,1,1.0
87,6,678.6,546.4,312.29999999999995,155.5,1,1,1.0
87,7,280.6,663.5,124.09999999999997,175.10000000000002,1,1,1.0
87,8,477.1,781.1,138.39999999999998,321.4999999999999,1,1,1.0
87,9,237.0,793.2,178.89999999999998,282.39999999999986,1,1,1.0
88,1,1626.1,811.6,15.800000000000182,30.600000000000023,1,1,0.0
88,2,738.3,736.8,321.4000000000001,237.4000000000001,1,1,1.0
88,3,1142.4,511.0,228.5999999999999,291.0,1,1,1.0
88,4,1564.2,1017.7,83.0,93.0,1,1,0.0
88,5,522.2,763.1,244.29999999999995,172.60000000000002,1,1,1.0
88,6,664.3,534.3,328.9000000000001,160.80000000000007,1,1,1.0
88,7,286.9,667.7,117.10000000000002,169.5,1,1,1.0
88,8,482.7,790.8,132.8,329.9000000000001,1,1,1.0
88,9,254.4,831.4,164.4,247.69999999999993,1,1,1.0
89,1,1626.1,811.6,15.800000000000182,30.600000000000023,1,1,0.0
89,2,733.3,731.8,326.4000000000001,239.9000000000001,1,1,1.0
89,3,1138.2,531.1,232.0999999999999,266.69999999999993,1,1,1.0
89,4,1583.9,1014.8,63.299999999999955,86.10000000000014,1,1,0.0
89,5,504.9,762.3,199.0,114.60000000000002,1,1,1.0
89,6,677.9,532.8,305.5,189.4000000000001,1,1,1.0
89,7,277.9,664.2,126.10000000000002,180.5999999999999,1,1,1.0
89,8,486.2,830.38,137.59999999999997,290.32000000000005,1,1,1.0
89,9,282.8,847.0,136.0,261.0,1,1,1.0
90,1,1626.1,811.6,15.800000000000182,30.600000000000023,1,1,0.0
90,2,738.3,735.1,317.20000000000005,237.39999999999998,1,1,1.0
90,3,1127.1,542.2,287.60000000000014,235.5,1,1,1.0
90,4,1583.9,1022.3,63.299999999999955,89.0,1,1,0.0
90,5,500.3,757.8,232.99999999999994,114.60000000000002,1,1,1.0
90,6,697.5,528.3,272.29999999999995,206.70000000000005,1,1,1.0
90,7,279.3,667.0,124.69999999999999,153.5,1,1,1.0
90,8,485.5,830.38,138.29999999999995,290.32000000000005,1,1,1.0
90,9,321.6,731.3,171.2,310.20000000000005,1,1,1.0
91,1,1626.1,811.6,15.800000000000182,30.600000000000023,1,1,0.0
91,2,756.6,737.6,225.60000000000002,246.60000000000002,1,1,1.0
91,3,1135.4,564.4,348.6999999999998,184.80000000000007,1,1,1.0
91,4,1580.4,1031.0,66.79999999999995,82.0,1,1,0.0
91,5,519.9,723.9,242.80000000000007,164.30000000000007,1,1,1.0
91,6,694.5,519.3,289.6,227.0,1,1,1.0
91,7,279.3,667.0,124.69999999999999,125.0,1,1,1.0
91,8,463.3,851.9,209.8,258.4,1,1,1.0
91,9,425.18,575.1,171.2,321.74,1,1,1.0
92,1,1626.1,811.6,15.800000000000182,30.600000000000023,1,1,0.0
92,2,751.6,737.6,217.29999999999995,273.29999999999995,1,1,1.0
92,3,1195.1,608.1,280.70000000000005,249.39999999999998,1,1,1.0
92,4,1520.8,1020.0,126.40000000000009,114.5,1,1,0.0
92,5,440.8,723.1,225.40000000000003,228.39999999999998,1,1,1.0
92,6,674.2,538.9,346.0,201.39999999999998,1,1,1.0
92,7,274.4,665.6,129.60000000000002,150.0,1,1,1.0
92,8,466.1,879.7,311.19999999999993,209.0999999999999,1,1,1.0
92,9,423.4,541.0,223.89999999999998,295.1,1,1,1.0
93,1,1626.1,811.6,15.800000000000182,30.600000000000023,1,1,0.0
93,2,739.1,754.3,225.60000000000002,233.30000000000007,1,1,1.0
93,3,1215.2,592.8,271.70000000000005,238.30000000000007,1,1,1.0
93,4,1506.4,973.1,140.79999999999995,143.4999999999999,1,1,0.0
93,5,391.1,741.9,171.89999999999998,269.1,1,1,1.0
93,6,719.4,567.5,366.4,117.79999999999995,1,1,1.0
93,7,274.4,671.1,129.60000000000002,143.79999999999995,1,1,1.0
93,8,480.0,938.7,327.20000000000005,173.70000000000005,1,1,1.0
93,9,443.7,532.9,254.50000000000006,276.6,1,1,1.0
94,1,1626.1,811.6,15.800000000000182,30.600000000000023,1,1,0.0
94,2,734.1,755.1,256.4,265.79999999999995,1,1,1.0
94,3,1220.1,592.1,266.8000000000002,243.19999999999993,1,1,1.0
94,4,1491.4,973.1,155.79999999999995,126.69999999999993,1,1,0.0
94,5,376.0,773.5,149.29999999999995,261.5999999999999,1,1,1.0
94,6,849.39,592.5,383.11,120.29999999999995,1,1,1.0
94,7,274.4,669.1,128.90000000000003,145.79999999999995,1,1,1.0
94,8,509.9,933.1,284.80000000000007,173.69999999999993,1,1,1.0
94,9,458.7,531.7,311.3,202.5999999999999,1,1,1.0
95,1,1626.1,811.6,15.800000000000182,30.600000000000023,1,1,0.0
95,2,742.4,753.4,225.60000000000002,286.69999999999993,1,1,1.0
95,3,1220.1,594.2,266.8000000000002,243.19999999999993,1,1,1.0
95,4,1482.7,953.5,164.5,145.0999999999999,1,1,0.0
95,5,381.3,771.2,124.39999999999998,281.20000000000005,1,1,1.0
95,6,951.0,596.7,364.0,184.39999999999998,1,1,1.0
95,7,277.2,667.0,126.10000000000002,141.60000000000002,1,1,1.0
95,8,431.4,933.1,344.6,140.39999999999998,1,1,1.0
95,9,436.1,547.9,346.6,141.30000000000007,1,1,1.0
96,1,1626.1,811.6,15.800000000000182,30.600000000000023,1,1,0.0
96,2,774.9,724.2,177.30000000000007,364.20000000000005,1,1,1.0
96,3,1214.5,601.8,270.29999999999995,240.5,1,1,1.0
96,4,1482.7,946.0,164.5,154.9000000000001,1,1,0.0
96,5,374.5,787.8,131.2,257.10000000000014,1,1,1.0
96,6,1062.7,617.5,325.5999999999999,198.60000000000002,1,1,1.0
96,7,277.2,675.3,126.10000000000002,150.0,1,1,1.0
96,8,447.4,947.7,341.1,132.0,1,1,1.0
96,9,431.5,558.3,351.79999999999995,137.30000000000007,1,1,1.0
97,1,1626.1,811.6,15.800000000000182,30.600000000000023,1,1,0.0
97,2,756.6,730.0,193.10000000000002,350.9000000000001,1,1,1.0
97,3,1215.2,601.8,271.0,231.5,1,1,1.0
97,4,1475.8,962.8,171.4000000000001,148.5,1,1,0.0
97,5,364.0,808.9,150.70000000000005,270.69999999999993,1,1,1.0
97,6,1097.7,625.8,329.79999999999995,218.60000000000002,1,1,1.0
97,7,273.03,668.4,130.27000000000004,155.5,1,1,1.0
97,8,478.0,956.0,331.29999999999995,111.20000000000005,1,1,1.0
97,9,433.8,556.6,325.8,129.19999999999993,1,1,1.0
98,1,1626.1,811.6,15.800000000000182,30.600000000000023,1,1,0.0
98,2,774.9,726.7,174.80000000000007,342.5,1,1,1.0
98,3,1222.8,600.4,264.79999999999995,250.30000000000007,1,1,1.0
98,4,1486.8,990.0,160.4000000000001,116.70000000000005,1,1,0.0
98,5,329.3,836.0,189.2,278.29999999999995,1,1,1.0
98,6,1139.4,629.1,318.0999999999999,217.79999999999995,1,1,1.0
98,7,277.2,668.4,126.10000000000002,147.20000000000005,1,1,1.0
98,8,466.9,974.1,325.70000000000005,127.10000000000002,1,1,1.0
98,9,432.6,572.2,352.5,125.19999999999993,1,1,1.0
99,1,1626.1,811.6,15.800000000000182,30.600000000000023,1,1,0.0
99,2,687.4,815.9,280.6,248.30000000000007,1,1,1.0
99,3,1220.7,599.7,266.20000000000005,254.5,1,1,1.0
99,4,1532.5,1006.8,114.70000000000005,99.90000000000009,1,1,0.0
99,5,338.3,854.1,204.99999999999994,275.9999999999999,1,1,1.0
99,6,1142.7,619.1,298.89999999999986,207.79999999999995,1,1,1.0
99,7,281.4,674.6,121.90000000000003,136.79999999999995,1,1,1.0
99,8,460.0,981.7,323.6,116.0,1,1,1.0
99,9,444.2,579.7,357.09999999999997,117.09999999999991,1,1,1.0
100,1,1626.1,811.6,15.800000000000182,30.600000000000023,1,1,0.0
100,2,673.2,867.6,306.5,153.29999999999995,1,1,1.0
100,3,1216.5,601.1,269.70000000000005,244.79999999999995,1,1,1.0
100,4,1532.5,1006.8,114.70000000000005,102.79999999999995,1,1,0.0
100,5,342.8,854.1,201.3,245.10000000000002,1,1,1.0
100,6,1136.9,619.1,295.5,226.10000000000002,1,1,1.0
100,7,274.5,662.1,128.8,154.19999999999993,1,1,1.0
100,8,463.5,981.7,316.6,118.79999999999995,1,1,1.0
100,9,617.1,599.1,387.0,242.10000000000002,1,1,1.0
101,1,1626.1,811.6,15.800000000000182,30.600000000000023,1,1,0.0
101,2,720.7,752.6,224.79999999999995,304.9999999999999,1,1,1.0
101,3,1216.5,603.7,269.70000000000005,240.0999999999999,1,1,1.0
101,4,1558.0,1019.5,89.20000000000005,88.40000000000009,1,1,0.0
101,5,269.7,860.1,235.2,206.69999999999993,1,1,1.0
101,6,1136.9,620.8,298.0,225.20000000000005,1,1,1.0
101,7,279.4,667.0,123.90000000000003,147.89999999999998,1,1,1.0
101,8,462.1,981.0,318.0,119.5,1,1,1.0
101,9,885.8,528.3,321.76,183.0,1,1,1.0
102,1,1626.1,811.6,15.800000000000182,30.600000000000023,1,1,0.0
102,2,733.2,650.1,139.0,372.5,1,1,1.0
102,3,1215.3,605.4,272.60000000000014,239.0,1,1,1.0
102,4,1578.8,1013.1,68.40000000000009,83.19999999999993,1,1,0.0
102,5,295.3,833.0,229.99999999999994,233.0,1,1,1.0
102,6,1131.1,622.5,301.3000000000002,214.29999999999995,1,1,1.0
102,7,280.8,667.7,126.0,145.0999999999999,1,1,1.0
102,8,467.0,978.2,306.20000000000005,128.5999999999999,1,1,1.0
102,9,952.5,506.1,324.5,130.19999999999993,1,1,1.0
103,1,1626.1,811.6,15.800000000000182,30.600000000000023,1,1,0.0
103,2,736.5,630.9,140.70000000000005,328.30000000000007,1,1,1.0
103,3,1219.4,600.2,302.0999999999999,240.69999999999993,1,1,1.0
103,4,1612.4,1006.7,34.799999999999955,46.200000000000045,1,1,0.0
103,5,290.8,838.3,222.40000000000003,217.9000000000001,1,1,1.0
103,6,1132.8,631.7,309.60000000000014,211.79999999999995,1,1,1.0
103,7,283.6,660.8,127.39999999999998,152.0,1,1,1.0
103,8,463.5,974.7,313.9,132.0999999999999,1,1,1.0
103,9,978.9,501.2,316.19999999999993,137.90000000000003,1,1,1.0
104,1,1626.1,811.6,15.800000000000182,30.600000000000023,1,1,0.0
104,2,668.2,641.7,245.69999999999993,213.29999999999995,1,1,1.0
104,3,1233.3,608.3,331.0,166.10000000000002,1,1,1.0
104,4,1534.8,960.4,112.40000000000009,125.50000000000011,1,1,0.0
104,5,262.9,860.2,250.30000000000007,200.5,1,1,1.0
104,6,1128.6,623.4,310.5,230.89999999999998,1,1,1.0
104,7,287.1,669.1,126.0,134.0,1,1,0.0
104,8,466.3,971.9,306.90000000000003,143.19999999999993,1,1,1.0
104,9,990.7,494.3,330.79999999999995,127.40000000000003,1,1,1.0
105,1,1626.1,811.6,15.800000000000182,30.600000000000023,1,1,0.0
105,2,620.7,589.2,196.5,185.0,1,1,1.0
105,3,1292.3,573.6,317.10000000000014,219.29999999999995,1,1,1.0
105,4,1534.8,963.3,112.40000000000009,127.20000000000005,1,1,0.0
105,5,275.7,845.9,237.50000000000006,226.10000000000002,1,1,1.0
105,6,1169.5,623.4,286.29999999999995,254.20000000000005,1,1,1.0
105,7,287.1,666.3,118.39999999999998,127.80000000000007,1,1,0.0
105,8,467.7,974.0,359.7,134.20000000000005,1,1,1.0
105,9,994.9,487.3,339.1,129.49999999999994,1,1,1.0
106,1,1626.1,811.6,15.800000000000182,30.600000000000023,1,1,0.0
106,2,603.2,562.5,198.19999999999993,223.39999999999998,1,1,1.0
106,3,1296.9,647.1,302.0999999999999,168.39999999999998,1,1,1.0
106,4,1532.5,959.8,114.70000000000005,131.9000000000001,1,1,0.0
106,5,274.2,847.4,238.2,226.89999999999998,1,1,1.0
106,6,1221.2,620.1,267.89999999999986,280.0,1,1,1.0
106,7,287.1,662.8,118.39999999999998,127.10000000000002,1,1,0.0
106,8,462.1,967.1,370.19999999999993,145.9999999999999,1,1,1.0
106,9,983.1,496.3,302.30000000000007,112.90000000000003,1,1,1.0
107,1,1626.1,811.6,15.800000000000182,30.600000000000023,1,1,0.0
107,2,506.5,545.0,251.60000000000002,175.89999999999998,1,1,1.0
107,3,1303.8,656.4,279.60000000000014,150.39999999999998,1,1,1.0
107,4,1531.3,968.5,115.90000000000009,124.90000000000009,1,1,0.0
107,5,272.7,888.8,261.50000000000006,245.0,1,1,1.0
107,6,1251.2,643.4,244.5999999999999,261.70000000000005,1,1,1.0
107,7,289.2,669.7,116.30000000000001,119.5,1,1,0.0
107,8,464.9,967.1,379.9,139.10000000000002,1,1,1.0
107,9,983.1,498.4,320.9999999999999,111.5,1,1,1.0
108,1,1626.1,811.6,15.800000000000182,30.600000000000023,1,1,0.0
108,2,506.5,533.3,221.60000000000002,154.30000000000007,1,1,1.0
108,3,1311.3,641.9,267.5,170.70000000000005,1,1,1.0
108,4,1534.2,975.5,113.0,117.90000000000009,1,1,0.0
108,5,247.1,775.0,233.6,271.4000000000001,1,1,1.0
108,6,1242.0,694.2,269.5999999999999,212.5999999999999,1,1,1.0
108,7,281.6,667.6,122.5,129.19999999999993,1,1,0.0
108,8,467.0,962.9,340.29999999999995,143.30000000000007,1,1,1.0
108,9,977.5,501.2,289.0999999999999,113.59999999999997,1,1,1.0
109,1,1626.1,811.6,15.800000000000182,30.600000000000023,1,1,0.0
109,2,507.3,519.1,176.59999999999997,208.5,1,1,1.0
109,3,1301.5,662.7,299.29999999999995,146.39999999999998,1,1,1.0
109,4,1535.4,973.8,111.79999999999995,119.60000000000014,1,1,0.0
109,5,247.1,801.3,234.4,244.29999999999995,1,1,1.0
109,6,1231.2,705.9,279.5999999999999,200.89999999999998,1,1,1.0
109,7,281.6,667.6,122.5,145.89999999999998,1,1,0.0
109,8,468.4,962.9,332.70000000000005,132.19999999999993,1,1,1.0
109,9,982.4,497.7,332.80000000000007,121.30000000000001,1,1,1.0
110,1,1626.1,811.6,15.800000000000182,30.600000000000023,1,1,0.0
110,2,494.0,515.8,193.20000000000005,211.0,1,1,1.0
110,3,1303.2,668.5,323.0999999999999,147.5,1,1,1.0
110,4,1538.3,972.6,108.90000000000009,117.89999999999998,1,1,0.0
110,5,254.6,820.1,226.9,223.19999999999993,1,1,1.0
110,6,1231.2,705.9,314.5999999999999,205.89999999999998,1,1,1.0
110,7,270.5,534.3,167.60000000000002,272.30000000000007,1,1,0.0
110,8,480.2,959.4,354.90000000000003,173.89999999999998,1,1,1.0
110,9,982.4,497.0,343.9,115.10000000000002,1,1,1.0
111,1,1626.1,811.6,15.800000000000182,30.600000000000023,1,1,0.0
111,2,494.0,515.8,195.70000000000005,213.5,1,1,1.0
111,3,1314.2,599.6,313.79999999999995,194.39999999999998,1,1,1.0
111,4,1539.5,973.8,107.70000000000005,116.70000000000005,1,1,0.0
111,5,248.6,817.1,233.70000000000002,228.4999999999999,1,1,1.0
111,6,1272.9,759.2,360.39999999999986,160.0999999999999,1,1,1.0
111,7,281.6,653.7,155.09999999999997,164.0,1,1,0.0
111,8,512.1,966.3,369.5,167.0,1,1,1.0
111,9,972.7,497.7,330.70000000000005,138.00000000000006,1,1,1.0
112,1,1626.1,811.6,15.800000000000182,30.600000000000023,1,1,0.0
112,2,492.3,515.8,199.09999999999997,212.70000000000005,1,1,1.0
112,3,1410.3,595.0,225.20000000000005,244.10000000000002,1,1,1.0
112,4,1541.2,977.9,106.0,113.80000000000007,1,1,0.0
112,5,232.8,850.3,279.59999999999997,208.10000000000014,1,1,1.0
112,6,1330.4,831.7,312.89999999999986,105.09999999999991,1,1,1.0
112,7,281.6,558.6,153.7,257.0,1,1,0.0
112,8,512.8,966.3,368.80000000000007,167.0,1,1,1.0
112,9,972.7,495.6,330.70000000000005,136.60000000000002,1,1,1.0
113,1,1626.1,811.6,15.800000000000182,30.600000000000023,1,1,0.0
113,2,455.6,531.6,233.29999999999995,199.39999999999998,1,1,1.0
113,3,1410.3,633.8,202.10000000000014,285.1500000000001,1,1,1.0
113,4,1547.6,976.2,99.60000000000014,115.5,1,1,0.0
113,5,237.3,851.8,261.5,236.0,1,1,1.0
113,6,1411.2,831.7,233.70000000000005,113.39999999999998,1,1,1.0
113,7,284.4,652.3,150.90000000000003,162.60000000000002,1,1,0.0
113,8,510.7,975.3,341.7,130.9000000000001,1,1,1.0
113,9,974.1,493.5,318.9,150.5,1,1,1.0
114,1,1626.1,811.6,15.800000000000182,30.600000000000023,1,1,0.0
114,2,452.3,540.8,253.3,141.9000000000001,1,1,1.0
114,3,1381.9,656.4,250.19999999999982,248.60000000000002,1,1,1.0
114,4,1544.1,973.9,103.10000000000014,116.60000000000002,1,1,0.0
114,5,227.5,799.8,252.5,239.79999999999995,1,1,1.0
114,6,1456.2,839.2,188.70000000000005,112.59999999999991,1,1,0.0
114,7,285.8,592.25,146.39999999999998,222.64999999999998,1,1,0.0
114,8,557.9,977.4,338.9,116.30000000000007,1,1,1.0
114,9,973.4,493.5,327.9,128.29999999999995,1,1,1.0
115,1,1626.1,811.6,15.800000000000182,30.600000000000023,1,1,0.0
115,2,473.1,539.1,235.0,123.60000000000002,1,1,1.0
115,3,1341.4,657.0,300.5,167.0,1,1,1.0
115,4,1541.2,975.6,106.0,115.49999999999989,1,1,0.0
115,5,236.5,819.4,243.5,200.60000000000002,1,1,1.0
115,6,1485.4,843.4,159.5,104.20000000000005,1,1,0.0
115,7,287.2,532.2,141.90000000000003,282.69999999999993,1,1,0.0
115,8,613.5,886.4,344.4,196.89999999999998,1,1,1.0
115,9,973.4,494.9,317.5000000000001,145.60000000000002,1,1,1.0
116,1,1626.1,811.6,15.800000000000182,30.600000000000023,1,1,0.0
116,2,476.4,537.4,232.5,125.30000000000007,1,1,1.0
116,3,1340.8,657.6,301.10000000000014,143.29999999999995,1,1,1.0
116,4,1536.0,974.4,111.20000000000005,115.50000000000011,1,1,0.0
116,5,241.8,839.0,239.7,183.29999999999995,1,1,1.0
116,6,1495.4,846.7,149.5,105.89999999999998,1,1,0.0
116,7,288.6,657.9,147.39999999999998,143.10000000000002,1,1,0.0
116,8,724.6,751.0,239.5,349.0,1,1,1.0
116,9,973.4,495.6,325.1,147.0,1,1,1.0
117,1,1626.1,811.6,15.800000000000182,30.600000000000023,1,1,0.0
117,2,476.4,537.4,242.5,131.10000000000002,1,1,1.0
117,3,1351.8,657.6,290.10000000000014,135.79999999999995,1,1,1.0
117,4,1533.1,975.0,114.10000000000014,113.70000000000005,1,1,0.0
117,5,232.0,855.6,261.6,190.80000000000007,1,1,1.0
117,6,1533.7,847.5,111.20000000000005,118.39999999999998,1,1,0.0
117,7,290.0,657.9,146.0,136.89999999999998,1,1,0.0
117,8,764.9,748.9,199.89999999999998,317.1,1,1,1.0
117,9,974.8,494.2,339.70000000000005,127.59999999999997,1,1,1.0
118,1,1626.1,811.6,15.800000000000182,30.600000000000023,1,1,0.0
118,2,483.9,537.4,230.80000000000007,137.80000000000007,1,1,1.0
118,3,1329.9,684.2,310.29999999999995,130.0,1,1,1.0
118,4,1533.1,969.2,114.10000000000014,121.79999999999995,1,1,0.0
118,5,236.5,879.7,303.0,165.89999999999986,1,1,1.0
118,6,1544.5,858.3,100.40000000000009,107.60000000000002,1,1,0.0
118,7,290.0,532.2,137.0,259.79999999999995,1,1,0.0
118,8,774.6,760.0,185.29999999999995,299.0999999999999,1,1,1.0
118,9,969.9,495.6,346.69999999999993,110.89999999999998,1,1,1.0
119,1,1626.1,811.6,15.800000000000182,30.600000000000023,1,1,0.0
119,2,483.9,537.4,236.60000000000002,149.5,1,1,1.0
119,3,1331.1,690.6,309.10000000000014,171.60000000000002,1,1,1.0
119,4,1543.5,977.9,103.70000000000005,106.69999999999993,1,1,0.0
119,5,255.3,918.9,309.8,152.30000000000007,1,1,1.0
119,6,1585.3,887.5,59.600000000000136,78.39999999999998,1,1,0.0
119,7,290.0,656.5,138.39999999999998,141.79999999999995,1,1,0.0
119,8,778.8,758.6,176.9000000000001,301.19999999999993,1,1,1.0
119,9,976.8,494.9,323.10000000000014,153.30000000000007,1,1,1.0
