1,1,218.62,467.83,230.57999999999998,198.93,1,1,1.0
1,2,215.73,643.7,233.29,222.52999999999997,1,1,1.0
1,3,551.51,364.26,189.89,203.46000000000004,1,1,1.0
1,4,643.61,298.2,322.80999999999995,211.57999999999998,1,1,1.0
1,5,590.26,527.24,295.68000000000006,166.37,1,1,1.0
1,6,721.0,621.6,247.65999999999997,221.10000000000002,1,1,1.0
1,7,515.04,682.58,214.76,236.0999999999999,1,1,1.0
1,8,639.9,805.83,290.11,187.62,1,1,1.0
1,9,1098.91,830.5,456.25,287.6199999999999,1,1,1.0
2,1,262.0,491.3,194.39999999999998,170.90000000000003,1,1,1.0
2,2,215.73,643.7,228.77,229.79999999999995,1,1,1.0
2,3,494.2,388.4,247.2,173.30000000000007,1,1,1.0
2,4,434.7,278.3,318.32,164.59999999999997,1,1,1.0
2,5,590.26,519.1,293.84000000000003,174.51,1,1,1.0
2,6,683.0,610.9,266.79999999999995,232.39999999999998,1,1,1.0
2,7,515.04,682.58,190.86,230.7199999999999,1,1,1.0
2,8,639.9,817.9,284.1,168.0,1,1,1.0
2,9,1505.2,452.4,604.6000000000001,532.9,1,1,1.0
3,1,262.0,491.3,194.39999999999998,170.90000000000003,1,1,1.0
3,2,215.73,643.7,231.47,226.19999999999993,1,1,1.0
3,3,534.9,388.4,206.5,171.80000000000007,1,1,1.0
3,4,411.19,302.7,252.31,194.45,1,1,1.0
3,5,590.26,519.1,300.14,174.51,1,1,1.0
3,6,689.3,602.1,261.80000000000007,248.69999999999993,1,1,1.0
3,7,516.3,609.7,162.0,308.9799999999999,1,1,1.0
3,8,639.9,817.9,284.1,168.0,1,1,1.0
3,9,1595.8,510.2,487.39999999999986,406.40000000000003,1,1,1.0
4,1,262.0,491.3,194.39999999999998,170.90000000000003,1,1,1.0
4,2,221.2,650.0,226.0,225.29999999999995,1,1,1.0
4,3,552.2,388.4,196.69999999999993,232.10000000000002,1,1,1.0
4,4,411.19,290.9,248.70999999999998,206.25,1,1,1.0
4,5,590.26,519.1,292.94000000000005,174.51,1,1,1.0
4,6,698.1,610.3,260.5,252.4000000000001,1,1,1.0
4,7,484.9,614.1,146.30000000000007,314.63,1,1,1.0
4,8,629.4,817.9,328.5,168.0,1,1,1.0
4,9,1673.9,488.1,258.29999999999995,419.4,1,1,1.0
5,1,262.0,491.3,184.5,170.90000000000003,1,1,1.0
5,2,221.2,650.0,226.0,225.29999999999995,1,1,1.0
5,3,552.2,382.4,196.69999999999993,260.70000000000005,1,1,1.0
5,4,411.19,290.9,248.70999999999998,206.25,1,1,1.0
5,5,590.26,519.1,299.24,174.51,1,1,1.0
5,6,644.1,636.0,322.69999999999993,207.20000000000005,1,1,1.0
5,7,464.8,632.3,171.40000000000003,285.1,1,1,1.0
5,8,629.4,817.9,295.30000000000007,171.80000000000007,1,1,1.0
5,9,1612.7,353.99,450.9999999999998,554.81,1,1,1.0
6,1,198.7,461.2,247.0,130.90000000000003,1,1,1.0
6,2,142.53,639.15,259.47,152.95000000000005,1,1,1.0
6,3,472.3,392.2,259.99999999999994,194.40000000000003,1,1,1.0
6,4,345.18,334.3,258.61999999999995,193.59999999999997,1,1,1.0
6,5,577.6,535.38,226.0,214.32000000000005,1,1,1.0
6,6,457.47,594.77,292.53,216.23000000000002,1,1,1.0
6,7,316.5,607.2,202.14999999999998,140.0,1,1,1.0
6,8,619.6,768.2,211.69999999999993,218.5,1,1,1.0
6,9,1612.7,498.5,432.79999999999995,235.79999999999995,1,1,1.0
7,1,194.18,486.1,215.32,115.03999999999996,1,1,1.0
7,2,142.53,659.0,237.77,142.10000000000002,1,1,1.0
7,3,427.09,423.8,232.91000000000003,194.45,1,1,1.0
7,4,381.4,337.9,214.30000000000007,187.30000000000007,1,1,1.0
7,5,602.02,492.88,215.18000000000006,217.01999999999998,1,1,1.0
7,6,416.02,637.7,248.88,138.64,1,1,1.0
7,7,216.66,526.8,214.73999999999998,154.47000000000003,1,1,1.0
7,8,462.12,763.68,204.88,218.5200000000001,1,1,1.0
7,9,1581.5,498.5,464.0,188.89999999999998,1,1,1.0
8,1,189.7,471.8,210.0,133.90000000000003,1,1,1.0
8,2,142.53,659.0,237.77,142.10000000000002,1,1,1.0
8,3,429.3,414.0,220.2,212.5,1,1,1.0
8,4,383.2,346.0,217.90000000000003,167.39999999999998,1,1,1.0
8,5,605.6,479.3,267.69999999999993,196.2,1,1,1.0
8,6,410.7,633.2,257.2,137.0999999999999,1,1,1.0
8,7,270.03,497.9,173.97000000000003,214.76,1,1,1.0
8,8,679.1,585.09,232.03999999999996,274.30999999999995,1,1,1.0
8,9,1597.1,498.5,448.4000000000001,194.10000000000002,1,1,1.0
9,1,189.7,471.8,224.3,133.90000000000003,1,1,1.0
9,2,157.0,646.3,223.3,154.80000000000007,1,1,1.0
9,3,443.6,405.7,202.10000000000002,226.90000000000003,1,1,1.0
9,4,383.2,346.0,222.40000000000003,184.60000000000002,1,1,1.0
9,5,646.3,401.54,245.99,261.25999999999993,1,1,1.0
9,6,410.7,633.2,257.2,137.0999999999999,1,1,1.0
9,7,357.94,626.0,220.45999999999998,238.0,1,1,1.0
9,8,972.2,432.13,306.65999999999985,148.47000000000003,1,1,1.0
9,9,1591.9,498.5,453.5999999999999,194.10000000000002,1,1,1.0
10,1,207.0,460.5,236.39999999999998,145.20000000000005,1,1,1.0
10,2,157.0,646.3,223.3,154.80000000000007,1,1,1.0
10,3,447.4,397.4,194.5,238.20000000000005,1,1,1.0
10,4,383.2,346.0,222.40000000000003,184.60000000000002,1,1,1.0
10,5,653.5,386.2,254.20000000000005,229.59999999999997,1,1,1.0
10,6,410.7,633.2,257.2,137.0999999999999,1,1,1.0
10,7,607.9,614.07,288.23,212.92999999999995,1,1,1.0
10,8,964.7,423.8,314.15999999999985,152.3,1,1,1.0
10,9,1567.2,498.5,474.0,194.10000000000002,1,1,1.0
11,1,375.4,279.1,217.60000000000002,141.5,1,1,1.0
11,2,157.0,646.3,223.3,154.80000000000007,1,1,1.0
11,3,408.2,398.9,239.00000000000006,248.80000000000007,1,1,1.0
11,4,378.7,346.0,226.90000000000003,183.70000000000005,1,1,1.0
11,5,649.9,386.2,257.80000000000007,231.40000000000003,1,1,1.0
11,6,480.0,566.9,225.58000000000004,216.21000000000004,1,1,1.0
11,7,639.3,589.0,236.10000000000002,278.79999999999995,1,1,1.0
11,8,964.7,423.8,321.70000000000005,152.3,1,1,1.0
11,9,1598.5,498.5,425.4000000000001,194.10000000000002,1,1,1.0
12,1,593.3,274.7,301.74,123.92000000000002,1,1,1.0
12,2,162.4,646.3,217.9,154.80000000000007,1,1,1.0
12,3,424.02,430.5,186.27999999999997,282.0,1,1,1.0
12,4,314.5,397.5,173.60000000000002,304.0,1,1,1.0
12,5,646.3,386.2,261.4000000000001,225.09999999999997,1,1,1.0
12,6,598.3,514.91,328.06000000000006,153.69000000000005,1,1,1.0
12,7,678.9,564.5,211.60000000000002,282.0,1,1,1.0
12,8,952.6,423.8,316.4999999999999,152.3,1,1,1.0
12,9,1579.0,498.5,439.20000000000005,194.10000000000002,1,1,1.0
13,1,602.1,268.4,292.93999999999994,130.22000000000003,1,1,1.0
13,2,162.4,646.3,217.9,154.80000000000007,1,1,1.0
13,3,434.57,435.0,154.63000000000005,300.86,1,1,1.0
13,4,334.4,411.97,133.8,304.0,1,1,1.0
13,5,638.2,386.2,269.5,225.09999999999997,1,1,1.0
13,6,1197.11,605.72,254.99,196.67999999999995,1,1,1.0
13,7,683.9,564.5,206.60000000000002,284.5,1,1,1.0
13,8,945.8,392.2,326.30999999999995,133.41000000000003,1,1,1.0
13,9,1612.9,498.5,405.29999999999995,194.10000000000002,1,1,1.0
14,1,602.1,268.4,281.6,130.22000000000003,1,1,1.0
14,2,163.3,634.5,218.8,172.89999999999998,1,1,1.0
14,3,441.36,466.65,186.24,300.86,1,1,1.0
14,4,334.4,486.11,146.46000000000004,304.01,1,1,1.0
14,5,632.8,398.0,252.30000000000007,222.29999999999995,1,1,1.0
14,6,1574.72,795.61,353.68000000000006,250.89,1,1,1.0
14,7,683.9,563.9,204.70000000000005,285.1,1,1,1.0
14,8,900.59,346.2,186.90999999999997,296.21,1,1,1.0
14,9,1637.64,446.4,405.29999999999995,185.0,1,1,1.0
15,1,602.1,268.4,286.0,130.22000000000003,1,1,1.0
15,2,163.3,634.5,218.8,172.89999999999998,1,1,1.0
15,3,451.91,471.17,201.08999999999997,300.85999999999996,1,1,1.0
15,4,329.9,511.4,171.8,291.38,1,1,1.0
15,5,632.8,394.4,245.10000000000002,225.89999999999998,1,1,1.0
15,6,1541.1,867.2,427.4000000000001,202.0999999999999,1,1,1.0
15,7,683.9,563.9,204.70000000000005,285.1,1,1,1.0
15,8,891.55,326.6,164.35000000000014,305.26,1,1,1.0
15,9,1616.8,439.9,444.39999999999986,203.20000000000005,1,1,1.0
16,1,589.5,268.4,287.9,130.22000000000003,1,1,1.0
16,2,191.3,599.2,198.89999999999998,240.79999999999995,1,1,1.0
16,3,492.6,554.06,178.0,294.84000000000003,1,1,1.0
16,4,337.1,511.4,164.59999999999997,306.70000000000005,1,1,1.0
16,5,641.84,378.12,192.65999999999997,306.38,1,1,1.0
16,6,1537.2,880.0,414.70000000000005,214.20000000000005,1,1,1.0
16,7,668.2,674.42,225.39999999999998,223.58000000000004,1,1,1.0
16,8,891.55,436.0,285.54999999999995,171.39999999999998,1,1,1.0
16,9,1162.37,447.71,420.93000000000006,359.49000000000007,1,1,1.0
17,1,554.96,268.4,230.14,208.70000000000005,1,1,1.0
17,2,164.17,563.03,197.13000000000002,309.57000000000005,1,1,1.0
17,3,442.9,639.96,200.60000000000002,294.8399999999999,1,1,1.0
17,4,349.76,582.83,119.34000000000003,306.69999999999993,1,1,1.0
17,5,254.3,308.5,207.0,164.7,1,1,0.0
17,6,1526.1,880.0,409.20000000000005,194.5999999999999,1,1,1.0
17,7,528.8,627.95,278.1,253.75,1,1,1.0
17,8,285.3,414.63,210.19,222.26999999999998,1,1,1.0
17,9,728.69,374.4,269.40999999999997,262.63,1,1,1.0
18,1,550.6,264.6,193.69999999999993,255.19999999999993,1,1,1.0
18,2,164.17,563.03,197.13000000000002,303.27,1,1,1.0
18,3,426.3,652.8,217.2,274.5,1,1,1.0
18,4,328.06,590.97,125.63999999999999,306.69999999999993,1,1,1.0
18,5,254.3,288.2,196.39999999999998,185.0,1,1,0.0
18,6,1532.9,846.1,379.79999999999995,224.69999999999993,1,1,1.0
18,7,468.52,428.89,146.27999999999997,315.90999999999997,1,1,1.0
18,8,273.4,426.6,222.10000000000002,203.39999999999998,1,1,1.0
18,9,711.33,358.1,263.9699999999999,274.59000000000003,1,1,1.0
19,1,550.6,264.6,193.69999999999993,255.19999999999993,1,1,1.0
19,2,164.17,537.7,197.13000000000002,328.5999999999999,1,1,1.0
19,3,424.8,661.8,278.2,248.20000000000005,1,1,1.0
19,4,328.06,599.1,125.63999999999999,298.56999999999994,1,1,1.0
19,5,222.7,282.2,227.2,199.3,1,1,0.0
19,6,1548.0,828.8,362.4000000000001,264.60000000000014,1,1,1.0
19,7,471.7,376.15,157.54000000000002,318.45000000000005,1,1,1.0
19,8,307.3,414.0,197.0,238.60000000000002,1,1,1.0
19,9,711.33,363.5,267.27,269.19000000000005,1,1,1.0
20,1,550.6,264.6,193.69999999999993,255.19999999999993,1,1,1.0
20,2,191.3,523.2,170.0,354.0,1,1,1.0
20,3,470.76,725.8,320.44000000000005,154.81000000000006,1,1,1.0
20,4,342.5,732.9,241.40999999999997,228.07000000000005,1,1,1.0
20,5,204.6,282.2,245.29999999999998,206.8,1,1,0.0
20,6,1549.5,828.8,360.9000000000001,278.9000000000001,1,1,1.0
20,7,490.5,285.7,127.39999999999998,348.00000000000006,1,1,1.0
20,8,369.69,414.0,185.70999999999998,310.03,1,1,1.0
20,9,718.9,363.5,259.70000000000005,268.1,1,1,1.0
21,1,550.6,270.9,193.69999999999993,255.20000000000005,1,1,1.0
21,2,191.3,537.7,170.0,351.29999999999995,1,1,1.0
21,3,637.3,549.48,340.7700000000001,246.72000000000003,1,1,1.0
21,4,342.5,804.3,289.29999999999995,144.9000000000001,1,1,1.0
21,5,204.6,282.2,245.29999999999998,206.8,1,1,0.0
21,6,1544.2,833.4,401.20000000000005,260.0000000000001,1,1,1.0
21,7,504.3,274.4,122.40000000000003,337.9,1,1,1.0
21,8,382.5,423.0,172.89999999999998,313.79999999999995,1,1,1.0
21,9,702.6,389.5,291.19999999999993,232.29999999999995,1,1,1.0
22,1,550.6,270.9,193.69999999999993,255.20000000000005,1,1,1.0
22,2,200.3,547.6,161.0,335.1,1,1,1.0
22,3,852.5,463.58,380.55999999999995,177.12000000000006,1,1,1.0
22,4,361.5,786.2,300.14,140.39,1,1,1.0
22,5,204.6,282.2,245.29999999999998,206.8,1,1,0.0
22,6,1544.2,830.7,391.5999999999999,262.70000000000005,1,1,1.0
22,7,498.0,274.4,128.70000000000005,331.6,1,1,1.0
22,8,382.5,423.0,172.89999999999998,300.20000000000005,1,1,1.0
22,9,690.7,394.9,297.69999999999993,232.30000000000007,1,1,1.0
23,1,550.6,270.9,193.69999999999993,269.0,1,1,1.0
23,2,200.3,567.5,161.0,315.20000000000005,1,1,1.0
23,3,897.7,451.82,379.66999999999985,196.07999999999998,1,1,1.0
23,4,361.5,737.4,368.0,181.10000000000002,1,1,1.0
23,5,194.8,282.2,255.09999999999997,206.0,1,1,0.0
23,6,1544.2,855.9,411.5,237.5000000000001,1,1,1.0
23,7,474.8,309.6,151.90000000000003,287.6,1,1,1.0
23,8,382.5,423.0,172.89999999999998,300.20000000000005,1,1,1.0
23,9,658.1,383.0,335.69999999999993,236.60000000000002,1,1,1.0
24,1,545.6,270.3,198.69999999999993,256.99999999999994,1,1,1.0
24,2,212.1,537.7,186.29999999999998,250.0999999999999,1,1,1.0
24,3,945.62,464.48,379.66999999999996,138.22000000000003,1,1,1.0
24,4,425.7,717.51,345.39000000000004,202.78999999999996,1,1,1.0
24,5,228.7,289.7,225.0,227.90000000000003,1,1,0.0
24,6,1544.2,855.9,411.5,237.5000000000001,1,1,1.0
24,7,467.9,307.1,158.80000000000007,298.29999999999995,1,1,1.0
24,8,382.5,423.0,208.29999999999995,292.70000000000005,1,1,1.0
24,9,690.7,384.1,261.9,308.19999999999993,1,1,1.0
25,1,540.6,276.6,203.69999999999993,250.69999999999993,1,1,1.0
25,2,204.9,510.6,193.49999999999997,267.29999999999995,1,1,1.0
25,3,945.62,464.48,344.38,150.01999999999998,1,1,1.0
25,4,433.8,714.8,339.99999999999994,200.10000000000002,1,1,1.0
25,5,228.7,289.7,225.0,227.90000000000003,1,1,0.0
25,6,1544.2,863.4,411.5,230.0000000000001,1,1,1.0
25,7,397.6,345.4,209.60000000000002,233.0,1,1,1.0
25,8,408.12,532.26,294.98,221.14,1,1,1.0
25,9,687.45,405.8,193.54999999999995,310.40000000000003,1,1,1.0
26,1,577.6,341.91,299.19999999999993,141.39,1,1,1.0
26,2,215.7,510.6,182.7,269.1,1,1,1.0
26,3,960.1,464.48,322.69999999999993,150.01999999999998,1,1,1.0
26,4,433.8,709.4,335.49999999999994,200.10000000000002,1,1,1.0
26,5,228.7,295.0,225.0,218.79999999999995,1,1,0.0
26,6,1554.7,863.4,407.79999999999995,245.10000000000002,1,1,1.0
26,7,381.9,367.4,253.60000000000002,129.40000000000003,1,1,1.0
26,8,424.7,569.9,361.3,168.39999999999998,1,1,1.0
26,9,665.74,422.08,303.15999999999997,272.42,1,1,1.0
27,1,605.9,331.86,264.6,141.39,1,1,1.0
27,2,222.0,528.69,256.88,216.6099999999999,1,1,1.0
27,3,965.5,464.48,366.0999999999999,141.91999999999996,1,1,1.0
27,4,433.8,713.9,336.40000000000003,195.60000000000002,1,1,1.0
27,5,199.3,304.8,252.89999999999998,242.2,1,1,0.0
27,6,1554.7,863.4,423.5999999999999,245.10000000000002,1,1,1.0
27,7,346.74,363.6,249.15999999999997,171.5,1,1,1.0
27,8,447.3,569.9,276.2,172.20000000000005,1,1,1.0
27,9,823.1,367.82,357.39,170.38000000000005,1,1,1.0
28,1,615.3,331.86,255.20000000000005,154.53999999999996,1,1,1.0
28,2,364.9,461.77,294.82000000000005,181.33000000000004,1,1,1.0
28,3,960.08,498.84,366.1,141.92000000000002,1,1,1.0
28,4,433.8,726.6,345.40000000000003,182.89999999999998,1,1,1.0
28,5,201.56,438.2,131.54000000000002,251.20999999999998,1,1,1.0
28,6,1554.7,848.3,379.0999999999999,260.20000000000005,1,1,1.0
28,7,304.04,388.1,267.96,189.07999999999993,1,1,1.0
28,8,555.8,565.38,304.84000000000003,150.32000000000005,1,1,1.0
28,9,1007.56,369.99,344.34000000000015,202.90999999999997,1,1,1.0
29,1,615.3,326.8,255.20000000000005,139.5,1,1,1.0
29,2,554.8,448.21,365.34000000000003,128.89000000000004,1,1,1.0
29,3,951.03,498.84,350.77,178.06,1,1,1.0
29,4,433.8,728.4,335.49999999999994,175.70000000000005,1,1,1.0
29,5,230.2,495.5,132.3,285.1,1,1,1.0
29,6,1554.7,869.4,384.39999999999986,239.10000000000002,1,1,1.0
29,7,285.2,390.6,244.09999999999997,217.35000000000002,1,1,1.0
29,8,564.8,560.1,301.9000000000001,149.60000000000002,1,1,1.0
29,9,1044.5,383.0,331.29999999999995,195.29999999999995,1,1,1.0
30,1,615.3,318.0,255.20000000000005,140.8,1,1,1.0
30,2,635.3,433.7,293.0,143.40000000000003,1,1,1.0
30,3,942.0,502.5,330.0,174.39999999999998,1,1,1.0
30,4,481.7,734.73,351.8,137.76999999999998,1,1,1.0
30,5,235.47,640.9,261.92999999999995,145.70000000000005,1,1,1.0
30,6,1554.7,869.4,384.39999999999986,242.10000000000002,1,1,1.0
30,7,250.7,379.3,256.6,234.3,1,1,1.0
30,8,564.0,555.6,302.70000000000005,161.60000000000002,1,1,1.0
30,9,1144.33,419.89,337.77,260.40999999999997,1,1,1.0
31,1,621.0,318.0,249.5,140.8,1,1,1.0
31,2,648.0,433.7,275.79999999999995,155.2,1,1,1.0
31,3,942.0,502.5,317.29999999999995,195.20000000000005,1,1,1.0
31,4,518.8,731.11,373.47,144.09000000000003,1,1,1.0
31,5,270.14,626.6,292.86,137.60000000000002,1,1,1.0
31,6,1554.7,862.6,384.39999999999986,248.89999999999998,1,1,1.0
31,7,284.0,393.7,225.8,227.59999999999997,1,1,1.0
31,8,564.0,555.6,298.20000000000005,172.10000000000002,1,1,1.0
31,9,1236.56,503.44,262.94000000000005,275.56,1,1,1.0
32,1,657.4,318.0,213.10000000000002,140.8,1,1,1.0
32,2,662.5,433.7,261.29999999999995,155.2,1,1,1.0
32,3,942.0,502.5,311.9000000000001,188.0,1,1,1.0
32,4,532.4,731.11,311.0,147.68999999999994,1,1,1.0
32,5,270.14,626.6,315.46000000000004,134.0,1,1,1.0
32,6,1554.7,862.6,384.39999999999986,248.89999999999998,1,1,1.0
32,7,289.7,401.2,206.3,218.00000000000006,1,1,1.0
32,8,564.0,555.6,346.4,166.10000000000002,1,1,1.0
32,9,1247.4,493.7,291.1999999999998,259.3,1,1,1.0
33,1,640.4,318.0,237.0,140.8,1,1,1.0
33,2,626.3,433.7,393.30000000000007,155.2,1,1,1.0
33,3,1093.91,516.97,235.08999999999992,316.42999999999995,1,1,1.0
33,4,542.3,739.2,297.5,150.5,1,1,1.0
33,5,270.14,626.6,292.86,133.19999999999993,1,1,1.0
33,6,1554.7,840.0,372.29999999999995,271.5,1,1,1.0
33,7,300.4,421.3,174.20000000000005,183.49999999999994,1,1,1.0
33,8,564.0,555.6,307.20000000000005,179.69999999999993,1,1,1.0
33,9,1245.2,499.1,270.5999999999999,279.9,1,1,1.0
34,1,649.2,308.0,228.19999999999993,150.8,1,1,1.0
34,2,764.65,415.62,393.30000000000007,167.88,1,1,1.0
34,3,1178.0,614.62,146.48000000000002,369.78,1,1,1.0
34,4,558.6,739.2,281.19999999999993,154.0999999999999,1,1,1.0
34,5,291.24,628.11,293.55999999999995,148.68999999999994,1,1,1.0
34,6,1554.7,861.1,394.89999999999986,250.39999999999998,1,1,1.0
34,7,300.4,428.2,176.10000000000002,176.59999999999997,1,1,1.0
34,8,564.0,555.6,315.5,195.5,1,1,1.0
34,9,1245.2,499.1,267.29999999999995,252.79999999999995,1,1,1.0
35,1,649.2,308.0,228.19999999999993,155.2,1,1,1.0
35,2,883.1,426.47,335.42999999999995,160.63,1,1,1.0
35,3,1174.4,662.5,154.5999999999999,314.70000000000005,1,1,1.0
35,4,558.6,739.2,281.19999999999993,154.0999999999999,1,1,1.0
35,5,319.87,626.6,322.23,148.69999999999993,1,1,1.0
35,6,1554.7,856.6,402.39999999999986,254.89999999999998,1,1,1.0
35,7,306.1,436.4,173.5,165.89999999999998,1,1,1.0
35,8,560.2,560.1,313.29999999999995,187.19999999999993,1,1,1.0
35,9,1245.2,499.1,267.29999999999995,252.79999999999995,1,1,1.0
36,1,651.7,308.0,225.69999999999993,155.2,1,1,1.0
36,2,883.1,426.47,348.9999999999999,160.63,1,1,1.0
36,3,1159.0,673.35,164.56999999999994,314.69999999999993,1,1,1.0
36,4,558.6,747.3,281.19999999999993,151.4000000000001,1,1,1.0
36,5,319.87,626.6,311.73,154.0,1,1,1.0
36,6,1554.7,846.1,423.5,253.30000000000007,1,1,1.0
36,7,312.4,437.7,174.70000000000005,163.3,1,1,1.0
36,8,560.2,560.1,342.69999999999993,162.29999999999995,1,1,1.0
36,9,1245.2,499.1,267.29999999999995,263.69999999999993,1,1,1.0
37,1,651.7,308.0,225.69999999999993,155.2,1,1,1.0
37,2,883.1,426.47,397.80000000000007,160.63,1,1,1.0
37,3,1159.0,679.7,151.9000000000001,308.3499999999999,1,1,1.0
37,4,558.6,751.8,281.19999999999993,146.9000000000001,1,1,1.0
37,5,319.87,620.6,311.73,160.0,1,1,1.0
37,6,1539.6,863.4,442.4000000000001,208.10000000000002,1,1,1.0
37,7,312.4,434.6,175.3,166.39999999999998,1,1,1.0
37,8,579.0,554.1,379.70000000000005,164.5,1,1,1.0
37,9,1255.0,503.4,257.5,259.4,1,1,1.0
38,1,651.7,308.0,225.69999999999993,155.2,1,1,1.0
38,2,978.04,427.37,386.05999999999995,163.33000000000004,1,1,1.0
38,3,1159.0,683.3,150.0999999999999,313.80000000000007,1,1,1.0
38,4,558.6,751.8,298.4,161.4000000000001,1,1,1.0
38,5,307.1,634.9,298.9,133.60000000000002,1,1,1.0
38,6,1546.7,863.4,435.29999999999995,208.10000000000002,1,1,1.0
38,7,311.8,434.6,175.89999999999998,166.39999999999998,1,1,1.0
38,8,607.6,535.26,401.59000000000003,164.5,1,1,1.0
38,9,1283.2,532.7,223.89999999999986,242.0,1,1,1.0
39,1,651.7,308.0,225.69999999999993,155.2,1,1,1.0
39,2,997.94,450.88,367.96000000000004,159.72000000000003,1,1,1.0
39,3,1159.0,683.3,147.4000000000001,319.20000000000005,1,1,1.0
39,4,558.6,751.8,331.9,204.80000000000007,1,1,1.0
39,5,307.1,630.4,300.4,138.10000000000002,1,1,1.0
39,6,1546.7,853.6,421.70000000000005,225.39999999999998,1,1,1.0
39,7,311.8,435.9,178.39999999999998,165.10000000000002,1,1,1.0
39,8,619.7,528.5,395.5,171.26,1,1,1.0
39,9,1283.2,532.7,227.20000000000005,246.29999999999995,1,1,1.0
40,1,651.7,308.0,225.69999999999993,155.2,1,1,1.0
40,2,1004.3,459.9,344.4000000000001,164.30000000000007,1,1,1.0
40,3,1159.0,696.0,145.5999999999999,329.0999999999999,1,1,1.0
40,4,558.6,751.8,347.29999999999995,212.0,1,1,1.0
40,5,315.4,563.3,292.1,198.4000000000001,1,1,1.0
40,6,1552.1,855.1,426.8000000000002,223.89999999999998,1,1,1.0
40,7,311.8,440.9,185.89999999999998,160.10000000000002,1,1,1.0
40,8,619.7,528.5,387.19999999999993,171.26,1,1,1.0
40,9,1283.2,532.7,227.20000000000005,262.5999999999999,1,1,1.0
41,1,668.0,308.0,209.39999999999998,155.2,1,1,1.0
41,2,1004.3,470.7,360.70000000000005,161.59999999999997,1,1,1.0
41,3,1159.0,696.0,148.29999999999995,312.79999999999995,1,1,1.0
41,4,548.7,751.8,372.5999999999999,212.0,1,1,1.0
41,5,329.0,594.2,275.5,158.5,1,1,1.0
41,6,1553.2,867.9,449.0999999999999,211.10000000000002,1,1,1.0
41,7,307.4,440.9,190.3,160.10000000000002,1,1,1.0
41,8,626.5,524.7,321.6,175.05999999999995,1,1,1.0
41,9,1286.5,471.9,202.20000000000005,333.20000000000005,1,1,1.0
42,1,668.0,314.3,209.39999999999998,153.3,1,1,1.0
42,2,1027.81,483.36,413.19000000000005,147.14,1,1,1.0
42,3,1159.0,696.0,151.0,298.29999999999995,1,1,1.0
42,4,548.7,751.8,378.0,180.4000000000001,1,1,1.0
42,5,329.0,594.2,275.5,158.5,1,1,1.0
42,6,1553.2,867.9,411.39999999999986,211.10000000000002,1,1,1.0
42,7,307.4,440.9,190.3,160.10000000000002,1,1,1.0
42,8,626.5,524.7,317.79999999999995,175.05999999999995,1,1,1.0
42,9,1319.1,461.0,180.5,313.70000000000005,1,1,1.0
43,1,628.4,340.7,321.20000000000005,147.0,1,1,1.0
43,2,1219.5,468.89,352.6099999999999,147.14,1,1,1.0
43,3,1159.0,692.4,151.0,301.9,1,1,1.0
43,4,548.7,751.8,359.9,180.4000000000001,1,1,1.0
43,5,329.0,593.4,310.20000000000005,159.30000000000007,1,1,1.0
43,6,1553.2,867.9,384.29999999999995,211.10000000000002,1,1,1.0
43,7,313.1,435.9,182.7,170.80000000000007,1,1,1.0
43,8,619.0,528.5,344.1,171.26,1,1,1.0
43,9,1336.46,594.46,256.44000000000005,219.33999999999992,1,1,1.0
44,1,684.3,347.6,318.05000000000007,172.75,1,1,1.0
44,2,1261.1,393.8,307.4000000000001,205.09999999999997,1,1,1.0
44,3,1159.0,678.8,151.0,315.5,1,1,1.0
44,4,548.7,751.8,370.79999999999995,186.70000000000005,1,1,1.0
44,5,329.0,602.4,319.20000000000005,150.30000000000007,1,1,1.0
44,6,1558.5,838.5,411.4000000000001,255.5999999999999,1,1,1.0
44,7,303.7,431.5,190.8,180.89999999999998,1,1,1.0
44,8,619.0,528.5,359.20000000000005,171.26,1,1,1.0
44,9,1280.0,631.36,286.8599999999999,245.34000000000003,1,1,1.0
45,1,827.47,397.84,325.6299999999999,151.36000000000007,1,1,1.0
45,2,1272.0,401.0,314.5999999999999,191.60000000000002,1,1,1.0
45,3,1132.8,674.3,177.20000000000005,320.0,1,1,1.0
45,4,548.7,751.8,411.5,184.9000000000001,1,1,1.0
45,5,323.0,578.3,284.5,174.4000000000001,1,1,1.0
45,6,1627.0,811.4,333.9000000000001,275.19999999999993,1,1,1.0
45,7,316.3,415.8,172.5,216.7,1,1,1.0
45,8,619.0,528.5,322.29999999999995,210.39999999999998,1,1,1.0
45,9,1175.83,519.59,243.47000000000003,282.2099999999999,1,1,1.0
46,1,850.07,351.37,309.33000000000004,197.83000000000004,1,1,1.0
46,2,1272.0,424.5,321.79999999999995,168.10000000000002,1,1,1.0
46,3,1169.0,661.6,153.70000000000005,324.6,1,1,1.0
46,4,548.7,751.8,362.69999999999993,178.60000000000002,1,1,1.0
46,5,323.0,557.2,286.0,195.5,1,1,1.0
46,6,1750.6,638.4,263.0500000000002,327.6,1,1,1.0
46,7,316.3,408.3,171.89999999999998,230.49999999999994,1,1,1.0
46,8,619.0,528.5,330.6,186.29999999999995,1,1,1.0
46,9,1163.9,518.51,254.29999999999995,245.28999999999996,1,1,1.0
47,1,874.6,376.5,296.1,172.70000000000005,1,1,1.0
47,2,1272.0,446.2,309.0999999999999,146.40000000000003,1,1,1.0
47,3,1131.02,637.19,309.18000000000006,184.40999999999997,1,1,1.0
47,4,548.7,751.8,330.0999999999999,178.60000000000002,1,1,1.0
47,5,447.3,452.46,322.2,172.94,1,1,1.0
47,6,1791.3,641.9,214.79999999999995,335.4,1,1,1.0
47,7,317.56,410.8,172.54000000000002,217.99999999999994,1,1,1.0
47,8,629.5,522.5,382.6,192.29999999999995,1,1,1.0
47,9,1144.37,485.96,269.5300000000002,226.83999999999997,1,1,1.0
48,1,874.6,376.5,268.4999999999999,168.89999999999998,1,1,1.0
48,2,1313.6,474.2,277.45000000000005,188.93,1,1,1.0
48,3,1086.71,494.32,243.19000000000005,320.08,1,1,1.0
48,4,548.7,762.7,330.0999999999999,167.69999999999993,1,1,1.0
48,5,605.54,394.44,322.20000000000005,152.56,1,1,1.0
48,6,1791.3,629.8,214.79999999999995,360.30000000000007,1,1,1.0
48,7,306.9,410.8,183.20000000000005,204.2,1,1,1.0
48,8,617.4,539.1,423.30000000000007,167.39999999999998,1,1,1.0
48,9,1153.0,490.3,262.0,240.90000000000003,1,1,1.0
49,1,874.6,386.5,306.19999999999993,160.20000000000005,1,1,1.0
49,2,1377.8,523.9,215.05999999999995,264.01,1,1,1.0
49,3,1051.45,387.6,179.8499999999999,368.92999999999995,1,1,1.0
49,4,548.7,768.1,372.5999999999999,153.29999999999995,1,1,1.0
49,5,626.6,408.0,341.79999999999995,143.5,1,1,1.0
49,6,1765.7,533.35,223.06999999999994,419.04999999999995,1,1,1.0
49,7,305.0,410.8,185.10000000000002,233.09999999999997,1,1,1.0
49,8,611.4,542.11,414.23000000000013,167.39999999999998,1,1,1.0
49,9,1164.9,484.9,225.0999999999999,264.70000000000005,1,1,1.0
50,1,669.34,337.67,334.26,169.22999999999996,1,1,1.0
50,2,1435.61,609.84,429.09000000000015,420.2599999999999,1,1,1.0
50,3,619.38,272.1,400.12,110.69999999999999,1,1,1.0
50,4,507.11,638.8,231.49,322.4000000000001,1,1,1.0
50,5,586.66,408.0,280.74,157.05999999999995,1,1,1.0
50,6,1785.23,401.4,237.3699999999999,338.4,1,1,1.0
50,7,269.8,419.6,203.3,223.69999999999993,1,1,1.0
50,8,593.3,549.6,311.80000000000007,148.60000000000002,1,1,1.0
50,9,887.56,476.5,303.74,194.20000000000005,1,1,1.0
51,1,654.0,368.4,342.4,141.20000000000005,1,1,1.0
51,2,1449.9,702.3,427.5999999999999,208.0,1,1,1.0
51,3,441.33,324.8,220.77000000000004,246.29000000000002,1,1,1.0
51,4,463.7,642.41,211.59999999999997,317.89,1,1,1.0
51,5,582.1,426.84,282.28999999999996,157.06,1,1,1.0
51,6,1676.72,330.57,385.78,196.03000000000003,1,1,1.0
51,7,291.8,412.7,187.59999999999997,230.59999999999997,1,1,1.0
51,8,602.3,566.2,296.0,162.0999999999999,1,1,1.0
51,9,857.72,469.3,297.3799999999999,177.89000000000004,1,1,1.0
52,1,731.8,340.37,359.53999999999996,151.13,1,1,1.0
52,2,1449.9,702.3,418.39999999999986,188.10000000000002,1,1,1.0
52,3,405.16,350.4,194.44,305.84000000000003,1,1,1.0
52,4,463.7,649.6,211.59999999999997,310.69999999999993,1,1,1.0
52,5,607.0,437.4,266.4,149.51,1,1,1.0
52,6,1691.0,330.57,354.20000000000005,193.03000000000003,1,1,1.0
52,7,301.8,407.7,173.8,229.90000000000003,1,1,1.0
52,8,602.3,576.7,296.0,151.5999999999999,1,1,1.0
52,9,859.5,469.3,295.5999999999999,178.8,1,1,1.0
53,1,967.8,348.51,299.0,229.78999999999996,1,1,1.0
53,2,1439.0,702.3,420.29999999999995,188.10000000000002,1,1,1.0
53,3,348.65,420.5,194.44000000000005,322.39,1,1,1.0
53,4,463.7,649.6,211.59999999999997,310.69999999999993,1,1,1.0
53,5,607.0,430.6,272.4,166.10000000000002,1,1,1.0
53,6,1716.6,328.3,306.9000000000001,195.3,1,1,1.0
53,7,305.6,405.8,164.29999999999995,221.09999999999997,1,1,1.0
53,8,602.3,576.7,296.0,151.5999999999999,1,1,1.0
53,9,850.5,476.5,304.5999999999999,171.60000000000002,1,1,1.0
54,1,1013.9,344.0,276.4,252.39999999999998,1,1,1.0
54,2,1446.1,701.3,398.70000000000005,228.10000000000002,1,1,1.0
54,3,361.5,425.8,181.59000000000003,355.49999999999994,1,1,1.0
54,4,463.7,649.6,211.59999999999997,310.69999999999993,1,1,1.0
54,5,614.5,430.6,264.9,166.10000000000002,1,1,1.0
54,6,1716.6,328.3,306.0,195.3,1,1,1.0
54,7,305.6,405.8,164.29999999999995,226.8,1,1,1.0
54,8,602.3,576.7,288.5,165.89999999999998,1,1,1.0
54,9,847.7,476.5,307.39999999999986,177.0,1,1,1.0
55,1,1102.51,411.82,261.8900000000001,189.97999999999996,1,1,1.0
55,2,1447.0,705.0,384.20000000000005,237.10000000000002,1,1,1.0
55,3,350.2,425.8,182.3,344.90000000000003,1,1,1.0
55,4,443.8,654.1,231.49999999999994,306.19999999999993,1,1,1.0
55,5,623.6,430.6,255.79999999999995,166.10000000000002,1,1,1.0
55,6,1716.6,328.3,306.0,195.3,1,1,1.0
55,7,305.6,405.8,164.29999999999995,244.40000000000003,1,1,1.0
55,8,602.3,576.7,288.5,165.89999999999998,1,1,1.0
55,9,847.7,476.5,300.20000000000005,177.0,1,1,1.0
56,1,1069.06,414.53,271.84000000000015,218.87,1,1,1.0
56,2,1439.0,706.7,421.29999999999995,182.79999999999995,1,1,1.0
56,3,350.2,425.8,182.3,344.90000000000003,1,1,1.0
56,4,469.1,622.5,206.19999999999993,337.79999999999995,1,1,1.0
56,5,635.7,430.6,255.79999999999995,158.60000000000002,1,1,1.0
56,6,1716.6,328.3,306.0,195.3,1,1,1.0
56,7,305.6,405.8,164.29999999999995,231.2,1,1,1.0
56,8,592.5,576.7,305.1,176.39999999999998,1,1,1.0
56,9,841.42,475.6,288.4,177.0,1,1,1.0
57,1,1069.06,414.53,275.44000000000005,221.57000000000005,1,1,1.0
57,2,1446.2,710.4,450.0999999999999,179.10000000000002,1,1,1.0
57,3,350.2,425.8,182.3,344.90000000000003,1,1,1.0
57,4,479.05,495.91,160.05,410.09,1,1,1.0
57,5,635.7,430.6,260.29999999999995,154.10000000000002,1,1,1.0
57,6,1716.6,328.3,306.0,195.3,1,1,1.0
57,7,305.6,404.5,168.09999999999997,225.60000000000002,1,1,1.0
57,8,607.57,592.52,320.92999999999995,226.88,1,1,1.0
57,9,839.61,462.9,288.4,189.70000000000005,1,1,1.0
58,1,1069.06,414.53,277.24,230.57000000000005,1,1,1.0
58,2,1454.2,710.4,386.89999999999986,183.60000000000002,1,1,1.0
58,3,341.2,425.8,178.59999999999997,344.90000000000003,1,1,1.0
58,4,504.4,400.06,136.5,402.84,1,1,1.0
58,5,635.7,424.6,260.29999999999995,160.10000000000002,1,1,1.0
58,6,1701.5,332.1,321.0999999999999,199.79999999999995,1,1,1.0
58,7,305.6,404.5,168.09999999999997,215.60000000000002,1,1,1.0
58,8,607.6,601.6,284.0,210.29999999999995,1,1,1.0
58,9,839.61,466.5,279.39,186.10000000000002,1,1,1.0
59,1,1069.06,414.53,309.84000000000015,234.17000000000007,1,1,1.0
59,2,1453.3,710.4,387.79999999999995,183.60000000000002,1,1,1.0
59,3,316.8,425.8,211.09999999999997,324.09999999999997,1,1,1.0
59,4,504.4,391.0,144.60000000000002,368.5,1,1,1.0
59,5,635.7,424.6,260.29999999999995,160.10000000000002,1,1,1.0
59,6,1714.3,309.5,308.29999999999995,222.39999999999998,1,1,1.0
59,7,305.6,404.5,168.09999999999997,221.29999999999995,1,1,1.0
59,8,607.6,601.6,280.19999999999993,245.0,1,1,1.0
59,9,839.61,471.9,279.39,184.30000000000007,1,1,1.0
60,1,1126.0,415.4,244.76,265.85,1,1,1.0
60,2,1446.2,705.0,390.39999999999986,183.70000000000005,1,1,1.0
60,3,337.6,425.8,190.29999999999995,301.49999999999994,1,1,1.0
60,4,504.4,376.5,144.60000000000002,383.0,1,1,1.0
60,5,635.7,424.6,260.29999999999995,160.10000000000002,1,1,1.0
60,6,1714.3,309.5,311.29999999999995,212.60000000000002,1,1,1.0
60,7,305.6,404.5,173.09999999999997,233.89999999999998,1,1,1.0
60,8,607.6,601.6,280.19999999999993,204.29999999999995,1,1,1.0
60,9,840.5,471.0,311.0999999999999,185.20000000000005,1,1,1.0
61,1,1235.4,457.0,145.30999999999995,305.63,1,1,1.0
61,2,1456.1,705.0,380.5,185.39999999999998,1,1,1.0
61,3,334.89,547.87,190.30000000000007,198.42999999999995,1,1,1.0
61,4,504.4,370.2,150.89999999999998,389.3,1,1,1.0
61,5,635.7,424.6,260.29999999999995,154.79999999999995,1,1,1.0
61,6,1714.3,317.8,302.29999999999995,245.7,1,1,1.0
61,7,305.6,404.5,173.09999999999997,233.89999999999998,1,1,1.0
61,8,604.59,602.4,290.69999999999993,192.20000000000005,1,1,1.0
61,9,807.0,471.0,344.5999999999999,185.20000000000005,1,1,1.0
62,1,1235.4,457.0,145.30999999999995,305.63,1,1,1.0
62,2,1456.1,705.0,380.5,189.0,1,1,1.0
62,3,334.89,547.87,190.30000000000007,198.42999999999995,1,1,1.0
62,4,463.7,351.2,191.59999999999997,325.09999999999997,1,1,1.0
62,5,635.7,424.6,248.19999999999993,154.79999999999995,1,1,1.0
62,6,1719.72,320.2,290.98,333.8,1,1,1.0
62,7,305.6,404.5,173.09999999999997,233.89999999999998,1,1,1.0
62,8,604.59,602.4,290.69999999999993,180.10000000000002,1,1,1.0
62,9,807.0,471.0,352.70000000000005,185.20000000000005,1,1,1.0
63,1,1235.4,457.0,145.30999999999995,305.63,1,1,1.0
63,2,1456.1,705.0,380.5,189.0,1,1,1.0
63,3,325.8,538.8,199.39000000000004,207.5,1,1,1.0
63,4,434.77,339.45,229.52999999999997,306.15000000000003,1,1,1.0
63,5,635.7,418.6,251.19999999999993,160.79999999999995,1,1,1.0
63,6,1706.9,320.2,317.39999999999986,294.40000000000003,1,1,1.0
63,7,305.6,410.2,175.59999999999997,220.7,1,1,1.0
63,8,599.3,602.4,295.99,180.10000000000002,1,1,1.0
63,9,819.7,471.0,340.0,179.79999999999995,1,1,1.0
64,1,1235.4,457.0,145.30999999999995,335.5,1,1,1.0
64,2,1456.1,705.0,380.5,189.0,1,1,1.0
64,3,325.8,529.8,199.39000000000004,220.10000000000002,1,1,1.0
64,4,388.65,322.27,254.85000000000002,172.33000000000004,1,1,1.0
64,5,650.0,415.6,236.89999999999998,163.79999999999995,1,1,1.0
64,6,1706.9,320.2,337.6999999999998,268.8,1,1,1.0
64,7,301.2,411.5,169.3,255.20000000000005,1,1,1.0
64,8,599.3,602.4,295.99,175.60000000000002,1,1,1.0
64,9,771.8,471.0,391.5,179.79999999999995,1,1,1.0
65,1,1235.4,457.0,145.30999999999995,366.20000000000005,1,1,1.0
65,2,1448.0,697.8,400.4000000000001,205.30000000000007,1,1,1.0
65,3,334.8,490.9,190.39000000000004,304.20000000000005,1,1,1.0
65,4,368.76,315.03,257.53999999999996,135.27000000000004,1,1,1.0
65,5,650.0,415.6,243.70000000000005,163.79999999999995,1,1,1.0
65,6,1706.9,312.7,337.6999999999998,294.40000000000003,1,1,1.0
65,7,270.4,417.2,193.20000000000005,211.8,1,1,1.0
65,8,663.35,542.12,201.75,330.08000000000004,1,1,1.0
65,9,771.8,478.2,351.70000000000005,172.59999999999997,1,1,1.0
66,1,1235.4,457.0,145.30999999999995,343.6,1,1,1.0
66,2,1448.0,690.4,385.9000000000001,237.20000000000005,1,1,1.0
66,3,292.3,537.0,235.59999999999997,243.60000000000002,1,1,1.0
66,4,368.76,320.5,262.03999999999996,129.8,1,1,1.0
66,5,650.0,415.6,243.70000000000005,160.79999999999995,1,1,1.0
66,6,1700.9,320.2,343.6999999999998,242.40000000000003,1,1,1.0
66,7,188.8,428.5,267.9,203.0,1,1,1.0
66,8,557.01,700.5,266.89,232.46000000000004,1,1,1.0
66,9,788.98,450.2,345.4200000000001,195.17000000000002,1,1,1.0
67,1,1235.4,457.0,145.30999999999995,326.4,1,1,1.0
67,2,1448.0,693.2,376.9000000000001,180.89999999999998,1,1,1.0
67,3,233.53,570.5,262.77,228.17999999999995,1,1,1.0
67,4,329.0,332.3,250.29999999999995,139.7,1,1,0.0
67,5,650.0,415.6,243.70000000000005,160.79999999999995,1,1,1.0
67,6,1700.9,332.3,343.6999999999998,203.2,1,1,1.0
67,7,185.0,428.5,271.7,205.5,1,1,1.0
67,8,506.01,745.0,301.59000000000003,193.39,1,1,1.0
67,9,763.7,455.63,339.96000000000004,253.97000000000003,1,1,1.0
68,1,1235.4,457.0,145.30999999999995,314.6,1,1,1.0
68,2,1448.0,701.3,357.0,172.80000000000007,1,1,1.0
68,3,213.63,594.9,221.17000000000002,203.77999999999997,1,1,1.0
68,4,285.6,337.73,283.79999999999995,139.7,1,1,0.0
68,5,650.0,415.6,261.0,160.79999999999995,1,1,1.0
68,6,1706.1,332.3,333.20000000000005,223.49999999999994,1,1,1.0
68,7,180.6,428.5,276.1,205.5,1,1,1.0
68,8,475.3,755.9,344.09999999999997,168.0,1,1,1.0
68,9,733.86,496.3,301.93999999999994,248.57,1,1,1.0
69,1,1235.4,452.5,145.30999999999995,319.1,1,1,1.0
69,2,1448.0,701.3,367.9000000000001,172.80000000000007,1,1,1.0
69,3,214.54,612.1,215.76000000000002,192.90999999999997,1,1,1.0
69,4,320.0,337.73,249.39999999999998,139.7,1,1,0.0
69,5,650.0,415.6,267.79999999999995,160.79999999999995,1,1,1.0
69,6,1667.7,323.3,366.29999999999995,254.40000000000003,1,1,1.0
69,7,192.5,428.5,264.2,206.10000000000002,1,1,1.0
69,8,392.11,746.86,344.1,168.0,1,1,1.0
69,9,724.8,505.34,298.34000000000003,279.36000000000007,1,1,1.0
70,1,1239.02,442.55,145.29999999999995,360.65000000000003,1,1,1.0
70,2,1448.0,701.3,394.0999999999999,172.80000000000007,1,1,1.0
70,3,141.3,599.4,270.0,205.61,1,1,1.0
70,4,320.0,337.73,249.39999999999998,139.7,1,1,0.0
70,5,666.6,415.6,215.79999999999995,151.0,1,1,1.0
70,6,1712.2,323.3,313.5,212.99999999999994,1,1,1.0
70,7,225.2,431.0,237.8,243.79999999999995,1,1,1.0
70,8,348.71,716.11,373.89000000000004,184.28999999999996,1,1,1.0
70,9,716.5,513.9,222.10000000000002,276.4,1,1,1.0
71,1,1239.02,442.55,145.29999999999995,351.65000000000003,1,1,1.0
71,2,1441.7,696.8,413.0999999999999,181.80000000000007,1,1,1.0
71,3,141.3,599.4,270.0,205.61,1,1,1.0
71,4,289.3,337.73,280.09999999999997,139.7,1,1,0.0
71,5,666.6,415.6,223.29999999999995,151.0,1,1,1.0
71,6,1688.8,323.3,358.79999999999995,230.3,1,1,1.0
71,7,238.4,434.1,225.9,293.4,1,1,1.0
71,8,348.71,716.11,373.89000000000004,184.28999999999996,1,1,1.0
71,9,708.49,555.07,183.61,327.2299999999999,1,1,1.0
72,1,1239.02,442.55,145.29999999999995,351.65000000000003,1,1,1.0
72,2,1441.7,682.3,392.29999999999995,196.30000000000007,1,1,1.0
72,3,149.4,582.2,261.9,222.80999999999995,1,1,1.0
72,4,289.3,337.73,280.09999999999997,139.7,1,1,0.0
72,5,666.6,415.6,223.29999999999995,151.0,1,1,1.0
72,6,1671.5,309.0,392.6999999999998,211.39999999999998,1,1,1.0
72,7,208.3,434.1,256.0,224.29999999999995,1,1,1.0
72,8,391.2,698.0,295.2,228.60000000000002,1,1,1.0
72,9,709.39,589.4,160.11,312.7900000000001,1,1,1.0
73,1,1239.02,442.55,173.3800000000001,348.05,1,1,1.0
73,2,1441.7,704.9,433.89999999999986,173.70000000000005,1,1,1.0
73,3,193.7,565.0,212.2,270.79999999999995,1,1,1.0
73,4,289.3,337.73,280.09999999999997,139.7,1,1,0.0
73,5,666.6,415.6,219.5,151.0,1,1,1.0
73,6,1658.69,339.14,418.30999999999995,211.39999999999998,1,1,1.0
73,7,215.8,451.7,227.09999999999997,229.3,1,1,1.0
73,8,421.9,670.0,235.60000000000002,277.4,1,1,1.0
73,9,698.5,619.2,184.60000000000002,293.79999999999995,1,1,1.0
74,1,1239.02,442.55,199.57999999999993,312.74999999999994,1,1,1.0
74,2,1441.7,704.9,417.5999999999999,173.70000000000005,1,1,1.0
74,3,259.71,599.4,155.19,303.31000000000006,1,1,1.0
74,4,289.3,337.73,275.59999999999997,139.7,1,1,0.0
74,5,666.6,415.6,219.5,151.0,1,1,1.0
74,6,1670.7,339.14,406.29999999999995,211.39999999999998,1,1,1.0
74,7,215.8,462.4,218.3,218.60000000000002,1,1,1.0
74,8,421.9,695.3,235.60000000000002,252.10000000000002,1,1,1.0
74,9,698.5,619.2,218.10000000000002,351.69999999999993,1,1,1.0
75,1,1239.02,442.55,168.8800000000001,328.15000000000003,1,1,1.0
75,2,1441.7,704.9,434.79999999999995,166.5,1,1,1.0
75,3,193.7,645.51,298.06,205.69000000000005,1,1,1.0
75,5,666.6,415.6,219.5,151.0,1,1,1.0
75,6,1668.4,359.5,398.0,191.03999999999996,1,1,1.0
75,7,237.8,451.7,195.0,228.00000000000006,1,1,1.0
75,8,426.4,695.3,241.0,252.10000000000002,1,1,1.0
75,9,690.4,619.2,206.30000000000007,330.9,1,1,1.0
75,4,289.3,341.3,275.59999999999997,136.13,1,1,0.0
76,1,1239.02,442.55,157.98000000000002,342.65000000000003,1,1,1.0
76,2,1441.7,704.9,418.5,189.10000000000002,1,1,1.0
76,3,268.7,461.05,281.83,245.45,1,1,1.0
76,4,289.3,341.3,275.59999999999997,136.13,1,1,1.0
76,5,666.6,415.6,219.5,151.0,1,1,1.0
76,6,1655.59,361.8,398.0000000000002,213.60999999999996,1,1,1.0
76,7,219.6,460.5,183.70000000000002,242.39999999999998,1,1,1.0
76,8,413.7,703.4,266.40000000000003,237.70000000000005,1,1,1.0
76,9,669.6,631.9,310.29999999999995,334.5,1,1,1.0
77,1,1239.02,442.55,157.98000000000002,358.95,1,1,1.0
77,2,1452.6,704.9,421.10000000000014,228.89999999999998,1,1,1.0
77,3,344.7,373.34,258.28000000000003,255.36000000000007,1,1,1.0
77,4,289.3,341.3,275.59999999999997,136.13,1,1,1.0
77,5,666.6,403.5,219.5,172.10000000000002,1,1,1.0
77,6,1603.6,368.6,347.5,283.66999999999996,1,1,1.0
77,7,229.6,473.7,127.9,271.3,1,1,1.0
77,8,429.1,681.7,251.0,259.4,1,1,1.0
77,9,669.6,631.9,249.69999999999993,282.1,1,1,1.0
78,1,1239.02,442.55,157.98000000000002,358.95,1,1,1.0
78,2,1452.6,704.9,385.8000000000002,241.60000000000002,1,1,1.0
78,3,381.8,370.63,300.74999999999994,251.76999999999998,1,1,1.0
78,4,289.3,341.3,275.59999999999997,136.13,1,1,1.0
78,5,666.6,403.5,219.5,168.29999999999995,1,1,1.0
78,6,1617.2,368.6,333.89999999999986,288.19999999999993,1,1,1.0
78,7,229.6,473.7,127.9,271.3,1,1,1.0
78,8,383.0,694.4,297.1,246.70000000000005,1,1,1.0
78,9,621.7,595.73,359.99,191.66999999999996,1,1,1.0
79,1,1239.02,442.55,157.98000000000002,358.95,1,1,1.0
79,2,1452.6,704.9,385.8000000000002,219.89999999999998,1,1,1.0
79,3,465.0,350.74,223.88,252.65999999999997,1,1,1.0
79,4,284.8,341.3,271.09999999999997,145.2,1,1,1.0
79,5,661.3,403.5,224.80000000000007,168.29999999999995,1,1,1.0
79,6,1604.4,368.6,346.6999999999998,259.6,1,1,1.0
79,7,229.6,473.7,127.9,273.2,1,1,1.0
79,8,353.16,669.08,297.09999999999997,246.69999999999993,1,1,1.0
79,9,900.2,478.18,321.1099999999999,191.67000000000002,1,1,1.0
80,1,1239.02,442.55,157.98000000000002,320.05,1,1,1.0
80,2,1452.6,704.9,382.20000000000005,219.89999999999998,1,1,1.0
80,3,459.6,331.7,229.27999999999997,283.50000000000006,1,1,1.0
80,4,284.8,341.3,271.09999999999997,145.2,1,1,1.0
80,5,661.3,413.3,242.9000000000001,158.49999999999994,1,1,1.0
80,6,1556.2,392.7,403.20000000000005,222.7,1,1,1.0
80,7,229.6,473.7,127.9,266.3,1,1,1.0
80,8,300.71,635.62,286.29,268.38,1,1,1.0
80,9,900.2,478.18,321.1099999999999,191.67000000000002,1,1,1.0
81,1,1239.02,442.55,157.98000000000002,320.05,1,1,1.0
81,2,1463.5,704.9,371.29999999999995,219.89999999999998,1,1,1.0
81,3,485.8,339.9,203.07999999999998,302.4,1,1,1.0
81,4,284.8,341.3,271.09999999999997,145.2,1,1,1.0
81,5,661.3,387.7,275.30000000000007,184.09999999999997,1,1,1.0
81,6,1568.26,413.04,370.8399999999999,231.75999999999993,1,1,1.0
81,7,229.6,473.7,132.29999999999998,266.3,1,1,1.0
81,8,305.1,640.6,256.79999999999995,266.5,1,1,1.0
81,9,973.44,478.18,281.3599999999999,293.82,1,1,1.0
82,1,1239.02,442.55,157.98000000000002,320.05,1,1,1.0
82,2,1463.5,704.9,371.29999999999995,219.89999999999998,1,1,1.0
82,3,395.38,300.11,251.91999999999996,328.59000000000003,1,1,1.0
82,4,284.8,341.3,201.5,145.2,1,1,0.0
82,5,661.3,411.1,285.80000000000007,160.69999999999993,1,1,1.0
82,6,1572.02,358.04,354.98,290.56,1,1,1.0
82,7,234.6,473.7,127.29999999999998,277.59999999999997,1,1,1.0
82,8,330.8,628.0,231.09999999999997,279.1,1,1,1.0
82,9,1004.2,478.18,248.79999999999995,329.11999999999995,1,1,1.0
83,1,1239.02,442.55,157.98000000000002,320.05,1,1,1.0
83,2,1463.5,704.9,371.29999999999995,234.39999999999998,1,1,1.0
83,3,411.65,282.03,240.14999999999998,281.57000000000005,1,1,1.0
83,4,284.8,332.3,201.5,154.2,1,1,0.0
83,5,653.8,411.1,293.30000000000007,160.69999999999993,1,1,1.0
83,6,1584.09,272.85,226.11000000000013,408.94999999999993,1,1,1.0
83,7,234.6,473.7,127.29999999999998,288.90000000000003,1,1,1.0
83,8,340.2,613.6,205.40000000000003,290.4,1,1,1.0
83,9,1009.6,466.4,255.19999999999993,333.70000000000005,1,1,1.0
84,1,1239.02,442.55,157.98000000000002,320.05,1,1,1.0
84,2,1463.5,704.9,388.5,190.10000000000002,1,1,1.0
84,3,381.81,272.08,250.98999999999995,235.42000000000002,1,1,1.0
84,4,278.5,332.3,206.0,154.2,1,1,0.0
84,5,653.8,411.1,251.9000000000001,160.69999999999993,1,1,1.0
84,6,1585.1,260.19,210.30000000000018,349.41,1,1,1.0
84,7,234.6,473.7,127.29999999999998,319.00000000000006,1,1,1.0
84,8,349.6,560.2,196.0,343.79999999999995,1,1,1.0
84,9,984.3,483.6,272.4000000000001,228.79999999999995,1,1,1.0
85,1,1239.02,442.55,151.68000000000006,334.55,1,1,1.0
85,2,1463.5,704.9,370.4000000000001,220.80000000000007,1,1,1.0
85,3,357.4,257.6,274.5,190.2,1,1,1.0
85,4,231.48,384.7,238.52,118.07999999999998,1,1,0.0
85,5,653.8,411.1,251.9000000000001,160.69999999999993,1,1,1.0
85,6,1585.1,294.1,254.80000000000018,321.5,1,1,1.0
85,7,234.6,473.7,139.9,309.59999999999997,1,1,1.0
85,8,382.15,441.75,160.75,417.95000000000005,1,1,1.0
85,9,978.9,483.6,277.80000000000007,260.4,1,1,1.0
86,1,1239.02,442.55,151.68000000000006,349.05,1,1,1.0
86,2,1463.5,704.9,426.5,231.70000000000005,1,1,1.0
86,3,392.7,279.3,247.3,156.7,1,1,1.0
86,4,231.48,384.7,200.52,127.10000000000002,1,1,0.0
86,5,653.8,413.4,251.9000000000001,158.39999999999998,1,1,1.0
86,6,1581.3,300.1,264.60000000000014,301.9,1,1,1.0
86,7,230.8,485.0,182.59999999999997,287.6,1,1,1.0
86,8,387.58,341.38,160.75000000000006,390.82000000000005,1,1,1.0
86,9,978.9,483.6,286.80000000000007,270.29999999999995,1,1,1.0
87,1,1239.02,442.55,151.68000000000006,341.84999999999997,1,1,1.0
87,2,1463.5,704.9,378.5999999999999,261.5,1,1,1.0
87,3,364.7,278.4,266.3,132.3,1,1,1.0
87,4,254.1,427.2,169.76000000000002,99.07,1,1,0.0
87,5,653.8,353.7,243.80000000000007,380.90000000000003,1,1,1.0
87,6,1581.3,289.6,260.10000000000014,312.4,1,1,1.0
87,7,293.6,629.4,261.7099999999999,209.76,1,1,1.0
87,8,387.58,341.38,184.21999999999997,368.22,1,1,1.0
87,9,958.1,502.6,323.9,220.60000000000002,1,1,1.0
88,1,1256.2,479.6,201.39999999999986,304.79999999999995,1,1,1.0
88,2,1463.5,704.9,367.70000000000005,270.5,1,1,1.0
88,3,364.7,278.4,266.3,132.3,1,1,1.0
88,4,234.21,437.15,145.29,99.06000000000006,1,1,0.0
88,5,666.5,442.3,184.08000000000004,343.84,1,1,1.0
88,6,1581.3,260.2,239.79999999999995,358.40000000000003,1,1,1.0
88,7,298.0,664.6,285.6,180.19999999999993,1,1,1.0
88,8,376.7,364.9,210.2,334.80000000000007,1,1,1.0
88,9,958.1,512.5,344.69999999999993,222.5,1,1,1.0
89,1,1257.1,538.4,230.30000000000018,276.70000000000005,1,1,1.0
89,2,1482.5,685.9,332.4000000000001,339.19999999999993,1,1,1.0
89,3,364.7,278.4,266.3,132.3,1,1,1.0
89,4,234.21,436.2,143.48999999999998,100.01000000000005,1,1,0.0
89,5,668.3,534.5,261.85,301.37,1,1,1.0
89,6,1590.9,260.2,222.69999999999982,379.50000000000006,1,1,1.0
89,7,331.9,726.8,259.86,148.1400000000001,1,1,1.0
89,8,370.4,372.1,217.10000000000002,318.6,1,1,1.0
89,9,950.9,518.8,346.5000000000001,225.20000000000005,1,1,1.0
90,1,1263.4,545.6,231.19999999999982,269.5,1,1,1.0
90,2,1498.8,670.5,329.70000000000005,296.79999999999995,1,1,1.0
90,3,362.0,260.3,262.70000000000005,161.3,1,1,1.0
90,4,234.21,427.2,147.09,109.01000000000005,1,1,0.0
90,5,644.8,594.2,308.9000000000001,222.69999999999993,1,1,1.0
90,6,1581.3,236.7,218.70000000000005,415.8,1,1,1.0
90,7,331.9,726.8,254.80000000000007,168.20000000000005,1,1,1.0
90,8,370.4,385.7,214.60000000000002,305.00000000000006,1,1,1.0
90,9,950.9,526.0,346.5000000000001,218.0,1,1,1.0
91,1,1271.5,545.6,234.9000000000001,269.5,1,1,1.0
91,2,1482.5,686.8,364.0999999999999,225.30000000000007,1,1,1.0
91,3,362.0,267.5,250.89999999999998,154.10000000000002,1,1,1.0
91,4,234.21,448.0,110.89000000000001,98.20000000000005,1,1,0.0
91,5,644.8,594.2,303.5,218.19999999999993,1,1,1.0
91,6,1536.1,252.7,257.10000000000014,389.3,1,1,1.0
91,7,331.9,726.8,254.80000000000007,168.20000000000005,1,1,1.0
91,8,370.4,343.2,212.70000000000005,347.50000000000006,1,1,1.0
91,9,950.9,526.0,342.9,218.0,1,1,1.0
92,1,1271.5,545.6,223.0999999999999,259.5,1,1,1.0
92,2,1464.4,704.9,358.6999999999998,198.20000000000005,1,1,1.0
92,3,362.0,267.5,249.10000000000002,149.60000000000002,1,1,1.0
92,4,234.21,448.0,110.89000000000001,98.20000000000005,1,1,0.0
92,5,644.8,594.2,318.0,213.69999999999993,1,1,1.0
92,6,1564.7,274.6,228.5,367.4,1,1,1.0
92,7,331.9,721.8,291.80000000000007,151.9000000000001,1,1,1.0
92,8,370.4,381.2,214.0,309.50000000000006,1,1,1.0
92,9,950.9,526.0,329.30000000000007,191.79999999999995,1,1,1.0
93,1,1291.4,558.3,208.5999999999999,246.80000000000007,1,1,1.0
93,2,1458.1,709.4,368.60000000000014,188.30000000000007,1,1,1.0
93,3,362.0,267.5,255.39999999999998,141.5,1,1,1.0
93,4,234.21,439.9,118.98999999999998,106.30000000000007,1,1,0.0
93,5,644.8,594.2,295.4000000000001,213.69999999999993,1,1,1.0
93,6,1579.8,291.2,213.4000000000001,350.8,1,1,1.0
93,7,417.9,738.8,330.13,168.81000000000006,1,1,1.0
93,8,370.4,354.1,212.30000000000007,336.6,1,1,1.0
93,9,950.9,513.3,329.30000000000007,204.5,1,1,1.0
94,1,1297.7,551.1,202.29999999999995,254.0,1,1,1.0
94,2,1458.1,718.4,392.10000000000014,179.30000000000007,1,1,1.0
94,3,362.0,267.5,255.39999999999998,141.5,1,1,1.0
94,4,234.21,439.9,127.09,106.30000000000007,1,1,0.0
94,5,644.8,594.2,295.4000000000001,213.69999999999993,1,1,1.0
94,6,1577.5,291.2,215.70000000000005,350.8,1,1,1.0
94,7,461.2,755.1,352.14000000000004,158.78999999999996,1,1,1.0
94,8,370.4,354.1,210.39999999999998,336.6,1,1,1.0
94,9,973.5,484.4,289.5,225.30000000000007,1,1,1.0
95,1,1297.7,551.1,202.29999999999995,254.0,1,1,1.0
95,2,1458.1,704.8,382.20000000000005,192.9000000000001,1,1,1.0
95,3,362.0,267.5,260.79999999999995,146.0,1,1,1.0
95,4,234.21,439.9,127.09,106.30000000000007,1,1,0.0
95,5,644.8,594.2,300.80000000000007,233.5999999999999,1,1,1.0
95,6,1532.3,310.8,262.4000000000001,297.99999999999994,1,1,1.0
95,7,537.8,777.7,343.35,155.02999999999997,1,1,1.0
95,8,378.9,332.45,201.89999999999998,358.25000000000006,1,1,1.0
95,9,989.8,475.4,273.20000000000005,234.30000000000007,1,1,1.0
96,1,1297.7,551.1,222.20000000000005,254.0,1,1,1.0
96,2,1454.5,650.5,374.9000000000001,240.89999999999998,1,1,1.0
96,3,353.9,259.4,275.20000000000005,152.3,1,1,1.0
96,4,241.4,439.9,119.9,124.39999999999998,1,1,0.0
96,5,644.8,594.2,286.30000000000007,234.5,1,1,1.0
96,6,1564.7,306.3,230.0,298.90000000000003,1,1,1.0
96,7,577.4,782.7,361.5,143.0999999999999,1,1,1.0
96,8,387.4,310.8,193.39999999999998,379.90000000000003,1,1,1.0
96,9,1002.5,466.4,260.5,252.30000000000007,1,1,1.0
97,1,1297.7,551.1,222.20000000000005,254.0,1,1,1.0
97,2,1454.5,684.0,381.20000000000005,207.39999999999998,1,1,1.0
97,3,391.8,267.5,243.59999999999997,146.0,1,1,1.0
97,4,246.8,439.9,114.5,124.39999999999998,1,1,0.0
97,5,644.8,594.2,251.0,217.29999999999995,1,1,1.0
97,6,1584.3,270.9,200.60000000000014,350.70000000000005,1,1,1.0
97,7,577.4,782.7,305.6,143.0999999999999,1,1,1.0
97,8,387.4,336.8,193.39999999999998,353.90000000000003,1,1,1.0
97,9,1002.5,466.4,252.4000000000001,246.89999999999998,1,1,1.0
98,1,1297.7,551.1,222.20000000000005,254.0,1,1,1.0
98,2,1463.4,703.0,376.79999999999995,183.0,1,1,1.0
98,3,381.9,267.5,253.5,146.0,1,1,1.0
98,4,246.8,430.0,124.39999999999998,134.29999999999995,1,1,0.0
98,5,644.8,594.2,288.1,218.19999999999993,1,1,1.0
98,6,1584.3,245.3,208.10000000000014,384.59999999999997,1,1,1.0
98,7,584.3,782.7,289.9000000000001,156.89999999999998,1,1,1.0
98,8,387.4,349.5,193.39999999999998,341.20000000000005,1,1,1.0
98,9,988.9,486.3,290.4,226.99999999999994,1,1,1.0
99,1,1292.3,571.9,235.74,233.20000000000005,1,1,1.0
99,2,1462.5,703.0,379.5,183.0,1,1,1.0
99,3,392.7,267.5,242.7,146.0,1,1,1.0
99,4,246.8,430.0,124.39999999999998,138.79999999999995,1,1,0.0
99,5,644.8,594.2,294.4000000000001,218.19999999999993,1,1,1.0
99,6,1584.3,252.8,202.10000000000014,392.90000000000003,1,1,1.0
99,7,584.3,782.7,333.20000000000005,143.0999999999999,1,1,1.0
99,8,387.4,362.2,193.39999999999998,328.50000000000006,1,1,1.0
99,9,968.1,494.4,322.1,211.70000000000005,1,1,1.0
100,1,1292.3,571.9,225.79999999999995,233.20000000000005,1,1,1.0
100,2,1454.5,704.8,413.70000000000005,181.20000000000005,1,1,1.0
100,3,392.7,267.5,242.7,146.0,1,1,1.0
100,4,246.8,430.0,124.39999999999998,138.79999999999995,1,1,0.0
100,5,644.8,594.2,314.30000000000007,212.79999999999995,1,1,1.0
100,6,1584.3,243.8,202.10000000000014,396.59999999999997,1,1,1.0
100,7,584.3,782.7,365.9000000000001,143.0999999999999,1,1,1.0
100,8,387.4,368.6,193.39999999999998,322.1,1,1,1.0
100,9,1005.17,430.2,247.92999999999995,273.2,1,1,1.0
101,1,1292.3,571.9,233.0,233.20000000000005,1,1,1.0
101,2,1454.5,702.1,403.79999999999995,177.60000000000002,1,1,1.0
101,3,385.5,267.5,249.89999999999998,146.0,1,1,1.0
101,4,246.8,430.0,124.39999999999998,138.79999999999995,1,1,0.0
101,5,644.8,594.2,307.1,212.79999999999995,1,1,1.0
101,6,1584.3,254.3,202.10000000000014,386.09999999999997,1,1,1.0
101,7,584.3,782.7,365.9000000000001,143.0999999999999,1,1,1.0
101,8,387.4,355.0,193.39999999999998,323.9,1,1,1.0
101,9,944.59,351.5,218.11,303.98,1,1,1.0
102,1,1292.3,571.9,247.5,233.20000000000005,1,1,1.0
102,2,1454.5,702.1,403.79999999999995,177.60000000000002,1,1,1.0
102,3,390.0,267.5,245.39999999999998,146.0,1,1,1.0
102,4,246.8,430.0,124.39999999999998,138.79999999999995,1,1,0.0
102,5,644.8,594.2,299.9000000000001,212.79999999999995,1,1,1.0
102,6,1526.3,294.2,277.4000000000001,332.59999999999997,1,1,1.0
102,7,584.3,782.7,354.6,143.0999999999999,1,1,1.0
102,8,387.4,372.2,193.39999999999998,306.7,1,1,1.0
102,9,905.71,375.0,220.78999999999996,356.42999999999995,1,1,1.0
103,1,1292.3,571.9,227.60000000000014,233.20000000000005,1,1,1.0
103,2,1448.2,708.4,442.70000000000005,180.30000000000007,1,1,1.0
103,3,390.0,267.5,245.39999999999998,146.0,1,1,1.0
103,4,246.8,430.0,124.39999999999998,138.79999999999995,1,1,0.0
103,5,644.8,594.2,307.1,212.79999999999995,1,1,1.0
103,6,1534.6,291.2,336.20000000000005,267.00000000000006,1,1,1.0
103,7,584.3,782.7,327.6,139.29999999999995,1,1,1.0
103,8,387.4,325.2,193.39999999999998,353.7,1,1,1.0
103,9,905.71,375.0,220.78999999999996,356.42999999999995,1,1,1.0
104,1,1292.3,571.9,242.10000000000014,233.20000000000005,1,1,1.0
104,2,1448.2,708.4,442.70000000000005,180.30000000000007,1,1,1.0
104,3,383.7,267.5,252.59999999999997,152.3,1,1,1.0
104,4,246.8,430.0,124.39999999999998,138.79999999999995,1,1,0.0
104,5,644.8,594.2,299.9000000000001,212.79999999999995,1,1,1.0
104,6,1550.4,329.6,381.39999999999986,218.10000000000002,1,1,1.0
104,7,584.3,782.7,355.9000000000001,139.29999999999995,1,1,1.0
104,8,387.4,374.0,193.39999999999998,304.9,1,1,1.0
104,9,905.71,386.8,209.88999999999987,344.62999999999994,1,1,1.0
105,1,1292.3,571.9,229.4000000000001,233.20000000000005,1,1,1.0
105,2,1448.2,708.4,405.5999999999999,186.60000000000002,1,1,1.0
105,3,383.7,267.5,252.59999999999997,152.3,1,1,1.0
105,4,246.8,430.0,124.39999999999998,138.79999999999995,1,1,0.0
105,5,644.8,594.2,308.9000000000001,204.69999999999993,1,1,1.0
105,6,1563.2,307.7,385.20000000000005,202.3,1,1,1.0
105,7,584.3,782.7,345.20000000000005,139.29999999999995,1,1,1.0
105,8,387.4,342.4,193.39999999999998,336.5,1,1,1.0
105,9,902.1,383.2,224.39999999999998,341.00000000000006,1,1,1.0
106,1,1283.3,565.6,214.0,251.29999999999995,1,1,1.0
106,2,1448.2,668.6,380.29999999999995,226.39999999999998,1,1,1.0
106,3,383.7,267.5,252.59999999999997,152.3,1,1,1.0
106,4,246.8,430.0,124.39999999999998,138.79999999999995,1,1,0.0
106,5,644.8,594.2,324.30000000000007,204.69999999999993,1,1,1.0
106,6,1573.0,270.8,343.79999999999995,261.8,1,1,1.0
106,7,584.3,782.7,354.6,139.29999999999995,1,1,1.0
106,8,391.0,338.8,189.79999999999995,340.09999999999997,1,1,1.0
106,9,911.1,383.2,215.39999999999998,341.00000000000006,1,1,1.0
107,1,1285.1,573.7,236.60000000000014,226.0,1,1,1.0
107,2,1448.2,668.6,380.29999999999995,226.39999999999998,1,1,1.0
107,3,383.7,267.5,258.90000000000003,147.8,1,1,1.0
107,4,246.8,430.0,124.39999999999998,138.79999999999995,1,1,0.0
107,5,640.3,594.2,328.80000000000007,204.69999999999993,1,1,1.0
107,6,1580.5,270.8,343.0999999999999,281.40000000000003,1,1,1.0
107,7,584.3,772.7,352.70000000000005,149.29999999999995,1,1,1.0
107,8,391.0,338.8,189.79999999999995,340.09999999999997,1,1,1.0
107,9,911.1,383.2,215.39999999999998,328.3,1,1,1.0
108,1,1285.1,573.7,259.20000000000005,227.79999999999995,1,1,1.0
108,2,1448.2,698.4,380.29999999999995,196.60000000000002,1,1,1.0
108,3,386.4,267.5,256.20000000000005,147.8,1,1,1.0
108,4,246.8,430.0,116.30000000000001,138.79999999999995,1,1,0.0
108,5,632.2,601.4,353.19999999999993,190.30000000000007,1,1,1.0
108,6,1517.2,281.33,406.39999999999986,209.87,1,1,1.0
108,7,584.3,767.0,354.0,155.0,1,1,1.0
108,8,391.0,373.2,189.79999999999995,305.7,1,1,1.0
108,9,920.1,383.2,206.39999999999998,328.3,1,1,1.0
109,1,1286.9,563.8,293.5999999999999,228.70000000000005,1,1,1.0
109,2,1448.2,703.8,380.29999999999995,191.20000000000005,1,1,1.0
109,3,386.4,267.5,256.20000000000005,147.8,1,1,1.0
109,4,246.8,430.0,116.30000000000001,138.79999999999995,1,1,0.0
109,5,632.2,601.4,353.19999999999993,190.30000000000007,1,1,1.0
109,6,1554.9,281.33,368.6999999999998,270.17,1,1,1.0
109,7,584.3,770.1,356.5,151.89999999999998,1,1,1.0
109,8,391.0,379.5,189.79999999999995,299.4,1,1,1.0
109,9,920.1,392.2,209.9999999999999,319.3,1,1,1.0
110,1,1352.0,641.56,246.57999999999993,145.54000000000008,1,1,1.0
110,2,1456.3,703.8,383.10000000000014,191.20000000000005,1,1,1.0
110,3,386.4,267.5,256.20000000000005,147.8,1,1,1.0
110,4,246.8,445.4,116.30000000000001,123.39999999999998,1,1,0.0
110,5,632.2,601.4,353.19999999999993,190.30000000000007,1,1,1.0
110,6,1545.9,279.8,332.5,306.40000000000003,1,1,1.0
110,7,584.3,776.4,349.0,145.60000000000002,1,1,1.0
110,8,391.0,328.0,189.79999999999995,350.9,1,1,1.0
110,9,920.1,392.2,209.9999999999999,319.3,1,1,1.0
111,1,1379.1,641.56,219.48000000000002,145.54000000000008,1,1,0.0
111,2,1456.3,698.4,380.4000000000001,212.0,1,1,1.0
111,3,386.4,267.5,259.80000000000007,158.7,1,1,1.0
111,4,246.8,445.4,116.30000000000001,123.39999999999998,1,1,0.0
111,5,632.2,601.4,342.29999999999995,190.30000000000007,1,1,1.0
111,6,1463.77,412.4,391.23,235.59000000000003,1,1,1.0
111,7,584.3,785.8,358.4000000000001,136.20000000000005,1,1,1.0
111,8,391.0,336.1,189.79999999999995,342.79999999999995,1,1,1.0
111,9,920.1,392.2,209.9999999999999,324.7,1,1,1.0
112,1,1446.0,641.56,152.57999999999993,132.84000000000003,1,1,0.0
112,2,1499.7,677.6,335.20000000000005,301.5,1,1,1.0
112,3,386.4,267.5,266.1,145.10000000000002,1,1,1.0
112,4,246.8,430.0,116.30000000000001,138.79999999999995,1,1,0.0
112,5,634.0,589.6,340.5,202.10000000000002,1,1,1.0
112,6,930.22,323.41,322.48,192.19,1,1,1.0
112,7,593.1,785.8,284.29999999999995,138.70000000000005,1,1,1.0
112,8,391.0,365.0,189.79999999999995,313.9,1,1,1.0
112,9,890.3,425.7,193.70000000000005,246.00000000000006,1,1,1.0
113,1,1446.0,641.56,152.57999999999993,138.24,1,1,0.0
113,2,1586.5,549.2,207.70000000000005,414.79999999999995,1,1,1.0
113,3,386.4,276.5,263.4,137.89999999999998,1,1,1.0
113,4,246.8,430.0,116.30000000000001,138.79999999999995,1,1,0.0
113,5,634.0,589.6,329.6,202.10000000000002,1,1,1.0
113,6,713.2,281.8,226.5999999999999,312.46999999999997,1,1,1.0
113,7,603.1,785.8,264.9,143.70000000000005,1,1,1.0
113,8,391.0,348.7,189.79999999999995,330.2,1,1,1.0
113,9,871.3,364.2,184.70000000000005,307.50000000000006,1,1,1.0
114,1,1446.0,641.56,152.57999999999993,138.24,1,1,0.0
114,2,1586.5,549.2,207.70000000000005,419.9,1,1,1.0
114,3,386.4,276.5,263.4,137.89999999999998,1,1,1.0
114,4,246.8,430.0,116.30000000000001,138.79999999999995,1,1,0.0
114,5,642.1,589.6,321.5,202.10000000000002,1,1,1.0
114,6,738.52,289.0,146.98000000000002,355.9,1,1,1.0
114,7,603.1,785.8,273.04999999999995,143.70000000000005,1,1,1.0
114,8,386.48,356.8,189.79999999999995,318.47999999999996,1,1,1.0
114,9,877.6,364.2,178.39999999999998,307.50000000000006,1,1,1.0
115,1,1446.0,641.56,152.57999999999993,138.24,1,1,0.0
115,2,1578.4,563.7,228.5,369.19999999999993,1,1,1.0
115,3,386.4,276.5,263.4,137.89999999999998,1,1,1.0
115,4,246.8,430.0,116.30000000000001,138.79999999999995,1,1,0.0
115,5,642.1,580.6,321.5,216.5,1,1,1.0
115,6,731.3,377.6,228.35000000000002,352.29999999999995,1,1,1.0
115,7,603.1,785.8,281.19999999999993,143.70000000000005,1,1,1.0
115,8,376.5,376.7,199.77999999999997,296.8,1,1,1.0
115,9,888.5,357.9,174.70000000000005,313.80000000000007,1,1,1.0
116,1,1578.9,641.56,19.679999999999836,138.24,1,1,0.0
116,2,1561.2,540.2,229.39999999999986,402.5999999999999,1,1,1.0
116,3,386.4,276.5,263.4,137.89999999999998,1,1,1.0
116,4,246.8,430.0,116.30000000000001,138.79999999999995,1,1,0.0
116,5,642.1,580.6,251.0,223.69999999999993,1,1,1.0
116,6,724.1,374.0,193.0,312.5,1,1,1.0
116,7,603.1,785.8,262.4,143.70000000000005,1,1,1.0
116,8,370.2,376.7,206.07999999999998,293.2,1,1,1.0
116,9,1049.45,412.15,327.54999999999995,225.14999999999998,1,1,1.0
117,1,1578.9,641.56,19.679999999999836,138.24,1,1,0.0
117,2,1561.2,513.1,222.20000000000005,393.5,1,1,1.0
117,3,386.4,276.5,263.4,137.89999999999998,1,1,1.0
117,4,246.8,430.0,116.30000000000001,138.79999999999995,1,1,0.0
117,5,646.6,586.9,237.5,221.89999999999998,1,1,1.0
117,6,724.1,374.0,187.0,302.70000000000005,1,1,1.0
117,7,603.1,785.8,264.9,143.70000000000005,1,1,1.0
117,8,363.0,382.1,213.27999999999997,281.5,1,1,1.0
117,9,1048.55,495.34,374.54999999999995,159.16000000000003,1,1,1.0
118,1,1578.9,641.56,19.679999999999836,138.24,1,1,0.0
118,2,1561.2,513.1,222.79999999999995,399.23,1,1,1.0
118,3,386.4,276.5,274.30000000000007,135.2,1,1,1.0
118,4,246.8,430.0,116.30000000000001,138.79999999999995,1,1,0.0
118,5,646.6,586.9,237.5,226.39999999999998,1,1,1.0
118,6,742.9,374.0,168.20000000000005,302.70000000000005,1,1,1.0
118,7,603.1,785.8,264.9,143.70000000000005,1,1,1.0
118,8,363.0,386.6,213.27999999999997,277.0,1,1,1.0
118,9,1048.55,495.34,374.54999999999995,159.16000000000003,1,1,1.0
119,1,1578.9,641.56,19.679999999999836,138.24,1,1,0.0
119,2,1561.2,513.1,223.39999999999986,404.97,1,1,1.0
119,3,386.4,276.5,274.30000000000007,135.2,1,1,1.0
119,4,246.8,430.0,116.30000000000001,138.79999999999995,1,1,0.0
119,5,646.6,586.9,237.5,226.39999999999998,1,1,1.0
119,6,731.6,374.0,214.19999999999993,338.9,1,1,1.0
119,7,603.1,785.8,264.9,143.70000000000005,1,1,1.0
119,8,360.29,387.5,213.28000000000003,277.01,1,1,1.0
119,9,1048.55,495.34,374.54999999999995,159.16000000000003,1,1,1.0
120,1,1578.9,641.56,19.679999999999836,138.24,1,1,0.0
120,2,1561.2,513.1,224.0,410.69999999999993,1,1,1.0
120,3,386.4,291.0,274.30000000000007,120.69999999999999,1,1,1.0
120,4,246.8,430.0,116.30000000000001,138.79999999999995,1,1,0.0
120,5,646.6,586.9,237.5,232.70000000000005,1,1,1.0
120,6,731.6,374.0,208.19999999999993,376.6,1,1,1.0
120,7,613.8,755.0,258.0,192.70000000000005,1,1,1.0
120,8,360.29,387.5,213.28000000000003,277.01,1,1,1.0
120,9,1048.55,495.34,374.54999999999995,159.16000000000003,1,1,1.0
