1,1,541.0,335.6,167.20000000000005,307.4,1,1,1.0
1,2,723.1,285.9,260.0,161.20000000000005,1,1,1.0
1,3,811.4,476.1,150.5,305.6,1,1,1.0
1,4,1513.1,183.7,171.20000000000005,263.2,1,1,1.0
1,5,1394.6,346.0,218.10000000000014,216.20000000000005,1,1,1.0
1,6,1488.7,537.2,194.89999999999986,285.79999999999995,1,1,1.0
1,7,1375.7,635.9,203.0999999999999,220.89999999999998,1,1,1.0
2,1,552.7,336.4,155.5,310.80000000000007,1,1,1.0
2,2,722.3,284.4,260.80000000000007,162.70000000000005,1,1,1.0
2,3,811.4,472.3,150.5,308.59999999999997,1,1,1.0
2,4,1515.9,187.2,168.39999999999986,257.6,1,1,1.0
2,5,1390.4,347.4,218.79999999999995,216.20000000000005,1,1,1.0
2,6,1494.7,531.9,188.89999999999986,294.80000000000007,1,1,1.0
2,7,1377.4,641.4,200.69999999999982,217.89999999999998,1,1,1.0
2,8,1667.8,241.0,15.200000000000045,36.19999999999999,1,1,0.0
3,1,535.2,337.2,179.69999999999993,315.00000000000006,1,1,1.0
3,2,722.3,284.4,260.80000000000007,162.70000000000005,1,1,1.0
3,3,810.6,469.3,151.29999999999995,313.90000000000003,1,1,1.0
3,4,1508.6,249.0,175.0,191.0,1,1,1.0
3,5,1384.2,353.6,229.89999999999986,207.19999999999993,1,1,1.0
3,6,1513.5,561.2,170.0999999999999,279.0999999999999,1,1,1.0
3,7,1362.9,639.7,208.79999999999995,190.69999999999993,1,1,1.0
3,8,1672.1,251.8,11.25,17.599999999999966,1,1,0.0
4,1,504.4,358.0,266.30000000000007,288.4,1,1,1.0
4,2,722.3,284.4,260.80000000000007,162.70000000000005,1,1,1.0
4,3,812.1,477.6,149.79999999999995,315.4,1,1,1.0
4,4,1516.6,249.0,167.5,189.60000000000002,1,1,1.0
4,5,1328.0,320.3,263.20000000000005,179.39999999999998,1,1,1.0
4,6,1472.8,611.7,210.0,265.5,1,1,1.0
4,7,1350.2,632.22,238.79999999999995,170.98000000000002,1,1,1.0
4,8,1673.73,253.03,9.639999999999873,14.640000000000015,1,1,0.0
5,1,453.6,414.7,315.4,177.50000000000006,1,1,1.0
5,2,721.5,274.6,260.79999999999995,174.0,1,1,1.0
5,3,813.6,476.85,150.60000000000002,319.19999999999993,1,1,1.0
5,4,1515.2,250.4,169.79999999999995,187.49999999999997,1,1,1.0
5,5,1315.5,312.7,268.0999999999999,184.2,1,1,1.0
5,6,1467.5,688.6,216.0999999999999,185.60000000000002,1,1,1.0
5,7,1310.9,619.5,237.5999999999999,169.79999999999995,1,1,1.0
5,8,1675.37,254.27,8.010000000000218,11.659999999999997,1,1,0.0
6,1,437.8,416.4,332.09999999999997,148.30000000000007,1,1,1.0
6,2,720.7,279.9,262.4,167.20000000000005,1,1,1.0
6,3,824.8,444.4,143.9000000000001,370.5,1,1,1.0
6,4,1515.2,251.1,169.79999999999995,182.6,1,1,1.0
6,5,1314.1,307.1,270.20000000000005,191.2,1,1,1.0
6,6,1467.5,690.1,216.0999999999999,184.10000000000002,1,1,1.0
6,7,1327.1,594.6,298.9000000000001,139.69999999999993,1,1,1.0
6,8,1677.0,255.5,6.400000000000091,8.699999999999989,1,1,0.0
7,1,346.1,413.1,335.5,136.60000000000002,1,1,1.0
7,2,722.2,285.2,261.69999999999993,161.90000000000003,1,1,1.0
7,3,829.3,454.9,145.4000000000001,364.5,1,1,1.0
7,4,1504.1,285.4,180.9000000000001,151.10000000000002,1,1,1.0
7,5,1309.9,318.9,274.29999999999995,178.70000000000005,1,1,1.0
7,6,1538.3,679.6,145.29999999999995,203.60000000000002,1,1,1.0
7,7,1319.0,589.4,321.5,125.80000000000007,1,1,1.0
7,8,1653.1,242.2,30.700000000000045,34.0,1,1,0.0
8,1,283.6,433.9,350.5,130.80000000000007,1,1,1.0
8,2,723.0,282.9,259.4,161.90000000000003,1,1,1.0
8,3,816.5,480.5,160.5,340.4,1,1,1.0
8,4,1518.7,302.6,165.39999999999986,238.79999999999995,1,1,1.0
8,5,1248.7,309.9,279.29999999999995,168.3,1,1,1.0
8,6,1521.7,685.6,160.39999999999986,199.89999999999998,1,1,1.0
8,7,1308.0,575.5,365.5,143.20000000000005,1,1,1.0
8,8,1651.9,242.7,32.299999999999955,37.900000000000034,1,1,0.0
9,1,329.4,436.4,289.70000000000005,130.80000000000007,1,1,1.0
9,2,720.7,285.9,260.9,162.70000000000005,1,1,1.0
9,3,697.4,471.4,264.5,317.9,1,1,1.0
9,4,1459.0,304.6,226.0,269.4,1,1,1.0
9,5,1214.7,316.1,275.79999999999995,148.2,1,1,1.0
9,6,1514.9,696.1,167.19999999999982,195.39999999999998,1,1,1.0
9,7,1311.5,574.3,334.79999999999995,146.70000000000005,1,1,1.0
9,8,1662.7,253.4,21.899999999999864,30.900000000000006,1,1,0.0
10,1,388.6,431.4,223.0,145.0,1,1,1.0
10,2,720.7,285.9,261.69999999999993,162.70000000000005,1,1,1.0
10,3,617.6,533.1,337.5,135.60000000000002,1,1,1.0
10,4,1474.3,306.0,210.70000000000005,271.5,1,1,1.0
10,5,1220.3,307.8,273.0,158.59999999999997,1,1,1.0
10,6,1518.7,702.9,163.39999999999986,187.80000000000007,1,1,1.0
10,7,1316.1,574.9,321.5,154.20000000000005,1,1,1.0
10,8,1659.7,241.4,25.299999999999955,39.400000000000006,1,1,0.0
11,1,394.4,430.6,210.5,140.0,1,1,1.0
11,2,721.5,285.1,260.9,161.2,1,1,1.0
11,3,441.3,606.9,350.99999999999994,134.20000000000005,1,1,1.0
11,4,1510.4,289.3,174.5999999999999,299.3,1,1,1.0
11,5,1191.1,297.4,266.10000000000014,153.0,1,1,1.0
11,6,1467.5,719.5,213.0999999999999,153.89999999999998,1,1,1.0
11,7,1316.1,575.5,338.9000000000001,147.79999999999995,1,1,1.0
11,8,1648.88,278.06,32.919999999999845,29.04000000000002,1,1,0.0
12,1,357.7,428.1,246.40000000000003,137.5,1,1,1.0
12,2,721.5,285.1,260.9,161.2,1,1,1.0
12,3,453.4,610.7,344.9,128.0999999999999,1,1,1.0
12,4,1511.8,290.7,173.9000000000001,295.09999999999997,1,1,1.0
12,5,1166.1,288.4,265.4000000000001,153.70000000000005,1,1,1.0
12,6,1439.6,720.2,239.5,150.19999999999993,1,1,1.0
12,7,1318.4,579.6,347.0,154.10000000000002,1,1,1.0
12,8,1622.7,261.8,59.72000000000003,35.099999999999966,1,1,0.0
13,1,346.0,443.1,259.79999999999995,119.19999999999993,1,1,1.0
13,2,721.5,285.1,260.9,161.2,1,1,1.0
13,3,500.9,602.4,301.9,137.20000000000005,1,1,1.0
13,4,1435.4,382.4,250.29999999999995,201.30000000000007,1,1,1.0
13,5,1116.7,179.0,295.70000000000005,344.4,1,1,1.0
13,6,1373.3,677.2,304.29999999999995,197.0,1,1,1.0
13,7,1316.1,582.5,362.0,147.10000000000002,1,1,1.0
13,8,1644.1,253.7,38.950000000000045,31.5,1,1,0.0
14,1,298.5,443.1,314.79999999999995,122.5,1,1,1.0
14,2,716.2,285.9,282.79999999999995,162.70000000000005,1,1,1.0
14,3,521.3,589.6,286.0,165.10000000000002,1,1,1.0
14,4,1439.6,431.0,246.10000000000014,149.89999999999998,1,1,1.0
14,5,1013.4,331.4,280.6,164.10000000000002,1,1,1.0
14,6,1427.6,672.7,250.0,179.5999999999999,1,1,1.0
14,7,1320.7,577.3,360.29999999999995,148.20000000000005,1,1,1.0
14,8,1661.3,257.3,22.38000000000011,32.30000000000001,1,1,0.0
15,1,257.7,436.1,361.40000000000003,130.29999999999995,1,1,1.0
15,2,717.0,284.4,279.0,169.40000000000003,1,1,1.0
15,3,630.6,494.7,154.79999999999995,315.00000000000006,1,1,1.0
15,4,1341.0,413.6,325.29999999999995,152.0,1,1,1.0
15,5,989.1,334.2,288.19999999999993,162.7,1,1,1.0
15,6,1414.8,658.4,262.79999999999995,184.89999999999998,1,1,1.0
15,7,1321.3,573.2,344.70000000000005,146.5,1,1,1.0
15,8,1649.95,257.7,33.33999999999992,47.35000000000002,1,1,0.0
16,1,254.4,439.0,352.20000000000005,122.39999999999998,1,1,1.0
16,2,720.8,282.1,259.4000000000001,164.89999999999998,1,1,1.0
16,3,646.4,451.7,139.80000000000007,339.2,1,1,1.0
16,4,1302.81,391.4,298.8900000000001,147.80000000000007,1,1,1.0
16,5,833.5,391.14,305.6199999999999,218.15999999999997,1,1,1.0
16,6,1332.7,598.9,298.89999999999986,190.10000000000002,1,1,1.0
16,7,1428.9,551.8,255.0,125.10000000000002,1,1,1.0
16,8,1638.6,258.1,44.30000000000018,62.39999999999998,1,1,0.0
17,1,250.2,434.1,359.7,129.0,1,1,1.0
17,2,722.3,285.1,256.4000000000001,161.89999999999998,1,1,1.0
17,3,648.7,444.2,148.19999999999993,345.90000000000003,1,1,1.0
17,4,1293.1,384.5,289.9000000000001,145.70000000000005,1,1,1.0
17,5,785.6,384.9,283.80000000000007,239.70000000000005,1,1,1.0
17,6,1249.8,530.3,311.0,204.4000000000001,1,1,1.0
17,7,1448.0,543.1,236.5,136.10000000000002,1,1,1.0
17,8,1628.1,286.6,55.61000000000013,88.09999999999997,1,1,0.0
18,1,249.4,435.6,361.30000000000007,125.79999999999995,1,1,1.0
18,2,711.8,256.7,262.6,184.3,1,1,1.0
18,3,652.47,407.5,134.42999999999995,387.9,1,1,1.0
18,4,1277.1,367.8,303.8000000000002,149.90000000000003,1,1,1.0
18,5,792.6,461.3,310.4,172.99999999999994,1,1,1.0
18,6,1169.2,477.6,335.0999999999999,208.89999999999998,1,1,1.0
18,7,1432.4,546.0,252.69999999999982,130.29999999999995,1,1,1.0
18,8,1643.4,285.2,39.899999999999864,80.47000000000003,1,1,0.0
19,1,256.9,435.6,353.0,125.79999999999995,1,1,1.0
19,2,714.8,242.9,263.9000000000001,201.9,1,1,1.0
19,3,652.5,440.4,132.89999999999998,352.0,1,1,1.0
19,4,1281.3,351.8,299.60000000000014,164.49999999999994,1,1,1.0
19,5,807.9,462.0,301.30000000000007,170.89999999999998,1,1,1.0
19,6,1129.3,430.1,329.79999999999995,209.69999999999993,1,1,1.0
19,7,1470.6,550.1,214.5,125.0,1,1,1.0
19,8,1649.3,284.2,34.100000000000136,82.90000000000003,1,1,0.0
20,1,280.2,435.6,332.2,125.79999999999995,1,1,1.0
20,2,721.6,242.9,256.4,210.9,1,1,1.0
20,3,651.7,446.4,133.69999999999993,344.5,1,1,1.0
20,4,1281.3,353.9,301.0,161.0,1,1,1.0
20,5,811.4,462.0,293.6,168.79999999999995,1,1,1.0
20,6,1114.2,418.8,330.5999999999999,214.99999999999994,1,1,1.0
20,7,1492.6,543.2,192.5,130.69999999999993,1,1,1.0
20,8,1620.9,264.5,63.549999999999955,97.10000000000002,1,1,0.0
21,1,276.9,433.9,334.70000000000005,127.5,1,1,1.0
21,2,723.1,248.9,254.10000000000002,204.9,1,1,1.0
21,3,638.1,463.0,152.60000000000002,326.4,1,1,1.0
21,4,1283.4,358.8,301.6999999999998,153.3,1,1,1.0
21,5,814.2,464.1,290.79999999999995,163.89999999999998,1,1,1.0
21,6,1143.6,329.9,265.0,281.30000000000007,1,1,1.0
21,7,1493.2,543.2,191.89999999999986,130.0999999999999,1,1,1.0
21,8,1622.2,260.0,61.899999999999864,119.10000000000002,1,1,0.0
22,1,317.7,434.7,292.2,144.2,1,1,1.0
22,2,723.9,253.4,254.0,199.6,1,1,1.0
22,3,621.5,462.3,170.0,331.59999999999997,1,1,1.0
22,4,1293.1,357.4,293.4000000000001,155.39999999999998,1,1,1.0
22,5,813.5,462.7,291.5,167.40000000000003,1,1,1.0
22,6,1102.2,277.2,191.89999999999986,297.8,1,1,1.0
22,7,1477.6,544.4,207.5,130.60000000000002,1,1,1.0
22,8,1674.4,333.1,10.990000000000009,45.5,1,1,0.0
23,1,327.7,433.9,283.00000000000006,145.0,1,1,1.0
23,2,727.7,255.7,250.19999999999993,195.8,1,1,1.0
23,3,576.3,472.8,213.70000000000005,312.8,1,1,1.0
23,4,1293.8,367.1,291.29999999999995,147.10000000000002,1,1,1.0
23,5,814.2,464.1,290.79999999999995,166.69999999999993,1,1,1.0
23,6,1118.8,261.4,136.9000000000001,308.30000000000007,1,1,1.0
23,7,1481.7,527.6,203.39999999999986,145.10000000000002,1,1,1.0
23,8,1657.0,336.3,29.670000000000073,52.599999999999966,1,1,0.0
24,1,338.5,424.7,241.39999999999998,231.7,1,1,1.0
24,2,727.7,259.5,249.19999999999993,193.5,1,1,1.0
24,3,520.3,464.5,268.20000000000005,266.79999999999995,1,1,1.0
24,4,1295.2,369.89,291.29999999999995,145.0,1,1,1.0
24,5,814.2,464.1,290.79999999999995,167.39999999999998,1,1,1.0
24,6,1128.6,230.5,134.60000000000014,326.4,1,1,1.0
24,7,1478.8,526.4,206.29999999999995,148.0,1,1,1.0
24,8,1679.2,357.0,6.399999999999864,18.5,1,1,0.0
25,1,335.9,473.9,152.40000000000003,320.9,1,1,1.0
25,2,727.7,253.5,245.5999999999999,205.5,1,1,1.0
25,3,452.0,461.5,335.0,227.60000000000002,1,1,1.0
25,4,1286.9,367.1,298.1999999999998,180.39999999999998,1,1,1.0
25,5,814.2,462.7,291.5,170.90000000000003,1,1,1.0
25,6,1134.6,235.8,129.4000000000001,321.09999999999997,1,1,1.0
25,7,1475.3,525.2,210.4000000000001,149.19999999999993,1,1,1.0
25,8,1675.0,355.38,10.049999999999955,19.170000000000016,1,1,0.0
26,1,317.5,483.9,176.3,359.20000000000005,1,1,1.0
26,2,727.7,248.2,245.5999999999999,205.5,1,1,1.0
26,3,459.5,474.3,331.29999999999995,210.99999999999994,1,1,1.0
26,4,1255.7,383.1,323.79999999999995,165.79999999999995,1,1,1.0
26,5,817.0,461.3,286.5999999999999,181.99999999999994,1,1,1.0
26,6,1126.3,237.3,151.29999999999995,312.8,1,1,1.0
26,7,1479.4,526.4,206.89999999999986,146.80000000000007,1,1,1.0
26,8,1670.8,353.75,13.700000000000045,19.850000000000023,1,1,0.0
27,1,279.8,491.4,214.5,309.6,1,1,1.0
27,2,727.7,253.5,245.5999999999999,200.2,1,1,1.0
27,3,494.9,478.1,305.70000000000005,223.0,1,1,1.0
27,4,1254.3,383.8,309.20000000000005,226.90000000000003,1,1,1.0
27,5,821.2,461.3,283.0999999999999,181.99999999999994,1,1,1.0
27,6,1118.8,244.0,168.60000000000014,304.6,1,1,1.0
27,7,1543.1,510.2,143.20000000000005,145.59999999999997,1,1,0.0
27,8,1666.6,352.12,17.350000000000136,20.529999999999973,1,1,0.0
28,1,258.3,495.6,233.2,287.5,1,1,1.0
28,2,721.7,255.0,253.89999999999998,201.0,1,1,1.0
28,3,551.4,399.0,238.70000000000005,296.1,1,1,1.0
28,4,1266.1,344.9,274.5,285.9,1,1,1.0
28,5,817.7,462.0,286.5999999999999,175.10000000000002,1,1,1.0
28,6,1118.8,268.8,249.20000000000005,255.7,1,1,1.0
28,7,1575.1,510.2,109.20000000000005,197.59999999999997,1,1,0.0
28,8,1662.4,350.5,21.0,21.19999999999999,1,1,0.0
29,1,265.0,497.3,222.0,282.49999999999994,1,1,1.0
29,2,713.4,268.6,289.30000000000007,190.39999999999998,1,1,1.0
29,3,592.1,334.2,140.69999999999993,356.40000000000003,1,1,1.0
29,4,1232.8,340.0,280.0,272.70000000000005,1,1,1.0
29,5,794.1,460.6,311.6,179.29999999999995,1,1,1.0
29,6,1151.2,252.2,247.0,183.40000000000003,1,1,1.0
29,7,1597.6,501.9,86.70000000000005,215.89999999999998,1,1,0.0
29,8,1639.9,308.8,44.69999999999982,70.39999999999998,1,1,0.0
30,1,310.8,494.8,178.2,292.49999999999994,1,1,1.0
30,2,708.9,263.3,284.0,200.2,1,1,1.0
30,3,592.1,317.6,188.89999999999998,321.79999999999995,1,1,1.0
30,4,1229.3,335.1,280.0,279.0,1,1,1.0
30,5,795.5,463.4,310.20000000000005,171.60000000000002,1,1,1.0
30,6,1135.4,252.2,262.79999999999995,162.3,1,1,1.0
30,7,1610.9,500.2,73.39999999999986,221.8,1,1,0.0
30,8,1628.9,307.6,55.69999999999982,69.29999999999995,1,1,0.0
31,1,338.7,493.9,157.7,289.1,1,1,1.0
31,2,705.9,264.0,296.80000000000007,198.7,1,1,1.0
31,3,584.6,307.0,233.39999999999998,278.1,1,1,1.0
31,4,1233.5,339.3,272.29999999999995,288.7,1,1,1.0
31,5,796.2,463.4,309.5,170.20000000000005,1,1,1.0
31,6,1142.9,253.7,250.79999999999995,163.10000000000002,1,1,1.0
31,7,1615.9,499.4,68.39999999999986,231.80000000000007,1,1,0.0
31,8,1615.6,303.0,68.40000000000009,116.19999999999999,1,1,0.0
32,1,334.5,496.4,160.39999999999998,288.6,1,1,1.0
32,2,713.4,266.3,281.0,194.89999999999998,1,1,1.0
32,3,586.9,277.6,250.70000000000005,284.9,1,1,1.0
32,4,1239.7,334.4,266.79999999999995,287.4,1,1,1.0
32,5,799.0,464.1,306.70000000000005,172.29999999999995,1,1,1.0
32,6,1159.5,244.7,262.0999999999999,172.10000000000002,1,1,1.0
32,7,1620.8,506.3,65.60000000000014,233.90000000000003,1,1,0.0
32,8,1599.4,296.1,84.59999999999991,130.0,1,1,0.0
33,1,326.7,599.7,269.90000000000003,197.5999999999999,1,1,1.0
33,2,722.4,270.1,255.39999999999998,185.09999999999997,1,1,1.0
33,3,569.6,268.6,225.10000000000002,282.6,1,1,1.0
33,4,1288.3,335.1,223.79999999999995,275.6,1,1,1.0
33,5,790.0,463.4,312.9000000000001,170.89999999999998,1,1,1.0
33,6,1165.8,240.2,262.60000000000014,172.10000000000002,1,1,1.0
33,7,1629.1,502.1,57.30000000000018,238.79999999999995,1,1,0.0
33,8,1580.9,282.1,103.09999999999991,145.2,1,1,0.0
34,1,351.7,657.2,297.40000000000003,135.0999999999999,1,1,1.0
34,2,722.4,277.7,253.89999999999998,173.7,1,1,1.0
34,3,573.4,292.0,219.80000000000007,260.0,1,1,1.0
34,4,1273.7,345.5,230.70000000000005,232.60000000000002,1,1,1.0
34,5,800.4,479.4,290.0000000000001,150.0,1,1,1.0
34,6,1167.1,259.0,273.4000000000001,141.2,1,1,1.0
34,7,1628.4,488.2,58.69999999999982,240.2,1,1,0.0
34,8,1592.5,302.5,92.70000000000005,123.60000000000002,1,1,0.0
35,1,359.2,662.2,338.2,130.89999999999998,1,1,1.0
35,2,726.2,279.2,247.0999999999999,163.90000000000003,1,1,1.0
35,3,577.9,283.0,212.30000000000007,272.79999999999995,1,1,1.0
35,4,1277.9,348.3,235.5,229.09999999999997,1,1,1.0
35,5,792.8,472.5,290.70000000000005,152.70000000000005,1,1,1.0
35,6,1158.1,253.2,289.70000000000005,131.90000000000003,1,1,1.0
35,7,1629.8,491.0,57.299999999999955,304.1,1,1,0.0
35,8,1590.2,299.0,95.0,121.30000000000001,1,1,0.0
36,1,361.7,663.9,345.59999999999997,134.20000000000005,1,1,1.0
36,2,725.4,280.7,250.89999999999998,161.60000000000002,1,1,1.0
36,3,583.2,264.2,205.5,291.59999999999997,1,1,1.0
36,4,1275.1,351.1,239.0,224.89999999999998,1,1,1.0
36,5,789.3,466.9,292.79999999999995,154.80000000000007,1,1,1.0
36,6,1144.5,258.2,299.0,129.2,1,1,1.0
36,7,1629.1,499.3,58.0,303.99999999999994,1,1,0.0
36,8,1596.0,290.9,89.20000000000005,132.3,1,1,0.0
37,1,364.2,662.2,366.50000000000006,139.19999999999993,1,1,1.0
37,2,723.9,284.0,253.89999999999998,162.10000000000002,1,1,1.0
37,3,587.7,271.0,181.5999999999999,290.79999999999995,1,1,1.0
37,4,1273.7,337.2,232.0999999999999,245.09999999999997,1,1,1.0
37,5,799.0,464.8,283.0999999999999,158.3,1,1,1.0
37,6,1156.6,258.0,308.0,133.89999999999998,1,1,1.0
37,7,1633.3,499.3,53.799999999999955,254.40000000000003,1,1,0.0
37,8,1611.6,318.1,73.60000000000014,114.89999999999998,1,1,0.0
38,1,364.2,662.2,321.50000000000006,139.19999999999993,1,1,1.0
38,2,714.1,280.7,323.9999999999999,173.7,1,1,1.0
38,3,513.9,255.2,248.5,264.40000000000003,1,1,1.0
38,4,1318.1,363.6,190.5,277.69999999999993,1,1,1.0
38,5,810.1,459.2,273.4,168.09999999999997,1,1,1.0
38,6,1148.3,253.7,315.5,132.2,1,1,1.0
38,7,1632.6,495.1,54.5,246.5,1,1,0.0
38,8,1576.3,283.4,108.90000000000009,151.90000000000003,1,1,0.0
39,1,360.9,658.9,326.5,137.5,1,1,1.0
39,2,709.6,284.5,302.1,169.10000000000002,1,1,1.0
39,3,513.1,255.2,265.79999999999995,254.60000000000002,1,1,1.0
39,4,1325.7,403.2,213.39999999999986,257.59999999999997,1,1,1.0
39,5,814.3,450.9,267.10000000000014,182.0,1,1,1.0
39,6,1149.1,253.7,291.3000000000002,136.5,1,1,1.0
39,7,1629.8,486.8,57.299999999999955,238.90000000000003,1,1,0.0
39,8,1595.4,286.5,89.79999999999995,167.89999999999998,1,1,0.0
40,1,360.1,655.6,331.5,143.29999999999995,1,1,1.0
40,2,719.4,237.8,266.70000000000005,225.59999999999997,1,1,1.0
40,3,513.1,259.7,270.29999999999995,253.8,1,1,1.0
40,4,1313.9,506.0,235.5999999999999,159.70000000000005,1,1,1.0
40,5,812.9,450.2,267.1,184.09999999999997,1,1,1.0
40,6,1157.4,253.7,328.1999999999998,151.8,1,1,1.0
40,7,1623.5,490.3,63.59999999999991,236.09999999999997,1,1,0.0
40,8,1560.1,315.9,126.30000000000018,161.10000000000002,1,1,0.0
41,1,359.3,662.2,295.59999999999997,137.5,1,1,1.0
41,2,711.9,243.8,267.4,203.8,1,1,1.0
41,3,569.6,262.7,209.29999999999995,259.09999999999997,1,1,1.0
41,4,1564.44,491.6,389.76,220.19999999999993,1,1,1.0
41,5,784.4,451.6,278.9,179.19999999999993,1,1,1.0
41,6,1138.6,239.9,249.0,215.29999999999998,1,1,1.0
41,7,1612.4,477.8,72.59999999999991,122.90000000000003,1,1,0.0
41,8,1560.1,317.7,124.60000000000014,159.3,1,1,0.0
42,1,363.5,660.5,281.4,134.20000000000005,1,1,1.0
42,2,711.9,249.1,269.0,197.70000000000002,1,1,1.0
42,3,510.8,262.7,263.59999999999997,262.09999999999997,1,1,1.0
42,4,1590.3,469.1,318.10000000000014,238.5,1,1,1.0
42,5,763.6,464.1,294.80000000000007,177.79999999999995,1,1,1.0
42,6,1143.1,237.9,247.5,260.20000000000005,1,1,1.0
42,7,1613.1,472.2,71.20000000000005,141.7,1,1,0.0
42,8,1561.3,313.7,123.40000000000009,164.5,1,1,0.0
43,1,368.5,659.7,373.6,126.59999999999991,1,1,1.0
43,2,713.4,224.2,272.0,227.10000000000002,1,1,1.0
43,3,510.8,262.7,262.8,261.3,1,1,1.0
43,4,1611.1,467.4,322.3000000000002,236.0,1,1,1.0
43,5,776.8,466.2,282.29999999999995,182.59999999999997,1,1,1.0
43,6,1250.85,343.39,194.05000000000018,279.81000000000006,1,1,1.0
43,7,1612.4,482.62,74.69999999999982,148.67999999999995,1,1,0.0
43,8,1544.9,305.0,139.79999999999995,143.8,1,1,1.0
44,1,366.0,663.9,363.9,124.10000000000002,1,1,1.0
44,2,718.7,219.7,264.4,230.10000000000002,1,1,1.0
44,3,509.3,265.7,262.8,262.09999999999997,1,1,1.0
44,4,1597.8,477.4,340.60000000000014,237.70000000000005,1,1,1.0
44,5,771.3,467.6,287.79999999999995,182.60000000000002,1,1,1.0
44,6,1260.7,383.3,195.5,273.09999999999997,1,1,1.0
44,7,1614.5,484.0,71.20000000000005,150.10000000000002,1,1,0.0
44,8,1502.5,329.1,183.20000000000005,151.0,1,1,1.0
45,1,366.0,663.9,364.70000000000005,124.89999999999998,1,1,1.0
45,2,706.6,235.5,286.29999999999995,205.3,1,1,1.0
45,3,511.6,264.9,259.0,264.4,1,1,1.0
45,4,1582.8,488.2,362.29999999999995,221.09999999999997,1,1,1.0
45,5,768.5,462.6,281.5999999999999,191.60000000000002,1,1,1.0
45,6,1258.4,386.3,197.0,288.2,1,1,1.0
45,7,1622.2,475.7,62.799999999999955,148.7,1,1,0.0
45,8,1455.2,319.5,229.5,178.39999999999998,1,1,1.0
46,1,374.3,651.4,266.40000000000003,151.60000000000002,1,1,1.0
46,2,704.3,250.6,281.1,180.4,1,1,1.0
46,3,573.4,260.1,196.39999999999998,257.1,1,1,1.0
46,4,1587.0,495.7,338.0999999999999,211.90000000000003,1,1,1.0
46,5,654.5,504.2,356.79999999999995,245.8,1,1,1.0
46,6,1267.4,396.1,195.5,256.5,1,1,1.0
46,7,1578.4,436.8,106.59999999999991,300.49999999999994,1,1,0.0
46,8,1463.9,337.8,220.79999999999995,182.3,1,1,1.0
47,1,364.3,560.53,262.22999999999996,210.0,1,1,1.0
47,2,716.4,252.1,289.30000000000007,183.4,1,1,1.0
47,3,574.2,224.9,164.0,302.1,1,1,1.0
47,4,1582.8,504.0,309.0,203.60000000000002,1,1,1.0
47,5,781.7,406.4,200.29999999999995,318.80000000000007,1,1,1.0
47,6,1277.9,352.4,175.19999999999982,254.20000000000005,1,1,1.0
47,7,1564.5,440.3,122.59999999999991,327.09999999999997,1,1,1.0
47,8,1472.1,333.5,212.60000000000014,182.29999999999995,1,1,1.0
48,1,331.0,561.4,283.0,178.30000000000007,1,1,1.0
48,2,735.2,257.4,251.69999999999993,202.20000000000005,1,1,1.0
48,3,513.3,240.7,240.70000000000005,241.3,1,1,1.0
48,4,1581.1,505.7,342.4000000000001,205.2,1,1,1.0
48,5,406.13,464.0,331.07000000000005,144.79999999999995,1,1,1.0
48,6,1320.8,356.9,151.10000000000014,290.4,1,1,1.0
48,7,1468.0,595.8,171.9000000000001,139.70000000000005,1,1,1.0
48,8,1475.5,335.4,210.5999999999999,173.65000000000003,1,1,1.0
49,1,332.7,575.6,282.09999999999997,163.29999999999995,1,1,1.0
49,2,735.2,247.6,251.69999999999993,212.00000000000003,1,1,1.0
49,3,531.6,258.2,275.69999999999993,143.0,1,1,1.0
49,4,1583.6,500.7,304.9000000000001,213.50000000000006,1,1,1.0
49,5,298.14,456.8,237.46000000000004,121.99999999999994,1,1,1.0
49,6,1164.8,421.7,313.10000000000014,141.2,1,1,1.0
49,7,1470.8,593.7,164.9000000000001,143.19999999999993,1,1,1.0
49,8,1480.8,334.9,204.79999999999995,178.0,1,1,1.0
50,9,1563.7,471.5,122.09999999999991,133.10000000000002,1,1,1.0
50,1,336.9,578.9,274.6,160.80000000000007,1,1,1.0
50,2,730.7,236.3,256.19999999999993,219.5,1,1,1.0
50,3,514.9,292.4,229.10000000000002,268.0,1,1,1.0
50,4,1578.6,439.9,305.70000000000005,272.6,1,1,1.0
50,5,289.1,453.3,209.0,140.09999999999997,1,1,1.0
50,6,1154.2,396.8,344.0,153.3,1,1,1.0
50,7,1472.2,585.4,163.5,145.20000000000005,1,1,1.0
50,8,1482.2,334.9,205.0999999999999,180.80000000000007,1,1,1.0
51,9,1561.3,476.8,124.5,126.59999999999997,1,1,1.0
51,1,336.1,583.4,274.6,154.80000000000007,1,1,1.0
51,2,730.7,236.3,256.19999999999993,219.5,1,1,1.0
51,3,555.7,264.1,166.5999999999999,328.0,1,1,1.0
51,4,1574.4,475.7,308.1999999999998,240.09999999999997,1,1,1.0
51,5,287.0,448.4,215.3,143.60000000000002,1,1,1.0
51,6,1130.9,319.95,295.6999999999998,212.75000000000006,1,1,1.0
51,7,1469.4,586.1,165.5999999999999,141.69999999999993,1,1,1.0
51,8,1480.3,334.9,205.29999999999995,178.5,1,1,1.0
52,9,1547.8,477.3,138.0,131.40000000000003,1,1,1.0
52,1,333.8,584.9,349.99999999999994,160.10000000000002,1,1,1.0
52,2,730.7,237.1,256.19999999999993,220.20000000000002,1,1,1.0
52,3,581.5,282.4,180.79999999999995,314.70000000000005,1,1,1.0
52,4,1585.2,489.0,299.0999999999999,226.79999999999995,1,1,1.0
52,5,287.0,444.2,216.7,147.8,1,1,1.0
52,6,1121.1,316.9,294.9000000000001,201.5,1,1,1.0
52,7,1467.3,589.6,169.10000000000014,138.89999999999998,1,1,1.0
52,8,1475.5,335.4,210.0999999999999,178.5,1,1,1.0
53,9,1548.8,485.0,137.0,121.29999999999995,1,1,1.0
53,1,331.5,563.1,294.20000000000005,187.89999999999998,1,1,1.0
53,2,730.7,262.0,256.19999999999993,201.3,1,1,1.0
53,3,568.2,414.2,271.5999999999999,283.7,1,1,1.0
53,4,1587.7,498.2,295.79999999999995,217.59999999999997,1,1,1.0
53,5,285.6,447.0,218.09999999999997,143.60000000000002,1,1,1.0
53,6,1092.5,331.2,334.79999999999995,168.40000000000003,1,1,1.0
53,7,1467.3,588.2,169.10000000000014,142.39999999999998,1,1,1.0
53,8,1475.4,334.4,210.19999999999982,182.89999999999998,1,1,1.0
54,9,1541.1,478.8,144.10000000000014,127.49999999999994,1,1,1.0
54,1,345.1,525.4,272.29999999999995,227.89999999999998,1,1,1.0
54,2,708.8,255.2,322.60000000000014,225.40000000000003,1,1,1.0
54,3,564.9,434.0,279.1,293.0,1,1,1.0
54,4,1589.4,449.9,296.5999999999999,268.4,1,1,1.0
54,5,283.5,447.0,221.60000000000002,142.89999999999998,1,1,1.0
54,6,1091.0,325.9,337.0999999999999,166.90000000000003,1,1,1.0
54,7,1429.8,590.3,208.70000000000005,136.80000000000007,1,1,1.0
54,8,1477.0,334.9,208.5999999999999,180.5,1,1,1.0
55,9,1542.5,483.1,143.29999999999995,119.29999999999995,1,1,1.0
55,1,354.1,538.2,260.29999999999995,225.5999999999999,1,1,1.0
55,2,717.1,271.0,315.80000000000007,159.89999999999998,1,1,1.0
55,3,559.9,447.3,259.1,246.40000000000003,1,1,1.0
55,4,1586.1,499.9,342.4000000000001,231.70000000000005,1,1,1.0
55,5,281.4,442.8,225.8,149.90000000000003,1,1,1.0
55,6,1087.2,302.5,351.39999999999986,163.89999999999998,1,1,1.0
55,7,1424.9,575.7,212.19999999999982,137.5,1,1,1.0
55,8,1472.7,337.8,211.89999999999986,178.59999999999997,1,1,1.0
56,9,1549.7,483.6,136.5999999999999,118.29999999999995,1,1,1.0
56,1,367.7,497.5,246.7,273.1,1,1,1.0
56,2,715.6,275.5,311.30000000000007,153.10000000000002,1,1,1.0
56,3,564.9,437.3,302.4,208.09999999999997,1,1,1.0
56,4,1592.8,504.9,316.5,226.70000000000005,1,1,1.0
56,5,278.6,444.2,227.89999999999998,146.40000000000003,1,1,1.0
56,6,1098.5,307.8,322.0,157.8,1,1,1.0
56,7,1270.1,495.2,340.60000000000014,183.3,1,1,1.0
56,8,1471.5,339.7,214.5,178.59999999999997,1,1,1.0
57,9,1541.5,483.1,144.79999999999995,122.19999999999993,1,1,1.0
57,1,361.7,574.4,255.00000000000006,193.20000000000005,1,1,1.0
57,2,717.9,277.0,308.1,151.60000000000002,1,1,1.0
57,3,591.6,412.3,287.4,234.8,1,1,1.0
57,4,1598.6,504.1,303.20000000000005,225.79999999999995,1,1,1.0
57,5,278.6,444.2,227.89999999999998,146.40000000000003,1,1,1.0
57,6,1079.7,303.3,339.29999999999995,146.39999999999998,1,1,1.0
57,7,1085.39,429.2,407.30999999999995,145.8,1,1,1.0
57,8,1475.0,336.8,211.0,179.8,1,1,1.0
58,9,1555.0,479.2,131.29999999999995,125.09999999999997,1,1,1.0
58,1,389.6,441.8,240.60000000000002,273.8,1,1,1.0
58,2,714.9,275.5,312.69999999999993,153.10000000000002,1,1,1.0
58,3,644.1,496.5,334.9,185.60000000000002,1,1,1.0
58,4,1599.4,499.9,298.1999999999998,232.5,1,1,1.0
58,5,278.6,443.5,230.7,149.89999999999998,1,1,1.0
58,6,1073.7,218.9,289.5,202.20000000000002,1,1,1.0
58,7,1070.8,393.8,350.4000000000001,154.09999999999997,1,1,1.0
58,8,1469.8,337.4,216.79999999999995,181.5,1,1,1.0
59,9,1564.6,477.3,121.70000000000005,133.7,1,1,1.0
59,1,429.5,413.9,221.0,304.0,1,1,1.0
59,2,714.9,277.0,311.19999999999993,150.8,1,1,1.0
59,3,659.1,492.3,336.6,193.09999999999997,1,1,1.0
59,4,1596.9,495.7,348.1999999999998,225.90000000000003,1,1,1.0
59,5,276.5,447.0,239.0,145.0,1,1,1.0
59,6,1078.2,218.9,277.5,186.4,1,1,1.0
59,7,1037.5,388.2,386.5,173.59999999999997,1,1,1.0
59,8,1467.7,338.6,217.20000000000005,179.10000000000002,1,1,1.0
60,9,1558.8,476.3,127.5,131.8,1,1,1.0
60,1,467.2,367.2,197.59999999999997,326.59999999999997,1,1,1.0
60,2,718.7,283.0,306.70000000000005,144.8,1,1,1.0
60,3,702.4,517.3,338.30000000000007,222.30000000000007,1,1,1.0
60,4,1594.4,453.2,306.5,264.2,1,1,1.0
60,5,276.5,445.6,234.10000000000002,145.0,1,1,1.0
60,6,1081.2,215.8,273.0,182.7,1,1,1.0
60,7,1046.3,391.0,375.60000000000014,175.0,1,1,1.0
60,8,1468.7,336.9,217.89999999999986,181.39999999999998,1,1,1.0
61,9,1558.8,476.3,127.5,129.40000000000003,1,1,1.0
61,1,523.0,292.6,141.79999999999995,351.5,1,1,1.0
61,2,724.0,255.1,301.4000000000001,191.50000000000003,1,1,1.0
61,3,700.7,539.0,360.79999999999995,198.10000000000002,1,1,1.0
61,4,1592.7,455.7,309.89999999999986,261.7,1,1,1.0
61,5,277.9,444.2,234.10000000000002,147.09999999999997,1,1,1.0
61,6,1084.2,210.5,267.0,190.3,1,1,1.0
61,7,1103.6,382.0,314.8000000000002,188.89999999999998,1,1,1.0
61,8,1468.7,336.9,217.89999999999986,180.20000000000005,1,1,1.0
62,9,1559.8,478.7,126.5,129.40000000000003,1,1,1.0
62,1,535.1,287.3,138.0,340.99999999999994,1,1,1.0
62,2,750.4,286.7,264.4,221.7,1,1,1.0
62,3,699.0,550.6,355.79999999999995,187.29999999999995,1,1,1.0
62,4,1593.5,464.9,317.4000000000001,253.30000000000007,1,1,1.0
62,5,300.8,435.9,215.40000000000003,172.10000000000002,1,1,1.0
62,6,1080.4,215.0,270.0,184.3,1,1,1.0
62,7,1100.8,386.9,316.9000000000001,188.20000000000005,1,1,1.0
62,8,1460.6,337.5,226.0,180.20000000000005,1,1,1.0
63,9,1563.2,478.2,123.09999999999991,135.2,1,1,1.0
63,1,536.6,288.8,203.60000000000002,317.59999999999997,1,1,1.0
63,2,750.4,284.4,259.9,215.70000000000005,1,1,1.0
63,3,704.0,547.3,322.4000000000001,134.80000000000007,1,1,1.0
63,4,1593.5,452.4,299.9000000000001,268.30000000000007,1,1,1.0
63,5,301.5,445.6,212.60000000000002,161.0,1,1,1.0
63,6,1078.1,215.0,268.5,181.3,1,1,1.0
63,7,1066.1,388.3,352.3000000000002,187.49999999999994,1,1,1.0
63,8,1470.5,338.7,216.0999999999999,175.50000000000006,1,1,1.0
64,9,1562.2,476.8,124.09999999999991,133.2,1,1,1.0
64,1,537.4,243.6,292.5,286.69999999999993,1,1,1.0
64,2,756.4,285.2,254.70000000000005,210.40000000000003,1,1,1.0
64,3,710.7,524.0,358.20000000000005,158.89999999999998,1,1,1.0
64,4,1593.5,449.9,292.4000000000001,273.30000000000007,1,1,1.0
64,5,297.3,433.8,217.49999999999994,176.3,1,1,1.0
64,6,1078.9,208.2,266.1999999999998,193.40000000000003,1,1,1.0
64,7,1062.6,385.5,352.3000000000002,181.29999999999995,1,1,1.0
64,8,1468.2,336.4,219.0,181.89999999999998,1,1,1.0
65,9,1560.8,479.2,125.5,130.3,1,1,1.0
65,1,535.1,245.1,334.29999999999995,230.9,1,1,1.0
65,2,759.4,281.4,250.20000000000005,210.40000000000003,1,1,1.0
65,3,714.9,527.3,344.0000000000001,150.60000000000002,1,1,1.0
65,4,1594.3,481.6,294.9000000000001,236.60000000000002,1,1,1.0
65,5,298.7,435.2,214.00000000000006,174.2,1,1,1.0
65,6,1080.4,215.0,264.6999999999998,185.8,1,1,1.0
65,7,1006.4,367.4,350.9,155.60000000000002,1,1,1.0
65,8,1472.2,339.9,214.39999999999986,175.5,1,1,1.0
66,9,1559.8,478.2,126.5,131.8,1,1,1.0
66,1,527.6,267.0,325.0,204.5,1,1,1.0
66,2,759.4,281.4,250.20000000000005,210.40000000000003,1,1,1.0
66,3,716.6,527.3,334.80000000000007,154.80000000000007,1,1,1.0
66,4,1596.0,494.9,288.20000000000005,223.30000000000007,1,1,1.0
66,5,300.1,435.2,212.60000000000002,174.2,1,1,1.0
66,6,1078.9,216.5,265.39999999999986,185.10000000000002,1,1,1.0
66,7,1005.0,377.2,350.9000000000001,145.50000000000006,1,1,1.0
66,8,1479.1,339.9,207.5,180.10000000000002,1,1,1.0
67,9,1566.6,480.6,121.10000000000014,130.79999999999995,1,1,1.0
67,1,524.6,262.5,283.5,212.0,1,1,1.0
67,2,761.7,278.4,247.89999999999998,213.40000000000003,1,1,1.0
67,3,719.9,529.0,349.80000000000007,157.29999999999995,1,1,1.0
67,4,1594.3,494.1,288.20000000000005,224.10000000000002,1,1,1.0
67,5,300.1,438.7,212.60000000000002,171.40000000000003,1,1,1.0
67,6,1078.1,206.7,267.0,194.10000000000002,1,1,1.0
67,7,1007.1,384.7,344.6,149.40000000000003,1,1,1.0
67,8,1477.9,336.4,208.0999999999999,176.70000000000005,1,1,1.0
68,9,1564.7,476.3,121.09999999999991,140.49999999999994,1,1,1.0
68,1,529.2,252.7,262.29999999999995,228.60000000000002,1,1,1.0
68,2,764.0,277.6,247.10000000000002,216.5,1,1,1.0
68,3,737.4,560.5,342.6,144.10000000000002,1,1,1.0
68,4,1599.3,463.3,283.20000000000005,257.40000000000003,1,1,1.0
68,5,295.2,436.6,216.8,175.60000000000002,1,1,1.0
68,6,1078.1,206.7,265.5,195.60000000000002,1,1,1.0
68,7,1022.4,396.5,327.9,148.70000000000005,1,1,1.0
68,8,1476.2,336.4,209.79999999999995,181.30000000000007,1,1,1.0
69,9,1565.2,477.7,121.59999999999991,130.40000000000003,1,1,1.0
69,1,526.2,254.2,253.19999999999993,239.2,1,1,1.0
69,2,767.0,276.1,243.29999999999995,218.0,1,1,1.0
69,3,744.9,566.5,337.80000000000007,148.10000000000002,1,1,1.0
69,4,1598.5,463.3,283.20000000000005,259.90000000000003,1,1,1.0
69,5,291.0,439.4,221.70000000000005,163.10000000000002,1,1,1.0
69,6,1077.3,205.9,264.79999999999995,193.4,1,1,1.0
69,7,1032.1,398.0,315.4000000000001,150.0,1,1,1.0
69,8,1478.5,338.1,207.5,175.5,1,1,1.0
70,9,1566.2,478.7,119.59999999999991,131.3,1,1,1.0
70,1,561.6,263.2,181.60000000000002,295.00000000000006,1,1,1.0
70,2,767.8,275.4,244.0,219.5,1,1,1.0
70,3,746.6,567.3,349.80000000000007,150.60000000000002,1,1,1.0
70,4,1598.5,463.3,283.20000000000005,259.90000000000003,1,1,1.0
70,5,295.2,438.0,217.50000000000006,181.89999999999998,1,1,1.0
70,6,1076.5,206.7,265.5999999999999,194.90000000000003,1,1,1.0
70,7,990.5,396.5,358.4000000000001,149.39999999999998,1,1,1.0
70,8,1477.3,335.2,208.70000000000005,179.59999999999997,1,1,1.0
71,9,1566.2,477.7,119.59999999999991,136.2,1,1,1.0
71,1,515.6,263.2,227.60000000000002,296.50000000000006,1,1,1.0
71,2,767.8,273.9,240.0,216.5,1,1,1.0
71,3,747.4,568.1,287.30000000000007,159.79999999999995,1,1,1.0
71,4,1598.5,494.1,285.70000000000005,228.29999999999995,1,1,1.0
71,5,293.8,438.0,217.5,181.89999999999998,1,1,1.0
71,6,1077.3,215.0,264.79999999999995,187.39999999999998,1,1,1.0
71,7,1018.3,396.5,336.20000000000005,181.29999999999995,1,1,1.0
71,8,1479.6,337.5,206.4000000000001,176.10000000000002,1,1,1.0
72,9,1566.2,476.7,119.59999999999991,132.90000000000003,1,1,1.0
72,1,513.9,265.5,229.30000000000007,289.70000000000005,1,1,1.0
72,2,772.3,273.9,238.0,215.0,1,1,1.0
72,3,744.9,567.3,287.30000000000007,168.9000000000001,1,1,1.0
72,4,1591.8,484.1,293.20000000000005,240.79999999999995,1,1,1.0
72,5,288.9,438.0,223.80000000000007,171.5,1,1,1.0
72,6,1078.1,206.0,264.0,196.39999999999998,1,1,1.0
72,7,1022.5,396.5,332.70000000000005,213.20000000000005,1,1,1.0
72,8,1486.5,337.5,200.0999999999999,179.0,1,1,1.0
73,9,1563.8,480.0,122.0,131.0,1,1,1.0
73,1,542.7,264.7,199.69999999999993,295.00000000000006,1,1,1.0
73,2,773.1,273.1,237.19999999999993,214.29999999999995,1,1,1.0
73,3,744.9,567.3,287.30000000000007,168.9000000000001,1,1,1.0
73,4,1591.0,449.1,289.79999999999995,275.79999999999995,1,1,1.0
73,5,293.8,432.4,218.90000000000003,177.10000000000002,1,1,1.0
73,6,1076.6,208.3,265.5,193.3,1,1,1.0
73,7,1030.1,396.5,323.70000000000005,227.10000000000002,1,1,1.0
73,8,1484.2,337.5,201.79999999999995,179.0,1,1,1.0
74,9,1564.8,480.0,121.0,131.0,1,1,1.0
74,1,513.3,267.7,229.10000000000002,279.2,1,1,1.0
74,2,775.4,273.1,235.70000000000005,215.09999999999997,1,1,1.0
74,3,744.9,566.5,291.5000000000001,153.89999999999998,1,1,1.0
74,4,1593.5,438.3,287.29999999999995,289.09999999999997,1,1,1.0
74,5,288.9,435.2,225.20000000000005,168.7,1,1,1.0
74,6,1076.6,211.3,265.5,188.0,1,1,1.0
74,7,1039.1,391.6,312.60000000000014,229.89999999999998,1,1,1.0
74,8,1470.9,339.2,215.0999999999999,178.50000000000006,1,1,1.0
75,9,1566.2,480.5,119.59999999999991,129.5,1,1,1.0
75,1,551.7,263.9,190.69999999999993,283.0,1,1,1.0
75,2,775.4,273.1,235.70000000000005,215.09999999999997,1,1,1.0
75,3,742.4,569.2,300.69999999999993,149.5,1,1,1.0
75,4,1593.5,454.1,287.29999999999995,277.5,1,1,1.0
75,5,288.9,444.2,226.60000000000002,158.3,1,1,1.0
75,6,1083.4,221.9,258.6999999999998,180.4,1,1,1.0
75,7,1039.1,391.6,314.70000000000005,238.19999999999993,1,1,1.0
75,8,1469.1,340.9,216.9000000000001,172.20000000000005,1,1,1.0
76,9,1563.8,480.5,122.0,129.5,1,1,1.0
76,1,516.3,265.4,226.10000000000002,285.30000000000007,1,1,1.0
76,2,772.4,264.1,238.70000000000005,262.5,1,1,1.0
76,3,732.4,559.9,349.9,150.5,1,1,1.0
76,4,1596.0,464.1,281.5,274.19999999999993,1,1,1.0
76,5,274.3,440.0,243.3,150.0,1,1,1.0
76,6,1077.4,221.9,265.5,183.4,1,1,1.0
76,7,1037.0,395.8,312.5999999999999,227.8,1,1,1.0
76,8,1471.4,339.7,214.5999999999999,176.3,1,1,1.0
77,9,1563.3,477.1,123.0,134.79999999999995,1,1,1.0
77,1,517.8,266.9,224.60000000000002,283.80000000000007,1,1,1.0
77,2,775.4,264.1,236.5,278.29999999999995,1,1,1.0
77,3,722.4,561.6,372.4,143.79999999999995,1,1,1.0
77,4,1596.0,448.3,281.5,289.99999999999994,1,1,1.0
77,5,277.1,444.1,240.5,145.89999999999998,1,1,1.0
77,6,1078.9,223.4,262.5,177.4,1,1,1.0
77,7,1038.4,395.8,313.29999999999995,225.7,1,1,1.0
77,8,1470.8,338.5,215.20000000000005,173.5,1,1,1.0
78,9,1564.3,476.6,122.0,131.89999999999998,1,1,1.0
78,1,540.4,248.8,202.0,301.90000000000003,1,1,1.0
78,2,776.2,261.8,237.19999999999993,279.8,1,1,1.0
78,3,719.9,566.6,380.69999999999993,132.10000000000002,1,1,1.0
78,4,1597.7,452.5,281.5,285.0,1,1,1.0
78,5,279.9,444.8,239.10000000000002,147.3,1,1,1.0
78,6,1075.1,206.8,267.10000000000014,195.5,1,1,1.0
78,7,1039.1,395.8,311.20000000000005,233.99999999999994,1,1,1.0
78,8,1478.9,337.3,207.69999999999982,179.90000000000003,1,1,1.0
79,9,1563.3,478.5,123.0,124.70000000000005,1,1,1.0
79,1,483.1,242.0,237.39999999999998,306.4,1,1,1.0
79,2,780.7,253.5,230.39999999999998,282.1,1,1,1.0
79,3,723.2,566.6,378.20000000000005,128.79999999999995,1,1,1.0
79,4,1601.9,452.5,276.5,290.79999999999995,1,1,1.0
79,5,279.9,445.5,239.10000000000002,145.20000000000005,1,1,1.0
79,6,1083.4,164.6,257.29999999999995,236.20000000000002,1,1,1.0
79,7,1038.4,396.5,311.1999999999998,233.29999999999995,1,1,1.0
79,8,1481.2,335.6,206.0,178.69999999999993,1,1,1.0
80,9,1564.3,477.1,122.0,121.79999999999995,1,1,1.0
80,1,478.6,251.0,211.79999999999995,133.89999999999998,1,1,1.0
80,2,777.7,249.8,253.0,313.7,1,1,1.0
80,3,718.2,562.4,385.70000000000005,130.5,1,1,1.0
80,4,1611.9,454.2,253.19999999999982,327.40000000000003,1,1,1.0
80,5,294.5,443.5,225.20000000000005,167.29999999999995,1,1,1.0
80,6,1086.4,152.5,254.29999999999995,250.60000000000002,1,1,1.0
80,7,1039.8,394.4,309.10000000000014,230.5,1,1,1.0
80,8,1480.6,338.5,206.60000000000014,177.0,1,1,1.0
81,9,1340.6,506.0,312.9100000000001,126.20000000000005,1,1,1.0
81,1,494.0,258.5,148.89999999999998,112.10000000000002,1,1,0.0
81,2,777.7,252.8,224.39999999999998,282.8,1,1,1.0
81,3,717.4,569.6,366.5000000000001,121.60000000000002,1,1,1.0
81,4,1586.9,434.2,270.6999999999998,344.09999999999997,1,1,1.0
81,5,300.1,441.4,216.10000000000002,184.70000000000005,1,1,1.0
81,6,1084.9,181.1,258.79999999999995,220.50000000000003,1,1,1.0
81,7,1035.6,398.6,316.8000000000002,190.19999999999993,1,1,1.0
81,8,1404.8,344.3,280.70000000000005,152.7,1,1,1.0
82,9,1272.1,471.8,294.10000000000014,159.43,1,1,1.0
82,1,477.1,250.2,99.5,63.10000000000002,1,1,0.0
82,2,774.7,248.2,234.19999999999993,296.90000000000003,1,1,1.0
82,3,717.4,562.6,364.0000000000001,128.60000000000002,1,1,1.0
82,4,1645.2,427.5,209.89999999999986,357.5,1,1,1.0
82,5,264.0,441.4,252.20000000000005,159.0,1,1,1.0
82,6,1069.1,212.7,267.8000000000002,190.40000000000003,1,1,1.0
82,7,994.6,397.2,359.9,141.59999999999997,1,1,1.0
82,8,1375.3,367.4,308.5,135.40000000000003,1,1,1.0
83,9,1266.3,489.2,278.70000000000005,149.3,1,1,1.0
83,1,503.4,270.5,61.10000000000002,40.5,1,1,0.0
83,2,777.0,252.0,266.5,311.5,1,1,1.0
83,3,717.4,558.3,370.69999999999993,132.10000000000002,1,1,1.0
83,4,1671.9,446.7,189.89999999999986,360.00000000000006,1,1,1.0
83,5,270.2,443.5,244.59999999999997,165.89999999999998,1,1,1.0
83,6,1034.4,215.7,304.0,192.7,1,1,1.0
83,7,984.9,398.6,371.0000000000001,144.39999999999998,1,1,1.0
83,8,1374.1,365.1,311.4000000000001,142.89999999999998,1,1,1.0
84,9,1262.9,484.4,278.6999999999998,158.89999999999998,1,1,1.0
84,1,217.8,280.3,341.40000000000003,179.09999999999997,1,1,0.0
84,2,807.9,339.4,280.80000000000007,297.1,1,1,1.0
84,3,718.2,565.0,361.5999999999999,127.89999999999998,1,1,1.0
84,4,1629.4,483.4,286.5,304.20000000000005,1,1,1.0
84,5,270.2,437.2,244.59999999999997,172.2,1,1,1.0
84,6,1063.7,206.7,283.0,197.90000000000003,1,1,1.0
84,7,1006.4,370.8,337.0000000000001,152.09999999999997,1,1,1.0
84,8,1371.8,359.9,313.70000000000005,143.5,1,1,1.0
85,9,1259.5,477.2,292.20000000000005,165.59999999999997,1,1,1.0
85,1,204.2,283.3,350.50000000000006,159.5,1,1,0.0
85,2,807.9,338.7,283.1,270.7,1,1,1.0
85,3,718.2,560.8,369.0999999999999,135.4000000000001,1,1,1.0
85,4,1604.4,490.9,355.6999999999998,245.89999999999998,1,1,1.0
85,5,282.7,444.8,232.09999999999997,147.2,1,1,1.0
85,6,1073.5,211.2,280.70000000000005,200.90000000000003,1,1,1.0
85,7,942.5,319.4,305.0999999999999,201.39999999999998,1,1,1.0
85,8,1307.6,292.8,302.10000000000014,210.0,1,1,1.0
86,9,1257.6,479.1,299.9000000000001,166.60000000000002,1,1,1.0
86,1,201.2,292.3,351.2,140.7,1,1,0.0
86,2,801.9,340.2,277.0000000000001,276.00000000000006,1,1,1.0
86,3,718.2,560.8,379.89999999999986,138.70000000000005,1,1,1.0
86,4,1617.7,500.9,359.0999999999999,219.20000000000005,1,1,1.0
86,5,281.3,443.4,233.49999999999994,146.5,1,1,1.0
86,6,1079.5,208.9,273.20000000000005,205.49999999999997,1,1,1.0
86,7,731.4,222.2,324.5000000000001,139.60000000000002,1,1,1.0
86,8,1288.5,341.4,328.0999999999999,153.8,1,1,1.0
87,9,1254.3,481.0,298.4000000000001,159.89999999999998,1,1,1.0
87,1,198.2,296.1,356.50000000000006,134.59999999999997,1,1,0.0
87,2,798.9,344.7,300.30000000000007,285.00000000000006,1,1,1.0
87,3,718.2,564.1,374.89999999999986,137.10000000000002,1,1,1.0
87,4,1654.4,503.4,315.6999999999998,237.5,1,1,1.0
87,5,249.4,445.5,268.9,145.79999999999995,1,1,1.0
87,6,1086.3,217.9,255.9000000000001,180.70000000000002,1,1,1.0
87,7,615.4,262.5,293.30000000000007,233.2,1,1,1.0
87,8,1163.5,364.0,342.0,133.5,1,1,1.0
88,9,1251.9,480.5,300.79999999999995,159.39999999999998,1,1,1.0
88,1,202.0,302.1,351.9,128.59999999999997,1,1,0.0
88,2,800.4,344.7,294.30000000000007,269.90000000000003,1,1,1.0
88,3,718.2,564.9,369.89999999999986,135.5,1,1,1.0
88,4,1612.7,502.6,354.89999999999986,242.5,1,1,1.0
88,5,249.4,446.9,268.9,140.89999999999998,1,1,1.0
88,6,931.1,208.8,330.4999999999999,137.0,1,1,1.0
88,7,550.1,295.1,169.69999999999993,318.6,1,1,1.0
88,8,1094.1,370.4,329.8000000000002,153.70000000000005,1,1,1.0
89,9,1245.1,479.1,308.60000000000014,162.69999999999993,1,1,1.0
89,1,202.0,303.6,351.9,127.09999999999997,1,1,0.0
89,2,815.5,335.7,224.9000000000001,262.3,1,1,1.0
89,3,716.5,567.4,374.0999999999999,134.70000000000005,1,1,1.0
89,4,1640.2,503.4,324.89999999999986,252.5,1,1,1.0
89,5,249.4,453.1,271.0,137.5,1,1,1.0
89,6,815.1,182.4,334.9999999999999,167.20000000000002,1,1,1.0
89,7,554.3,310.4,166.9000000000001,315.9,1,1,1.0
89,8,1097.6,363.5,312.4000000000001,184.29999999999995,1,1,1.0
90,9,1247.0,479.1,308.5999999999999,160.79999999999995,1,1,1.0
90,1,199.7,303.6,352.7,138.39999999999998,1,1,0.0
90,2,828.3,327.4,206.10000000000014,280.4,1,1,1.0
90,3,715.7,566.6,371.5999999999999,133.0,1,1,1.0
90,4,1591.9,495.1,373.1999999999998,259.1,1,1,1.0
90,5,227.2,452.4,293.2,141.0,1,1,1.0
90,6,774.4,174.9,367.4,192.29999999999998,1,1,1.0
90,7,518.2,318.0,205.0999999999999,335.29999999999995,1,1,1.0
90,8,1102.8,346.7,297.9000000000001,238.09999999999997,1,1,1.0
91,9,1231.5,481.0,321.70000000000005,161.29999999999995,1,1,1.0
91,1,264.5,311.9,288.70000000000005,148.20000000000005,1,1,0.0
91,2,811.0,316.9,185.0,281.9,1,1,1.0
91,3,712.3,564.9,382.5,135.5,1,1,1.0
91,4,1657.7,485.9,305.70000000000005,275.80000000000007,1,1,1.0
91,5,249.4,458.6,271.70000000000005,130.69999999999993,1,1,1.0
91,6,803.0,155.3,313.20000000000005,216.7,1,1,1.0
91,7,462.6,388.1,242.60000000000002,316.6,1,1,1.0
91,8,1102.8,338.0,296.70000000000005,259.5,1,1,1.0
92,9,1237.9,479.1,314.39999999999986,156.89999999999998,1,1,1.0
92,1,531.2,311.9,22.0,20.900000000000034,1,1,0.0
92,2,732.6,325.9,269.4,255.60000000000002,1,1,1.0
92,3,714.0,569.1,380.79999999999995,132.10000000000002,1,1,1.0
92,4,1658.5,479.3,299.9000000000001,287.40000000000003,1,1,1.0
92,5,249.4,452.7,272.05000000000007,138.00000000000006,1,1,1.0
92,6,801.5,150.0,298.9000000000001,233.5,1,1,1.0
92,7,441.1,439.5,212.0,298.5,1,1,1.0
92,8,1102.8,340.3,293.79999999999995,252.59999999999997,1,1,1.0
93,9,1238.8,479.1,316.4000000000001,160.29999999999995,1,1,1.0
93,1,531.2,311.9,20.699999999999932,20.900000000000034,1,1,0.0
93,2,716.0,438.9,270.1,152.39999999999998,1,1,1.0
93,3,713.2,572.4,375.79999999999995,123.80000000000007,1,1,1.0
93,4,1658.5,485.1,299.0999999999999,284.9,1,1,1.0
93,5,249.4,446.8,272.4,145.3,1,1,1.0
93,6,783.4,159.0,317.80000000000007,206.39999999999998,1,1,1.0
93,7,438.3,438.1,216.90000000000003,297.1,1,1,1.0
93,8,1109.7,330.5,282.79999999999995,279.79999999999995,1,1,1.0
94,9,1265.8,426.5,302.4000000000001,215.79999999999995,1,1,1.0
94,1,531.2,311.9,17.59999999999991,18.400000000000034,1,1,0.0
94,2,716.0,432.9,300.29999999999995,140.30000000000007,1,1,1.0
94,3,713.2,567.4,379.0999999999999,125.5,1,1,1.0
94,4,1656.0,483.5,301.5999999999999,284.79999999999995,1,1,1.0
94,5,249.4,446.8,272.4,145.3,1,1,1.0
94,6,800.0,159.0,310.20000000000005,206.39999999999998,1,1,1.0
94,7,437.6,436.7,218.29999999999995,302.7,1,1,1.0
94,8,1106.8,332.2,283.4000000000001,198.8,1,1,1.0
95,9,1277.9,432.3,293.6999999999998,196.49999999999994,1,1,1.0
95,1,281.8,311.9,272.7,146.40000000000003,1,1,0.0
95,2,724.9,411.6,297.4,155.60000000000002,1,1,1.0
95,3,713.2,565.7,376.5999999999999,124.69999999999993,1,1,1.0
95,4,1646.8,494.3,310.79999999999995,276.49999999999994,1,1,1.0
95,5,269.5,456.5,252.29999999999995,135.60000000000002,1,1,1.0
95,6,835.4,174.8,276.30000000000007,191.89999999999998,1,1,1.0
95,7,439.7,438.1,218.3,300.6,1,1,1.0
95,8,1111.4,336.8,283.39999999999986,195.40000000000003,1,1,1.0
96,9,1277.9,434.7,300.89999999999986,198.00000000000006,1,1,1.0
96,1,260.6,316.3,300.4,139.59999999999997,1,1,0.0
96,2,711.4,421.6,312.4,147.10000000000002,1,1,1.0
96,3,713.2,564.9,371.5999999999999,127.20000000000005,1,1,1.0
96,4,1646.8,494.3,305.79999999999995,273.99999999999994,1,1,1.0
96,5,275.1,456.5,248.10000000000002,135.60000000000002,1,1,1.0
96,6,836.9,177.1,272.5000000000001,194.4,1,1,1.0
96,7,423.0,444.3,235.70000000000005,294.40000000000003,1,1,1.0
96,8,1101.0,343.2,293.79999999999995,190.7,1,1,1.0
97,9,1283.2,446.3,294.20000000000005,181.59999999999997,1,1,1.0
97,1,538.1,319.4,34.19999999999993,25.400000000000034,1,1,0.0
97,2,718.2,421.6,311.5999999999999,145.60000000000002,1,1,1.0
97,3,712.4,564.9,378.19999999999993,125.5,1,1,1.0
97,4,1647.7,461.8,307.39999999999986,313.99999999999994,1,1,1.0
97,5,276.5,457.9,250.20000000000005,134.20000000000005,1,1,1.0
97,6,842.2,175.6,265.70000000000005,198.20000000000002,1,1,1.0
97,7,391.1,447.8,271.79999999999995,262.40000000000003,1,1,1.0
97,8,1111.4,342.0,287.5,189.60000000000002,1,1,1.0
98,9,1294.8,321.9,218.9000000000001,329.1,1,1,1.0
98,1,514.8,330.3,62.5,36.69999999999999,1,1,0.0
98,2,703.1,420.8,322.19999999999993,148.7,1,1,1.0
98,3,710.7,562.4,379.0999999999999,127.20000000000005,1,1,1.0
98,4,1617.7,498.5,329.89999999999986,284.79999999999995,1,1,1.0
98,5,266.8,456.5,259.2,134.89999999999998,1,1,1.0
98,6,837.7,168.8,265.70000000000005,205.0,1,1,1.0
98,7,377.2,453.4,294.00000000000006,257.5,1,1,1.0
98,8,1106.8,337.9,287.5,194.89999999999998,1,1,1.0
99,9,1260.0,267.0,229.4000000000001,285.0,1,1,1.0
99,1,234.1,331.3,343.19999999999993,86.0,1,1,0.0
99,2,690.3,418.5,337.29999999999995,149.5,1,1,1.0
99,3,713.2,562.4,376.5999999999999,128.89999999999998,1,1,1.0
99,4,1625.2,492.7,319.0999999999999,281.50000000000006,1,1,1.0
99,5,268.2,455.8,255.00000000000006,132.09999999999997,1,1,1.0
99,6,827.1,168.0,283.1,206.60000000000002,1,1,1.0
99,7,377.2,455.4,296.09999999999997,256.9,1,1,1.0
99,8,1095.2,312.4,227.89999999999986,232.0,1,1,1.0
100,9,1202.7,194.6,264.0999999999999,191.9,1,1,1.0
100,1,238.6,315.5,336.4,150.8,1,1,0.0
100,2,690.3,421.5,341.79999999999995,148.0,1,1,1.0
100,3,714.2,563.4,391.39999999999986,127.89999999999998,1,1,1.0
100,4,1666.9,458.5,280.79999999999995,314.0,1,1,1.0
100,5,276.5,454.4,246.70000000000005,135.60000000000002,1,1,1.0
100,6,808.3,166.5,297.4000000000001,210.39999999999998,1,1,1.0
100,7,405.0,462.3,275.20000000000005,249.99999999999994,1,1,1.0
100,8,1108.6,256.3,209.30000000000018,336.7,1,1,1.0
101,9,1038.4,190.0,306.89999999999986,217.89999999999998,1,1,1.0
101,1,216.0,303.5,355.20000000000005,157.5,1,1,0.0
101,2,703.9,421.5,329.0000000000001,147.20000000000005,1,1,1.0
101,3,715.7,562.4,380.70000000000005,126.39999999999998,1,1,1.0
101,4,1666.9,413.5,275.0,365.70000000000005,1,1,1.0
101,5,238.3,455.1,286.3,126.60000000000002,1,1,1.0
101,6,788.0,172.5,331.29999999999995,199.89999999999998,1,1,1.0
101,7,328.6,556.7,347.4,135.5,1,1,1.0
101,8,1115.6,266.7,212.72000000000003,319.40000000000003,1,1,1.0
102,9,1007.8,209.1,201.5,258.4,1,1,1.0
102,1,193.4,303.5,343.9,168.10000000000002,1,1,0.0
102,2,739.3,421.5,289.10000000000014,148.70000000000005,1,1,1.0
102,3,717.4,559.9,388.19999999999993,129.70000000000005,1,1,1.0
102,4,1667.7,415.2,253.39999999999986,377.3,1,1,1.0
102,5,227.2,454.4,294.59999999999997,124.5,1,1,1.0
102,6,800.8,184.6,319.29999999999995,219.4,1,1,1.0
102,7,289.7,554.6,339.8,150.10000000000002,1,1,1.0
102,8,1114.9,288.2,232.89999999999986,305.50000000000006,1,1,1.0
103,9,992.2,221.8,208.39999999999986,268.9,1,1,1.0
103,1,200.9,299.7,331.1,168.90000000000003,1,1,0.0
103,2,738.4,423.0,292.30000000000007,146.5,1,1,1.0
103,3,715.7,556.6,402.39999999999986,128.0,1,1,1.0
103,4,1614.4,479.3,312.5,319.90000000000003,1,1,1.0
103,5,234.8,454.4,282.8,125.89999999999998,1,1,1.0
103,6,821.1,188.4,300.4999999999999,180.20000000000002,1,1,1.0
103,7,278.6,553.9,354.4,150.80000000000007,1,1,1.0
103,8,1118.4,282.7,221.79999999999995,320.7,1,1,1.0
104,9,998.0,224.1,210.70000000000005,306.0,1,1,1.0
104,1,214.4,300.5,322.9,156.8,1,1,0.0
104,2,697.1,419.2,315.5,147.2,1,1,1.0
104,3,715.7,558.3,380.70000000000005,130.5,1,1,1.0
104,4,1639.4,480.1,290.0,312.4,1,1,1.0
104,5,226.5,448.8,286.9,139.09999999999997,1,1,1.0
104,6,824.9,194.4,296.69999999999993,173.4,1,1,1.0
104,7,268.9,549.0,362.70000000000005,148.79999999999995,1,1,1.0
104,8,1110.8,292.4,240.5,317.20000000000005,1,1,1.0
105,9,1001.5,251.9,162.5999999999999,352.80000000000007,1,1,1.0
105,1,223.4,297.5,322.9,145.5,1,1,0.0
105,2,738.6,383.0,280.1,180.39999999999998,1,1,1.0
105,3,715.7,558.3,392.39999999999986,130.5,1,1,1.0
105,4,1613.6,463.5,324.10000000000014,327.29999999999995,1,1,1.0
105,5,239.7,447.4,264.7,141.20000000000005,1,1,1.0
105,6,821.9,198.1,296.69999999999993,166.70000000000002,1,1,1.0
105,7,280.7,550.4,352.3,149.5,1,1,1.0
105,8,1116.4,292.4,237.69999999999982,315.80000000000007,1,1,1.0
106,9,980.1,268.1,157.39999999999998,333.69999999999993,1,1,1.0
106,1,270.9,299.8,287.5,166.59999999999997,1,1,0.0
106,2,758.1,353.6,238.69999999999993,224.89999999999998,1,1,1.0
106,3,717.4,560.0,389.0000000000001,123.60000000000002,1,1,1.0
106,4,1661.1,479.3,270.8000000000002,308.99999999999994,1,1,1.0
106,5,259.1,443.2,239.7,153.90000000000003,1,1,1.0
106,6,823.4,199.6,296.69999999999993,166.70000000000002,1,1,1.0
106,7,264.7,551.1,367.59999999999997,145.29999999999995,1,1,1.0
106,8,1119.2,293.8,243.20000000000005,308.09999999999997,1,1,1.0
107,9,972.0,280.8,173.0,312.3,1,1,1.0
107,1,476.6,235.0,100.60000000000002,66.39999999999998,1,1,0.0
107,2,701.6,277.5,146.79999999999995,286.70000000000005,1,1,1.0
107,3,716.6,557.5,383.9999999999999,125.39999999999998,1,1,1.0
107,4,1673.6,483.5,261.60000000000014,306.5,1,1,1.0
107,5,260.13,446.5,241.07,150.27999999999997,1,1,1.0
107,6,775.2,195.1,338.0999999999999,174.20000000000002,1,1,1.0
107,7,270.3,551.1,364.8,141.10000000000002,1,1,1.0
107,8,1116.8,300.0,247.70000000000005,290.79999999999995,1,1,1.0
108,9,918.2,284.3,247.0999999999999,284.49999999999994,1,1,1.0
108,1,466.1,222.2,154.79999999999995,290.3,1,1,1.0
108,2,676.7,242.8,152.89999999999998,273.2,1,1,1.0
108,3,715.8,560.8,389.0,123.80000000000007,1,1,1.0
108,4,1673.6,483.5,261.60000000000014,306.5,1,1,1.0
108,5,232.7,457.8,260.5,143.99999999999994,1,1,1.0
108,6,782.0,186.1,335.79999999999995,181.70000000000002,1,1,1.0
108,7,257.8,551.1,380.8,141.79999999999995,1,1,1.0
108,8,1128.2,300.0,244.5999999999999,304.0,1,1,1.0
109,9,806.5,405.8,329.9000000000001,153.7,1,1,1.0
109,1,488.0,246.3,154.10000000000002,331.8,1,1,1.0
109,2,640.5,275.2,179.29999999999995,279.09999999999997,1,1,1.0
109,3,715.8,561.6,375.70000000000005,125.5,1,1,1.0
109,4,1669.4,484.3,261.5999999999999,298.99999999999994,1,1,1.0
109,5,244.5,459.9,248.0,150.70000000000005,1,1,1.0
109,6,776.0,184.6,335.0,190.70000000000002,1,1,1.0
109,7,337.0,554.6,303.70000000000005,139.0,1,1,1.0
109,8,1113.6,304.2,262.70000000000005,290.09999999999997,1,1,1.0
110,9,800.7,400.6,326.39999999999986,149.10000000000002,1,1,1.0
110,1,543.0,381.9,178.89999999999998,344.70000000000005,1,1,1.0
110,2,668.3,263.9,165.10000000000002,279.20000000000005,1,1,1.0
110,3,715.8,560.8,374.0,128.0,1,1,1.0
110,4,1671.1,479.3,259.9000000000001,300.7,1,1,1.0
110,5,242.4,459.2,249.4,146.8,1,1,1.0
110,6,785.8,193.6,327.5,184.00000000000003,1,1,1.0
110,7,371.0,558.8,198.89999999999998,152.9000000000001,1,1,1.0
110,8,1107.4,308.4,265.39999999999986,302.6,1,1,1.0
111,9,811.1,408.2,309.1,138.59999999999997,1,1,1.0
111,1,445.8,592.9,254.2,239.89999999999998,1,1,1.0
111,2,669.8,251.1,179.4000000000001,251.29999999999998,1,1,1.0
111,3,715.8,563.3,367.29999999999995,128.0,1,1,1.0
111,4,1667.8,432.6,273.20000000000005,350.69999999999993,1,1,1.0
111,5,249.3,457.1,248.7,148.89999999999998,1,1,1.0
111,6,776.0,189.1,344.79999999999995,191.50000000000003,1,1,1.0
111,7,348.1,576.2,187.10000000000002,169.5,1,1,1.0
111,8,1102.5,313.3,270.29999999999995,296.3,1,1,1.0
112,9,811.7,405.9,313.0999999999999,142.10000000000002,1,1,1.0
112,1,414.1,696.8,237.69999999999993,136.80000000000007,1,1,1.0
112,2,662.3,265.4,178.60000000000002,232.5,1,1,1.0
112,3,715.8,565.0,334.0,141.29999999999995,1,1,1.0
112,4,1668.6,387.6,236.60000000000014,424.0,1,1,1.0
112,5,208.3,455.7,296.59999999999997,153.8,1,1,1.0
112,6,791.1,174.8,325.19999999999993,199.8,1,1,1.0
112,7,341.2,581.8,171.09999999999997,200.0,1,1,1.0
112,8,1112.2,308.4,257.0999999999999,270.6,1,1,1.0
113,9,813.4,401.2,307.9,141.00000000000006,1,1,1.0
113,1,413.3,709.0,220.40000000000003,132.10000000000002,1,1,1.0
113,2,663.0,261.1,171.0,241.29999999999995,1,1,1.0
113,3,720.8,565.8,329.0,133.0,1,1,1.0
113,4,1678.6,270.9,179.10000000000014,449.0,1,1,1.0
113,5,214.5,461.3,288.3,147.49999999999994,1,1,1.0
113,6,797.1,171.0,320.69999999999993,204.39999999999998,1,1,1.0
113,7,238.4,606.8,293.30000000000007,147.20000000000005,1,1,1.0
113,8,1110.8,307.0,259.20000000000005,274.1,1,1,1.0
114,9,760.7,390.2,367.0,143.90000000000003,1,1,1.0
114,1,396.7,709.8,228.7,133.60000000000002,1,1,1.0
114,2,663.0,261.8,178.70000000000005,240.59999999999997,1,1,1.0
114,3,720.8,565.8,324.79999999999995,137.20000000000005,1,1,1.0
114,4,1675.3,205.1,177.4000000000001,408.1,1,1,1.0
114,5,213.8,459.2,289.0,149.59999999999997,1,1,1.0
114,6,806.9,171.0,307.1,199.89999999999998,1,1,1.0
114,7,230.8,610.3,309.90000000000003,142.30000000000007,1,1,1.0
114,8,1118.4,307.0,251.5999999999999,263.70000000000005,1,1,1.0
115,9,753.2,409.9,346.70000000000005,129.39999999999998,1,1,1.0
115,1,326.6,717.3,298.79999999999995,120.10000000000002,1,1,1.0
115,2,665.3,243.6,175.70000000000005,255.79999999999998,1,1,1.0
115,3,720.8,562.5,324.79999999999995,142.20000000000005,1,1,1.0
115,4,1661.1,165.9,212.4000000000001,350.6,1,1,1.0
115,5,213.8,463.4,291.09999999999997,144.70000000000005,1,1,1.0
115,6,797.9,175.5,317.6,192.39999999999998,1,1,1.0
115,7,240.5,617.9,308.5,134.70000000000005,1,1,1.0
115,8,1119.8,307.0,251.60000000000014,242.89999999999998,1,1,1.0
116,9,778.1,383.9,322.4,158.30000000000007,1,1,1.0
116,1,312.3,724.8,319.90000000000003,131.4000000000001,1,1,1.0
116,2,665.3,240.6,173.4000000000001,270.1,1,1,1.0
116,3,721.6,565.0,323.19999999999993,138.0,1,1,1.0
116,4,1642.8,161.0,226.5,363.79999999999995,1,1,1.0
116,5,211.7,459.9,293.90000000000003,148.89999999999998,1,1,1.0
116,6,783.6,187.6,333.4,178.00000000000003,1,1,1.0
116,7,250.2,615.1,296.7,138.19999999999993,1,1,1.0
116,8,1114.2,316.0,258.5999999999999,229.0,1,1,1.0
117,9,777.5,391.4,325.9000000000001,154.30000000000007,1,1,1.0
117,1,286.7,716.5,350.8,140.5,1,1,1.0
117,2,665.3,270.7,178.30000000000007,245.3,1,1,1.0
117,3,724.1,566.7,351.4999999999999,138.0,1,1,1.0
117,4,1667.0,158.5,193.9000000000001,372.9,1,1,1.0
117,5,233.9,465.4,271.70000000000005,146.20000000000005,1,1,1.0
117,6,807.7,200.4,306.29999999999995,169.70000000000002,1,1,1.0
117,7,241.2,619.3,311.3,122.20000000000005,1,1,1.0
117,8,1119.8,318.1,255.10000000000014,224.79999999999995,1,1,1.0
118,9,735.8,408.2,363.0,142.09999999999997,1,1,1.0
118,1,281.4,705.2,350.1,140.5,1,1,1.0
118,2,661.5,269.9,171.89999999999998,245.30000000000007,1,1,1.0
118,3,725.8,565.0,317.29999999999995,142.20000000000005,1,1,1.0
118,4,1672.0,166.0,188.9000000000001,371.20000000000005,1,1,1.0
118,5,220.0,466.8,287.0,141.99999999999994,1,1,1.0
118,6,816.0,204.2,300.29999999999995,165.90000000000003,1,1,1.0
118,7,241.2,617.9,308.50000000000006,116.70000000000005,1,1,1.0
118,8,1117.7,320.2,257.20000000000005,224.8,1,1,1.0
119,9,751.4,409.9,339.9,141.0,1,1,1.0
119,1,286.7,705.2,344.8,139.69999999999993,1,1,1.0
119,2,663.0,260.9,174.20000000000005,246.8,1,1,1.0
119,3,727.5,565.8,354.70000000000005,153.9000000000001,1,1,1.0
119,4,1671.2,177.7,185.5,379.50000000000006,1,1,1.0
119,5,209.6,461.2,299.5,145.50000000000006,1,1,1.0
119,6,818.8,211.8,294.70000000000005,157.59999999999997,1,1,1.0
119,7,238.4,618.6,313.4,115.29999999999995,1,1,1.0
119,8,1113.5,321.6,264.9000000000001,220.60000000000002,1,1,1.0
120,9,735.2,412.2,356.0999999999999,139.90000000000003,1,1,1.0
120,1,261.1,709.7,371.9,134.39999999999998,1,1,1.0
120,2,667.5,257.1,170.5,253.59999999999997,1,1,1.0
120,3,736.7,570.8,356.29999999999995,145.60000000000002,1,1,1.0
120,4,1671.2,202.7,183.0,362.00000000000006,1,1,1.0
120,5,221.4,464.7,287.70000000000005,146.2,1,1,1.0
120,6,820.2,213.2,297.5,156.90000000000003,1,1,1.0
120,7,214.8,618.6,343.90000000000003,113.89999999999998,1,1,1.0
120,8,1105.9,324.4,275.29999999999995,219.20000000000005,1,1,1.0
