1,1,226.13,675.89,122.97000000000003,200.83000000000004,1,1,1.0
1,2,298.71,650.45,194.99,277.29999999999995,1,1,1.0
1,3,496.51,715.1,145.43000000000006,311.2099999999999,1,1,1.0
1,4,426.66,660.55,250.92000000000002,251.67000000000007,1,1,1.0
1,5,459.52,539.53,387.23,106.80000000000007,1,1,1.0
1,6,740.1,633.72,320.87,150.76999999999998,1,1,1.0
1,7,701.77,790.76,234.34000000000003,244.21000000000004,1,1,1.0
1,8,1079.93,526.41,255.56999999999994,199.12,1,1,1.0
1,9,1354.7,559.8,227.5999999999999,278.4200000000001,1,1,1.0
1,10,1592.21,600.7,45.52999999999997,120.3599999999999,1,1,0.0
2,1,226.13,675.89,124.26999999999998,171.90999999999997,1,1,1.0
2,2,299.3,636.0,195.7,294.29999999999995,1,1,1.0
2,3,502.2,753.5,123.90000000000003,308.0,1,1,1.0
2,4,553.25,684.66,179.35000000000002,275.0400000000001,1,1,1.0
2,5,462.7,539.53,344.3,106.80000000000007,1,1,1.0
2,6,740.1,603.6,310.80000000000007,185.89999999999998,1,1,1.0
2,7,701.77,790.76,234.34000000000003,244.21000000000004,1,1,1.0
2,8,1066.7,528.3,268.79999999999995,184.0,1,1,1.0
2,9,1354.7,570.7,238.89999999999986,264.5,1,1,1.0
2,10,1592.21,608.0,45.52999999999997,113.05999999999995,1,1,0.0
3,1,239.3,675.89,150.7,116.61000000000001,1,1,1.0
3,2,299.3,639.8,195.7,288.6,1,1,1.0
3,3,499.6,758.7,121.69999999999993,300.20000000000005,1,1,1.0
3,4,596.2,665.1,130.39999999999998,283.29999999999995,1,1,1.0
3,5,462.7,539.53,356.90000000000003,106.80000000000007,1,1,1.0
3,6,797.2,495.0,203.5,307.70000000000005,1,1,1.0
3,7,725.9,798.3,207.20000000000005,250.20000000000005,1,1,1.0
3,8,1066.7,532.1,258.0999999999999,205.89999999999998,1,1,1.0
3,9,1354.7,570.7,269.0,248.79999999999995,1,1,1.0
3,10,1592.21,608.0,45.52999999999997,113.05999999999995,1,1,0.0
4,1,244.3,675.89,140.59999999999997,77.71000000000004,1,1,0.0
4,2,299.3,653.0,195.7,272.29999999999995,1,1,1.0
4,3,499.6,761.3,115.10000000000002,301.10000000000014,1,1,1.0
4,4,603.7,649.3,122.89999999999998,362.4000000000001,1,1,1.0
4,5,465.8,539.53,342.8,106.80000000000007,1,1,1.0
4,6,802.5,488.2,190.70000000000005,329.59999999999997,1,1,1.0
4,7,724.4,744.0,212.5,317.29999999999995,1,1,1.0
4,8,1056.7,544.7,298.89999999999986,156.89999999999998,1,1,1.0
4,9,1346.4,596.0,318.29999999999995,206.5,1,1,1.0
4,10,1592.21,658.8,45.52999999999997,62.25999999999999,1,1,0.0
5,1,242.5,670.9,149.3,82.70000000000005,1,1,0.0
5,2,314.4,630.4,220.80000000000007,292.4,1,1,1.0
5,3,491.3,773.5,113.80000000000001,322.9000000000001,1,1,1.0
5,4,595.4,650.8,179.39999999999998,333.80000000000007,1,1,1.0
5,5,465.8,539.53,315.59999999999997,106.80000000000007,1,1,1.0
5,6,761.1,573.3,304.4,249.0,1,1,1.0
5,7,754.5,819.4,190.70000000000005,306.69999999999993,1,1,1.0
5,8,1064.9,527.1,246.0999999999999,247.29999999999995,1,1,1.0
5,9,1346.4,599.1,294.29999999999995,207.79999999999995,1,1,1.0
5,10,1592.21,612.8,45.52999999999997,108.25999999999999,1,1,0.0
6,1,242.5,670.9,149.3,82.70000000000005,1,1,0.0
6,2,329.5,662.4,204.39999999999998,261.70000000000005,1,1,1.0
6,3,463.8,785.3,152.2,288.9000000000001,1,1,1.0
6,4,598.4,649.3,185.39999999999998,343.6,1,1,1.0
6,5,466.8,534.8,298.40000000000003,110.0,1,1,1.0
6,6,798.8,619.3,323.20000000000005,161.60000000000002,1,1,1.0
6,7,707.0,732.7,251.76,281.88,1,1,1.0
6,8,1187.3,502.0,155.70000000000005,315.70000000000005,1,1,1.0
6,9,1346.4,601.7,286.5,214.39999999999998,1,1,1.0
6,10,1595.4,620.6,42.33999999999992,100.45999999999992,1,1,0.0
7,1,242.5,670.9,149.3,82.70000000000005,1,1,0.0
7,2,332.6,623.5,201.29999999999995,294.9,1,1,1.0
7,3,422.8,859.9,162.2,205.60000000000002,1,1,1.0
7,4,587.85,755.55,232.85000000000002,281.04999999999995,1,1,1.0
7,5,479.9,525.9,282.20000000000005,118.89999999999998,1,1,1.0
7,6,835.0,519.1,225.20000000000005,285.9,1,1,1.0
7,7,512.59,635.5,294.01,147.0,1,1,1.0
7,8,1209.3,485.7,123.70000000000005,306.90000000000003,1,1,1.0
7,9,1341.6,601.7,262.5,217.0,1,1,1.0
7,10,1599.0,620.6,38.74000000000001,105.19999999999993,1,1,0.0
8,1,242.5,670.9,149.3,161.80000000000007,1,1,1.0
8,2,336.4,630.4,201.89999999999998,286.70000000000005,1,1,1.0
8,3,367.4,910.5,192.70000000000005,209.9000000000001,1,1,1.0
8,4,587.85,875.4,320.25,136.30000000000007,1,1,1.0
8,5,480.9,533.2,300.0,107.39999999999998,1,1,1.0
8,6,902.8,536.4,178.5,254.30000000000007,1,1,1.0
8,7,477.18,633.99,309.82,111.61000000000001,1,1,1.0
8,8,1204.3,482.6,127.40000000000009,369.69999999999993,1,1,1.0
8,9,1339.0,601.7,270.29999999999995,217.39999999999998,1,1,1.0
8,10,1602.2,620.6,35.539999999999964,109.39999999999998,1,1,0.0
9,1,242.5,676.6,109.10000000000002,252.79999999999995,1,1,1.0
9,2,330.7,652.4,208.90000000000003,258.4,1,1,1.0
9,3,362.6,878.7,216.29999999999995,236.0,1,1,1.0
9,4,648.88,850.5,333.82000000000005,168.73000000000002,1,1,1.0
9,5,480.9,533.2,284.30000000000007,107.39999999999998,1,1,1.0
9,6,928.4,508.5,166.5000000000001,293.5,1,1,1.0
9,7,407.85,593.3,270.65,125.20000000000005,1,1,1.0
9,8,1197.39,687.93,256.1099999999999,251.07000000000005,1,1,1.0
9,9,1349.5,597.3,263.29999999999995,213.10000000000002,1,1,1.0
9,10,1602.2,620.6,35.539999999999964,100.0,1,1,0.0
10,1,247.5,676.6,106.60000000000002,260.29999999999995,1,1,1.0
10,2,330.7,634.2,203.2,276.5999999999999,1,1,1.0
10,3,416.2,828.1,162.7,211.60000000000002,1,1,1.0
10,4,636.8,786.5,359.5,210.10000000000002,1,1,1.0
10,5,493.5,529.5,350.70000000000005,125.20000000000005,1,1,1.0
10,6,953.3,520.6,161.20000000000005,265.6,1,1,1.0
10,7,371.68,581.24,255.61999999999995,102.55999999999995,1,1,1.0
10,8,1214.35,751.36,291.25,244.14,1,1,1.0
10,9,1346.0,597.3,266.79999999999995,208.30000000000007,1,1,1.0
10,10,1602.2,620.6,35.539999999999964,100.0,1,1,0.0
11,1,250.0,676.6,109.80000000000001,260.29999999999995,1,1,1.0
11,2,337.6,636.7,196.29999999999995,279.0999999999999,1,1,1.0
11,3,429.7,828.1,149.2,222.4999999999999,1,1,1.0
11,4,883.96,696.1,318.8399999999999,172.39999999999998,1,1,1.0
11,5,493.5,548.3,309.9,183.30000000000007,1,1,1.0
11,6,920.9,474.6,187.60000000000002,274.69999999999993,1,1,1.0
11,7,345.52,590.1,209.58000000000004,92.13,1,1,0.0
11,8,1289.07,856.85,326.43000000000006,205.85000000000002,1,1,1.0
11,9,1341.2,598.6,271.5999999999999,207.89999999999998,1,1,1.0
11,10,1602.2,620.6,35.539999999999964,108.39999999999998,1,1,0.0
12,1,247.5,676.6,108.5,245.89999999999998,1,1,1.0
12,2,334.5,644.9,199.39999999999998,269.6,1,1,1.0
12,3,430.6,832.5,148.29999999999995,201.5,1,1,1.0
12,4,1063.3,548.41,257.04999999999995,252.29000000000008,1,1,1.0
12,5,499.8,532.0,332.49999999999994,198.29999999999995,1,1,1.0
12,6,960.1,418.8,163.4999999999999,291.3,1,1,1.0
12,7,345.52,574.4,175.08000000000004,129.80000000000007,1,1,0.0
12,8,1346.2,858.1,274.29999999999995,213.9999999999999,1,1,1.0
12,9,1339.0,598.6,273.79999999999995,208.29999999999995,1,1,1.0
12,10,1602.2,620.6,35.539999999999964,103.19999999999993,1,1,0.0
13,1,243.1,676.6,112.9,262.19999999999993,1,1,1.0
13,2,334.5,641.8,199.39999999999998,273.30000000000007,1,1,1.0
13,3,431.9,835.1,147.0,198.4999999999999,1,1,1.0
13,4,1061.8,545.4,244.20000000000005,236.5,1,1,1.0
13,5,504.8,515.7,318.7,217.0999999999999,1,1,1.0
13,6,954.1,469.3,158.19999999999993,265.7,1,1,1.0
13,7,318.8,555.6,197.59999999999997,148.60000000000002,1,1,0.0
13,8,1361.27,820.42,241.02999999999997,214.0000000000001,1,1,1.0
13,9,1333.8,598.6,279.0,206.60000000000002,1,1,1.0
13,10,1602.2,620.6,35.539999999999964,103.19999999999993,1,1,0.0
14,1,238.1,681.6,119.78,249.64,1,1,1.0
14,2,330.1,649.3,203.79999999999995,260.80000000000007,1,1,1.0
14,3,431.9,828.1,147.0,201.9999999999999,1,1,1.0
14,4,1079.1,545.4,237.4000000000001,234.20000000000005,1,1,1.0
14,5,504.8,527.6,324.99999999999994,205.19999999999993,1,1,1.0
14,6,960.9,472.3,145.39999999999998,279.3,1,1,1.0
14,7,351.8,555.6,164.59999999999997,148.60000000000002,1,1,0.0
14,8,1279.0,762.7,329.5999999999999,168.0999999999999,1,1,1.0
14,9,1335.5,589.9,243.29999999999995,212.70000000000005,1,1,1.0
14,10,1602.2,620.6,35.539999999999964,103.19999999999993,1,1,0.0
15,1,235.0,675.3,122.88,238.4000000000001,1,1,1.0
15,2,330.1,664.4,203.79999999999995,245.70000000000005,1,1,1.0
15,3,431.9,831.2,147.0,231.5999999999999,1,1,1.0
15,4,1061.0,534.8,247.20000000000005,237.30000000000007,1,1,1.0
15,5,504.8,520.1,319.3,218.39999999999998,1,1,1.0
15,6,926.2,478.3,177.0999999999999,293.59999999999997,1,1,1.0
15,7,351.8,551.4,164.59999999999997,152.80000000000007,1,1,0.0
15,8,1174.76,742.61,381.1400000000001,131.09000000000003,1,1,1.0
15,9,1331.1,539.3,254.70000000000005,238.0,1,1,1.0
15,10,1587.0,604.9,50.74000000000001,119.89999999999998,1,1,0.0
16,1,231.9,675.3,135.4,231.5,1,1,1.0
16,2,337.6,667.9,196.29999999999995,246.0,1,1,1.0
16,3,417.1,841.2,161.79999999999995,250.39999999999986,1,1,1.0
16,4,1081.4,522.8,250.19999999999982,221.4000000000001,1,1,1.0
16,5,522.4,515.1,246.39999999999998,252.29999999999995,1,1,1.0
16,6,937.5,495.6,215.5,254.39999999999998,1,1,1.0
16,7,315.7,551.4,200.7,152.80000000000007,1,1,0.0
16,8,789.21,708.1,339.0899999999999,178.78999999999996,1,1,1.0
16,9,1410.9,513.6,216.79999999999995,252.39999999999998,1,1,1.0
16,10,1587.0,613.3,50.74000000000001,136.60000000000002,1,1,0.0
17,1,230.6,686.6,136.70000000000002,272.29999999999995,1,1,1.0
17,2,330.7,614.8,203.2,298.0,1,1,1.0
17,3,407.6,838.6,171.29999999999995,228.10000000000002,1,1,1.0
17,4,1102.1,516.5,215.70000000000005,227.70000000000005,1,1,1.0
17,5,531.8,510.1,230.10000000000002,264.79999999999995,1,1,1.0
17,6,951.8,509.9,195.9000000000001,193.39999999999998,1,1,1.0
17,7,318.8,551.4,197.59999999999997,152.80000000000007,1,1,0.0
17,8,789.21,696.2,259.99,207.5999999999999,1,1,1.0
17,9,1416.1,507.5,206.80000000000018,259.79999999999995,1,1,1.0
17,10,1578.6,617.0,59.1400000000001,138.70000000000005,1,1,0.0
18,1,215.5,689.7,156.8,279.19999999999993,1,1,1.0
18,2,344.9,592.6,189.0,318.4,1,1,1.0
18,3,412.4,834.2,166.5,255.5999999999999,1,1,1.0
18,4,1105.2,516.5,212.5999999999999,224.60000000000002,1,1,1.0
18,5,591.5,515.1,157.79999999999995,290.6,1,1,1.0
18,6,951.8,509.9,191.4000000000001,193.39999999999998,1,1,1.0
18,7,318.8,561.9,199.7,142.30000000000007,1,1,0.0
18,8,779.2,635.9,213.5,280.5,1,1,1.0
18,9,1408.7,536.28,196.76,261.52,1,1,1.0
18,10,1549.8,631.1,87.94000000000005,119.89999999999998,1,1,0.0
19,1,215.5,687.8,158.05,269.5,1,1,1.0
19,2,375.8,603.1,250.2,253.0,1,1,1.0
19,3,404.5,836.8,154.29999999999995,246.0,1,1,1.0
19,4,1105.2,507.1,215.0999999999999,234.0,1,1,1.0
19,5,598.4,510.1,146.5,314.5,1,1,1.0
19,6,951.8,511.4,185.4000000000001,187.39999999999998,1,1,1.0
19,7,318.8,556.7,199.7,147.5,1,1,0.0
19,8,850.78,710.6,326.52,109.69999999999993,1,1,1.0
19,9,1401.7,543.3,196.79999999999995,261.9000000000001,1,1,1.0
19,10,1554.0,631.1,83.74000000000001,114.69999999999993,1,1,0.0
20,1,215.5,685.9,159.3,259.80000000000007,1,1,1.0
20,2,391.5,538.2,290.0,260.9,1,1,1.0
20,3,390.1,866.9,147.29999999999995,243.39999999999998,1,1,1.0
20,4,1141.6,507.7,217.60000000000014,219.59999999999997,1,1,1.0
20,5,583.3,501.3,161.60000000000002,361.59999999999997,1,1,1.0
20,6,956.3,511.4,180.9000000000001,187.39999999999998,1,1,1.0
20,7,318.8,552.5,198.09999999999997,151.70000000000005,1,1,0.0
20,8,1041.05,721.28,314.54999999999995,144.22000000000003,1,1,1.0
20,9,1401.7,531.5,223.39999999999986,268.5,1,1,1.0
20,10,1561.3,627.4,76.44000000000005,118.39999999999998,1,1,0.0
21,1,223.7,681.5,151.10000000000002,254.79999999999995,1,1,1.0
21,2,484.1,497.9,338.69999999999993,176.70000000000005,1,1,1.0
21,3,391.8,863.0,145.59999999999997,243.4000000000001,1,1,1.0
21,4,1103.9,500.8,207.5999999999999,241.59999999999997,1,1,1.0
21,5,583.3,503.8,186.70000000000005,404.3,1,1,1.0
21,6,956.3,511.4,180.9000000000001,187.39999999999998,1,1,1.0
21,7,318.8,556.2,198.59999999999997,148.0,1,1,0.0
21,8,1211.85,758.32,271.85000000000014,235.88,1,1,1.0
21,9,1431.4,510.6,194.0999999999999,234.5,1,1,1.0
21,10,1622.5,627.4,15.240000000000009,71.80000000000007,1,1,0.0
22,1,231.9,687.8,142.9,190.10000000000002,1,1,1.0
22,2,481.0,495.8,337.1,123.90000000000003,1,1,1.0
22,3,397.9,853.4,139.5,208.10000000000002,1,1,1.0
22,4,1103.9,512.1,203.19999999999982,230.29999999999995,1,1,1.0
22,5,559.4,542.7,189.89999999999998,347.79999999999995,1,1,1.0
22,6,932.2,515.9,209.5,198.0,1,1,1.0
22,7,318.8,559.9,201.2,144.30000000000007,1,1,0.0
22,8,1274.64,717.51,197.15999999999985,252.19000000000005,1,1,1.0
22,9,1472.4,477.46,155.29999999999995,122.44,1,1,1.0
22,10,1624.5,649.0,13.599999999999909,64.91999999999996,1,1,0.0
23,1,179.2,739.3,287.90000000000003,132.30000000000007,1,1,1.0
23,2,511.4,508.4,324.0,151.10000000000002,1,1,1.0
23,3,401.8,858.6,135.59999999999997,196.80000000000007,1,1,1.0
23,4,1115.2,519.0,206.29999999999995,226.5,1,1,1.0
23,5,585.1,552.7,159.79999999999995,366.69999999999993,1,1,1.0
23,6,958.6,497.8,183.89999999999998,225.90000000000003,1,1,1.0
23,7,318.8,557.3,197.49999999999994,146.9000000000001,1,1,0.0
23,8,1270.2,676.7,246.79999999999995,274.19999999999993,1,1,1.0
23,9,1538.6,475.3,89.10000000000014,97.49999999999994,1,1,0.0
23,10,1626.5,670.6,11.960000000000036,58.02999999999997,1,1,0.0
24,1,210.6,699.7,299.79999999999995,164.39999999999998,1,1,1.0
24,2,635.4,486.4,240.30000000000007,308.1,1,1,1.0
24,3,401.8,863.4,142.09999999999997,184.60000000000002,1,1,1.0
24,4,1115.2,519.6,205.0,225.89999999999998,1,1,1.0
24,5,563.8,628.7,183.60000000000002,322.69999999999993,1,1,1.0
24,6,955.6,511.4,186.89999999999998,215.30000000000007,1,1,1.0
24,7,318.8,545.3,197.99999999999994,158.9000000000001,1,1,0.0
24,8,1243.2,676.7,273.79999999999995,268.5,1,1,1.0
24,9,1613.6,475.3,14.100000000000136,97.49999999999994,1,1,0.0
24,10,1629.8,670.6,8.660000000000082,55.10000000000002,1,1,0.0
25,1,280.9,660.8,296.1,209.0,1,1,1.0
25,2,765.7,554.42,160.79999999999995,401.7800000000001,1,1,1.0
25,3,402.7,863.4,143.40000000000003,206.0000000000001,1,1,1.0
25,4,1118.3,519.6,201.9000000000001,225.89999999999998,1,1,1.0
25,5,574.5,662.0,177.89999999999998,271.20000000000005,1,1,1.0
25,6,955.6,511.4,184.60000000000002,209.30000000000007,1,1,1.0
25,7,318.8,545.3,197.99999999999994,158.9000000000001,1,1,0.0
25,8,1230.0,676.7,287.0,269.69999999999993,1,1,1.0
25,9,1614.9,503.31,14.099999999999909,93.68,1,1,0.0
25,10,1629.8,670.6,8.660000000000082,43.5,1,1,0.0
26,1,323.6,613.7,301.79999999999995,225.29999999999995,1,1,1.0
26,2,807.6,661.17,120.5,391.83000000000004,1,1,1.0
26,3,407.1,863.4,133.29999999999995,212.69999999999993,1,1,1.0
26,4,1115.2,521.5,213.79999999999995,224.0,1,1,1.0
26,5,558.8,658.2,193.60000000000002,268.69999999999993,1,1,1.0
26,6,952.6,515.9,181.60000000000002,191.20000000000005,1,1,1.0
26,7,318.8,545.3,197.99999999999994,158.9000000000001,1,1,0.0
26,8,1258.3,673.6,258.70000000000005,280.29999999999995,1,1,1.0
26,9,1616.2,531.33,14.099999999999909,89.83999999999992,1,1,0.0
26,10,1629.8,670.6,8.660000000000082,43.5,1,1,0.0
27,1,375.1,606.8,238.39999999999998,303.20000000000005,1,1,1.0
27,2,807.6,756.4,117.39999999999998,362.0000000000001,1,1,1.0
27,3,411.0,852.9,131.10000000000002,213.89999999999998,1,1,1.0
27,4,1115.2,520.9,208.79999999999995,227.10000000000002,1,1,1.0
27,5,575.1,692.1,177.29999999999995,259.29999999999995,1,1,1.0
27,6,952.6,527.2,183.10000000000002,179.89999999999998,1,1,1.0
27,7,318.8,545.3,197.99999999999994,158.9000000000001,1,1,0.0
27,8,1324.9,674.9,189.0,290.9,1,1,1.0
27,9,1617.51,559.34,14.099999999999909,86.01999999999998,1,1,0.0
27,10,1627.6,670.6,10.860000000000127,61.299999999999955,1,1,0.0
28,1,432.2,576.7,264.2,286.79999999999995,1,1,1.0
28,2,805.5,774.2,117.39999999999998,328.5,1,1,1.0
28,3,411.0,850.3,131.10000000000002,221.70000000000005,1,1,1.0
28,4,1115.2,517.1,204.39999999999986,230.89999999999998,1,1,1.0
28,5,550.0,688.3,202.39999999999998,278.20000000000005,1,1,1.0
28,6,948.8,527.2,186.9000000000001,179.89999999999998,1,1,1.0
28,7,318.8,545.3,197.99999999999994,158.9000000000001,1,1,0.0
28,8,1342.5,679.3,162.0,314.80000000000007,1,1,1.0
28,9,1618.81,587.36,14.100000000000136,82.17999999999995,1,1,0.0
28,10,1614.2,670.6,24.25999999999999,61.299999999999955,1,1,0.0
29,1,462.3,556.6,296.90000000000003,209.60000000000002,1,1,1.0
29,2,805.5,769.0,117.39999999999998,333.70000000000005,1,1,1.0
29,3,406.6,855.5,133.79999999999995,241.79999999999995,1,1,1.0
29,4,1115.2,517.1,204.39999999999986,230.89999999999998,1,1,1.0
29,5,505.4,697.1,243.20000000000005,233.60000000000002,1,1,1.0
29,6,957.1,527.2,181.60000000000002,175.39999999999998,1,1,1.0
29,7,318.8,545.3,197.99999999999994,158.9000000000001,1,1,0.0
29,8,1342.5,669.3,162.0,339.20000000000005,1,1,1.0
29,9,1620.11,615.37,14.100000000000136,78.36000000000001,1,1,0.0
29,10,1614.2,644.4,24.25999999999999,81.70000000000005,1,1,0.0
30,1,514.4,542.2,267.4,227.79999999999995,1,1,1.0
30,2,806.02,760.6,117.39999999999998,329.4999999999999,1,1,1.0
30,3,410.5,851.6,129.89999999999998,215.9999999999999,1,1,1.0
30,4,1115.2,517.1,201.29999999999995,230.89999999999998,1,1,1.0
30,5,473.4,713.4,275.20000000000005,184.0,1,1,1.0
30,6,957.1,512.9,180.80000000000007,189.70000000000005,1,1,1.0
30,7,318.8,548.4,197.99999999999994,155.80000000000007,1,1,0.0
30,8,1342.5,669.3,162.0,348.0,1,1,1.0
30,9,1621.41,643.39,14.099999999999909,74.51999999999998,1,1,0.0
30,10,1622.6,658.9,15.860000000000127,67.20000000000005,1,1,0.0
31,1,525.0,530.9,243.60000000000002,210.20000000000005,1,1,1.0
31,2,806.5,773.2,116.91999999999996,333.5999999999999,1,1,1.0
31,3,410.5,849.0,132.5,240.0,1,1,1.0
31,4,1117.1,494.5,210.70000000000005,256.0,1,1,1.0
31,5,266.18,765.52,302.82,100.48000000000002,1,1,1.0
31,6,957.1,512.9,178.4999999999999,189.70000000000005,1,1,1.0
31,7,318.8,546.3,197.99999999999994,157.9000000000001,1,1,0.0
31,8,1353.8,669.3,145.0,342.30000000000007,1,1,1.0
31,9,1622.71,671.4,14.099999999999909,70.70000000000005,1,1,0.0
31,10,1625.5,658.9,12.970000000000027,67.20000000000005,1,1,0.0
32,1,528.1,531.5,233.0,213.39999999999998,1,1,1.0
32,2,806.5,777.4,116.91999999999996,333.6,1,1,1.0
32,3,410.5,854.2,132.5,227.39999999999986,1,1,1.0
32,4,1135.3,489.5,203.79999999999995,278.0,1,1,1.0
32,5,241.06,763.01,270.14,107.99000000000001,1,1,1.0
32,6,957.1,514.4,178.4999999999999,190.5,1,1,1.0
32,7,318.8,548.4,194.90000000000003,155.80000000000007,1,1,0.0
32,8,1372.79,699.14,180.30999999999995,359.4599999999999,1,1,1.0
32,9,1624.02,699.41,14.099999999999909,66.88,1,1,0.0
32,10,1625.5,658.9,12.970000000000027,67.20000000000005,1,1,0.0
33,1,517.4,536.5,247.5,195.20000000000005,1,1,1.0
33,2,803.4,771.1,120.01999999999998,334.69999999999993,1,1,1.0
33,3,410.5,854.2,132.5,227.39999999999986,1,1,1.0
33,4,1186.2,461.9,191.79999999999995,263.5,1,1,1.0
33,5,247.3,759.2,262.0,109.89999999999998,1,1,1.0
33,6,960.1,491.0,173.80000000000007,224.39999999999998,1,1,1.0
33,7,318.8,548.4,194.90000000000003,155.80000000000007,1,1,0.0
33,8,1392.7,726.3,188.39999999999986,322.4000000000001,1,1,1.0
33,9,1625.32,727.43,14.100000000000136,63.04000000000008,1,1,0.0
33,10,1625.5,658.9,12.970000000000027,67.20000000000005,1,1,0.0
34,1,516.1,536.5,255.69999999999993,199.0,1,1,1.0
34,2,803.4,771.1,120.01999999999998,340.4999999999999,1,1,1.0
34,3,410.5,849.0,132.5,220.4000000000001,1,1,1.0
34,4,1120.9,533.5,193.0,281.1,1,1,1.0
34,5,190.2,755.4,307.2,119.39999999999998,1,1,1.0
34,6,960.1,513.7,173.80000000000007,211.69999999999993,1,1,1.0
34,7,318.8,533.7,194.40000000000003,170.5,1,1,0.0
34,8,1376.4,742.6,200.19999999999982,297.1,1,1,1.0
34,9,1626.62,755.44,14.100000000000136,59.219999999999914,1,1,0.0
34,10,1625.5,658.9,12.970000000000027,67.20000000000005,1,1,0.0
35,1,516.7,534.6,270.19999999999993,195.89999999999998,1,1,1.0
35,2,807.1,775.3,118.89999999999998,353.0,1,1,1.0
35,3,410.5,849.0,129.89999999999998,235.70000000000005,1,1,1.0
35,4,1154.2,533.5,151.5,279.20000000000005,1,1,1.0
35,5,202.8,756.7,291.5,106.19999999999993,1,1,1.0
35,6,958.0,510.2,174.5999999999999,203.00000000000006,1,1,1.0
35,7,318.8,529.0,191.8,175.20000000000005,1,1,0.0
35,8,1376.4,702.8,134.19999999999982,323.29999999999995,1,1,1.0
35,9,1627.92,783.46,14.099999999999909,55.379999999999995,1,1,0.0
35,10,1625.5,658.9,12.970000000000027,67.20000000000005,1,1,0.0
36,1,506.7,534.6,289.00000000000006,193.39999999999998,1,1,1.0
36,2,801.3,779.0,124.70000000000005,377.0,1,1,1.0
36,3,410.5,855.1,132.10000000000002,217.39999999999998,1,1,1.0
36,4,1165.5,527.8,140.79999999999995,289.9000000000001,1,1,1.0
36,5,176.4,758.6,316.0,104.29999999999995,1,1,1.0
36,6,958.0,510.2,176.79999999999995,203.90000000000003,1,1,1.0
36,7,313.0,529.0,197.60000000000002,175.20000000000005,1,1,0.0
36,8,1340.2,688.3,153.20000000000005,281.70000000000005,1,1,1.0
36,9,1629.23,811.47,14.099999999999909,51.559999999999945,1,1,0.0
36,10,1625.5,658.9,12.970000000000027,67.20000000000005,1,1,0.0
37,1,506.1,535.9,304.0,199.0,1,1,1.0
37,2,788.7,787.9,135.69999999999993,370.19999999999993,1,1,1.0
37,3,410.5,860.8,132.10000000000002,211.70000000000005,1,1,1.0
37,4,1161.7,525.3,147.0999999999999,289.30000000000007,1,1,1.0
37,5,209.1,754.8,288.29999999999995,116.90000000000009,1,1,1.0
37,6,962.4,522.8,170.19999999999993,191.30000000000007,1,1,1.0
37,7,313.0,529.0,197.60000000000002,175.20000000000005,1,1,0.0
37,8,1287.8,701.0,230.9000000000001,261.79999999999995,1,1,1.0
37,9,1630.53,839.49,14.100000000000136,47.72000000000003,1,1,0.0
37,10,1625.5,658.9,12.970000000000027,67.20000000000005,1,1,0.0
38,1,508.0,546.6,302.1,207.10000000000002,1,1,1.0
38,2,739.0,812.5,224.60000000000002,322.0999999999999,1,1,1.0
38,3,410.5,864.3,132.10000000000002,216.10000000000014,1,1,1.0
38,4,1156.0,515.3,158.5,299.30000000000007,1,1,1.0
38,5,195.9,754.8,301.5,113.10000000000002,1,1,1.0
38,6,966.8,515.8,171.0,201.4000000000001,1,1,1.0
38,7,313.0,546.3,196.0,157.9000000000001,1,1,0.0
38,8,1220.9,757.1,333.0999999999999,170.39999999999998,1,1,1.0
38,9,1631.83,867.5,14.100000000000136,43.89999999999998,1,1,0.0
38,10,1625.5,658.9,12.970000000000027,67.20000000000005,1,1,0.0
39,1,543.8,520.9,237.4000000000001,240.30000000000007,1,1,1.0
39,2,744.8,777.4,180.60000000000002,361.9,1,1,1.0
39,3,410.5,858.6,132.10000000000002,218.30000000000007,1,1,1.0
39,4,1163.5,515.3,151.0,266.6,1,1,1.0
39,5,181.5,758.6,315.9,109.29999999999995,1,1,1.0
39,6,961.1,511.4,176.69999999999993,198.39999999999998,1,1,1.0
39,7,313.0,532.2,197.0,172.0,1,1,0.0
39,8,1168.45,746.25,333.0999999999999,130.64999999999998,1,1,1.0
39,9,1633.13,895.51,14.099999999999909,40.08000000000004,1,1,0.0
39,10,1625.5,658.9,12.970000000000027,67.20000000000005,1,1,0.0
40,1,556.4,515.9,212.89999999999998,265.4,1,1,1.0
40,2,728.1,782.6,198.29999999999995,362.9999999999999,1,1,1.0
40,3,410.5,862.5,132.10000000000002,229.70000000000005,1,1,1.0
40,4,1167.9,512.8,149.69999999999982,262.80000000000007,1,1,1.0
40,5,224.2,752.9,273.2,131.30000000000007,1,1,1.0
40,6,961.1,518.8,176.69999999999993,197.10000000000002,1,1,1.0
40,7,278.5,525.9,228.39999999999998,178.30000000000007,1,1,0.0
40,8,1216.2,752.5,285.3499999999999,124.39999999999998,1,1,1.0
40,9,1634.43,923.53,14.099999999999909,36.24000000000001,1,1,0.0
40,10,1622.6,658.9,15.870000000000118,71.20000000000005,1,1,0.0
41,1,522.5,532.9,263.1,217.60000000000002,1,1,1.0
41,2,705.6,825.0,223.39999999999998,303.29999999999995,1,1,1.0
41,3,410.5,855.5,132.10000000000002,213.5999999999999,1,1,1.0
41,4,1164.1,523.5,164.80000000000018,249.60000000000002,1,1,1.0
41,5,232.4,752.9,272.5,133.80000000000007,1,1,1.0
41,6,957.2,513.6,178.89999999999986,194.5,1,1,1.0
41,7,287.9,525.9,219.0,178.30000000000007,1,1,0.0
41,8,1239.4,774.48,290.39999999999986,124.39999999999998,1,1,1.0
41,9,1635.74,951.54,14.099999999999909,32.42000000000007,1,1,0.0
41,10,1617.5,658.9,20.970000000000027,71.20000000000005,1,1,0.0
42,1,521.2,538.6,270.69999999999993,204.39999999999998,1,1,1.0
42,2,762.1,830.2,166.89999999999998,298.0999999999999,1,1,1.0
42,3,410.5,846.3,132.10000000000002,206.70000000000005,1,1,1.0
42,4,1171.0,520.4,152.9000000000001,262.1,1,1,1.0
42,5,250.0,727.8,202.2,248.70000000000005,1,1,1.0
42,6,957.2,508.8,178.89999999999986,204.99999999999994,1,1,1.0
42,7,303.1,532.2,207.5,172.0,1,1,0.0
42,8,1208.0,772.6,321.70000000000005,121.29999999999995,1,1,1.0
42,9,1637.04,979.56,14.100000000000136,28.58000000000004,1,1,0.0
42,10,1617.5,658.9,20.970000000000027,71.20000000000005,1,1,0.0
43,1,519.9,546.1,278.30000000000007,207.60000000000002,1,1,1.0
43,2,768.4,846.4,154.30000000000007,292.4,1,1,1.0
43,3,410.5,829.7,146.5,218.5,1,1,1.0
43,4,1171.0,526.1,156.70000000000005,250.69999999999993,1,1,1.0
43,5,213.6,717.8,165.1,325.9000000000001,1,1,1.0
43,6,957.2,508.8,178.89999999999986,208.49999999999994,1,1,1.0
43,7,281.6,523.3,230.60000000000002,180.9000000000001,1,1,0.0
43,8,1221.8,772.6,307.9000000000001,121.29999999999995,1,1,1.0
43,9,1638.34,1007.57,14.100000000000136,24.759999999999877,1,1,0.0
43,10,1617.5,650.9,20.970000000000027,79.20000000000005,1,1,0.0
44,1,523.0,543.6,273.29999999999995,207.60000000000002,1,1,1.0
44,2,778.3,834.4,138.30000000000007,289.69999999999993,1,1,1.0
44,3,427.5,831.0,150.39999999999998,240.29999999999995,1,1,1.0
44,4,1171.0,520.4,157.29999999999995,256.4,1,1,1.0
44,5,202.9,769.9,170.79999999999998,319.0000000000001,1,1,1.0
44,6,957.2,517.1,178.89999999999986,200.19999999999993,1,1,1.0
44,7,316.7,525.9,192.40000000000003,178.30000000000007,1,1,0.0
44,8,1235.6,783.9,318.60000000000014,142.70000000000005,1,1,1.0
44,9,1639.64,1035.59,14.099999999999909,20.920000000000073,1,1,0.0
44,10,1629.5,670.5,8.970000000000027,59.60000000000002,1,1,0.0
45,1,530.5,549.8,263.29999999999995,202.70000000000005,1,1,1.0
45,2,778.3,842.2,136.0,277.70000000000005,1,1,1.0
45,3,413.5,848.0,184.5,236.4000000000001,1,1,1.0
45,4,1173.5,525.4,154.79999999999995,254.5,1,1,1.0
45,5,180.3,776.2,193.39999999999998,248.0,1,1,1.0
45,6,957.2,520.2,178.89999999999986,197.0999999999999,1,1,1.0
45,7,316.7,525.9,192.40000000000003,178.30000000000007,1,1,0.0
45,8,1248.8,780.8,299.70000000000005,186.0,1,1,1.0
45,9,1640.94,1063.6,14.099999999999909,17.100000000000136,1,1,0.0
45,10,1629.5,670.5,8.970000000000027,59.60000000000002,1,1,0.0
46,1,533.0,546.7,263.29999999999995,205.79999999999995,1,1,1.0
46,2,778.3,861.6,139.0,251.9999999999999,1,1,1.0
46,3,352.5,851.5,246.39999999999998,184.5,1,1,1.0
46,4,1168.5,516.0,156.0,260.1,1,1,1.0
46,5,168.4,742.3,202.20000000000002,241.70000000000005,1,1,1.0
46,6,944.6,481.0,191.10000000000002,262.9,1,1,1.0
46,7,316.7,525.9,192.40000000000003,178.30000000000007,1,1,0.0
46,8,1252.6,783.3,300.3000000000002,194.80000000000007,1,1,1.0
46,9,1645.97,1056.9,14.099999999999909,17.09999999999991,1,1,0.0
46,10,1629.5,670.5,8.970000000000027,59.60000000000002,1,1,0.0
47,1,533.0,544.8,267.1,207.70000000000005,1,1,1.0
47,2,778.3,866.3,151.20000000000005,285.0,1,1,1.0
47,3,404.0,860.7,211.89999999999998,178.39999999999986,1,1,1.0
47,4,1168.5,516.0,156.0,260.1,1,1,1.0
47,5,181.0,739.8,189.60000000000002,250.5,1,1,1.0
47,6,975.6,503.7,167.9999999999999,249.8,1,1,1.0
47,7,316.7,525.9,192.40000000000003,178.30000000000007,1,1,0.0
47,8,1258.3,783.3,302.10000000000014,201.70000000000005,1,1,1.0
47,9,1650.99,1050.2,14.099999999999909,17.09999999999991,1,1,0.0
47,10,1629.5,670.5,8.970000000000027,59.60000000000002,1,1,0.0
48,1,537.4,554.2,273.4,210.89999999999998,1,1,1.0
48,2,778.3,830.7,139.70000000000005,280.79999999999995,1,1,1.0
48,3,436.3,849.8,167.8,183.60000000000014,1,1,1.0
48,4,1168.5,516.0,157.9000000000001,265.1,1,1,1.0
48,5,174.7,729.1,208.5,257.4,1,1,1.0
48,6,975.6,513.3,162.30000000000007,227.10000000000002,1,1,1.0
48,7,316.7,531.1,192.40000000000003,173.10000000000002,1,1,0.0
48,8,1271.5,743.1,288.9000000000001,209.89999999999998,1,1,1.0
48,9,1656.01,1043.51,14.099999999999909,17.09999999999991,1,1,0.0
48,10,1629.5,670.5,8.970000000000027,59.60000000000002,1,1,0.0
49,1,559.3,529.1,292.9000000000001,153.10000000000002,1,1,1.0
49,2,785.1,817.1,131.29999999999995,294.4,1,1,1.0
49,3,429.8,872.9,181.3,157.39999999999998,1,1,1.0
49,4,1175.4,525.4,154.79999999999995,255.70000000000005,1,1,1.0
49,5,157.1,725.3,226.1,261.20000000000005,1,1,1.0
49,6,965.2,511.1,171.39999999999986,220.10000000000002,1,1,1.0
49,7,316.7,531.1,192.40000000000003,173.10000000000002,1,1,0.0
49,8,1271.5,756.3,286.4000000000001,207.4000000000001,1,1,1.0
49,9,1633.41,1081.81,14.099999999999909,17.100000000000136,1,1,0.0
49,10,1629.5,670.5,8.970000000000027,59.60000000000002,1,1,0.0
50,1,457.57,574.9,286.03000000000003,159.39999999999998,1,1,1.0
50,2,785.1,825.5,130.29999999999995,286.0,1,1,1.0
50,3,429.8,886.0,177.40000000000003,144.29999999999995,1,1,1.0
50,4,1175.4,509.1,139.69999999999982,272.0,1,1,1.0
50,5,184.1,725.3,199.1,261.20000000000005,1,1,1.0
50,6,960.0,515.0,176.5999999999999,204.89999999999998,1,1,1.0
50,7,289.5,521.7,217.5,182.5,1,1,0.0
50,8,1264.0,777.0,290.79999999999995,215.0,1,1,1.0
50,9,1627.9,1081.81,19.6099999999999,34.090000000000146,1,1,0.0
50,10,1627.85,658.55,10.620000000000118,65.95000000000005,1,1,0.0
51,1,455.7,571.1,265.3,156.29999999999995,1,1,1.0
51,2,785.1,825.5,136.60000000000002,275.0,1,1,1.0
51,3,423.7,871.6,187.90000000000003,164.80000000000007,1,1,1.0
51,4,1167.9,469.5,162.89999999999986,302.79999999999995,1,1,1.0
51,5,188.5,727.8,194.7,258.70000000000005,1,1,1.0
51,6,960.0,515.9,174.0,211.80000000000007,1,1,1.0
51,7,278.5,521.7,228.5,182.5,1,1,0.0
51,8,1264.0,764.4,287.0,221.89999999999998,1,1,1.0
51,9,1629.9,1060.74,18.1099999999999,26.75999999999999,1,1,0.0
51,10,1626.2,646.6,12.269999999999982,72.29999999999995,1,1,0.0
52,1,472.7,537.8,278.40000000000003,181.4000000000001,1,1,1.0
52,2,783.0,831.3,152.79999999999995,273.4000000000001,1,1,1.0
52,3,427.19,876.8,198.41000000000003,142.59000000000003,1,1,1.0
52,4,1167.9,457.6,196.79999999999995,271.4,1,1,1.0
52,5,175.3,722.1,209.8,264.4,1,1,1.0
52,6,954.8,515.9,179.20000000000005,204.0,1,1,1.0
52,7,278.5,514.4,225.39999999999998,189.80000000000007,1,1,0.0
52,8,1274.0,739.3,245.0,320.5,1,1,1.0
52,9,1631.9,1039.67,16.61999999999989,19.429999999999836,1,1,0.0
52,10,1626.2,646.6,12.269999999999982,58.39999999999998,1,1,0.0
53,1,399.9,579.2,284.6,212.79999999999995,1,1,1.0
53,2,764.2,870.5,152.79999999999995,312.20000000000005,1,1,1.0
53,3,427.19,891.6,199.31,124.29999999999995,1,1,1.0
53,4,1073.1,512.9,223.80000000000018,275.80000000000007,1,1,1.0
53,5,224.3,715.2,152.0,306.5,1,1,1.0
53,6,958.3,520.3,175.70000000000005,204.0,1,1,1.0
53,7,284.3,518.1,219.59999999999997,186.10000000000002,1,1,0.0
53,8,1300.4,758.8,170.19999999999982,321.70000000000005,1,1,1.0
53,9,1631.03,1044.03,16.62000000000012,19.430000000000064,1,1,0.0
53,10,1626.2,646.6,12.269999999999982,58.39999999999998,1,1,0.0
54,1,399.9,605.6,295.9,186.39999999999998,1,1,1.0
54,2,755.3,863.2,159.60000000000002,306.39999999999986,1,1,1.0
54,3,428.9,884.2,197.60000000000002,127.29999999999995,1,1,1.0
54,4,1093.2,521.7,212.5,255.69999999999993,1,1,1.0
54,5,257.6,811.2,170.2,293.39999999999986,1,1,1.0
54,6,934.8,498.1,208.79999999999995,228.79999999999995,1,1,1.0
54,7,284.3,518.1,219.59999999999997,186.10000000000002,1,1,0.0
54,8,1284.1,766.3,181.5,324.9000000000001,1,1,1.0
54,9,1630.16,1048.39,16.6099999999999,19.429999999999836,1,1,0.0
54,10,1626.2,646.6,12.269999999999982,58.39999999999998,1,1,0.0
55,1,376.1,621.9,304.0,160.70000000000005,1,1,1.0
55,2,752.7,864.8,165.29999999999995,281.29999999999995,1,1,1.0
55,3,428.9,880.7,195.0,124.69999999999993,1,1,1.0
55,4,1105.8,521.7,199.9000000000001,257.0,1,1,1.0
55,5,294.0,1019.7,297.1,108.79999999999995,1,1,1.0
55,6,960.5,481.5,183.0999999999999,274.6,1,1,1.0
55,7,309.4,513.4,195.5,190.80000000000007,1,1,0.0
55,8,1237.6,766.3,228.0,324.29999999999995,1,1,1.0
55,9,1630.16,1048.39,16.6099999999999,19.429999999999836,1,1,0.0
55,10,1602.0,629.0,36.47000000000003,89.29999999999995,1,1,0.0
56,1,397.5,625.7,283.9,145.5999999999999,1,1,1.0
56,2,742.2,859.0,161.0999999999999,314.79999999999995,1,1,1.0
56,3,433.3,874.6,190.59999999999997,130.79999999999995,1,1,1.0
56,4,1118.4,526.7,195.5,255.79999999999995,1,1,1.0
56,5,341.1,1019.1,292.1,106.89999999999998,1,1,1.0
56,6,968.3,479.3,175.29999999999995,253.3,1,1,1.0
56,7,309.4,523.3,191.3,180.9000000000001,1,1,0.0
56,8,1269.6,763.2,178.4000000000001,320.5,1,1,1.0
56,9,1630.16,1048.39,16.6099999999999,19.429999999999836,1,1,0.0
56,10,1582.0,653.5,56.47000000000003,92.70000000000005,1,1,0.0
57,1,395.6,627.6,292.1,149.39999999999998,1,1,1.0
57,2,742.2,841.2,161.0999999999999,337.79999999999995,1,1,1.0
57,3,451.2,874.6,172.7,130.79999999999995,1,1,1.0
57,4,1111.5,522.9,194.9000000000001,261.5,1,1,1.0
57,5,382.5,995.2,334.20000000000005,106.89999999999986,1,1,1.0
57,6,1004.1,474.1,167.39999999999998,271.1,1,1,1.0
57,7,309.4,518.6,191.8,185.60000000000002,1,1,0.0
57,8,1285.3,763.2,162.70000000000005,320.5,1,1,1.0
57,9,1630.16,1048.39,16.6099999999999,19.429999999999836,1,1,0.0
57,10,1553.7,671.3,84.76999999999998,118.90000000000009,1,1,0.0
58,1,420.1,624.5,294.0,192.70000000000005,1,1,1.0
58,2,765.2,831.8,149.5999999999999,338.29999999999995,1,1,1.0
58,3,423.7,878.5,200.2,129.5,1,1,1.0
58,4,1105.2,484.6,213.79999999999995,269.0,1,1,1.0
58,5,420.8,937.4,309.7,158.39999999999998,1,1,1.0
58,6,955.3,508.1,187.0,248.0,1,1,1.0
58,7,309.4,515.5,191.8,188.70000000000005,1,1,0.0
58,8,1294.7,751.9,166.5,344.4,1,1,1.0
58,9,1630.16,1048.39,16.6099999999999,19.429999999999836,1,1,0.0
58,10,1540.1,688.0,98.37000000000012,132.60000000000002,1,1,0.0
59,1,363.6,651.5,263.79999999999995,169.5,1,1,1.0
59,2,763.6,840.2,151.19999999999993,320.5,1,1,1.0
59,3,411.9,871.1,208.89999999999998,130.79999999999995,1,1,1.0
59,4,1104.6,519.1,217.5,262.79999999999995,1,1,1.0
59,5,548.3,803.6,261.30000000000007,286.4999999999999,1,1,1.0
59,6,926.5,536.0,274.70000000000005,181.70000000000005,1,1,1.0
59,7,285.3,515.5,215.89999999999998,188.70000000000005,1,1,0.0
59,8,1299.1,736.2,162.70000000000005,338.0999999999999,1,1,1.0
59,9,1630.16,1048.39,16.6099999999999,19.429999999999836,1,1,0.0
59,10,1567.3,704.7,71.17000000000007,151.0,1,1,0.0
60,1,357.9,650.2,274.5,175.19999999999993,1,1,1.0
60,2,766.7,844.9,161.69999999999993,309.0000000000001,1,1,1.0
60,3,452.0,866.7,168.79999999999995,135.19999999999993,1,1,1.0
60,4,1156.1,509.1,173.5,259.0,1,1,1.0
60,5,565.9,765.9,256.9,290.9,1,1,1.0
60,6,966.2,521.2,328.70000000000005,168.5,1,1,1.0
60,7,323.0,512.9,181.89999999999998,191.30000000000007,1,1,0.0
60,8,1261.4,741.9,206.69999999999982,298.5000000000001,1,1,1.0
60,9,1630.16,1048.39,16.6099999999999,19.429999999999836,1,1,0.0
60,10,1570.4,709.4,68.06999999999994,151.5,1,1,0.0
61,1,357.9,648.3,278.9,168.30000000000007,1,1,1.0
61,2,775.6,867.4,150.19999999999993,286.0000000000001,1,1,1.0
61,3,447.6,875.9,167.10000000000002,134.70000000000005,1,1,1.0
61,4,1191.3,490.9,164.70000000000005,227.0,1,1,1.0
61,5,580.3,734.5,218.60000000000002,316.5999999999999,1,1,1.0
61,6,1172.67,652.5,317.8299999999999,158.89999999999998,1,1,1.0
61,7,323.0,512.9,181.89999999999998,191.30000000000007,1,1,0.0
61,8,1263.3,726.2,226.10000000000014,272.79999999999995,1,1,1.0
61,9,1630.16,1048.39,16.6099999999999,19.429999999999836,1,1,0.0
61,10,1544.2,709.4,94.26999999999998,151.5,1,1,0.0
62,1,355.4,650.8,289.6,151.96000000000004,1,1,1.0
62,2,719.6,880.0,216.10000000000002,258.20000000000005,1,1,1.0
62,3,444.1,862.8,167.5,150.0,1,1,1.0
62,4,1189.4,524.2,186.0999999999999,209.39999999999998,1,1,1.0
62,5,667.6,661.0,106.79999999999995,386.29999999999995,1,1,1.0
62,6,1252.2,611.5,308.5,193.10000000000002,1,1,1.0
62,7,282.7,512.9,222.2,191.30000000000007,1,1,0.0
62,8,1140.85,733.11,371.75,167.28999999999996,1,1,1.0
62,9,1630.16,1048.39,16.6099999999999,19.429999999999836,1,1,0.0
62,10,1557.8,709.9,80.67000000000007,141.60000000000002,1,1,0.0
63,1,346.6,651.4,305.9,155.10000000000002,1,1,1.0
63,2,749.4,885.8,202.5,241.4000000000001,1,1,1.0
63,3,446.3,838.4,165.3,179.20000000000005,1,1,1.0
63,4,1180.6,517.9,154.10000000000014,232.70000000000005,1,1,1.0
63,5,665.1,608.9,143.19999999999993,367.4,1,1,1.0
63,6,1319.7,603.1,303.79999999999995,199.39999999999998,1,1,1.0
63,7,307.8,520.2,201.3,184.0,1,1,0.0
63,8,917.31,652.7,369.8900000000001,134.69999999999993,1,1,1.0
63,9,1630.16,1048.39,16.6099999999999,19.429999999999836,1,1,0.0
63,10,1563.0,709.9,75.47000000000003,141.60000000000002,1,1,0.0
64,1,356.0,658.9,285.79999999999995,172.70000000000005,1,1,1.0
64,2,761.4,879.5,191.0,241.4000000000001,1,1,1.0
64,3,434.5,844.9,181.0,164.0,1,1,1.0
64,4,1180.6,520.4,154.10000000000014,237.70000000000005,1,1,1.0
64,5,641.2,577.5,138.79999999999995,357.4,1,1,1.0
64,6,1323.4,637.6,292.79999999999995,152.29999999999995,1,1,1.0
64,7,307.8,517.6,199.7,186.60000000000002,1,1,0.0
64,8,829.4,587.4,239.89999999999998,277.20000000000005,1,1,1.0
64,9,1630.16,1048.39,16.6099999999999,19.429999999999836,1,1,0.0
64,10,1569.3,709.9,69.17000000000007,151.5,1,1,0.0
65,1,379.9,662.0,299.6,194.70000000000005,1,1,1.0
65,2,765.6,879.5,179.5,254.0,1,1,1.0
65,3,442.3,864.5,173.2,147.5,1,1,1.0
65,4,1180.6,520.4,151.60000000000014,240.20000000000005,1,1,1.0
65,5,603.5,525.4,163.89999999999998,326.0,1,1,1.0
65,6,1320.8,631.3,299.60000000000014,147.60000000000002,1,1,1.0
65,7,307.8,518.6,202.3,185.60000000000002,1,1,0.0
65,8,772.88,610.6,285.7199999999999,275.29999999999995,1,1,1.0
65,9,1630.16,1048.39,16.6099999999999,19.429999999999836,1,1,0.0
65,10,1566.2,709.9,72.26999999999998,135.30000000000007,1,1,0.0
66,1,428.9,607.4,250.60000000000002,261.9,1,1,1.0
66,2,765.6,880.5,179.5,257.20000000000005,1,1,1.0
66,3,441.0,864.5,174.5,149.70000000000005,1,1,1.0
66,4,1171.8,510.4,174.79999999999995,261.5,1,1,1.0
66,5,563.3,528.5,195.9000000000001,309.70000000000005,1,1,1.0
66,6,1320.8,613.5,297.0,178.0,1,1,1.0
66,7,307.8,516.5,200.7,187.70000000000005,1,1,0.0
66,8,710.09,684.7,259.30999999999995,292.29999999999995,1,1,1.0
66,9,1630.16,1048.39,16.6099999999999,19.429999999999836,1,1,0.0
66,10,1566.2,709.9,72.26999999999998,135.30000000000007,1,1,0.0
67,1,417.6,587.3,197.89999999999998,265.0,1,1,1.0
67,2,765.6,906.1,145.0,249.39999999999998,1,1,1.0
67,3,441.0,868.9,170.60000000000002,149.70000000000005,1,1,1.0
67,4,1171.8,519.8,158.5,259.6,1,1,1.0
67,5,559.5,533.5,211.0,281.5,1,1,1.0
67,6,1316.6,641.8,318.5,144.5,1,1,1.0
67,7,307.8,520.2,200.7,184.0,1,1,0.0
67,8,739.6,691.6,320.9,304.19999999999993,1,1,1.0
67,9,1630.16,1048.39,16.6099999999999,19.429999999999836,1,1,0.0
67,10,1566.2,709.9,72.26999999999998,135.30000000000007,1,1,0.0
68,1,415.7,593.0,196.7,271.20000000000005,1,1,1.0
68,2,705.4,885.2,205.20000000000005,237.29999999999995,1,1,1.0
68,3,445.4,864.5,165.30000000000007,154.10000000000002,1,1,1.0
68,4,1171.8,511.6,175.5,272.19999999999993,1,1,1.0
68,5,542.5,541.7,213.60000000000002,274.5999999999999,1,1,1.0
68,6,1316.6,643.9,318.5,142.39999999999998,1,1,1.0
68,7,307.8,520.2,200.7,184.0,1,1,0.0
68,8,748.4,684.7,334.69999999999993,257.69999999999993,1,1,1.0
68,9,1630.16,1048.39,16.6099999999999,19.429999999999836,1,1,0.0
68,10,1566.2,709.9,72.26999999999998,135.30000000000007,1,1,0.0
69,1,422.0,607.4,193.5,253.70000000000005,1,1,1.0
69,2,666.7,907.2,269.0,228.39999999999986,1,1,1.0
69,3,454.1,870.6,156.60000000000002,168.4999999999999,1,1,1.0
69,4,1171.8,506.6,147.9000000000001,277.19999999999993,1,1,1.0
69,5,535.6,536.7,220.5,279.5999999999999,1,1,1.0
69,6,1316.6,643.9,318.5,142.39999999999998,1,1,1.0
69,7,307.8,520.2,200.7,184.0,1,1,0.0
69,8,741.5,695.4,351.5999999999999,231.89999999999998,1,1,1.0
69,9,1630.16,1048.39,16.6099999999999,19.429999999999836,1,1,0.0
69,10,1533.2,709.9,105.26999999999998,135.30000000000007,1,1,0.0
70,1,413.8,611.8,204.2,253.70000000000005,1,1,1.0
70,2,666.7,960.6,304.5999999999999,196.9999999999999,1,1,1.0
70,3,455.0,869.3,153.10000000000002,182.9000000000001,1,1,1.0
70,4,1171.8,515.4,154.20000000000005,262.70000000000005,1,1,1.0
70,5,545.6,540.5,206.10000000000002,273.29999999999995,1,1,1.0
70,6,1321.8,641.8,313.29999999999995,144.5,1,1,1.0
70,7,307.8,520.2,200.7,184.0,1,1,0.0
70,8,744.6,671.5,361.69999999999993,248.29999999999995,1,1,1.0
70,9,1630.16,1048.39,16.6099999999999,19.429999999999836,1,1,0.0
70,10,1597.6,781.59,48.200000000000045,196.01,1,1,0.0
71,1,406.3,611.8,205.99999999999994,266.9000000000001,1,1,1.0
71,2,598.2,983.6,321.79999999999995,156.19999999999993,1,1,1.0
71,3,455.0,864.1,155.70000000000005,193.30000000000007,1,1,1.0
71,4,1171.8,512.3,152.9000000000001,265.80000000000007,1,1,1.0
71,5,549.4,535.5,195.39999999999998,273.29999999999995,1,1,1.0
71,6,1319.2,641.8,295.5,153.9000000000001,1,1,1.0
71,7,307.8,520.2,200.7,184.0,1,1,0.0
71,8,729.5,677.2,332.20000000000005,252.0,1,1,1.0
71,9,1630.16,1048.39,16.6099999999999,19.429999999999836,1,1,0.0
71,10,1597.6,781.59,48.200000000000045,228.40999999999997,1,1,0.0
72,1,400.6,627.5,211.69999999999993,258.70000000000005,1,1,1.0
72,2,595.1,993.5,301.9,144.20000000000005,1,1,1.0
72,3,455.0,864.1,155.70000000000005,184.9999999999999,1,1,1.0
72,4,1171.8,524.2,157.9000000000001,256.4,1,1,1.0
72,5,559.4,541.8,187.89999999999998,277.70000000000005,1,1,1.0
72,6,1319.2,636.6,295.0,163.29999999999995,1,1,1.0
72,7,307.8,520.2,200.7,184.0,1,1,0.0
72,8,749.6,684.7,352.30000000000007,248.29999999999995,1,1,1.0
72,9,1630.16,1048.39,16.6099999999999,19.429999999999836,1,1,0.0
72,10,1618.0,838.6,27.799999999999955,180.79999999999995,1,1,0.0
73,1,400.6,626.55,211.69999999999993,259.6500000000001,1,1,1.0
73,2,587.3,997.2,313.9000000000001,145.70000000000005,1,1,1.0
73,3,456.7,864.1,162.7,189.39999999999998,1,1,1.0
73,4,1171.8,507.9,152.9000000000001,272.70000000000005,1,1,1.0
73,5,569.4,503.5,144.60000000000002,295.29999999999995,1,1,1.0
73,6,1314.0,575.9,285.0,234.5,1,1,1.0
73,7,307.8,520.2,200.7,184.0,1,1,0.0
73,8,721.3,662.1,336.60000000000014,264.0,1,1,1.0
73,9,1630.16,1048.39,16.6099999999999,19.429999999999836,1,1,0.0
73,10,1618.0,845.4,27.799999999999955,174.0,1,1,0.0
74,1,400.6,625.6,211.69999999999993,260.6,1,1,1.0
74,2,576.8,1001.9,326.5,141.0000000000001,1,1,1.0
74,3,455.0,864.5,166.60000000000002,192.5,1,1,1.0
74,4,1171.8,507.9,152.9000000000001,277.70000000000005,1,1,1.0
74,5,561.9,463.9,148.30000000000007,291.6,1,1,1.0
74,6,1322.4,604.7,263.5,210.89999999999998,1,1,1.0
74,7,273.8,512.9,234.7,191.30000000000007,1,1,0.0
74,8,731.3,662.7,315.29999999999995,254.5999999999999,1,1,1.0
74,9,1630.16,1048.39,16.6099999999999,19.429999999999836,1,1,0.0
74,10,1618.0,845.4,27.799999999999955,184.5000000000001,1,1,0.0
75,1,404.4,623.1,207.89999999999998,264.4,1,1,1.0
75,2,558.0,1018.1,332.70000000000005,128.9999999999999,1,1,1.0
75,3,455.0,866.7,171.79999999999995,190.29999999999995,1,1,1.0
75,4,1171.8,506.0,149.79999999999995,279.6,1,1,1.0
75,5,565.7,433.1,148.89999999999998,333.69999999999993,1,1,1.0
75,6,1350.1,512.6,239.5,297.79999999999995,1,1,1.0
75,7,273.8,508.7,227.89999999999998,195.50000000000006,1,1,0.0
75,8,734.4,679.0,243.10000000000002,238.29999999999995,1,1,1.0
75,9,1630.16,1048.39,16.6099999999999,19.429999999999836,1,1,0.0
75,10,1615.9,845.4,29.899999999999864,215.39999999999998,1,1,0.0
76,1,401.3,621.8,209.7,268.80000000000007,1,1,1.0
76,2,536.5,1030.7,354.20000000000005,120.09999999999991,1,1,1.0
76,3,455.0,866.7,169.20000000000005,190.29999999999995,1,1,1.0
76,4,1171.8,514.2,149.79999999999995,265.69999999999993,1,1,1.0
76,5,565.7,460.7,148.89999999999998,306.09999999999997,1,1,1.0
76,6,1432.3,465.0,199.20000000000005,305.1,1,1,1.0
76,7,266.5,508.7,233.60000000000002,195.50000000000006,1,1,0.0
76,8,741.3,662.7,226.80000000000007,262.0999999999999,1,1,1.0
76,9,1630.16,1048.39,16.6099999999999,19.429999999999836,1,1,0.0
76,10,1615.9,845.4,29.899999999999864,212.80000000000007,1,1,0.0
77,1,410.1,621.8,200.89999999999998,259.4000000000001,1,1,1.0
77,2,544.9,1033.3,345.80000000000007,116.5,1,1,1.0
77,3,455.0,863.6,169.20000000000005,189.89999999999998,1,1,1.0
77,4,1171.8,502.9,161.10000000000014,273.20000000000005,1,1,1.0
77,5,565.7,483.3,152.69999999999993,287.3,1,1,1.0
77,6,1432.3,457.2,178.79999999999995,294.09999999999997,1,1,1.0
77,7,282.7,508.7,217.40000000000003,195.50000000000006,1,1,0.0
77,8,743.2,647.0,224.89999999999998,307.9,1,1,1.0
77,9,1630.16,1048.39,16.6099999999999,19.429999999999836,1,1,0.0
77,10,1615.9,845.4,29.899999999999864,208.10000000000002,1,1,0.0
78,1,400.7,621.8,214.09999999999997,242.4000000000001,1,1,1.0
78,2,540.2,1033.3,350.5,114.40000000000009,1,1,1.0
78,3,455.0,867.1,173.60000000000002,193.80000000000007,1,1,1.0
78,4,1171.8,501.0,171.10000000000014,275.1,1,1,1.0
78,5,518.2,496.9,218.29999999999995,285.80000000000007,1,1,1.0
78,6,1426.0,470.8,185.0999999999999,274.2,1,1,1.0
78,7,267.0,508.7,233.10000000000002,204.90000000000003,1,1,0.0
78,8,753.2,638.8,214.89999999999998,332.4000000000001,1,1,1.0
78,9,1630.16,1048.39,16.6099999999999,19.429999999999836,1,1,0.0
78,10,1608.0,845.4,37.799999999999955,208.10000000000002,1,1,0.0
79,1,424.6,616.8,190.19999999999993,258.70000000000005,1,1,1.0
79,2,548.6,1033.3,342.1,117.0,1,1,1.0
79,3,455.0,863.2,173.60000000000002,193.29999999999995,1,1,1.0
79,4,1164.3,501.0,172.9000000000001,296.4,1,1,1.0
79,5,563.4,496.9,184.39999999999998,285.0,1,1,1.0
79,6,1436.5,423.7,168.29999999999995,327.59999999999997,1,1,1.0
79,7,260.7,508.7,239.40000000000003,196.50000000000006,1,1,0.0
79,8,756.3,628.8,211.80000000000007,349.30000000000007,1,1,1.0
79,9,1630.16,1048.39,16.6099999999999,19.429999999999836,1,1,0.0
79,10,1616.9,845.4,28.899999999999864,200.80000000000007,1,1,0.0
80,1,416.4,619.3,199.70000000000005,253.10000000000002,1,1,1.0
80,2,564.8,1037.5,325.9000000000001,112.79999999999995,1,1,1.0
80,3,455.0,864.9,173.60000000000002,187.19999999999993,1,1,1.0
80,4,1164.3,509.8,157.79999999999995,291.99999999999994,1,1,1.0
80,5,527.2,514.2,230.39999999999998,263.9,1,1,1.0
80,6,1430.7,493.8,174.0999999999999,262.2,1,1,1.0
80,7,264.4,506.1,233.60000000000002,223.19999999999993,1,1,0.0
80,8,761.3,623.1,206.80000000000007,353.1,1,1,1.0
80,9,1630.16,1048.39,16.6099999999999,19.429999999999836,1,1,0.0
80,10,1616.9,845.4,28.899999999999864,200.80000000000007,1,1,0.0
81,1,384.4,623.7,231.70000000000005,249.29999999999995,1,1,1.0
81,2,567.4,1037.5,323.30000000000007,112.79999999999995,1,1,1.0
81,3,455.0,864.9,177.5,190.30000000000007,1,1,1.0
81,4,1164.3,513.6,157.79999999999995,281.29999999999995,1,1,1.0
81,5,524.2,491.6,227.39999999999998,285.0,1,1,1.0
81,6,1415.0,512.1,212.79999999999995,232.89999999999998,1,1,1.0
81,7,256.6,500.9,238.79999999999995,234.20000000000005,1,1,0.0
81,8,767.6,617.4,200.5,365.70000000000005,1,1,1.0
81,9,1630.16,1048.39,16.6099999999999,19.429999999999836,1,1,0.0
81,10,1616.9,845.4,28.899999999999864,191.39999999999998,1,1,0.0
82,1,376.9,633.1,239.80000000000007,241.79999999999995,1,1,1.0
82,2,567.4,1035.1,322.30000000000007,115.20000000000005,1,1,1.0
82,3,455.0,864.9,168.79999999999995,174.60000000000002,1,1,1.0
82,4,1164.3,513.6,150.9000000000001,278.79999999999995,1,1,1.0
82,5,548.3,472.0,189.70000000000005,294.1,1,1,1.0
82,6,1412.4,549.8,219.0999999999999,236.0,1,1,1.0
82,7,256.6,500.9,238.79999999999995,225.80000000000007,1,1,0.0
82,8,763.2,616.1,204.89999999999998,325.6,1,1,1.0
82,9,1630.16,1048.39,16.6099999999999,19.429999999999836,1,1,0.0
82,10,1616.9,845.4,28.899999999999864,191.39999999999998,1,1,0.0
83,1,353.7,651.9,259.2,223.0,1,1,1.0
83,2,570.0,1037.5,319.70000000000005,112.79999999999995,1,1,1.0
83,3,455.0,864.9,175.29999999999995,179.0000000000001,1,1,1.0
83,4,1164.3,513.6,166.0,278.79999999999995,1,1,1.0
83,5,576.9,466.7,145.30000000000007,309.90000000000003,1,1,1.0
83,6,1442.7,550.8,193.0,145.0,1,1,1.0
83,7,266.0,503.0,228.39999999999998,241.5,1,1,0.0
83,8,765.1,607.3,198.0,358.9000000000001,1,1,1.0
83,9,1630.16,1048.39,16.6099999999999,19.429999999999836,1,1,0.0
83,10,1616.9,845.4,28.899999999999864,191.39999999999998,1,1,0.0
84,1,380.1,656.9,214.0,214.20000000000005,1,1,1.0
84,2,555.3,1037.5,334.4000000000001,112.79999999999995,1,1,1.0
84,3,455.0,864.9,175.29999999999995,184.19999999999993,1,1,1.0
84,4,1164.3,503.6,149.70000000000005,283.79999999999995,1,1,1.0
84,5,570.1,459.2,149.79999999999995,321.90000000000003,1,1,1.0
84,6,1468.3,550.8,169.0,167.5,1,1,0.0
84,7,266.0,503.0,228.39999999999998,241.5,1,1,0.0
84,8,754.4,614.2,208.70000000000005,358.9,1,1,1.0
84,9,1630.16,1048.39,16.6099999999999,19.429999999999836,1,1,0.0
84,10,1616.9,845.4,28.899999999999864,191.39999999999998,1,1,0.0
85,1,377.0,650.6,213.29999999999995,216.10000000000002,1,1,1.0
85,2,568.4,1037.5,321.30000000000007,112.79999999999995,1,1,1.0
85,3,455.0,864.9,177.89999999999998,184.19999999999993,1,1,1.0
85,4,1164.3,503.6,145.9000000000001,286.29999999999995,1,1,1.0
85,5,574.6,475.0,155.10000000000002,314.4,1,1,1.0
85,6,1468.3,555.0,169.0,163.29999999999995,1,1,0.0
85,7,266.0,503.0,228.39999999999998,241.5,1,1,0.0
85,8,758.2,610.4,203.5999999999999,349.5,1,1,1.0
85,9,1630.16,1048.39,16.6099999999999,19.429999999999836,1,1,0.0
85,10,1616.9,845.4,28.899999999999864,191.39999999999998,1,1,0.0
86,1,372.0,650.6,220.79999999999995,225.5,1,1,1.0
86,2,569.4,1037.5,322.9,112.79999999999995,1,1,1.0
86,3,455.0,864.9,177.89999999999998,194.19999999999993,1,1,1.0
86,4,1164.3,481.0,154.10000000000014,327.1,1,1,1.0
86,5,561.0,517.2,158.89999999999998,286.5,1,1,1.0
86,6,1484.5,567.6,152.79999999999995,143.39999999999998,1,1,0.0
86,7,278.0,510.3,221.10000000000002,192.90000000000003,1,1,0.0
86,8,762.6,600.4,197.89999999999998,363.9,1,1,1.0
86,9,1630.16,1048.39,16.6099999999999,19.429999999999836,1,1,0.0
86,10,1596.5,841.2,49.299999999999955,198.20000000000005,1,1,0.0
87,1,294.1,713.4,239.69999999999993,261.30000000000007,1,1,1.0
87,2,562.6,1037.5,329.69999999999993,110.70000000000005,1,1,1.0
87,3,455.0,862.3,177.89999999999998,191.60000000000014,1,1,1.0
87,4,1193.2,459.7,167.29999999999995,328.90000000000003,1,1,1.0
87,5,521.8,517.2,201.10000000000002,274.4,1,1,1.0
87,6,1496.0,546.1,141.29999999999995,154.39999999999998,1,1,0.0
87,7,264.4,510.8,241.0,227.49999999999994,1,1,0.0
87,8,758.2,618.6,218.5999999999999,354.5,1,1,1.0
87,9,1630.16,1048.39,16.6099999999999,19.429999999999836,1,1,0.0
87,10,1589.2,841.2,56.59999999999991,201.89999999999986,1,1,0.0
88,1,252.7,769.91,166.82,293.9900000000001,1,1,1.0
88,2,562.6,1037.5,329.69999999999993,110.70000000000005,1,1,1.0
88,3,455.0,862.3,177.89999999999998,191.60000000000014,1,1,1.0
88,4,1153.6,463.5,231.4000000000001,248.5,1,1,1.0
88,5,507.5,509.7,225.89999999999998,275.90000000000003,1,1,1.0
88,6,1519.0,546.1,118.29999999999995,161.19999999999993,1,1,0.0
88,7,256.0,512.9,249.39999999999998,207.10000000000002,1,1,0.0
88,8,742.5,629.3,230.52999999999997,294.19000000000005,1,1,1.0
88,9,1630.16,1048.39,16.6099999999999,19.429999999999836,1,1,0.0
88,10,1608.0,841.2,37.799999999999955,201.89999999999986,1,1,0.0
89,1,247.0,783.1,134.8,288.9999999999999,1,1,1.0
89,2,562.6,1037.5,329.69999999999993,110.70000000000005,1,1,1.0
89,3,455.0,862.3,177.89999999999998,188.10000000000014,1,1,1.0
89,4,1090.8,522.5,217.0,246.60000000000002,1,1,1.0
89,5,524.85,515.7,222.85000000000002,273.69999999999993,1,1,1.0
89,6,1525.3,542.4,112.0,164.89999999999998,1,1,0.0
89,7,282.2,517.6,223.2,179.39999999999998,1,1,0.0
89,8,732.5,643.7,243.70000000000005,255.89999999999998,1,1,1.0
89,9,1630.16,1048.39,16.6099999999999,19.429999999999836,1,1,0.0
89,10,1623.7,841.2,22.09999999999991,184.5999999999999,1,1,0.0
90,1,248.3,759.9,133.5,312.19999999999993,1,1,1.0
90,2,565.7,1039.6,326.5999999999999,111.20000000000005,1,1,1.0
90,3,455.0,862.3,177.89999999999998,195.9000000000001,1,1,1.0
90,4,1109.6,525.0,196.9000000000001,229.70000000000005,1,1,1.0
90,5,505.3,515.7,236.40000000000003,277.5,1,1,1.0
90,6,1535.8,530.9,101.5,180.60000000000002,1,1,0.0
90,7,282.2,527.0,225.8,170.0,1,1,0.0
90,8,732.5,646.8,248.70000000000005,244.60000000000002,1,1,1.0
90,9,1630.16,1048.39,16.6099999999999,19.429999999999836,1,1,0.0
90,10,1631.0,862.7,14.799999999999955,147.89999999999998,1,1,0.0
91,1,262.1,739.8,149.2,292.10000000000014,1,1,1.0
91,2,569.4,1039.6,322.9,111.20000000000005,1,1,1.0
91,3,455.0,862.3,177.89999999999998,159.30000000000007,1,1,1.0
91,4,1114.6,525.0,220.80000000000018,229.70000000000005,1,1,1.0
91,5,505.3,515.7,236.40000000000003,275.19999999999993,1,1,1.0
91,6,1525.9,552.4,111.39999999999986,159.10000000000002,1,1,0.0
91,7,282.2,524.9,226.3,172.10000000000002,1,1,0.0
91,8,723.1,645.5,247.39999999999998,240.89999999999998,1,1,1.0
91,9,1630.16,1048.39,16.6099999999999,19.429999999999836,1,1,0.0
91,10,1624.7,894.6,21.09999999999991,116.0,1,1,0.0
92,1,237.6,736.7,188.79999999999998,238.0999999999999,1,1,1.0
92,2,569.4,1039.6,322.9,110.20000000000005,1,1,1.0
92,3,455.0,862.3,177.89999999999998,169.79999999999995,1,1,1.0
92,4,1114.6,523.7,209.5,233.5,1,1,1.0
92,5,509.8,518.7,241.7,271.4,1,1,1.0
92,6,1514.9,552.4,122.39999999999986,162.80000000000007,1,1,0.0
92,7,254.5,524.9,254.0,193.60000000000002,1,1,0.0
92,8,728.1,632.9,263.69999999999993,249.70000000000005,1,1,1.0
92,9,1630.16,1048.39,16.6099999999999,19.429999999999836,1,1,0.0
92,10,1624.7,901.4,21.09999999999991,109.20000000000005,1,1,0.0
93,1,265.2,724.1,162.5,222.39999999999998,1,1,1.0
93,2,569.4,1039.6,322.9,110.20000000000005,1,1,1.0
93,3,455.0,864.0,183.60000000000002,189.0,1,1,1.0
93,4,1114.6,521.8,207.0,235.4000000000001,1,1,1.0
93,5,506.8,518.7,236.40000000000003,269.0999999999999,1,1,1.0
93,6,1519.6,587.5,117.70000000000005,157.0,1,1,0.0
93,7,267.1,518.1,239.79999999999995,221.29999999999995,1,1,0.0
93,8,735.6,634.2,236.10000000000002,245.89999999999998,1,1,1.0
93,9,1630.16,1048.39,16.6099999999999,19.429999999999836,1,1,0.0
93,10,1632.5,906.1,13.299999999999955,60.0,1,1,0.0
94,1,265.2,715.3,154.3,250.0,1,1,1.0
94,2,569.4,1038.0,317.70000000000005,111.79999999999995,1,1,1.0
94,3,457.6,864.0,176.60000000000002,172.4000000000001,1,1,1.0
94,4,1093.9,515.5,256.5999999999999,217.79999999999995,1,1,1.0
94,5,506.8,518.7,238.7,266.79999999999995,1,1,1.0
94,6,1526.9,606.3,110.39999999999986,168.60000000000002,1,1,0.0
94,7,293.8,513.9,206.8,234.89999999999998,1,1,0.0
94,8,729.3,631.7,239.9000000000001,259.0999999999999,1,1,1.0
94,9,1630.16,1048.39,16.6099999999999,19.429999999999836,1,1,0.0
94,10,1632.5,906.75,13.299999999999955,59.690000000000055,1,1,0.0
95,1,267.7,717.8,147.40000000000003,287.1,1,1,1.0
95,2,575.2,1038.0,318.69999999999993,113.90000000000009,1,1,1.0
95,3,457.6,864.0,182.29999999999995,176.79999999999995,1,1,1.0
95,4,1068.2,519.3,284.79999999999995,232.20000000000005,1,1,1.0
95,5,487.2,514.2,253.8,271.29999999999995,1,1,1.0
95,6,1548.9,591.1,88.39999999999986,183.79999999999995,1,1,0.0
95,7,296.4,513.9,204.20000000000005,233.89999999999998,1,1,0.0
95,8,728.7,634.8,243.0,245.30000000000007,1,1,1.0
95,9,1630.16,1048.39,16.6099999999999,19.429999999999836,1,1,0.0
95,10,1632.5,907.41,13.299999999999955,59.370000000000005,1,1,0.0
96,1,267.7,717.8,147.40000000000003,282.1,1,1,1.0
96,2,611.3,1024.9,285.70000000000005,127.0,1,1,1.0
96,3,457.6,864.0,181.0,188.0999999999999,1,1,1.0
96,4,1070.7,519.3,282.29999999999995,227.80000000000007,1,1,1.0
96,5,497.7,519.5,253.8,262.20000000000005,1,1,1.0
96,6,1556.2,591.1,81.09999999999991,183.79999999999995,1,1,0.0
96,7,292.2,509.7,205.8,248.00000000000006,1,1,0.0
96,8,728.7,634.8,262.5,245.30000000000007,1,1,1.0
96,9,1630.16,1048.39,16.6099999999999,19.429999999999836,1,1,0.0
96,10,1632.5,908.06,13.299999999999955,59.07000000000005,1,1,0.0
97,1,262.7,709.0,150.5,266.4,1,1,1.0
97,2,611.3,1028.0,285.70000000000005,121.79999999999995,1,1,1.0
97,3,457.6,859.2,176.60000000000002,185.89999999999986,1,1,1.0
97,4,1070.7,519.3,267.89999999999986,227.80000000000007,1,1,1.0
97,5,488.7,536.8,286.90000000000003,237.4000000000001,1,1,1.0
97,6,1557.8,591.1,79.5,177.5,1,1,0.0
97,7,292.2,509.7,205.8,248.00000000000006,1,1,0.0
97,8,738.1,632.9,236.10000000000002,330.1,1,1,1.0
97,9,1630.16,1048.39,16.6099999999999,19.429999999999836,1,1,0.0
97,10,1632.5,908.71,13.299999999999955,58.75999999999999,1,1,0.0
98,1,262.7,714.7,153.0,268.9,1,1,1.0
98,2,594.6,1036.9,302.4,112.89999999999986,1,1,1.0
98,3,454.1,860.9,180.10000000000002,184.19999999999993,1,1,1.0
98,4,1070.7,519.3,269.79999999999995,227.80000000000007,1,1,1.0
98,5,466.8,568.4,293.7,202.80000000000007,1,1,1.0
98,6,1553.1,591.1,84.20000000000005,177.5,1,1,0.0
98,7,282.3,508.7,211.0,249.00000000000006,1,1,0.0
98,8,736.2,627.9,265.5999999999999,319.4,1,1,1.0
98,9,1630.16,1048.39,16.6099999999999,19.429999999999836,1,1,0.0
98,10,1632.5,909.36,13.299999999999955,58.44999999999993,1,1,0.0
99,1,261.4,717.2,154.3,265.0999999999999,1,1,1.0
99,2,585.7,1046.8,311.29999999999995,107.20000000000005,1,1,1.0
99,3,454.1,860.9,183.19999999999993,192.60000000000002,1,1,1.0
99,4,1070.7,510.5,247.79999999999995,236.60000000000002,1,1,1.0
99,5,433.6,560.1,274.19999999999993,266.9,1,1,1.0
99,6,1553.1,591.1,84.20000000000005,177.5,1,1,0.0
99,7,271.8,511.8,219.39999999999998,257.90000000000003,1,1,0.0
99,8,728.7,628.5,290.69999999999993,307.5,1,1,1.0
99,9,1630.16,1048.39,16.6099999999999,19.429999999999836,1,1,0.0
99,10,1632.5,910.02,13.299999999999955,58.129999999999995,1,1,0.0
100,1,261.4,717.2,156.20000000000005,265.0999999999999,1,1,1.0
100,2,566.9,1043.7,330.1,107.20000000000005,1,1,1.0
100,3,454.1,860.9,176.19999999999993,189.39999999999998,1,1,1.0
100,4,1053.1,523.7,271.70000000000005,224.69999999999993,1,1,1.0
100,5,417.8,591.7,225.2,292.5999999999999,1,1,1.0
100,6,1553.1,591.1,84.20000000000005,177.5,1,1,0.0
100,7,248.8,521.7,241.39999999999998,232.79999999999995,1,1,0.0
100,8,731.2,621.0,289.5,297.4,1,1,1.0
100,9,1630.16,1048.39,16.6099999999999,19.429999999999836,1,1,0.0
100,10,1632.5,910.67,13.299999999999955,57.82000000000005,1,1,0.0
101,1,261.4,717.2,154.90000000000003,258.19999999999993,1,1,1.0
101,2,569.0,1043.7,318.6,107.20000000000005,1,1,1.0
101,3,454.1,859.2,178.39999999999998,188.89999999999986,1,1,1.0
101,4,1077.0,519.9,242.79999999999995,229.10000000000002,1,1,1.0
101,5,411.0,587.2,222.20000000000005,304.5999999999999,1,1,1.0
101,6,1553.1,591.1,84.20000000000005,177.5,1,1,0.0
101,7,243.6,540.5,251.79999999999998,212.39999999999998,1,1,0.0
101,8,727.4,621.0,328.5000000000001,308.70000000000005,1,1,1.0
101,9,1630.16,1048.39,16.6099999999999,19.429999999999836,1,1,0.0
101,10,1632.5,911.32,13.299999999999955,57.51999999999998,1,1,0.0
102,1,261.4,721.0,159.3,254.39999999999998,1,1,1.0
102,2,569.0,1043.7,322.79999999999995,107.20000000000005,1,1,1.0
102,3,454.1,859.6,175.79999999999995,185.39999999999998,1,1,1.0
102,4,1087.7,518.6,229.5999999999999,230.39999999999998,1,1,1.0
102,5,411.0,587.2,222.20000000000005,304.5999999999999,1,1,1.0
102,6,1553.1,591.1,84.20000000000005,189.0,1,1,0.0
102,7,243.6,542.6,258.6,215.0,1,1,0.0
102,8,730.5,636.1,240.0,325.0,1,1,1.0
102,9,1630.16,1048.39,16.6099999999999,19.429999999999836,1,1,0.0
102,10,1632.5,911.97,13.299999999999955,57.20999999999992,1,1,0.0
103,1,263.3,724.1,157.39999999999998,254.39999999999998,1,1,1.0
103,2,540.7,1043.7,345.9,107.20000000000005,1,1,1.0
103,3,454.1,858.7,175.79999999999995,186.29999999999995,1,1,1.0
103,4,1095.9,523.0,230.19999999999982,227.29999999999995,1,1,1.0
103,5,411.0,604.5,204.89999999999998,306.9,1,1,1.0
103,6,1543.7,603.7,93.59999999999991,176.39999999999998,1,1,0.0
103,7,261.4,541.6,238.20000000000005,223.29999999999995,1,1,0.0
103,8,735.5,624.8,233.10000000000002,336.30000000000007,1,1,1.0
103,9,1630.16,1048.39,16.6099999999999,19.429999999999836,1,1,0.0
103,10,1632.5,912.63,13.299999999999955,56.889999999999986,1,1,0.0
104,1,263.3,724.1,157.39999999999998,257.5,1,1,1.0
104,2,537.6,1043.7,349.0,107.20000000000005,1,1,1.0
104,3,454.1,860.0,175.79999999999995,187.5999999999999,1,1,1.0
104,4,1099.0,523.0,235.9000000000001,236.10000000000002,1,1,1.0
104,5,408.7,629.4,195.09999999999997,294.80000000000007,1,1,1.0
104,6,1536.9,603.7,100.39999999999986,176.39999999999998,1,1,0.0
104,7,252.5,541.6,247.10000000000002,256.79999999999995,1,1,0.0
104,8,744.3,617.3,223.0,389.0,1,1,1.0
104,9,1630.16,1048.39,16.6099999999999,19.429999999999836,1,1,0.0
104,10,1632.5,913.28,13.299999999999955,56.58000000000004,1,1,0.0
105,1,263.3,731.0,161.2,241.79999999999995,1,1,1.0
105,2,555.9,1043.7,337.5,107.20000000000005,1,1,1.0
105,3,454.1,860.0,181.0,187.5999999999999,1,1,1.0
105,4,1091.5,526.8,257.20000000000005,229.20000000000005,1,1,1.0
105,5,418.5,627.9,188.29999999999995,319.70000000000005,1,1,1.0
105,6,1529.1,603.7,108.20000000000005,176.39999999999998,1,1,0.0
105,7,266.62,532.2,231.98000000000002,223.83999999999992,1,1,0.0
105,8,757.5,610.4,209.79999999999995,392.1,1,1,1.0
105,9,1630.16,1048.39,16.6099999999999,19.429999999999836,1,1,0.0
105,10,1632.5,913.93,13.299999999999955,56.280000000000086,1,1,0.0
106,1,263.3,727.9,159.3,252.39999999999998,1,1,1.0
106,2,564.3,1043.7,329.1,107.20000000000005,1,1,1.0
106,3,454.1,860.0,181.0,187.5999999999999,1,1,1.0
106,4,1084.0,528.1,259.70000000000005,226.0,1,1,1.0
106,5,415.5,628.7,184.5,307.5999999999999,1,1,1.0
106,6,1520.7,623.1,116.59999999999991,141.79999999999995,1,1,0.0
106,7,280.2,498.2,179.2,261.50000000000006,1,1,0.0
106,8,760.6,606.0,206.69999999999993,353.20000000000005,1,1,1.0
106,9,1630.16,1048.39,16.6099999999999,19.429999999999836,1,1,0.0
106,10,1632.5,914.58,13.299999999999955,55.969999999999914,1,1,0.0
107,1,263.3,731.7,157.39999999999998,248.5999999999999,1,1,1.0
107,2,566.9,1040.6,324.4,110.30000000000018,1,1,1.0
107,3,430.6,861.7,202.29999999999995,173.70000000000005,1,1,1.0
107,4,1087.8,528.1,255.9000000000001,229.10000000000002,1,1,1.0
107,5,409.5,628.7,190.5,313.5999999999999,1,1,1.0
107,6,1517.6,615.3,119.70000000000005,149.60000000000002,1,1,0.0
107,7,287.0,488.26,129.0,278.24,1,1,0.0
107,8,760.6,606.0,206.69999999999993,367.0,1,1,1.0
107,9,1630.16,1048.39,16.6099999999999,19.429999999999836,1,1,0.0
107,10,1632.5,915.24,13.299999999999955,55.64999999999998,1,1,0.0
108,1,205.5,734.2,227.10000000000002,194.5999999999999,1,1,1.0
108,2,583.1,1042.2,317.6,108.70000000000005,1,1,1.0
108,3,452.8,863.9,186.59999999999997,159.70000000000005,1,1,1.0
108,4,1069.0,535.0,223.79999999999995,210.29999999999995,1,1,1.0
108,5,409.5,626.4,196.5,300.80000000000007,1,1,1.0
108,6,1517.6,598.0,119.70000000000005,143.39999999999998,1,1,0.0
108,7,314.73,652.04,135.16999999999996,110.96000000000004,1,1,1.0
108,8,747.4,617.3,219.89999999999998,287.30000000000007,1,1,1.0
108,9,1630.16,1048.39,16.6099999999999,19.429999999999836,1,1,0.0
108,10,1632.5,915.89,13.299999999999955,55.34000000000003,1,1,0.0
109,1,205.5,734.2,227.10000000000002,194.5999999999999,1,1,1.0
109,2,608.2,1030.7,296.69999999999993,120.20000000000005,1,1,1.0
109,3,455.4,863.9,187.5,176.30000000000007,1,1,1.0
109,4,1067.1,521.2,223.80000000000018,224.0999999999999,1,1,1.0
109,5,412.5,620.4,193.5,312.80000000000007,1,1,1.0
109,6,1512.4,640.4,124.89999999999986,95.20000000000005,1,1,0.0
109,7,341.33,648.99,139.47000000000003,121.40999999999997,1,1,1.0
109,8,731.7,629.9,249.39999999999998,265.9,1,1,1.0
109,9,1630.16,1048.39,16.6099999999999,19.429999999999836,1,1,0.0
109,10,1632.5,916.54,13.299999999999955,55.030000000000086,1,1,0.0
110,1,233.1,752.4,199.50000000000003,200.30000000000007,1,1,1.0
110,2,582.6,1024.9,322.29999999999995,126.0,1,1,1.0
110,3,455.4,863.9,181.80000000000007,179.39999999999998,1,1,1.0
110,4,1095.4,521.8,213.69999999999982,238.60000000000002,1,1,1.0
110,5,420.8,624.9,181.40000000000003,316.6,1,1,1.0
110,6,1567.9,605.3,68.34999999999991,68.03000000000009,1,1,0.0
110,7,337.0,640.7,143.39999999999998,134.0999999999999,1,1,1.0
110,8,725.4,637.4,239.39999999999998,287.30000000000007,1,1,1.0
110,9,1630.16,1048.39,16.6099999999999,19.429999999999836,1,1,0.0
110,10,1632.5,917.19,13.299999999999955,54.729999999999905,1,1,0.0
111,1,233.1,750.5,199.50000000000003,202.20000000000005,1,1,1.0
111,2,571.1,1039.6,333.79999999999995,111.30000000000018,1,1,1.0
111,3,450.6,863.9,189.19999999999993,192.89999999999998,1,1,1.0
111,4,1111.7,518.7,223.79999999999995,243.5999999999999,1,1,1.0
111,5,407.2,624.9,195.00000000000006,292.5,1,1,1.0
111,6,1572.1,584.4,64.15000000000009,92.10000000000002,1,1,0.0
111,7,336.5,640.7,143.89999999999998,135.39999999999998,1,1,1.0
111,8,717.2,636.1,280.29999999999995,240.89999999999998,1,1,1.0
111,9,1630.16,1048.39,16.6099999999999,19.429999999999836,1,1,0.0
111,10,1632.5,917.85,13.299999999999955,54.40999999999997,1,1,0.0
112,1,222.4,746.1,214.6,197.79999999999995,1,1,1.0
112,2,592.6,1036.5,312.29999999999995,109.20000000000005,1,1,1.0
112,3,415.3,879.2,229.7,166.70000000000005,1,1,1.0
112,4,1100.4,518.7,230.0999999999999,231.69999999999993,1,1,1.0
112,5,407.2,624.9,195.00000000000006,292.5,1,1,1.0
112,6,1572.1,578.1,64.15000000000009,98.39999999999998,1,1,0.0
112,7,336.5,640.7,143.89999999999998,117.09999999999991,1,1,1.0
112,8,714.1,632.3,343.1,244.70000000000005,1,1,1.0
112,9,1630.16,1048.39,16.6099999999999,19.429999999999836,1,1,0.0
112,10,1632.5,918.5,13.299999999999955,54.10000000000002,1,1,0.0
113,1,233.7,746.1,203.3,200.89999999999998,1,1,1.0
113,2,577.4,1029.2,328.0,118.09999999999991,1,1,1.0
113,3,411.4,883.6,249.70000000000005,160.10000000000002,1,1,1.0
113,4,1097.9,520.0,223.79999999999995,226.60000000000002,1,1,1.0
113,5,412.5,617.4,192.70000000000005,296.20000000000005,1,1,1.0
113,6,1585.2,589.6,51.049999999999955,80.10000000000002,1,1,0.0
113,7,336.5,640.7,143.89999999999998,134.0999999999999,1,1,1.0
113,8,717.2,639.8,277.19999999999993,245.4000000000001,1,1,1.0
113,9,1630.16,1048.39,16.6099999999999,19.429999999999836,1,1,0.0
113,10,1616.2,867.0,29.59999999999991,114.60000000000002,1,1,0.0
114,1,233.7,746.1,203.3,200.89999999999998,1,1,1.0
114,2,599.4,1029.2,298.70000000000005,118.09999999999991,1,1,1.0
114,3,445.4,881.0,201.30000000000007,160.5,1,1,1.0
114,4,1094.8,521.9,233.79999999999995,227.80000000000007,1,1,1.0
114,5,406.5,624.2,200.20000000000005,290.9,1,1,1.0
114,6,1628.1,589.6,8.150000000000091,80.10000000000002,1,1,0.0
114,7,338.7,640.7,141.7,134.0999999999999,1,1,1.0
114,8,721.0,633.5,307.9000000000001,244.79999999999995,1,1,1.0
114,9,1630.16,1048.39,16.6099999999999,19.429999999999836,1,1,0.0
114,10,1277.0,783.4,288.79999999999995,206.70000000000005,1,1,1.0
115,1,221.1,751.1,212.79999999999998,166.39999999999998,1,1,1.0
115,2,582.7,1029.2,310.69999999999993,119.09999999999991,1,1,1.0
115,3,445.4,867.5,195.60000000000002,187.5,1,1,1.0
115,4,1096.1,526.3,243.80000000000018,230.30000000000007,1,1,1.0
115,5,384.6,682.2,206.29999999999995,234.39999999999998,1,1,1.0
115,6,1628.1,589.6,8.150000000000091,80.10000000000002,1,1,0.0
115,7,338.7,640.7,141.7,157.19999999999993,1,1,1.0
115,8,721.0,633.5,285.29999999999995,269.9,1,1,1.0
115,9,1630.16,1048.39,16.6099999999999,19.429999999999836,1,1,0.0
115,10,1259.7,745.0,227.70000000000005,282.0,1,1,1.0
116,1,238.7,751.1,195.2,194.69999999999993,1,1,1.0
116,2,601.5,1029.2,286.1,119.09999999999991,1,1,1.0
116,3,445.4,858.8,187.80000000000007,199.70000000000005,1,1,1.0
116,4,1084.8,526.3,267.70000000000005,224.0,1,1,1.0
116,5,384.6,680.7,212.29999999999995,235.89999999999998,1,1,1.0
116,6,1628.1,589.6,8.150000000000091,80.10000000000002,1,1,0.0
116,7,330.9,640.7,172.60000000000002,129.69999999999993,1,1,1.0
116,8,731.0,629.7,237.60000000000002,277.5,1,1,1.0
116,9,1630.16,1048.39,16.6099999999999,19.429999999999836,1,1,0.0
116,10,1271.8,760.1,228.4000000000001,275.19999999999993,1,1,1.0
117,1,260.1,741.7,168.79999999999995,231.69999999999993,1,1,1.0
117,2,583.2,1029.2,304.4,119.09999999999991,1,1,1.0
117,3,449.8,854.4,168.59999999999997,204.10000000000002,1,1,1.0
117,4,1075.4,526.3,277.0999999999999,232.20000000000005,1,1,1.0
117,5,411.7,698.8,191.2,272.1,1,1,1.0
117,6,1628.1,589.6,8.150000000000091,80.10000000000002,1,1,0.0
117,7,330.9,640.7,144.70000000000005,131.0,1,1,1.0
117,8,731.0,629.7,237.60000000000002,271.19999999999993,1,1,1.0
117,9,1630.16,1048.39,16.6099999999999,19.429999999999836,1,1,0.0
117,10,1271.8,740.5,235.20000000000005,291.79999999999995,1,1,1.0
118,1,258.8,728.5,162.59999999999997,250.60000000000002,1,1,1.0
118,2,570.6,1031.3,321.19999999999993,117.0,1,1,1.0
118,3,449.8,854.4,172.49999999999994,194.5000000000001,1,1,1.0
118,4,1062.8,531.3,285.29999999999995,230.30000000000007,1,1,1.0
118,5,411.7,686.7,182.2,276.69999999999993,1,1,1.0
118,6,1628.1,589.6,8.150000000000091,80.10000000000002,1,1,0.0
118,7,330.9,616.7,144.70000000000005,155.0,1,1,1.0
118,8,731.0,629.7,242.60000000000002,295.0999999999999,1,1,1.0
118,9,1630.16,1048.39,16.6099999999999,19.429999999999836,1,1,0.0
118,10,1271.8,759.3,247.29999999999995,267.0,1,1,1.0
119,1,258.8,734.8,162.59999999999997,239.30000000000007,1,1,1.0
119,2,566.9,1027.1,321.80000000000007,121.20000000000005,1,1,1.0
119,3,449.8,854.4,168.99999999999994,201.0000000000001,1,1,1.0
119,4,1055.9,524.4,261.39999999999986,224.60000000000002,1,1,1.0
119,5,408.7,682.9,183.7,280.5,1,1,1.0
119,6,1628.1,589.6,8.150000000000091,80.10000000000002,1,1,0.0
119,7,335.3,638.5,162.09999999999997,125.79999999999995,1,1,1.0
119,8,735.4,624.0,238.20000000000005,329.70000000000005,1,1,1.0
119,9,1630.16,1048.39,16.6099999999999,19.429999999999836,1,1,0.0
119,10,1271.8,760.1,250.29999999999995,259.4,1,1,1.0
