1,1,1081.6,481.0,339.8000000000002,132.79999999999995,1,1,1.0
1,2,359.8,366.6,306.09999999999997,137.7,1,1,1.0
1,3,784.6,233.7,286.6,210.10000000000002,1,1,1.0
1,4,855.2,464.4,322.29999999999995,197.39999999999998,1,1,1.0
1,5,993.2,326.6,284.79999999999995,157.39999999999998,1,1,1.0
1,6,311.5,344.2,136.39999999999998,265.3,1,1,1.0
1,7,1141.5,213.4,415.0999999999999,163.6,1,1,1.0
1,8,150.5,560.7,224.2,158.0999999999999,1,1,1.0
1,9,542.3,381.4,322.6,151.5,1,1,1.0
1,10,1413.11,619.9,131.59000000000015,214.60000000000002,1,1,1.0
2,1,1094.1,481.0,327.3000000000002,132.79999999999995,1,1,1.0
2,2,341.7,370.8,327.40000000000003,133.09999999999997,1,1,1.0
2,3,788.4,233.7,282.80000000000007,206.3,1,1,1.0
2,4,650.5,488.3,358.1,172.2,1,1,1.0
2,5,1017.7,322.8,283.5,143.59999999999997,1,1,1.0
2,6,313.4,346.1,137.90000000000003,272.19999999999993,1,1,1.0
2,7,1141.5,214.7,415.0999999999999,161.7,1,1,1.0
2,8,184.5,543.4,216.0,177.89999999999998,1,1,1.0
2,9,542.3,381.4,318.9000000000001,151.5,1,1,1.0
2,10,1413.11,661.2,131.59000000000015,171.5999999999999,1,1,1.0
3,1,1110.8,475.4,314.79999999999995,143.39999999999998,1,1,1.0
3,2,311.1,365.9,347.19999999999993,139.10000000000002,1,1,1.0
3,3,789.9,233.7,294.9,202.5,1,1,1.0
3,4,646.7,493.3,300.4,192.49999999999994,1,1,1.0
3,5,1028.4,309.6,270.89999999999986,134.2,1,1,1.0
3,6,314.7,341.7,128.60000000000002,280.40000000000003,1,1,1.0
3,7,1141.5,214.7,417.5999999999999,163.40000000000003,1,1,1.0
3,8,185.5,510.4,181.39999999999998,213.10000000000002,1,1,1.0
3,9,542.3,376.2,318.9000000000001,153.59999999999997,1,1,1.0
3,10,1403.9,661.2,140.79999999999995,165.19999999999993,1,1,1.0
4,1,1085.8,477.5,340.60000000000014,131.29999999999995,1,1,1.0
4,2,328.8,363.0,329.90000000000003,142.0,1,1,1.0
4,3,789.9,232.9,298.69999999999993,199.49999999999997,1,1,1.0
4,4,651.7,482.6,277.79999999999995,202.60000000000002,1,1,1.0
4,5,1051.6,297.0,245.20000000000005,141.8,1,1,1.0
4,6,316.0,345.5,127.89999999999998,258.4,1,1,1.0
4,7,1141.5,214.7,420.0,161.7,1,1,1.0
4,8,177.1,498.9,152.1,242.89999999999998,1,1,1.0
4,9,542.3,376.2,323.6,153.59999999999997,1,1,1.0
4,10,1399.8,661.2,144.9000000000001,165.19999999999993,1,1,1.0
5,1,1051.6,464.3,359.8000000000002,131.2,1,1,1.0
5,2,340.3,365.5,317.3,137.39999999999998,1,1,1.0
5,3,794.4,232.9,287.4,199.49999999999997,1,1,1.0
5,4,646.0,466.3,269.1,218.90000000000003,1,1,1.0
5,5,1051.6,297.0,245.80000000000018,136.10000000000002,1,1,1.0
5,6,317.26,341.1,127.63999999999999,262.79999999999995,1,1,1.0
5,7,1141.5,214.7,418.70000000000005,161.7,1,1,1.0
5,8,177.1,507.3,147.79999999999998,248.2,1,1,1.0
5,9,542.3,380.4,318.9000000000001,156.20000000000005,1,1,1.0
5,10,1397.5,633.4,147.20000000000005,194.20000000000005,1,1,1.0
6,1,1071.0,442.8,332.0999999999999,160.3,1,1,1.0
6,2,340.3,363.4,320.2,139.5,1,1,1.0
6,3,792.9,232.9,288.9,196.49999999999997,1,1,1.0
6,4,636.1,469.4,284.0,224.89999999999998,1,1,1.0
6,5,1053.5,295.1,250.79999999999995,136.7,1,1,1.0
6,6,317.3,327.9,131.09999999999997,294.80000000000007,1,1,1.0
6,7,1141.5,214.7,418.20000000000005,163.0,1,1,1.0
6,8,177.1,498.9,152.6,251.80000000000007,1,1,1.0
6,9,542.3,382.0,320.5,150.5,1,1,1.0
6,10,1400.4,657.1,144.29999999999995,170.5,1,1,1.0
7,1,1073.8,434.5,330.70000000000005,173.5,1,1,1.0
7,2,339.6,359.9,320.79999999999995,143.0,1,1,1.0
7,3,795.9,230.6,288.9,195.79999999999998,1,1,1.0
7,4,598.6,449.3,332.79999999999995,244.90000000000003,1,1,1.0
7,5,1048.5,295.1,256.4000000000001,174.2,1,1,1.0
7,6,317.3,344.2,131.2,271.00000000000006,1,1,1.0
7,7,1141.5,213.0,420.5,165.10000000000002,1,1,1.0
7,8,177.1,502.7,156.79999999999998,241.2,1,1,1.0
7,9,542.5,382.0,317.95000000000005,150.70000000000005,1,1,1.0
7,10,1466.4,643.2,78.29999999999995,165.89999999999998,1,1,0.0
8,1,1071.7,467.0,331.39999999999986,141.0,1,1,1.0
8,2,342.2,365.51,321.03000000000003,138.79000000000002,1,1,1.0
8,3,789.9,230.6,297.19999999999993,192.00000000000003,1,1,1.0
8,4,576.2,475.7,375.29999999999995,237.09999999999997,1,1,1.0
8,5,1050.4,297.6,257.0999999999999,137.39999999999998,1,1,1.0
8,6,317.3,334.8,130.0,282.90000000000003,1,1,1.0
8,7,1141.5,199.4,412.0999999999999,178.29999999999998,1,1,1.0
8,8,177.1,505.7,159.4,237.2,1,1,1.0
8,9,549.1,378.4,309.0,172.39999999999998,1,1,1.0
8,10,1407.4,666.3,137.29999999999995,225.0,1,1,1.0
9,1,1074.5,465.7,331.0999999999999,139.50000000000006,1,1,1.0
9,2,312.2,363.39,346.8,138.11,1,1,1.0
9,3,797.5,232.1,281.29999999999995,195.79999999999998,1,1,1.0
9,4,653.4,466.3,219.0,385.90000000000003,1,1,1.0
9,5,1036.0,309.6,267.20000000000005,126.0,1,1,1.0
9,6,313.5,321.0,133.8,302.4,1,1,1.0
9,7,1141.5,183.3,416.70000000000005,194.39999999999998,1,1,1.0
9,8,176.4,502.6,161.70000000000002,236.60000000000002,1,1,1.0
9,9,541.3,380.4,349.20000000000005,152.60000000000002,1,1,1.0
9,10,1404.5,687.1,140.20000000000005,186.29999999999995,1,1,1.0
10,1,1029.4,465.7,377.1999999999998,135.3,1,1,1.0
10,2,341.8,363.75,316.85999999999996,137.05,1,1,1.0
10,3,795.2,232.1,283.5999999999999,204.79999999999998,1,1,1.0
10,4,643.4,554.1,220.20000000000005,315.69999999999993,1,1,1.0
10,5,1033.5,311.5,266.5,129.8,1,1,1.0
10,6,314.8,352.4,132.09999999999997,271.0,1,1,1.0
10,7,1141.5,184.55,417.0,193.14999999999998,1,1,1.0
10,8,177.1,519.3,161.00000000000003,217.80000000000007,1,1,1.0
10,9,535.0,374.6,362.79999999999995,149.0,1,1,1.0
10,10,1404.5,669.4,138.5,173.30000000000007,1,1,1.0
11,1,1029.4,467.0,380.0,131.89999999999998,1,1,1.0
11,2,311.2,361.65,349.56,142.65000000000003,1,1,1.0
11,3,795.2,232.1,283.5999999999999,207.79999999999998,1,1,1.0
11,4,532.3,679.7,346.4000000000001,188.79999999999995,1,1,1.0
11,5,1035.3,309.6,262.9000000000001,134.2,1,1,1.0
11,6,316.7,327.9,124.69999999999999,288.4,1,1,1.0
11,7,1141.5,185.8,409.20000000000005,193.7,1,1,1.0
11,8,175.7,519.3,168.7,210.60000000000002,1,1,1.0
11,9,535.0,377.2,362.79999999999995,141.7,1,1,1.0
11,10,1405.4,691.03,136.28999999999996,146.76999999999998,1,1,1.0
12,1,1021.8,467.8,389.0,128.99999999999994,1,1,1.0
12,2,333.7,365.23,327.84,136.96999999999997,1,1,1.0
12,3,795.2,232.1,283.5999999999999,207.79999999999998,1,1,1.0
12,4,519.1,708.6,359.6,156.10000000000002,1,1,1.0
12,5,1037.8,309.6,262.20000000000005,133.79999999999995,1,1,1.0
12,6,314.8,325.4,124.30000000000001,275.4,1,1,1.0
12,7,1141.5,187.1,407.5999999999999,191.4,1,1,1.0
12,8,174.2,505.2,168.10000000000002,224.50000000000006,1,1,1.0
12,9,535.0,340.6,351.9,187.69999999999993,1,1,1.0
12,10,1397.7,694.7,144.70000000000005,141.69999999999993,1,1,1.0
13,1,1012.1,478.2,391.1,123.50000000000006,1,1,1.0
13,2,336.2,364.12,325.81,136.27999999999997,1,1,1.0
13,3,791.4,232.1,287.9,209.9,1,1,1.0
13,4,516.0,722.4,375.20000000000005,130.39999999999998,1,1,1.0
13,5,1029.9,309.6,230.39999999999986,135.29999999999995,1,1,1.0
13,6,312.9,321.5,126.80000000000001,295.6,1,1,1.0
13,7,1187.3,165.1,373.70000000000005,246.4,1,1,1.0
13,8,175.7,509.6,164.5,221.10000000000002,1,1,1.0
13,9,544.1,342.2,315.5,194.8,1,1,1.0
13,10,1387.7,691.2,154.70000000000005,145.79999999999995,1,1,1.0
14,1,1021.1,481.0,374.4999999999999,120.0,1,1,1.0
14,2,359.72,359.38,307.6,143.2,1,1,1.0
14,3,795.2,232.1,283.5999999999999,213.79999999999998,1,1,1.0
14,4,536.1,702.9,294.9,151.80000000000007,1,1,1.0
14,5,1025.3,306.5,242.70000000000005,147.39999999999998,1,1,1.0
14,6,314.2,320.4,127.30000000000001,271.0,1,1,1.0
14,7,1177.9,161.3,368.0,228.2,1,1,1.0
14,8,175.7,505.8,167.60000000000002,224.40000000000003,1,1,1.0
14,9,545.4,350.6,313.84000000000003,187.39999999999998,1,1,1.0
14,10,1380.8,691.2,161.60000000000014,145.79999999999995,1,1,1.0
15,1,1025.4,480.3,372.29999999999995,117.09999999999997,1,1,1.0
15,2,364.2,357.94,303.46999999999997,143.56,1,1,1.0
15,3,792.7,233.6,293.5999999999999,205.50000000000003,1,1,1.0
15,4,536.1,706.7,310.0,146.69999999999993,1,1,1.0
15,5,1014.1,305.9,262.69999999999993,127.20000000000005,1,1,1.0
15,6,314.2,323.5,129.8,302.4,1,1,1.0
15,7,1164.1,197.1,406.3000000000002,181.1,1,1,1.0
15,8,174.7,486.4,165.5,245.89999999999998,1,1,1.0
15,9,546.1,351.6,315.6,187.10000000000002,1,1,1.0
15,10,1379.1,692.9,163.30000000000018,143.5,1,1,1.0
16,1,1025.9,480.3,371.79999999999995,119.30000000000001,1,1,1.0
16,2,383.11,358.66,286.0,146.7,1,1,1.0
16,3,810.2,240.4,274.5999999999999,190.4,1,1,1.0
16,4,542.4,697.1,320.30000000000007,146.89999999999998,1,1,1.0
16,5,1007.2,305.9,269.5999999999999,117.80000000000001,1,1,1.0
16,6,317.3,327.3,126.69999999999999,272.90000000000003,1,1,1.0
16,7,1154.7,197.1,398.70000000000005,178.00000000000003,1,1,1.0
16,8,170.3,470.7,165.09999999999997,249.3,1,1,1.0
16,9,548.0,342.2,312.70000000000005,199.59999999999997,1,1,1.0
16,10,1380.3,695.2,162.10000000000014,141.19999999999993,1,1,1.0
17,1,1025.2,478.5,373.79999999999995,124.60000000000002,1,1,1.0
17,2,376.4,368.68,293.2900000000001,137.71999999999997,1,1,1.0
17,3,806.4,236.6,282.19999999999993,188.20000000000002,1,1,1.0
17,4,573.8,684.1,326.30000000000007,157.39999999999998,1,1,1.0
17,5,1000.9,305.4,277.19999999999993,118.30000000000001,1,1,1.0
17,6,317.9,325.4,129.60000000000002,274.80000000000007,1,1,1.0
17,7,1154.7,199.6,398.70000000000005,175.50000000000003,1,1,1.0
17,8,168.2,468.1,158.0,253.39999999999998,1,1,1.0
17,9,550.1,361.6,307.5,190.10000000000002,1,1,1.0
17,10,1381.6,695.8,160.80000000000018,140.60000000000002,1,1,1.0
18,1,1071.7,472.7,322.39999999999986,129.00000000000006,1,1,1.0
18,2,383.3,371.5,292.40000000000003,125.89999999999998,1,1,1.0
18,3,808.0,236.6,280.5999999999999,185.9,1,1,1.0
18,4,595.8,658.4,333.20000000000005,190.60000000000002,1,1,1.0
18,5,1004.1,316.0,314.19999999999993,111.5,1,1,1.0
18,6,317.3,323.5,129.5,275.1,1,1,1.0
18,7,1154.7,200.2,405.0,174.90000000000003,1,1,1.0
18,8,165.6,463.8,154.70000000000002,257.59999999999997,1,1,1.0
18,9,555.9,341.2,292.80000000000007,216.3,1,1,1.0
18,10,1389.0,696.4,153.4000000000001,140.0,1,1,1.0
19,1,1073.8,472.7,325.9000000000001,130.40000000000003,1,1,1.0
19,2,390.9,368.0,282.70000000000005,139.7,1,1,1.0
19,3,803.4,236.6,285.19999999999993,188.20000000000002,1,1,1.0
19,4,588.9,654.6,360.20000000000005,188.10000000000002,1,1,1.0
19,5,1056.2,312.2,256.39999999999986,151.3,1,1,1.0
19,6,317.3,317.8,124.80000000000001,318.09999999999997,1,1,1.0
19,7,1154.7,198.9,405.0,176.79999999999998,1,1,1.0
19,8,164.6,463.0,147.20000000000002,267.70000000000005,1,1,1.0
19,9,558.5,343.8,290.20000000000005,216.90000000000003,1,1,1.0
19,10,1391.9,696.4,150.5,140.0,1,1,1.0
20,1,1047.4,472.7,354.39999999999986,129.00000000000006,1,1,1.0
20,2,405.5,331.88,235.12,231.91999999999996,1,1,1.0
20,3,802.6,235.0,285.9999999999999,187.5,1,1,1.0
20,4,629.1,591.2,299.29999999999995,192.5,1,1,1.0
20,5,1060.8,334.2,268.20000000000005,176.8,1,1,1.0
20,6,318.6,317.7,104.5,318.2,1,1,1.0
20,7,1147.8,189.5,403.10000000000014,178.0,1,1,1.0
20,8,165.1,442.5,141.00000000000003,283.1,1,1,1.0
20,9,558.5,341.2,288.1,208.00000000000006,1,1,1.0
20,10,1390.93,696.4,151.47000000000003,140.0,1,1,1.0
21,1,1054.1,470.5,351.20000000000005,131.20000000000005,1,1,1.0
21,2,430.5,302.1,139.70000000000005,350.79999999999995,1,1,1.0
21,3,801.1,232.0,287.4999999999999,197.3,1,1,1.0
21,4,554.8,578.0,366.70000000000005,158.0,1,1,1.0
21,5,1086.4,338.6,255.79999999999995,187.5,1,1,1.0
21,6,319.9,314.0,105.70000000000005,309.70000000000005,1,1,1.0
21,7,1147.8,188.2,404.4000000000001,181.2,1,1,1.0
21,8,165.1,442.5,130.29999999999998,287.29999999999995,1,1,1.0
21,9,550.7,333.9,297.5,217.89999999999998,1,1,1.0
21,10,1389.97,696.4,152.43000000000006,140.0,1,1,1.0
22,1,1059.3,470.5,348.10000000000014,131.20000000000005,1,1,1.0
22,2,431.2,311.1,139.00000000000006,350.19999999999993,1,1,1.0
22,3,800.4,232.0,283.69999999999993,199.60000000000002,1,1,1.0
22,4,580.7,566.1,375.29999999999995,188.10000000000002,1,1,1.0
22,5,1138.5,307.8,211.20000000000005,223.90000000000003,1,1,1.0
22,6,319.9,314.8,108.80000000000001,309.8,1,1,1.0
22,7,1147.2,186.9,403.70000000000005,183.79999999999998,1,1,1.0
22,8,165.1,444.3,129.00000000000003,284.49999999999994,1,1,1.0
22,9,550.7,334.2,293.29999999999995,217.59999999999997,1,1,1.0
22,10,1389.0,696.4,153.4000000000001,140.0,1,1,1.0
23,1,1072.5,469.9,323.79999999999995,140.10000000000002,1,1,1.0
23,2,443.0,375.7,133.39999999999998,336.90000000000003,1,1,1.0
23,3,800.4,232.0,283.69999999999993,204.10000000000002,1,1,1.0
23,4,590.1,563.6,378.5,183.69999999999993,1,1,1.0
23,5,1183.1,371.2,271.5,191.3,1,1,1.0
23,6,319.3,322.2,108.09999999999997,294.50000000000006,1,1,1.0
23,7,1149.1,186.9,403.10000000000014,185.1,1,1,1.0
23,8,165.1,451.9,129.00000000000003,276.9,1,1,1.0
23,9,556.3,358.5,288.70000000000005,203.20000000000005,1,1,1.0
23,10,1389.0,701.0,153.4000000000001,134.20000000000005,1,1,1.0
24,1,1012.5,472.0,330.29999999999995,152.60000000000002,1,1,1.0
24,2,445.1,413.2,134.10000000000002,307.7,1,1,1.0
24,3,800.4,232.0,283.69999999999993,203.3,1,1,1.0
24,4,726.6,524.7,391.4,184.29999999999995,1,1,1.0
24,5,1140.1,334.8,207.4000000000001,216.90000000000003,1,1,1.0
24,6,321.8,323.1,110.59999999999997,319.69999999999993,1,1,1.0
24,7,1150.4,190.7,401.79999999999995,177.5,1,1,1.0
24,8,165.1,431.8,126.50000000000003,296.99999999999994,1,1,1.0
24,9,553.3,358.5,292.70000000000005,207.39999999999998,1,1,1.0
24,10,1389.0,702.2,153.4000000000001,137.5999999999999,1,1,1.0
25,1,907.2,392.9,346.5999999999999,158.10000000000002,1,1,1.0
25,2,443.0,419.4,137.60000000000002,324.4,1,1,1.0
25,3,798.9,230.49,288.19999999999993,207.81,1,1,1.0
25,4,772.8,535.3,409.20000000000005,176.20000000000005,1,1,1.0
25,5,1121.7,351.8,209.5,204.40000000000003,1,1,1.0
25,6,321.2,323.4,110.60000000000002,322.4,1,1,1.0
25,7,1150.4,190.7,400.5,179.3,1,1,1.0
25,8,167.6,431.8,125.9,296.99999999999994,1,1,1.0
25,9,552.2,360.6,293.29999999999995,205.29999999999995,1,1,1.0
25,10,1392.5,700.5,149.9000000000001,139.29999999999995,1,1,1.0
26,1,896.8,359.6,291.9000000000001,209.89999999999998,1,1,1.0
26,2,432.6,454.12,172.29999999999995,341.78,1,1,1.0
26,3,798.1,230.49,286.69999999999993,207.81,1,1,1.0
26,4,751.5,565.4,414.20000000000005,135.5,1,1,1.0
26,5,1103.6,364.8,230.5,190.8,1,1,1.0
26,6,270.3,367.4,145.8,318.1,1,1,1.0
26,7,1147.9,190.7,404.29999999999995,176.90000000000003,1,1,1.0
26,8,166.6,434.9,126.9,292.9,1,1,1.0
26,9,558.0,359.0,285.9,209.5,1,1,1.0
26,10,1400.6,699.9,141.80000000000018,139.89999999999998,1,1,1.0
27,1,911.04,363.15,252.36000000000013,232.35000000000002,1,1,1.0
27,2,430.5,440.2,174.39999999999998,337.00000000000006,1,1,1.0
27,3,798.1,230.49,286.69999999999993,207.01,1,1,1.0
27,4,767.2,561.6,391.0,134.29999999999995,1,1,1.0
27,5,1086.5,376.2,257.5999999999999,173.7,1,1,1.0
27,6,306.1,337.9,149.59999999999997,320.4,1,1,1.0
27,7,1149.2,190.7,394.79999999999995,181.2,1,1,1.0
27,8,166.1,428.6,124.29999999999998,298.19999999999993,1,1,1.0
27,9,563.2,359.0,280.69999999999993,209.5,1,1,1.0
27,10,1405.2,698.2,137.20000000000005,144.5,1,1,1.0
28,1,916.3,365.2,237.70000000000005,244.2,1,1,1.0
28,2,434.7,436.0,170.2,335.6,1,1,1.0
28,3,796.2,230.49,288.5999999999999,207.40999999999997,1,1,1.0
28,4,798.0,566.6,365.9000000000001,135.60000000000002,1,1,1.0
28,5,1082.9,381.8,249.19999999999982,169.40000000000003,1,1,1.0
28,6,313.6,347.3,142.09999999999997,303.09999999999997,1,1,1.0
28,7,1149.2,191.3,404.20000000000005,181.0,1,1,1.0
28,8,165.6,447.4,115.50000000000003,279.4,1,1,1.0
28,9,580.5,360.0,262.4,204.29999999999995,1,1,1.0
28,10,1405.8,687.8,136.60000000000014,160.70000000000005,1,1,1.0
29,1,917.0,366.6,244.0,241.39999999999998,1,1,1.0
29,2,433.3,436.7,171.59999999999997,331.40000000000003,1,1,1.0
29,3,797.3,230.49,287.5,207.81,1,1,1.0
29,4,747.2,560.9,420.5,143.20000000000005,1,1,1.0
29,5,1080.41,386.3,255.49,173.8,1,1,1.0
29,6,314.9,349.8,140.8,280.49999999999994,1,1,1.0
29,7,1149.2,191.3,404.20000000000005,182.3,1,1,1.0
29,8,165.6,422.3,119.1,304.49999999999994,1,1,1.0
29,9,586.8,352.2,256.1,211.59999999999997,1,1,1.0
29,10,1407.0,689.5,135.4000000000001,159.0,1,1,1.0
30,1,872.6,381.9,309.19999999999993,204.60000000000002,1,1,1.0
30,2,437.5,435.3,164.60000000000002,325.90000000000003,1,1,1.0
30,3,795.0,230.49,287.5,207.81,1,1,1.0
30,4,751.0,564.0,407.29999999999995,144.5,1,1,1.0
30,5,1074.6,389.4,269.5,166.80000000000007,1,1,1.0
30,6,314.9,353.6,139.90000000000003,263.5,1,1,1.0
30,7,1149.2,191.3,404.20000000000005,179.3,1,1,1.0
30,8,165.6,422.3,119.1,293.49999999999994,1,1,1.0
30,9,588.9,351.2,254.0,212.09999999999997,1,1,1.0
30,10,1402.9,693.0,139.5,155.5,1,1,1.0
31,1,838.6,402.0,363.30000000000007,156.70000000000005,1,1,1.0
31,2,438.9,435.3,163.20000000000005,325.90000000000003,1,1,1.0
31,3,794.2,230.49,289.79999999999995,209.31,1,1,1.0
31,4,806.89,578.4,429.90999999999997,132.0,1,1,1.0
31,5,1072.81,386.53,286.19000000000005,167.26999999999998,1,1,1.0
31,6,314.3,356.1,138.8,261.6,1,1,1.0
31,7,1149.2,191.3,404.20000000000005,181.0,1,1,1.0
31,8,167.3,437.0,117.39999999999998,278.79999999999995,1,1,1.0
31,9,581.1,354.3,258.69999999999993,208.99999999999994,1,1,1.0
31,10,1402.9,696.5,139.5,145.60000000000002,1,1,1.0
32,1,834.4,386.0,340.4,157.41999999999996,1,1,1.0
32,2,438.9,435.3,163.20000000000005,315.49999999999994,1,1,1.0
32,3,795.0,230.49,289.0,209.31,1,1,1.0
32,4,784.3,568.4,367.10000000000014,135.10000000000002,1,1,1.0
32,5,1077.1,383.1,283.3000000000002,170.5,1,1,1.0
32,6,312.4,361.8,143.3,252.8,1,1,1.0
32,7,1149.2,193.8,404.20000000000005,178.5,1,1,1.0
32,8,167.7,430.7,120.10000000000002,285.09999999999997,1,1,1.0
32,9,581.6,358.0,258.19999999999993,203.20000000000005,1,1,1.0
32,10,1402.9,696.5,139.5,145.60000000000002,1,1,1.0
33,1,836.5,381.8,333.4000000000001,164.40000000000003,1,1,1.0
33,2,438.9,433.9,163.20000000000005,315.5,1,1,1.0
33,3,798.8,229.0,285.20000000000005,213.10000000000002,1,1,1.0
33,4,762.3,542.0,359.0,163.39999999999998,1,1,1.0
33,5,1081.5,383.7,256.29999999999995,173.7,1,1,1.0
33,6,311.8,364.3,143.89999999999998,250.3,1,1,1.0
33,7,1150.5,193.8,402.29999999999995,178.09999999999997,1,1,1.0
33,8,167.7,441.2,123.80000000000001,274.59999999999997,1,1,1.0
33,9,581.6,358.0,261.9,209.5,1,1,1.0
33,10,1408.0,695.3,134.4000000000001,153.20000000000005,1,1,1.0
34,1,798.3,335.3,214.70000000000005,187.3,1,1,1.0
34,2,447.9,433.9,154.20000000000005,345.30000000000007,1,1,1.0
34,3,788.3,230.5,301.70000000000005,155.10000000000002,1,1,1.0
34,4,995.4,318.0,166.80000000000007,224.70000000000005,1,1,1.0
34,5,1144.3,373.0,204.79999999999995,181.89999999999998,1,1,1.0
34,6,311.8,361.2,141.39999999999998,253.40000000000003,1,1,1.0
34,7,1147.4,193.8,405.39999999999986,180.7,1,1,1.0
34,8,167.7,433.7,124.63,282.09999999999997,1,1,1.0
34,9,584.2,351.7,258.29999999999995,221.00000000000006,1,1,1.0
34,10,1408.5,693.0,133.9000000000001,151.39999999999998,1,1,1.0
35,1,733.0,292.2,298.0999999999999,240.09999999999997,1,1,1.0
35,2,449.3,438.8,156.90000000000003,343.2,1,1,1.0
35,3,754.4,226.7,365.69999999999993,143.7,1,1,1.0
35,4,1036.8,252.1,158.70000000000005,274.29999999999995,1,1,1.0
35,5,1161.2,381.2,255.70000000000005,198.90000000000003,1,1,1.0
35,6,313.7,363.1,139.5,249.0,1,1,1.0
35,7,1149.9,196.9,418.0,175.29999999999998,1,1,1.0
35,8,167.7,435.9,125.47000000000003,279.9,1,1,1.0
35,9,550.7,333.9,275.0999999999999,224.70000000000005,1,1,1.0
35,10,1412.5,686.9,129.9000000000001,161.0,1,1,1.0
36,1,700.4,269.3,290.4,235.89999999999998,1,1,1.0
36,2,449.3,434.6,152.8,316.79999999999995,1,1,1.0
36,3,777.8,226.7,331.0,146.0,1,1,1.0
36,4,1026.7,259.64,165.70000000000005,273.26,1,1,1.0
36,5,1132.3,385.0,238.20000000000005,207.0,1,1,1.0
36,6,314.3,363.7,134.89999999999998,248.40000000000003,1,1,1.0
36,7,1147.4,195.0,438.0,177.60000000000002,1,1,1.0
36,8,167.7,439.5,126.30000000000001,276.29999999999995,1,1,1.0
36,9,557.0,364.2,284.0,209.59999999999997,1,1,1.0
36,10,1431.8,670.4,112.29999999999995,177.5,1,1,0.0
37,1,695.5,260.3,303.6,214.3,1,1,1.0
37,2,449.3,437.4,156.40000000000003,327.9,1,1,1.0
37,3,797.4,227.5,314.5000000000001,145.2,1,1,1.0
37,4,1001.6,266.5,195.80000000000007,261.0,1,1,1.0
37,5,1106.6,379.9,214.9000000000001,201.39999999999998,1,1,1.0
37,6,297.7,373.7,144.8,247.8,1,1,1.0
37,7,1147.4,196.9,411.0,175.29999999999998,1,1,1.0
37,8,167.7,456.9,125.0,263.9,1,1,1.0
37,9,553.9,376.2,268.80000000000007,230.59999999999997,1,1,1.0
37,10,1431.8,662.3,112.29999999999995,194.20000000000005,1,1,0.0
38,1,695.5,264.5,306.4,217.0,1,1,1.0
38,2,472.2,443.6,131.3,366.79999999999995,1,1,1.0
38,3,785.6,228.02,329.5400000000001,143.70000000000002,1,1,1.0
38,4,1001.6,238.3,234.10000000000002,246.7,1,1,1.0
38,5,1111.0,376.8,216.20000000000005,200.7,1,1,1.0
38,6,265.4,413.4,167.40000000000003,227.60000000000002,1,1,1.0
38,7,1147.4,199.4,394.0,173.20000000000002,1,1,1.0
38,8,167.7,440.7,113.19999999999999,277.59999999999997,1,1,1.0
38,9,514.7,390.9,299.5999999999999,194.70000000000005,1,1,1.0
38,10,1448.6,619.5,96.70000000000005,241.60000000000002,1,1,0.0
39,1,691.3,304.1,309.9000000000001,182.29999999999995,1,1,1.0
39,2,478.5,542.2,117.39999999999998,314.0,1,1,1.0
39,3,736.4,217.0,315.9,132.3,1,1,1.0
39,4,995.3,235.2,231.0,232.8,1,1,1.0
39,5,1104.7,379.9,231.29999999999995,196.39999999999998,1,1,1.0
39,6,246.6,466.6,173.9,190.69999999999993,1,1,1.0
39,7,1147.4,199.4,385.1999999999998,172.79999999999998,1,1,1.0
39,8,163.7,436.2,120.40000000000003,271.2,1,1,1.0
39,9,525.7,432.2,303.29999999999995,178.90000000000003,1,1,1.0
39,10,1448.6,624.1,96.70000000000005,250.89999999999998,1,1,0.0
40,1,676.0,300.6,332.79999999999995,169.79999999999995,1,1,1.0
40,2,457.0,551.2,186.79999999999995,314.0,1,1,1.0
40,3,652.7,212.5,307.69999999999993,122.5,1,1,1.0
40,4,977.7,224.7,244.79999999999995,218.2,1,1,1.0
40,5,1102.8,376.8,233.20000000000005,199.49999999999994,1,1,1.0
40,6,295.0,422.4,164.89999999999998,172.70000000000005,1,1,1.0
40,7,1147.4,198.8,386.5,174.2,1,1,1.0
40,8,164.6,428.7,119.9,298.3,1,1,1.0
40,9,525.7,431.7,300.69999999999993,139.00000000000006,1,1,1.0
40,10,1459.0,614.8,86.29999999999995,265.4000000000001,1,1,0.0
41,1,678.8,315.2,327.9000000000001,149.60000000000002,1,1,1.0
41,2,443.8,578.3,243.09999999999997,265.4000000000001,1,1,1.0
41,3,583.4,220.6,362.70000000000005,100.79999999999998,1,1,1.0
41,4,998.4,222.7,210.30000000000007,264.2,1,1,1.0
41,5,1095.53,376.31,233.47000000000003,216.29000000000002,1,1,1.0
41,6,301.2,430.2,151.5,164.3,1,1,1.0
41,7,1149.9,198.8,389.6999999999998,172.89999999999998,1,1,1.0
41,8,166.3,421.8,118.19999999999999,305.2,1,1,1.0
41,9,569.7,402.9,256.69999999999993,191.30000000000007,1,1,1.0
41,10,1456.7,617.1,88.59999999999991,256.19999999999993,1,1,0.0
42,1,655.2,313.1,352.19999999999993,142.7,1,1,1.0
42,2,432.0,587.3,266.70000000000005,255.70000000000005,1,1,1.0
42,3,500.5,245.7,302.5,136.8,1,1,1.0
42,4,1034.8,228.4,180.20000000000005,286.80000000000007,1,1,1.0
42,5,1129.08,380.14,216.42000000000007,229.06000000000006,1,1,1.0
42,6,296.9,422.3,157.20000000000005,172.2,1,1,1.0
42,7,1148.43,190.6,397.29999999999995,182.00000000000003,1,1,1.0
42,8,164.6,418.0,119.9,284.5,1,1,1.0
42,9,539.4,390.9,290.70000000000005,184.0,1,1,1.0
42,10,1454.4,605.5,90.89999999999986,262.0,1,1,0.0
43,1,667.7,308.2,335.5,153.90000000000003,1,1,1.0
43,2,434.1,592.2,297.19999999999993,249.39999999999998,1,1,1.0
43,3,450.0,248.0,276.1,190.89999999999998,1,1,1.0
43,4,1031.7,229.0,191.5,284.29999999999995,1,1,1.0
43,5,1150.5,391.8,207.5,251.09999999999997,1,1,1.0
43,6,302.5,419.5,155.60000000000002,173.70000000000005,1,1,1.0
43,7,1148.0,187.5,395.4000000000001,186.39999999999998,1,1,1.0
43,8,169.6,414.2,125.29999999999998,242.00000000000006,1,1,1.0
43,9,569.7,393.5,263.5,176.20000000000005,1,1,1.0
43,10,1457.8,602.6,87.5,265.75,1,1,0.0
44,1,677.4,304.0,330.70000000000005,165.0,1,1,1.0
44,2,450.1,597.8,247.89999999999998,290.30000000000007,1,1,1.0
44,3,447.7,271.4,258.90000000000003,218.0,1,1,1.0
44,4,1006.6,230.9,261.80000000000007,269.20000000000005,1,1,1.0
44,5,1173.1,420.7,245.20000000000005,245.50000000000006,1,1,1.0
44,6,303.8,413.3,154.3,182.99999999999994,1,1,1.0
44,7,1149.3,189.4,390.29999999999995,183.6,1,1,1.0
44,8,165.0,419.4,126.39999999999998,225.89999999999998,1,1,1.0
44,9,577.0,398.2,256.20000000000005,182.50000000000006,1,1,1.0
44,10,1456.5,650.42,85.78999999999996,217.48000000000002,1,1,0.0
45,1,705.9,276.2,294.6,201.8,1,1,1.0
45,2,450.1,607.5,259.0,285.5,1,1,1.0
45,3,450.7,251.0,253.59999999999997,251.10000000000002,1,1,1.0
45,4,1021.7,232.2,204.5999999999999,267.90000000000003,1,1,1.0
45,5,1183.5,478.1,246.5999999999999,205.10000000000002,1,1,1.0
45,6,303.8,418.3,155.2,177.99999999999994,1,1,1.0
45,7,1148.0,192.5,389.70000000000005,179.7,1,1,1.0
45,8,176.6,411.2,125.6,216.8,1,1,1.0
45,9,575.4,400.3,256.80000000000007,175.99999999999994,1,1,1.0
45,10,1457.6,652.57,85.12000000000012,212.32999999999993,1,1,0.0
46,1,709.4,267.2,280.0,217.7,1,1,1.0
46,2,451.5,613.1,286.1,263.19999999999993,1,1,1.0
46,3,448.5,278.9,270.1,221.0,1,1,1.0
46,4,1011.7,232.8,204.5999999999999,279.2,1,1,1.0
46,5,1117.85,425.72,220.85000000000014,166.38,1,1,1.0
46,6,304.4,413.9,150.0,183.0,1,1,1.0
46,7,1148.0,198.2,392.20000000000005,174.8,1,1,1.0
46,8,176.2,413.5,120.90000000000003,211.70000000000005,1,1,1.0
46,9,582.7,400.3,249.5,168.49999999999994,1,1,1.0
46,10,1461.3,653.0,84.0,204.70000000000005,1,1,0.0
47,1,710.1,256.1,273.0,228.79999999999995,1,1,1.0
47,2,451.5,615.9,284.70000000000005,254.20000000000005,1,1,1.0
47,3,448.5,278.9,279.1,215.70000000000005,1,1,1.0
47,4,969.0,272.4,263.5999999999999,200.70000000000005,1,1,1.0
47,5,1129.8,393.7,205.0,198.40000000000003,1,1,1.0
47,6,304.4,410.8,148.10000000000002,186.09999999999997,1,1,1.0
47,7,1150.5,198.2,389.70000000000005,175.3,1,1,1.0
47,8,176.6,416.0,118.70000000000002,206.60000000000002,1,1,1.0
47,9,594.7,400.3,238.0,190.8,1,1,1.0
47,10,1454.4,668.0,88.69999999999982,178.70000000000005,1,1,0.0
48,1,711.5,258.9,271.6,226.0,1,1,1.0
48,2,450.1,615.9,279.79999999999995,250.70000000000005,1,1,1.0
48,3,466.6,278.9,255.69999999999993,242.5,1,1,1.0
48,4,961.5,278.7,323.79999999999995,188.10000000000002,1,1,1.0
48,5,1132.3,377.4,202.5,224.70000000000005,1,1,1.0
48,6,303.8,412.7,150.0,184.2,1,1,1.0
48,7,1150.5,199.5,388.4000000000001,173.10000000000002,1,1,1.0
48,8,177.2,408.9,125.90000000000003,211.39999999999998,1,1,1.0
48,9,588.4,400.3,244.80000000000007,175.59999999999997,1,1,1.0
48,10,1455.0,656.4,88.59999999999991,200.10000000000002,1,1,0.0
49,1,710.8,265.1,270.9000000000001,218.39999999999998,1,1,1.0
49,2,451.5,634.0,332.6,235.39999999999998,1,1,1.0
49,3,468.1,286.5,153.19999999999993,306.9,1,1,1.0
49,4,960.9,298.2,324.4,168.60000000000002,1,1,1.0
49,5,1132.3,377.4,202.5,217.80000000000007,1,1,1.0
49,6,303.8,413.3,153.89999999999998,182.3,1,1,1.0
49,7,1150.5,198.2,390.9000000000001,175.7,1,1,1.0
49,8,178.5,412.38,115.69999999999999,203.82000000000005,1,1,1.0
49,9,585.3,404.0,247.9000000000001,171.89999999999998,1,1,1.0
49,10,1456.7,629.2,88.59999999999991,236.0,1,1,0.0
50,1,705.9,238.7,263.30000000000007,241.3,1,1,1.0
50,2,440.4,680.5,339.5,204.89999999999998,1,1,1.0
50,3,494.5,351.3,179.0,335.59999999999997,1,1,1.0
50,4,962.2,277.5,277.29999999999995,186.8,1,1,1.0
50,5,1132.3,380.5,199.4000000000001,212.20000000000005,1,1,1.0
50,6,302.5,416.4,157.3,184.89999999999998,1,1,1.0
50,7,1150.5,198.8,390.9000000000001,175.09999999999997,1,1,1.0
50,8,176.3,413.7,118.89999999999998,195.2,1,1,1.0
50,9,583.2,400.9,248.39999999999998,183.39999999999998,1,1,1.0
50,10,1457.9,659.3,87.39999999999986,204.70000000000005,1,1,0.0
51,1,696.2,233.8,273.69999999999993,239.3,1,1,1.0
51,2,450.8,673.6,331.90000000000003,211.79999999999995,1,1,1.0
51,3,497.5,462.8,236.79999999999995,256.49999999999994,1,1,1.0
51,4,963.5,275.0,262.79999999999995,194.3,1,1,1.0
51,5,1127.6,380.6,217.0,206.89999999999998,1,1,1.0
51,6,303.8,417.0,155.7,195.60000000000002,1,1,1.0
51,7,1150.5,197.5,390.9000000000001,174.7,1,1,1.0
51,8,181.8,408.1,119.80000000000001,196.0,1,1,1.0
51,9,582.2,395.1,248.89999999999998,183.39999999999998,1,1,1.0
51,10,1457.9,659.3,84.0,202.4000000000001,1,1,0.0
52,1,701.1,260.9,273.69999999999993,221.20000000000005,1,1,1.0
52,2,450.1,683.3,345.79999999999995,188.9000000000001,1,1,1.0
52,3,475.6,477.9,273.79999999999995,234.60000000000002,1,1,1.0
52,4,975.4,252.8,246.5000000000001,246.59999999999997,1,1,1.0
52,5,1129.4,375.1,220.39999999999986,212.0,1,1,1.0
52,6,304.4,412.6,153.8,196.19999999999993,1,1,1.0
52,7,1146.1,197.5,394.0,175.10000000000002,1,1,1.0
52,8,183.0,412.7,113.80000000000001,185.2,1,1,1.0
52,9,576.4,393.0,252.10000000000002,180.0,1,1,1.0
52,10,1457.9,659.3,84.39999999999986,200.10000000000002,1,1,0.0
53,1,694.9,271.3,304.9,203.2,1,1,1.0
53,2,489.0,703.4,376.29999999999995,177.10000000000002,1,1,1.0
53,3,460.5,486.2,290.4,233.8,1,1,1.0
53,4,991.7,241.1,225.79999999999995,268.29999999999995,1,1,1.0
53,5,1138.0,369.9,214.29999999999995,219.10000000000002,1,1,1.0
53,6,304.4,412.2,154.10000000000002,211.00000000000006,1,1,1.0
53,7,1149.2,197.5,390.89999999999986,175.89999999999998,1,1,1.0
53,8,180.55,412.4,119.55000000000001,188.39999999999998,1,1,1.0
53,9,578.0,393.0,250.5,184.39999999999998,1,1,1.0
53,10,1457.9,659.3,84.5,202.23000000000002,1,1,0.0
54,1,644.9,272.0,359.1,180.3,1,1,1.0
54,2,489.7,716.6,402.00000000000006,181.89999999999998,1,1,1.0
54,3,462.8,476.4,280.59999999999997,238.30000000000007,1,1,1.0
54,4,994.8,224.8,213.9000000000001,287.09999999999997,1,1,1.0
54,5,1135.8,367.5,198.29999999999995,233.39999999999998,1,1,1.0
54,6,304.4,416.4,151.90000000000003,209.30000000000007,1,1,1.0
54,7,1149.2,198.8,389.0,175.09999999999997,1,1,1.0
54,8,183.3,407.5,117.80000000000001,193.89999999999998,1,1,1.0
54,9,578.0,393.0,250.5,182.29999999999995,1,1,1.0
54,10,1457.9,659.3,85.94999999999982,204.37,1,1,0.0
55,1,630.3,268.5,334.80000000000007,144.2,1,1,1.0
55,2,493.9,724.9,397.80000000000007,181.89999999999998,1,1,1.0
55,3,479.4,467.4,261.0,247.30000000000007,1,1,1.0
55,4,1065.7,192.1,126.0,334.9,1,1,1.0
55,5,1180.69,427.82,171.80999999999995,236.18,1,1,1.0
55,6,305.0,416.4,145.60000000000002,224.39999999999998,1,1,1.0
55,7,1149.2,198.8,385.89999999999986,175.09999999999997,1,1,1.0
55,8,181.54,411.84,114.76000000000002,196.16000000000003,1,1,1.0
55,9,577.0,390.9,252.5,184.39999999999998,1,1,1.0
55,10,1457.9,659.3,87.39999999999986,206.5,1,1,0.0
56,1,642.1,265.0,291.1,139.39999999999998,1,1,1.0
56,2,499.5,739.5,381.79999999999995,160.39999999999998,1,1,1.0
56,3,484.7,459.1,237.59999999999997,265.4,1,1,1.0
56,4,1012.3,230.4,189.4000000000001,305.4,1,1,1.0
56,5,1137.3,371.7,182.70000000000005,242.90000000000003,1,1,1.0
56,6,304.35,411.7,146.34999999999997,228.15000000000003,1,1,1.0
56,7,1149.2,199.4,384.5999999999999,173.99999999999997,1,1,1.0
56,8,185.4,410.86,112.99999999999997,199.84000000000003,1,1,1.0
56,9,577.0,392.5,256.1,182.79999999999995,1,1,1.0
56,10,1468.9,627.5,76.39999999999986,226.70000000000005,1,1,0.0
57,1,612.66,264.32,309.14,146.28000000000003,1,1,1.0
57,2,493.3,750.6,326.2,128.5,1,1,1.0
57,3,484.7,457.6,242.09999999999997,266.9,1,1,1.0
57,4,945.7,280.6,261.0,210.0,1,1,1.0
57,5,1193.6,362.9,125.40000000000009,234.20000000000005,1,1,1.0
57,6,303.7,407.0,141.90000000000003,231.89999999999998,1,1,1.0
57,7,1150.5,200.0,383.29999999999995,172.60000000000002,1,1,1.0
57,8,187.7,409.87,107.80000000000001,209.52999999999997,1,1,1.0
57,9,581.7,398.3,251.39999999999998,177.8,1,1,1.0
57,10,1473.5,656.4,69.59999999999991,211.70000000000005,1,1,0.0
58,1,585.93,278.18,295.47,115.82,1,1,1.0
58,2,496.1,736.7,299.79999999999995,130.5999999999999,1,1,1.0
58,3,496.8,458.4,223.99999999999994,266.1,1,1,1.0
58,4,906.8,267.4,276.70000000000005,167.3,1,1,1.0
58,5,1183.2,355.4,137.70000000000005,236.0,1,1,1.0
58,6,238.2,425.0,201.2,216.60000000000002,1,1,1.0
58,7,1145.5,198.1,400.20000000000005,177.50000000000003,1,1,1.0
58,8,177.1,413.4,118.50000000000003,204.72000000000003,1,1,1.0
58,9,580.7,400.4,252.39999999999998,179.10000000000002,1,1,1.0
58,10,1442.8,684.8,100.29999999999995,193.60000000000002,1,1,0.0
59,1,578.92,277.5,248.2800000000001,114.69999999999999,1,1,1.0
59,2,503.1,738.1,290.0,131.29999999999995,1,1,1.0
59,3,501.3,449.5,212.7,278.0,1,1,1.0
59,4,893.0,277.4,320.5999999999999,157.3,1,1,1.0
59,5,1181.3,351.0,137.70000000000005,232.89999999999998,1,1,1.0
59,6,218.3,406.4,226.0,218.10000000000002,1,1,1.0
59,7,1146.7,198.1,408.39999999999986,175.79999999999998,1,1,1.0
59,8,168.9,408.1,133.4,208.75,1,1,1.0
59,9,575.5,400.4,257.6,171.20000000000005,1,1,1.0
59,10,1438.8,637.3,106.5,219.80000000000007,1,1,0.0
60,1,571.53,274.7,251.47000000000003,113.0,1,1,1.0
60,2,507.3,740.9,284.40000000000003,131.30000000000007,1,1,1.0
60,3,505.0,445.7,222.60000000000002,277.3,1,1,1.0
60,4,881.1,271.1,336.9,169.29999999999995,1,1,1.0
60,5,1166.3,334.6,154.0,246.19999999999993,1,1,1.0
60,6,218.3,408.0,229.59999999999997,221.5,1,1,1.0
60,7,1149.2,198.1,404.5999999999999,174.9,1,1,1.0
60,8,168.4,412.4,125.99999999999997,204.70000000000005,1,1,1.0
60,9,577.6,402.5,254.5,179.0,1,1,1.0
60,10,1438.8,662.2,106.5,197.19999999999993,1,1,0.0
61,1,584.4,274.0,249.39999999999998,114.39999999999998,1,1,1.0
61,2,510.8,736.0,278.8,134.79999999999995,1,1,1.0
61,3,506.5,445.7,224.89999999999998,286.3,1,1,1.0
61,4,882.4,274.9,337.5000000000001,164.20000000000005,1,1,1.0
61,5,1165.7,334.6,155.20000000000005,265.69999999999993,1,1,1.0
61,6,206.4,407.6,243.6,209.29999999999995,1,1,1.0
61,7,1146.1,198.1,404.60000000000014,176.20000000000002,1,1,1.0
61,8,158.9,412.3,142.1,199.59999999999997,1,1,1.0
61,9,578.1,402.5,252.39999999999998,168.0,1,1,1.0
61,10,1438.8,665.1,106.5,196.60000000000002,1,1,0.0
62,1,587.2,274.0,248.69999999999993,117.89999999999998,1,1,1.0
62,2,501.8,738.8,289.2,132.70000000000005,1,1,1.0
62,3,506.5,445.7,237.70000000000005,278.8,1,1,1.0
62,4,920.7,266.1,294.79999999999995,212.5,1,1,1.0
62,5,1169.4,337.1,160.89999999999986,267.0,1,1,1.0
62,6,254.1,403.5,206.29999999999998,211.20000000000005,1,1,1.0
62,7,1146.7,198.1,400.89999999999986,175.4,1,1,1.0
62,8,182.1,406.15,121.04999999999998,194.95000000000005,1,1,0.0
62,9,579.7,400.4,252.89999999999998,180.89999999999998,1,1,1.0
62,10,1438.8,672.0,106.5,186.79999999999995,1,1,0.0
63,1,523.3,272.6,318.20000000000005,117.19999999999999,1,1,1.0
63,2,490.0,719.4,348.9,152.80000000000007,1,1,1.0
63,3,507.25,442.0,219.64999999999998,301.29999999999995,1,1,1.0
63,4,932.7,269.2,282.79999999999995,220.10000000000002,1,1,1.0
63,5,1172.0,339.0,153.9000000000001,248.79999999999995,1,1,1.0
63,6,286.8,392.1,171.3,219.10000000000002,1,1,1.0
63,7,1148.1,198.1,398.9000000000001,175.4,1,1,1.0
63,8,173.7,413.8,120.80000000000001,185.40000000000003,1,1,1.0
63,9,582.8,402.5,250.30000000000007,182.79999999999995,1,1,1.0
63,10,1438.8,682.4,106.5,171.80000000000007,1,1,0.0
64,1,511.5,269.1,338.9,136.0,1,1,1.0
64,2,487.9,681.2,410.0,176.39999999999998,1,1,1.0
64,3,508.0,442.0,200.79999999999995,296.5,1,1,1.0
64,4,936.5,254.1,259.5,247.1,1,1,1.0
64,5,1163.0,339.0,161.5999999999999,250.10000000000002,1,1,1.0
64,6,289.0,404.0,155.3,221.60000000000002,1,1,1.0
64,7,1148.5,198.1,398.5,175.79999999999998,1,1,1.0
64,8,166.2,408.71,133.09000000000003,190.29000000000002,1,1,1.0
64,9,584.4,402.5,248.70000000000005,177.5,1,1,1.0
64,10,1442.25,677.7,98.75,177.0999999999999,1,1,0.0
65,1,512.9,278.8,337.4,129.8,1,1,1.0
65,2,490.7,672.2,351.59999999999997,184.69999999999993,1,1,1.0
65,3,511.0,435.2,185.79999999999995,306.8,1,1,1.0
65,4,939.6,256.0,265.80000000000007,241.39999999999998,1,1,1.0
65,5,1165.7,339.6,157.5999999999999,275.9,1,1,1.0
65,6,289.4,402.1,153.0,217.19999999999993,1,1,1.0
65,7,1148.5,198.1,402.29999999999995,176.20000000000002,1,1,1.0
65,8,176.9,409.37,119.20000000000002,190.02999999999997,1,1,1.0
65,9,584.4,402.5,249.20000000000005,177.5,1,1,1.0
65,10,1445.7,617.0,99.59999999999991,250.5,1,1,0.0
66,1,483.0,287.8,360.6,130.5,1,1,1.0
66,2,490.0,657.6,375.20000000000005,202.10000000000002,1,1,1.0
66,3,516.3,435.2,192.5,302.00000000000006,1,1,1.0
66,4,937.09,257.9,270.2099999999999,239.5,1,1,1.0
66,5,1168.2,334.6,154.5,255.79999999999995,1,1,1.0
66,6,287.5,394.6,154.3,211.0,1,1,1.0
66,7,1151.0,198.1,403.20000000000005,175.6,1,1,1.0
66,8,178.6,412.7,118.03,188.3,1,1,1.0
66,9,584.4,402.5,249.20000000000005,174.39999999999998,1,1,1.0
66,10,1453.8,625.1,91.5,256.29999999999995,1,1,0.0
67,1,446.2,297.1,363.40000000000003,125.39999999999998,1,1,1.0
67,2,489.3,717.3,408.40000000000003,134.80000000000007,1,1,1.0
67,3,512.5,435.2,214.39999999999998,294.2,1,1,1.0
67,4,895.6,283.0,325.4999999999999,179.89999999999998,1,1,1.0
67,5,1158.8,338.4,163.9000000000001,252.0,1,1,1.0
67,6,287.5,394.6,154.3,211.0,1,1,1.0
67,7,1151.0,196.2,404.5,179.7,1,1,1.0
67,8,185.0,404.92,112.39999999999998,196.28000000000003,1,1,1.0
67,9,582.2,403.55,251.64999999999998,176.74999999999994,1,1,1.0
67,10,1451.5,641.3,93.79999999999995,237.80000000000007,1,1,0.0
68,1,396.9,295.5,353.0,130.5,1,1,1.0
68,2,494.9,722.9,372.4,132.70000000000005,1,1,1.0
68,3,512.5,436.0,207.20000000000005,305.20000000000005,1,1,1.0
68,4,889.3,294.9,295.4000000000001,163.0,1,1,1.0
68,5,1162.6,335.9,158.80000000000018,268.30000000000007,1,1,1.0
68,6,287.5,397.1,151.2,208.5,1,1,1.0
68,7,1149.7,196.2,405.29999999999995,176.2,1,1,1.0
68,8,186.5,410.57,109.0,190.32999999999998,1,1,1.0
68,9,584.4,404.6,249.70000000000005,179.10000000000002,1,1,1.0
68,10,1451.5,667.3,92.09999999999991,206.60000000000002,1,1,0.0
69,1,386.5,305.9,361.29999999999995,123.60000000000002,1,1,1.0
69,2,494.9,686.8,358.5,168.80000000000007,1,1,1.0
69,3,513.3,437.5,213.60000000000002,293.70000000000005,1,1,1.0
69,4,889.9,293.0,299.19999999999993,158.60000000000002,1,1,1.0
69,5,1157.6,332.8,163.80000000000018,244.40000000000003,1,1,1.0
69,6,288.8,397.1,150.5,209.79999999999995,1,1,1.0
69,7,1149.7,197.92,405.29999999999995,175.68000000000004,1,1,1.0
69,8,183.9,414.67,110.99999999999997,184.53000000000003,1,1,1.0
69,9,584.4,404.6,250.20000000000005,173.89999999999998,1,1,1.0
69,10,1441.7,681.8,99.70000000000005,169.0,1,1,0.0
70,1,396.2,300.9,351.59999999999997,131.40000000000003,1,1,1.0
70,2,513.6,657.0,323.1,213.89999999999998,1,1,1.0
70,3,513.3,437.5,219.60000000000002,279.4,1,1,1.0
70,4,889.9,293.0,311.80000000000007,155.3,1,1,1.0
70,5,1155.7,335.9,167.0,268.30000000000007,1,1,1.0
70,6,288.8,397.1,154.89999999999998,209.79999999999995,1,1,1.0
70,7,1149.7,196.2,404.0,178.10000000000002,1,1,1.0
70,8,180.2,410.7,112.61000000000001,172.59999999999997,1,1,1.0
70,9,576.0,404.6,259.6,167.10000000000002,1,1,1.0
70,10,1438.8,681.8,104.40000000000009,166.70000000000005,1,1,0.0
71,1,457.3,303.8,296.09999999999997,187.59999999999997,1,1,1.0
71,2,522.6,668.8,310.6,225.70000000000005,1,1,1.0
71,3,506.5,458.6,249.0,244.0,1,1,1.0
71,4,879.9,291.7,340.0000000000001,158.0,1,1,1.0
71,5,1155.7,333.0,167.0,262.4,1,1,1.0
71,6,291.4,397.1,152.3,211.69999999999993,1,1,1.0
71,7,1149.7,197.5,405.39999999999986,175.5,1,1,1.0
71,8,178.8,410.93,115.71999999999997,168.07,1,1,1.0
71,9,584.4,404.6,251.20000000000005,180.69999999999993,1,1,1.0
71,10,1434.2,688.2,109.39999999999986,152.19999999999993,1,1,0.0
72,1,431.6,255.9,201.69999999999993,325.80000000000007,1,1,1.0
72,2,537.2,670.2,296.0,227.79999999999995,1,1,1.0
72,3,561.5,514.4,349.9,151.89999999999998,1,1,1.0
72,4,877.4,293.0,337.5000000000001,156.10000000000002,1,1,1.0
72,5,1169.5,330.9,148.20000000000005,295.30000000000007,1,1,1.0
72,6,290.8,395.2,151.59999999999997,213.59999999999997,1,1,1.0
72,7,1149.7,196.85,406.0,175.75000000000003,1,1,1.0
72,8,178.9,412.95,113.6,139.34999999999997,1,1,0.0
72,9,573.9,405.6,262.20000000000005,161.39999999999998,1,1,1.0
72,10,1431.9,682.4,111.19999999999982,161.5,1,1,0.0
73,1,439.2,243.4,137.90000000000003,338.30000000000007,1,1,1.0
73,2,537.9,663.3,295.30000000000007,234.70000000000005,1,1,1.0
73,3,680.3,476.0,335.9000000000001,165.60000000000002,1,1,1.0
73,4,869.8,294.3,319.4000000000001,147.3,1,1,1.0
73,5,1179.5,411.6,174.5999999999999,246.0,1,1,1.0
73,6,290.8,392.7,156.89999999999998,213.3,1,1,1.0
73,7,1149.7,196.2,404.79999999999995,176.40000000000003,1,1,1.0
73,8,179.0,412.4,101.39999999999998,124.70000000000005,1,1,0.0
73,9,587.5,405.6,248.60000000000002,178.69999999999993,1,1,1.0
73,10,1431.9,682.4,111.19999999999982,162.70000000000005,1,1,0.0
74,1,439.2,241.3,134.40000000000003,338.3,1,1,1.0
74,2,537.2,678.6,296.0,220.79999999999995,1,1,1.0
74,3,691.8,471.5,355.29999999999995,170.79999999999995,1,1,1.0
74,4,703.4,282.4,404.19999999999993,124.0,1,1,1.0
74,5,1116.71,357.3,157.69000000000005,223.09999999999997,1,1,1.0
74,6,290.8,387.0,155.8,233.79999999999995,1,1,1.0
74,7,1149.7,196.2,399.79999999999995,177.3,1,1,1.0
74,8,164.5,293.3,208.7,240.59999999999997,1,1,0.0
74,9,574.4,406.6,261.70000000000005,176.69999999999993,1,1,1.0
74,10,1431.9,682.4,111.0,161.25,1,1,0.0
75,1,423.9,249.6,156.60000000000002,306.4,1,1,1.0
75,2,536.5,685.5,296.70000000000005,221.5,1,1,1.0
75,3,699.3,474.5,355.29999999999995,160.29999999999995,1,1,1.0
75,4,607.3,267.4,386.0,133.90000000000003,1,1,1.0
75,5,1117.0,342.6,155.70000000000005,245.69999999999993,1,1,1.0
75,6,290.8,391.4,154.7,216.80000000000007,1,1,1.0
75,7,1149.7,196.2,399.79999999999995,175.5,1,1,1.0
75,8,170.7,321.4,226.40000000000003,214.76,1,1,0.0
75,9,588.5,404.5,247.60000000000002,183.5,1,1,1.0
75,10,1431.9,682.4,111.19999999999982,159.80000000000007,1,1,0.0
76,1,421.1,252.4,167.69999999999993,300.80000000000007,1,1,1.0
76,2,517.8,665.5,283.5,239.39999999999998,1,1,1.0
76,3,730.9,469.2,294.30000000000007,188.2,1,1,1.0
76,4,625.5,265.5,367.20000000000005,138.3,1,1,1.0
76,5,1119.5,332.2,172.4000000000001,230.59999999999997,1,1,1.0
76,6,286.4,393.3,153.40000000000003,213.59999999999997,1,1,1.0
76,7,1149.7,196.2,393.5,176.40000000000003,1,1,1.0
76,8,165.8,320.6,229.3,214.19999999999993,1,1,0.0
76,9,588.5,404.5,248.10000000000002,183.5,1,1,1.0
76,10,1431.9,687.6,111.69999999999982,147.10000000000002,1,1,0.0
77,1,422.5,248.9,169.10000000000002,305.0,1,1,1.0
77,2,508.8,727.8,328.59999999999997,177.10000000000002,1,1,1.0
77,3,744.5,468.4,312.29999999999995,179.20000000000005,1,1,1.0
77,4,636.8,277.4,351.5,124.5,1,1,1.0
77,5,1110.4,312.7,170.19999999999982,240.09999999999997,1,1,1.0
77,6,274.5,390.5,156.2,234.0,1,1,1.0
77,7,1149.7,196.2,394.79999999999995,177.3,1,1,1.0
77,8,162.0,323.8,212.7,207.3,1,1,0.0
77,9,584.3,404.5,250.70000000000005,180.39999999999998,1,1,1.0
77,10,1431.9,689.9,110.79999999999995,144.80000000000007,1,1,0.0
78,1,422.5,249.6,170.5,304.29999999999995,1,1,1.0
78,2,503.9,743.1,355.70000000000005,146.5,1,1,1.0
78,3,763.3,417.9,303.29999999999995,220.70000000000005,1,1,1.0
78,4,663.2,268.0,307.5,135.2,1,1,1.0
78,5,1108.4,317.7,175.79999999999995,235.09999999999997,1,1,1.0
78,6,261.9,407.7,139.0,250.7,1,1,1.0
78,7,1148.45,196.2,397.29999999999995,175.8,1,1,1.0
78,8,164.3,334.3,248.3,194.90000000000003,1,1,0.0
78,9,583.8,404.5,251.20000000000005,173.60000000000002,1,1,1.0
78,10,1460.8,714.8,84.5,149.4000000000001,1,1,0.0
79,1,421.1,248.2,174.69999999999993,303.59999999999997,1,1,1.0
79,2,493.5,716.0,376.5,160.39999999999998,1,1,1.0
79,3,810.0,321.4,255.0999999999999,261.4,1,1,1.0
79,4,672.6,270.4,301.19999999999993,134.70000000000005,1,1,1.0
79,5,1104.1,312.11,197.5,237.18999999999994,1,1,1.0
79,6,257.5,414.6,142.0,234.39999999999998,1,1,1.0
79,7,1147.2,196.2,399.79999999999995,177.7,1,1,1.0
79,8,170.9,334.62,223.20000000000002,194.80999999999995,1,1,0.0
79,9,585.4,404.5,249.60000000000002,183.5,1,1,1.0
79,10,1396.0,687.6,149.29999999999995,158.10000000000002,1,1,1.0
80,1,423.2,246.1,173.3,317.9,1,1,1.0
80,2,493.5,688.2,348.70000000000005,180.5999999999999,1,1,1.0
80,3,857.5,335.0,219.70000000000005,285.4,1,1,1.0
80,4,673.9,269.9,307.5,135.8,1,1,1.0
80,5,1122.3,327.1,152.10000000000014,274.1,1,1,1.0
80,6,235.5,438.9,159.8,223.30000000000007,1,1,1.0
80,7,1147.2,196.2,398.5,177.7,1,1,1.0
80,8,161.2,341.7,267.0,180.09999999999997,1,1,0.0
80,9,583.8,404.5,251.20000000000005,183.5,1,1,1.0
80,10,1396.0,638.5,149.29999999999995,204.29999999999995,1,1,1.0
81,1,426.0,244.7,167.70000000000005,317.2,1,1,1.0
81,2,507.4,703.5,354.20000000000005,161.10000000000002,1,1,1.0
81,3,843.0,289.0,211.5999999999999,322.1,1,1,1.0
81,4,673.9,249.2,305.0,152.7,1,1,1.0
81,5,1167.6,381.1,162.0,286.1,1,1,1.0
81,6,260.6,434.7,150.39999999999998,213.7,1,1,1.0
81,7,1149.1,196.2,400.3000000000002,177.7,1,1,1.0
81,8,160.64,341.85,264.46000000000004,185.64999999999998,1,1,0.0
81,9,583.8,404.5,251.20000000000005,174.60000000000002,1,1,1.0
81,10,1381.0,673.1,160.0,164.5,1,1,1.0
82,1,432.1,241.2,152.60000000000002,344.59999999999997,1,1,1.0
82,2,533.1,709.1,382.0,150.60000000000002,1,1,1.0
82,3,899.7,295.8,157.89999999999986,287.7,1,1,1.0
82,4,663.9,219.7,304.30000000000007,189.7,1,1,1.0
82,5,1122.9,320.82,148.89999999999986,265.38000000000005,1,1,1.0
82,6,258.7,446.6,174.90000000000003,179.79999999999995,1,1,1.0
82,7,1149.57,196.2,401.1300000000001,176.0,1,1,1.0
82,8,151.7,325.4,257.6,187.70000000000005,1,1,0.0
82,9,585.9,407.6,250.70000000000005,176.69999999999993,1,1,1.0
82,10,1398.4,673.1,142.19999999999982,139.0,1,1,0.0
83,1,438.5,252.3,147.20000000000005,352.59999999999997,1,1,1.0
83,2,518.5,693.8,391.0,145.80000000000007,1,1,1.0
83,3,816.8,327.4,255.10000000000014,276.4,1,1,1.0
83,4,664.9,202.7,299.5,215.5,1,1,1.0
83,5,1140.8,311.6,136.0,267.69999999999993,1,1,1.0
83,6,272.6,463.0,168.5,157.70000000000005,1,1,1.0
83,7,1150.05,196.2,400.85000000000014,176.40000000000003,1,1,1.0
83,8,177.0,297.8,247.89999999999998,194.5,1,1,0.0
83,9,578.0,406.6,258.6,192.39999999999998,1,1,1.0
83,10,1396.1,673.1,144.9000000000001,145.5,1,1,0.0
84,1,441.3,255.1,136.49999999999994,374.19999999999993,1,1,1.0
84,2,515.7,697.3,374.4,131.9000000000001,1,1,1.0
84,3,818.3,333.4,252.79999999999995,265.1,1,1,1.0
84,4,671.8,200.2,290.1,211.7,1,1,1.0
84,5,1140.2,313.7,134.70000000000005,283.2,1,1,1.0
84,6,280.4,464.72,155.52000000000004,159.77999999999997,1,1,1.0
84,7,1150.52,196.2,400.28,176.0,1,1,1.0
84,8,150.3,357.1,247.3,161.10000000000002,1,1,1.0
84,9,584.3,406.6,252.30000000000007,190.29999999999995,1,1,1.0
84,10,1394.9,674.8,146.0999999999999,141.4000000000001,1,1,0.0
85,1,453.0,329.4,178.0,356.0,1,1,1.0
85,2,515.7,700.1,393.0999999999999,123.5,1,1,1.0
85,3,825.5,316.7,248.5999999999999,235.8,1,1,1.0
85,4,678.4,200.2,281.6,209.8,1,1,1.0
85,5,1139.9,311.2,135.0,261.8,1,1,1.0
85,6,280.1,461.1,156.0,162.10000000000002,1,1,1.0
85,7,1151.0,196.2,401.0,177.7,1,1,1.0
85,8,130.1,361.6,256.70000000000005,167.10000000000002,1,1,1.0
85,9,579.6,406.6,256.0,178.79999999999995,1,1,1.0
85,10,1390.8,674.8,149.29999999999995,143.70000000000005,1,1,0.0
86,1,412.7,374.7,219.3,313.8,1,1,1.0
86,2,536.5,702.2,379.9,174.19999999999993,1,1,1.0
86,3,795.6,314.6,307.9,196.5,1,1,1.0
86,4,646.4,204.0,307.9,194.10000000000002,1,1,1.0
86,5,1134.9,309.6,148.19999999999982,259.6,1,1,1.0
86,6,280.1,461.1,149.09999999999997,160.19999999999993,1,1,1.0
86,7,1150.4,196.2,399.0,177.7,1,1,1.0
86,8,130.35,369.6,265.75,159.39,1,1,1.0
86,9,573.3,403.5,257.6,178.79999999999995,1,1,1.0
86,10,1385.0,674.8,156.0,141.20000000000005,1,1,0.0
87,1,403.0,385.1,243.79999999999995,322.69999999999993,1,1,1.0
87,2,537.2,675.8,336.0999999999999,189.5,1,1,1.0
87,3,801.6,317.6,313.9999999999999,183.7,1,1,1.0
87,4,581.1,258.0,329.19999999999993,143.2,1,1,1.0
87,5,1120.5,312.1,173.9000000000001,252.69999999999993,1,1,1.0
87,6,280.1,466.1,156.0,155.19999999999993,1,1,1.0
87,7,1150.4,196.2,400.29999999999995,177.7,1,1,1.0
87,8,141.6,361.1,247.6,178.89999999999998,1,1,1.0
87,9,563.9,402.5,263.9,186.60000000000002,1,1,1.0
87,10,1392.5,677.7,149.79999999999995,129.79999999999995,1,1,0.0
88,1,429.4,399.0,212.39999999999998,299.9,1,1,1.0
88,2,540.7,675.8,334.0,219.4000000000001,1,1,1.0
88,3,801.6,316.8,299.69999999999993,188.3,1,1,1.0
88,4,574.8,285.0,300.4000000000001,126.89999999999998,1,1,1.0
88,5,1110.4,324.3,207.89999999999986,232.3,1,1,1.0
88,6,282.0,451.0,154.10000000000002,170.89999999999998,1,1,1.0
88,7,1150.4,196.2,399.04999999999995,178.8,1,1,1.0
88,8,147.3,366.5,261.8,175.22000000000003,1,1,1.0
88,9,555.5,404.1,270.70000000000005,192.29999999999995,1,1,1.0
88,10,1389.0,677.7,152.9000000000001,128.5999999999999,1,1,0.0
89,1,442.6,404.6,199.19999999999993,289.4,1,1,1.0
89,2,547.6,670.2,310.4,236.0999999999999,1,1,1.0
89,3,789.5,312.3,302.0,200.3,1,1,1.0
89,4,510.1,239.2,296.69999999999993,176.40000000000003,1,1,1.0
89,5,1102.6,326.8,217.60000000000014,226.7,1,1,1.0
89,6,279.8,451.0,157.59999999999997,181.60000000000002,1,1,1.0
89,7,1149.1,196.2,399.10000000000014,177.2,1,1,1.0
89,8,141.3,359.6,266.7,176.29999999999995,1,1,1.0
89,9,551.8,405.1,273.4000000000001,190.29999999999995,1,1,1.0
89,10,1389.0,678.9,152.4000000000001,126.64999999999998,1,1,0.0
90,1,448.2,404.6,200.50000000000006,301.19999999999993,1,1,1.0
90,2,538.6,661.3,345.1,168.60000000000002,1,1,1.0
90,3,791.2,312.3,300.29999999999995,200.3,1,1,1.0
90,4,524.5,233.5,277.20000000000005,203.0,1,1,1.0
90,5,1104.1,327.1,213.0,226.39999999999998,1,1,1.0
90,6,276.4,449.3,159.10000000000002,173.90000000000003,1,1,1.0
90,7,1149.75,196.2,399.70000000000005,179.40000000000003,1,1,1.0
90,8,142.8,351.2,271.3,186.40000000000003,1,1,1.0
90,9,551.8,414.5,284.9000000000001,159.39999999999998,1,1,1.0
90,10,1387.8,678.9,151.5,128.10000000000002,1,1,0.0
91,1,457.2,408.1,208.90000000000003,306.69999999999993,1,1,1.0
91,2,533.7,664.0,379.0999999999999,130.5,1,1,1.0
91,3,799.3,312.3,292.20000000000005,206.3,1,1,1.0
91,4,509.5,230.4,281.5,198.99999999999997,1,1,1.0
91,5,1095.9,328.8,224.29999999999995,223.40000000000003,1,1,1.0
91,6,278.0,454.1,157.5,168.5,1,1,1.0
91,7,1150.4,196.2,400.29999999999995,177.7,1,1,1.0
91,8,144.7,355.2,281.5,183.90000000000003,1,1,1.0
91,9,547.1,411.4,296.4,161.5,1,1,1.0
91,10,1389.5,678.9,151.9000000000001,129.80000000000007,1,1,0.0
92,1,453.7,421.3,212.40000000000003,292.09999999999997,1,1,1.0
92,2,539.3,671.6,302.0,129.79999999999995,1,1,1.0
92,3,784.2,305.5,299.0,210.10000000000002,1,1,1.0
92,4,461.2,272.5,302.2,179.5,1,1,1.0
92,5,1107.7,331.0,206.20000000000005,228.10000000000002,1,1,1.0
92,6,280.7,448.4,160.5,173.60000000000002,1,1,1.0
92,7,1150.4,196.2,400.03999999999996,176.90000000000003,1,1,1.0
92,8,150.1,348.1,275.0,194.79999999999995,1,1,1.0
92,9,548.7,407.7,282.9,171.40000000000003,1,1,1.0
92,10,1385.5,678.9,157.20000000000005,131.5,1,1,0.0
93,1,455.8,420.6,202.7,277.5,1,1,1.0
93,2,529.6,674.4,378.29999999999995,156.80000000000007,1,1,1.0
93,3,783.4,307.8,296.0000000000001,206.99999999999994,1,1,1.0
93,4,459.2,256.2,310.50000000000006,196.40000000000003,1,1,1.0
93,5,1121.0,320.6,167.20000000000005,275.5,1,1,1.0
93,6,280.1,455.9,162.39999999999998,166.10000000000002,1,1,1.0
93,7,1150.4,196.2,399.78,177.60000000000002,1,1,1.0
93,8,149.69,318.8,248.70999999999998,223.95999999999998,1,1,1.0
93,9,576.5,408.9,256.29999999999995,187.0,1,1,1.0
93,10,1383.2,677.7,159.89999999999986,134.39999999999998,1,1,0.0
94,1,441.9,426.2,179.80000000000007,320.50000000000006,1,1,1.0
94,2,527.5,661.2,377.6,148.5,1,1,1.0
94,3,783.4,305.7,294.5000000000001,209.09999999999997,1,1,1.0
94,4,459.8,266.2,316.3,187.0,1,1,1.0
94,5,1134.8,331.6,155.29999999999995,285.9,1,1,1.0
94,6,280.7,455.9,163.10000000000002,169.89999999999998,1,1,1.0
94,7,1150.4,196.2,399.52,178.15000000000003,1,1,1.0
94,8,158.5,325.6,249.8,215.19999999999993,1,1,1.0
94,9,585.8,403.1,244.70000000000005,193.39999999999998,1,1,1.0
94,10,1383.2,659.3,159.0999999999999,157.4000000000001,1,1,0.0
95,1,473.9,439.4,134.60000000000002,345.5,1,1,1.0
95,2,529.5,659.3,365.9,149.0,1,1,1.0
95,3,792.4,301.8,285.5000000000001,215.3,1,1,1.0
95,4,473.0,265.1,298.9,191.89999999999998,1,1,1.0
95,5,1144.2,347.5,147.79999999999995,273.1,1,1,1.0
95,6,278.1,455.9,167.0,200.0,1,1,1.0
95,7,1150.4,196.2,399.26,178.7,1,1,1.0
95,8,158.8,291.23,254.18,221.76999999999998,1,1,1.0
95,9,566.7,405.4,266.0999999999999,201.5,1,1,1.0
95,10,1387.3,657.4,155.4000000000001,173.20000000000005,1,1,0.0
96,1,495.4,460.9,116.60000000000002,359.4,1,1,1.0
96,2,533.21,658.15,366.5899999999999,154.75,1,1,1.0
96,3,783.4,301.0,295.30000000000007,213.10000000000002,1,1,1.0
96,4,459.2,266.2,317.3,186.40000000000003,1,1,1.0
96,5,1149.2,347.5,142.79999999999995,281.29999999999995,1,1,1.0
96,6,280.7,456.5,162.5,183.10000000000002,1,1,1.0
96,7,1150.4,196.2,399.0,178.10000000000002,1,1,1.0
96,8,186.8,287.58,218.02999999999997,275.42,1,1,1.0
96,9,563.2,407.7,268.4,196.90000000000003,1,1,1.0
96,10,1435.9,672.4,109.39999999999986,160.5,1,1,0.0
97,1,519.7,521.4,128.39999999999998,376.0,1,1,1.0
97,2,545.12,667.17,347.58000000000004,227.23000000000002,1,1,1.0
97,3,783.4,302.5,295.30000000000007,211.60000000000002,1,1,1.0
97,4,478.7,262.4,294.7,194.0,1,1,1.0
97,5,1142.3,362.3,190.5,278.40000000000003,1,1,1.0
97,6,280.1,464.0,164.39999999999998,182.5,1,1,1.0
97,7,1150.4,196.2,399.0,176.8,1,1,1.0
97,8,153.5,338.6,220.8,230.69999999999993,1,1,1.0
97,9,553.9,408.9,276.0,189.30000000000007,1,1,1.0
97,10,1411.0,679.47,130.8599999999999,179.02999999999997,1,1,1.0
98,1,505.1,549.2,190.19999999999993,328.0,1,1,1.0
98,2,551.24,685.17,334.76,203.73000000000002,1,1,1.0
98,3,784.9,301.0,293.80000000000007,215.39999999999998,1,1,1.0
98,4,508.8,263.0,261.49999999999994,211.60000000000002,1,1,1.0
98,5,1069.5,350.9,198.5999999999999,249.0,1,1,1.0
98,6,280.1,467.1,166.89999999999998,184.39999999999998,1,1,1.0
98,7,1150.4,196.2,399.1999999999998,177.40000000000003,1,1,1.0
98,8,145.0,358.4,232.17000000000002,201.70000000000005,1,1,1.0
98,9,558.5,408.3,270.79999999999995,186.99999999999994,1,1,1.0
98,10,1448.6,616.8,96.70000000000005,200.5,1,1,0.0
99,1,491.2,563.1,237.40000000000003,319.0,1,1,1.0
99,2,555.4,688.3,354.0,214.5,1,1,1.0
99,3,784.9,299.5,293.80000000000007,213.89999999999998,1,1,1.0
99,4,509.4,243.5,250.89999999999998,230.5,1,1,1.0
99,5,1077.5,354.7,186.79999999999995,254.00000000000006,1,1,1.0
99,6,280.7,469.6,167.60000000000002,193.79999999999995,1,1,1.0
99,7,1150.4,196.2,399.39999999999986,177.7,1,1,1.0
99,8,142.6,347.5,244.29999999999998,216.39999999999998,1,1,1.0
99,9,555.0,403.1,274.20000000000005,189.79999999999995,1,1,1.0
99,10,1452.1,613.3,93.20000000000005,220.20000000000005,1,1,0.0
100,1,474.5,577.7,239.5,300.9,1,1,1.0
100,2,549.8,691.1,356.80000000000007,181.79999999999995,1,1,1.0
100,3,788.7,299.5,292.29999999999995,213.89999999999998,1,1,1.0
100,4,500.0,239.7,249.0,222.40000000000003,1,1,1.0
100,5,1073.3,355.3,192.20000000000005,236.40000000000003,1,1,1.0
100,6,280.7,464.6,174.5,225.19999999999993,1,1,1.0
100,7,1150.4,196.2,399.5999999999999,177.8,1,1,1.0
100,8,142.42,347.51,241.78,217.78999999999996,1,1,1.0
100,9,552.1,406.6,276.0,189.79999999999995,1,1,1.0
100,10,1450.4,622.6,94.89999999999986,225.89999999999998,1,1,0.0
101,1,478.7,577.0,242.2,310.5,1,1,1.0
101,2,555.4,698.8,343.5,159.60000000000002,1,1,1.0
101,3,796.2,298.0,286.29999999999995,213.10000000000002,1,1,1.0
101,4,503.8,221.5,236.40000000000003,260.1,1,1,1.0
101,5,1070.8,352.2,202.29999999999995,235.7,1,1,1.0
101,6,283.2,464.6,167.0,183.79999999999995,1,1,1.0
101,7,1147.9,196.2,399.0,178.3,1,1,1.0
101,8,143.8,354.3,240.0,208.59999999999997,1,1,1.0
101,9,552.67,407.2,275.23,188.43,1,1,1.0
101,10,1448.1,622.6,97.20000000000005,235.69999999999993,1,1,0.0
102,1,487.0,574.9,224.10000000000002,307.70000000000005,1,1,1.0
102,2,578.3,704.4,320.0,154.58000000000004,1,1,1.0
102,3,790.2,300.3,293.79999999999995,210.8,1,1,1.0
102,4,502.5,232.2,230.20000000000005,236.2,1,1,1.0
102,5,1057.6,360.6,223.0,223.5,1,1,1.0
102,6,282.0,476.5,176.39999999999998,166.89999999999998,1,1,1.0
102,7,1150.4,196.2,399.0,177.40000000000003,1,1,1.0
102,8,143.5,358.7,246.3,204.00000000000006,1,1,1.0
102,9,553.23,406.9,274.47,187.97000000000003,1,1,1.0
102,10,1450.4,624.4,94.89999999999986,232.80000000000007,1,1,0.0
103,1,497.4,569.04,201.70000000000005,315.86,1,1,1.0
103,2,558.9,697.5,298.4,149.0,1,1,1.0
103,3,806.8,302.6,279.5,211.5,1,1,1.0
103,4,504.4,243.5,225.20000000000005,213.60000000000002,1,1,1.0
103,5,1057.6,361.0,217.30000000000018,247.60000000000002,1,1,1.0
103,6,282.6,478.4,176.39999999999998,154.30000000000007,1,1,1.0
103,7,1149.75,196.2,399.6500000000001,176.90000000000003,1,1,1.0
103,8,143.23,360.2,256.27,201.18,1,1,1.0
103,9,553.8,403.2,272.5,190.90000000000003,1,1,1.0
103,10,1452.7,606.4,92.59999999999991,217.80000000000007,1,1,0.0
104,1,502.2,574.2,213.90000000000003,305.69999999999993,1,1,1.0
104,2,560.3,671.1,299.1,148.29999999999995,1,1,1.0
104,3,833.93,282.3,242.57000000000005,237.09999999999997,1,1,1.0
104,4,494.3,245.4,203.90000000000003,234.29999999999998,1,1,1.0
104,5,1072.0,354.1,191.5999999999999,253.19999999999993,1,1,1.0
104,6,282.6,478.4,176.39999999999998,148.0,1,1,1.0
104,7,1149.1,196.2,400.3000000000002,179.0,1,1,1.0
104,8,142.97,340.7,252.03,219.37000000000006,1,1,1.0
104,9,553.8,398.0,276.0,194.89999999999998,1,1,1.0
104,10,1461.4,586.1,83.89999999999986,199.89999999999998,1,1,0.0
105,1,482.8,581.9,237.49999999999994,337.6,1,1,1.0
105,2,561.0,670.4,368.70000000000005,138.60000000000002,1,1,1.0
105,3,842.2,272.5,226.79999999999995,258.20000000000005,1,1,1.0
105,4,484.9,215.1,176.89999999999998,297.9,1,1,1.0
105,5,1083.3,352.8,180.29999999999995,279.2,1,1,1.0
105,6,281.2,482.2,177.8,138.50000000000006,1,1,1.0
105,7,1149.1,196.2,400.93000000000006,178.0,1,1,1.0
105,8,155.3,341.14,218.5,224.46000000000004,1,1,1.0
105,9,555.5,395.7,274.29999999999995,196.59999999999997,1,1,1.0
105,10,1483.9,556.0,61.399999999999864,158.20000000000005,1,1,0.0
106,1,484.2,575.0,218.7,320.9,1,1,1.0
106,2,558.9,676.9,368.5,137.70000000000005,1,1,1.0
106,3,843.7,274.0,223.79999999999995,256.70000000000005,1,1,1.0
106,4,466.7,249.2,134.2,279.50000000000006,1,1,1.0
106,5,1088.3,350.5,177.79999999999995,265.6,1,1,1.0
106,6,195.3,460.9,246.09999999999997,132.10000000000002,1,1,1.0
106,7,1149.1,196.2,401.57000000000016,179.3,1,1,1.0
106,8,152.1,326.4,218.79999999999998,237.43000000000006,1,1,1.0
106,9,550.3,398.0,279.5,194.29999999999995,1,1,1.0
106,10,1396.5,582.6,148.79999999999995,192.89999999999998,1,1,1.0
107,1,494.6,574.3,173.60000000000002,321.6,1,1,1.0
107,2,554.7,687.6,355.29999999999995,138.10000000000002,1,1,1.0
107,3,843.7,268.7,223.79999999999995,265.00000000000006,1,1,1.0
107,4,461.0,239.2,176.89999999999998,270.7,1,1,1.0
107,5,1124.7,416.9,203.5,252.60000000000002,1,1,1.0
107,6,185.9,477.9,195.79999999999998,103.20000000000005,1,1,1.0
107,7,1149.1,196.2,402.20000000000005,178.5,1,1,1.0
107,8,154.3,345.2,210.59999999999997,204.8,1,1,1.0
107,9,549.1,394.5,280.69999999999993,197.79999999999995,1,1,1.0
107,10,1391.9,592.4,153.39999999999986,184.30000000000007,1,1,1.0
108,1,499.5,564.6,203.39999999999998,316.69999999999993,1,1,1.0
108,2,573.4,664.9,297.70000000000005,145.5,1,1,1.0
108,3,842.2,274.0,221.5,259.70000000000005,1,1,1.0
108,4,456.0,278.1,164.89999999999998,256.9,1,1,1.0
108,5,1060.0,379.2,204.20000000000005,252.59999999999997,1,1,1.0
108,6,296.9,479.2,178.40000000000003,108.80000000000001,1,1,1.0
108,7,1149.1,196.2,401.60000000000014,179.0,1,1,1.0
108,8,151.0,360.6,203.3,178.10000000000002,1,1,1.0
108,9,559.5,398.0,271.5,193.70000000000005,1,1,1.0
108,10,1391.9,593.6,153.39999999999986,175.0,1,1,1.0
109,1,496.7,559.1,171.50000000000006,310.4,1,1,1.0
109,2,563.4,653.1,348.70000000000005,148.29999999999995,1,1,1.0
109,3,842.2,273.0,221.0999999999999,261.1,1,1,1.0
109,4,454.7,288.8,152.40000000000003,251.8,1,1,1.0
109,5,1069.4,376.6,187.89999999999986,242.0,1,1,1.0
109,6,297.7,471.8,189.5,113.59999999999997,1,1,1.0
109,7,1149.1,196.2,399.10000000000014,177.2,1,1,1.0
109,8,146.3,325.5,235.7,224.20000000000005,1,1,1.0
109,9,563.5,407.8,268.70000000000005,183.90000000000003,1,1,1.0
109,10,1387.3,597.9,158.0,174.20000000000005,1,1,1.0
110,1,514.8,559.1,172.80000000000007,321.5,1,1,1.0
110,2,590.1,669.0,322.4,144.89999999999998,1,1,1.0
110,3,842.2,274.0,220.70000000000005,260.5,1,1,1.0
110,4,432.1,326.5,197.0,215.39999999999998,1,1,1.0
110,5,1059.9,373.6,194.88999999999987,232.39999999999998,1,1,1.0
110,6,297.7,470.4,189.5,113.89999999999998,1,1,1.0
110,7,1149.1,197.75,393.45000000000005,176.14999999999998,1,1,1.0
110,8,145.1,333.5,243.00000000000003,222.54999999999995,1,1,1.0
110,9,579.77,400.42,245.0,194.3,1,1,1.0
110,10,1389.0,602.9,156.29999999999995,170.39999999999998,1,1,1.0
111,1,518.3,561.9,151.9000000000001,313.80000000000007,1,1,1.0
111,2,618.5,670.5,316.5,149.70000000000005,1,1,1.0
111,3,840.7,273.2,220.70000000000005,261.3,1,1,1.0
111,4,432.7,326.5,220.90000000000003,193.39999999999998,1,1,1.0
111,5,1039.1,382.2,220.70000000000005,218.7,1,1,1.0
111,6,297.7,467.9,187.0,117.20000000000005,1,1,1.0
111,7,1149.1,199.3,387.8000000000002,174.09999999999997,1,1,1.0
111,8,143.9,369.8,248.72,192.59999999999997,1,1,1.0
111,9,571.0,399.7,257.79999999999995,194.90000000000003,1,1,1.0
111,10,1389.0,605.8,156.29999999999995,155.30000000000007,1,1,1.0
112,1,519.7,564.0,150.5,311.70000000000005,1,1,1.0
112,2,588.6,671.2,314.5,138.5999999999999,1,1,1.0
112,3,839.2,274.0,217.70000000000005,262.0,1,1,1.0
112,4,422.7,339.1,219.00000000000006,189.60000000000002,1,1,1.0
112,5,1039.1,399.9,248.30000000000018,194.70000000000005,1,1,1.0
112,6,297.7,464.8,190.8,121.40000000000003,1,1,1.0
112,7,1149.1,199.3,387.8000000000002,175.39999999999998,1,1,1.0
112,8,142.2,367.36,282.40000000000003,186.14,1,1,1.0
112,9,574.4,407.8,254.39999999999998,186.8,1,1,1.0
112,10,1396.5,608.1,148.79999999999995,159.39999999999998,1,1,0.0
113,1,516.9,564.0,170.0,315.20000000000005,1,1,1.0
113,2,600.4,668.4,289.5,190.70000000000005,1,1,1.0
113,3,840.0,272.5,216.9000000000001,263.5,1,1,1.0
113,4,417.7,340.4,228.40000000000003,192.10000000000002,1,1,1.0
113,5,1047.3,406.8,243.9000000000001,183.99999999999994,1,1,1.0
113,6,296.4,463.5,191.5,122.29999999999995,1,1,1.0
113,7,1147.8,199.3,387.79999999999995,173.2,1,1,1.0
113,8,143.9,369.5,273.29999999999995,187.39999999999998,1,1,1.0
113,9,584.2,403.2,246.29999999999995,194.90000000000003,1,1,1.0
113,10,1405.8,616.2,139.5,151.29999999999995,1,1,0.0
114,1,516.9,564.0,151.89999999999998,313.1,1,1,1.0
114,2,692.8,724.6,345.70000000000005,179.60000000000002,1,1,1.0
114,3,840.8,274.0,218.4000000000001,259.0,1,1,1.0
114,4,410.2,346.1,237.59999999999997,187.69999999999993,1,1,1.0
114,5,1109.5,432.0,254.0999999999999,198.89999999999998,1,1,1.0
114,6,295.8,463.5,196.5,122.0,1,1,1.0
114,7,1148.4,199.3,387.1999999999998,174.89999999999998,1,1,1.0
114,8,130.0,369.0,302.5,174.39999999999998,1,1,1.0
114,9,586.0,404.15,243.62,195.85000000000002,1,1,1.0
114,10,1413.9,618.5,131.39999999999986,151.89999999999998,1,1,0.0
115,1,510.0,557.6,144.20000000000005,305.6,1,1,1.0
115,2,619.4,696.2,288.6,133.0,1,1,1.0
115,3,842.3,271.0,218.4000000000001,262.0,1,1,1.0
115,4,409.5,346.2,236.0,186.3,1,1,1.0
115,5,1069.3,375.5,212.5,198.29999999999995,1,1,1.0
115,6,293.9,462.2,194.0,123.30000000000001,1,1,1.0
115,7,1149.0,199.3,386.5999999999999,174.09999999999997,1,1,1.0
115,8,142.0,361.8,276.1,190.8,1,1,1.0
115,9,584.1,405.1,244.64,188.79999999999995,1,1,1.0
115,10,1409.8,617.3,135.5,149.60000000000002,1,1,0.0
116,1,519.7,550.8,135.89999999999998,308.9000000000001,1,1,1.0
116,2,612.9,687.1,295.80000000000007,196.29999999999995,1,1,1.0
116,3,842.3,259.7,219.20000000000005,256.00000000000006,1,1,1.0
116,4,413.9,348.6,230.30000000000007,182.60000000000002,1,1,1.0
116,5,1062.4,361.2,207.5,207.59999999999997,1,1,1.0
116,6,293.9,462.2,191.5,125.80000000000001,1,1,1.0
116,7,1149.0,199.3,387.25,175.8,1,1,1.0
116,8,141.34,372.0,291.65999999999997,183.10000000000002,1,1,1.0
116,9,572.4,403.44,255.46000000000004,190.06,1,1,1.0
116,10,1402.9,616.1,142.38999999999987,149.10000000000002,1,1,0.0
117,1,525.9,545.1,132.5,304.19999999999993,1,1,1.0
117,2,612.9,686.4,338.9,136.60000000000002,1,1,1.0
117,3,833.3,248.4,239.5,212.29999999999998,1,1,1.0
117,4,412.6,347.3,231.60000000000002,177.59999999999997,1,1,1.0
117,5,1076.8,372.4,228.29999999999995,219.0,1,1,1.0
117,6,289.4,462.2,195.40000000000003,125.80000000000001,1,1,1.0
117,7,1149.0,199.3,387.9000000000001,175.39999999999998,1,1,1.0
117,8,140.68,369.3,292.12,184.40000000000003,1,1,1.0
117,9,574.8,403.52,252.18000000000006,191.58000000000004,1,1,1.0
117,10,1383.8,623.0,161.49,148.0,1,1,0.0
118,1,529.4,545.3,129.0,326.9000000000001,1,1,1.0
118,2,610.1,619.7,338.19999999999993,167.19999999999993,1,1,1.0
118,3,816.7,268.0,230.5,212.3,1,1,1.0
118,4,412.6,347.3,232.19999999999993,166.3,1,1,1.0
118,5,1061.2,396.3,242.0,183.8,1,1,1.0
118,6,271.9,460.3,212.90000000000003,127.69999999999999,1,1,1.0
118,7,1149.0,199.3,389.20000000000005,175.8,1,1,1.0
118,8,146.8,373.6,281.7,182.5,1,1,1.0
118,9,575.8,403.6,250.30000000000007,187.79999999999995,1,1,1.0
118,10,1372.8,645.6,172.49,124.19999999999993,1,1,0.0
119,1,503.0,561.4,162.39999999999998,319.80000000000007,1,1,1.0
119,2,774.5,462.6,313.29999999999995,111.0,1,1,1.0
119,3,817.5,286.8,209.4000000000001,202.89999999999998,1,1,1.0
119,4,416.4,341.0,285.5,160.0,1,1,1.0
119,5,1066.3,409.6,302.70000000000005,171.79999999999995,1,1,1.0
119,6,236.7,460.3,206.7,114.49999999999994,1,1,1.0
119,7,1147.3,199.3,390.9000000000001,178.8,1,1,1.0
119,8,140.1,367.0,283.4,184.20000000000005,1,1,1.0
119,9,562.4,383.5,272.1,219.79999999999995,1,1,1.0
119,10,1363.5,628.2,181.78999999999996,124.19999999999993,1,1,0.0
120,1,498.1,552.8,168.60000000000002,323.5,1,1,1.0
120,2,820.3,461.9,351.5,134.60000000000002,1,1,1.0
120,3,817.5,286.8,207.0999999999999,198.0,1,1,1.0
120,4,410.1,373.7,297.5,143.00000000000006,1,1,1.0
120,5,1103.3,432.1,286.60000000000014,147.39999999999998,1,1,1.0
120,6,207.8,459.7,209.89999999999998,125.80000000000001,1,1,1.0
120,7,1147.3,199.3,390.9000000000001,176.2,1,1,1.0
120,8,150.7,347.8,289.7,191.2,1,1,1.0
120,9,614.7,343.0,210.5,286.79999999999995,1,1,1.0
120,10,1408.6,608.5,136.69000000000005,150.29999999999995,1,1,0.0
121,1,487.7,555.6,178.3,312.4,1,1,1.0
121,2,826.5,459.8,318.20000000000005,116.59999999999997,1,1,1.0
121,3,819.8,290.7,204.79999999999995,194.10000000000002,1,1,1.0
121,4,411.4,378.1,285.4,154.0,1,1,1.0
121,5,1130.9,405.1,174.79999999999995,189.5,1,1,1.0
121,6,181.4,447.1,227.49999999999997,154.10000000000002,1,1,1.0
121,7,1149.5,199.3,388.70000000000005,176.2,1,1,1.0
121,8,169.5,309.5,305.8,172.60000000000002,1,1,1.0
121,9,693.3,335.6,134.20000000000005,330.6,1,1,1.0
121,10,1444.5,594.6,100.78999999999996,187.89999999999998,1,1,0.0
