1,1,236.98,378.13,92.32000000000002,130.20999999999998,1,1,0.0
1,2,20.92,590.02,234.85000000000002,161.38,1,1,1.0
1,3,221.17,655.33,191.58,122.43999999999994,1,1,1.0
1,4,67.69,717.08,215.42000000000002,132.61,1,1,1.0
1,5,116.21,827.23,225.37,130.36,1,1,1.0
1,6,399.02,688.55,201.73000000000002,310.1500000000001,1,1,1.0
1,7,479.13,523.53,344.51,150.10000000000002,1,1,1.0
1,8,977.27,415.11,138.33999999999992,365.28999999999996,1,1,1.0
1,9,1168.15,687.74,253.26999999999998,204.35000000000002,1,1,1.0
1,10,1149.9,291.43,319.1399999999999,255.20999999999998,1,1,1.0
2,1,236.98,378.13,92.32000000000002,126.57,1,1,0.0
2,2,20.92,590.02,239.88,155.08000000000004,1,1,1.0
2,3,240.6,659.7,136.98999999999998,145.69999999999993,1,1,1.0
2,4,67.69,690.5,201.51,159.19000000000005,1,1,1.0
2,5,116.21,827.23,225.37,130.36,1,1,1.0
2,6,406.2,688.55,194.55,302.95000000000005,1,1,1.0
2,7,472.8,520.8,390.59999999999997,146.5,1,1,1.0
2,8,982.7,415.11,132.90999999999985,356.28999999999996,1,1,1.0
2,9,1149.2,588.3,194.5,296.6,1,1,1.0
2,10,1149.9,287.5,319.1399999999999,259.14,1,1,1.0
3,1,236.98,369.1,92.32000000000002,125.69999999999999,1,1,0.0
3,2,20.92,595.0,244.27999999999997,150.10000000000002,1,1,1.0
3,3,158.3,691.7,202.3,196.5999999999999,1,1,1.0
3,4,79.5,699.7,183.60000000000002,167.0,1,1,1.0
3,5,116.21,827.23,225.37,130.36,1,1,1.0
3,6,406.2,688.55,194.55,302.95000000000005,1,1,1.0
3,7,480.9,520.8,310.20000000000005,146.5,1,1,1.0
3,8,982.7,415.11,132.90999999999985,356.28999999999996,1,1,1.0
3,9,1149.2,588.3,216.20000000000005,305.6,1,1,1.0
3,10,1149.9,295.9,319.1399999999999,250.74,1,1,1.0
4,1,236.98,370.0,89.62000000000003,124.80000000000001,1,1,0.0
4,2,20.92,595.0,248.07999999999998,150.10000000000002,1,1,1.0
4,3,183.4,657.8,199.79999999999998,203.5,1,1,1.0
4,4,61.2,690.1,201.90000000000003,142.60000000000002,1,1,1.0
4,5,101.1,820.4,235.20000000000002,159.80000000000007,1,1,1.0
4,6,409.8,688.55,192.8,288.45000000000005,1,1,1.0
4,7,480.9,520.8,335.5,146.5,1,1,1.0
4,8,975.5,415.11,140.1199999999999,358.99,1,1,1.0
4,9,1149.2,588.3,209.0,322.80000000000007,1,1,1.0
4,10,1149.9,294.1,319.1399999999999,252.53999999999996,1,1,1.0
5,1,236.98,374.4,86.52000000000001,120.40000000000003,1,1,0.0
5,2,20.92,595.0,253.07999999999998,140.70000000000005,1,1,1.0
5,3,149.5,671.0,236.8,212.89999999999998,1,1,1.0
5,4,81.3,696.2,181.8,123.0,1,1,1.0
5,5,85.3,827.9,256.3,177.20000000000005,1,1,1.0
5,6,409.8,693.1,192.8,298.4,1,1,1.0
5,7,480.9,517.2,345.4,145.5999999999999,1,1,1.0
5,8,970.1,406.1,145.51999999999987,346.29999999999995,1,1,1.0
5,9,1147.39,581.1,205.40999999999985,329.1,1,1,1.0
5,10,1149.9,302.2,319.1399999999999,244.44,1,1,1.0
6,1,236.98,372.5,86.52000000000001,122.30000000000001,1,1,0.0
6,2,20.92,595.0,248.07999999999998,140.70000000000005,1,1,1.0
6,3,217.3,680.4,206.0,186.5,1,1,1.0
6,4,83.0,704.5,177.5,120.79999999999995,1,1,1.0
6,5,90.6,827.9,257.0,180.20000000000005,1,1,1.0
6,6,409.8,696.7,192.8,299.29999999999995,1,1,1.0
6,7,480.9,517.2,345.4,145.5999999999999,1,1,1.0
6,8,984.6,406.1,131.01999999999987,352.6,1,1,1.0
6,9,1147.39,581.1,205.40999999999985,329.1,1,1,1.0
6,10,1149.9,303.2,319.1399999999999,243.44,1,1,1.0
7,1,236.98,372.5,91.52000000000001,122.30000000000001,1,1,0.0
7,2,16.5,598.1,258.8,137.60000000000002,1,1,1.0
7,3,246.2,709.9,197.8,155.70000000000005,1,1,1.0
7,4,77.3,704.5,183.2,129.5,1,1,1.0
7,5,90.6,815.1,239.70000000000002,175.69999999999993,1,1,1.0
7,6,409.8,702.1,192.8,293.9,1,1,1.0
7,7,480.9,517.2,336.4,145.5999999999999,1,1,1.0
7,8,979.2,406.1,136.41999999999985,348.1,1,1,1.0
7,9,1147.39,581.1,184.6099999999999,338.1,1,1,1.0
7,10,1149.9,290.5,319.1399999999999,256.14,1,1,1.0
8,1,236.98,372.5,91.52000000000001,122.30000000000001,1,1,0.0
8,2,16.5,600.6,261.9,135.10000000000002,1,1,1.0
8,3,213.5,692.3,211.7,146.9000000000001,1,1,1.0
8,4,77.3,704.5,174.89999999999998,133.0,1,1,1.0
8,5,84.6,815.1,251.70000000000002,163.60000000000002,1,1,1.0
8,6,409.8,709.3,204.49999999999994,277.70000000000005,1,1,1.0
8,7,480.9,517.2,331.9,145.5999999999999,1,1,1.0
8,8,987.3,402.5,128.31999999999994,368.0,1,1,1.0
8,9,1147.39,581.1,196.40999999999985,316.4,1,1,1.0
8,10,1149.9,285.1,319.1399999999999,261.53999999999996,1,1,1.0
9,1,236.98,372.5,91.52000000000001,122.30000000000001,1,1,0.0
9,2,19.0,600.6,259.4,135.10000000000002,1,1,1.0
9,3,231.1,681.0,176.50000000000003,144.39999999999998,1,1,1.0
9,4,77.3,704.5,170.5,140.0,1,1,1.0
9,5,89.9,815.1,246.4,163.60000000000002,1,1,1.0
9,6,384.5,712.9,300.29999999999995,265.1,1,1,1.0
9,7,480.9,517.2,345.5,145.5999999999999,1,1,1.0
9,8,973.7,416.1,141.91999999999985,395.1,1,1,1.0
9,9,1147.39,575.7,222.6099999999999,310.9,1,1,1.0
9,10,1149.9,300.5,319.1399999999999,246.14,1,1,1.0
10,1,236.98,372.5,91.52000000000001,122.30000000000001,1,1,0.0
10,2,40.3,600.6,238.09999999999997,135.10000000000002,1,1,1.0
10,3,207.2,684.1,200.40000000000003,141.29999999999995,1,1,1.0
10,4,72.9,704.5,174.9,140.0,1,1,1.0
10,5,86.1,815.1,254.70000000000002,161.29999999999995,1,1,1.0
10,6,384.5,710.2,284.0,267.79999999999995,1,1,1.0
10,7,480.9,517.2,358.20000000000005,145.5999999999999,1,1,1.0
10,8,973.7,416.1,141.91999999999985,388.79999999999995,1,1,1.0
10,9,1147.39,581.1,197.30999999999995,309.1,1,1,1.0
10,10,1149.9,305.9,319.1399999999999,240.74,1,1,1.0
11,1,236.98,372.5,91.52000000000001,122.30000000000001,1,1,0.0
11,2,40.3,587.4,208.60000000000002,150.20000000000005,1,1,1.0
11,3,207.83,666.52,158.97,135.68000000000006,1,1,1.0
11,4,72.9,708.0,172.29999999999998,139.89999999999998,1,1,1.0
11,5,86.1,815.1,254.70000000000002,161.29999999999995,1,1,1.0
11,6,394.4,710.2,299.4,269.5999999999999,1,1,1.0
11,7,488.1,513.6,357.29999999999995,161.89999999999998,1,1,1.0
11,8,979.1,416.1,136.51999999999987,380.69999999999993,1,1,1.0
11,9,1147.39,588.3,172.01,304.6,1,1,1.0
11,10,1146.3,307.7,322.74,238.94,1,1,1.0
12,1,236.98,372.5,91.52000000000001,122.30000000000001,1,1,0.0
12,2,40.3,593.7,208.0,143.89999999999998,1,1,1.0
12,3,207.83,666.52,152.67,110.58000000000004,1,1,1.0
12,4,77.3,708.0,164.39999999999998,137.29999999999995,1,1,1.0
12,5,89.1,815.1,251.70000000000002,161.29999999999995,1,1,1.0
12,6,408.0,715.6,300.29999999999995,272.29999999999995,1,1,1.0
12,7,488.1,513.6,373.6,161.89999999999998,1,1,1.0
12,8,976.4,416.1,139.2199999999999,395.19999999999993,1,1,1.0
12,9,1147.39,588.3,172.01,314.5,1,1,1.0
12,10,1146.3,258.9,322.74,287.74,1,1,1.0
13,1,236.98,370.0,94.02000000000001,124.80000000000001,1,1,0.0
13,2,19.6,593.7,228.70000000000002,141.39999999999998,1,1,1.0
13,3,207.83,662.1,99.97,96.19999999999993,1,1,0.0
13,4,62.5,708.0,174.0,125.5,1,1,1.0
13,5,104.2,815.1,236.60000000000002,161.29999999999995,1,1,1.0
13,6,431.5,694.8,191.79999999999995,285.0,1,1,1.0
13,7,488.1,513.6,345.6,161.89999999999998,1,1,1.0
13,8,964.6,423.3,151.01999999999987,380.8,1,1,1.0
13,9,1147.39,588.3,172.01,301.80000000000007,1,1,1.0
13,10,1146.3,263.4,322.74,283.24,1,1,1.0
14,1,236.98,370.0,94.02000000000001,124.80000000000001,1,1,0.0
14,2,8.3,559.8,248.2,197.9000000000001,1,1,1.0
14,3,163.9,681.6,166.49999999999997,94.89999999999998,1,1,0.0
14,4,36.34,743.8,227.16,128.95000000000005,1,1,1.0
14,5,84.61,845.24,248.69,161.26,1,1,1.0
14,6,410.7,689.4,183.7,284.1,1,1,1.0
14,7,474.5,513.6,373.70000000000005,161.89999999999998,1,1,1.0
14,8,969.1,423.3,146.51999999999987,375.40000000000003,1,1,1.0
14,9,1147.39,588.3,168.40999999999985,311.70000000000005,1,1,1.0
14,10,1119.2,321.3,349.8399999999999,225.33999999999997,1,1,1.0
15,1,236.98,370.0,94.02000000000001,124.80000000000001,1,1,0.0
15,2,15.2,559.8,241.3,182.80000000000007,1,1,1.0
15,3,163.9,676.6,179.70000000000002,99.89999999999998,1,1,1.0
15,4,84.74,733.33,191.36,107.96999999999991,1,1,1.0
15,5,68.78,838.46,263.02,116.03999999999996,1,1,1.0
15,6,403.47,733.7,180.02999999999997,264.2099999999999,1,1,1.0
15,7,474.5,513.6,357.4,161.89999999999998,1,1,1.0
15,8,969.1,423.3,146.51999999999987,384.40000000000003,1,1,1.0
15,9,1147.39,595.5,168.40999999999985,346.1,1,1,1.0
15,10,1117.4,335.8,351.6399999999999,210.83999999999997,1,1,1.0
16,1,236.98,370.0,97.12000000000003,124.80000000000001,1,1,0.0
16,2,15.2,556.0,239.4,186.60000000000002,1,1,1.0
16,3,68.5,676.6,223.60000000000002,89.19999999999993,1,1,0.0
16,4,73.0,717.6,193.10000000000002,151.19999999999993,1,1,1.0
16,5,107.2,847.5,240.40000000000003,113.0,1,1,1.0
16,6,345.6,757.2,250.60000000000002,231.69999999999993,1,1,1.0
16,7,478.1,513.6,353.79999999999995,161.89999999999998,1,1,1.0
16,8,969.1,423.3,146.51999999999987,378.99999999999994,1,1,1.0
16,9,1147.39,599.1,159.40999999999985,322.6,1,1,1.0
16,10,1134.6,310.5,334.44000000000005,229.79999999999995,1,1,1.0
17,1,250.2,370.0,83.90000000000003,117.89999999999998,1,1,0.0
17,2,11.4,571.1,243.2,187.79999999999995,1,1,1.0
17,3,28.3,691.0,245.0,91.10000000000002,1,1,0.0
17,4,69.5,708.4,206.2,156.89999999999998,1,1,1.0
17,5,104.2,847.5,235.10000000000002,113.0,1,1,1.0
17,6,332.9,760.8,276.9,201.9000000000001,1,1,1.0
17,7,478.1,504.6,364.69999999999993,163.69999999999993,1,1,1.0
17,8,969.1,423.3,146.51999999999987,380.8,1,1,1.0
17,9,1147.39,604.5,153.1099999999999,300.9,1,1,1.0
17,10,1149.1,289.7,319.94000000000005,262.40000000000003,1,1,1.0
18,1,250.2,373.8,88.90000000000003,114.09999999999997,1,1,0.0
18,2,6.4,564.8,271.40000000000003,178.4000000000001,1,1,1.0
18,3,0.0,694.8,273.3,87.30000000000007,1,1,1.0
18,4,76.5,708.4,218.0,175.60000000000002,1,1,1.0
18,5,104.2,847.5,235.10000000000002,113.0,1,1,1.0
18,6,307.58,813.25,257.02000000000004,167.54999999999995,1,1,1.0
18,7,483.5,504.6,381.9,163.69999999999993,1,1,1.0
18,8,969.1,428.7,146.51999999999987,357.3,1,1,1.0
18,9,1147.39,604.5,153.1099999999999,332.5,1,1,1.0
18,10,1157.2,289.7,311.8399999999999,275.09999999999997,1,1,1.0
19,1,250.2,366.3,92.0,121.59999999999997,1,1,0.0
19,2,21.5,564.8,264.5,176.5,1,1,1.0
19,3,0.0,694.8,283.3,87.30000000000007,1,1,1.0
19,4,93.5,701.9,209.7,177.70000000000005,1,1,1.0
19,5,108.7,847.5,232.90000000000003,119.0,1,1,1.0
19,6,247.9,803.3,280.5,139.5,1,1,1.0
19,7,483.5,515.5,312.29999999999995,146.5,1,1,1.0
19,8,974.5,416.0,148.4000000000001,361.0,1,1,1.0
19,9,1147.39,604.5,153.1099999999999,332.5,1,1,1.0
19,10,1148.2,306.0,320.8399999999999,258.79999999999995,1,1,1.0
20,1,250.2,369.4,90.10000000000002,118.5,1,1,0.0
20,2,29.0,556.6,256.4,180.89999999999998,1,1,1.0
20,3,4.4,676.6,274.5,99.79999999999995,1,1,1.0
20,4,96.1,678.8,207.1,198.60000000000002,1,1,1.0
20,5,108.7,847.5,232.90000000000003,119.0,1,1,1.0
20,6,241.57,790.64,232.53000000000003,230.86,1,1,1.0
20,7,483.5,515.5,312.29999999999995,146.5,1,1,1.0
20,8,979.9,409.7,137.60000000000002,367.3,1,1,1.0
20,9,1147.39,604.5,153.1099999999999,337.9,1,1,1.0
20,10,1161.8,277.1,305.4000000000001,305.79999999999995,1,1,1.0
21,1,244.5,369.4,95.80000000000001,118.5,1,1,0.0
21,2,29.0,555.3,262.1,182.20000000000005,1,1,1.0
21,3,10.7,682.9,270.1,97.30000000000007,1,1,1.0
21,4,96.1,683.6,206.20000000000002,199.89999999999998,1,1,1.0
21,5,118.5,834.7,223.10000000000002,131.79999999999995,1,1,1.0
21,6,246.1,790.64,219.00000000000003,207.36,1,1,1.0
21,7,483.5,508.3,294.20000000000005,153.7,1,1,1.0
21,8,974.5,421.5,143.0,355.5,1,1,1.0
21,9,1147.39,604.5,153.1099999999999,310.79999999999995,1,1,1.0
21,10,1161.8,262.6,292.70000000000005,357.4,1,1,1.0
22,1,244.5,369.4,95.80000000000001,118.5,1,1,0.0
22,2,42.2,555.3,248.90000000000003,177.20000000000005,1,1,1.0
22,3,10.7,682.9,270.1,97.30000000000007,1,1,1.0
22,4,96.1,683.6,203.6,199.89999999999998,1,1,1.0
22,5,118.5,834.7,229.89999999999998,142.29999999999995,1,1,1.0
22,6,246.1,799.7,235.29999999999998,182.89999999999998,1,1,1.0
22,7,483.5,508.3,294.20000000000005,153.7,1,1,1.0
22,8,961.8,421.5,155.70000000000005,344.6,1,1,1.0
22,9,1147.39,604.5,153.1099999999999,303.6,1,1,1.0
22,10,1161.8,269.8,280.9000000000001,337.49999999999994,1,1,1.0
23,1,244.5,369.4,95.80000000000001,118.5,1,1,0.0
23,2,28.4,555.3,258.3,158.4000000000001,1,1,1.0
23,3,10.7,676.6,267.6,103.60000000000002,1,1,1.0
23,4,96.1,683.6,203.6,191.19999999999993,1,1,1.0
23,5,118.5,834.7,229.89999999999998,142.29999999999995,1,1,1.0
23,6,264.2,809.6,219.0,134.10000000000002,1,1,1.0
23,7,483.5,508.3,308.70000000000005,187.2,1,1,1.0
23,8,971.7,416.1,145.79999999999995,363.6,1,1,1.0
23,9,1147.39,604.5,153.1099999999999,278.29999999999995,1,1,1.0
23,10,1161.8,284.3,280.9000000000001,322.99999999999994,1,1,1.0
24,1,244.5,369.4,95.80000000000001,118.5,1,1,0.0
24,2,58.5,589.8,259.0,119.5,1,1,1.0
24,3,10.7,680.4,267.6,99.80000000000007,1,1,1.0
24,4,96.1,686.7,203.6,194.5999999999999,1,1,1.0
24,5,118.5,834.7,229.89999999999998,142.29999999999995,1,1,1.0
24,6,249.7,802.4,213.60000000000002,150.30000000000007,1,1,1.0
24,7,483.5,508.3,312.29999999999995,193.49999999999994,1,1,1.0
24,8,959.0,448.7,163.9000000000001,388.90000000000003,1,1,1.0
24,9,1147.39,606.3,153.1099999999999,293.70000000000005,1,1,1.0
24,10,1151.9,307.8,290.79999999999995,278.7,1,1,1.0
25,1,244.5,369.4,95.80000000000001,118.5,1,1,0.0
25,2,66.0,578.5,251.5,134.60000000000002,1,1,1.0
25,3,10.7,680.4,272.6,99.80000000000007,1,1,1.0
25,4,97.4,686.7,202.29999999999998,192.0,1,1,1.0
25,5,118.5,834.7,229.89999999999998,142.29999999999995,1,1,1.0
25,6,249.7,789.7,236.2,163.0,1,1,1.0
25,7,483.5,503.8,312.29999999999995,197.99999999999994,1,1,1.0
25,8,995.21,461.4,141.28999999999996,368.1,1,1,1.0
25,9,1147.39,606.3,153.1099999999999,296.4000000000001,1,1,1.0
25,10,1160.9,291.5,273.6999999999998,305.9,1,1,1.0
26,1,244.5,369.4,95.80000000000001,118.5,1,1,0.0
26,2,66.0,574.1,251.5,139.0,1,1,1.0
26,3,1.3,680.4,282.0,99.80000000000007,1,1,1.0
26,4,97.4,686.7,202.29999999999998,189.39999999999998,1,1,1.0
26,5,118.5,834.7,229.89999999999998,142.29999999999995,1,1,1.0
26,6,249.7,789.7,251.60000000000002,163.0,1,1,1.0
26,7,483.5,503.8,307.79999999999995,190.8,1,1,1.0
26,8,996.1,459.6,144.91999999999996,373.52,1,1,1.0
26,9,1147.39,606.3,153.1099999999999,302.70000000000005,1,1,1.0
26,10,1166.3,287.0,262.9000000000001,313.1,1,1,1.0
27,1,244.5,369.4,95.80000000000001,118.5,1,1,0.0
27,2,66.0,574.1,251.5,139.0,1,1,1.0
27,3,1.3,685.4,282.0,94.80000000000007,1,1,1.0
27,4,97.4,686.7,200.70000000000002,189.39999999999998,1,1,1.0
27,5,118.5,834.7,229.89999999999998,152.0999999999999,1,1,1.0
27,6,230.2,785.9,275.5,166.80000000000007,1,1,1.0
27,7,483.5,494.8,307.79999999999995,204.3,1,1,1.0
27,8,999.7,459.6,141.31999999999994,373.52,1,1,1.0
27,9,1147.39,600.0,153.1099999999999,296.29999999999995,1,1,1.0
27,10,1169.9,278.9,243.89999999999986,340.20000000000005,1,1,1.0
28,1,244.5,369.4,95.80000000000001,118.5,1,1,0.0
28,2,66.0,574.1,251.5,139.0,1,1,1.0
28,3,1.3,685.4,282.0,94.80000000000007,1,1,1.0
28,4,97.4,686.7,200.70000000000002,192.0,1,1,1.0
28,5,118.5,834.7,229.89999999999998,152.0999999999999,1,1,1.0
28,6,230.2,785.9,275.5,161.10000000000002,1,1,1.0
28,7,483.5,494.8,310.5,204.3,1,1,1.0
28,8,999.7,459.6,141.31999999999994,357.19999999999993,1,1,1.0
28,9,1147.39,600.0,153.1099999999999,309.0,1,1,1.0
28,10,1127.4,325.9,360.5,262.5,1,1,1.0
29,1,244.5,369.4,95.80000000000001,118.5,1,1,0.0
29,2,73.5,569.1,244.0,148.39999999999998,1,1,1.0
29,3,1.3,685.4,282.0,94.80000000000007,1,1,1.0
29,4,97.92,688.79,197.07999999999998,192.0,1,1,1.0
29,5,118.5,834.7,229.89999999999998,152.0999999999999,1,1,1.0
29,6,244.6,785.9,261.1,161.10000000000002,1,1,1.0
29,7,483.5,502.9,310.5,187.20000000000005,1,1,1.0
29,8,997.9,454.2,139.5000000000001,355.40000000000003,1,1,1.0
29,9,1147.39,600.0,153.1099999999999,309.0,1,1,1.0
29,10,1109.3,325.9,398.5,197.39999999999998,1,1,1.0
30,1,244.5,369.4,95.80000000000001,118.5,1,1,0.0
30,2,73.5,558.4,244.0,164.10000000000002,1,1,1.0
30,3,1.3,685.4,282.0,98.60000000000002,1,1,1.0
30,4,97.92,688.79,197.07999999999998,188.91000000000008,1,1,1.0
30,5,118.5,834.7,229.89999999999998,152.0999999999999,1,1,1.0
30,6,266.6,785.9,242.2,161.10000000000002,1,1,1.0
30,7,483.5,502.9,310.5,180.0,1,1,1.0
30,8,988.9,456.9,148.5000000000001,352.70000000000005,1,1,1.0
30,9,1147.39,600.0,173.01,282.79999999999995,1,1,1.0
30,10,1122.0,308.7,333.4000000000001,199.2,1,1,1.0
31,1,244.5,369.4,95.80000000000001,118.5,1,1,0.0
31,2,53.4,581.6,264.1,137.79999999999995,1,1,1.0
31,3,1.3,685.4,282.0,99.80000000000007,1,1,1.0
31,4,97.92,688.79,197.07999999999998,192.01,1,1,1.0
31,5,118.5,834.7,237.39999999999998,152.0999999999999,1,1,1.0
31,6,266.6,785.9,242.2,156.70000000000005,1,1,1.0
31,7,488.9,470.3,302.4,201.7,1,1,1.0
31,8,988.9,456.9,148.5000000000001,346.4,1,1,1.0
31,9,1147.39,600.0,191.1099999999999,284.6,1,1,1.0
31,10,1130.1,308.7,325.3000000000002,192.90000000000003,1,1,1.0
32,1,244.5,369.4,95.80000000000001,118.5,1,1,0.0
32,2,46.5,577.8,271.0,141.60000000000002,1,1,1.0
32,3,1.3,685.4,282.0,101.70000000000005,1,1,1.0
32,4,97.92,688.79,197.07999999999998,188.91000000000008,1,1,1.0
32,5,118.5,834.7,237.39999999999998,152.0999999999999,1,1,1.0
32,6,254.7,785.9,254.10000000000002,156.70000000000005,1,1,1.0
32,7,516.9,492.9,270.80000000000007,234.30000000000007,1,1,1.0
32,8,988.9,456.9,148.5000000000001,373.5,1,1,1.0
32,9,1147.39,600.0,191.1099999999999,284.6,1,1,1.0
32,10,1130.1,305.1,337.10000000000014,201.89999999999998,1,1,1.0
33,1,244.5,369.4,95.80000000000001,118.5,1,1,0.0
33,2,77.9,571.5,236.49999999999997,147.89999999999998,1,1,1.0
33,3,1.3,685.4,282.0,101.70000000000005,1,1,1.0
33,4,97.92,688.79,202.27999999999997,188.91000000000008,1,1,1.0
33,5,118.5,834.7,237.39999999999998,158.0999999999999,1,1,1.0
33,6,257.8,785.9,251.0,156.70000000000005,1,1,1.0
33,7,526.8,454.0,265.4000000000001,270.5,1,1,1.0
33,8,996.1,456.9,141.30000000000007,383.4,1,1,1.0
33,9,1147.39,600.0,191.1099999999999,280.1,1,1,1.0
33,10,1130.1,305.1,329.0,203.7,1,1,1.0
34,1,244.5,369.4,95.80000000000001,118.5,1,1,0.0
34,2,74.8,571.5,239.59999999999997,147.89999999999998,1,1,1.0
34,3,1.3,685.4,282.0,101.70000000000005,1,1,1.0
34,4,100.5,688.79,199.7,191.51,1,1,1.0
34,5,118.5,834.7,237.39999999999998,158.0999999999999,1,1,1.0
34,6,257.8,785.9,251.0,156.70000000000005,1,1,1.0
34,7,533.1,439.5,251.0,346.5,1,1,1.0
34,8,1006.0,462.3,131.4000000000001,368.99999999999994,1,1,1.0
34,9,1147.39,600.0,214.6099999999999,280.1,1,1,1.0
34,10,1118.3,305.1,333.60000000000014,200.09999999999997,1,1,1.0
35,1,244.5,369.4,95.80000000000001,118.5,1,1,0.0
35,2,79.2,571.5,235.2,145.39999999999998,1,1,1.0
35,3,1.3,685.4,282.0,101.70000000000005,1,1,1.0
35,4,100.5,688.79,199.7,191.51,1,1,1.0
35,5,118.5,834.7,237.39999999999998,158.0999999999999,1,1,1.0
35,6,247.8,785.9,264.8,156.70000000000005,1,1,1.0
35,7,568.4,466.6,236.5,311.29999999999995,1,1,1.0
35,8,1006.0,462.3,131.4000000000001,360.90000000000003,1,1,1.0
35,9,1147.39,600.0,216.40999999999985,280.1,1,1,1.0
35,10,1125.5,307.8,326.4000000000001,197.39999999999998,1,1,1.0
36,1,244.5,369.4,95.80000000000001,118.5,1,1,0.0
36,2,91.8,545.1,216.3,171.79999999999995,1,1,1.0
36,3,1.3,685.4,282.0,101.70000000000005,1,1,1.0
36,4,102.1,688.79,203.9,189.41000000000008,1,1,1.0
36,5,118.5,834.7,237.39999999999998,158.0999999999999,1,1,1.0
36,6,247.8,785.9,264.8,156.70000000000005,1,1,1.0
36,7,534.9,506.4,277.20000000000005,258.80000000000007,1,1,1.0
36,8,1006.0,462.3,137.70000000000005,360.90000000000003,1,1,1.0
36,9,1147.39,600.0,183.80999999999995,280.1,1,1,1.0
36,10,1125.5,307.8,326.4000000000001,197.39999999999998,1,1,1.0
37,1,244.5,369.4,95.80000000000001,118.5,1,1,0.0
37,2,94.3,558.9,210.7,158.0,1,1,1.0
37,3,1.3,685.4,282.0,101.70000000000005,1,1,1.0
37,4,102.1,688.79,203.9,184.21000000000004,1,1,1.0
37,5,118.5,834.7,237.39999999999998,158.0999999999999,1,1,1.0
37,6,253.5,785.9,259.1,156.70000000000005,1,1,1.0
37,7,559.3,544.4,279.9000000000001,222.60000000000002,1,1,1.0
37,8,1006.0,462.3,133.20000000000005,349.99999999999994,1,1,1.0
37,9,1147.39,600.0,167.51,297.29999999999995,1,1,1.0
37,10,1125.5,307.8,326.4000000000001,197.39999999999998,1,1,1.0
38,1,244.5,369.4,95.80000000000001,118.5,1,1,0.0
38,2,94.3,565.2,210.7,151.69999999999993,1,1,1.0
38,3,1.3,685.4,282.0,101.70000000000005,1,1,1.0
38,4,102.1,688.79,203.9,188.41000000000008,1,1,1.0
38,5,118.5,834.7,237.39999999999998,158.0999999999999,1,1,1.0
38,6,254.8,785.9,257.8,156.70000000000005,1,1,1.0
38,7,567.44,587.8,298.8599999999999,222.60000000000002,1,1,1.0
38,8,1006.0,462.3,137.70000000000005,367.2,1,1,1.0
38,9,1147.39,600.0,164.80999999999995,326.20000000000005,1,1,1.0
38,10,1132.7,307.8,319.20000000000005,193.8,1,1,1.0
39,1,244.5,369.4,99.60000000000002,118.5,1,1,0.0
39,2,94.3,563.9,210.7,153.0,1,1,1.0
39,3,1.3,685.4,282.0,101.70000000000005,1,1,1.0
39,4,102.1,688.79,203.9,185.31000000000006,1,1,1.0
39,5,118.5,834.7,237.39999999999998,158.0999999999999,1,1,1.0
39,6,254.8,785.9,257.8,156.70000000000005,1,1,1.0
39,7,567.44,566.1,297.05999999999995,234.39999999999998,1,1,1.0
39,8,1006.0,456.0,137.70000000000005,361.70000000000005,1,1,1.0
39,9,1147.39,585.5,164.80999999999995,319.9,1,1,1.0
39,10,1132.7,307.8,321.89999999999986,193.8,1,1,1.0
40,1,244.5,369.4,99.60000000000002,118.5,1,1,0.0
40,2,94.3,563.9,203.8,153.0,1,1,1.0
40,3,1.3,685.4,282.0,101.70000000000005,1,1,1.0
40,4,102.1,688.79,203.9,185.81000000000006,1,1,1.0
40,5,118.5,834.7,237.39999999999998,158.0999999999999,1,1,1.0
40,6,254.8,785.9,257.8,156.70000000000005,1,1,1.0
40,7,575.6,542.6,284.4,245.19999999999993,1,1,1.0
40,8,1006.0,456.0,137.70000000000005,367.1,1,1,1.0
40,9,1167.3,592.7,183.79999999999995,271.0999999999999,1,1,1.0
40,10,1132.7,307.8,321.89999999999986,193.8,1,1,1.0
41,1,244.5,369.4,99.60000000000002,118.5,1,1,0.0
41,2,94.3,545.7,196.89999999999998,171.19999999999993,1,1,1.0
41,3,7.6,685.4,275.7,106.70000000000005,1,1,1.0
41,4,102.1,688.79,203.9,185.81000000000006,1,1,1.0
41,5,118.5,834.7,237.39999999999998,158.0999999999999,1,1,1.0
41,6,254.8,785.9,257.8,156.70000000000005,1,1,1.0
41,7,575.6,540.8,288.0,242.5,1,1,1.0
41,8,1006.0,454.2,137.70000000000005,368.90000000000003,1,1,1.0
41,9,1144.69,623.44,279.6099999999999,165.26,1,1,1.0
41,10,1120.0,307.8,334.5999999999999,193.8,1,1,1.0
42,1,244.5,369.4,99.60000000000002,118.5,1,1,0.0
42,2,91.2,553.2,200.0,163.69999999999993,1,1,1.0
42,3,7.6,685.4,275.7,106.70000000000005,1,1,1.0
42,4,102.1,688.79,203.9,190.01,1,1,1.0
42,5,118.5,834.7,237.39999999999998,158.0999999999999,1,1,1.0
42,6,254.8,785.9,257.8,156.70000000000005,1,1,1.0
42,7,575.6,540.8,279.0,242.5,1,1,1.0
42,8,997.9,466.9,145.80000000000007,344.4,1,1,1.0
42,9,871.62,414.57,309.4799999999999,197.82999999999998,1,1,1.0
42,10,1120.0,307.8,334.5999999999999,187.5,1,1,1.0
43,1,244.5,369.4,99.60000000000002,118.5,1,1,0.0
43,2,91.2,546.3,200.0,170.60000000000002,1,1,1.0
43,3,7.6,685.4,275.7,106.70000000000005,1,1,1.0
43,4,102.1,688.79,203.9,191.01,1,1,1.0
43,5,118.5,834.7,237.39999999999998,158.0999999999999,1,1,1.0
43,6,254.8,785.9,257.8,156.70000000000005,1,1,1.0
43,7,575.6,533.6,279.9,249.69999999999993,1,1,1.0
43,8,994.3,482.3,157.5,365.2,1,1,1.0
43,9,471.05,434.5,319.45,171.57000000000005,1,1,1.0
43,10,1120.0,307.8,334.5999999999999,187.5,1,1,1.0
44,1,244.5,371.9,106.5,116.0,1,1,0.0
44,2,91.2,557.0,200.0,159.89999999999998,1,1,1.0
44,3,7.6,685.4,275.7,106.70000000000005,1,1,1.0
44,4,102.1,688.79,203.9,185.21000000000004,1,1,1.0
44,5,118.5,834.7,237.39999999999998,158.0999999999999,1,1,1.0
44,6,259.8,785.9,252.8,156.70000000000005,1,1,1.0
44,7,575.6,533.6,279.9,270.5,1,1,1.0
44,8,994.3,482.3,157.5,325.40000000000003,1,1,1.0
44,9,314.62,500.5,305.88,223.12,1,1,1.0
44,10,1142.6,307.8,312.0,187.5,1,1,1.0
45,1,244.5,371.9,106.5,116.0,1,1,0.0
45,2,91.2,557.0,200.0,159.89999999999998,1,1,1.0
45,3,7.6,685.4,275.7,106.70000000000005,1,1,1.0
45,4,102.1,688.79,203.9,190.41000000000008,1,1,1.0
45,5,118.5,834.7,237.39999999999998,158.0999999999999,1,1,1.0
45,6,259.8,785.9,255.3,156.70000000000005,1,1,1.0
45,7,578.3,549.0,265.4000000000001,246.10000000000002,1,1,1.0
45,8,996.1,457.9,142.10000000000002,344.4,1,1,1.0
45,9,249.5,553.8,348.4,135.5,1,1,1.0
45,10,1142.6,307.8,312.0,187.5,1,1,1.0
46,1,244.5,371.9,106.5,116.0,1,1,0.0
46,2,91.2,562.0,200.0,154.89999999999998,1,1,1.0
46,3,7.6,685.4,275.7,106.70000000000005,1,1,1.0
46,4,103.67,688.8,200.22999999999996,185.17000000000007,1,1,1.0
46,5,118.5,834.7,237.39999999999998,158.0999999999999,1,1,1.0
46,6,259.8,783.4,255.3,159.20000000000005,1,1,1.0
46,7,578.3,577.0,265.4000000000001,218.10000000000002,1,1,1.0
46,8,996.1,457.9,136.69999999999993,348.9,1,1,1.0
46,9,242.3,511.3,331.2,182.49999999999994,1,1,1.0
46,10,1142.6,307.8,312.0,192.0,1,1,1.0
47,1,244.5,371.9,106.5,116.0,1,1,0.0
47,2,91.2,566.4,200.0,150.5,1,1,1.0
47,3,15.8,685.4,267.5,106.70000000000005,1,1,1.0
47,4,103.67,688.8,200.22999999999996,185.17000000000007,1,1,1.0
47,5,118.5,834.7,237.39999999999998,158.0999999999999,1,1,1.0
47,6,259.8,783.4,255.3,159.20000000000005,1,1,1.0
47,7,582.8,577.0,258.20000000000005,218.10000000000002,1,1,1.0
47,8,996.1,457.9,140.30000000000007,348.9,1,1,1.0
47,9,263.1,536.6,296.79999999999995,177.10000000000002,1,1,1.0
47,10,1142.6,307.8,312.0,192.0,1,1,1.0
48,1,244.5,371.9,106.5,116.0,1,1,0.0
48,2,91.2,560.1,203.8,156.79999999999995,1,1,1.0
48,3,15.8,683.5,271.3,108.60000000000002,1,1,1.0
48,4,103.67,688.8,200.22999999999996,181.0,1,1,1.0
48,5,118.5,834.7,237.39999999999998,158.0999999999999,1,1,1.0
48,6,259.8,783.4,255.3,159.20000000000005,1,1,1.0
48,7,582.8,567.1,248.30000000000007,225.29999999999995,1,1,1.0
48,8,996.1,453.4,136.69999999999993,346.20000000000005,1,1,1.0
48,9,237.8,519.4,317.59999999999997,208.80000000000007,1,1,1.0
48,10,1142.6,307.8,312.0,192.0,1,1,1.0
49,1,244.5,371.9,106.5,116.0,1,1,0.0
49,2,91.2,560.1,203.8,156.79999999999995,1,1,1.0
49,3,20.8,683.5,266.3,108.60000000000002,1,1,1.0
49,4,103.67,688.8,200.22999999999996,183.10000000000002,1,1,1.0
49,5,118.5,834.7,237.39999999999998,158.0999999999999,1,1,1.0
49,6,259.8,783.4,255.3,159.20000000000005,1,1,1.0
49,7,582.8,567.1,248.30000000000007,230.69999999999993,1,1,1.0
49,8,996.1,453.4,136.69999999999993,353.4,1,1,1.0
49,9,254.1,535.7,301.29999999999995,192.5,1,1,1.0
49,10,1142.6,307.8,312.0,192.0,1,1,1.0
50,1,244.5,371.9,106.5,116.0,1,1,0.0
50,2,91.2,561.4,201.3,155.5,1,1,1.0
50,3,20.8,683.5,266.3,108.60000000000002,1,1,1.0
50,4,103.67,688.8,198.63,185.70000000000005,1,1,1.0
50,5,118.5,834.7,237.39999999999998,158.0999999999999,1,1,1.0
50,6,259.8,783.4,255.3,159.20000000000005,1,1,1.0
50,7,581.9,567.1,233.80000000000007,228.0,1,1,1.0
50,8,996.1,453.4,136.69999999999993,348.9,1,1,1.0
50,9,235.1,528.5,320.29999999999995,199.70000000000005,1,1,1.0
50,10,1142.6,307.8,312.0,192.0,1,1,1.0
51,1,244.5,379.3,110.39999999999998,130.59999999999997,1,1,0.0
51,2,91.2,561.4,201.3,155.5,1,1,1.0
51,3,20.8,683.5,266.3,108.60000000000002,1,1,1.0
51,4,103.67,688.8,196.02999999999997,182.0,1,1,1.0
51,5,118.5,834.7,237.39999999999998,152.79999999999995,1,1,1.0
51,6,259.8,783.4,255.3,159.20000000000005,1,1,1.0
51,7,581.9,567.1,233.80000000000007,225.29999999999995,1,1,1.0
51,8,990.7,448.9,142.0999999999999,353.4,1,1,1.0
51,9,249.6,533.0,305.79999999999995,195.20000000000005,1,1,1.0
51,10,1142.6,307.8,312.0,192.0,1,1,1.0
52,1,244.5,390.6,110.39999999999998,111.09999999999997,1,1,0.0
52,2,91.2,561.4,201.3,155.5,1,1,1.0
52,3,20.8,683.5,266.3,108.60000000000002,1,1,1.0
52,4,103.67,688.8,196.02999999999997,186.20000000000005,1,1,1.0
52,5,118.5,834.7,237.39999999999998,152.79999999999995,1,1,1.0
52,6,259.8,783.4,257.8,159.20000000000005,1,1,1.0
52,7,581.9,567.1,241.0,225.29999999999995,1,1,1.0
52,8,992.5,451.6,140.29999999999995,350.69999999999993,1,1,1.0
52,9,259.5,533.0,295.9,195.20000000000005,1,1,1.0
52,10,1142.6,311.4,312.0,188.40000000000003,1,1,1.0
53,1,244.5,404.4,118.60000000000002,111.70000000000005,1,1,0.0
53,2,91.2,561.4,201.3,155.5,1,1,1.0
53,3,27.1,683.5,260.0,108.60000000000002,1,1,1.0
53,4,103.67,688.8,196.02999999999997,182.0,1,1,1.0
53,5,118.5,834.7,237.39999999999998,160.29999999999995,1,1,1.0
53,6,259.8,783.4,257.8,159.20000000000005,1,1,1.0
53,7,581.9,567.1,241.0,219.89999999999998,1,1,1.0
53,8,992.5,447.1,140.29999999999995,352.5,1,1,1.0
53,9,229.7,533.0,331.09999999999997,188.89999999999998,1,1,1.0
53,10,1142.6,311.4,312.0,188.40000000000003,1,1,1.0
54,1,244.5,408.2,123.0,107.90000000000003,1,1,0.0
54,2,95.0,561.4,197.5,155.5,1,1,1.0
54,3,22.1,683.5,265.0,108.60000000000002,1,1,1.0
54,4,103.67,688.8,196.02999999999997,182.0,1,1,1.0
54,5,118.5,834.7,237.39999999999998,160.29999999999995,1,1,1.0
54,6,259.8,783.4,257.8,159.20000000000005,1,1,1.0
54,7,581.9,570.7,251.89999999999998,230.79999999999995,1,1,1.0
54,8,992.5,447.1,140.29999999999995,352.5,1,1,1.0
54,9,255.0,533.0,308.5,180.79999999999995,1,1,1.0
54,10,1142.6,311.4,312.0,188.40000000000003,1,1,1.0
55,1,257.7,395.0,109.19999999999999,109.80000000000001,1,1,0.0
55,2,88.7,550.1,208.8,166.79999999999995,1,1,1.0
55,3,24.6,683.5,262.5,108.60000000000002,1,1,1.0
55,4,103.67,688.8,196.02999999999997,182.0,1,1,1.0
55,5,118.5,834.7,237.39999999999998,160.29999999999995,1,1,1.0
55,6,259.8,783.4,257.8,159.20000000000005,1,1,1.0
55,7,581.9,572.5,251.89999999999998,229.0,1,1,1.0
55,8,992.5,447.1,140.29999999999995,352.5,1,1,1.0
55,9,264.0,533.0,299.5,180.79999999999995,1,1,1.0
55,10,1126.3,311.4,328.29999999999995,188.40000000000003,1,1,1.0
56,1,232.0,380.6,128.0,133.0,1,1,0.0
56,2,88.7,550.1,208.8,166.79999999999995,1,1,1.0
56,3,13.3,681.0,276.3,111.10000000000002,1,1,1.0
56,4,103.67,687.2,171.93,177.29999999999995,1,1,1.0
56,5,118.5,834.7,237.39999999999998,160.29999999999995,1,1,1.0
56,6,259.8,783.4,257.8,159.20000000000005,1,1,1.0
56,7,581.9,575.2,256.4,226.29999999999995,1,1,1.0
56,8,992.5,447.1,140.29999999999995,357.9,1,1,1.0
56,9,236.9,523.1,326.6,190.69999999999993,1,1,1.0
56,10,1140.8,315.0,313.79999999999995,184.8,1,1,1.0
57,1,240.2,380.6,119.80000000000001,133.0,1,1,0.0
57,2,88.7,550.1,208.8,166.79999999999995,1,1,1.0
57,3,13.3,681.0,276.3,111.10000000000002,1,1,1.0
57,4,103.67,684.6,171.93,179.89999999999998,1,1,1.0
57,5,118.5,834.7,237.39999999999998,160.29999999999995,1,1,1.0
57,6,259.8,783.4,257.8,159.20000000000005,1,1,1.0
57,7,582.8,570.7,255.5,230.79999999999995,1,1,1.0
57,8,992.5,447.1,140.29999999999995,338.0,1,1,1.0
57,9,252.3,533.0,311.2,180.79999999999995,1,1,1.0
57,10,1140.8,315.0,313.79999999999995,184.8,1,1,1.0
58,1,240.2,387.5,119.80000000000001,126.10000000000002,1,1,0.0
58,2,88.7,550.1,208.8,166.79999999999995,1,1,1.0
58,3,13.3,681.0,276.3,111.10000000000002,1,1,1.0
58,4,103.67,684.6,171.93,182.5,1,1,1.0
58,5,118.5,834.7,237.39999999999998,160.29999999999995,1,1,1.0
58,6,259.8,783.4,257.8,159.20000000000005,1,1,1.0
58,7,587.3,570.7,269.1,247.0999999999999,1,1,1.0
58,8,965.4,451.6,167.39999999999998,316.29999999999995,1,1,1.0
58,9,261.3,533.0,302.2,180.79999999999995,1,1,1.0
58,10,1140.8,315.0,313.79999999999995,184.8,1,1,1.0
59,1,240.2,384.4,119.80000000000001,129.20000000000005,1,1,0.0
59,2,88.7,550.1,206.3,166.79999999999995,1,1,1.0
59,3,13.3,681.0,276.3,111.10000000000002,1,1,1.0
59,4,103.67,684.6,171.93,182.5,1,1,1.0
59,5,118.5,834.7,237.39999999999998,160.29999999999995,1,1,1.0
59,6,259.8,783.4,257.8,159.20000000000005,1,1,1.0
59,7,524.0,570.7,341.4,221.79999999999995,1,1,1.0
59,8,953.6,462.5,196.39999999999998,328.0,1,1,1.0
59,9,261.3,533.0,302.2,180.79999999999995,1,1,1.0
59,10,1140.8,315.0,313.79999999999995,184.8,1,1,1.0
60,1,240.2,384.4,119.80000000000001,129.20000000000005,1,1,0.0
60,2,95.6,550.1,193.70000000000002,166.79999999999995,1,1,1.0
60,3,13.3,681.0,276.3,111.10000000000002,1,1,1.0
60,4,103.67,684.6,171.93,182.5,1,1,1.0
60,5,118.5,834.7,237.39999999999998,160.29999999999995,1,1,1.0
60,6,259.8,783.4,257.8,159.20000000000005,1,1,1.0
60,7,564.7,608.7,324.19999999999993,169.29999999999995,1,1,1.0
60,8,958.1,458.0,172.89999999999998,345.20000000000005,1,1,1.0
60,9,239.6,520.3,323.9,193.5,1,1,1.0
60,10,1140.8,315.0,313.79999999999995,184.8,1,1,1.0
61,1,240.2,380.6,119.80000000000001,133.0,1,1,0.0
61,2,95.6,550.1,188.70000000000002,166.79999999999995,1,1,1.0
61,3,13.3,681.0,276.3,111.10000000000002,1,1,1.0
61,4,103.67,684.6,171.93,187.69999999999993,1,1,1.0
61,5,118.5,834.7,237.39999999999998,160.29999999999995,1,1,1.0
61,6,259.8,783.4,257.8,159.20000000000005,1,1,1.0
61,7,564.7,599.7,311.5,187.29999999999995,1,1,1.0
61,8,967.1,454.4,163.89999999999998,359.70000000000005,1,1,1.0
61,9,239.6,520.3,329.29999999999995,188.10000000000002,1,1,1.0
61,10,1140.8,315.0,313.79999999999995,184.8,1,1,1.0
62,1,240.2,382.5,119.80000000000001,131.10000000000002,1,1,0.0
62,2,95.6,559.5,170.50000000000003,157.39999999999998,1,1,1.0
62,3,13.3,681.0,276.3,111.10000000000002,1,1,1.0
62,4,103.67,688.3,171.93,184.0,1,1,1.0
62,5,118.5,834.7,237.39999999999998,160.29999999999995,1,1,1.0
62,6,259.8,783.4,257.8,159.20000000000005,1,1,1.0
62,7,575.6,603.3,292.5,183.70000000000005,1,1,1.0
62,8,973.4,454.4,161.19999999999993,343.4,1,1,1.0
62,9,229.7,530.2,339.2,178.19999999999993,1,1,1.0
62,10,1140.8,315.0,313.79999999999995,184.8,1,1,1.0
63,1,240.2,378.1,119.80000000000001,135.5,1,1,0.0
63,2,95.6,553.8,170.50000000000003,158.70000000000005,1,1,1.0
63,3,13.3,677.9,276.9,114.20000000000005,1,1,1.0
63,4,103.67,688.3,176.13,184.0,1,1,1.0
63,5,118.5,834.7,237.39999999999998,160.29999999999995,1,1,1.0
63,6,259.8,783.4,257.8,159.20000000000005,1,1,1.0
63,7,575.6,589.7,241.89999999999998,204.5,1,1,1.0
63,8,973.4,454.4,161.19999999999993,360.6,1,1,1.0
63,9,263.2,530.2,305.7,172.79999999999995,1,1,1.0
63,10,1140.8,315.0,313.79999999999995,184.8,1,1,1.0
64,1,240.2,378.1,119.80000000000001,135.5,1,1,0.0
64,2,95.6,553.8,170.50000000000003,158.70000000000005,1,1,1.0
64,3,13.3,677.9,276.9,118.0,1,1,1.0
64,4,103.67,688.3,176.13,184.0,1,1,1.0
64,5,118.5,834.7,237.39999999999998,160.29999999999995,1,1,1.0
64,6,259.8,783.4,257.8,159.20000000000005,1,1,1.0
64,7,575.6,587.0,241.89999999999998,207.20000000000005,1,1,1.0
64,8,974.3,456.2,160.29999999999995,353.40000000000003,1,1,1.0
64,9,263.2,530.2,305.7,172.79999999999995,1,1,1.0
64,10,1140.8,315.0,313.79999999999995,184.8,1,1,1.0
65,1,240.2,378.1,119.80000000000001,135.5,1,1,0.0
65,2,95.6,553.8,170.50000000000003,158.70000000000005,1,1,1.0
65,3,22.1,677.9,268.09999999999997,118.0,1,1,1.0
65,4,103.67,688.3,176.13,187.10000000000002,1,1,1.0
65,5,118.5,834.7,237.39999999999998,160.29999999999995,1,1,1.0
65,6,259.8,783.4,257.8,159.20000000000005,1,1,1.0
65,7,575.6,582.5,239.19999999999993,211.70000000000005,1,1,1.0
65,8,974.3,456.2,160.29999999999995,364.09999999999997,1,1,1.0
65,9,261.4,530.2,307.5,172.79999999999995,1,1,1.0
65,10,1140.8,315.0,313.79999999999995,184.8,1,1,1.0
66,1,240.2,378.1,119.80000000000001,135.5,1,1,0.0
66,2,95.6,553.8,170.50000000000003,158.70000000000005,1,1,1.0
66,3,13.3,677.9,276.9,118.0,1,1,1.0
66,4,103.67,688.3,170.93,184.5,1,1,1.0
66,5,118.5,834.7,237.39999999999998,160.29999999999995,1,1,1.0
66,6,259.8,783.4,261.59999999999997,159.20000000000005,1,1,1.0
66,7,571.1,588.8,252.69999999999993,199.10000000000002,1,1,1.0
66,8,978.7,456.2,155.89999999999986,364.09999999999997,1,1,1.0
66,9,242.4,528.4,326.5,174.60000000000002,1,1,1.0
66,10,1140.8,315.0,313.79999999999995,184.8,1,1,1.0
67,1,240.2,378.1,119.80000000000001,135.5,1,1,0.0
67,2,95.6,563.2,174.29999999999998,149.29999999999995,1,1,1.0
67,3,13.3,677.9,276.9,118.0,1,1,1.0
67,4,103.67,688.3,172.52999999999997,184.5,1,1,1.0
67,5,118.5,834.7,237.39999999999998,160.29999999999995,1,1,1.0
67,6,259.8,783.4,261.59999999999997,156.70000000000005,1,1,1.0
67,7,574.7,602.4,256.29999999999995,190.89999999999998,1,1,1.0
67,8,978.7,456.2,155.89999999999986,361.59999999999997,1,1,1.0
67,9,240.6,528.4,328.29999999999995,174.60000000000002,1,1,1.0
67,10,1140.8,315.0,313.79999999999995,184.8,1,1,1.0
68,1,240.2,373.1,119.80000000000001,140.5,1,1,0.0
68,2,100.0,566.3,175.60000000000002,140.5,1,1,1.0
68,3,30.3,672.9,261.2,143.10000000000002,1,1,1.0
68,4,103.67,688.3,172.52999999999997,181.9000000000001,1,1,1.0
68,5,118.5,834.7,237.39999999999998,160.29999999999995,1,1,1.0
68,6,259.8,783.4,261.59999999999997,156.70000000000005,1,1,1.0
68,7,574.7,591.5,241.79999999999995,201.79999999999995,1,1,1.0
68,8,978.7,456.2,155.89999999999986,361.59999999999997,1,1,1.0
68,9,240.6,509.4,328.29999999999995,193.60000000000002,1,1,1.0
68,10,1140.8,315.0,313.79999999999995,184.8,1,1,1.0
69,1,240.2,373.1,119.80000000000001,140.5,1,1,0.0
69,2,95.6,566.3,188.20000000000002,137.4000000000001,1,1,1.0
69,3,33.4,672.9,258.1,170.10000000000002,1,1,1.0
69,4,103.67,688.3,172.52999999999997,181.9000000000001,1,1,1.0
69,5,118.5,834.7,237.39999999999998,160.29999999999995,1,1,1.0
69,6,259.8,783.4,261.59999999999997,156.70000000000005,1,1,1.0
69,7,574.7,591.5,241.79999999999995,201.79999999999995,1,1,1.0
69,8,982.5,461.2,155.20000000000005,356.59999999999997,1,1,1.0
69,9,256.0,534.7,312.9,168.29999999999995,1,1,1.0
69,10,1140.8,315.0,313.79999999999995,184.8,1,1,1.0
70,1,240.2,373.1,119.80000000000001,140.5,1,1,0.0
70,2,73.0,566.3,210.8,137.4000000000001,1,1,1.0
70,3,36.5,672.9,255.0,167.0,1,1,1.0
70,4,103.67,688.3,172.52999999999997,181.9000000000001,1,1,1.0
70,5,118.5,834.7,237.39999999999998,160.29999999999995,1,1,1.0
70,6,259.8,783.4,261.59999999999997,156.70000000000005,1,1,1.0
70,7,574.7,587.0,230.89999999999998,200.0,1,1,1.0
70,8,986.3,456.2,151.4000000000001,361.59999999999997,1,1,1.0
70,9,258.7,531.1,310.2,171.89999999999998,1,1,1.0
70,10,1140.8,315.0,313.79999999999995,184.8,1,1,1.0
71,1,250.9,371.2,104.70000000000002,142.40000000000003,1,1,0.0
71,2,52.9,570.7,247.20000000000002,133.0,1,1,1.0
71,3,32.7,668.5,260.1,177.10000000000002,1,1,1.0
71,4,108.4,688.3,167.79999999999998,186.10000000000002,1,1,1.0
71,5,118.5,834.7,237.39999999999998,160.29999999999995,1,1,1.0
71,6,259.8,783.4,261.59999999999997,156.70000000000005,1,1,1.0
71,7,574.7,591.5,239.0,200.0,1,1,1.0
71,8,986.3,449.3,151.4000000000001,368.49999999999994,1,1,1.0
71,9,258.7,531.1,311.09999999999997,164.69999999999993,1,1,1.0
71,10,1147.1,315.0,307.5,184.8,1,1,1.0
72,1,240.2,371.2,115.40000000000003,142.40000000000003,1,1,0.0
72,2,44.1,570.7,254.1,133.0,1,1,1.0
72,3,32.7,668.5,260.1,184.0,1,1,1.0
72,4,108.4,685.2,167.79999999999998,186.5999999999999,1,1,1.0
72,5,118.5,834.7,237.39999999999998,160.29999999999995,1,1,1.0
72,6,262.9,783.4,258.5,156.70000000000005,1,1,1.0
72,7,580.1,597.8,255.29999999999995,193.70000000000005,1,1,1.0
72,8,986.3,449.3,151.4000000000001,362.8,1,1,1.0
72,9,234.3,531.1,335.49999999999994,164.69999999999993,1,1,1.0
72,10,1147.1,315.0,307.5,184.8,1,1,1.0
73,1,240.2,371.2,115.40000000000003,142.40000000000003,1,1,0.0
73,2,37.2,567.5,252.8,132.39999999999998,1,1,1.0
73,3,30.2,666.0,262.6,195.89999999999998,1,1,1.0
73,4,108.4,685.2,167.79999999999998,186.5999999999999,1,1,1.0
73,5,118.5,834.7,237.39999999999998,160.29999999999995,1,1,1.0
73,6,262.9,783.4,258.5,156.70000000000005,1,1,1.0
73,7,580.1,605.0,255.29999999999995,186.5,1,1,1.0
73,8,997.6,449.3,140.10000000000002,362.8,1,1,1.0
73,9,241.5,531.1,328.29999999999995,164.69999999999993,1,1,1.0
73,10,1147.1,315.0,307.5,184.8,1,1,1.0
74,1,240.2,371.2,115.40000000000003,142.40000000000003,1,1,0.0
74,2,37.2,567.5,252.8,132.39999999999998,1,1,1.0
74,3,30.2,666.0,262.6,168.89999999999998,1,1,1.0
74,4,108.4,685.2,167.79999999999998,186.5999999999999,1,1,1.0
74,5,118.5,834.7,237.39999999999998,160.29999999999995,1,1,1.0
74,6,262.9,783.4,258.5,156.70000000000005,1,1,1.0
74,7,572.0,576.1,252.5,209.10000000000002,1,1,1.0
74,8,989.4,450.6,148.30000000000007,365.9,1,1,1.0
74,9,257.8,531.1,311.99999999999994,164.69999999999993,1,1,1.0
74,10,1147.1,315.0,307.5,184.8,1,1,1.0
75,1,240.2,366.8,112.90000000000003,146.8,1,1,0.0
75,2,78.6,567.5,211.4,132.39999999999998,1,1,1.0
75,3,30.2,666.0,262.6,168.89999999999998,1,1,1.0
75,4,108.4,685.2,167.79999999999998,186.5999999999999,1,1,1.0
75,5,118.5,834.7,237.39999999999998,160.29999999999995,1,1,1.0
75,6,262.9,783.4,258.5,156.70000000000005,1,1,1.0
75,7,577.4,576.1,247.10000000000002,209.10000000000002,1,1,1.0
75,8,998.2,449.3,139.5,361.49999999999994,1,1,1.0
75,9,257.8,531.1,311.99999999999994,164.69999999999993,1,1,1.0
75,10,1147.1,315.0,307.5,184.8,1,1,1.0
76,1,240.2,366.8,112.90000000000003,146.8,1,1,0.0
76,2,65.4,576.3,224.6,132.4000000000001,1,1,1.0
76,3,30.2,666.0,262.6,168.89999999999998,1,1,1.0
76,4,108.4,685.2,167.79999999999998,186.5999999999999,1,1,1.0
76,5,118.5,834.7,237.39999999999998,160.29999999999995,1,1,1.0
76,6,262.9,783.4,258.5,156.70000000000005,1,1,1.0
76,7,577.4,568.9,247.10000000000002,210.89999999999998,1,1,1.0
76,8,993.2,448.0,144.5,362.79999999999995,1,1,1.0
76,9,274.1,531.1,295.69999999999993,164.69999999999993,1,1,1.0
76,10,1157.0,315.0,301.20000000000005,184.8,1,1,1.0
77,1,240.2,366.8,112.90000000000003,146.8,1,1,0.0
77,2,65.4,576.3,224.6,136.20000000000005,1,1,1.0
77,3,30.2,666.0,262.6,168.89999999999998,1,1,1.0
77,4,108.4,685.2,167.79999999999998,186.5999999999999,1,1,1.0
77,5,118.5,834.7,237.39999999999998,154.29999999999995,1,1,1.0
77,6,262.9,783.4,258.5,156.70000000000005,1,1,1.0
77,7,574.7,588.8,288.69999999999993,191.0,1,1,1.0
77,8,989.4,448.6,148.30000000000007,362.19999999999993,1,1,1.0
77,9,274.1,542.0,304.69999999999993,131.20000000000005,1,1,1.0
77,10,1157.0,315.0,301.20000000000005,184.8,1,1,1.0
78,1,230.8,366.8,122.30000000000001,146.8,1,1,0.0
78,2,69.8,581.3,215.2,131.20000000000005,1,1,1.0
78,3,35.2,661.6,257.6,167.60000000000002,1,1,1.0
78,4,108.4,685.2,173.6,186.5999999999999,1,1,1.0
78,5,118.5,834.7,237.39999999999998,154.29999999999995,1,1,1.0
78,6,262.9,783.4,258.5,156.70000000000005,1,1,1.0
78,7,531.3,591.5,343.0,179.29999999999995,1,1,1.0
78,8,989.4,454.9,148.30000000000007,386.0,1,1,1.0
78,9,272.3,548.3,301.99999999999994,120.40000000000009,1,1,1.0
78,10,1157.0,315.0,301.20000000000005,184.8,1,1,1.0
79,1,254.0,366.8,99.10000000000002,136.09999999999997,1,1,0.0
79,2,69.8,581.3,215.2,131.20000000000005,1,1,1.0
79,3,23.9,661.6,260.1,145.0,1,1,1.0
79,4,108.4,685.2,173.6,186.5999999999999,1,1,1.0
79,5,118.5,834.7,237.39999999999998,154.29999999999995,1,1,1.0
79,6,262.9,783.4,258.5,156.70000000000005,1,1,1.0
79,7,527.7,628.6,356.5,142.19999999999993,1,1,1.0
79,8,989.4,454.9,153.5000000000001,395.4,1,1,1.0
79,9,261.45,562.8,286.65000000000003,175.5200000000001,1,1,1.0
79,10,1157.0,315.0,301.20000000000005,184.8,1,1,1.0
80,1,240.2,366.8,112.90000000000003,136.8,1,1,0.0
80,2,69.8,581.3,215.2,131.20000000000005,1,1,1.0
80,3,37.1,661.6,246.9,140.0,1,1,1.0
80,4,108.4,685.2,173.6,193.39999999999998,1,1,1.0
80,5,118.5,834.7,237.39999999999998,154.29999999999995,1,1,1.0
80,6,262.9,783.4,258.5,156.70000000000005,1,1,1.0
80,7,561.2,620.5,317.5999999999999,200.89999999999998,1,1,1.0
80,8,989.4,459.9,153.5000000000001,376.6,1,1,1.0
80,9,276.8,547.4,229.7,219.0,1,1,1.0
80,10,1157.0,315.0,301.20000000000005,184.8,1,1,1.0
81,1,240.2,366.8,117.30000000000001,141.2,1,1,0.0
81,2,69.8,581.3,220.89999999999998,131.20000000000005,1,1,1.0
81,3,45.3,661.6,238.7,140.0,1,1,1.0
81,4,108.4,685.2,173.6,188.69999999999993,1,1,1.0
81,5,118.5,834.7,237.39999999999998,154.29999999999995,1,1,1.0
81,6,262.9,783.4,258.5,156.70000000000005,1,1,1.0
81,7,571.1,620.5,238.10000000000002,172.0,1,1,1.0
81,8,993.2,461.4,155.0,328.4,1,1,1.0
81,9,269.6,525.7,209.79999999999995,229.79999999999995,1,1,1.0
81,10,1157.0,315.0,301.20000000000005,184.8,1,1,1.0
82,1,240.2,372.5,119.19999999999999,124.80000000000001,1,1,0.0
82,2,69.8,581.3,220.89999999999998,131.20000000000005,1,1,1.0
82,3,50.3,661.6,233.7,140.0,1,1,1.0
82,4,108.4,685.2,173.6,185.5999999999999,1,1,1.0
82,5,118.5,834.7,237.39999999999998,154.29999999999995,1,1,1.0
82,6,262.9,783.4,258.5,156.70000000000005,1,1,1.0
82,7,571.1,612.4,238.10000000000002,180.10000000000002,1,1,1.0
82,8,1000.7,461.4,147.5,301.30000000000007,1,1,1.0
82,9,228.01,606.2,223.39,168.28999999999996,1,1,1.0
82,10,1150.7,315.0,307.5,184.8,1,1,1.0
83,1,232.7,372.5,126.69999999999999,141.10000000000002,1,1,0.0
83,2,69.8,581.3,220.89999999999998,131.20000000000005,1,1,1.0
83,3,43.4,654.7,246.9,139.39999999999998,1,1,1.0
83,4,108.4,680.0,184.1,216.39999999999998,1,1,1.0
83,5,118.5,834.7,237.39999999999998,154.29999999999995,1,1,1.0
83,6,262.9,783.4,258.5,156.70000000000005,1,1,1.0
83,7,574.7,606.1,231.79999999999995,182.79999999999995,1,1,1.0
83,8,978.1,454.6,170.10000000000002,323.19999999999993,1,1,1.0
83,9,228.0,665.84,205.82,112.41999999999996,1,1,1.0
83,10,1150.7,315.0,303.89999999999986,184.8,1,1,1.0
84,1,252.8,372.5,106.59999999999997,141.10000000000002,1,1,0.0
84,2,79.8,581.3,210.89999999999998,121.80000000000007,1,1,1.0
84,3,5.7,654.7,284.6,129.29999999999995,1,1,1.0
84,4,105.8,686.3,175.70999999999998,183.9000000000001,1,1,1.0
84,5,118.5,834.7,237.39999999999998,154.29999999999995,1,1,1.0
84,6,262.9,783.4,258.5,156.70000000000005,1,1,1.0
84,7,574.7,604.3,237.19999999999993,178.30000000000007,1,1,1.0
84,8,929.9,452.3,200.19999999999993,308.2,1,1,1.0
84,9,220.5,665.84,200.10000000000002,112.41999999999996,1,1,1.0
84,10,1150.7,315.0,303.89999999999986,184.8,1,1,1.0
85,1,257.2,372.5,102.19999999999999,141.10000000000002,1,1,0.0
85,2,79.8,581.3,206.5,110.5,1,1,1.0
85,3,5.7,672.2,285.8,126.89999999999998,1,1,1.0
85,4,103.2,713.5,178.31,163.0,1,1,1.0
85,5,118.5,834.7,237.39999999999998,154.29999999999995,1,1,1.0
85,6,262.9,783.4,258.5,156.70000000000005,1,1,1.0
85,7,574.7,598.0,227.29999999999995,184.60000000000002,1,1,1.0
85,8,871.1,514.1,302.69999999999993,219.29999999999995,1,1,1.0
85,9,111.2,668.4,320.7,109.86000000000001,1,1,1.0
85,10,1150.7,315.0,303.89999999999986,184.8,1,1,1.0
86,1,246.5,372.5,112.89999999999998,141.10000000000002,1,1,0.0
86,2,87.3,572.5,205.3,125.60000000000002,1,1,1.0
86,3,45.9,666.0,247.49999999999997,164.5,1,1,1.0
86,4,103.2,705.7,178.31,170.79999999999995,1,1,1.0
86,5,118.5,834.7,237.39999999999998,154.29999999999995,1,1,1.0
86,6,262.9,783.4,258.5,156.70000000000005,1,1,1.0
86,7,576.5,604.3,236.39999999999998,191.0,1,1,1.0
86,8,828.9,496.0,296.69999999999993,211.0,1,1,1.0
86,9,151.4,668.4,300.6,111.70000000000005,1,1,1.0
86,10,1147.1,315.0,307.5,184.8,1,1,1.0
87,1,253.4,372.5,110.4,141.10000000000002,1,1,0.0
87,2,81.0,572.5,209.7,136.29999999999995,1,1,1.0
87,3,30.8,684.2,133.2,131.19999999999993,1,1,1.0
87,4,103.2,691.6,178.31,181.79999999999995,1,1,1.0
87,5,118.5,834.7,237.39999999999998,154.29999999999995,1,1,1.0
87,6,262.9,783.4,258.5,156.70000000000005,1,1,1.0
87,7,576.5,604.3,236.39999999999998,182.0,1,1,1.0
87,8,739.23,554.8,354.77,207.21000000000004,1,1,1.0
87,9,216.1,660.9,235.9,126.10000000000002,1,1,1.0
87,10,1147.1,315.0,307.5,184.8,1,1,1.0
88,1,259.7,384.4,109.10000000000002,129.20000000000005,1,1,0.0
88,2,81.0,572.5,214.10000000000002,136.29999999999995,1,1,1.0
88,3,35.8,684.2,128.2,150.0,1,1,1.0
88,4,103.2,672.8,171.0,207.4000000000001,1,1,1.0
88,5,118.5,834.7,237.39999999999998,154.29999999999995,1,1,1.0
88,6,262.9,783.4,258.5,156.70000000000005,1,1,1.0
88,7,576.5,601.6,221.89999999999998,195.60000000000002,1,1,1.0
88,8,770.9,529.9,287.69999999999993,238.89999999999998,1,1,1.0
88,9,232.4,647.7,232.20000000000002,133.5999999999999,1,1,1.0
88,10,1147.1,315.0,307.5,184.8,1,1,1.0
89,1,245.9,390.7,122.9,122.90000000000003,1,1,0.0
89,2,81.0,575.0,214.10000000000002,133.79999999999995,1,1,1.0
89,3,40.8,684.2,123.2,163.79999999999995,1,1,1.0
89,4,107.9,680.1,177.79999999999998,205.89999999999998,1,1,1.0
89,5,118.5,834.7,237.39999999999998,154.29999999999995,1,1,1.0
89,6,262.9,783.4,258.5,156.70000000000005,1,1,1.0
89,7,576.5,605.2,221.89999999999998,196.5,1,1,1.0
89,8,751.3,537.4,308.79999999999995,257.80000000000007,1,1,1.0
89,9,229.26,623.8,207.74,183.87,1,1,1.0
89,10,1147.1,315.0,310.20000000000005,184.8,1,1,1.0
90,1,240.2,390.7,131.10000000000002,113.5,1,1,0.0
90,2,81.0,575.0,220.39999999999998,133.79999999999995,1,1,1.0
90,3,26.4,691.7,137.6,135.0,1,1,1.0
90,4,105.3,663.9,149.0,235.20000000000005,1,1,1.0
90,5,118.5,834.7,237.39999999999998,154.29999999999995,1,1,1.0
90,6,262.9,783.4,258.5,156.70000000000005,1,1,1.0
90,7,576.5,611.5,221.89999999999998,195.60000000000002,1,1,1.0
90,8,758.8,537.4,301.29999999999995,224.60000000000002,1,1,1.0
90,9,197.24,621.3,170.06,266.75,1,1,1.0
90,10,1150.7,315.0,306.5999999999999,184.8,1,1,1.0
91,1,238.3,385.0,141.8,128.60000000000002,1,1,0.0
91,2,81.0,578.1,220.39999999999998,136.39999999999998,1,1,1.0
91,3,18.9,695.5,145.1,120.5,1,1,1.0
91,4,105.3,663.9,146.89999999999998,241.5,1,1,1.0
91,5,118.5,834.7,237.39999999999998,154.29999999999995,1,1,1.0
91,6,266.0,783.4,255.39999999999998,156.70000000000005,1,1,1.0
91,7,576.5,616.0,221.89999999999998,197.39999999999998,1,1,1.0
91,8,795.0,538.9,277.20000000000005,200.5,1,1,1.0
91,9,197.24,566.7,179.45999999999998,305.5999999999999,1,1,1.0
91,10,1150.7,315.0,306.5999999999999,184.8,1,1,1.0
92,1,245.2,385.0,134.90000000000003,128.60000000000002,1,1,0.0
92,2,88.5,578.1,199.10000000000002,140.19999999999993,1,1,1.0
92,3,15.1,667.9,260.0,166.89999999999998,1,1,1.0
92,4,120.5,680.6,104.5,257.19999999999993,1,1,1.0
92,5,118.5,834.7,237.39999999999998,154.29999999999995,1,1,0.0
92,6,266.0,783.4,255.39999999999998,156.70000000000005,1,1,1.0
92,7,576.5,616.0,221.89999999999998,201.0,1,1,1.0
92,8,816.1,538.1,284.69999999999993,181.69999999999993,1,1,1.0
92,9,216.7,566.7,141.8,282.4,1,1,1.0
92,10,1150.7,303.2,325.5999999999999,196.60000000000002,1,1,1.0
93,1,256.5,385.0,126.10000000000002,128.60000000000002,1,1,0.0
93,2,88.5,578.1,205.39999999999998,148.39999999999998,1,1,1.0
93,3,15.1,669.8,262.5,165.0,1,1,1.0
93,4,108.99,724.03,168.31,255.07000000000005,1,1,1.0
93,5,63.5,857.3,276.6,157.30000000000007,1,1,1.0
93,6,261.0,783.4,260.4,156.70000000000005,1,1,1.0
93,7,576.5,616.0,226.39999999999998,201.0,1,1,1.0
93,8,841.0,419.0,201.0,300.79999999999995,1,1,1.0
93,9,196.0,574.9,200.2,234.0,1,1,1.0
93,10,1153.4,277.9,343.6999999999998,228.20000000000005,1,1,1.0
94,1,248.4,393.2,133.6,120.40000000000003,1,1,0.0
94,2,84.7,578.1,209.2,148.39999999999998,1,1,1.0
94,3,28.9,666.0,263.8,175.70000000000005,1,1,1.0
94,4,155.04,784.21,221.66,235.18999999999994,1,1,1.0
94,5,56.7,837.0,174.89999999999998,133.89999999999998,1,1,0.0
94,6,243.4,797.8,257.9,148.0,1,1,1.0
94,7,576.5,616.0,226.39999999999998,201.0,1,1,1.0
94,8,908.8,377.6,137.70000000000005,371.6,1,1,1.0
94,9,133.8,630.2,267.4,200.0,1,1,1.0
94,10,1153.4,292.4,352.6999999999998,213.70000000000005,1,1,1.0
95,1,249.6,399.5,132.4,114.10000000000002,1,1,0.0
95,2,80.3,581.9,213.59999999999997,138.30000000000007,1,1,1.0
95,3,32.0,666.0,260.7,171.89999999999998,1,1,1.0
95,4,183.29,859.56,286.51,178.6400000000001,1,1,1.0
95,5,71.0,841.5,201.3,129.39999999999998,1,1,1.0
95,6,232.72,814.13,271.08000000000004,146.07000000000005,1,1,1.0
95,7,576.5,616.0,226.39999999999998,201.0,1,1,1.0
95,8,908.8,382.9,148.20000000000005,389.70000000000005,1,1,1.0
95,9,108.7,675.4,297.5,144.10000000000002,1,1,1.0
95,10,1153.4,275.2,361.6999999999998,230.90000000000003,1,1,1.0
96,1,255.3,401.4,130.5,112.20000000000005,1,1,0.0
96,2,80.3,581.9,218.0,138.30000000000007,1,1,1.0
96,3,27.6,682.3,268.2,153.70000000000005,1,1,1.0
96,4,295.27,901.95,293.33000000000004,129.95000000000005,1,1,1.0
96,5,99.63,835.47,201.3,129.39999999999998,1,1,1.0
96,6,236.49,802.2,279.21000000000004,139.19999999999993,1,1,1.0
96,7,576.5,616.0,226.39999999999998,201.0,1,1,1.0
96,8,899.0,419.1,171.5999999999999,373.79999999999995,1,1,1.0
96,9,99.3,693.6,317.59999999999997,125.89999999999998,1,1,1.0
96,10,1132.6,309.6,386.10000000000014,193.79999999999995,1,1,1.0
97,1,240.2,401.4,145.60000000000002,112.20000000000005,1,1,0.0
97,2,80.3,581.9,218.0,138.30000000000007,1,1,1.0
97,3,16.3,682.3,279.5,155.0,1,1,1.0
97,4,387.9,893.05,325.76,124.75,1,1,1.0
97,5,99.63,832.5,246.47000000000003,146.70000000000005,1,1,1.0
97,6,230.2,802.2,285.50000000000006,142.29999999999995,1,1,1.0
97,7,576.5,616.0,241.79999999999995,204.60000000000002,1,1,1.0
97,8,880.9,425.1,189.69999999999993,361.79999999999995,1,1,1.0
97,9,138.9,703.0,287.4,116.5,1,1,1.0
97,10,1119.0,309.6,407.79999999999995,187.5,1,1,1.0
98,1,256.5,396.4,131.2,117.20000000000005,1,1,0.0
98,2,80.3,581.9,218.0,138.30000000000007,1,1,1.0
98,3,31.4,674.8,261.3,153.70000000000005,1,1,1.0
98,4,418.2,892.01,333.14000000000004,124.74000000000001,1,1,1.0
98,5,99.63,832.5,246.47000000000003,146.70000000000005,1,1,1.0
98,6,230.2,796.5,292.40000000000003,148.0,1,1,1.0
98,7,581.0,616.0,237.29999999999995,192.79999999999995,1,1,1.0
98,8,870.0,436.0,200.5999999999999,369.9,1,1,1.0
98,9,150.2,698.0,287.40000000000003,121.5,1,1,1.0
98,10,1130.8,306.9,384.20000000000005,183.90000000000003,1,1,1.0
99,1,257.2,397.0,133.0,116.60000000000002,1,1,0.0
99,2,80.3,581.9,218.0,138.30000000000007,1,1,1.0
99,3,17.6,674.8,275.09999999999997,144.9000000000001,1,1,1.0
99,4,418.2,898.3,333.14000000000004,128.9000000000001,1,1,1.0
99,5,99.63,832.5,246.47000000000003,146.70000000000005,1,1,1.0
99,6,230.2,794.6,292.40000000000003,149.89999999999998,1,1,1.0
99,7,581.0,616.0,231.0,192.79999999999995,1,1,1.0
99,8,865.5,441.4,205.0999999999999,362.70000000000005,1,1,1.0
99,9,180.3,698.0,254.2,127.79999999999995,1,1,1.0
99,10,1141.7,300.6,357.0,190.2,1,1,1.0
100,1,251.5,392.6,138.7,121.0,1,1,0.0
100,2,80.3,581.9,218.0,138.30000000000007,1,1,1.0
100,3,14.5,674.8,278.2,139.9000000000001,1,1,1.0
100,4,420.8,898.3,323.2,133.10000000000014,1,1,1.0
100,5,99.63,832.5,246.47000000000003,146.70000000000005,1,1,1.0
100,6,230.2,803.4,292.40000000000003,147.39999999999998,1,1,1.0
100,7,581.0,616.0,249.10000000000002,192.79999999999995,1,1,1.0
100,8,865.5,441.4,205.0999999999999,369.9,1,1,1.0
100,9,193.5,698.0,236.60000000000002,126.5,1,1,1.0
100,10,1141.7,300.6,353.39999999999986,190.2,1,1,1.0
101,1,259.7,392.6,130.5,121.0,1,1,0.0
101,2,92.2,581.9,206.10000000000002,138.30000000000007,1,1,1.0
101,3,16.7,674.8,276.0,139.9000000000001,1,1,1.0
101,4,433.9,866.9,303.80000000000007,173.89999999999998,1,1,1.0
101,5,106.4,828.7,239.70000000000002,150.5,1,1,1.0
101,6,251.5,800.3,271.1,150.5,1,1,1.0
101,7,581.0,610.6,236.39999999999998,197.29999999999995,1,1,1.0
101,8,865.5,450.4,211.4000000000001,360.9,1,1,1.0
101,9,189.7,698.0,240.40000000000003,126.5,1,1,1.0
101,10,1141.7,300.6,346.20000000000005,190.2,1,1,1.0
102,1,255.3,392.6,134.89999999999998,121.0,1,1,0.0
102,2,89.1,581.9,209.20000000000002,138.30000000000007,1,1,1.0
102,3,18.9,674.8,273.8,139.9000000000001,1,1,1.0
102,4,433.9,875.3,303.80000000000007,165.5,1,1,1.0
102,5,106.4,828.7,239.70000000000002,150.5,1,1,1.0
102,6,251.5,800.9,266.70000000000005,149.89999999999998,1,1,1.0
102,7,578.3,610.6,239.10000000000002,191.89999999999998,1,1,1.0
102,8,865.5,450.4,211.4000000000001,355.5,1,1,1.0
102,9,189.7,698.0,240.40000000000003,126.5,1,1,1.0
102,10,1126.3,300.6,361.60000000000014,193.79999999999995,1,1,1.0
103,1,254.6,392.6,135.6,121.0,1,1,0.0
103,2,89.1,581.9,209.20000000000002,138.30000000000007,1,1,1.0
103,3,22.7,674.8,270.0,139.9000000000001,1,1,1.0
103,4,433.9,875.3,310.1,167.60000000000014,1,1,1.0
103,5,106.4,828.7,239.70000000000002,150.5,1,1,1.0
103,6,251.5,800.9,266.70000000000005,149.89999999999998,1,1,1.0
103,7,572.9,610.6,244.5,188.29999999999995,1,1,1.0
103,8,865.5,450.4,211.4000000000001,339.20000000000005,1,1,1.0
103,9,197.2,698.0,240.40000000000003,126.5,1,1,1.0
103,10,1128.1,300.6,348.9000000000001,193.79999999999995,1,1,1.0
104,1,259.0,392.6,131.2,121.0,1,1,0.0
104,2,83.4,581.9,214.9,138.30000000000007,1,1,1.0
104,3,27.7,674.8,265.0,139.9000000000001,1,1,1.0
104,4,433.9,878.4,307.0,164.5000000000001,1,1,1.0
104,5,117.7,828.7,228.40000000000003,150.5,1,1,1.0
104,6,254.0,800.9,264.20000000000005,155.60000000000002,1,1,1.0
104,7,572.9,610.6,244.5,198.19999999999993,1,1,1.0
104,8,865.5,426.9,199.5999999999999,343.70000000000005,1,1,1.0
104,9,188.4,698.0,254.20000000000002,126.5,1,1,1.0
104,10,1129.9,300.6,347.0999999999999,193.79999999999995,1,1,1.0
105,1,250.2,386.3,133.7,127.30000000000001,1,1,0.0
105,2,64.6,581.9,233.70000000000002,138.30000000000007,1,1,1.0
105,3,27.7,671.0,267.5,139.89999999999998,1,1,1.0
105,4,433.9,884.7,307.0,158.20000000000005,1,1,1.0
105,5,117.7,824.9,232.90000000000003,152.0,1,1,1.0
105,6,254.0,802.8,266.70000000000005,153.70000000000005,1,1,1.0
105,7,572.9,610.6,244.5,193.69999999999993,1,1,1.0
105,8,880.0,412.4,185.0999999999999,358.20000000000005,1,1,1.0
105,9,188.4,698.0,256.1,126.5,1,1,1.0
105,10,1132.6,300.6,344.4000000000001,193.79999999999995,1,1,1.0
106,1,256.5,385.7,128.0,127.90000000000003,1,1,0.0
106,2,65.9,581.9,232.4,138.30000000000007,1,1,1.0
106,3,30.8,671.0,264.4,139.89999999999998,1,1,1.0
106,4,433.9,884.7,312.20000000000005,158.20000000000005,1,1,1.0
106,5,120.0,824.9,230.60000000000002,152.0,1,1,1.0
106,6,254.0,802.8,266.70000000000005,153.70000000000005,1,1,1.0
106,7,572.9,610.6,244.5,189.19999999999993,1,1,1.0
106,8,880.0,417.8,185.0999999999999,358.2,1,1,1.0
106,9,188.4,698.0,256.70000000000005,126.5,1,1,1.0
106,10,1132.6,304.2,340.8000000000002,190.2,1,1,1.0
107,1,257.8,388.8,128.0,124.80000000000001,1,1,0.0
107,2,65.9,585.7,232.4,130.69999999999993,1,1,1.0
107,3,27.7,671.0,267.5,134.89999999999998,1,1,1.0
107,4,433.9,884.7,309.6,158.20000000000005,1,1,1.0
107,5,120.0,824.9,230.60000000000002,152.0,1,1,1.0
107,6,254.0,802.8,266.70000000000005,153.70000000000005,1,1,1.0
107,7,572.9,610.6,241.80000000000007,203.69999999999993,1,1,1.0
107,8,863.7,416.0,201.39999999999986,325.6,1,1,1.0
107,9,188.4,698.0,258.0,126.5,1,1,1.0
107,10,1126.3,307.8,342.60000000000014,186.59999999999997,1,1,1.0
108,1,250.2,391.3,135.0,122.30000000000001,1,1,0.0
108,2,69.7,585.7,228.60000000000002,130.69999999999993,1,1,1.0
108,3,31.5,670.4,269.4,131.10000000000002,1,1,1.0
108,4,436.0,884.7,311.70000000000005,160.79999999999995,1,1,1.0
108,5,120.0,824.9,230.60000000000002,152.0,1,1,1.0
108,6,254.0,806.6,266.70000000000005,149.89999999999998,1,1,1.0
108,7,572.9,610.6,234.60000000000002,214.60000000000002,1,1,1.0
108,8,872.7,412.4,192.39999999999986,358.1,1,1,1.0
108,9,194.1,698.0,251.70000000000002,126.5,1,1,1.0
108,10,1131.7,307.8,337.20000000000005,186.59999999999997,1,1,1.0
109,1,257.8,391.3,127.39999999999998,122.30000000000001,1,1,0.0
109,2,60.3,585.7,238.0,130.69999999999993,1,1,1.0
109,3,35.3,670.4,265.59999999999997,131.10000000000002,1,1,1.0
109,4,429.2,891.5,340.50000000000006,149.79999999999995,1,1,1.0
109,5,120.0,824.9,230.60000000000002,152.0,1,1,1.0
109,6,254.0,806.6,266.70000000000005,149.89999999999998,1,1,1.0
109,7,572.9,610.6,234.60000000000002,207.39999999999998,1,1,1.0
109,8,879.0,408.8,186.0999999999999,336.40000000000003,1,1,1.0
109,9,194.1,698.0,251.00000000000003,126.5,1,1,1.0
109,10,1131.7,307.8,337.20000000000005,184.8,1,1,1.0
110,1,254.6,391.3,130.6,122.30000000000001,1,1,0.0
110,2,57.2,585.7,241.10000000000002,130.69999999999993,1,1,1.0
110,3,31.5,670.4,269.4,131.10000000000002,1,1,1.0
110,4,426.6,906.2,354.1,139.79999999999995,1,1,1.0
110,5,120.0,824.9,230.60000000000002,152.0,1,1,1.0
110,6,250.2,800.3,270.50000000000006,161.20000000000005,1,1,1.0
110,7,572.9,610.6,230.10000000000002,212.60000000000002,1,1,1.0
110,8,874.5,460.38,319.9000000000001,248.62,1,1,1.0
110,9,202.3,698.0,242.2,126.5,1,1,1.0
110,10,1131.7,307.8,337.20000000000005,184.8,1,1,1.0
111,1,256.5,391.3,128.7,122.30000000000001,1,1,0.0
111,2,57.2,585.7,236.7,127.59999999999991,1,1,1.0
111,3,34.0,670.4,266.9,131.10000000000002,1,1,1.0
111,4,424.0,906.2,356.70000000000005,135.5999999999999,1,1,1.0
111,5,120.0,824.9,230.60000000000002,152.0,1,1,1.0
111,6,250.2,800.3,270.50000000000006,161.20000000000005,1,1,1.0
111,7,576.5,610.6,247.29999999999995,197.5,1,1,1.0
111,8,889.9,534.5,338.0000000000001,178.10000000000002,1,1,1.0
111,9,202.3,698.0,244.7,126.5,1,1,1.0
111,10,1139.8,307.8,329.10000000000014,184.8,1,1,1.0
112,1,258.4,391.3,126.80000000000001,122.30000000000001,1,1,0.0
112,2,57.2,581.9,236.7,131.39999999999998,1,1,1.0
112,3,34.0,670.4,266.9,131.10000000000002,1,1,1.0
112,4,424.0,902.0,363.5,134.5999999999999,1,1,1.0
112,5,120.0,824.9,230.60000000000002,152.0,1,1,1.0
112,6,252.1,811.0,268.6,150.5,1,1,1.0
112,7,576.5,616.0,247.29999999999995,192.10000000000002,1,1,1.0
112,8,931.5,509.2,296.4000000000001,199.8,1,1,1.0
112,9,202.3,698.0,244.09999999999997,126.5,1,1,1.0
112,10,1145.2,307.8,323.70000000000005,184.8,1,1,1.0
113,1,254.0,391.3,131.2,122.30000000000001,1,1,0.0
113,2,57.2,581.9,236.7,131.39999999999998,1,1,1.0
113,3,30.9,670.4,270.0,148.70000000000005,1,1,1.0
113,4,424.0,902.0,370.29999999999995,134.5999999999999,1,1,1.0
113,5,120.0,824.9,230.60000000000002,152.0,1,1,1.0
113,6,252.1,800.3,264.19999999999993,161.20000000000005,1,1,1.0
113,7,576.5,614.2,260.0,181.19999999999993,1,1,1.0
113,8,932.4,494.7,275.6,208.00000000000006,1,1,1.0
113,9,204.2,698.0,241.60000000000002,126.5,1,1,1.0
113,10,1145.2,307.8,329.5999999999999,184.8,1,1,1.0
114,1,255.9,391.3,129.29999999999998,122.30000000000001,1,1,0.0
114,2,57.2,580.7,236.7,132.5999999999999,1,1,1.0
114,3,36.6,670.4,264.29999999999995,165.70000000000005,1,1,1.0
114,4,420.3,902.0,367.2,141.4000000000001,1,1,1.0
114,5,125.3,824.9,225.3,152.0,1,1,1.0
114,6,254.0,807.8,258.5,149.30000000000007,1,1,1.0
114,7,576.5,614.2,251.89999999999998,181.19999999999993,1,1,1.0
114,8,932.4,494.7,275.6,208.00000000000006,1,1,1.0
114,9,208.0,694.2,237.8,138.5,1,1,1.0
114,10,1145.2,307.8,335.5,184.8,1,1,1.0
115,1,257.8,391.3,127.39999999999998,122.30000000000001,1,1,0.0
115,2,61.6,581.3,238.6,132.0,1,1,1.0
115,3,34.1,670.4,266.79999999999995,161.30000000000007,1,1,1.0
115,4,423.4,900.4,345.80000000000007,140.89999999999998,1,1,1.0
115,5,105.0,824.9,245.60000000000002,152.0,1,1,1.0
115,6,250.2,800.9,254.10000000000002,166.20000000000005,1,1,1.0
115,7,576.5,614.2,251.89999999999998,181.19999999999993,1,1,1.0
115,8,932.4,494.7,261.1,216.09999999999997,1,1,1.0
115,9,208.0,694.2,237.8,134.0999999999999,1,1,1.0
115,10,1145.2,307.8,335.5,184.8,1,1,1.0
116,1,252.1,391.3,133.1,122.30000000000001,1,1,0.0
116,2,79.8,581.3,224.2,132.0,1,1,1.0
116,3,32.2,670.4,268.7,157.5,1,1,1.0
116,4,423.4,900.4,321.20000000000005,136.69999999999993,1,1,1.0
116,5,105.0,824.9,251.60000000000002,145.20000000000005,1,1,1.0
116,6,250.2,804.7,246.60000000000002,167.39999999999998,1,1,1.0
116,7,576.5,614.2,251.89999999999998,181.19999999999993,1,1,1.0
116,8,930.6,482.9,261.9999999999999,253.20000000000005,1,1,1.0
116,9,208.0,694.2,237.8,134.0999999999999,1,1,1.0
116,10,1145.2,307.8,335.5,184.8,1,1,1.0
117,1,259.7,391.3,125.5,122.30000000000001,1,1,0.0
117,2,79.8,571.3,224.2,142.0,1,1,1.0
117,3,30.3,670.4,270.59999999999997,138.0,1,1,1.0
117,4,423.4,900.4,301.30000000000007,148.19999999999993,1,1,1.0
117,5,105.0,824.9,251.60000000000002,145.20000000000005,1,1,1.0
117,6,250.2,804.7,237.8,167.39999999999998,1,1,1.0
117,7,576.5,614.2,251.89999999999998,187.5,1,1,1.0
117,8,939.6,471.1,272.9,280.4,1,1,1.0
117,9,208.0,694.2,237.8,134.0999999999999,1,1,1.0
117,10,1145.2,307.8,335.5,184.8,1,1,1.0
118,1,254.0,391.3,131.2,122.30000000000001,1,1,0.0
118,2,74.8,573.2,229.2,144.5,1,1,1.0
118,3,46.6,670.4,254.29999999999998,132.30000000000007,1,1,1.0
118,4,433.3,900.4,291.40000000000003,158.69999999999993,1,1,1.0
118,5,105.0,824.9,251.60000000000002,145.20000000000005,1,1,1.0
118,6,250.2,804.7,237.8,167.39999999999998,1,1,1.0
118,7,576.5,621.4,251.89999999999998,179.39999999999998,1,1,1.0
118,8,976.7,438.5,258.39999999999986,342.79999999999995,1,1,1.0
118,9,208.0,694.2,237.8,134.0999999999999,1,1,1.0
118,10,1145.2,307.8,335.5,184.8,1,1,1.0
119,1,250.9,391.3,134.29999999999998,128.59999999999997,1,1,0.0
119,2,74.8,573.2,229.2,144.5,1,1,1.0
119,3,44.1,670.4,256.79999999999995,133.60000000000002,1,1,1.0
119,4,426.5,900.4,314.4,137.80000000000007,1,1,1.0
119,5,105.0,828.7,251.60000000000002,141.39999999999998,1,1,1.0
119,6,250.2,804.7,237.8,167.39999999999998,1,1,1.0
119,7,576.5,622.3,251.89999999999998,186.60000000000002,1,1,1.0
119,8,993.0,458.4,207.70000000000005,359.1,1,1,1.0
119,9,208.0,694.2,237.8,134.0999999999999,1,1,1.0
119,10,1142.5,307.8,345.4000000000001,184.8,1,1,1.0
120,1,257.8,391.3,127.39999999999998,122.30000000000001,1,1,0.0
120,2,74.8,573.2,229.2,144.5,1,1,1.0
120,3,37.8,670.4,263.09999999999997,129.80000000000007,1,1,1.0
120,4,420.2,893.6,334.3,144.60000000000002,1,1,1.0
120,5,105.0,836.2,251.60000000000002,149.69999999999993,1,1,1.0
120,6,250.2,804.7,233.40000000000003,167.39999999999998,1,1,1.0
120,7,576.5,621.4,251.89999999999998,184.80000000000007,1,1,1.0
120,8,1014.7,471.1,189.5999999999999,311.1,1,1,1.0
120,9,208.0,694.2,237.8,134.0999999999999,1,1,1.0
120,10,1142.5,307.8,349.9000000000001,186.59999999999997,1,1,1.0
121,1,255.9,391.3,129.29999999999998,122.30000000000001,1,1,0.0
121,2,69.1,574.5,234.9,143.20000000000005,1,1,1.0
121,3,35.3,670.4,265.59999999999997,131.70000000000005,1,1,1.0
121,4,422.8,886.3,319.09999999999997,160.79999999999995,1,1,1.0
121,5,105.0,836.2,251.60000000000002,149.69999999999993,1,1,1.0
121,6,254.0,804.7,234.0,167.39999999999998,1,1,1.0
121,7,576.5,614.2,251.89999999999998,181.0999999999999,1,1,1.0
121,8,1038.2,467.5,172.39999999999986,306.6,1,1,1.0
121,9,208.0,694.2,237.8,134.0999999999999,1,1,1.0
121,10,1142.5,307.8,349.9000000000001,186.59999999999997,1,1,1.0
