1,1,312.16,593.08,134.54999999999995,291.88,1,1,1.0
1,2,347.96,507.69,211.58999999999997,239.91000000000003,1,1,1.0
1,3,437.08,453.81,303.82,141.96999999999997,1,1,1.0
1,4,605.27,348.02,264.03,169.09000000000003,1,1,1.0
1,5,860.66,553.8,198.57000000000005,327.80000000000007,1,1,1.0
1,6,1351.08,810.17,278.5,194.41000000000008,1,1,1.0
1,7,1775.55,755.88,277.3399999999999,207.03999999999996,1,1,1.0
1,8,2041.54,387.35,136.53999999999996,320.18999999999994,1,1,1.0
1,9,1348.4,82.99,273.42999999999984,226.77999999999997,1,1,1.0
2,1,314.33,639.74,139.97000000000003,272.36,1,1,1.0
2,2,357.7,507.7,201.84999999999997,239.90000000000003,1,1,1.0
2,3,437.08,453.81,303.82,141.96999999999997,1,1,1.0
2,4,578.1,352.5,291.19999999999993,164.61,1,1,1.0
2,5,854.1,512.6,294.1,217.10000000000002,1,1,1.0
2,6,1368.3,810.17,267.60000000000014,194.41000000000008,1,1,1.0
2,7,1775.55,755.88,277.3399999999999,195.32000000000005,1,1,1.0
2,8,2045.2,407.2,132.87999999999988,305.8,1,1,1.0
2,9,1348.4,76.5,273.42999999999984,233.26999999999998,1,1,1.0
3,1,314.33,577.84,139.97000000000003,300.65999999999997,1,1,1.0
3,2,371.8,505.5,193.2,250.79999999999995,1,1,1.0
3,3,437.08,453.81,303.82,141.96999999999997,1,1,1.0
3,4,534.7,328.1,295.69999999999993,161.89999999999998,1,1,1.0
3,5,859.5,512.6,288.70000000000005,203.0,1,1,1.0
3,6,1365.6,810.17,270.3000000000002,194.41000000000008,1,1,1.0
3,7,1775.55,755.88,277.3399999999999,195.32000000000005,1,1,1.0
3,8,2045.2,310.4,132.87999999999988,411.6,1,1,1.0
3,9,1348.4,76.5,273.42999999999984,233.26999999999998,1,1,1.0
4,1,314.33,577.84,139.97000000000003,265.9599999999999,1,1,1.0
4,2,353.4,502.2,211.60000000000002,254.09999999999997,1,1,1.0
4,3,437.08,453.81,303.82,141.96999999999997,1,1,1.0
4,4,493.1,319.01,284.9,139.39,1,1,1.0
4,5,859.5,512.6,288.70000000000005,203.0,1,1,1.0
4,6,1379.2,806.6,256.70000000000005,197.98000000000002,1,1,1.0
4,7,1775.55,755.88,277.3399999999999,207.12,1,1,1.0
4,8,2045.2,310.4,132.87999999999988,398.9,1,1,1.0
4,9,1348.4,76.5,273.42999999999984,233.26999999999998,1,1,1.0
5,1,307.8,577.84,167.09999999999997,237.76,1,1,1.0
5,2,337.1,508.7,227.89999999999998,247.59999999999997,1,1,1.0
5,3,437.08,453.81,303.82,141.96999999999997,1,1,1.0
5,4,463.3,311.8,314.7,152.0,1,1,1.0
5,5,859.5,512.6,288.70000000000005,203.0,1,1,1.0
5,6,1379.2,810.17,256.70000000000005,194.41000000000008,1,1,1.0
5,7,1771.9,746.8,280.9899999999998,252.4000000000001,1,1,1.0
5,8,2045.2,320.3,132.87999999999988,388.99999999999994,1,1,1.0
5,9,1348.4,76.5,273.42999999999984,233.26999999999998,1,1,1.0
6,1,307.8,577.84,167.09999999999997,237.76,1,1,1.0
6,2,337.1,508.7,227.89999999999998,237.8,1,1,1.0
6,3,437.08,453.81,303.82,141.96999999999997,1,1,1.0
6,4,453.4,311.8,324.6,149.3,1,1,1.0
6,5,859.5,512.6,288.70000000000005,203.0,1,1,1.0
6,6,1379.2,802.0,256.70000000000005,202.58000000000004,1,1,1.0
6,7,1771.9,746.8,280.9899999999998,252.4000000000001,1,1,1.0
6,8,2040.7,320.3,137.37999999999988,388.99999999999994,1,1,1.0
6,9,1348.4,76.5,273.42999999999984,233.26999999999998,1,1,1.0
7,1,307.8,577.84,167.09999999999997,237.76,1,1,1.0
7,2,337.1,508.7,226.79999999999995,203.09999999999997,1,1,1.0
7,3,437.08,448.4,303.82,147.38,1,1,1.0
7,4,453.4,311.8,324.6,149.3,1,1,1.0
7,5,869.4,475.5,275.19999999999993,229.20000000000005,1,1,1.0
7,6,1379.2,802.0,256.70000000000005,202.58000000000004,1,1,1.0
7,7,1771.9,746.8,280.9899999999998,252.4000000000001,1,1,1.0
7,8,2036.2,305.8,141.87999999999988,382.7,1,1,1.0
7,9,1348.4,76.5,273.42999999999984,233.26999999999998,1,1,1.0
8,1,307.8,577.84,167.09999999999997,237.76,1,1,1.0
8,2,337.1,504.4,226.79999999999995,197.60000000000002,1,1,1.0
8,3,437.08,448.4,303.82,147.38,1,1,1.0
8,4,477.8,311.8,300.2,149.3,1,1,1.0
8,5,891.1,445.7,314.9999999999999,177.59999999999997,1,1,1.0
8,6,1379.2,802.0,256.70000000000005,202.58000000000004,1,1,1.0
8,7,1771.9,746.8,280.9899999999998,252.4000000000001,1,1,1.0
8,8,2037.1,314.9,139.20000000000027,326.6,1,1,1.0
8,9,1348.4,76.5,273.42999999999984,233.26999999999998,1,1,1.0
9,1,307.8,577.84,180.09999999999997,262.76,1,1,1.0
9,2,337.1,504.4,226.79999999999995,192.20000000000005,1,1,1.0
9,3,437.08,448.4,303.82,147.38,1,1,1.0
9,4,469.7,311.8,308.3,150.2,1,1,1.0
9,5,883.0,445.7,334.0,163.09999999999997,1,1,1.0
9,6,1379.2,802.0,256.70000000000005,202.58000000000004,1,1,1.0
9,7,1771.9,746.8,280.9899999999998,237.9000000000001,1,1,1.0
9,8,2035.3,335.7,139.20000000000005,310.3,1,1,1.0
9,9,1348.4,76.5,273.42999999999984,233.26999999999998,1,1,1.0
10,1,307.8,567.0,180.09999999999997,273.6,1,1,1.0
10,2,337.1,504.4,226.79999999999995,192.20000000000005,1,1,1.0
10,3,437.08,448.4,303.82,147.38,1,1,1.0
10,4,460.7,311.8,317.3,145.7,1,1,1.0
10,5,897.5,445.7,326.70000000000005,163.09999999999997,1,1,1.0
10,6,1379.2,802.0,256.70000000000005,202.58000000000004,1,1,1.0
10,7,1771.9,746.8,280.9899999999998,237.9000000000001,1,1,1.0
10,8,2035.3,326.7,139.20000000000005,319.3,1,1,1.0
10,9,1348.4,76.5,273.42999999999984,233.26999999999998,1,1,1.0
11,1,307.8,580.0,180.09999999999997,253.0,1,1,1.0
11,2,337.1,482.7,226.79999999999995,213.90000000000003,1,1,1.0
11,3,452.5,426.7,294.70000000000005,169.07999999999998,1,1,1.0
11,4,484.2,311.8,293.8,145.7,1,1,1.0
11,5,897.5,445.7,310.4000000000001,163.09999999999997,1,1,1.0
11,6,1379.2,805.6,246.79999999999995,198.98000000000002,1,1,1.0
11,7,1771.9,746.8,280.9899999999998,237.9000000000001,1,1,1.0
11,8,2035.3,323.1,139.20000000000005,313.0,1,1,1.0
11,9,1348.4,76.5,273.42999999999984,233.26999999999998,1,1,1.0
12,1,307.8,595.2,180.09999999999997,237.79999999999995,1,1,1.0
12,2,337.1,492.5,226.79999999999995,204.10000000000002,1,1,1.0
12,3,445.3,433.0,301.90000000000003,162.77999999999997,1,1,1.0
12,4,469.7,311.8,308.3,145.7,1,1,1.0
12,5,897.5,445.7,310.4000000000001,163.09999999999997,1,1,1.0
12,6,1362.0,794.7,292.9000000000001,225.19999999999993,1,1,1.0
12,7,1771.9,746.8,280.9899999999998,237.9000000000001,1,1,1.0
12,8,2035.3,295.0,139.20000000000005,324.79999999999995,1,1,1.0
12,9,1348.4,76.5,273.42999999999984,233.26999999999998,1,1,1.0
13,1,307.8,595.2,180.09999999999997,237.79999999999995,1,1,1.0
13,2,337.1,487.0,235.5,229.10000000000002,1,1,1.0
13,3,448.9,438.4,298.30000000000007,157.38,1,1,1.0
13,4,459.8,311.8,318.2,145.7,1,1,1.0
13,5,897.5,445.7,326.70000000000005,163.09999999999997,1,1,1.0
13,6,1357.5,781.1,316.4000000000001,208.10000000000002,1,1,1.0
13,7,1771.9,746.8,280.9899999999998,237.9000000000001,1,1,1.0
13,8,2035.3,279.6,139.20000000000005,364.6,1,1,1.0
13,9,1348.4,76.5,273.42999999999984,233.26999999999998,1,1,1.0
14,1,307.8,595.2,180.09999999999997,259.5,1,1,1.0
14,2,368.6,480.5,191.0,202.0,1,1,1.0
14,3,447.1,434.8,300.1,160.96999999999997,1,1,1.0
14,4,489.6,311.8,288.4,145.7,1,1,1.0
14,5,897.5,445.7,337.5999999999999,163.09999999999997,1,1,1.0
14,6,1315.0,781.1,372.5,217.10000000000002,1,1,1.0
14,7,1771.9,746.8,280.9899999999998,237.9000000000001,1,1,1.0
14,8,2035.3,295.0,139.20000000000005,349.20000000000005,1,1,1.0
14,9,1348.4,76.5,273.42999999999984,233.26999999999998,1,1,1.0
15,1,307.8,595.2,180.09999999999997,323.5,1,1,1.0
15,2,328.5,501.1,231.10000000000002,128.19999999999993,1,1,1.0
15,3,463.4,445.7,283.80000000000007,150.07,1,1,1.0
15,4,481.5,311.8,296.5,145.7,1,1,1.0
15,5,897.5,445.7,337.5999999999999,163.09999999999997,1,1,1.0
15,6,1315.0,781.1,372.5,204.39999999999998,1,1,1.0
15,7,1771.9,746.8,280.9899999999998,237.9000000000001,1,1,1.0
15,8,2035.3,332.1,139.20000000000005,312.1,1,1,1.0
15,9,1348.4,76.5,273.42999999999984,233.26999999999998,1,1,1.0
16,1,337.1,595.2,150.79999999999995,222.5999999999999,1,1,1.0
16,2,328.5,483.9,231.10000000000002,125.89999999999998,1,1,1.0
16,3,442.6,447.5,304.6,148.26999999999998,1,1,1.0
16,4,466.1,311.8,311.9,145.7,1,1,1.0
16,5,897.5,429.4,295.0999999999999,179.39999999999998,1,1,1.0
16,6,1304.1,791.0,425.0,194.5,1,1,1.0
16,7,1771.9,746.8,280.9899999999998,237.9000000000001,1,1,1.0
16,8,2035.3,363.7,139.20000000000005,296.8,1,1,1.0
16,9,1348.4,76.5,273.42999999999984,233.26999999999998,1,1,1.0
17,1,337.1,595.2,150.79999999999995,222.5999999999999,1,1,1.0
17,2,328.5,491.3,231.10000000000002,118.49999999999994,1,1,1.0
17,3,442.6,447.5,304.6,148.26999999999998,1,1,1.0
17,4,457.1,311.8,320.9,149.3,1,1,1.0
17,5,897.5,415.8,279.70000000000005,192.99999999999994,1,1,1.0
17,6,1332.1,800.0,403.3000000000002,191.79999999999995,1,1,1.0
17,7,1771.9,746.8,280.9899999999998,237.9000000000001,1,1,1.0
17,8,2035.3,369.1,144.60000000000014,299.5,1,1,1.0
17,9,1348.4,76.5,273.42999999999984,233.26999999999998,1,1,1.0
18,1,337.1,595.2,150.79999999999995,222.5999999999999,1,1,1.0
18,2,304.6,491.3,234.39999999999998,140.2,1,1,1.0
18,3,442.6,447.5,304.6,148.26999999999998,1,1,1.0
18,4,457.1,311.8,320.9,149.3,1,1,1.0
18,5,892.1,415.8,285.1,192.99999999999994,1,1,1.0
18,6,1367.4,827.1,335.39999999999986,186.39999999999998,1,1,1.0
18,7,1771.9,746.8,280.9899999999998,237.9000000000001,1,1,1.0
18,8,2035.3,369.1,144.60000000000014,299.5,1,1,1.0
18,9,1348.4,76.5,273.42999999999984,233.26999999999998,1,1,1.0
19,1,337.1,595.2,150.79999999999995,204.19999999999993,1,1,1.0
19,2,302.4,491.3,189.90000000000003,173.8,1,1,1.0
19,3,455.3,447.5,291.90000000000003,148.26999999999998,1,1,1.0
19,4,470.7,311.8,307.3,143.0,1,1,1.0
19,5,892.1,410.4,285.1,198.39999999999998,1,1,1.0
19,6,1367.4,827.1,320.0,186.39999999999998,1,1,1.0
19,7,1771.9,746.8,280.9899999999998,237.9000000000001,1,1,1.0
19,8,2035.3,369.1,144.60000000000014,312.19999999999993,1,1,1.0
19,9,1348.4,76.5,273.42999999999984,233.26999999999998,1,1,1.0
20,1,348.0,595.2,139.89999999999998,278.0,1,1,1.0
20,2,276.4,509.7,143.20000000000005,205.3,1,1,1.0
20,3,444.4,446.6,302.80000000000007,149.16999999999996,1,1,1.0
20,4,492.4,311.8,285.6,143.0,1,1,1.0
20,5,892.1,410.4,285.1,198.39999999999998,1,1,1.0
20,6,1362.0,845.2,330.79999999999995,185.5,1,1,1.0
20,7,1771.9,746.8,280.9899999999998,237.9000000000001,1,1,1.0
20,8,2035.3,366.4,144.60000000000014,318.95000000000005,1,1,1.0
20,9,1348.4,76.5,273.42999999999984,233.26999999999998,1,1,1.0
21,1,345.83,632.1,202.87000000000006,258.4599999999999,1,1,1.0
21,2,276.4,509.7,143.20000000000005,234.59999999999997,1,1,1.0
21,3,440.8,438.5,306.40000000000003,157.27999999999997,1,1,1.0
21,4,481.5,311.8,296.5,143.0,1,1,1.0
21,5,892.1,410.4,285.1,198.39999999999998,1,1,1.0
21,6,1378.3,827.1,296.4000000000001,180.10000000000002,1,1,1.0
21,7,1771.9,746.8,280.9899999999998,222.5,1,1,1.0
21,8,2035.3,363.7,144.60000000000014,325.7,1,1,1.0
21,9,1348.4,76.5,283.1999999999998,233.26999999999998,1,1,1.0
22,1,367.5,606.1,182.29999999999995,199.79999999999995,1,1,1.0
22,2,276.4,509.7,143.20000000000005,243.3,1,1,1.0
22,3,446.2,444.8,301.00000000000006,150.97999999999996,1,1,1.0
22,4,455.3,311.8,322.7,144.8,1,1,1.0
22,5,892.1,379.7,285.1,239.00000000000006,1,1,1.0
22,6,1378.3,827.1,301.79999999999995,180.10000000000002,1,1,1.0
22,7,1771.9,746.8,280.9899999999998,222.5,1,1,1.0
22,8,2035.3,392.6,149.10000000000014,296.79999999999995,1,1,1.0
22,9,1348.4,76.5,287.5,233.26999999999998,1,1,1.0
23,1,367.5,606.1,182.29999999999995,205.19999999999993,1,1,1.0
23,2,280.7,509.7,117.19999999999999,308.40000000000003,1,1,1.0
23,3,451.6,448.4,295.6,147.38,1,1,1.0
23,4,469.3,311.8,308.7,144.8,1,1,1.0
23,5,892.1,397.8,285.1,220.90000000000003,1,1,1.0
23,6,1348.5,819.9,331.5999999999999,187.30000000000007,1,1,1.0
23,7,1771.9,746.8,280.9899999999998,222.5,1,1,1.0
23,8,2035.3,379.9,149.10000000000014,309.5,1,1,1.0
23,9,1348.4,76.5,287.5,233.26999999999998,1,1,1.0
24,1,371.8,606.1,177.99999999999994,205.19999999999993,1,1,1.0
24,2,280.7,541.2,117.19999999999999,298.5999999999999,1,1,1.0
24,3,443.5,437.5,303.70000000000005,158.26999999999998,1,1,1.0
24,4,483.3,311.8,294.7,144.8,1,1,1.0
24,5,892.1,397.8,285.1,220.90000000000003,1,1,1.0
24,6,1396.4,800.0,283.6999999999998,215.29999999999995,1,1,1.0
24,7,1771.9,746.8,280.9899999999998,222.5,1,1,1.0
24,8,2035.3,379.9,149.10000000000014,309.5,1,1,1.0
24,9,1348.4,76.5,282.1999999999998,233.26999999999998,1,1,1.0
25,1,371.8,606.1,177.99999999999994,216.10000000000002,1,1,1.0
25,2,280.7,533.6,117.19999999999999,306.19999999999993,1,1,1.0
25,3,466.1,445.6,281.1,150.16999999999996,1,1,1.0
25,4,478.8,311.8,299.2,144.8,1,1,1.0
25,5,892.1,378.8,285.1,247.99999999999994,1,1,1.0
25,6,1396.4,790.1,283.6999999999998,225.19999999999993,1,1,1.0
25,7,1771.9,746.8,280.9899999999998,222.5,1,1,1.0
25,8,2035.3,379.9,149.10000000000014,309.5,1,1,1.0
25,9,1348.4,76.5,282.0999999999999,233.26999999999998,1,1,1.0
26,1,371.8,606.1,170.40000000000003,216.10000000000002,1,1,1.0
26,2,280.7,532.6,117.19999999999999,307.19999999999993,1,1,1.0
26,3,458.9,445.6,288.30000000000007,150.17999999999995,1,1,1.0
26,4,478.8,311.8,299.2,144.8,1,1,1.0
26,5,960.82,361.62,210.08000000000004,276.08000000000004,1,1,1.0
26,6,1396.4,814.5,274.6999999999998,213.5,1,1,1.0
26,7,1771.9,746.8,280.9899999999998,222.5,1,1,1.0
26,8,2035.3,352.8,149.10000000000014,329.40000000000003,1,1,1.0
26,9,1348.4,76.5,284.29999999999995,233.26999999999998,1,1,1.0
27,1,371.8,606.1,170.40000000000003,227.0,1,1,1.0
27,2,280.7,530.4,117.19999999999999,309.4,1,1,1.0
27,3,449.9,438.4,297.30000000000007,157.38,1,1,1.0
27,4,478.8,311.8,299.2,144.8,1,1,1.0
27,5,854.1,374.3,282.4,215.49999999999994,1,1,1.0
27,6,1396.4,814.5,274.6999999999998,213.5,1,1,1.0
27,7,1771.9,746.8,280.9899999999998,222.5,1,1,1.0
27,8,2035.3,332.9,149.10000000000014,355.6,1,1,1.0
27,9,1348.4,76.5,284.29999999999995,233.26999999999998,1,1,1.0
28,1,371.8,606.1,170.40000000000003,246.5,1,1,1.0
28,2,280.7,526.1,117.19999999999999,313.69999999999993,1,1,1.0
28,3,449.9,438.4,297.30000000000007,157.38,1,1,1.0
28,4,478.8,314.5,299.2,142.10000000000002,1,1,1.0
28,5,850.5,374.3,278.79999999999995,223.59999999999997,1,1,1.0
28,6,1396.4,798.2,274.6999999999998,233.39999999999986,1,1,1.0
28,7,1771.9,746.8,280.9899999999998,222.5,1,1,1.0
28,8,2047.1,332.9,144.5,355.6,1,1,1.0
28,9,1348.4,76.5,284.29999999999995,233.26999999999998,1,1,1.0
29,1,371.8,606.1,170.40000000000003,246.5,1,1,1.0
29,2,280.7,535.9,128.10000000000002,285.5,1,1,1.0
29,3,449.9,438.4,297.30000000000007,157.38,1,1,1.0
29,4,460.7,318.1,317.3,138.5,1,1,1.0
29,5,825.2,374.3,326.70000000000005,209.09999999999997,1,1,1.0
29,6,1402.7,810.0,268.39999999999986,221.5999999999999,1,1,1.0
29,7,1776.42,754.0,280.98,189.98000000000002,1,1,1.0
29,8,2047.1,359.1,144.5,329.4,1,1,1.0
29,9,1348.4,76.5,284.29999999999995,233.26999999999998,1,1,1.0
30,1,380.5,606.1,161.70000000000005,271.5,1,1,1.0
30,2,281.8,583.6,123.69999999999999,301.79999999999995,1,1,1.0
30,3,458.9,451.1,288.30000000000007,144.67999999999995,1,1,1.0
30,4,485.1,322.7,292.9,133.90000000000003,1,1,1.0
30,5,811.6,374.3,354.80000000000007,160.3,1,1,1.0
30,6,1402.7,810.0,268.39999999999986,227.9000000000001,1,1,1.0
30,7,1776.42,754.0,280.98,196.29999999999995,1,1,1.0
30,8,2047.1,387.1,144.5,301.4,1,1,1.0
30,9,1348.4,76.5,284.29999999999995,233.26999999999998,1,1,1.0
31,1,327.3,606.1,214.90000000000003,216.19999999999993,1,1,1.0
31,2,295.9,624.8,179.0,287.70000000000005,1,1,1.0
31,3,447.1,443.9,300.1,151.88,1,1,1.0
31,4,485.1,322.7,292.0,144.8,1,1,1.0
31,5,825.2,374.3,341.20000000000005,167.49999999999994,1,1,1.0
31,6,1402.7,790.1,268.39999999999986,247.80000000000007,1,1,1.0
31,7,1776.42,754.0,280.98,191.79999999999995,1,1,1.0
31,8,2047.1,387.1,144.5,301.4,1,1,1.0
31,9,1348.4,67.8,284.29999999999995,241.96999999999997,1,1,1.0
32,1,327.3,606.1,214.90000000000003,216.19999999999993,1,1,1.0
32,2,295.9,624.8,179.0,272.5,1,1,1.0
32,3,460.7,446.6,286.50000000000006,149.17999999999995,1,1,1.0
32,4,486.9,322.7,290.20000000000005,144.8,1,1,1.0
32,5,827.9,385.2,262.5000000000001,247.90000000000003,1,1,1.0
32,6,1402.7,790.1,268.39999999999986,247.80000000000007,1,1,1.0
32,7,1776.42,754.0,270.0799999999999,191.79999999999995,1,1,1.0
32,8,2047.1,387.1,144.5,301.4,1,1,1.0
32,9,1348.4,85.1,284.29999999999995,224.67,1,1,1.0
33,1,366.4,606.1,175.80000000000007,232.5,1,1,1.0
33,2,295.9,650.8,146.40000000000003,298.6,1,1,1.0
33,3,470.6,444.8,276.6,150.97999999999996,1,1,1.0
33,4,467.0,322.7,310.1,144.8,1,1,1.0
33,5,827.9,373.4,262.5000000000001,285.0,1,1,1.0
33,6,1402.7,806.4,268.39999999999986,231.5000000000001,1,1,1.0
33,7,1776.42,755.8,270.0799999999999,190.0,1,1,1.0
33,8,2047.1,362.7,144.5,325.8,1,1,1.0
33,9,1348.4,77.5,284.29999999999995,232.26999999999998,1,1,1.0
34,1,366.4,606.1,175.80000000000007,232.5,1,1,1.0
34,2,295.9,666.0,209.3,274.70000000000005,1,1,1.0
34,3,470.6,444.8,286.5,150.97999999999996,1,1,1.0
34,4,516.7,322.7,260.4,144.8,1,1,1.0
34,5,857.7,399.6,186.5999999999999,296.79999999999995,1,1,1.0
34,6,1378.3,819.1,303.70000000000005,201.60000000000002,1,1,1.0
34,7,1776.42,755.8,270.0799999999999,194.5,1,1,1.0
34,8,2046.2,382.59,144.49999999999977,298.71,1,1,1.0
34,9,1348.4,77.5,284.29999999999995,232.26999999999998,1,1,1.0
35,1,366.4,606.1,175.80000000000007,232.5,1,1,1.0
35,2,303.5,724.6,223.39999999999998,228.0,1,1,1.0
35,3,508.6,493.6,221.39999999999998,251.39999999999998,1,1,1.0
35,4,504.9,322.7,272.20000000000005,144.8,1,1,1.0
35,5,857.7,393.3,176.70000000000005,340.2,1,1,1.0
35,6,1378.3,819.1,303.70000000000005,211.4999999999999,1,1,1.0
35,7,1776.42,755.8,270.0799999999999,194.5,1,1,1.0
35,8,2046.2,382.59,144.49999999999977,298.71,1,1,1.0
35,9,1348.4,77.5,284.29999999999995,232.26999999999998,1,1,1.0
36,1,366.4,606.1,175.80000000000007,222.69999999999993,1,1,1.0
36,2,290.5,783.2,273.29999999999995,192.19999999999993,1,1,1.0
36,3,501.37,514.4,157.23000000000002,277.62,1,1,1.0
36,4,482.3,322.7,294.8,144.8,1,1,1.0
36,5,841.4,449.4,239.10000000000002,336.5,1,1,1.0
36,6,1378.3,824.3,303.70000000000005,206.29999999999995,1,1,1.0
36,7,1776.42,755.8,270.0799999999999,194.5,1,1,1.0
36,8,2046.2,365.4,163.49999999999977,327.70000000000005,1,1,1.0
36,9,1348.4,77.5,284.29999999999995,232.26999999999998,1,1,1.0
37,1,366.4,606.1,144.3,222.69999999999993,1,1,1.0
37,2,331.7,846.1,282.00000000000006,141.19999999999993,1,1,1.0
37,3,497.7,509.9,148.2,298.4,1,1,1.0
37,4,448.84,352.54,245.95999999999998,144.79999999999995,1,1,1.0
37,5,843.2,456.6,237.29999999999995,329.29999999999995,1,1,1.0
37,6,1392.6,824.3,289.4000000000001,206.29999999999995,1,1,1.0
37,7,1776.42,755.8,270.0799999999999,194.5,1,1,1.0
37,8,2046.2,378.1,192.39999999999986,315.0,1,1,1.0
37,9,1348.4,77.5,284.29999999999995,232.26999999999998,1,1,1.0
38,1,366.4,606.1,144.3,222.69999999999993,1,1,1.0
38,2,331.7,835.2,297.2,152.0999999999999,1,1,1.0
38,3,497.7,509.9,148.2,298.4,1,1,1.0
38,4,422.62,368.82,245.96000000000004,144.8,1,1,1.0
38,5,815.2,483.7,255.39999999999986,253.40000000000003,1,1,1.0
38,6,1392.6,824.3,289.4000000000001,206.29999999999995,1,1,1.0
38,7,1762.0,755.8,284.5,194.5,1,1,1.0
38,8,2046.2,374.5,142.70000000000005,318.6,1,1,1.0
38,9,1348.4,77.5,284.29999999999995,232.26999999999998,1,1,1.0
39,1,366.4,606.1,144.3,226.0,1,1,1.0
39,2,385.95,835.2,297.2,152.0999999999999,1,1,1.0
39,3,497.7,509.9,148.2,298.4,1,1,1.0
39,4,380.12,402.27,228.77999999999997,144.80000000000007,1,1,1.0
39,5,809.8,495.5,288.79999999999995,214.5,1,1,1.0
39,6,1392.6,824.3,289.4000000000001,206.29999999999995,1,1,1.0
39,7,1771.0,755.8,275.5,209.9000000000001,1,1,1.0
39,8,2046.2,345.6,138.20000000000005,356.5,1,1,1.0
39,9,1348.4,77.5,284.29999999999995,232.26999999999998,1,1,1.0
40,1,351.2,606.1,180.09999999999997,222.69999999999993,1,1,1.0
40,2,385.95,835.2,309.15000000000003,152.0999999999999,1,1,1.0
40,3,514.0,509.9,138.20000000000005,326.4,1,1,1.0
40,4,380.12,442.1,228.77999999999997,104.97000000000003,1,1,1.0
40,5,809.8,524.4,288.79999999999995,171.10000000000002,1,1,1.0
40,6,1392.6,824.3,289.4000000000001,206.29999999999995,1,1,1.0
40,7,1778.2,755.8,268.29999999999995,201.80000000000007,1,1,1.0
40,8,2046.2,356.5,146.29999999999995,338.4,1,1,1.0
40,9,1348.4,77.5,284.29999999999995,232.26999999999998,1,1,1.0
41,1,351.2,622.4,185.50000000000006,178.20000000000005,1,1,1.0
41,2,451.1,842.8,325.38,143.42000000000007,1,1,1.0
41,3,523.0,525.3,184.39999999999998,273.0,1,1,1.0
41,4,380.12,442.1,218.88,95.0,1,1,1.0
41,5,802.6,528.0,369.19999999999993,155.70000000000005,1,1,1.0
41,6,1392.6,824.3,289.4000000000001,206.29999999999995,1,1,1.0
41,7,1784.5,755.8,262.0,197.30000000000007,1,1,1.0
41,8,2046.2,347.5,141.79999999999995,353.70000000000005,1,1,1.0
41,9,1320.2,77.5,312.5,237.7,1,1,1.0
42,1,351.2,625.7,185.50000000000006,174.89999999999998,1,1,1.0
42,2,505.35,849.31,325.38,143.42000000000007,1,1,1.0
42,3,570.02,648.27,261.28,169.02999999999997,1,1,1.0
42,4,380.12,442.1,218.88,95.0,1,1,0.0
42,5,850.5,520.7,320.3900000000001,144.89999999999998,1,1,1.0
42,6,1377.0,824.3,305.0,206.29999999999995,1,1,1.0
42,7,1779.1,755.8,267.4000000000001,197.30000000000007,1,1,1.0
42,8,2005.5,394.5,182.5,295.79999999999995,1,1,1.0
42,9,1320.2,77.5,317.89999999999986,237.7,1,1,1.0
43,1,351.2,625.7,185.50000000000006,174.89999999999998,1,1,1.0
43,2,546.6,860.16,345.98,143.42000000000007,1,1,1.0
43,3,598.1,636.5,256.69999999999993,186.20000000000005,1,1,1.0
43,4,364.7,422.2,234.3,114.90000000000003,1,1,0.0
43,5,855.0,516.2,297.79999999999995,149.39999999999998,1,1,1.0
43,6,1377.0,838.6,305.0,201.10000000000002,1,1,1.0
43,7,1779.1,755.8,267.4000000000001,197.30000000000007,1,1,1.0
43,8,2005.5,394.5,187.9000000000001,295.79999999999995,1,1,1.0
43,9,1320.2,77.5,325.5,237.7,1,1,1.0
44,1,351.2,625.7,185.50000000000006,174.89999999999998,1,1,1.0
44,2,585.7,856.9,325.29999999999995,139.10000000000002,1,1,1.0
44,3,598.1,636.5,296.5,198.0,1,1,1.0
44,4,364.7,420.4,234.3,116.70000000000005,1,1,0.0
44,5,855.0,513.5,322.20000000000005,147.60000000000002,1,1,1.0
44,6,1377.0,806.0,305.0,228.5,1,1,1.0
44,7,1779.1,755.8,267.4000000000001,197.30000000000007,1,1,1.0
44,8,2035.3,361.9,158.10000000000014,328.4,1,1,1.0
44,9,1320.2,77.5,330.89999999999986,237.7,1,1,1.0
45,1,345.8,625.7,190.90000000000003,174.89999999999998,1,1,1.0
45,2,598.7,856.9,321.0,139.10000000000002,1,1,1.0
45,3,616.2,634.69,293.79999999999995,191.69999999999993,1,1,1.0
45,4,364.7,418.6,234.3,118.5,1,1,0.0
45,5,843.2,477.3,319.5,167.49999999999994,1,1,1.0
45,6,1361.4,806.0,320.5999999999999,228.5,1,1,1.0
45,7,1779.1,755.8,267.4000000000001,219.9000000000001,1,1,1.0
45,8,2000.0,332.1,193.4000000000001,351.0,1,1,1.0
45,9,1312.6,77.5,336.3000000000002,237.7,1,1,1.0
46,1,317.6,625.7,219.10000000000002,174.89999999999998,1,1,1.0
46,2,598.7,856.9,326.4,139.10000000000002,1,1,1.0
46,3,616.2,649.2,301.9,163.5999999999999,1,1,1.0
46,4,350.2,418.6,248.8,122.10000000000002,1,1,0.0
46,5,892.9,413.1,266.19999999999993,234.39999999999998,1,1,1.0
46,6,1298.9,743.5,413.0,248.0,1,1,1.0
46,7,1779.1,755.8,267.4000000000001,210.9000000000001,1,1,1.0
46,8,1992.4,331.0,194.69999999999982,352.1,1,1,1.0
46,9,1301.7,88.4,347.20000000000005,213.79999999999998,1,1,1.0
47,1,262.3,639.8,231.0,174.9000000000001,1,1,1.0
47,2,598.7,856.9,334.0,139.10000000000002,1,1,1.0
47,3,665.0,660.1,251.29999999999995,159.89999999999998,1,1,1.0
47,4,279.7,418.6,295.8,145.60000000000002,1,1,0.0
47,5,940.8,396.8,218.29999999999995,256.99999999999994,1,1,1.0
47,6,1315.8,766.9,444.29999999999995,231.10000000000002,1,1,1.0
47,7,1779.1,745.9,274.5999999999999,206.30000000000007,1,1,1.0
47,8,2000.0,324.0,187.0999999999999,314.78999999999996,1,1,1.0
47,9,1301.7,88.4,347.20000000000005,213.79999999999998,1,1,1.0
48,1,253.6,639.8,226.70000000000002,193.30000000000007,1,1,1.0
48,2,606.3,856.9,332.9000000000001,139.10000000000002,1,1,1.0
48,3,683.1,678.2,240.39999999999998,149.0,1,1,1.0
48,4,250.77,434.0,282.23,156.41999999999996,1,1,1.0
48,5,940.8,395.9,228.20000000000005,257.9,1,1,1.0
48,6,1311.9,781.2,390.89999999999986,216.79999999999995,1,1,1.0
48,7,1786.3,745.9,267.39999999999986,229.80000000000007,1,1,1.0
48,8,2039.8,334.9,135.50000000000023,328.30000000000007,1,1,1.0
48,9,1301.7,88.4,347.20000000000005,213.79999999999998,1,1,1.0
49,1,248.2,652.8,232.10000000000002,190.10000000000002,1,1,1.0
49,2,606.3,856.9,324.20000000000005,139.10000000000002,1,1,1.0
49,3,693.0,671.0,230.5,149.89999999999998,1,1,1.0
49,4,218.21,417.8,302.18999999999994,172.61999999999995,1,1,1.0
49,5,940.8,395.9,222.79999999999995,257.9,1,1,1.0
49,6,1321.0,781.2,364.9000000000001,216.79999999999995,1,1,1.0
49,7,1786.3,745.9,267.39999999999986,215.30000000000007,1,1,1.0
49,8,2010.9,241.8,173.4000000000001,401.49999999999994,1,1,1.0
49,9,1301.7,88.4,347.20000000000005,213.79999999999998,1,1,1.0
50,1,241.7,659.3,238.60000000000002,183.60000000000002,1,1,1.0
50,2,606.3,856.9,331.80000000000007,139.10000000000002,1,1,1.0
50,3,702.9,658.3,220.60000000000002,150.80000000000007,1,1,1.0
50,4,218.21,425.0,303.0899999999999,173.60000000000002,1,1,1.0
50,5,940.8,395.0,227.29999999999995,258.79999999999995,1,1,1.0
50,6,1344.4,781.2,341.5,216.79999999999995,1,1,1.0
50,7,1761.0,745.9,292.6999999999998,198.10000000000002,1,1,1.0
50,8,2031.7,232.8,152.60000000000014,389.7,1,1,1.0
50,9,1301.7,88.4,347.20000000000005,213.79999999999998,1,1,1.0
51,1,271.0,633.3,209.3,209.60000000000002,1,1,1.0
51,2,606.3,856.9,326.4000000000001,139.10000000000002,1,1,1.0
51,3,702.9,658.3,220.60000000000002,150.80000000000007,1,1,1.0
51,4,230.9,425.0,290.4,173.60000000000002,1,1,1.0
51,5,940.8,395.0,227.29999999999995,258.79999999999995,1,1,1.0
51,6,1383.5,751.3,306.29999999999995,263.6,1,1,1.0
51,7,1761.9,736.0,293.5999999999999,194.39999999999998,1,1,1.0
51,8,2031.7,195.7,152.60000000000014,426.8,1,1,1.0
51,9,1301.7,88.4,347.20000000000005,213.79999999999998,1,1,1.0
52,1,299.2,619.2,181.10000000000002,223.69999999999993,1,1,1.0
52,2,606.3,856.9,329.70000000000005,139.10000000000002,1,1,1.0
52,3,702.9,658.3,220.60000000000002,150.80000000000007,1,1,1.0
52,4,235.4,425.0,285.9,173.60000000000002,1,1,1.0
52,5,940.8,395.0,227.29999999999995,258.79999999999995,1,1,1.0
52,6,1383.5,759.1,306.29999999999995,315.69999999999993,1,1,1.0
52,7,1761.9,736.0,293.5999999999999,194.39999999999998,1,1,1.0
52,8,1980.2,294.3,204.10000000000014,328.2,1,1,1.0
52,9,1336.4,88.4,320.0999999999999,213.79999999999998,1,1,1.0
53,1,299.2,594.2,181.10000000000002,248.69999999999993,1,1,1.0
53,2,606.3,848.2,329.70000000000005,147.79999999999995,1,1,1.0
53,3,702.0,626.7,224.20000000000005,183.29999999999995,1,1,1.0
53,4,235.4,425.0,285.9,173.60000000000002,1,1,1.0
53,5,940.8,395.0,227.29999999999995,258.79999999999995,1,1,1.0
53,6,1396.5,769.5,281.5999999999999,305.29999999999995,1,1,1.0
53,7,1761.9,736.0,293.5999999999999,194.39999999999998,1,1,1.0
53,8,1975.7,376.6,253.79999999999995,236.0,1,1,1.0
53,9,1327.7,88.4,328.79999999999995,213.79999999999998,1,1,1.0
54,1,279.7,568.2,214.7,245.39999999999998,1,1,1.0
54,2,606.3,848.2,317.80000000000007,147.79999999999995,1,1,1.0
54,3,697.5,580.6,216.89999999999998,233.89999999999998,1,1,1.0
54,4,235.4,425.0,285.9,173.60000000000002,1,1,1.0
54,5,940.8,395.0,227.29999999999995,258.79999999999995,1,1,1.0
54,6,1396.5,790.3,281.5999999999999,284.5,1,1,1.0
54,7,1751.0,748.7,304.5,191.5999999999999,1,1,1.0
54,8,1970.3,363.0,229.39999999999986,249.60000000000002,1,1,1.0
54,9,1327.7,88.4,328.79999999999995,213.79999999999998,1,1,1.0
55,1,347.0,568.2,183.20000000000005,279.0,1,1,1.0
55,2,606.3,848.2,305.9000000000001,147.79999999999995,1,1,1.0
55,3,729.15,456.72,168.95000000000005,327.98,1,1,1.0
55,4,235.4,425.0,285.9,173.60000000000002,1,1,1.0
55,5,940.8,395.0,227.29999999999995,258.79999999999995,1,1,1.0
55,6,1396.5,770.8,281.5999999999999,289.9000000000001,1,1,1.0
55,7,1765.5,776.7,277.29999999999995,193.39999999999998,1,1,1.0
55,8,1991.1,390.1,221.30000000000018,205.29999999999995,1,1,1.0
55,9,1327.7,88.4,328.79999999999995,213.79999999999998,1,1,1.0
56,1,320.96,525.88,183.20000000000005,223.62,1,1,1.0
56,2,606.3,848.2,328.70000000000005,147.79999999999995,1,1,1.0
56,3,691.17,413.32,155.43000000000006,300.88000000000005,1,1,1.0
56,4,235.4,425.0,285.9,173.60000000000002,1,1,1.0
56,5,940.8,373.3,208.29999999999995,280.49999999999994,1,1,1.0
56,6,1396.5,755.2,270.70000000000005,311.79999999999995,1,1,1.0
56,7,1779.1,767.7,280.9000000000001,202.39999999999998,1,1,1.0
56,8,2040.8,359.4,176.10000000000014,266.70000000000005,1,1,1.0
56,9,1327.7,88.4,328.79999999999995,213.79999999999998,1,1,1.0
57,1,320.96,525.88,183.20000000000005,223.62,1,1,1.0
57,2,606.3,848.2,333.0,147.79999999999995,1,1,1.0
57,3,691.17,432.3,165.33000000000004,262.90000000000003,1,1,1.0
57,4,293.3,425.0,227.99999999999994,166.39999999999998,1,1,0.0
57,5,940.8,373.3,208.29999999999995,280.49999999999994,1,1,1.0
57,6,1396.5,755.2,273.5,321.70000000000005,1,1,1.0
57,7,1818.9,767.7,241.0999999999999,202.39999999999998,1,1,1.0
57,8,2000.2,324.1,183.20000000000005,395.1,1,1,1.0
57,9,1327.7,88.4,328.79999999999995,213.79999999999998,1,1,1.0
58,1,320.96,525.88,183.20000000000005,223.62,1,1,1.0
58,2,606.3,848.2,355.80000000000007,147.79999999999995,1,1,1.0
58,3,691.17,423.3,165.33000000000004,244.8,1,1,1.0
58,4,258.9,425.0,262.4,166.39999999999998,1,1,0.0
58,5,940.8,373.3,208.29999999999995,280.49999999999994,1,1,1.0
58,6,1343.1,802.1,335.0,290.19999999999993,1,1,1.0
58,7,1818.9,767.7,241.0999999999999,202.39999999999998,1,1,1.0
58,8,2000.2,317.8,183.20000000000005,401.40000000000003,1,1,1.0
58,9,1327.7,88.4,328.79999999999995,213.79999999999998,1,1,1.0
59,1,320.96,525.88,183.20000000000005,223.62,1,1,1.0
59,2,606.3,848.2,326.5,147.79999999999995,1,1,1.0
59,3,691.17,413.4,165.33000000000004,254.70000000000005,1,1,1.0
59,4,266.1,425.0,255.19999999999993,192.60000000000002,1,1,0.0
59,5,940.8,373.3,208.29999999999995,280.49999999999994,1,1,1.0
59,6,1321.0,802.1,357.0999999999999,264.9,1,1,1.0
59,7,1818.9,767.7,241.0999999999999,202.39999999999998,1,1,1.0
59,8,2000.2,317.8,183.20000000000005,379.7,1,1,1.0
59,9,1340.7,88.4,304.89999999999986,213.79999999999998,1,1,1.0
60,1,320.96,534.6,183.20000000000005,240.89999999999998,1,1,1.0
60,2,606.3,848.2,337.4000000000001,147.79999999999995,1,1,1.0
60,3,691.17,404.4,165.33000000000004,256.5,1,1,1.0
60,4,262.48,487.4,144.91999999999996,257.70000000000005,1,1,1.0
60,5,940.8,373.3,208.29999999999995,280.49999999999994,1,1,1.0
60,6,1295.0,802.1,384.0,291.9999999999999,1,1,1.0
60,7,1818.9,767.7,241.0999999999999,202.39999999999998,1,1,1.0
60,8,2000.2,317.8,183.20000000000005,371.59999999999997,1,1,1.0
60,9,1326.6,88.4,319.0,213.79999999999998,1,1,1.0
61,1,336.1,573.7,197.35000000000002,220.25,1,1,1.0
61,2,621.5,848.2,326.5,155.39999999999998,1,1,1.0
61,3,691.17,404.4,165.33000000000004,256.5,1,1,1.0
61,4,272.43,535.3,109.67000000000002,322.82000000000005,1,1,1.0
61,5,940.8,373.3,208.29999999999995,280.49999999999994,1,1,1.0
61,6,1371.8,802.1,310.79999999999995,273.9,1,1,1.0
61,7,1818.9,767.7,241.0999999999999,210.0,1,1,1.0
61,8,2000.2,317.8,191.29999999999995,352.59999999999997,1,1,1.0
61,9,1309.2,88.4,336.39999999999986,213.79999999999998,1,1,1.0
62,1,336.1,573.7,156.09999999999997,271.19999999999993,1,1,1.0
62,2,621.5,848.2,338.4,155.39999999999998,1,1,1.0
62,3,691.17,404.4,165.33000000000004,256.5,1,1,1.0
62,4,281.47,623.9,149.42999999999995,311.99,1,1,1.0
62,5,940.8,373.3,208.29999999999995,280.49999999999994,1,1,1.0
62,6,1371.8,802.1,306.29999999999995,264.9,1,1,1.0
62,7,1818.9,767.7,241.0999999999999,202.39999999999998,1,1,1.0
62,8,2000.2,317.8,202.20000000000005,353.49999999999994,1,1,1.0
62,9,1309.2,88.4,336.39999999999986,213.79999999999998,1,1,1.0
63,1,351.3,567.2,152.8,285.29999999999995,1,1,1.0
63,2,630.2,848.2,318.79999999999995,155.39999999999998,1,1,1.0
63,3,698.4,390.8,158.10000000000002,264.7,1,1,1.0
63,4,246.2,686.3,191.0,272.20000000000005,1,1,1.0
63,5,973.4,362.4,175.69999999999993,291.4,1,1,1.0
63,6,1371.8,820.3,321.9000000000001,198.5,1,1,1.0
63,7,1818.9,767.7,241.0999999999999,202.39999999999998,1,1,1.0
63,8,2000.2,317.8,182.29999999999995,347.2,1,1,1.0
63,9,1309.2,88.4,336.39999999999986,213.79999999999998,1,1,1.0
64,1,351.3,567.2,143.0,304.79999999999995,1,1,1.0
64,2,630.2,848.2,332.9,155.39999999999998,1,1,1.0
64,3,698.4,382.7,158.10000000000002,272.8,1,1,1.0
64,4,227.2,755.0,201.86,234.24,1,1,1.0
64,5,889.3,325.3,229.10000000000014,249.8,1,1,1.0
64,6,1371.8,820.3,340.10000000000014,198.5,1,1,1.0
64,7,1818.9,767.7,241.0999999999999,208.69999999999993,1,1,1.0
64,8,2000.2,334.1,182.29999999999995,326.4,1,1,1.0
64,9,1299.4,88.4,346.1999999999998,213.79999999999998,1,1,1.0
65,1,351.3,567.2,143.0,278.79999999999995,1,1,1.0
65,2,630.2,848.2,322.0,155.39999999999998,1,1,1.0
65,3,698.4,375.5,158.10000000000002,280.0,1,1,1.0
65,4,238.06,755.0,205.44,234.24,1,1,1.0
65,5,788.0,271.9,290.5999999999999,218.20000000000005,1,1,1.0
65,6,1370.5,750.0,323.20000000000005,277.9000000000001,1,1,1.0
65,7,1818.9,767.7,241.0999999999999,217.69999999999993,1,1,1.0
65,8,2000.2,334.1,182.29999999999995,341.79999999999995,1,1,1.0
65,9,1299.4,91.65,346.1999999999998,210.54999999999998,1,1,1.0
66,1,351.3,555.3,143.0,290.70000000000005,1,1,1.0
66,2,630.2,848.2,331.79999999999995,155.39999999999998,1,1,1.0
66,3,698.4,390.0,158.10000000000002,265.5,1,1,1.0
66,4,251.6,755.0,191.9,234.24,1,1,1.0
66,5,780.8,266.5,297.79999999999995,202.8,1,1,1.0
66,6,1399.1,707.0,277.70000000000005,335.20000000000005,1,1,1.0
66,7,1818.9,767.7,241.0999999999999,222.19999999999993,1,1,1.0
66,8,2000.2,334.1,182.29999999999995,355.4,1,1,1.0
66,9,1299.4,94.9,346.1999999999998,207.29999999999998,1,1,1.0
67,1,339.4,555.3,154.90000000000003,303.70000000000005,1,1,1.0
67,2,630.2,848.2,324.19999999999993,155.39999999999998,1,1,1.0
67,3,691.2,390.0,165.29999999999995,265.5,1,1,1.0
67,4,229.9,755.0,213.6,244.20000000000005,1,1,1.0
67,5,715.7,258.4,334.89999999999986,169.3,1,1,1.0
67,6,1399.1,739.6,277.70000000000005,322.1,1,1,1.0
67,7,1818.9,767.7,241.0999999999999,222.19999999999993,1,1,1.0
67,8,2000.2,334.1,182.29999999999995,339.1,1,1,1.0
67,9,1326.5,88.4,319.0999999999999,213.79999999999998,1,1,1.0
68,1,313.4,555.3,180.90000000000003,292.80000000000007,1,1,1.0
68,2,630.2,848.2,338.29999999999995,155.39999999999998,1,1,1.0
68,3,638.8,422.6,234.0,174.10000000000002,1,1,1.0
68,4,228.1,755.0,215.4,244.20000000000005,1,1,1.0
68,5,727.5,264.7,323.0999999999999,170.2,1,1,1.0
68,6,1399.1,697.9,277.70000000000005,363.80000000000007,1,1,1.0
68,7,1818.9,767.7,241.0999999999999,222.19999999999993,1,1,1.0
68,8,2000.2,334.1,182.29999999999995,333.69999999999993,1,1,1.0
68,9,1326.5,88.4,319.0999999999999,187.79999999999998,1,1,1.0
69,1,342.7,555.3,151.60000000000002,302.5,1,1,1.0
69,2,653.0,848.2,317.70000000000005,160.79999999999995,1,1,1.0
69,3,638.8,422.6,234.0,158.69999999999993,1,1,1.0
69,4,230.8,755.0,212.7,244.20000000000005,1,1,1.0
69,5,679.6,273.7,370.9999999999999,161.2,1,1,1.0
69,6,1399.1,697.9,277.70000000000005,352.1,1,1,1.0
69,7,1818.9,767.7,241.0999999999999,222.19999999999993,1,1,1.0
69,8,2000.2,334.1,182.29999999999995,317.4,1,1,1.0
69,9,1337.4,88.4,308.1999999999998,187.79999999999998,1,1,1.0
70,1,342.7,555.3,162.40000000000003,274.30000000000007,1,1,1.0
70,2,653.0,862.3,317.70000000000005,146.70000000000005,1,1,1.0
70,3,638.8,422.6,234.0,158.69999999999993,1,1,1.0
70,4,237.1,755.0,206.4,244.20000000000005,1,1,1.0
70,5,679.6,273.7,364.69999999999993,161.2,1,1,1.0
70,6,1399.1,704.4,277.70000000000005,345.6,1,1,1.0
70,7,1818.9,767.7,241.0999999999999,222.19999999999993,1,1,1.0
70,8,1991.2,334.1,191.29999999999995,321.0,1,1,1.0
70,9,1337.4,88.4,308.1999999999998,187.79999999999998,1,1,1.0
71,1,344.9,675.7,217.70000000000005,177.79999999999995,1,1,1.0
71,2,647.6,862.3,324.19999999999993,146.70000000000005,1,1,1.0
71,3,638.8,422.6,234.0,158.69999999999993,1,1,1.0
71,4,275.1,738.7,168.39999999999998,260.5,1,1,1.0
71,5,730.2,283.6,314.0999999999999,151.29999999999995,1,1,1.0
71,6,1357.4,759.1,319.39999999999986,290.9,1,1,1.0
71,7,1818.9,767.7,241.0999999999999,222.19999999999993,1,1,1.0
71,8,1985.8,334.1,203.00000000000023,292.1,1,1,1.0
71,9,1337.4,88.4,308.1999999999998,187.79999999999998,1,1,1.0
72,1,368.8,614.9,280.59999999999997,219.10000000000002,1,1,1.0
72,2,636.7,862.3,305.79999999999995,146.70000000000005,1,1,1.0
72,3,638.8,422.6,234.0,158.69999999999993,1,1,1.0
72,4,315.8,775.8,182.0,233.30000000000007,1,1,1.0
72,5,704.9,303.5,339.4,146.8,1,1,1.0
72,6,1367.82,756.5,319.4000000000001,319.5,1,1,1.0
72,7,1790.0,767.7,265.5,228.5,1,1,1.0
72,8,2003.9,334.1,186.69999999999982,284.9,1,1,1.0
72,9,1337.4,88.4,308.1999999999998,187.79999999999998,1,1,1.0
73,1,588.0,668.1,327.24,172.40999999999997,1,1,1.0
73,2,653.0,869.9,303.6,146.70000000000005,1,1,1.0
73,3,611.7,422.6,261.0999999999999,158.69999999999993,1,1,1.0
73,4,292.3,808.4,223.59999999999997,164.5,1,1,1.0
73,5,713.9,285.4,330.4,154.0,1,1,1.0
73,6,1339.2,756.5,335.0,307.79999999999995,1,1,1.0
73,7,1782.8,742.4,274.5000000000002,258.30000000000007,1,1,1.0
73,8,1998.5,334.1,192.0999999999999,292.1,1,1,1.0
73,9,1327.6,88.4,318.0,187.79999999999998,1,1,1.0
74,1,654.2,677.9,279.49,162.61,1,1,1.0
74,2,681.2,846.0,279.69999999999993,155.39999999999998,1,1,1.0
74,3,643.3,422.6,229.5,158.69999999999993,1,1,1.0
74,4,324.9,747.8,222.60000000000002,188.9000000000001,1,1,1.0
74,5,732.9,285.4,311.4,154.0,1,1,1.0
74,6,1369.1,752.6,341.60000000000014,292.19999999999993,1,1,1.0
74,7,1773.8,765.9,284.39999999999986,234.80000000000007,1,1,1.0
74,8,1998.5,334.1,192.0999999999999,323.69999999999993,1,1,1.0
74,9,1350.4,88.4,295.1999999999998,187.79999999999998,1,1,1.0
75,1,654.2,677.9,283.79999999999995,170.20000000000005,1,1,1.0
75,2,687.7,846.0,273.19999999999993,155.39999999999998,1,1,1.0
75,3,633.4,422.6,239.39999999999998,158.69999999999993,1,1,1.0
75,4,383.7,658.3,162.00000000000006,288.30000000000007,1,1,1.0
75,5,729.3,285.4,315.0,154.0,1,1,1.0
75,6,1369.1,752.6,359.8000000000002,257.0,1,1,1.0
75,7,1747.6,763.2,321.5,218.5,1,1,1.0
75,8,1998.5,334.1,192.0999999999999,311.0,1,1,1.0
75,9,1350.4,88.4,295.1999999999998,191.1,1,1,1.0
76,1,661.8,684.4,276.20000000000005,163.70000000000005,1,1,1.0
76,2,687.7,846.0,264.5,155.39999999999998,1,1,1.0
76,3,649.7,393.7,223.0999999999999,187.59999999999997,1,1,1.0
76,4,400.0,658.3,175.5,288.30000000000007,1,1,1.0
76,5,729.3,285.4,315.0,154.0,1,1,1.0
76,6,1314.4,537.8,395.0,471.80000000000007,1,1,1.0
76,7,1741.3,784.0,374.79999999999995,176.0,1,1,1.0
76,8,1998.5,334.1,192.0999999999999,335.4,1,1,1.0
76,9,1337.4,88.4,308.1999999999998,191.1,1,1,1.0
77,1,661.8,684.4,276.20000000000005,163.70000000000005,1,1,1.0
77,2,687.7,855.8,268.79999999999995,145.60000000000002,1,1,1.0
77,3,569.2,424.4,290.9,162.30000000000007,1,1,1.0
77,4,404.5,658.3,171.0,302.80000000000007,1,1,1.0
77,5,722.1,285.4,322.19999999999993,154.0,1,1,1.0
77,6,1358.7,755.2,379.29999999999995,254.39999999999998,1,1,1.0
77,7,1763.9,756.9,325.0999999999999,185.0,1,1,1.0
77,8,1998.5,334.1,192.0999999999999,365.19999999999993,1,1,1.0
77,9,1337.4,88.4,308.1999999999998,191.1,1,1,1.0
78,1,661.8,684.4,276.20000000000005,163.70000000000005,1,1,1.0
78,2,687.7,855.8,268.79999999999995,149.9000000000001,1,1,1.0
78,3,581.9,424.4,294.5,150.5,1,1,1.0
78,4,404.5,658.3,176.39999999999998,302.80000000000007,1,1,1.0
78,5,722.1,285.4,322.19999999999993,154.0,1,1,1.0
78,6,1370.4,724.0,350.6999999999998,260.9,1,1,1.0
78,7,1750.3,756.0,349.60000000000014,194.0,1,1,1.0
78,8,1998.5,334.1,182.19999999999982,344.4,1,1,1.0
78,9,1320.0,101.4,325.5999999999999,178.1,1,1,1.0
79,1,681.3,684.4,238.30000000000007,153.89999999999998,1,1,1.0
79,2,706.1,855.8,250.39999999999998,149.9000000000001,1,1,1.0
79,3,554.8,455.1,256.5,145.10000000000002,1,1,1.0
79,4,404.5,658.3,176.39999999999998,302.80000000000007,1,1,1.0
79,5,722.1,285.4,322.19999999999993,154.0,1,1,1.0
79,6,1370.4,766.5,341.6999999999998,202.10000000000002,1,1,1.0
79,7,1758.4,746.1,309.9000000000001,184.89999999999998,1,1,1.0
79,8,1998.5,334.1,182.19999999999982,309.1,1,1,1.0
79,9,1320.0,101.4,325.5999999999999,178.1,1,1,1.0
80,1,681.3,684.4,238.30000000000007,153.89999999999998,1,1,1.0
80,2,711.5,855.8,246.10000000000002,149.9000000000001,1,1,1.0
80,3,554.8,446.1,233.0,154.10000000000002,1,1,1.0
80,4,390.0,658.3,190.89999999999998,302.80000000000007,1,1,1.0
80,5,722.1,285.4,322.19999999999993,154.0,1,1,1.0
80,6,1359.5,779.2,352.5999999999999,189.39999999999998,1,1,1.0
80,7,1776.5,746.1,291.8000000000002,196.69999999999993,1,1,1.0
80,8,1998.5,334.1,182.19999999999982,325.4,1,1,1.0
80,9,1320.0,101.4,325.5999999999999,192.20000000000002,1,1,1.0
81,1,681.3,684.4,238.30000000000007,153.89999999999998,1,1,1.0
81,2,721.3,855.8,250.4000000000001,149.9000000000001,1,1,1.0
81,3,527.7,446.1,260.0999999999999,165.89999999999998,1,1,1.0
81,4,390.0,605.9,148.39999999999998,341.6,1,1,1.0
81,5,722.1,285.4,322.19999999999993,154.0,1,1,1.0
81,6,1359.5,779.2,334.5,197.5,1,1,1.0
81,7,1744.9,720.8,327.0,203.0,1,1,1.0
81,8,1998.5,334.1,189.4000000000001,341.69999999999993,1,1,1.0
81,9,1320.0,101.4,325.5999999999999,192.20000000000002,1,1,1.0
82,1,681.3,684.4,238.30000000000007,153.89999999999998,1,1,1.0
82,2,712.6,855.8,239.60000000000002,149.9000000000001,1,1,1.0
82,3,516.8,409.0,228.5,235.60000000000002,1,1,1.0
82,4,344.79,586.01,186.41000000000003,284.59000000000003,1,1,1.0
82,5,722.1,285.4,322.19999999999993,154.0,1,1,1.0
82,6,1377.6,779.2,316.4000000000001,202.89999999999998,1,1,1.0
82,7,1677.99,629.47,248.30999999999995,292.53,1,1,1.0
82,8,1998.5,337.7,189.4000000000001,383.3,1,1,1.0
82,9,1320.0,101.4,325.5999999999999,192.20000000000002,1,1,1.0
83,1,681.3,684.4,238.30000000000007,153.89999999999998,1,1,1.0
83,2,712.6,855.8,235.29999999999995,149.9000000000001,1,1,1.0
83,3,518.6,409.0,226.69999999999993,262.70000000000005,1,1,1.0
83,4,344.8,570.6,179.2,234.0,1,1,1.0
83,5,716.7,285.4,327.5999999999999,154.0,1,1,1.0
83,6,1364.0,779.2,330.0,202.89999999999998,1,1,1.0
83,7,1650.86,582.45,251.0400000000002,309.75,1,1,1.0
83,8,1998.5,337.7,199.30000000000018,394.2,1,1,1.0
83,9,1320.0,101.4,325.5999999999999,192.20000000000002,1,1,1.0
84,1,681.3,659.4,238.30000000000007,178.89999999999998,1,1,1.0
84,2,710.4,852.5,304.80000000000007,153.20000000000005,1,1,1.0
84,3,528.5,421.7,202.29999999999995,258.09999999999997,1,1,1.0
84,4,339.4,565.2,170.10000000000002,229.5,1,1,1.0
84,5,716.7,285.4,327.5999999999999,154.0,1,1,1.0
84,6,1364.0,773.8,330.0,208.30000000000007,1,1,1.0
84,7,1650.86,582.45,251.0400000000002,309.75,1,1,1.0
84,8,1998.5,346.7,202.9000000000001,378.00000000000006,1,1,1.0
84,9,1320.0,101.4,325.5999999999999,192.20000000000002,1,1,1.0
85,1,723.6,566.1,184.10000000000002,287.4,1,1,1.0
85,2,707.2,828.6,277.5999999999999,177.10000000000002,1,1,1.0
85,3,538.4,420.8,179.70000000000005,340.40000000000003,1,1,1.0
85,4,315.0,526.3,194.5,268.4000000000001,1,1,1.0
85,5,716.7,285.4,327.5999999999999,154.0,1,1,1.0
85,6,1364.0,773.8,321.0,208.30000000000007,1,1,1.0
85,7,1650.0,600.5,242.0,275.4,1,1,1.0
85,8,1998.5,346.7,202.9000000000001,378.00000000000006,1,1,1.0
85,9,1320.0,101.4,325.5999999999999,192.20000000000002,1,1,1.0
86,1,649.82,503.17,213.38,280.93,1,1,1.0
86,2,707.2,828.6,249.39999999999998,177.10000000000002,1,1,1.0
86,3,537.5,523.0,147.10000000000002,311.4,1,1,1.0
86,4,235.4,514.5,247.9,254.0,1,1,1.0
86,5,716.7,285.4,327.5999999999999,154.0,1,1,1.0
86,6,1343.2,773.8,353.5999999999999,208.30000000000007,1,1,1.0
86,7,1641.9,563.4,253.69999999999982,311.6,1,1,1.0
86,8,1998.5,346.7,202.9000000000001,378.00000000000006,1,1,1.0
86,9,1320.0,101.4,325.5999999999999,192.20000000000002,1,1,1.0
87,1,632.45,429.38,193.8499999999999,300.41999999999996,1,1,1.0
87,2,699.6,828.6,257.0,177.10000000000002,1,1,1.0
87,3,449.79,670.4,204.10999999999996,193.84000000000003,1,1,1.0
87,4,235.4,514.5,239.79999999999998,239.5,1,1,1.0
87,5,733.9,285.4,310.4,154.0,1,1,1.0
87,6,1350.4,773.8,346.39999999999986,208.30000000000007,1,1,1.0
87,7,1643.7,576.1,242.89999999999986,307.9,1,1,1.0
87,8,2053.7,346.7,147.70000000000027,386.09999999999997,1,1,1.0
87,9,1320.0,101.4,325.5999999999999,192.20000000000002,1,1,1.0
88,1,560.84,409.85,261.15999999999997,213.64999999999998,1,1,1.0
88,2,699.6,828.6,254.79999999999995,177.10000000000002,1,1,1.0
88,3,411.8,693.0,210.49999999999994,164.89999999999998,1,1,1.0
88,4,235.4,514.5,239.79999999999998,239.5,1,1,1.0
88,5,733.9,285.4,310.4,154.0,1,1,1.0
88,6,1326.0,773.8,370.79999999999995,202.9000000000001,1,1,1.0
88,7,1643.7,585.1,242.89999999999986,298.9,1,1,1.0
88,8,2054.6,386.5,146.80000000000018,346.29999999999995,1,1,1.0
88,9,1320.0,101.4,325.5999999999999,192.20000000000002,1,1,1.0
89,1,507.7,450.0,296.90000000000003,154.0,1,1,1.0
89,2,699.6,810.2,248.29999999999995,195.5,1,1,1.0
89,3,411.8,693.0,210.49999999999994,173.89999999999998,1,1,1.0
89,4,235.4,514.5,239.79999999999998,239.5,1,1,1.0
89,5,733.9,285.4,310.4,154.0,1,1,1.0
89,6,1326.0,773.8,370.79999999999995,201.10000000000002,1,1,1.0
89,7,1643.7,585.1,242.89999999999986,298.9,1,1,1.0
89,8,2017.5,386.5,183.9000000000001,340.9,1,1,1.0
89,9,1320.0,101.4,325.5999999999999,192.20000000000002,1,1,1.0
90,1,502.3,438.1,254.59999999999997,181.10000000000002,1,1,1.0
90,2,786.4,683.2,157.20000000000005,334.4,1,1,1.0
90,3,462.4,641.5,166.20000000000005,260.70000000000005,1,1,1.0
90,4,301.4,500.9,147.60000000000002,201.60000000000002,1,1,0.0
90,5,733.9,285.4,310.4,154.0,1,1,1.0
90,6,1326.0,773.8,370.79999999999995,199.30000000000007,1,1,1.0
90,7,1643.7,585.1,242.89999999999986,298.9,1,1,1.0
90,8,2009.4,409.1,181.0999999999999,367.1,1,1,1.0
90,9,1320.0,101.4,325.5999999999999,192.20000000000002,1,1,1.0
91,1,537.0,415.3,202.5,201.7,1,1,1.0
91,2,747.34,609.42,173.45999999999992,354.98,1,1,1.0
91,3,480.5,636.07,159.85000000000002,260.69999999999993,1,1,1.0
91,4,301.4,500.9,140.40000000000003,145.5,1,1,0.0
91,5,733.9,285.4,310.4,154.0,1,1,1.0
91,6,1326.0,779.2,370.79999999999995,191.0999999999999,1,1,1.0
91,7,1643.7,585.1,235.70000000000005,298.9,1,1,1.0
91,8,2009.4,409.1,181.0999999999999,352.6,1,1,1.0
91,9,1320.0,101.4,325.5999999999999,192.20000000000002,1,1,1.0
92,1,545.7,380.6,189.5,249.39999999999998,1,1,1.0
92,2,697.42,418.44,177.7800000000001,306.16,1,1,1.0
92,3,530.2,777.1,292.80999999999995,189.29999999999995,1,1,1.0
92,4,301.4,500.9,135.0,131.0,1,1,0.0
92,5,733.9,285.4,310.4,154.0,1,1,1.0
92,6,1335.0,784.7,361.79999999999995,186.5,1,1,1.0
92,7,1643.7,540.8,235.70000000000005,343.20000000000005,1,1,1.0
92,8,2053.7,399.2,136.80000000000018,379.7,1,1,1.0
92,9,1344.9,88.4,279.0,205.20000000000002,1,1,1.0
93,1,545.7,402.3,189.5,227.7,1,1,1.0
93,2,669.2,435.8,206.0,273.59999999999997,1,1,1.0
93,3,567.3,806.9,333.5,157.70000000000005,1,1,1.0
93,4,301.4,500.9,140.40000000000003,116.5,1,1,0.0
93,5,733.9,285.4,310.4,154.0,1,1,1.0
93,6,1344.9,784.7,351.89999999999986,186.5,1,1,1.0
93,7,1643.7,540.8,235.70000000000005,351.30000000000007,1,1,1.0
93,8,2053.7,404.6,136.80000000000018,374.29999999999995,1,1,1.0
93,9,1344.9,88.4,276.79999999999995,205.20000000000002,1,1,1.0
94,1,545.7,424.0,189.5,206.0,1,1,1.0
94,2,592.16,330.55,270.0400000000001,259.45,1,1,1.0
94,3,619.7,814.1,304.5999999999999,152.29999999999995,1,1,1.0
94,4,301.4,500.9,140.40000000000003,116.5,1,1,0.0
94,5,733.9,285.4,310.4,154.0,1,1,1.0
94,6,1335.9,779.3,360.89999999999986,191.9000000000001,1,1,1.0
94,7,1643.7,562.5,244.70000000000005,329.6,1,1,1.0
94,8,2053.7,404.6,145.80000000000018,407.79999999999995,1,1,1.0
94,9,1344.9,88.4,276.79999999999995,205.20000000000002,1,1,1.0
95,1,521.8,398.0,174.30000000000007,276.5,1,1,1.0
95,2,421.8,296.91,311.3,138.98999999999995,1,1,1.0
95,3,619.7,814.1,301.9,152.29999999999995,1,1,1.0
95,4,252.6,491.0,239.79999999999998,121.0,1,1,1.0
95,5,724.9,285.4,319.4,154.0,1,1,1.0
95,6,1326.9,779.3,369.89999999999986,191.9000000000001,1,1,1.0
95,7,1643.7,601.4,258.29999999999995,290.70000000000005,1,1,1.0
95,8,2053.7,404.6,145.80000000000018,423.19999999999993,1,1,1.0
95,9,1344.9,88.4,276.79999999999995,205.20000000000002,1,1,1.0
96,1,521.8,413.2,154.80000000000007,291.7,1,1,1.0
96,2,421.8,296.91,294.99999999999994,138.98999999999995,1,1,1.0
96,3,628.7,814.1,293.79999999999995,166.79999999999995,1,1,1.0
96,4,256.22,522.6,194.57999999999998,285.62,1,1,1.0
96,5,706.8,279.1,337.5,160.29999999999995,1,1,1.0
96,6,1345.0,779.3,351.79999999999995,191.9000000000001,1,1,1.0
96,7,1643.7,601.4,258.29999999999995,290.70000000000005,1,1,1.0
96,8,2053.7,404.6,153.0,434.1,1,1,1.0
96,9,1344.9,88.4,311.5,205.20000000000002,1,1,1.0
97,1,515.3,413.2,161.30000000000007,293.90000000000003,1,1,1.0
97,2,459.8,338.1,221.2,151.0,1,1,1.0
97,3,618.8,814.1,303.70000000000005,166.79999999999995,1,1,1.0
97,4,274.3,534.4,176.5,309.1,1,1,1.0
97,5,706.8,279.1,337.5,160.29999999999995,1,1,1.0
97,6,1345.0,779.3,351.79999999999995,191.9000000000001,1,1,1.0
97,7,1650.9,527.3,224.89999999999986,364.80000000000007,1,1,1.0
97,8,2053.7,404.6,153.0,414.19999999999993,1,1,1.0
97,9,1325.4,88.4,331.0,205.20000000000002,1,1,1.0
98,1,511.0,413.2,165.60000000000002,303.7,1,1,1.0
98,2,425.08,372.8,158.21999999999997,113.0,1,1,0.0
98,3,618.8,814.1,303.70000000000005,166.79999999999995,1,1,1.0
98,4,278.82,614.0,177.38,317.21000000000004,1,1,1.0
98,5,706.8,279.1,337.5,160.29999999999995,1,1,1.0
98,6,1345.0,779.3,351.79999999999995,191.9000000000001,1,1,1.0
98,7,1650.9,527.3,223.0999999999999,285.20000000000005,1,1,1.0
98,8,2053.7,404.6,158.4000000000001,343.69999999999993,1,1,1.0
98,9,1325.4,100.3,331.0,193.3,1,1,1.0
99,1,504.5,413.2,172.10000000000002,317.8,1,1,1.0
99,2,462.0,398.4,56.5,55.0,1,1,0.0
99,3,618.8,814.1,313.6,166.79999999999995,1,1,1.0
99,4,274.3,664.6,190.0,278.4,1,1,1.0
99,5,706.8,279.1,337.5,160.29999999999995,1,1,1.0
99,6,1345.0,779.3,351.79999999999995,191.9000000000001,1,1,1.0
99,7,1598.5,488.42,286.4000000000001,281.58,1,1,1.0
99,8,2053.7,404.6,158.4000000000001,359.1,1,1,1.0
99,9,1325.4,100.3,326.6999999999998,193.3,1,1,1.0
100,1,504.5,425.1,172.10000000000002,305.9,1,1,1.0
100,2,273.62,501.6,139.38,75.38,1,1,0.0
100,3,618.8,814.1,303.70000000000005,166.79999999999995,1,1,1.0
100,4,247.2,708.0,207.2,253.10000000000002,1,1,1.0
100,5,706.8,279.1,337.5,160.29999999999995,1,1,1.0
100,6,1345.0,779.3,351.79999999999995,191.9000000000001,1,1,1.0
100,7,978.2,442.7,352.70000000000005,139.40000000000003,1,1,1.0
100,8,2053.7,404.6,158.4000000000001,359.1,1,1,1.0
100,9,1325.4,100.3,322.29999999999995,193.3,1,1,1.0
101,1,476.3,425.1,200.3,292.9,1,1,1.0
101,2,278.14,503.9,139.36,83.63,1,1,0.0
101,3,618.8,814.1,303.70000000000005,166.79999999999995,1,1,1.0
101,4,234.5,721.6,226.2,248.5,1,1,1.0
101,5,706.8,279.1,337.5,160.29999999999995,1,1,1.0
101,6,1345.0,779.3,351.79999999999995,191.9000000000001,1,1,1.0
101,7,879.46,424.3,278.94000000000005,184.93,1,1,1.0
101,8,2033.8,439.9,194.60000000000014,284.0,1,1,1.0
101,9,1325.4,100.3,315.79999999999995,193.3,1,1,1.0
102,1,441.6,548.8,211.10000000000002,211.5,1,1,1.0
102,2,266.08,506.2,153.72000000000003,155.93,1,1,1.0
102,3,618.8,814.1,303.70000000000005,166.79999999999995,1,1,1.0
102,4,234.5,721.6,226.2,248.5,1,1,1.0
102,5,706.8,279.1,337.5,160.29999999999995,1,1,1.0
102,6,1351.3,779.3,345.5,198.20000000000005,1,1,1.0
102,7,897.9,424.3,260.5000000000001,228.3,1,1,1.0
102,8,1971.4,501.4,271.5,252.30000000000007,1,1,1.0
102,9,1325.4,100.3,311.5,193.3,1,1,1.0
103,1,441.6,575.9,198.10000000000002,193.10000000000002,1,1,1.0
103,2,276.6,506.2,143.2,213.2,1,1,1.0
103,3,608.9,814.1,313.6,166.79999999999995,1,1,1.0
103,4,249.0,721.6,211.7,248.5,1,1,1.0
103,5,706.8,279.1,337.5,160.29999999999995,1,1,1.0
103,6,1351.3,779.3,345.5,198.20000000000005,1,1,1.0
103,7,918.5,424.3,239.9000000000001,240.2,1,1,1.0
103,8,1971.4,544.8,289.5999999999999,179.10000000000002,1,1,1.0
103,9,1343.8,100.3,289.79999999999995,193.3,1,1,1.0
104,1,441.6,583.5,194.79999999999995,185.5,1,1,1.0
104,2,288.7,506.2,131.10000000000002,238.8,1,1,1.0
104,3,608.9,814.1,295.5,166.79999999999995,1,1,1.0
104,4,259.9,771.3,275.9,149.10000000000002,1,1,1.0
104,5,706.8,279.1,337.5,160.29999999999995,1,1,1.0
104,6,1351.3,779.3,330.10000000000014,198.20000000000005,1,1,1.0
104,7,889.2,424.3,269.20000000000005,224.99999999999994,1,1,1.0
104,8,1971.4,556.6,307.6999999999998,182.69999999999993,1,1,1.0
104,9,1341.7,100.3,285.39999999999986,202.0,1,1,1.0
105,1,441.6,574.8,198.10000000000002,194.20000000000005,1,1,1.0
105,2,286.4,523.5,177.86,257.66999999999996,1,1,1.0
105,3,610.7,814.1,287.4,166.79999999999995,1,1,1.0
105,4,229.0,699.72,249.5,226.67999999999995,1,1,1.0
105,5,724.0,270.1,320.29999999999995,169.29999999999995,1,1,1.0
105,6,1367.6,779.3,305.70000000000005,191.9000000000001,1,1,1.0
105,7,889.2,441.7,248.5999999999999,207.59999999999997,1,1,1.0
105,8,1971.4,569.3,307.6999999999998,180.9000000000001,1,1,1.0
105,9,1343.8,100.3,287.60000000000014,202.0,1,1,1.0
106,1,441.6,579.1,191.60000000000002,189.89999999999998,1,1,1.0
106,2,315.79,593.58,177.84999999999997,257.66999999999996,1,1,1.0
106,3,620.6,814.1,294.69999999999993,166.79999999999995,1,1,1.0
106,4,230.5,668.7,213.3,266.69999999999993,1,1,1.0
106,5,731.2,246.6,313.0999999999999,198.20000000000002,1,1,1.0
106,6,1367.6,779.3,305.70000000000005,191.9000000000001,1,1,1.0
106,7,897.9,453.6,246.39999999999998,250.0,1,1,1.0
106,8,1871.0,554.83,340.3000000000002,180.87,1,1,1.0
106,9,1346.0,100.3,284.9000000000001,196.0,1,1,1.0
107,1,441.6,579.1,191.60000000000002,189.89999999999998,1,1,1.0
107,2,345.2,595.8,159.75,294.63,1,1,1.0
107,3,620.6,814.1,294.69999999999993,166.79999999999995,1,1,1.0
107,4,252.2,562.86,119.30000000000001,290.24,1,1,1.0
107,5,731.2,246.6,313.0999999999999,198.20000000000002,1,1,1.0
107,6,1356.7,779.3,322.0,191.9000000000001,1,1,1.0
107,7,908.7,429.7,217.20000000000005,286.90000000000003,1,1,1.0
107,8,1725.42,533.13,371.0799999999999,178.16999999999996,1,1,1.0
107,9,1348.2,100.3,282.20000000000005,224.8,1,1,1.0
108,1,402.5,579.1,230.70000000000005,192.10000000000002,1,1,1.0
108,2,370.1,677.2,140.88,282.54999999999995,1,1,1.0
108,3,620.6,814.1,298.29999999999995,166.79999999999995,1,1,1.0
108,4,273.9,496.85,138.3,262.25,1,1,1.0
108,5,731.2,246.6,313.0999999999999,198.20000000000002,1,1,1.0
108,6,1378.4,779.3,294.89999999999986,191.9000000000001,1,1,1.0
108,7,909.8,429.7,216.10000000000014,263.00000000000006,1,1,1.0
108,8,1641.33,522.28,393.6700000000001,178.17000000000007,1,1,1.0
108,9,1330.8,100.3,318.0,194.39999999999998,1,1,1.0
109,1,402.5,554.1,206.79999999999995,238.79999999999995,1,1,1.0
109,2,359.6,678.0,152.09999999999997,302.1,1,1,1.0
109,3,626.0,814.1,292.9,166.79999999999995,1,1,1.0
109,4,270.29,504.08,138.28999999999996,208.92000000000002,1,1,1.0
109,5,731.2,246.6,313.0999999999999,198.20000000000002,1,1,1.0
109,6,1369.4,779.3,303.89999999999986,191.9000000000001,1,1,1.0
109,7,901.1,441.6,190.10000000000002,273.9,1,1,1.0
109,8,1372.77,475.26,393.68000000000006,211.64,1,1,1.0
109,9,1301.5,100.3,347.29999999999995,183.5,1,1,1.0
110,1,394.9,554.1,207.35000000000002,247.5,1,1,1.0
110,2,359.6,678.0,176.19999999999993,293.79999999999995,1,1,1.0
110,3,626.0,814.1,292.9,166.79999999999995,1,1,1.0
110,4,276.62,505.44,138.29000000000002,203.06,1,1,1.0
110,5,705.0,273.7,339.29999999999995,171.10000000000002,1,1,1.0
110,6,1346.8,774.8,326.5,196.4000000000001,1,1,1.0
110,7,884.8,464.4,173.79999999999995,303.20000000000005,1,1,1.0
110,8,1040.92,356.81,248.98000000000002,227.89000000000004,1,1,1.0
110,9,1301.5,100.3,347.29999999999995,183.5,1,1,1.0
111,1,387.3,554.1,207.90000000000003,256.19999999999993,1,1,1.0
111,2,359.6,678.0,176.19999999999993,277.20000000000005,1,1,1.0
111,3,626.0,814.1,292.9,166.79999999999995,1,1,1.0
111,4,282.95,506.8,138.29000000000002,197.2,1,1,0.0
111,5,705.0,282.4,339.29999999999995,162.40000000000003,1,1,1.0
111,6,1335.0,774.8,341.9000000000001,196.4000000000001,1,1,1.0
111,7,881.5,500.2,155.4000000000001,324.90000000000003,1,1,1.0
111,8,921.56,368.56,335.74,155.54000000000002,1,1,1.0
111,9,1301.5,100.3,347.29999999999995,183.5,1,1,1.0
112,1,387.3,543.2,207.90000000000003,267.0999999999999,1,1,1.0
112,2,365.6,678.0,170.19999999999993,293.79999999999995,1,1,1.0
112,3,626.0,814.1,273.0,166.79999999999995,1,1,1.0
112,4,302.8,506.8,105.80000000000001,138.40000000000003,1,1,0.0
112,5,705.0,286.7,339.29999999999995,158.10000000000002,1,1,1.0
112,6,1347.7,774.8,329.20000000000005,196.4000000000001,1,1,1.0
112,7,863.05,566.39,155.4000000000001,345.51,1,1,1.0
112,8,815.77,392.1,318.53,155.51,1,1,1.0
112,9,1301.5,100.3,347.29999999999995,183.5,1,1,1.0
113,1,393.8,541.1,201.40000000000003,250.79999999999995,1,1,1.0
113,2,358.1,678.0,170.89999999999998,302.79999999999995,1,1,1.0
113,3,626.0,814.1,273.0,172.19999999999993,1,1,1.0
113,4,302.8,506.8,113.89999999999998,131.2,1,1,0.0
113,5,705.0,293.2,339.29999999999995,151.60000000000002,1,1,1.0
113,6,1363.1,774.8,313.8000000000002,196.4000000000001,1,1,1.0
113,7,863.05,646.9,146.35000000000002,293.6,1,1,1.0
113,8,790.45,407.5,308.54999999999995,178.99,1,1,1.0
113,9,1301.5,100.3,347.29999999999995,183.5,1,1,1.0
114,1,393.8,536.7,201.40000000000003,255.19999999999993,1,1,1.0
114,2,376.2,757.1,250.8,240.29999999999995,1,1,1.0
114,3,626.0,814.1,280.20000000000005,172.19999999999993,1,1,1.0
114,4,302.8,506.8,120.19999999999999,125.80000000000001,1,1,0.0
114,5,705.0,273.7,323.9000000000001,167.5,1,1,1.0
114,6,1363.1,774.8,313.8000000000002,201.80000000000007,1,1,1.0
114,7,863.05,646.9,146.35000000000002,298.1,1,1,1.0
114,8,767.84,439.1,266.06000000000006,208.88,1,1,1.0
114,9,1301.5,100.3,347.29999999999995,183.5,1,1,1.0
115,1,393.8,537.8,201.40000000000003,254.10000000000002,1,1,1.0
115,2,450.8,867.9,302.8,139.30000000000007,1,1,1.0
115,3,626.0,814.1,270.29999999999995,172.19999999999993,1,1,1.0
115,4,302.8,506.8,114.80000000000001,127.59999999999997,1,1,0.0
115,5,705.0,263.8,323.9000000000001,157.5,1,1,1.0
115,6,1363.1,774.8,302.0,210.80000000000007,1,1,1.0
115,7,875.7,694.8,140.89999999999998,279.1,1,1,1.0
115,8,766.0,440.9,219.10000000000002,270.4,1,1,1.0
115,9,1301.5,100.3,347.29999999999995,183.5,1,1,1.0
116,1,393.8,544.3,201.40000000000003,256.30000000000007,1,1,1.0
116,2,514.09,879.2,339.7099999999999,131.76999999999998,1,1,1.0
116,3,626.0,814.1,264.0,172.19999999999993,1,1,1.0
116,4,302.8,506.8,114.80000000000001,127.59999999999997,1,1,0.0
116,5,692.3,267.4,336.60000000000014,153.90000000000003,1,1,1.0
116,6,1371.2,774.8,293.89999999999986,210.80000000000007,1,1,1.0
116,7,875.7,694.8,140.89999999999998,279.1,1,1,1.0
116,8,756.96,440.9,201.03999999999996,309.28,1,1,1.0
116,9,1315.6,93.8,333.20000000000005,207.39999999999998,1,1,1.0
117,1,393.8,539.96,201.40000000000003,270.43999999999994,1,1,1.0
117,2,529.9,880.7,323.9,130.26999999999998,1,1,1.0
117,3,626.0,814.1,279.4,172.19999999999993,1,1,1.0
117,4,302.8,506.8,118.39999999999998,128.49999999999994,1,1,0.0
117,5,705.9,267.4,330.19999999999993,179.20000000000005,1,1,1.0
117,6,1371.2,774.8,293.89999999999986,210.80000000000007,1,1,1.0
117,7,875.7,694.8,140.89999999999998,279.1,1,1,1.0
117,8,740.68,502.39,217.32000000000005,268.61,1,1,1.0
117,9,1329.7,93.8,319.0999999999999,207.39999999999998,1,1,1.0
118,1,393.8,539.96,201.40000000000003,270.43999999999994,1,1,1.0
118,2,529.9,880.7,342.70000000000005,130.26999999999998,1,1,1.0
118,3,617.9,814.1,282.1,172.19999999999993,1,1,1.0
118,4,302.8,491.4,127.39999999999998,176.5,1,1,0.0
118,5,705.9,267.4,330.19999999999993,184.60000000000002,1,1,1.0
118,6,1371.2,774.8,293.89999999999986,210.80000000000007,1,1,1.0
118,7,875.7,694.8,140.89999999999998,279.1,1,1,1.0
118,8,706.3,538.6,323.10000000000014,180.0,1,1,1.0
118,9,1329.7,93.8,319.0999999999999,207.39999999999998,1,1,1.0
119,1,393.8,539.96,201.40000000000003,270.43999999999994,1,1,1.0
119,2,529.9,880.7,280.9,130.26999999999998,1,1,1.0
119,3,617.9,814.1,301.1,172.19999999999993,1,1,1.0
119,4,303.7,478.7,211.50000000000006,157.59999999999997,1,1,0.0
119,5,734.83,275.54,289.4699999999999,203.56,1,1,1.0
119,6,1361.3,774.8,315.60000000000014,210.80000000000007,1,1,1.0
119,7,875.7,694.8,140.89999999999998,279.1,1,1,1.0
119,8,780.45,537.7,346.64999999999986,157.39999999999998,1,1,1.0
119,9,1329.7,93.8,319.0999999999999,207.39999999999998,1,1,1.0
