1,1,213.56,370.53,185.45999999999998,113.94000000000005,1,1,0.0
1,2,68.5,571.06,260.6,151.96000000000004,1,1,1.0
1,3,272.1,622.48,194.08999999999997,243.64,1,1,1.0
1,4,152.9,759.37,187.08,102.98000000000002,1,1,1.0
1,5,96.9,823.62,231.4,175.67999999999995,1,1,1.0
1,6,169.12,821.6,260.59,153.85000000000002,1,1,1.0
1,7,583.05,407.17,241.75,187.72999999999996,1,1,1.0
1,8,564.94,757.99,191.78999999999996,331.8499999999999,1,1,1.0
1,9,1018.41,441.06,120.2600000000001,364.41,1,1,1.0
1,10,1162.32,292.08,342.18000000000006,198.62,1,1,1.0
2,1,218.5,369.5,179.10000000000002,114.97000000000003,1,1,0.0
2,2,71.3,567.5,258.7,155.51999999999998,1,1,1.0
2,3,272.1,622.48,193.5,243.64,1,1,1.0
2,4,154.6,759.37,185.38000000000002,105.42999999999995,1,1,1.0
2,5,97.2,823.57,230.8,175.32999999999993,1,1,1.0
2,6,172.9,821.6,251.6,175.19999999999993,1,1,1.0
2,7,583.05,399.0,244.25,195.91999999999996,1,1,1.0
2,8,564.94,761.0,189.95999999999992,326.20000000000005,1,1,1.0
2,9,1018.41,450.1,135.99000000000012,352.9,1,1,1.0
2,10,1161.3,286.0,347.20000000000005,209.3,1,1,1.0
3,1,218.9,368.4,178.70000000000002,116.07000000000005,1,1,0.0
3,2,71.66,567.86,256.94000000000005,154.84000000000003,1,1,1.0
3,3,271.4,622.48,193.5,246.12,1,1,1.0
3,4,145.83,758.39,193.17,118.01999999999998,1,1,1.0
3,5,97.79,823.87,230.20999999999998,175.92999999999995,1,1,1.0
3,6,171.8,819.8,241.59999999999997,177.0,1,1,1.0
3,7,583.05,401.5,244.25,193.41999999999996,1,1,1.0
3,8,564.94,763.56,192.15999999999997,322.84000000000015,1,1,1.0
3,9,1026.7,451.3,127.70000000000005,378.8,1,1,1.0
3,10,1160.78,298.1,347.72,191.59999999999997,1,1,1.0
4,1,213.56,368.8,183.33999999999997,115.67000000000002,1,1,0.0
4,2,72.37,569.28,256.93,152.72000000000003,1,1,1.0
4,3,272.1,622.48,193.5,246.12,1,1,1.0
4,4,141.7,748.1,193.3,122.89999999999998,1,1,1.0
4,5,96.9,825.35,231.70000000000002,174.14999999999998,1,1,1.0
4,6,171.5,821.6,248.2,177.79999999999995,1,1,1.0
4,7,583.05,410.9,259.95000000000005,184.01999999999998,1,1,1.0
4,8,564.94,763.56,191.65999999999997,323.6400000000001,1,1,1.0
4,9,1026.7,463.7,140.5,379.2,1,1,1.0
4,10,1136.22,298.1,372.28,192.09999999999997,1,1,1.0
5,1,220.25,367.69,175.25,114.61000000000001,1,1,0.0
5,2,74.76,568.38,254.14,154.62,1,1,1.0
5,3,272.1,622.48,193.5,248.22000000000003,1,1,1.0
5,4,145.15,745.64,190.04999999999998,119.75999999999999,1,1,1.0
5,5,98.38,825.94,229.32,174.15999999999997,1,1,1.0
5,6,170.6,820.2,250.50000000000003,166.5999999999999,1,1,1.0
5,7,583.05,405.9,256.1500000000001,184.0,1,1,1.0
5,8,565.79,762.28,192.11,322.81999999999994,1,1,1.0
5,9,1030.47,557.14,191.73000000000002,341.56000000000006,1,1,1.0
5,10,1137.24,299.12,370.76,192.68,1,1,1.0
6,1,216.7,368.76,179.5,116.04000000000002,1,1,0.0
6,2,84.41,568.73,243.09,152.47000000000003,1,1,1.0
6,3,272.1,622.48,193.5,246.12,1,1,1.0
6,4,145.4,748.1,188.4,120.0,1,1,1.0
6,5,98.09,825.05,229.71,174.1500000000001,1,1,1.0
6,6,171.0,821.6,251.89999999999998,158.29999999999995,1,1,1.0
6,7,581.2,395.9,251.69999999999993,194.0,1,1,1.0
6,8,566.65,759.72,191.75,325.78,1,1,1.0
6,9,1047.0,580.5,205.29999999999995,301.6,1,1,1.0
6,10,1139.19,293.63,372.40999999999985,198.67000000000002,1,1,1.0
7,1,215.64,379.42,187.56,117.47999999999996,1,1,0.0
7,2,86.09,568.12,236.10999999999999,158.48000000000002,1,1,1.0
7,3,272.1,622.48,193.5,246.12,1,1,1.0
7,4,147.12,750.39,185.07999999999998,116.21000000000004,1,1,1.0
7,5,97.5,824.46,229.39999999999998,175.33999999999992,1,1,1.0
7,6,173.1,821.6,246.00000000000003,155.79999999999995,1,1,1.0
7,7,581.2,395.9,249.89999999999998,194.0,1,1,1.0
7,8,566.65,757.35,193.85000000000002,326.85,1,1,1.0
7,9,1039.6,616.8,286.0,238.9000000000001,1,1,1.0
7,10,1139.7,281.6,367.79999999999995,210.15999999999997,1,1,1.0
8,1,222.38,383.21,184.01999999999998,115.49000000000001,1,1,0.0
8,2,88.34,567.41,228.05999999999997,162.79000000000008,1,1,1.0
8,3,272.1,622.48,193.5,246.12,1,1,1.0
8,4,145.15,751.87,187.54999999999998,118.63,1,1,1.0
8,5,97.2,825.35,231.10000000000002,174.75,1,1,1.0
8,6,173.5,821.6,240.5,147.60000000000002,1,1,1.0
8,7,581.2,405.9,247.89999999999998,184.0,1,1,1.0
8,8,567.92,749.48,198.48000000000002,332.6199999999999,1,1,1.0
8,9,1063.6,614.95,267.34000000000015,254.3499999999999,1,1,1.0
8,10,1139.7,288.4,367.79999999999995,203.36,1,1,1.0
9,1,215.99,382.85,193.20999999999998,114.04999999999995,1,1,0.0
9,2,83.46,570.97,234.04000000000002,156.42999999999995,1,1,1.0
9,3,272.1,622.48,193.5,246.12,1,1,1.0
9,4,145.89,749.89,185.81,116.00999999999999,1,1,1.0
9,5,97.5,824.88,230.2,175.22000000000003,1,1,1.0
9,6,170.6,818.7,243.00000000000003,162.89999999999998,1,1,1.0
9,7,581.2,422.2,258.5999999999999,169.8,1,1,1.0
9,8,574.9,708.13,197.10000000000002,338.9699999999999,1,1,1.0
9,9,1026.5,612.29,298.19000000000005,280.11,1,1,1.0
9,10,1139.7,295.9,367.79999999999995,195.86,1,1,1.0
10,1,218.48,383.92,190.92,117.57999999999998,1,1,0.0
10,2,75.39,567.07,244.31,160.63,1,1,1.0
10,3,271.7,620.0,190.10000000000002,252.10000000000002,1,1,1.0
10,4,141.5,748.2,189.7,124.59999999999991,1,1,1.0
10,5,96.9,823.4,231.20000000000002,175.89999999999998,1,1,1.0
10,6,170.3,821.6,242.7,182.10000000000002,1,1,1.0
10,7,581.2,407.8,242.29999999999995,184.90000000000003,1,1,1.0
10,8,560.45,704.72,221.75,332.3799999999999,1,1,1.0
10,9,1034.2,614.4,288.0,285.80000000000007,1,1,1.0
10,10,1140.45,295.9,365.75,195.86,1,1,1.0
11,1,222.17,384.63,186.43000000000004,115.76999999999998,1,1,0.0
11,2,71.1,565.4,252.6,159.60000000000002,1,1,1.0
11,3,272.1,614.9,194.09999999999997,253.70000000000005,1,1,1.0
11,4,147.12,750.14,185.07999999999998,121.65999999999997,1,1,1.0
11,5,96.1,824.9,232.00000000000003,174.39999999999998,1,1,1.0
11,6,166.0,821.2,244.5,190.19999999999993,1,1,1.0
11,7,581.2,402.8,232.79999999999995,188.99999999999994,1,1,1.0
11,8,535.7,724.15,222.79999999999995,315.55000000000007,1,1,1.0
11,9,1044.7,615.46,280.5999999999999,267.43999999999994,1,1,1.0
11,10,1141.2,295.9,363.70000000000005,195.86,1,1,1.0
12,1,214.8,384.99,194.2,121.50999999999999,1,1,0.0
12,2,79.3,571.7,244.39999999999998,151.39999999999998,1,1,1.0
12,3,272.1,614.9,192.79999999999995,257.5,1,1,1.0
12,4,145.4,753.1,185.79999999999998,116.89999999999998,1,1,1.0
12,5,97.91,824.58,230.79,175.91999999999996,1,1,1.0
12,6,166.37,819.81,244.52999999999997,196.29000000000008,1,1,1.0
12,7,581.2,400.3,233.5,191.49999999999994,1,1,1.0
12,8,556.77,683.71,153.83000000000004,365.69000000000005,1,1,1.0
12,9,1050.9,617.5,271.8399999999999,277.20000000000005,1,1,1.0
12,10,1139.7,295.9,367.79999999999995,199.40000000000003,1,1,1.0
13,1,219.2,385.0,189.8,114.0,1,1,0.0
13,2,85.0,566.59,238.7,167.20999999999992,1,1,1.0
13,3,272.1,615.25,192.08999999999997,257.54999999999995,1,1,1.0
13,4,145.4,753.1,185.79999999999998,113.0,1,1,1.0
13,5,97.03,824.88,231.67,175.62,1,1,1.0
13,6,173.16,821.6,235.64000000000001,182.0,1,1,1.0
13,7,581.2,427.9,232.19999999999993,165.30000000000007,1,1,1.0
13,8,558.9,688.38,156.60000000000002,360.0200000000001,1,1,1.0
13,9,1026.7,615.9,294.0999999999999,285.80000000000007,1,1,1.0
13,10,1134.1,297.9,377.20000000000005,193.86,1,1,1.0
14,1,219.2,384.28,188.40000000000003,110.12,1,1,0.0
14,2,86.6,567.48,240.6,165.41999999999996,1,1,1.0
14,3,271.4,614.9,184.70000000000005,260.0,1,1,1.0
14,4,145.6,751.4,186.79999999999998,118.20000000000005,1,1,1.0
14,5,97.91,824.58,230.19000000000003,174.12,1,1,1.0
14,6,171.5,821.24,236.89999999999998,181.96000000000004,1,1,1.0
14,7,581.2,421.9,232.19999999999993,171.80000000000007,1,1,1.0
14,8,562.31,689.66,150.79000000000008,361.93999999999994,1,1,1.0
14,9,1040.0,618.9,274.76,276.0,1,1,1.0
14,10,1135.18,298.16,376.1199999999999,197.44,1,1,1.0
15,1,214.6,383.9,193.00000000000003,110.90000000000003,1,1,0.0
15,2,93.61,570.39,231.08999999999997,165.51,1,1,1.0
15,3,272.1,614.9,184.0,257.5,1,1,1.0
15,4,145.4,752.11,185.54999999999998,114.18999999999994,1,1,1.0
15,5,98.8,823.4,229.3,175.89999999999998,1,1,1.0
15,6,172.22,821.24,236.88000000000002,178.26,1,1,1.0
15,7,581.2,411.6,232.19999999999993,182.10000000000002,1,1,1.0
15,8,562.73,687.53,151.66999999999996,361.97,1,1,1.0
15,9,1042.0,610.72,271.4000000000001,278.67999999999995,1,1,1.0
15,10,1135.18,298.16,376.1199999999999,195.85999999999996,1,1,1.0
16,1,222.4,384.28,185.9,116.12,1,1,0.0
16,2,95.39,567.29,229.91000000000003,160.51,1,1,1.0
16,3,272.1,614.9,184.0,259.30000000000007,1,1,1.0
16,4,145.4,753.1,185.79999999999998,113.0,1,1,1.0
16,5,98.8,823.4,229.3,175.89999999999998,1,1,1.0
16,6,171.14,819.45,237.56,180.44999999999993,1,1,1.0
16,7,581.2,428.8,229.39999999999998,164.90000000000003,1,1,1.0
16,8,561.88,660.9,159.22000000000003,372.19999999999993,1,1,1.0
16,9,1040.5,608.4,274.74,265.4,1,1,1.0
16,10,1135.18,281.6,376.1199999999999,212.41999999999996,1,1,1.0
17,1,217.78,384.99,189.42,109.81,1,1,0.0
17,2,95.8,568.77,228.59999999999997,161.13,1,1,1.0
17,3,265.7,617.4,186.60000000000002,255.0,1,1,1.0
17,4,145.89,751.62,187.51,112.98000000000002,1,1,1.0
17,5,98.8,823.4,229.3,175.89999999999998,1,1,1.0
17,6,170.07,817.3,236.23000000000002,190.30000000000007,1,1,1.0
17,7,582.3,427.9,228.0,169.60000000000002,1,1,1.0
17,8,574.2,637.21,171.39999999999998,372.39,1,1,1.0
17,9,1033.8,609.93,285.53,262.37,1,1,1.0
17,10,1135.18,290.6,376.1199999999999,203.41999999999996,1,1,1.0
18,1,217.07,384.28,190.82999999999998,110.12,1,1,0.0
18,2,94.32,568.18,227.98000000000002,164.12,1,1,1.0
18,3,259.7,619.9,224.59000000000003,256.70000000000005,1,1,1.0
18,4,145.4,751.13,183.79999999999998,113.0,1,1,1.0
18,5,98.8,823.4,229.3,175.89999999999998,1,1,1.0
18,6,172.58,816.94,224.52,183.55999999999995,1,1,1.0
18,7,581.2,423.6,229.0999999999999,173.89999999999998,1,1,1.0
18,8,562.2,584.82,145.0999999999999,369.88,1,1,1.0
18,9,1052.0,608.91,262.73,273.69000000000005,1,1,1.0
18,10,1135.18,293.6,377.6199999999999,200.41999999999996,1,1,1.0
19,1,226.3,386.05,182.0,106.94999999999999,1,1,0.0
19,2,94.91,566.11,227.69000000000003,165.59000000000003,1,1,1.0
19,3,258.3,619.9,224.2,253.10000000000002,1,1,1.0
19,4,145.4,753.1,185.79999999999998,113.0,1,1,1.0
19,5,98.8,823.4,229.3,175.89999999999998,1,1,1.0
19,6,170.78,815.87,219.42,183.23000000000002,1,1,1.0
19,7,581.2,408.4,236.5999999999999,186.60000000000002,1,1,1.0
19,8,560.2,594.28,160.26999999999998,354.4200000000001,1,1,1.0
19,9,1068.9,611.0,244.79999999999995,255.0,1,1,1.0
19,10,1135.18,298.9,376.1199999999999,195.12,1,1,1.0
20,1,215.65,385.34,192.24999999999997,109.06,1,1,0.0
20,2,95.8,569.7,227.3,161.5999999999999,1,1,1.0
20,3,258.3,617.1,230.5,255.89999999999998,1,1,1.0
20,4,145.4,753.1,185.79999999999998,111.79999999999995,1,1,1.0
20,5,98.8,823.4,229.3,175.89999999999998,1,1,1.0
20,6,171.5,820.2,222.89999999999998,157.0999999999999,1,1,1.0
20,7,578.1,408.4,231.5,193.5,1,1,1.0
20,8,572.9,595.83,167.56000000000006,365.27,1,1,1.0
20,9,1093.5,622.99,223.4000000000001,240.61,1,1,1.0
20,10,1138.19,298.9,373.1099999999999,195.12,1,1,1.0
21,1,220.98,386.78,188.02,108.72000000000003,1,1,0.0
21,2,95.8,567.3,227.3,160.20000000000005,1,1,1.0
21,3,250.9,613.0,212.20000000000002,245.60000000000002,1,1,1.0
21,4,146.4,751.1,186.29999999999998,115.0,1,1,1.0
21,5,96.4,824.0,231.70000000000002,175.29999999999995,1,1,1.0
21,6,171.5,812.2,201.10000000000002,151.29999999999995,1,1,1.0
21,7,578.1,398.4,244.10000000000002,196.70000000000005,1,1,1.0
21,8,576.5,587.86,167.17999999999995,370.74,1,1,1.0
21,9,1058.3,631.67,274.76,222.5300000000001,1,1,1.0
21,10,1141.2,298.9,370.0999999999999,195.12,1,1,1.0
22,1,223.11,386.19,185.89,107.11000000000001,1,1,0.0
22,2,94.6,566.7,228.50000000000003,158.69999999999993,1,1,1.0
22,3,257.0,613.0,228.57,249.20000000000005,1,1,1.0
22,4,145.4,751.6,186.49999999999997,114.5,1,1,1.0
22,5,97.6,824.3,230.50000000000003,175.0,1,1,1.0
22,6,171.5,816.0,221.8,147.5,1,1,1.0
22,7,578.1,377.7,247.19999999999993,207.90000000000003,1,1,1.0
22,8,575.4,592.64,166.75,368.96000000000004,1,1,1.0
22,9,1027.4,615.39,302.3699999999999,244.61,1,1,1.0
22,10,1141.74,298.39,371.5999999999999,195.12,1,1,1.0
23,1,216.71,383.46,190.48999999999998,111.24000000000001,1,1,0.0
23,2,95.8,569.7,227.3,157.79999999999995,1,1,1.0
23,3,262.0,614.3,221.8,251.80000000000007,1,1,1.0
23,4,146.63,751.37,185.26999999999998,114.92999999999995,1,1,1.0
23,5,97.9,824.6,230.20000000000002,174.69999999999993,1,1,1.0
23,6,171.5,816.0,236.2,151.89999999999998,1,1,1.0
23,7,580.6,378.3,237.19999999999993,210.09999999999997,1,1,1.0
23,8,578.0,584.92,167.20000000000005,377.68000000000006,1,1,1.0
23,9,1048.0,614.37,280.74,247.13,1,1,1.0
23,10,1131.52,299.41,383.3800000000001,195.08999999999997,1,1,1.0
24,1,222.4,380.72,180.20000000000002,112.27999999999997,1,1,0.0
24,2,89.5,567.3,233.60000000000002,165.20000000000005,1,1,1.0
24,3,262.0,614.3,213.0,251.80000000000007,1,1,1.0
24,4,145.4,753.1,186.29999999999998,113.0,1,1,1.0
24,5,97.3,824.9,230.8,174.39999999999998,1,1,1.0
24,6,168.6,818.2,236.6,147.19999999999993,1,1,1.0
24,7,578.1,374.5,235.10000000000002,211.10000000000002,1,1,1.0
24,8,578.4,583.1,167.31000000000006,378.5,1,1,1.0
24,9,1037.1,611.15,284.1100000000001,249.05000000000007,1,1,1.0
24,10,1136.67,299.41,375.6299999999999,197.28999999999996,1,1,1.0
25,1,219.2,376.82,182.3,113.18,1,1,0.0
25,2,83.2,569.2,242.40000000000003,154.5,1,1,1.0
25,3,239.4,602.4,218.6,227.89999999999998,1,1,1.0
25,4,145.4,751.6,184.6,115.69999999999993,1,1,1.0
25,5,97.6,824.6,230.50000000000003,174.69999999999993,1,1,1.0
25,6,171.86,817.79,214.2,143.71000000000004,1,1,1.0
25,7,580.6,372.47,231.93999999999994,217.02999999999997,1,1,1.0
25,8,578.9,578.0,166.56000000000006,383.1,1,1,1.0
25,9,1034.4,637.54,315.0,210.56000000000006,1,1,1.0
25,10,1124.92,298.9,393.17999999999984,196.8,1,1,1.0
26,1,216.36,380.72,185.53999999999996,113.57999999999998,1,1,0.0
26,2,86.3,569.2,240.8,153.89999999999998,1,1,1.0
26,3,266.8,643.2,211.3,220.19999999999993,1,1,1.0
26,4,147.62,751.62,159.38,116.17999999999995,1,1,1.0
26,5,98.8,823.4,229.3,175.89999999999998,1,1,1.0
26,6,171.5,819.8,241.8,158.20000000000005,1,1,1.0
26,7,581.65,367.6,227.05000000000007,221.19999999999993,1,1,1.0
26,8,578.9,583.61,164.76999999999998,375.49,1,1,1.0
26,9,1040.7,618.2,304.68000000000006,221.5999999999999,1,1,1.0
26,10,1131.18,300.43,384.31999999999994,197.87,1,1,1.0
27,1,222.5,381.7,178.5,109.5,1,1,0.0
27,2,86.3,567.7,241.8,149.69999999999993,1,1,1.0
27,3,238.9,628.1,274.30000000000007,216.5,1,1,1.0
27,4,147.37,751.87,185.52999999999997,111.23000000000002,1,1,1.0
27,5,98.8,823.4,229.3,175.89999999999998,1,1,1.0
27,6,139.5,826.1,282.0,136.19999999999993,1,1,1.0
27,7,581.7,373.77,230.53999999999996,218.23000000000002,1,1,1.0
27,8,578.9,601.2,164.76999999999998,356.79999999999995,1,1,1.0
27,9,1031.7,652.93,331.52,174.2700000000001,1,1,1.0
27,10,1133.7,298.9,379.89999999999986,194.3,1,1,1.0
28,1,216.7,379.9,184.90000000000003,112.80000000000001,1,1,0.0
28,2,87.5,573.6,243.2,173.89999999999998,1,1,1.0
28,3,253.6,624.2,246.50000000000003,224.79999999999995,1,1,1.0
28,4,148.36,750.88,183.03999999999996,108.82000000000005,1,1,1.0
28,5,97.9,824.3,230.20000000000002,175.0,1,1,1.0
28,6,137.7,820.4,272.0,141.89999999999998,1,1,1.0
28,7,580.9,378.9,235.85000000000002,212.0,1,1,1.0
28,8,582.5,618.98,160.64999999999998,336.52,1,1,1.0
28,9,1029.45,618.78,324.75,188.82000000000005,1,1,1.0
28,10,1140.3,288.4,373.29999999999995,208.90000000000003,1,1,1.0
29,1,218.47,381.5,182.83,112.39999999999998,1,1,0.0
29,2,96.0,568.1,217.10000000000002,168.69999999999993,1,1,1.0
29,3,251.1,620.6,244.6,228.39999999999998,1,1,1.0
29,4,147.86,750.63,183.53999999999996,111.07000000000005,1,1,1.0
29,5,98.2,824.0,229.90000000000003,175.29999999999995,1,1,1.0
29,6,130.7,824.8,270.7,137.5,1,1,1.0
29,7,582.0,381.63,244.73000000000002,208.57000000000005,1,1,1.0
29,8,582.4,611.96,160.24,345.14,1,1,1.0
29,9,999.5,619.7,297.5,226.5999999999999,1,1,1.0
29,10,1143.06,286.42,369.03999999999996,208.77999999999997,1,1,1.0
30,1,223.75,381.8,178.75,108.80000000000001,1,1,0.0
30,2,95.7,567.1,219.8,163.39999999999998,1,1,1.0
30,3,243.2,613.7,250.60000000000002,220.29999999999995,1,1,1.0
30,4,145.4,753.1,185.79999999999998,113.0,1,1,1.0
30,5,97.6,824.0,230.50000000000003,175.29999999999995,1,1,1.0
30,6,140.7,824.8,256.90000000000003,137.5,1,1,1.0
30,7,580.8,380.31,238.20000000000005,209.48999999999995,1,1,1.0
30,8,582.4,595.2,161.26999999999998,364.4,1,1,1.0
30,9,973.9,582.99,329.30000000000007,196.90999999999997,1,1,1.0
30,10,1136.51,291.88,373.99,202.32,1,1,1.0
31,1,215.69,382.69,189.81,111.50999999999999,1,1,0.0
31,2,96.1,571.1,218.79999999999998,165.69999999999993,1,1,1.0
31,3,247.1,608.0,234.6,227.79999999999995,1,1,1.0
31,4,150.43,750.88,182.26999999999998,110.32000000000005,1,1,1.0
31,5,97.6,824.3,230.50000000000003,175.0,1,1,1.0
31,6,142.1,824.8,258.70000000000005,135.0,1,1,1.0
31,7,582.2,389.6,240.5999999999999,202.60000000000002,1,1,1.0
31,8,580.9,592.2,164.30000000000007,368.0,1,1,1.0
31,9,915.9,560.9,403.1,175.60000000000002,1,1,1.0
31,10,1134.98,288.91,370.9200000000001,204.28999999999996,1,1,1.0
32,1,221.01,380.8,183.29000000000002,110.39999999999998,1,1,0.0
32,2,97.0,567.8,216.10000000000002,164.60000000000002,1,1,1.0
32,3,248.0,608.0,238.89999999999998,232.70000000000005,1,1,1.0
32,4,147.23,750.88,186.17,111.32000000000005,1,1,1.0
32,5,96.4,824.0,231.70000000000002,175.29999999999995,1,1,1.0
32,6,143.2,824.8,258.8,135.0,1,1,1.0
32,7,550.6,436.45,313.11,166.84999999999997,1,1,1.0
32,8,580.4,596.03,164.29000000000008,364.1700000000001,1,1,1.0
32,9,859.12,506.65,349.58000000000004,192.64999999999998,1,1,1.0
32,10,1136.0,290.44,371.0999999999999,205.76,1,1,1.0
33,1,219.53,383.12,186.86999999999998,108.68,1,1,0.0
33,2,97.3,569.0,215.8,167.79999999999995,1,1,1.0
33,3,250.1,609.3,237.9,238.80000000000007,1,1,1.0
33,4,147.72,751.62,183.98,108.58000000000004,1,1,1.0
33,5,97.6,824.6,230.50000000000003,174.69999999999993,1,1,1.0
33,6,147.0,828.4,257.9,131.39999999999998,1,1,1.0
33,7,570.5,443.12,301.29999999999995,166.98000000000002,1,1,1.0
33,8,579.88,594.5,164.29999999999995,363.1,1,1,1.0
33,9,813.46,513.95,317.1399999999999,142.94999999999993,1,1,1.0
33,10,1137.53,277.8,371.60000000000014,215.39999999999998,1,1,1.0
34,1,214.5,383.72,192.3,109.57999999999998,1,1,0.0
34,2,99.8,570.8,216.7,169.5,1,1,1.0
34,3,248.9,611.2,249.29999999999998,239.79999999999995,1,1,1.0
34,4,147.47,752.36,185.23,106.34000000000003,1,1,1.0
34,5,98.8,823.4,229.3,175.89999999999998,1,1,1.0
34,6,143.78,828.38,262.62,132.82000000000005,1,1,1.0
34,7,526.44,443.12,357.65999999999997,153.17999999999995,1,1,1.0
34,8,579.4,586.4,165.80000000000007,372.20000000000005,1,1,1.0
34,9,812.96,507.3,298.94000000000005,159.90000000000003,1,1,1.0
34,10,1136.44,287.12,363.8599999999999,207.68,1,1,1.0
35,1,224.2,384.9,181.7,110.5,1,1,0.0
35,2,99.5,568.0,216.7,172.5,1,1,1.0
35,3,250.0,611.2,233.10000000000002,241.5999999999999,1,1,1.0
35,4,145.25,751.38,187.14999999999998,101.62,1,1,1.0
35,5,98.8,823.4,229.3,175.89999999999998,1,1,1.0
35,6,144.03,824.44,254.47,136.76,1,1,1.0
35,7,558.32,435.28,327.4799999999999,158.72000000000003,1,1,1.0
35,8,579.9,591.8,165.30000000000007,365.80000000000007,1,1,1.0
35,9,809.38,517.75,306.12,147.95000000000005,1,1,1.0
35,10,1139.0,280.1,362.29999999999995,214.7,1,1,1.0
36,1,218.5,384.6,188.89999999999998,111.69999999999999,1,1,0.0
36,2,100.09,568.59,216.10999999999999,166.01,1,1,1.0
36,3,254.5,613.1,234.89999999999998,242.79999999999995,1,1,1.0
36,4,147.72,751.87,179.58,103.13,1,1,1.0
36,5,98.8,823.4,229.3,175.89999999999998,1,1,1.0
36,6,136.66,822.42,259.84000000000003,143.2800000000001,1,1,1.0
36,7,566.17,434.07,316.43000000000006,162.13000000000005,1,1,1.0
36,8,578.9,584.6,165.79000000000008,373.5,1,1,1.0
36,9,767.98,525.72,361.6199999999999,121.17999999999995,1,1,1.0
36,10,1146.5,285.6,352.79999999999995,207.2,1,1,1.0
37,1,217.32,384.01,190.98000000000002,114.29000000000002,1,1,0.0
37,2,98.61,568.0,216.69,165.0,1,1,1.0
37,3,254.3,613.1,231.59999999999997,245.39999999999998,1,1,1.0
37,4,148.46,751.62,178.84,102.88,1,1,1.0
37,5,98.8,823.4,229.3,175.89999999999998,1,1,1.0
37,6,141.3,821.7,250.0,144.79999999999995,1,1,1.0
37,7,568.08,434.8,315.2199999999999,160.7,1,1,1.0
37,8,578.9,588.18,173.5,370.4200000000001,1,1,1.0
37,9,794.5,519.94,311.94000000000005,191.26,1,1,1.0
37,10,1149.06,286.65,346.6400000000001,203.05,1,1,1.0
38,1,223.23,383.72,184.87000000000003,115.17999999999995,1,1,0.0
38,2,101.3,565.9,208.59999999999997,177.10000000000002,1,1,1.0
38,3,255.0,615.23,223.95999999999998,246.87,1,1,1.0
38,4,153.39,751.13,175.31,104.37,1,1,1.0
38,5,98.8,823.4,229.3,175.89999999999998,1,1,1.0
38,6,144.17,815.76,252.23,150.74,1,1,1.0
38,7,568.43,435.51,315.2700000000001,163.19000000000005,1,1,1.0
38,8,578.3,591.0,172.06000000000006,367.1,1,1,1.0
38,9,781.4,495.3,312.4,217.59999999999997,1,1,1.0
38,10,1150.08,284.6,343.22,205.59999999999997,1,1,1.0
39,1,216.72,383.42,191.38000000000002,113.68,1,1,0.0
39,2,103.78,570.19,204.61999999999998,173.69999999999993,1,1,1.0
39,3,260.6,610.62,220.48999999999995,254.67999999999995,1,1,1.0
39,4,152.9,751.38,172.1,102.12,1,1,1.0
39,5,96.7,826.1,231.40000000000003,173.19999999999993,1,1,1.0
39,6,135.11,813.25,261.28999999999996,153.25,1,1,1.0
39,7,566.3,434.8,316.30000000000007,163.2,1,1,1.0
39,8,579.9,594.5,168.92000000000007,366.70000000000005,1,1,1.0
39,9,785.5,487.32,302.49,224.57999999999998,1,1,1.0
39,10,1148.54,256.19,352.76,235.31,1,1,1.0
40,1,222.64,384.01,186.36,117.59000000000003,1,1,0.0
40,2,97.9,566.34,213.78,191.36,1,1,1.0
40,3,260.79,612.39,228.5,254.20000000000005,1,1,1.0
40,4,153.14,751.38,170.86,103.62,1,1,1.0
40,5,97.0,825.5,231.10000000000002,173.79999999999995,1,1,1.0
40,6,138.92,816.12,257.18000000000006,151.08000000000004,1,1,1.0
40,7,573.75,436.93,312.45000000000005,162.07,1,1,1.0
40,8,579.4,581.53,169.42000000000007,379.1700000000001,1,1,1.0
40,9,758.78,485.79,312.9000000000001,232.99999999999994,1,1,1.0
40,10,1149.05,257.72,347.1500000000001,229.27999999999997,1,1,1.0
41,1,225.9,384.01,183.4,115.49000000000001,1,1,0.0
41,2,86.6,566.05,226.4,182.25,1,1,1.0
41,3,257.7,616.9,234.2,250.39999999999998,1,1,1.0
41,4,153.14,750.88,173.86,106.82000000000005,1,1,1.0
41,5,97.3,824.3,230.8,175.0,1,1,1.0
41,6,155.32,796.24,234.28000000000003,171.26,1,1,1.0
41,7,571.29,441.9,313.81000000000006,157.5,1,1,1.0
41,8,579.9,587.98,169.94000000000005,372.72,1,1,1.0
41,9,745.7,478.0,318.0,239.5,1,1,1.0
41,10,1152.35,282.66,344.35000000000014,209.53999999999996,1,1,1.0
42,1,214.65,384.01,194.04999999999998,113.38999999999999,1,1,0.0
42,2,83.1,570.2,230.6,162.19999999999993,1,1,1.0
42,3,257.7,611.4,226.7,255.89999999999998,1,1,1.0
42,4,146.5,751.13,180.8,105.37,1,1,0.0
42,5,98.8,824.6,229.3,174.69999999999993,1,1,1.0
42,6,149.59,786.97,234.21,182.32999999999993,1,1,1.0
42,7,568.45,442.17,316.65,153.82999999999998,1,1,1.0
42,8,578.9,592.6,168.89999999999998,370.5,1,1,1.0
42,9,757.8,475.48,311.8700000000001,247.31999999999994,1,1,1.0
42,10,1150.8,274.1,348.5,215.5,1,1,1.0
43,1,227.38,383.72,179.51999999999998,114.27999999999997,1,1,0.0
43,2,80.0,567.8,236.10000000000002,160.80000000000007,1,1,1.0
43,3,256.5,613.1,227.89999999999998,253.69999999999993,1,1,1.0
43,4,150.43,751.38,174.07,106.62,1,1,1.0
43,5,96.7,824.0,231.40000000000003,175.29999999999995,1,1,1.0
43,6,141.77,811.83,238.33,164.4699999999999,1,1,1.0
43,7,575.8,438.12,309.30000000000007,163.27999999999997,1,1,1.0
43,8,579.9,585.52,167.39,379.18000000000006,1,1,1.0
43,9,779.2,477.75,298.79999999999995,255.25,1,1,1.0
43,10,1150.3,279.5,348.5,211.60000000000002,1,1,1.0
44,1,222.94,384.01,184.26,119.29000000000002,1,1,0.0
44,2,86.3,569.3,225.89999999999998,159.30000000000007,1,1,1.0
44,3,260.8,615.0,223.59999999999997,250.39999999999998,1,1,1.0
44,4,149.45,751.87,182.0,105.83000000000004,1,1,1.0
44,5,98.8,823.4,229.3,175.89999999999998,1,1,1.0
44,6,132.85,819.56,257.65,150.94000000000005,1,1,1.0
44,7,577.58,428.97,309.91999999999996,168.73000000000002,1,1,1.0
44,8,580.4,585.01,168.42000000000007,380.69000000000005,1,1,1.0
44,9,801.8,470.59,277.22,280.01000000000005,1,1,1.0
44,10,1149.28,274.97,352.02,216.63,1,1,1.0
45,1,215.84,384.6,192.55999999999997,114.59999999999997,1,1,0.0
45,2,94.2,569.0,216.7,160.79999999999995,1,1,1.0
45,3,259.0,615.0,225.39999999999998,251.79999999999995,1,1,1.0
45,4,148.21,751.38,177.79,105.32000000000005,1,1,1.0
45,5,98.8,823.4,229.3,175.89999999999998,1,1,1.0
45,6,135.0,815.9,258.2,154.60000000000002,1,1,1.0
45,7,582.58,428.25,309.81999999999994,158.14999999999998,1,1,1.0
45,8,579.9,588.08,169.94000000000005,376.02,1,1,1.0
45,9,804.78,459.9,270.70000000000005,289.20000000000005,1,1,1.0
45,10,1150.3,268.1,349.0,221.5,1,1,1.0
46,1,222.64,381.94,188.7,114.0,1,1,0.0
46,2,84.67,569.3,224.02999999999997,151.20000000000005,1,1,1.0
46,3,259.7,615.0,234.10000000000002,252.5,1,1,1.0
46,4,147.23,751.62,178.07000000000002,105.08000000000004,1,1,1.0
46,5,98.8,823.4,229.3,175.89999999999998,1,1,1.0
46,6,132.13,815.88,262.97,157.51999999999998,1,1,1.0
46,7,585.43,422.79,310.37,161.70999999999998,1,1,1.0
46,8,581.4,574.6,165.89,391.1,1,1,1.0
46,9,809.9,458.88,265.07000000000005,268.32000000000005,1,1,1.0
46,10,1150.3,271.9,352.10000000000014,217.70000000000005,1,1,1.0
47,1,215.54,381.83,196.76000000000002,121.17000000000002,1,1,0.0
47,2,80.23,571.37,226.7,149.73000000000002,1,1,1.0
47,3,260.8,615.0,234.8,250.39999999999998,1,1,1.0
47,4,149.2,751.9,183.7,105.10000000000002,1,1,1.0
47,5,98.8,823.4,229.3,175.89999999999998,1,1,1.0
47,6,135.36,814.8,260.44,156.80000000000007,1,1,1.0
47,7,583.3,423.5,312.5,161.70000000000005,1,1,1.0
47,8,581.4,590.9,166.38,374.80000000000007,1,1,1.0
47,9,801.8,473.18,278.21000000000004,246.32,1,1,1.0
47,10,1151.32,275.7,349.0,213.90000000000003,1,1,1.0
48,1,217.61,383.6,193.49,120.89999999999998,1,1,0.0
48,2,85.82,573.28,227.48000000000002,142.51999999999998,1,1,1.0
48,3,259.7,615.0,234.10000000000002,252.89999999999998,1,1,1.0
48,4,148.0,750.1,180.7,106.39999999999998,1,1,1.0
48,5,98.8,823.4,229.3,175.89999999999998,1,1,1.0
48,6,136.43,814.44,260.07,156.45999999999992,1,1,1.0
48,7,583.3,423.5,311.1,158.89999999999998,1,1,1.0
48,8,580.9,585.5,166.37,380.20000000000005,1,1,1.0
48,9,799.3,475.22,282.25,237.48000000000002,1,1,1.0
48,10,1151.8,270.2,347.5,219.40000000000003,1,1,1.0
49,1,222.3,383.6,188.8,115.29999999999995,1,1,0.0
49,2,93.3,575.79,220.0,140.91000000000008,1,1,1.0
49,3,255.5,615.71,237.24,255.39,1,1,1.0
49,4,147.47,751.13,179.83,106.07000000000005,1,1,1.0
49,5,98.8,823.4,229.3,175.89999999999998,1,1,1.0
49,6,135.0,814.8,262.6,155.70000000000005,1,1,1.0
49,7,582.2,434.8,305.9,156.40000000000003,1,1,1.0
49,8,581.9,582.92,164.86,381.7800000000001,1,1,1.0
49,9,796.5,478.51,276.97,233.59000000000003,1,1,1.0
49,10,1151.8,272.7,347.5,220.0,1,1,1.0
50,1,214.65,382.12,194.45000000000002,114.07999999999998,1,1,0.0
50,2,93.3,570.02,208.3,141.98000000000002,1,1,1.0
50,3,251.9,615.0,238.20000000000002,251.79999999999995,1,1,1.0
50,4,146.24,751.13,182.45999999999998,106.87,1,1,1.0
50,5,98.8,823.4,229.3,175.89999999999998,1,1,1.0
50,6,128.7,817.3,268.90000000000003,153.20000000000005,1,1,1.0
50,7,575.13,439.8,310.87,154.59999999999997,1,1,1.0
50,8,580.4,585.7,163.80000000000007,379.5,1,1,1.0
50,9,788.2,491.28,278.02,212.62,1,1,1.0
50,10,1152.35,271.23,343.85000000000014,221.46999999999997,1,1,1.0
51,1,218.5,383.6,191.89999999999998,113.79999999999995,1,1,0.0
51,2,87.0,567.1,197.7,171.60000000000002,1,1,1.0
51,3,254.2,615.0,237.0,250.39999999999998,1,1,1.0
51,4,146.73,751.38,179.77,106.62,1,1,1.0
51,5,98.8,823.4,229.3,175.89999999999998,1,1,1.0
51,6,145.7,814.8,251.90000000000003,155.70000000000005,1,1,1.0
51,7,577.0,442.6,309.70000000000005,149.69999999999993,1,1,1.0
51,8,582.4,574.69,164.36,390.01,1,1,1.0
51,9,752.9,497.6,331.65,186.19999999999993,1,1,1.0
51,10,1153.88,285.86,347.41999999999985,206.83999999999997,1,1,1.0
52,1,220.0,385.1,190.39999999999998,110.59999999999997,1,1,0.0
52,2,93.0,567.95,191.39999999999998,168.8499999999999,1,1,1.0
52,3,254.9,615.36,241.86999999999998,249.64,1,1,1.0
52,4,146.2,753.1,185.0,103.89999999999998,1,1,1.0
52,5,98.8,823.4,229.3,175.89999999999998,1,1,1.0
52,6,138.2,814.8,256.5,155.70000000000005,1,1,1.0
52,7,573.45,441.22,315.8499999999999,156.38,1,1,1.0
52,8,583.5,589.02,164.78999999999996,375.18000000000006,1,1,1.0
52,9,748.8,509.12,349.35000000000014,174.17999999999995,1,1,1.0
52,10,1150.3,283.8,352.60000000000014,205.8,1,1,1.0
53,1,214.95,384.78,195.75,112.02000000000004,1,1,0.0
53,2,89.5,569.43,197.0,172.37,1,1,1.0
53,3,255.6,615.0,238.20000000000002,250.79999999999995,1,1,1.0
53,4,148.46,751.38,177.84,105.62,1,1,1.0
53,5,97.3,823.4,230.8,175.89999999999998,1,1,1.0
53,6,145.1,813.4,252.50000000000003,157.10000000000002,1,1,1.0
53,7,572.84,441.58,314.15999999999997,155.71999999999997,1,1,1.0
53,8,582.4,584.97,165.38,378.73,1,1,1.0
53,9,713.2,525.69,384.43000000000006,157.6099999999999,1,1,1.0
53,10,1152.3,279.5,348.0,212.10000000000002,1,1,1.0
54,1,221.46,386.56,188.04,110.54000000000002,1,1,0.0
54,2,95.81,565.21,192.99,177.58999999999992,1,1,1.0
54,3,254.9,615.0,241.4,251.5,1,1,1.0
54,4,145.01,750.88,181.29000000000002,106.32000000000005,1,1,1.0
54,5,98.8,823.4,229.3,175.89999999999998,1,1,1.0
54,6,140.1,814.8,255.70000000000002,155.70000000000005,1,1,1.0
54,7,570.7,433.72,314.9,161.88,1,1,1.0
54,8,581.92,596.84,167.9000000000001,365.76,1,1,1.0
54,9,725.7,538.3,358.29999999999995,159.80000000000007,1,1,1.0
54,10,1152.9,275.2,346.39999999999986,214.40000000000003,1,1,1.0
55,1,219.09,387.41,191.01000000000002,107.88999999999999,1,1,0.0
55,2,98.9,568.8,190.20000000000002,176.10000000000002,1,1,1.0
55,3,249.9,615.0,243.9,250.79999999999995,1,1,1.0
55,4,145.75,751.38,182.25,105.32000000000005,1,1,1.0
55,5,98.8,823.4,229.3,175.89999999999998,1,1,1.0
55,6,140.1,813.4,253.1,157.10000000000002,1,1,1.0
55,7,581.12,433.72,308.17999999999995,159.38,1,1,1.0
55,8,582.4,585.51,164.36,376.59000000000003,1,1,1.0
55,9,734.9,548.1,327.23000000000013,154.5,1,1,1.0
55,10,1152.86,279.02,349.0,211.60000000000002,1,1,1.0
56,1,217.02,389.48,191.9,106.12,1,1,0.0
56,2,100.97,568.47,183.42999999999998,166.52999999999997,1,1,1.0
56,3,255.9,615.0,242.9,251.5,1,1,1.0
56,4,145.75,750.39,181.75,105.11000000000001,1,1,1.0
56,5,98.8,823.4,229.3,175.89999999999998,1,1,1.0
56,6,157.1,807.3,243.6,163.20000000000005,1,1,1.0
56,7,577.95,436.56,312.25,157.64000000000004,1,1,1.0
56,8,581.9,592.5,164.34000000000003,369.6,1,1,1.0
56,9,730.8,551.17,326.99,153.93000000000006,1,1,1.0
56,10,1151.8,279.5,347.5,207.5,1,1,1.0
57,1,228.85,390.07,179.75000000000003,110.63,1,1,0.0
57,2,102.15,566.1,179.54999999999998,170.39999999999998,1,1,1.0
57,3,255.32,606.2,248.0,273.5999999999999,1,1,1.0
57,4,144.5,751.1,174.8,109.39999999999998,1,1,1.0
57,5,98.8,823.4,229.3,175.89999999999998,1,1,1.0
57,6,157.1,807.3,243.6,164.30000000000007,1,1,1.0
57,7,578.66,432.66,310.5400000000001,161.49999999999994,1,1,1.0
57,8,576.8,589.43,164.33000000000004,374.2700000000001,1,1,1.0
57,9,725.7,555.26,331.06999999999994,149.84000000000003,1,1,1.0
57,10,1151.83,282.6,347.97,209.0,1,1,1.0
58,1,217.32,390.37,192.78000000000003,106.73000000000002,1,1,0.0
58,2,101.7,569.91,183.3,172.59000000000003,1,1,1.0
58,3,269.6,621.9,227.89999999999998,258.5,1,1,1.0
58,4,147.2,750.6,167.90000000000003,107.60000000000002,1,1,1.0
58,5,97.3,824.6,230.8,174.69999999999993,1,1,1.0
58,6,154.9,810.5,245.79999999999998,160.0,1,1,1.0
58,7,558.33,409.7,336.16999999999996,183.00000000000006,1,1,1.0
58,8,571.6,624.1,172.66999999999996,332.6,1,1,1.0
58,9,729.3,551.1,324.24,154.0,1,1,1.0
58,10,1152.35,269.0,343.85000000000014,217.5,1,1,1.0
59,1,223.23,390.07,185.97,106.13,1,1,0.0
59,2,89.92,567.54,212.88,165.76,1,1,1.0
59,3,270.2,611.2,230.40000000000003,274.0999999999999,1,1,1.0
59,4,149.2,753.1,165.0,104.89999999999998,1,1,1.0
59,5,98.8,823.4,229.3,175.89999999999998,1,1,1.0
59,6,156.38,812.06,243.60000000000002,162.34000000000003,1,1,1.0
59,7,549.17,427.9,342.33000000000004,163.89999999999998,1,1,1.0
59,8,527.6,630.42,218.19999999999993,299.88,1,1,1.0
59,9,729.3,550.59,325.27,152.51,1,1,1.0
59,10,1153.88,288.82,344.41999999999985,199.28000000000003,1,1,1.0
60,1,230.93,391.68,177.07,103.42000000000002,1,1,0.0
60,2,88.02,568.43,217.38,159.47000000000003,1,1,1.0
60,3,262.0,610.84,215.76,267.65999999999997,1,1,1.0
60,4,148.21,752.61,162.48999999999998,106.78999999999996,1,1,1.0
60,5,98.8,823.4,229.3,175.89999999999998,1,1,1.0
60,6,155.2,814.21,245.5,158.79999999999995,1,1,1.0
60,7,549.52,431.83,341.68000000000006,159.96999999999997,1,1,1.0
60,8,427.9,706.3,331.5,151.4000000000001,1,1,1.0
60,9,710.4,539.8,342.15999999999997,196.20000000000005,1,1,1.0
60,10,1153.37,288.31,347.43000000000006,198.69,1,1,1.0
61,1,216.58,390.2,192.61999999999998,105.10000000000002,1,1,0.0
61,2,85.69,569.91,219.11,152.09000000000003,1,1,1.0
61,3,263.1,608.1,221.79999999999995,272.5,1,1,1.0
61,4,149.2,751.9,171.40000000000003,103.39999999999998,1,1,1.0
61,5,98.8,823.4,229.3,175.89999999999998,1,1,1.0
61,6,139.86,814.08,259.44,157.81999999999994,1,1,1.0
61,7,551.66,419.33,337.74,172.46999999999997,1,1,1.0
61,8,437.44,675.4,322.96,212.89999999999998,1,1,1.0
61,9,732.5,531.79,310.0,224.01,1,1,1.0
61,10,1151.83,286.27,349.0,201.8,1,1,1.0
62,1,226.7,390.5,183.7,108.39999999999998,1,1,0.0
62,2,88.49,568.43,215.40999999999997,150.47000000000003,1,1,1.0
62,3,264.5,628.2,211.2,248.5,1,1,1.0
62,4,145.7,750.1,174.90000000000003,106.39999999999998,1,1,1.0
62,5,98.8,823.4,229.3,175.89999999999998,1,1,1.0
62,6,145.22,814.44,252.38000000000002,159.95999999999992,1,1,1.0
62,7,542.84,436.33,344.86,152.27000000000004,1,1,1.0
62,8,441.4,664.9,306.9,200.10000000000002,1,1,1.0
62,9,733.8,512.96,297.69000000000005,269.93999999999994,1,1,1.0
62,10,1150.3,278.8,349.0,210.8,1,1,1.0
63,1,224.33,390.8,185.17,102.80000000000001,1,1,0.0
63,2,83.2,568.13,219.5,158.16999999999996,1,1,1.0
63,3,264.5,628.8,213.3,253.20000000000005,1,1,1.0
63,4,147.7,750.6,174.8,103.5,1,1,1.0
63,5,98.8,823.4,229.3,175.89999999999998,1,1,1.0
63,6,138.2,814.8,258.7,158.60000000000002,1,1,1.0
63,7,574.5,422.06,306.9,176.14000000000004,1,1,1.0
63,8,445.23,671.92,309.56999999999994,187.08000000000004,1,1,1.0
63,9,743.3,509.89,282.70000000000005,258.01,1,1,1.0
63,10,1153.4,275.8,345.89999999999986,213.8,1,1,1.0
64,1,217.1,390.5,193.6,104.30000000000001,1,1,0.0
64,2,88.32,569.61,215.28000000000003,150.59000000000003,1,1,1.0
64,3,264.9,615.0,220.70000000000005,264.5,1,1,1.0
64,4,147.23,752.36,177.07000000000002,104.13999999999999,1,1,1.0
64,5,98.8,823.4,229.3,175.89999999999998,1,1,1.0
64,6,142.47,814.44,254.03,157.8599999999999,1,1,1.0
64,7,583.55,423.84,287.55000000000007,189.56,1,1,1.0
64,8,453.02,670.9,301.28,182.89999999999998,1,1,1.0
64,9,748.3,490.58,249.10000000000002,221.32,1,1,1.0
64,10,1152.9,278.8,346.39999999999986,210.8,1,1,1.0
65,1,231.5,390.5,178.89999999999998,108.39999999999998,1,1,0.0
65,2,86.59,569.32,216.71,151.17999999999995,1,1,1.0
65,3,269.7,616.9,215.90000000000003,263.0,1,1,1.0
65,4,147.47,752.36,156.63000000000002,98.63999999999999,1,1,1.0
65,5,98.8,823.4,229.3,175.89999999999998,1,1,1.0
65,6,144.26,814.08,253.34000000000003,157.51999999999998,1,1,1.0
65,7,584.61,427.42,287.89,188.47999999999996,1,1,1.0
65,8,470.8,661.9,285.09999999999997,193.10000000000002,1,1,1.0
65,9,767.4,461.47,242.32000000000005,254.23000000000002,1,1,1.0
65,10,1150.3,280.3,349.0,209.3,1,1,1.0
66,1,218.4,381.49,188.20000000000002,111.50999999999999,1,1,0.0
66,2,82.6,570.5,224.29999999999998,153.29999999999995,1,1,1.0
66,3,268.0,616.9,217.60000000000002,266.5,1,1,1.0
66,4,147.0,750.1,154.60000000000002,107.60000000000002,1,1,1.0
66,5,98.8,823.4,229.3,175.89999999999998,1,1,1.0
66,6,136.77,815.16,262.63,157.14,1,1,1.0
66,7,585.67,425.51,281.93000000000006,190.78999999999996,1,1,1.0
66,8,478.81,659.85,277.79,193.14999999999998,1,1,1.0
66,9,766.9,405.16,231.45000000000005,309.04,1,1,1.0
66,10,1152.9,280.3,346.39999999999986,209.3,1,1,1.0
67,1,218.4,378.8,188.9,120.09999999999997,1,1,0.0
67,2,78.8,570.5,218.5,151.20000000000005,1,1,1.0
67,3,269.4,615.5,216.20000000000005,265.5,1,1,1.0
67,4,148.21,749.16,153.39000000000001,101.63999999999999,1,1,1.0
67,5,98.8,823.4,230.2,175.30000000000007,1,1,1.0
67,6,140.35,814.8,258.54999999999995,158.20000000000005,1,1,1.0
67,7,586.64,431.21,268.65999999999997,183.99000000000007,1,1,1.0
67,8,470.8,661.9,284.2,193.10000000000002,1,1,1.0
67,9,809.86,359.03,151.64,316.97,1,1,1.0
67,10,1152.3,263.7,347.0,225.90000000000003,1,1,1.0
68,1,222.84,380.3,185.05999999999997,119.5,1,1,0.0
68,2,77.5,570.5,224.8,151.20000000000005,1,1,1.0
68,3,269.7,621.9,215.90000000000003,260.80000000000007,1,1,1.0
68,4,149.69,749.16,154.61,108.04000000000008,1,1,1.0
68,5,98.8,823.4,229.3,175.89999999999998,1,1,1.0
68,6,139.28,814.8,260.02,157.10000000000002,1,1,1.0
68,7,586.65,428.01,270.05000000000007,186.09000000000003,1,1,1.0
68,8,470.8,661.9,287.8,193.10000000000002,1,1,1.0
68,9,816.11,376.84,186.99,339.76000000000005,1,1,1.0
68,10,1152.3,272.7,347.0,216.90000000000003,1,1,1.0
69,1,216.03,380.01,191.57000000000002,116.19,1,1,0.0
69,2,93.0,569.3,207.5,152.4000000000001,1,1,1.0
69,3,272.6,623.8,213.0,259.30000000000007,1,1,1.0
69,4,148.95,750.39,152.95,103.40999999999997,1,1,1.0
69,5,98.8,823.4,229.3,175.89999999999998,1,1,1.0
69,6,143.67,814.8,254.53,158.9000000000001,1,1,1.0
69,7,585.23,431.92,282.16999999999996,181.47999999999996,1,1,1.0
69,8,466.71,665.73,289.29,190.76999999999998,1,1,1.0
69,9,817.65,434.21,241.35000000000002,280.09,1,1,1.0
69,10,1150.3,280.2,349.0,209.40000000000003,1,1,1.0
70,1,219.88,378.83,186.82,118.57,1,1,0.0
70,2,88.2,570.5,215.40000000000003,151.20000000000005,1,1,1.0
70,3,270.8,623.8,214.8,259.80000000000007,1,1,1.0
70,4,149.2,753.1,155.40000000000003,101.69999999999993,1,1,1.0
70,5,98.8,823.4,230.2,175.30000000000007,1,1,1.0
70,6,141.17,814.08,255.93000000000004,157.81999999999994,1,1,1.0
70,7,584.87,425.39,280.73,187.31000000000006,1,1,1.0
70,8,467.32,668.29,287.18,187.71000000000004,1,1,1.0
70,9,791.5,439.73,339.0,204.87,1,1,1.0
70,10,1150.3,263.6,349.0,226.0,1,1,1.0
71,1,218.4,380.6,188.9,118.29999999999995,1,1,0.0
71,2,80.9,570.5,224.79999999999998,151.20000000000005,1,1,1.0
71,3,270.8,625.2,214.8,258.4,1,1,1.0
71,4,149.2,753.1,154.90000000000003,98.89999999999998,1,1,1.0
71,5,98.8,823.4,229.3,175.89999999999998,1,1,1.0
71,6,138.08,816.23,259.02,154.66999999999996,1,1,1.0
71,7,584.16,424.33,285.24,185.87000000000006,1,1,1.0
71,8,469.88,663.69,284.12,192.30999999999995,1,1,1.0
71,9,837.72,505.08,335.5799999999999,158.92000000000002,1,1,1.0
71,10,1151.8,266.1,347.5,223.5,1,1,1.0
72,1,215.74,377.94,191.56,119.45999999999998,1,1,0.0
72,2,85.6,573.2,225.79999999999998,157.39999999999998,1,1,1.0
72,3,270.4,625.2,215.20000000000005,260.19999999999993,1,1,1.0
72,4,149.2,753.1,154.10000000000002,91.29999999999995,1,1,1.0
72,5,98.8,823.4,229.3,175.89999999999998,1,1,1.0
72,6,141.53,815.16,258.97,156.44000000000005,1,1,1.0
72,7,583.44,417.3,280.15999999999997,189.40000000000003,1,1,1.0
72,8,475.15,657.88,278.15,196.12,1,1,1.0
72,9,868.3,546.7,365.29999999999995,119.79999999999995,1,1,1.0
72,10,1151.3,262.1,348.0,227.5,1,1,1.0
73,1,221.95,377.94,185.95,121.86000000000001,1,1,0.0
73,2,90.3,571.4,223.59999999999997,164.39999999999998,1,1,1.0
73,3,270.8,617.4,214.8,272.20000000000005,1,1,1.0
73,4,149.2,753.1,154.40000000000003,96.5,1,1,1.0
73,5,98.8,824.3,229.3,175.0,1,1,1.0
73,6,134.4,815.52,265.0,157.88,1,1,1.0
73,7,585.57,403.25,285.8299999999999,205.54999999999995,1,1,1.0
73,8,482.64,658.39,273.96000000000004,198.11,1,1,1.0
73,9,903.54,541.69,335.05999999999995,124.30999999999995,1,1,1.0
73,10,1152.3,264.4,347.0,225.70000000000005,1,1,1.0
74,1,217.51,372.5,190.09000000000003,124.89999999999998,1,1,0.0
74,2,92.9,572.6,223.70000000000002,168.10000000000002,1,1,1.0
74,3,273.3,620.3,212.3,268.30000000000007,1,1,1.0
74,4,149.2,753.1,155.60000000000002,97.0,1,1,1.0
74,5,97.91,824.29,230.79,174.11,1,1,1.0
74,6,159.5,814.8,237.10000000000002,160.0,1,1,1.0
74,7,584.5,402.9,290.5,204.10000000000002,1,1,1.0
74,8,484.91,656.85,271.69,200.14999999999998,1,1,1.0
74,9,898.43,543.73,337.66999999999996,122.26999999999998,1,1,1.0
74,10,1152.3,284.22,347.0,206.39999999999998,1,1,1.0
75,1,214.55,370.73,193.64999999999998,126.96999999999997,1,1,0.0
75,2,92.9,572.6,219.1,168.39999999999998,1,1,1.0
75,3,270.8,617.6,214.8,266.0,1,1,1.0
75,4,149.2,753.1,154.40000000000003,101.19999999999993,1,1,1.0
75,5,96.73,825.17,232.26999999999998,173.23000000000002,1,1,1.0
75,6,159.86,810.76,240.53999999999996,159.34000000000003,1,1,1.0
75,7,578.2,419.9,296.79999999999995,185.10000000000002,1,1,1.0
75,8,484.91,658.9,269.09,197.10000000000002,1,1,1.0
75,9,898.43,543.7,334.57000000000005,121.29999999999995,1,1,1.0
75,10,1151.8,288.5,347.5,198.5,1,1,1.0
76,1,220.47,372.8,187.13000000000002,112.19999999999999,1,1,0.0
76,2,74.1,572.9,245.79999999999998,146.60000000000002,1,1,1.0
76,3,268.7,611.9,216.90000000000003,274.9,1,1,1.0
76,4,149.2,753.1,150.7,103.89999999999998,1,1,1.0
76,5,96.7,826.1,232.3,173.5,1,1,1.0
76,6,160.93,812.3,245.57,155.70000000000005,1,1,1.0
76,7,582.6,428.7,295.1,175.2,1,1,1.0
76,8,481.84,658.9,272.66,196.60000000000002,1,1,1.0
76,9,897.0,544.8,344.5999999999999,121.71000000000004,1,1,1.0
76,10,1151.32,286.23,344.8800000000001,199.76999999999998,1,1,1.0
77,1,215.74,368.36,189.76,129.64,1,1,0.0
77,2,98.7,571.2,216.3,155.5999999999999,1,1,1.0
77,3,269.9,578.6,215.3,294.69999999999993,1,1,1.0
77,4,149.2,753.1,172.60000000000002,105.10000000000002,1,1,1.0
77,5,98.8,823.4,229.3,175.89999999999998,1,1,1.0
77,6,156.41,818.6,245.69000000000003,154.39999999999998,1,1,1.0
77,7,583.67,429.41,288.73,176.48999999999995,1,1,1.0
77,8,485.42,658.9,270.08,200.60000000000002,1,1,1.0
77,9,899.04,546.8,350.76,120.70000000000005,1,1,1.0
77,10,1151.32,288.21,347.98,199.39000000000004,1,1,1.0
78,1,216.92,375.32,194.28,128.88,1,1,0.0
78,2,107.1,567.9,203.9,160.10000000000002,1,1,1.0
78,3,343.0,573.8,138.7,319.20000000000005,1,1,1.0
78,4,149.2,753.1,197.7,111.0,1,1,1.0
78,5,98.8,823.4,229.3,175.89999999999998,1,1,1.0
78,6,157.27,806.46,253.73,173.33999999999992,1,1,1.0
78,7,582.6,435.0,295.1,175.0,1,1,1.0
78,8,482.35,660.43,274.2099999999999,198.57000000000005,1,1,1.0
78,9,898.53,542.2,334.56999999999994,123.29999999999995,1,1,1.0
78,10,1152.86,287.19,344.94000000000005,198.41000000000003,1,1,1.0
79,1,222.25,377.09,186.85000000000002,129.51000000000005,1,1,0.0
79,2,128.6,567.9,158.29999999999998,169.39999999999998,1,1,1.0
79,3,336.1,601.2,152.59999999999997,277.4,1,1,1.0
79,4,160.8,756.1,186.09999999999997,101.79999999999995,1,1,1.0
79,5,97.9,823.7,230.20000000000002,175.5999999999999,1,1,1.0
79,6,154.39,812.9,248.91000000000003,181.39999999999998,1,1,1.0
79,7,582.6,429.3,283.0,180.7,1,1,1.0
79,8,481.33,661.46,274.2,192.03999999999996,1,1,1.0
79,9,901.52,542.95,358.98,124.30999999999995,1,1,1.0
79,10,1153.37,280.42,343.33000000000015,209.27999999999997,1,1,1.0
80,1,214.8,373.6,193.42000000000002,138.60000000000002,1,1,0.0
80,2,74.2,570.5,242.5,169.89999999999998,1,1,1.0
80,3,336.1,601.2,157.59999999999997,269.9,1,1,1.0
80,4,159.3,753.8,187.59999999999997,106.60000000000002,1,1,1.0
80,5,98.5,824.6,229.60000000000002,174.69999999999993,1,1,1.0
80,6,159.27,815.96,244.03,177.64,1,1,1.0
80,7,585.8,430.01,276.70000000000005,183.09000000000003,1,1,1.0
80,8,472.3,658.9,278.09999999999997,194.10000000000002,1,1,1.0
80,9,926.4,539.2,362.80000000000007,127.5,1,1,1.0
80,10,1152.35,280.42,344.35000000000014,210.27999999999997,1,1,1.0
81,1,218.4,350.0,110.29999999999998,159.2,1,1,0.0
81,2,50.5,594.6,285.92,156.19999999999993,1,1,1.0
81,3,332.3,601.2,163.5,271.5999999999999,1,1,1.0
81,4,154.12,755.32,191.57999999999998,107.27999999999997,1,1,1.0
81,5,97.62,823.4,164.48000000000002,167.0,1,1,1.0
81,6,169.14,826.35,207.56,206.14999999999998,1,1,1.0
81,7,587.83,432.39,269.16999999999996,178.90999999999997,1,1,1.0
81,8,470.77,658.39,281.83000000000004,194.11,1,1,1.0
81,9,949.48,516.09,349.9200000000001,166.61,1,1,1.0
81,10,1152.35,284.45,345.45000000000005,201.65000000000003,1,1,1.0
82,1,218.1,348.52,108.79999999999998,160.68,1,1,0.0
82,2,86.5,590.4,257.4,141.10000000000002,1,1,1.0
82,3,338.8,611.28,159.3,261.12,1,1,1.0
82,4,135.82,762.3,212.57999999999998,112.75,1,1,1.0
82,5,98.21,827.24,224.49,170.36,1,1,1.0
82,6,213.16,828.38,209.54,192.22000000000003,1,1,1.0
82,7,581.66,430.37,247.74,181.23000000000002,1,1,1.0
82,8,472.3,653.6,281.3,202.5,1,1,1.0
82,9,941.76,527.46,332.03999999999996,166.83999999999992,1,1,1.0
82,10,1150.3,284.93,349.0,204.2,1,1,1.0
83,1,211.5,347.6,114.5,162.79999999999995,1,1,0.0
83,2,97.7,591.9,238.8,142.70000000000005,1,1,1.0
83,3,337.9,612.5,160.20000000000005,265.5,1,1,1.0
83,4,104.14,751.7,245.46000000000004,113.13,1,1,1.0
83,5,98.8,823.4,148.3,167.10000000000002,1,1,1.0
83,6,201.01,813.14,182.49,225.65999999999997,1,1,1.0
83,7,588.66,431.43,261.0400000000001,182.36999999999995,1,1,1.0
83,8,467.7,655.17,279.09999999999997,198.33000000000004,1,1,1.0
83,9,936.64,526.43,304.7600000000001,165.87,1,1,1.0
83,10,1150.3,269.6,349.0,218.51,1,1,1.0
84,1,218.3,348.52,107.30000000000001,158.58000000000004,1,1,0.0
84,2,97.7,594.5,238.8,143.10000000000002,1,1,1.0
84,3,353.0,591.8,139.39999999999998,305.0,1,1,1.0
84,4,135.6,769.41,224.29999999999998,115.38999999999999,1,1,1.0
84,5,96.4,823.4,141.29999999999998,167.10000000000002,1,1,1.0
84,6,225.64,774.97,147.16000000000003,265.1299999999999,1,1,1.0
84,7,541.92,438.1,334.48,169.69999999999993,1,1,1.0
84,8,469.7,663.4,280.59999999999997,193.10000000000002,1,1,1.0
84,9,939.2,524.9,316.5,168.39999999999998,1,1,1.0
84,10,1147.5,280.9,361.5999999999999,208.20000000000005,1,1,1.0
85,1,214.46,347.93,111.14000000000001,162.17000000000002,1,1,0.0
85,2,97.7,594.5,238.8,137.5,1,1,1.0
85,3,334.8,600.6,152.59999999999997,257.29999999999995,1,1,1.0
85,4,135.0,762.9,211.39999999999998,115.70000000000005,1,1,0.0
85,5,98.5,824.88,228.7,175.32000000000005,1,1,1.0
85,6,205.9,757.57,134.61999999999998,269.52999999999986,1,1,1.0
85,7,536.1,439.17,325.79999999999995,168.62999999999994,1,1,1.0
85,8,477.7,656.6,276.40000000000003,204.10000000000002,1,1,1.0
85,9,944.82,517.23,280.77999999999986,188.87,1,1,1.0
85,10,1150.04,274.1,362.6600000000001,218.09999999999997,1,1,1.0
86,1,212.98,349.11,111.41999999999999,159.49,1,1,0.0
86,2,94.6,592.7,244.20000000000002,133.5,1,1,1.0
86,3,356.1,600.6,143.89999999999998,249.10000000000002,1,1,1.0
86,4,140.4,761.01,228.15,123.59000000000003,1,1,1.0
86,5,98.8,822.81,229.0,176.49,1,1,1.0
86,6,221.9,777.7,154.4,238.0,1,1,1.0
86,7,571.2,429.3,287.5,189.59999999999997,1,1,1.0
86,8,478.69,655.07,273.41,201.82999999999993,1,1,1.0
86,9,933.83,518.13,298.76999999999987,207.47000000000003,1,1,1.0
86,10,1142.0,287.73,364.5999999999999,199.37,1,1,1.0
87,1,217.71,350.3,106.09,156.0,1,1,0.0
87,2,89.6,591.8,251.00000000000003,135.4000000000001,1,1,1.0
87,3,350.4,591.8,158.40000000000003,246.0,1,1,1.0
87,4,145.5,749.04,219.57,132.26,1,1,1.0
87,5,98.8,815.9,229.3,184.60000000000002,1,1,1.0
87,6,230.0,782.81,163.54000000000002,229.59000000000003,1,1,1.0
87,7,571.9,429.3,284.30000000000007,193.99999999999994,1,1,1.0
87,8,478.18,656.6,275.42,199.79999999999995,1,1,1.0
87,9,929.4,513.6,287.4,254.0,1,1,1.0
87,10,1143.54,280.39,358.96000000000004,209.81,1,1,1.0
88,1,213.57,350.59,110.82999999999998,160.71000000000004,1,1,0.0
88,2,71.7,591.8,269.5,148.5,1,1,1.0
88,3,348.5,591.8,160.3,246.0,1,1,1.0
88,4,143.7,755.26,217.22000000000003,132.94000000000005,1,1,1.0
88,5,98.8,815.9,229.89999999999998,182.80000000000007,1,1,1.0
88,6,222.2,793.76,188.0,213.24,1,1,1.0
88,7,571.9,429.3,284.30000000000007,187.09999999999997,1,1,1.0
88,8,476.13,656.09,275.97,199.80999999999995,1,1,1.0
88,9,982.83,506.36,229.16999999999996,287.34000000000003,1,1,1.0
88,10,1142.0,279.88,358.0999999999999,207.2,1,1,1.0
89,1,215.64,351.18,108.75999999999999,157.12,1,1,0.0
89,2,74.5,592.4,262.5,139.0,1,1,1.0
89,3,348.5,591.8,160.3,241.60000000000002,1,1,1.0
89,4,144.6,753.81,218.69000000000003,134.3900000000001,1,1,1.0
89,5,99.1,814.12,230.20000000000002,184.58000000000004,1,1,1.0
89,6,220.4,802.2,200.49999999999997,204.79999999999995,1,1,1.0
89,7,574.4,426.5,278.65999999999997,189.89999999999998,1,1,1.0
89,8,477.7,656.6,276.40000000000003,200.89999999999998,1,1,1.0
89,9,1076.89,517.09,162.51,352.49,1,1,1.0
89,10,1142.51,287.22,358.0999999999999,201.90999999999997,1,1,1.0
90,1,216.23,351.48,108.77000000000001,155.62,1,1,0.0
90,2,79.3,588.3,257.2,158.5,1,1,1.0
90,3,349.8,569.2,160.89999999999998,268.0,1,1,1.0
90,4,152.0,758.22,210.7,130.38,1,1,1.0
90,5,99.69,814.42,228.70999999999998,183.68000000000006,1,1,1.0
90,6,220.4,803.5,209.9,203.5,1,1,1.0
90,7,574.4,429.3,277.4,190.7,1,1,1.0
90,8,479.71,658.65,274.89000000000004,197.25,1,1,1.0
90,9,1117.0,508.8,117.90000000000009,367.8,1,1,1.0
90,10,1136.0,295.2,364.0999999999999,192.91000000000003,1,1,1.0
91,1,212.68,351.48,114.42000000000002,160.12,1,1,0.0
91,2,75.7,588.6,260.3,152.10000000000002,1,1,1.0
91,3,353.8,538.4,160.7,297.30000000000007,1,1,1.0
91,4,152.6,758.8,209.21,130.30000000000007,1,1,1.0
91,5,98.8,814.42,229.89999999999998,184.2800000000001,1,1,1.0
91,6,220.4,803.5,209.9,203.5,1,1,1.0
91,7,574.04,425.39,261.96000000000004,194.21000000000004,1,1,1.0
91,8,470.51,660.69,282.09000000000003,194.70999999999992,1,1,1.0
91,9,1104.9,527.64,124.0,365.56000000000006,1,1,1.0
91,10,1120.96,291.79,388.1399999999999,201.60999999999996,1,1,1.0
92,1,216.53,351.48,110.86999999999998,156.51999999999998,1,1,0.0
92,2,76.3,589.8,259.7,149.0,1,1,1.0
92,3,350.8,554.7,163.7,282.0999999999999,1,1,1.0
92,4,152.9,758.5,210.1,130.60000000000002,1,1,1.0
92,5,99.1,813.53,230.20000000000002,184.87,1,1,1.0
92,6,220.4,805.4,232.49999999999997,201.60000000000002,1,1,1.0
92,7,572.3,423.0,249.4000000000001,193.39999999999998,1,1,1.0
92,8,480.22,645.52,269.38,215.48000000000002,1,1,1.0
92,9,1072.7,541.4,149.64999999999986,363.6,1,1,1.0
92,10,1118.41,285.66,391.78999999999996,209.33999999999997,1,1,1.0
93,1,218.16,352.28,109.64000000000001,158.72000000000003,1,1,0.0
93,2,76.3,589.8,262.8,158.4000000000001,1,1,1.0
93,3,355.3,557.68,158.34999999999997,276.22,1,1,1.0
93,4,152.9,760.28,210.98,128.82000000000005,1,1,1.0
93,5,98.8,812.8,229.59999999999997,185.9000000000001,1,1,1.0
93,6,220.4,805.4,239.99999999999997,201.60000000000002,1,1,1.0
93,7,574.4,418.6,245.20000000000005,197.39999999999998,1,1,1.0
93,8,477.6,648.08,275.5,208.81999999999994,1,1,1.0
93,9,1027.2,541.4,210.25,324.9,1,1,1.0
93,10,1143.3,286.39,367.10000000000014,208.51,1,1,1.0
94,1,218.01,352.49,138.29000000000002,155.51,1,1,0.0
94,2,76.0,589.2,266.2,157.79999999999995,1,1,1.0
94,3,356.5,567.7,155.44,264.5,1,1,1.0
94,4,151.7,758.8,215.40000000000003,131.20000000000005,1,1,1.0
94,5,97.62,813.1,231.07999999999998,186.5,1,1,1.0
94,6,220.4,805.4,234.99999999999997,201.60000000000002,1,1,1.0
94,7,574.4,423.6,241.60000000000002,189.69999999999993,1,1,1.0
94,8,475.04,653.06,278.06,202.6400000000001,1,1,1.0
94,9,1028.0,561.07,211.5,311.7299999999999,1,1,1.0
94,10,1141.26,286.9,367.1400000000001,206.51000000000005,1,1,1.0
95,1,254.02,393.89,117.67999999999998,115.91000000000003,1,1,0.0
95,2,77.9,588.3,266.4,179.80000000000007,1,1,1.0
95,3,358.0,568.56,155.22000000000003,260.6400000000001,1,1,1.0
95,4,152.6,756.4,214.20000000000002,132.39999999999998,1,1,1.0
95,5,98.8,812.8,229.3,187.70000000000005,1,1,1.0
95,6,220.4,805.4,229.99999999999997,201.60000000000002,1,1,1.0
95,7,574.4,418.38,245.39999999999998,198.72000000000003,1,1,1.0
95,8,476.58,653.57,276.52000000000004,202.13,1,1,1.0
95,9,1028.5,561.07,213.04999999999995,310.2299999999999,1,1,1.0
95,10,1138.2,276.4,370.20000000000005,217.01000000000005,1,1,1.0
96,1,220.77,382.88,165.33,110.92000000000002,1,1,0.0
96,2,77.9,588.6,266.4,166.39999999999998,1,1,1.0
96,3,356.7,565.57,156.09999999999997,268.7299999999999,1,1,1.0
96,4,152.6,756.1,211.6,132.10000000000002,1,1,1.0
96,5,98.8,812.8,229.89999999999998,186.5,1,1,1.0
96,6,220.4,805.4,242.6,201.60000000000002,1,1,1.0
96,7,574.4,420.51,250.70000000000005,199.78999999999996,1,1,1.0
96,8,475.04,655.61,279.16,197.49,1,1,1.0
96,9,1018.9,563.62,222.54000000000008,347.98,1,1,1.0
96,10,1127.7,264.3,380.70000000000005,229.11,1,1,1.0
97,1,221.65,383.9,171.15,117.60000000000002,1,1,0.0
97,2,64.3,589.8,280.0,150.5,1,1,1.0
97,3,355.5,568.67,157.72000000000003,261.73,1,1,1.0
97,4,152.6,756.7,210.1,131.19999999999993,1,1,1.0
97,5,98.5,811.62,230.5,187.38,1,1,1.0
97,6,220.4,805.4,211.79999999999998,201.60000000000002,1,1,1.0
97,7,574.4,421.7,245.39999999999998,197.3,1,1,1.0
97,8,476.58,651.01,276.52000000000004,204.69000000000005,1,1,1.0
97,9,1050.8,567.99,190.6500000000001,351.71000000000004,1,1,1.0
97,10,1123.2,264.3,379.20000000000005,229.11,1,1,1.0
98,1,234.57,386.7,164.82999999999998,116.90000000000003,1,1,0.0
98,2,69.5,591.9,274.8,143.70000000000005,1,1,1.0
98,3,353.4,557.26,160.25,273.64,1,1,1.0
98,4,153.2,755.8,209.5,133.0,1,1,1.0
98,5,97.62,811.32,230.18,187.67999999999995,1,1,1.0
98,6,226.1,805.4,206.1,201.60000000000002,1,1,1.0
98,7,574.4,421.7,245.39999999999998,193.50000000000006,1,1,1.0
98,8,473.61,653.06,280.28999999999996,201.34000000000003,1,1,1.0
98,9,1039.5,569.52,202.45000000000005,339.78,1,1,1.0
98,10,1127.7,266.9,374.70000000000005,226.51000000000005,1,1,1.0
99,1,236.05,397.41,162.45,125.98999999999995,1,1,0.0
99,2,68.0,591.9,276.6,140.0,1,1,1.0
99,3,355.5,550.87,157.72000000000003,272.33000000000004,1,1,1.0
99,4,152.3,756.1,213.7,131.79999999999995,1,1,1.0
99,5,98.21,812.21,230.49,186.49,1,1,1.0
99,6,226.1,811.1,228.1,195.89999999999998,1,1,1.0
99,7,576.17,425.86,240.43000000000006,190.74,1,1,1.0
99,8,472.59,653.57,280.81,198.7299999999999,1,1,1.0
99,9,1028.8,570.03,215.20000000000005,341.37,1,1,1.0
99,10,1116.9,262.3,385.5,231.11,1,1,1.0
100,1,238.97,388.61,164.6,138.99,1,1,0.0
100,2,68.5,591.9,275.8,140.0,1,1,1.0
100,3,352.5,560.67,161.14999999999998,271.0300000000001,1,1,1.0
100,4,151.7,755.54,215.73000000000002,132.36,1,1,1.0
100,5,98.8,811.32,230.2,186.4799999999999,1,1,1.0
100,6,226.1,806.1,206.79999999999998,200.89999999999998,1,1,1.0
100,7,574.4,425.5,239.70000000000005,189.70000000000005,1,1,1.0
100,8,472.08,654.08,281.32,197.2199999999999,1,1,1.0
100,9,1043.3,573.1,201.21000000000004,329.0,1,1,1.0
100,10,1111.32,292.2,390.08000000000015,200.2,1,1,1.0
101,1,235.12,379.8,179.7,148.49999999999994,1,1,0.0
101,2,67.0,591.9,277.3,139.0,1,1,1.0
101,3,355.5,554.7,159.0,274.9,1,1,1.0
101,4,152.0,755.55,216.32,133.85000000000002,1,1,1.0
101,5,99.1,812.21,229.6,187.08999999999992,1,1,1.0
101,6,226.1,806.1,213.79999999999998,200.89999999999998,1,1,1.0
101,7,576.53,419.33,253.17000000000007,197.27000000000004,1,1,1.0
101,8,470.54,655.1,282.85999999999996,198.29999999999995,1,1,1.0
101,9,1037.9,575.66,207.62999999999988,308.34000000000003,1,1,1.0
101,10,1126.46,288.4,383.94000000000005,205.0,1,1,1.0
102,1,230.77,378.03,184.92999999999998,152.47000000000003,1,1,0.0
102,2,69.3,592.2,274.4,137.2199999999999,1,1,1.0
102,3,355.5,574.8,159.0,253.5,1,1,1.0
102,4,152.0,755.25,215.14,133.85000000000002,1,1,1.0
102,5,98.8,812.8,229.3,187.70000000000005,1,1,1.0
102,6,226.1,806.1,213.1,200.89999999999998,1,1,1.0
102,7,572.98,415.64,266.62,193.26,1,1,1.0
102,8,475.14,654.59,280.76,199.30999999999995,1,1,1.0
102,9,1039.4,578.04,226.42999999999984,310.76,1,1,1.0
102,10,1111.32,286.1,405.60000000000014,207.31,1,1,1.0
103,1,235.47,378.92,182.63000000000002,154.28000000000003,1,1,0.0
103,2,69.0,591.9,275.3,139.0,1,1,1.0
103,3,355.5,574.8,159.0,253.5,1,1,1.0
103,4,152.0,755.84,219.27999999999997,132.95999999999992,1,1,1.0
103,5,98.8,812.8,229.3,187.70000000000005,1,1,1.0
103,6,222.9,806.1,216.29999999999998,200.89999999999998,1,1,1.0
103,7,574.75,416.7,254.54999999999995,202.2,1,1,1.0
103,8,473.61,654.59,280.78999999999996,197.70999999999992,1,1,1.0
103,9,1038.9,577.54,226.92999999999984,325.56000000000006,1,1,1.0
103,10,1121.6,281.6,394.3000000000002,211.81,1,1,1.0
104,1,233.4,383.36,189.20000000000002,150.64,1,1,0.0
104,2,76.5,591.0,267.8,144.89999999999998,1,1,1.0
104,3,353.4,577.9,161.10000000000002,250.39999999999998,1,1,1.0
104,4,153.2,755.55,217.49,133.25,1,1,1.0
104,5,98.8,812.8,230.09999999999997,186.4000000000001,1,1,1.0
104,6,225.0,806.1,215.60000000000002,199.10000000000002,1,1,1.0
104,7,576.79,421.67,261.70000000000005,202.2,1,1,1.0
104,8,475.14,652.99,280.26,198.30999999999995,1,1,1.0
104,9,1029.5,576.0,221.29999999999995,305.0,1,1,1.0
104,10,1120.07,281.6,395.83000000000015,213.29999999999995,1,1,1.0
105,1,233.1,384.24,189.20000000000002,149.46000000000004,1,1,0.0
105,2,79.5,588.21,264.8,143.58999999999992,1,1,1.0
105,3,340.6,576.0,148.79999999999995,264.9,1,1,1.0
105,4,152.29,755.84,189.41,132.05999999999995,1,1,1.0
105,5,98.8,812.8,230.2,186.0,1,1,1.0
105,6,226.1,806.1,213.1,200.89999999999998,1,1,1.0
105,7,576.8,421.0,251.70000000000005,200.39999999999998,1,1,1.0
105,8,473.1,654.52,280.29999999999995,197.77999999999997,1,1,1.0
105,9,1055.58,576.8,212.30000000000018,289.1,1,1,1.0
105,10,1121.09,282.62,394.3100000000002,211.27999999999997,1,1,1.0
106,1,237.54,384.54,189.16,147.16000000000003,1,1,0.0
106,2,86.8,587.21,255.2,142.0999999999999,1,1,1.0
106,3,321.0,599.9,173.8,215.30000000000007,1,1,1.0
106,4,151.7,755.9,202.7,133.20000000000005,1,1,1.0
106,5,98.8,812.8,230.59999999999997,186.80000000000007,1,1,1.0
106,6,226.1,806.1,213.1,200.89999999999998,1,1,1.0
106,7,577.5,416.7,266.6,207.2,1,1,1.0
106,8,473.1,656.05,280.79999999999995,196.85000000000002,1,1,1.0
106,9,1058.5,576.8,198.3699999999999,311.20000000000005,1,1,1.0
106,10,1117.8,283.13,398.10000000000014,209.76999999999998,1,1,1.0
107,1,232.81,384.54,189.19,148.85999999999996,1,1,0.0
107,2,79.5,586.91,264.0,156.49,1,1,1.0
107,3,286.7,630.0,242.3,152.79999999999995,1,1,1.0
107,4,151.7,756.1,231.10000000000002,132.69999999999993,1,1,1.0
107,5,98.8,812.8,231.39999999999998,187.70000000000005,1,1,1.0
107,6,224.0,806.1,215.2,199.5,1,1,1.0
107,7,576.43,420.04,258.37,216.85999999999996,1,1,1.0
107,8,477.19,652.99,277.71,200.40999999999997,1,1,1.0
107,9,1050.3,574.75,204.51999999999998,307.25,1,1,1.0
107,10,1110.88,283.65,401.41999999999985,211.25,1,1,1.0
108,1,233.4,383.65,191.6,149.14999999999998,1,1,0.0
108,2,70.6,588.1,273.1,149.39999999999998,1,1,1.0
108,3,284.6,618.7,253.19999999999993,160.69999999999993,1,1,1.0
108,4,151.7,755.0,231.3,133.79999999999995,1,1,1.0
108,5,98.8,812.8,230.59999999999997,186.80000000000007,1,1,1.0
108,6,226.1,806.1,213.1,200.89999999999998,1,1,1.0
108,7,576.08,420.75,259.12,217.85000000000002,1,1,1.0
108,8,474.12,654.01,280.78,195.28999999999996,1,1,1.0
108,9,1021.2,578.33,234.12999999999988,339.87,1,1,1.0
108,10,1113.34,282.11,403.5600000000002,209.28999999999996,1,1,1.0
109,1,232.81,385.0,190.99,147.53999999999996,1,1,0.0
109,2,69.12,589.6,271.6,144.19999999999993,1,1,1.0
109,3,287.1,611.2,250.69999999999993,169.5,1,1,1.0
109,4,152.0,755.4,229.2,133.39999999999998,1,1,1.0
109,5,98.8,812.8,231.0,186.80000000000007,1,1,1.0
109,6,224.3,806.1,205.5,200.19999999999993,1,1,1.0
109,7,577.5,418.26,260.4,215.84000000000003,1,1,1.0
109,8,469.01,654.52,285.89,196.27999999999997,1,1,1.0
109,9,1038.9,592.45,220.51999999999998,323.94999999999993,1,1,1.0
109,10,1114.1,281.6,401.3000000000002,212.79999999999995,1,1,1.0
110,1,232.69,384.72,193.11,147.98000000000002,1,1,0.0
110,2,62.79,590.79,282.40999999999997,147.4000000000001,1,1,1.0
110,3,280.7,611.2,259.59999999999997,158.79999999999995,1,1,1.0
110,4,151.7,755.7,230.40000000000003,132.79999999999995,1,1,1.0
110,5,98.8,812.8,231.5,186.4000000000001,1,1,1.0
110,6,226.1,806.1,194.9,200.89999999999998,1,1,1.0
110,7,581.1,417.07,261.65999999999997,199.8,1,1,1.0
110,8,480.77,652.48,274.13,200.41999999999996,1,1,1.0
110,9,1014.7,611.69,265.46000000000004,300.2099999999999,1,1,1.0
110,10,1115.63,283.13,400.27,211.76999999999998,1,1,1.0
111,1,236.24,384.01,189.86,149.69000000000005,1,1,0.0
111,2,60.1,590.5,284.29999999999995,150.89999999999998,1,1,1.0
111,3,287.1,612.5,256.19999999999993,153.70000000000005,1,1,1.0
111,4,152.59,755.11,229.91,133.09000000000003,1,1,1.0
111,5,98.8,812.8,231.39999999999998,186.80000000000007,1,1,1.0
111,6,225.0,806.1,197.3,200.19999999999993,1,1,1.0
111,7,572.5,420.9,270.29999999999995,199.5,1,1,1.0
111,8,471.57,652.99,282.33,198.90999999999997,1,1,1.0
111,9,1026.0,609.3,248.20000000000005,299.1,1,1,1.0
111,10,1097.5,282.62,417.9000000000001,212.27999999999997,1,1,1.0
112,1,235.88,385.21,190.51999999999998,145.29000000000002,1,1,0.0
112,2,66.9,591.1,276.9,139.89999999999998,1,1,1.0
112,3,287.1,613.1,257.0,150.10000000000002,1,1,1.0
112,4,152.59,755.7,230.51000000000002,132.79999999999995,1,1,1.0
112,5,98.8,812.8,231.0,186.4000000000001,1,1,1.0
112,6,225.0,804.7,195.5,201.5999999999999,1,1,1.0
112,7,567.9,424.8,275.96000000000004,194.59999999999997,1,1,1.0
112,8,470.54,652.99,282.35999999999996,196.90999999999997,1,1,1.0
112,9,1029.5,614.92,242.66000000000008,295.48,1,1,1.0
112,10,1111.1,282.62,403.3000000000002,211.27999999999997,1,1,1.0
113,1,233.4,385.57,187.99999999999997,147.13000000000005,1,1,0.0
113,2,62.2,590.9,280.7,140.10000000000002,1,1,1.0
113,3,287.1,613.1,253.19999999999993,153.10000000000002,1,1,1.0
113,4,151.7,755.4,231.8,133.39999999999998,1,1,1.0
113,5,97.5,812.8,231.89999999999998,186.80000000000007,1,1,1.0
113,6,224.7,804.3,195.10000000000002,201.60000000000002,1,1,1.0
113,7,569.8,426.22,280.0,192.07999999999993,1,1,1.0
113,8,468.82,652.48,285.08,197.91999999999996,1,1,1.0
113,9,1029.5,614.41,243.17000000000007,283.99,1,1,1.0
113,10,1096.54,284.16,419.3600000000001,209.73999999999995,1,1,1.0
114,1,239.43,385.57,185.17000000000002,145.63000000000005,1,1,0.0
114,2,63.8,590.9,282.7,140.10000000000002,1,1,1.0
114,3,293.4,613.1,252.60000000000002,149.29999999999995,1,1,1.0
114,4,152.3,755.4,231.68,132.80000000000007,1,1,1.0
114,5,98.8,812.8,229.7,186.80000000000007,1,1,1.0
114,6,225.4,805.38,196.17999999999998,199.12,1,1,1.0
114,7,570.1,430.83,280.65,179.67000000000002,1,1,1.0
114,8,476.1,655.03,277.79999999999995,200.37,1,1,1.0
114,9,1039.0,612.37,236.74,284.73,1,1,1.0
114,10,1117.13,282.11,398.77,212.78999999999996,1,1,1.0
115,1,234.82,385.92,188.38,147.07999999999998,1,1,0.0
115,2,78.9,590.0,270.79999999999995,137.29999999999995,1,1,1.0
115,3,302.8,610.0,243.2,148.70000000000005,1,1,1.0
115,4,151.7,755.11,232.7,133.39,1,1,1.0
115,5,96.65,810.65,230.54999999999998,188.55000000000007,1,1,1.0
115,6,224.0,804.31,196.87,200.8900000000001,1,1,1.0
115,7,572.2,428.71,275.3599999999999,202.08999999999997,1,1,1.0
115,8,474.63,655.54,279.77,199.36,1,1,1.0
115,9,1036.2,613.1,248.5,296.6,1,1,1.0
115,10,1111.8,283.13,404.10000000000014,211.81,1,1,1.0
116,1,234.46,386.28,189.04,147.12,1,1,0.0
116,2,78.9,587.9,271.70000000000005,135.20000000000005,1,1,1.0
116,3,313.07,608.72,239.40000000000003,152.07999999999993,1,1,1.0
116,4,152.29,755.11,233.00000000000003,133.09000000000003,1,1,1.0
116,5,96.22,811.08,231.88000000000002,186.81999999999994,1,1,1.0
116,6,224.0,804.67,196.51,199.83000000000004,1,1,1.0
116,7,574.1,434.2,273.11,194.8,1,1,1.0
116,8,475.14,653.5,279.26,200.29999999999995,1,1,1.0
116,9,1032.2,620.41,246.47000000000003,300.2900000000001,1,1,1.0
116,10,1115.82,282.62,401.1100000000001,211.81,1,1,1.0
117,1,237.68,385.57,188.01999999999998,147.82999999999998,1,1,0.0
117,2,81.5,587.64,269.1,136.06000000000006,1,1,1.0
117,3,308.4,606.9,242.60000000000002,154.89999999999998,1,1,1.0
117,4,152.29,755.7,232.41,132.79999999999995,1,1,1.0
117,5,96.65,811.08,231.85,187.7199999999999,1,1,1.0
117,6,223.59,804.67,196.20000000000002,200.9000000000001,1,1,1.0
117,7,569.8,435.62,277.76,196.38,1,1,1.0
117,8,473.1,655.03,280.79999999999995,195.76999999999998,1,1,1.0
117,9,1023.0,615.47,255.16000000000008,329.3299999999999,1,1,1.0
117,10,1095.0,282.1,416.29999999999995,210.79999999999995,1,1,1.0
118,1,232.0,386.63,191.89999999999998,144.57000000000005,1,1,0.0
118,2,83.6,587.5,265.20000000000005,139.29999999999995,1,1,1.0
118,3,303.5,606.9,247.5,154.89999999999998,1,1,1.0
118,4,152.59,755.7,231.51000000000002,132.79999999999995,1,1,1.0
118,5,96.65,810.65,230.15,188.14999999999998,1,1,1.0
118,6,221.4,803.59,198.39000000000001,200.90999999999997,1,1,1.0
118,7,568.1,434.2,282.29999999999995,196.7,1,1,1.0
118,8,473.1,655.04,280.79999999999995,195.86,1,1,1.0
118,9,1016.8,613.93,257.26,309.2700000000001,1,1,1.0
118,10,1110.04,290.96,399.3600000000001,201.44,1,1,1.0
119,1,235.9,386.28,188.29999999999998,145.72000000000003,1,1,0.0
119,2,79.4,588.8,269.1,145.80000000000007,1,1,1.0
119,3,305.6,606.9,245.39999999999998,154.89999999999998,1,1,1.0
119,4,151.7,754.5,233.0,134.29999999999995,1,1,1.0
119,5,96.7,810.4,232.40000000000003,189.60000000000002,1,1,1.0
119,6,225.0,802.52,195.14999999999998,201.98000000000002,1,1,1.0
119,7,572.3,431.7,278.1,195.3,1,1,1.0
119,8,474.63,655.03,281.27,196.87,1,1,1.0
119,9,1013.2,614.95,261.3799999999999,306.25,1,1,1.0
119,10,1101.74,296.73,406.1600000000001,195.16999999999996,1,1,1.0
120,1,238.03,385.92,187.97,145.28000000000003,1,1,0.0
120,2,77.92,588.21,272.97999999999996,146.99,1,1,1.0
120,3,303.5,606.9,247.5,154.89999999999998,1,1,1.0
120,4,151.7,755.1,233.0,133.39999999999998,1,1,1.0
120,5,96.4,811.3,231.70000000000002,189.20000000000005,1,1,1.0
120,6,224.0,803.95,192.94,201.25,1,1,1.0
120,7,571.9,434.2,278.5,204.2,1,1,1.0
120,8,474.63,655.54,281.27,195.86,1,1,1.0
120,9,1031.9,613.93,235.51999999999998,311.7700000000001,1,1,1.0
120,10,1109.21,296.22,395.0999999999999,198.20999999999998,1,1,1.0
121,1,232.35,385.21,194.35,147.08999999999997,1,1,0.0
121,2,84.0,586.7,264.5,150.5,1,1,1.0
121,3,303.5,606.9,247.5,154.89999999999998,1,1,1.0
121,4,151.7,755.7,233.0,133.0999999999999,1,1,1.0
121,5,94.92,811.01,233.18,187.99,1,1,1.0
121,6,223.6,803.59,192.98,202.01,1,1,1.0
121,7,571.2,434.2,279.19999999999993,207.40000000000003,1,1,1.0
121,8,473.1,655.03,281.29999999999995,198.37,1,1,1.0
121,9,1030.1,612.91,242.94000000000005,306.2900000000001,1,1,1.0
121,10,1108.87,295.71,396.93000000000006,197.19,1,1,1.0
