1,1,1024.1,313.3,159.9000000000001,352.3,1,1,1.0
1,2,409.1,619.7,182.19999999999993,261.5,1,1,1.0
1,3,328.0,431.3,191.5,223.2,1,1,1.0
1,4,489.4,676.9,336.30000000000007,133.0,1,1,1.0
1,5,676.0,848.1,291.6,109.39999999999998,1,1,1.0
1,6,649.6,696.7,314.5,155.69999999999993,1,1,1.0
1,7,173.4,468.4,267.79999999999995,155.70000000000005,1,1,1.0
1,8,581.5,603.2,414.6,110.0,1,1,1.0
1,9,322.1,612.5,200.0,263.9,1,1,1.0
1,10,707.6,389.8,245.0,241.7,1,1,1.0
2,1,1012.3,313.3,170.79999999999995,356.8,1,1,1.0
2,2,405.3,639.6,190.8,258.0,1,1,1.0
2,3,342.3,429.4,182.2,208.80000000000007,1,1,1.0
2,4,502.6,685.7,277.19999999999993,126.69999999999993,1,1,1.0
2,5,671.4,846.6,282.6,110.89999999999998,1,1,1.0
2,6,647.8,689.5,316.30000000000007,161.10000000000002,1,1,1.0
2,7,159.6,468.4,281.0,158.80000000000007,1,1,1.0
2,8,577.0,591.1,390.5,138.60000000000002,1,1,1.0
2,9,340.16,559.3,321.54,163.20000000000005,1,1,1.0
2,10,701.2,411.2,243.89999999999998,237.00000000000006,1,1,1.0
3,1,1003.3,334.1,240.4000000000001,258.19999999999993,1,1,1.0
3,2,446.1,658.1,149.79999999999995,255.79999999999995,1,1,1.0
3,3,319.3,425.6,216.49999999999994,210.10000000000002,1,1,1.0
3,4,517.0,665.0,240.89999999999998,225.29999999999995,1,1,1.0
3,5,671.4,848.1,284.1,111.69999999999993,1,1,1.0
3,6,649.6,694.0,385.1,153.89999999999998,1,1,1.0
3,7,160.9,469.6,280.29999999999995,155.10000000000002,1,1,1.0
3,8,582.7,590.7,434.5,128.39999999999998,1,1,1.0
3,9,388.1,552.4,341.0,151.10000000000002,1,1,1.0
3,10,693.1,401.4,326.0,257.20000000000005,1,1,1.0
4,1,996.1,340.4,244.89999999999998,237.39999999999998,1,1,1.0
4,2,385.2,658.1,211.3,226.29999999999995,1,1,1.0
4,3,310.5,423.1,221.5,214.5,1,1,1.0
4,4,536.5,640.5,202.89999999999998,231.60000000000002,1,1,1.0
4,5,664.6,847.3,303.69999999999993,111.0,1,1,1.0
4,6,680.3,686.8,380.70000000000005,159.30000000000007,1,1,1.0
4,7,152.1,469.1,288.5,155.0,1,1,1.0
4,8,566.5,560.2,312.29999999999995,143.39999999999998,1,1,1.0
4,9,405.5,553.1,300.0,144.79999999999995,1,1,1.0
4,10,689.6,411.8,290.69999999999993,233.49999999999994,1,1,1.0
5,1,993.4,335.9,246.69999999999993,241.89999999999998,1,1,1.0
5,2,395.9,659.4,187.80000000000007,243.20000000000005,1,1,1.0
5,3,319.3,430.0,208.3,210.10000000000002,1,1,1.0
5,4,527.1,641.8,221.29999999999995,244.70000000000005,1,1,1.0
5,5,660.0,853.3,360.29999999999995,106.5,1,1,1.0
5,6,680.3,663.3,339.1,184.60000000000002,1,1,1.0
5,7,187.3,470.9,253.3,146.89999999999998,1,1,1.0
5,8,557.5,612.2,380.6,116.0,1,1,1.0
5,9,405.5,550.3,327.79999999999995,160.10000000000002,1,1,1.0
5,10,682.7,411.8,333.5,217.90000000000003,1,1,1.0
6,1,1030.5,317.8,168.9000000000001,262.7,1,1,1.0
6,2,397.2,647.8,163.90000000000003,247.9000000000001,1,1,1.0
6,3,301.7,434.4,227.8,209.5,1,1,1.0
6,4,507.6,712.1,235.79999999999995,151.79999999999995,1,1,1.0
6,5,663.8,852.5,373.10000000000014,106.5,1,1,1.0
6,6,687.5,685.9,354.5,160.20000000000005,1,1,1.0
6,7,204.3,469.6,240.09999999999997,152.60000000000002,1,1,1.0
6,8,571.8,614.5,369.30000000000007,106.20000000000005,1,1,1.0
6,9,417.3,553.1,327.8,174.69999999999993,1,1,1.0
6,10,676.3,419.3,329.5,198.2,1,1,1.0
7,1,1030.5,312.4,177.0,338.6,1,1,1.0
7,2,409.9,644.3,138.60000000000002,244.5,1,1,1.0
7,3,326.2,431.3,199.53000000000003,211.99999999999994,1,1,1.0
7,4,540.3,694.1,169.20000000000005,227.60000000000002,1,1,1.0
7,5,672.1,829.9,355.80000000000007,123.10000000000002,1,1,1.0
7,6,685.7,653.3,332.79999999999995,176.5,1,1,1.0
7,7,230.7,469.6,211.8,151.29999999999995,1,1,1.0
7,8,562.0,566.3,311.29999999999995,161.9000000000001,1,1,1.0
7,9,402.0,505.9,248.70000000000005,226.10000000000002,1,1,1.0
7,10,713.3,421.0,337.10000000000014,180.89999999999998,1,1,1.0
8,1,1035.0,316.9,173.4000000000001,310.6,1,1,1.0
8,2,337.5,654.3,236.0,219.4000000000001,1,1,1.0
8,3,346.9,427.5,178.83000000000004,209.5,1,1,1.0
8,4,567.3,623.0,127.10000000000002,323.20000000000005,1,1,1.0
8,5,680.7,807.3,330.5999999999999,149.5,1,1,1.0
8,6,684.8,653.3,351.79999999999995,170.20000000000005,1,1,1.0
8,7,261.5,447.6,174.39999999999998,213.5,1,1,1.0
8,8,575.6,560.3,279.6,178.4000000000001,1,1,1.0
8,9,463.1,403.8,252.19999999999993,308.8,1,1,1.0
8,10,812.8,400.2,257.9000000000001,191.3,1,1,1.0
9,1,1053.1,280.7,151.70000000000005,270.8,1,1,1.0
9,2,262.1,721.3,260.69999999999993,131.10000000000002,1,1,1.0
9,3,359.5,436.3,172.5,213.90000000000003,1,1,1.0
9,4,562.3,597.3,144.0,307.5,1,1,1.0
9,5,686.4,842.0,338.5000000000001,117.79999999999995,1,1,1.0
9,6,675.8,701.2,354.5,144.89999999999998,1,1,1.0
9,7,255.8,446.3,176.0,222.99999999999994,1,1,1.0
9,8,596.7,543.0,258.5,211.5,1,1,1.0
9,9,568.6,370.5,284.9,262.9,1,1,1.0
9,10,871.2,369.0,220.29999999999995,311.6,1,1,1.0
10,1,1030.5,282.5,204.0999999999999,239.20000000000005,1,1,1.0
10,2,224.4,700.8,285.79999999999995,132.10000000000002,1,1,1.0
10,3,366.4,438.2,168.10000000000002,200.7,1,1,1.0
10,4,523.4,576.6,185.39999999999998,285.5,1,1,1.0
10,5,678.1,793.8,319.69999999999993,163.0,1,1,1.0
10,6,698.4,646.0,365.4,191.10000000000002,1,1,1.0
10,7,262.7,448.8,170.90000000000003,215.49999999999994,1,1,1.0
10,8,608.0,536.2,251.70000000000005,221.29999999999995,1,1,1.0
10,9,585.3,276.1,316.1,224.7,1,1,1.0
10,10,850.9,383.5,312.9,204.5,1,1,1.0
11,1,866.8,325.9,333.4000000000001,155.0,1,1,1.0
11,2,316.1,706.5,171.5,149.0,1,1,1.0
11,3,378.4,435.7,159.30000000000007,193.8,1,1,1.0
11,4,520.9,580.4,225.60000000000002,282.9,1,1,1.0
11,5,684.9,845.0,287.30000000000007,113.29999999999995,1,1,1.0
11,6,813.2,628.8,383.5,139.60000000000002,1,1,1.0
11,7,266.5,447.5,170.60000000000002,223.70000000000005,1,1,1.0
11,8,596.7,526.4,263.79999999999995,226.60000000000002,1,1,1.0
11,9,672.8,252.5,352.9000000000001,192.7,1,1,1.0
11,10,989.78,433.2,338.31999999999994,145.00000000000006,1,1,1.0
12,1,777.3,334.9,215.80000000000007,281.80000000000007,1,1,1.0
12,2,307.7,704.6,175.5,142.69999999999993,1,1,1.0
12,3,372.1,428.2,164.29999999999995,192.50000000000006,1,1,1.0
12,4,529.1,588.6,196.69999999999993,265.9,1,1,1.0
12,5,677.4,842.7,288.0,121.59999999999991,1,1,1.0
12,6,790.6,624.3,360.9,155.0,1,1,1.0
12,7,260.2,446.9,178.3,217.39999999999998,1,1,1.0
12,8,598.9,528.7,261.70000000000005,264.29999999999995,1,1,1.0
12,9,838.1,240.0,325.1,111.5,1,1,1.0
12,10,1110.7,439.0,315.79999999999995,114.89999999999998,1,1,1.0
13,1,784.5,320.4,178.79999999999995,263.70000000000005,1,1,1.0
13,2,319.3,707.7,164.5,162.19999999999993,1,1,1.0
13,3,368.4,432.0,165.5,186.20000000000005,1,1,1.0
13,4,534.1,597.3,185.39999999999998,259.1,1,1,1.0
13,5,683.4,797.8,276.70000000000005,159.70000000000005,1,1,1.0
13,6,734.5,608.9,375.4000000000001,168.60000000000002,1,1,1.0
13,7,250.8,449.4,187.2,212.39999999999998,1,1,1.0
13,8,595.9,534.0,265.30000000000007,201.60000000000002,1,1,1.0
13,9,928.4,242.1,402.1,114.29999999999998,1,1,1.0
13,10,1121.1,399.7,286.9000000000001,151.90000000000003,1,1,1.0
14,1,784.5,324.9,162.5,276.4,1,1,1.0
14,2,313.7,714.0,171.40000000000003,150.20000000000005,1,1,1.0
14,3,379.2,428.6,153.50000000000006,194.0,1,1,1.0
14,4,516.5,597.3,220.60000000000002,244.70000000000005,1,1,1.0
14,5,636.7,802.0,284.19999999999993,126.89999999999998,1,1,1.0
14,6,796.0,641.5,305.79999999999995,186.60000000000002,1,1,1.0
14,7,269.6,446.3,164.39999999999998,228.09999999999997,1,1,1.0
14,8,590.6,537.8,314.29999999999995,202.30000000000007,1,1,1.0
14,9,1021.4,256.7,360.80000000000007,111.5,1,1,1.0
14,10,1157.0,385.8,238.29999999999995,202.3,1,1,1.0
15,1,785.4,310.4,167.10000000000002,334.30000000000007,1,1,1.0
15,2,294.2,727.8,195.90000000000003,127.60000000000002,1,1,1.0
15,3,397.9,383.0,131.70000000000005,240.89999999999998,1,1,1.0
15,4,510.2,601.7,220.59999999999997,232.0999999999999,1,1,1.0
15,5,629.2,769.0,298.5,145.60000000000002,1,1,1.0
15,6,765.26,598.1,348.3399999999999,176.69999999999993,1,1,1.0
15,7,268.3,445.0,161.2,222.5,1,1,1.0
15,8,590.6,539.3,269.1,197.80000000000007,1,1,1.0
15,9,1058.9,258.1,341.6999999999998,111.5,1,1,1.0
15,10,1155.3,361.5,232.5,245.10000000000002,1,1,1.0
16,1,783.6,331.2,152.60000000000002,354.2,1,1,1.0
16,2,327.4,718.4,178.40000000000003,156.39999999999998,1,1,1.0
16,3,392.2,355.4,131.09999999999997,266.0,1,1,1.0
16,4,503.9,605.5,223.10000000000002,230.20000000000005,1,1,1.0
16,5,636.7,772.2,300.5999999999999,142.39999999999998,1,1,1.0
16,6,756.2,616.2,363.70000000000005,161.29999999999995,1,1,1.0
16,7,253.9,449.4,177.20000000000002,211.80000000000007,1,1,1.0
16,8,592.9,541.6,266.0,190.19999999999993,1,1,1.0
16,9,1054.0,258.1,345.20000000000005,126.79999999999995,1,1,1.0
16,10,1131.6,407.2,303.10000000000014,180.90000000000003,1,1,1.0
17,1,783.6,366.5,156.19999999999993,311.70000000000005,1,1,1.0
17,2,319.9,713.4,172.10000000000002,168.30000000000007,1,1,1.0
17,3,399.1,339.7,122.29999999999995,277.90000000000003,1,1,1.0
17,4,479.4,648.8,284.6,202.0,1,1,1.0
17,5,636.7,741.8,284.19999999999993,175.80000000000007,1,1,1.0
17,6,810.5,590.0,330.20000000000005,160.39999999999998,1,1,1.0
17,7,265.8,444.4,169.59999999999997,221.20000000000005,1,1,1.0
17,8,610.2,534.8,253.19999999999993,272.4000000000001,1,1,1.0
17,9,1059.6,258.1,326.60000000000014,117.59999999999997,1,1,1.0
17,10,1216.7,386.4,222.0,274.6,1,1,1.0
18,1,782.7,386.4,208.0999999999999,351.5,1,1,1.0
18,2,303.6,698.3,151.39999999999998,184.0,1,1,1.0
18,3,383.4,339.1,123.60000000000002,234.5,1,1,1.0
18,4,497.6,693.4,370.0,126.60000000000002,1,1,1.0
18,5,639.7,729.0,275.9,196.10000000000002,1,1,1.0
18,6,790.6,592.7,350.1,136.89999999999998,1,1,1.0
18,7,270.2,444.4,159.2,223.10000000000002,1,1,1.0
18,8,601.9,432.3,217.0,273.90000000000003,1,1,1.0
18,9,1058.2,258.1,335.5,110.19999999999999,1,1,1.0
18,10,1232.9,389.9,203.5,370.0,1,1,1.0
19,1,772.8,383.7,169.70000000000005,258.3,1,1,1.0
19,2,293.6,692.0,157.2,201.60000000000002,1,1,1.0
19,3,420.5,320.9,84.60000000000002,180.40000000000003,1,1,0.0
19,4,499.5,689.0,368.70000000000005,117.20000000000005,1,1,1.0
19,5,635.2,735.0,268.29999999999995,192.39999999999998,1,1,1.0
19,6,791.5,592.7,366.4000000000001,132.39999999999998,1,1,1.0
19,7,260.2,449.4,176.5,211.20000000000005,1,1,1.0
19,8,470.8,468.5,305.09999999999997,196.29999999999995,1,1,1.0
19,9,1069.3,249.1,318.79999999999995,155.29999999999998,1,1,1.0
19,10,1228.8,498.1,233.60000000000014,291.29999999999995,1,1,1.0
20,1,777.3,397.3,235.80000000000007,346.90000000000003,1,1,1.0
20,2,300.5,691.4,152.0,192.20000000000005,1,1,1.0
20,3,411.7,324.0,70.19999999999999,107.0,1,1,0.0
20,4,497.0,689.0,349.79999999999995,112.79999999999995,1,1,1.0
20,5,652.6,677.7,239.60000000000002,262.5,1,1,1.0
20,6,814.1,591.8,413.4,125.20000000000005,1,1,1.0
20,7,245.1,447.5,192.29999999999998,208.70000000000005,1,1,1.0
20,8,421.1,467.7,255.29999999999995,157.90000000000003,1,1,1.0
20,9,1130.9,276.6,311.39999999999986,170.89999999999998,1,1,1.0
20,10,1234.0,493.5,225.5,320.79999999999995,1,1,1.0
21,1,785.4,388.3,148.10000000000002,241.09999999999997,1,1,1.0
21,2,278.5,694.5,174.0,180.89999999999998,1,1,1.0
21,3,415.4,333.4,49.5,70.0,1,1,0.0
21,4,492.6,680.2,321.5,117.79999999999995,1,1,1.0
21,5,656.4,677.7,238.80000000000007,240.5999999999999,1,1,1.0
21,6,795.1,599.0,391.69999999999993,120.70000000000005,1,1,1.0
21,7,268.3,445.0,161.09999999999997,225.0,1,1,1.0
21,8,425.6,500.9,250.0,139.0,1,1,1.0
21,9,1102.6,316.5,294.60000000000014,162.2,1,1,1.0
21,10,1225.3,502.2,241.70000000000005,293.59999999999997,1,1,1.0
22,1,777.3,408.2,208.60000000000002,336.00000000000006,1,1,1.0
22,2,272.8,717.1,187.89999999999998,123.10000000000002,1,1,1.0
22,3,415.4,333.4,51.200000000000045,66.5,1,1,0.0
22,4,476.9,671.4,303.30000000000007,130.39999999999998,1,1,1.0
22,5,676.7,634.0,208.69999999999993,270.0,1,1,1.0
22,6,783.3,596.3,373.70000000000005,128.80000000000007,1,1,1.0
22,7,263.3,447.5,169.89999999999998,217.5,1,1,1.0
22,8,432.4,509.9,244.70000000000005,135.30000000000007,1,1,1.0
22,9,973.2,246.5,303.39999999999986,210.8,1,1,1.0
22,10,1228.2,508.0,248.0999999999999,225.29999999999995,1,1,1.0
23,1,774.6,418.1,192.19999999999993,355.0,1,1,1.0
23,2,249.6,727.1,207.29999999999998,125.69999999999993,1,1,1.0
23,3,409.2,322.9,66.10000000000002,68.30000000000001,1,1,0.0
23,4,473.1,684.6,295.79999999999995,116.60000000000002,1,1,1.0
23,5,667.7,582.8,189.0999999999999,303.9000000000001,1,1,1.0
23,6,806.8,616.2,384.60000000000014,149.5999999999999,1,1,1.0
23,7,255.8,444.4,177.39999999999998,216.20000000000005,1,1,1.0
23,8,402.3,512.9,280.09999999999997,131.5,1,1,1.0
23,9,535.9,274.3,298.70000000000005,141.3,1,1,1.0
23,10,1218.9,503.9,286.29999999999995,176.20000000000005,1,1,1.0
24,1,784.5,409.1,151.70000000000005,277.19999999999993,1,1,1.0
24,2,253.4,704.5,203.49999999999997,135.70000000000005,1,1,1.0
24,3,414.0,325.5,46.0,59.19999999999999,1,1,0.0
24,4,503.2,687.7,363.00000000000006,222.0999999999999,1,1,1.0
24,5,702.4,552.7,149.10000000000002,331.0,1,1,1.0
24,6,792.3,615.3,359.29999999999995,158.60000000000002,1,1,1.0
24,7,269.6,447.5,166.2,219.39999999999998,1,1,1.0
24,8,407.6,524.2,277.79999999999995,116.39999999999998,1,1,1.0
24,9,462.2,251.7,272.8,212.2,1,1,1.0
24,10,1105.5,499.3,366.70000000000005,129.90000000000003,1,1,1.0
25,1,790.8,407.3,147.20000000000005,306.99999999999994,1,1,1.0
25,2,242.1,612.8,158.9,265.70000000000005,1,1,1.0
25,3,411.4,329.9,47.80000000000001,66.5,1,1,0.0
25,4,589.9,778.1,402.5,132.29999999999995,1,1,1.0
25,5,720.5,395.2,143.05999999999995,329.50000000000006,1,1,1.0
25,6,785.1,594.5,335.80000000000007,190.29999999999995,1,1,1.0
25,7,268.3,447.5,168.5,222.5,1,1,1.0
25,8,397.1,402.8,297.29999999999995,233.3,1,1,1.0
25,9,462.2,233.2,283.8,217.60000000000002,1,1,1.0
25,10,1091.0,484.3,362.0999999999999,127.49999999999994,1,1,1.0
26,1,795.3,457.9,131.9000000000001,326.0,1,1,1.0
26,2,249.0,604.6,121.19999999999999,288.29999999999995,1,1,1.0
26,3,407.9,329.9,52.200000000000045,72.40000000000003,1,1,0.0
26,4,590.5,786.3,420.1,110.30000000000007,1,1,1.0
26,5,670.8,400.5,251.5,268.4,1,1,1.0
26,6,821.3,587.3,272.5,242.70000000000005,1,1,1.0
26,7,267.0,446.2,165.0,215.59999999999997,1,1,1.0
26,8,394.8,457.1,279.99999999999994,168.5,1,1,1.0
26,9,398.5,265.0,352.70000000000005,144.2,1,1,1.0
26,10,1128.6,482.0,314.10000000000014,181.89999999999998,1,1,1.0
27,1,769.1,491.4,136.39999999999998,297.9,1,1,1.0
27,2,250.3,594.6,121.19999999999999,305.79999999999995,1,1,1.0
27,3,417.07,339.5,38.73000000000002,64.94,1,1,0.0
27,4,593.0,767.5,368.0,134.79999999999995,1,1,1.0
27,5,676.8,369.6,308.1,159.10000000000002,1,1,1.0
27,6,957.8,366.67,193.0,277.93,1,1,1.0
27,7,249.4,450.6,188.20000000000002,208.69999999999993,1,1,1.0
27,8,403.6,442.4,262.9,177.89999999999998,1,1,1.0
27,9,400.2,271.9,334.2,136.5,1,1,1.0
27,10,1139.0,483.7,293.9000000000001,139.7,1,1,1.0
28,1,758.2,506.8,143.69999999999993,283.40000000000003,1,1,1.0
28,2,243.4,620.3,128.1,260.6,1,1,1.0
28,3,407.49,361.69,57.00999999999999,72.31,1,1,0.0
28,4,599.3,766.2,298.9000000000001,136.69999999999993,1,1,1.0
28,5,671.5,362.1,284.79999999999995,174.89999999999998,1,1,1.0
28,6,1038.3,297.9,196.60000000000014,269.80000000000007,1,1,1.0
28,7,249.4,448.1,191.29999999999998,206.19999999999993,1,1,1.0
28,8,385.8,479.0,278.40000000000003,137.5,1,1,1.0
28,9,442.4,280.6,279.80000000000007,129.5,1,1,1.0
28,10,1142.5,479.1,291.5999999999999,114.79999999999995,1,1,1.0
29,1,760.9,517.6,141.0,273.5,1,1,1.0
29,2,249.7,615.9,121.80000000000001,276.30000000000007,1,1,1.0
29,3,406.2,348.4,64.60000000000002,73.70000000000005,1,1,0.0
29,4,600.6,766.8,297.6,134.80000000000007,1,1,1.0
29,5,678.3,351.6,304.4000000000001,226.10000000000002,1,1,1.0
29,6,1022.9,249.1,204.80000000000007,305.0,1,1,1.0
29,7,265.7,441.8,168.7,224.40000000000003,1,1,1.0
29,8,400.9,475.2,257.30000000000007,143.59999999999997,1,1,1.0
29,9,388.6,271.4,336.5,138.40000000000003,1,1,1.0
29,10,1158.7,482.6,274.79999999999995,166.89999999999998,1,1,1.0
30,1,760.9,523.9,140.10000000000002,260.30000000000007,1,1,1.0
30,2,239.0,636.6,143.2,268.79999999999995,1,1,1.0
30,3,413.5,352.6,53.60000000000002,77.89999999999998,1,1,0.0
30,4,596.86,770.6,356.64,129.69999999999993,1,1,1.0
30,5,693.4,347.1,320.20000000000005,238.89999999999998,1,1,1.0
30,6,958.7,244.6,267.20000000000005,222.70000000000002,1,1,1.0
30,7,270.1,444.3,165.59999999999997,228.2,1,1,1.0
30,8,422.8,469.2,235.40000000000003,148.09999999999997,1,1,1.0
30,9,414.6,276.0,308.79999999999995,135.60000000000002,1,1,1.0
30,10,1147.7,479.7,285.79999999999995,150.09999999999997,1,1,1.0
31,1,759.1,514.9,141.89999999999998,240.10000000000002,1,1,1.0
31,2,214.5,652.3,246.60000000000002,194.10000000000002,1,1,1.0
31,3,406.7,339.0,58.80000000000001,92.5,1,1,0.0
31,4,590.6,770.6,381.79999999999995,131.60000000000002,1,1,1.0
31,5,815.5,368.2,250.79999999999995,281.09999999999997,1,1,1.0
31,6,1014.8,260.9,220.10000000000014,341.1,1,1,1.0
31,7,249.4,447.4,190.1,211.89999999999998,1,1,1.0
31,8,431.8,390.8,187.99999999999994,236.99999999999994,1,1,1.0
31,9,423.9,276.0,296.6,135.60000000000002,1,1,1.0
31,10,1079.4,468.7,363.39999999999986,211.50000000000006,1,1,1.0
32,1,759.1,511.3,141.89999999999998,255.49999999999994,1,1,1.0
32,2,247.8,666.2,307.7,126.79999999999995,1,1,1.0
32,3,415.6,344.2,49.89999999999998,84.19999999999999,1,1,0.0
32,4,593.7,770.6,402.5999999999999,127.79999999999995,1,1,1.0
32,5,840.4,383.3,220.60000000000002,299.2,1,1,1.0
32,6,1041.9,261.8,109.79999999999995,406.2,1,1,1.0
32,7,223.7,452.4,219.60000000000002,195.0,1,1,1.0
32,8,467.3,402.9,173.59999999999997,280.6,1,1,1.0
32,9,441.3,277.2,280.99999999999994,134.40000000000003,1,1,1.0
32,10,1137.3,473.3,303.70000000000005,206.90000000000003,1,1,1.0
33,1,762.7,508.6,137.39999999999998,278.1,1,1,1.0
33,2,318.1,680.6,323.4,108.69999999999993,1,1,1.0
33,3,415.6,335.3,54.19999999999999,101.5,1,1,0.0
33,4,592.4,768.1,343.6,137.79999999999995,1,1,1.0
33,5,842.7,373.5,198.5,305.20000000000005,1,1,1.0
33,6,1037.4,258.2,114.29999999999995,394.40000000000003,1,1,1.0
33,7,213.6,454.9,227.79999999999998,190.0,1,1,1.0
33,8,585.6,304.2,258.79999999999995,272.3,1,1,1.0
33,9,444.8,274.9,287.90000000000003,136.10000000000002,1,1,1.0
33,10,1106.0,475.6,339.0999999999999,183.79999999999995,1,1,1.0
34,1,758.2,481.5,146.39999999999998,298.0,1,1,1.0
34,2,342.6,681.2,352.19999999999993,109.39999999999998,1,1,1.0
34,3,409.3,327.5,59.30000000000001,127.10000000000002,1,1,0.0
34,4,593.0,759.9,330.4,156.0,1,1,1.0
34,5,853.2,374.3,190.89999999999986,319.49999999999994,1,1,1.0
34,6,1043.7,264.5,113.39999999999986,403.5,1,1,1.0
34,7,263.2,445.4,176.90000000000003,206.39999999999998,1,1,1.0
34,8,671.5,235.6,187.20000000000005,346.9,1,1,1.0
34,9,459.3,281.8,284.40000000000003,129.8,1,1,1.0
34,10,1106.0,475.6,341.29999999999995,217.39999999999998,1,1,1.0
35,1,766.3,470.6,138.30000000000007,284.5,1,1,1.0
35,2,425.0,685.6,379.5,123.79999999999995,1,1,1.0
35,3,409.3,327.0,56.69999999999999,117.10000000000002,1,1,0.0
35,4,595.5,769.5,359.29999999999995,143.29999999999995,1,1,1.0
35,5,854.0,377.3,226.70000000000005,299.90000000000003,1,1,1.0
35,6,1041.0,256.4,110.70000000000005,397.1,1,1,1.0
35,7,268.9,445.4,165.5,223.89999999999998,1,1,1.0
35,8,692.6,243.1,173.60000000000002,294.9,1,1,1.0
35,9,469.1,294.5,276.29999999999995,163.39999999999998,1,1,1.0
35,10,1123.9,487.2,319.5,119.59999999999997,1,1,1.0
36,1,764.5,476.9,140.10000000000002,269.20000000000005,1,1,1.0
36,2,431.1,687.5,374.19999999999993,119.39999999999998,1,1,1.0
36,3,410.9,307.1,50.400000000000034,97.79999999999995,1,1,0.0
36,4,600.5,767.47,324.78999999999996,142.23000000000002,1,1,1.0
36,5,858.5,372.0,206.4000000000001,302.20000000000005,1,1,1.0
36,6,1043.7,260.9,111.59999999999991,411.6,1,1,1.0
36,7,268.9,446.7,164.90000000000003,221.3,1,1,1.0
36,8,535.1,235.6,306.19999999999993,125.29999999999998,1,1,1.0
36,9,492.8,319.4,203.99999999999994,288.4,1,1,1.0
36,10,1098.4,488.9,345.0,117.89999999999998,1,1,1.0
37,1,765.4,470.6,139.20000000000005,270.1,1,1,1.0
37,2,434.7,687.5,366.2,118.10000000000002,1,1,1.0
37,3,403.6,298.7,40.0,83.69999999999999,1,1,0.0
37,4,611.8,767.47,287.70000000000005,135.92999999999995,1,1,1.0
37,5,853.2,374.3,248.5999999999999,306.7,1,1,1.0
37,6,1044.6,259.1,110.70000000000005,376.29999999999995,1,1,1.0
37,7,251.9,446.1,185.20000000000002,213.10000000000002,1,1,1.0
37,8,467.3,228.8,295.59999999999997,170.5,1,1,1.0
37,9,502.6,342.0,146.19999999999993,283.20000000000005,1,1,1.0
37,10,1135.4,488.3,304.5,127.19999999999999,1,1,1.0
38,1,766.3,473.3,138.30000000000007,274.59999999999997,1,1,1.0
38,2,438.6,687.5,372.29999999999995,118.70000000000005,1,1,1.0
38,3,416.2,347.4,19.100000000000023,32.900000000000034,1,1,0.0
38,4,610.5,767.47,289.0,140.92999999999995,1,1,1.0
38,5,847.9,379.6,267.5000000000001,272.0,1,1,1.0
38,6,1043.7,260.9,109.79999999999995,365.5,1,1,1.0
38,7,233.1,448.6,207.4,208.10000000000002,1,1,1.0
38,8,404.8,246.3,242.8,239.7,1,1,1.0
38,9,510.7,353.6,194.8,285.5,1,1,1.0
38,10,1137.7,487.1,309.0999999999999,129.0,1,1,1.0
39,1,767.2,470.6,137.39999999999998,308.9,1,1,1.0
39,2,439.4,686.9,360.80000000000007,116.20000000000005,1,1,1.0
39,3,401.51,340.99,30.150000000000034,47.90999999999997,1,1,0.0
39,4,610.5,771.2,289.0,151.0,1,1,1.0
39,5,848.7,379.6,201.89999999999986,261.5,1,1,1.0
39,6,1020.1,263.6,147.89999999999998,404.29999999999995,1,1,1.0
39,7,264.5,447.3,175.7,209.40000000000003,1,1,1.0
39,8,367.9,245.4,175.0,285.1,1,1,1.0
39,9,514.2,347.8,231.19999999999993,323.7,1,1,1.0
39,10,1112.8,484.8,334.70000000000005,196.09999999999997,1,1,1.0
40,1,766.3,462.5,138.30000000000007,323.29999999999995,1,1,1.0
40,2,457.4,685.6,389.9,109.29999999999995,1,1,1.0
40,3,386.82,334.58,41.19999999999999,62.920000000000016,1,1,0.0
40,4,600.5,773.7,329.1,131.5,1,1,1.0
40,5,859.2,367.5,189.20000000000005,286.4,1,1,1.0
40,6,1041.0,267.2,111.59999999999991,372.7,1,1,1.0
40,7,268.3,446.0,168.8,216.39999999999998,1,1,1.0
40,8,386.0,268.0,152.39999999999998,316.0,1,1,1.0
40,9,521.1,343.7,246.29999999999995,302.3,1,1,1.0
40,10,1149.3,480.7,305.60000000000014,177.59999999999997,1,1,1.0
41,1,767.2,457.1,137.39999999999998,313.29999999999995,1,1,1.0
41,2,479.4,690.6,366.6,109.29999999999995,1,1,1.0
41,3,372.12,328.17,52.25999999999999,77.93,1,1,0.0
41,4,603.0,772.4,330.70000000000005,134.70000000000005,1,1,1.0
41,5,856.2,366.7,215.5999999999999,290.2,1,1,1.0
41,6,1046.4,257.3,109.79999999999995,411.49999999999994,1,1,1.0
41,7,271.4,446.0,166.90000000000003,219.5,1,1,1.0
41,8,383.0,281.6,155.39999999999998,306.9,1,1,1.0
41,9,525.2,344.3,204.0,341.59999999999997,1,1,1.0
41,10,1152.2,482.44,299.79999999999995,178.16000000000003,1,1,1.0
42,1,765.4,454.4,139.20000000000005,311.5,1,1,1.0
42,2,481.9,682.4,356.0,124.39999999999998,1,1,1.0
42,3,357.43,321.77,63.30000000000001,92.93,1,1,0.0
42,4,588.6,771.1,387.5,132.19999999999993,1,1,1.0
42,5,873.5,332.0,193.0,273.6,1,1,1.0
42,6,1054.5,270.0,110.70000000000005,409.70000000000005,1,1,1.0
42,7,250.0,446.6,185.10000000000002,212.0,1,1,1.0
42,8,418.4,369.8,141.89999999999998,399.49999999999994,1,1,1.0
42,9,537.9,379.0,249.20000000000005,342.79999999999995,1,1,1.0
42,10,1131.4,483.0,321.79999999999995,138.79999999999995,1,1,1.0
43,1,763.6,459.8,141.89999999999998,297.09999999999997,1,1,1.0
43,2,481.9,685.5,319.0,124.39999999999998,1,1,1.0
43,3,342.74,315.36,74.34999999999997,107.94,1,1,0.0
43,4,597.4,770.5,305.9,137.79999999999995,1,1,1.0
43,5,862.2,360.6,211.0,242.0,1,1,1.0
43,6,1050.9,265.5,109.79999999999995,378.9,1,1,1.0
43,7,206.0,455.3,232.2,196.99999999999994,1,1,1.0
43,8,422.2,494.9,109.50000000000006,312.1,1,1,1.0
43,9,567.4,435.1,234.20000000000005,329.5,1,1,1.0
43,10,1145.9,479.5,310.79999999999995,149.20000000000005,1,1,1.0
44,1,762.7,456.2,142.79999999999995,313.40000000000003,1,1,1.0
44,2,471.8,678.0,310.59999999999997,155.20000000000005,1,1,1.0
44,3,328.05,308.95,85.39999999999998,122.94999999999999,1,1,0.0
44,4,659.6,717.8,268.79999999999995,237.60000000000002,1,1,1.0
44,5,863.7,355.3,224.5999999999999,235.99999999999994,1,1,1.0
44,6,1051.8,262.8,110.70000000000005,395.2,1,1,1.0
44,7,206.0,455.3,229.7,193.2,1,1,1.0
44,8,409.4,518.3,120.0,297.0,1,1,1.0
44,9,572.0,438.0,219.20000000000005,293.0,1,1,1.0
44,10,1162.1,461.6,265.70000000000005,188.5,1,1,1.0
45,1,761.8,434.5,157.30000000000007,317.0,1,1,1.0
45,2,480.0,676.7,251.79999999999995,155.19999999999993,1,1,1.0
45,3,313.36,302.54,96.44999999999999,137.95999999999998,1,1,0.0
45,4,643.3,699.6,276.9000000000001,214.39999999999998,1,1,1.0
45,5,854.6,344.8,181.69999999999993,275.09999999999997,1,1,1.0
45,6,1053.6,264.6,110.70000000000005,378.0,1,1,1.0
45,7,202.2,457.3,234.8,189.90000000000003,1,1,1.0
45,8,414.7,518.3,114.69999999999999,288.0,1,1,1.0
45,9,570.8,442.6,241.80000000000007,315.0,1,1,1.0
45,10,1163.3,312.3,182.9000000000001,337.8,1,1,1.0
46,1,767.2,427.3,171.79999999999995,341.40000000000003,1,1,1.0
46,2,482.9,653.6,252.0,209.10000000000002,1,1,1.0
46,3,298.67,296.13,107.5,152.97000000000003,1,1,0.0
46,4,348.4,794.8,313.30000000000007,129.0,1,1,1.0
46,5,854.6,338.8,166.60000000000002,305.2,1,1,1.0
46,6,1053.6,296.0,174.0,323.1,1,1,1.0
46,7,199.7,459.1,229.8,186.19999999999993,1,1,1.0
46,8,401.8,527.3,129.09999999999997,270.0,1,1,1.0
46,9,568.5,446.7,237.20000000000005,332.90000000000003,1,1,1.0
46,10,959.8,234.5,325.29999999999995,151.0,1,1,1.0
47,1,760.9,447.2,188.89999999999998,302.50000000000006,1,1,1.0
47,2,499.4,655.3,227.30000000000007,241.30000000000007,1,1,1.0
47,3,283.97,289.72,118.55999999999995,167.97999999999996,1,1,0.0
47,4,180.7,657.3,245.5,181.10000000000002,1,1,1.0
47,5,874.2,347.1,141.0,305.9,1,1,1.0
47,6,1091.6,344.1,197.5,333.79999999999995,1,1,1.0
47,7,259.4,446.0,165.10000000000002,215.0,1,1,1.0
47,8,366.4,589.8,171.30000000000007,206.0,1,1,1.0
47,9,599.7,530.6,288.69999999999993,305.69999999999993,1,1,1.0
47,10,829.6,245.1,400.9999999999999,117.70000000000002,1,1,1.0
48,1,728.3,488.8,273.9000000000001,257.3,1,1,1.0
48,2,515.7,644.0,189.0,272.70000000000005,1,1,1.0
48,3,269.28,283.32,129.60000000000002,182.98000000000002,1,1,0.0
48,4,154.3,636.6,236.09999999999997,213.69999999999993,1,1,1.0
48,5,878.0,350.1,144.70000000000005,283.29999999999995,1,1,1.0
48,6,1194.7,365.7,140.5,339.3,1,1,1.0
48,7,280.9,432.2,142.3,228.8,1,1,1.0
48,8,320.4,470.0,271.6,249.70000000000005,1,1,1.0
48,9,628.6,619.0,355.9,231.20000000000005,1,1,1.0
48,10,759.5,211.8,231.5,323.2,1,1,1.0
49,1,731.9,483.4,263.1,260.0,1,1,1.0
49,2,514.4,631.5,228.0,294.6,1,1,1.0
49,3,254.59,276.91,140.65,197.98999999999995,1,1,0.0
49,4,125.4,631.6,265.6,189.19999999999993,1,1,1.0
49,5,879.5,344.8,174.0999999999999,308.90000000000003,1,1,1.0
49,6,1219.1,350.8,108.0,310.8,1,1,1.0
49,7,282.6,373.8,191.5,240.7,1,1,1.0
49,8,399.5,487.3,267.9,182.7,1,1,1.0
49,9,633.2,615.66,280.69999999999993,241.44000000000005,1,1,1.0
49,10,726.2,290.27,239.0999999999999,358.63,1,1,1.0
50,1,731.9,483.4,266.70000000000005,263.6,1,1,1.0
50,2,515.7,607.6,174.0,266.4,1,1,1.0
50,3,239.9,270.5,151.70000000000002,213.0,1,1,0.0
50,4,177.5,626.6,213.5,190.39999999999998,1,1,1.0
50,5,881.8,342.5,185.4000000000001,284.1,1,1,1.0
50,6,1184.7,379.3,148.70000000000005,277.8,1,1,1.0
50,7,319.0,314.8,276.29999999999995,149.0,1,1,1.0
50,8,413.8,491.1,287.49999999999994,148.0,1,1,1.0
50,9,645.4,615.66,227.39999999999998,251.24,1,1,1.0
50,10,722.0,346.5,262.70000000000005,326.70000000000005,1,1,1.0
51,1,741.8,485.2,245.0,335.09999999999997,1,1,1.0
51,2,475.5,667.3,245.0,240.60000000000002,1,1,1.0
51,3,197.7,445.7,174.5,75.50000000000006,1,1,0.0
51,4,156.2,615.3,234.8,211.10000000000002,1,1,1.0
51,5,890.1,323.7,182.39999999999998,333.00000000000006,1,1,1.0
51,6,1200.1,360.3,135.10000000000014,282.3,1,1,1.0
51,7,413.2,306.0,220.2,131.39999999999998,1,1,1.0
51,8,408.5,505.4,315.4,128.39999999999998,1,1,1.0
51,9,647.1,613.3,216.39999999999998,256.5,1,1,1.0
51,10,747.0,340.9,197.5,280.9,1,1,1.0
52,1,743.6,485.2,236.0,285.40000000000003,1,1,1.0
52,2,444.1,662.9,216.69999999999993,217.39999999999998,1,1,1.0
52,3,198.2,445.2,175.60000000000002,70.80000000000001,1,1,0.0
52,4,158.1,622.8,233.50000000000003,200.5,1,1,1.0
52,5,881.8,338.8,216.29999999999995,316.40000000000003,1,1,1.0
52,6,1181.1,322.3,146.9000000000001,342.90000000000003,1,1,1.0
52,7,414.5,312.3,224.70000000000005,123.19999999999999,1,1,1.0
52,8,474.1,511.4,329.69999999999993,221.10000000000002,1,1,1.0
52,9,650.6,626.6,205.39999999999998,246.69999999999993,1,1,1.0
52,10,751.9,335.3,191.89999999999998,286.49999999999994,1,1,1.0
53,1,702.0,545.8,310.20000000000005,214.9000000000001,1,1,1.0
53,2,409.6,598.2,177.69999999999993,256.4,1,1,1.0
53,3,205.5,445.2,168.3,70.80000000000001,1,1,0.0
53,4,151.2,622.8,239.10000000000002,198.60000000000002,1,1,1.0
53,5,876.5,344.1,191.5,329.19999999999993,1,1,1.0
53,6,1105.4,319.6,219.0,304.0,1,1,1.0
53,7,413.4,307.3,264.1,125.69999999999999,1,1,1.0
53,8,493.7,520.4,239.3,161.60000000000002,1,1,1.0
53,9,658.7,618.5,200.19999999999993,260.6,1,1,1.0
53,10,748.4,327.7,197.39999999999998,335.09999999999997,1,1,1.0
54,1,689.3,563.0,327.4000000000001,192.29999999999995,1,1,1.0
54,2,451.0,672.9,176.5,256.4,1,1,1.0
54,3,213.3,443.6,158.89999999999998,90.69999999999993,1,1,0.0
54,4,111.0,622.8,284.3,159.70000000000005,1,1,1.0
54,5,881.8,338.1,199.0,307.29999999999995,1,1,1.0
54,6,1091.6,318.7,248.20000000000005,315.7,1,1,1.0
54,7,421.3,303.5,271.49999999999994,156.0,1,1,1.0
54,8,496.7,514.4,244.59999999999997,155.60000000000002,1,1,1.0
54,9,635.0,613.9,275.4,260.0,1,1,1.0
54,10,745.6,325.6,231.39999999999998,331.0,1,1,1.0
55,1,687.5,567.5,332.79999999999995,184.20000000000005,1,1,1.0
55,2,468.6,690.8,165.79999999999995,241.60000000000002,1,1,1.0
55,3,256.2,444.1,119.10000000000002,178.10000000000002,1,1,1.0
55,4,99.7,622.8,286.2,157.20000000000005,1,1,1.0
55,5,874.3,339.6,227.60000000000014,296.0,1,1,1.0
55,6,1161.2,322.3,179.5,338.3,1,1,1.0
55,7,492.9,283.4,302.0,302.80000000000007,1,1,1.0
55,8,498.2,514.4,258.90000000000003,188.70000000000005,1,1,1.0
55,9,622.3,625.5,271.30000000000007,273.9,1,1,1.0
55,10,746.3,346.4,285.60000000000014,328.30000000000007,1,1,1.0
56,1,706.5,562.1,280.29999999999995,206.79999999999995,1,1,1.0
56,2,470.5,694.5,160.10000000000002,242.89999999999998,1,1,1.0
56,3,268.8,445.2,145.3,207.90000000000003,1,1,1.0
56,4,191.4,622.8,201.99999999999997,214.9000000000001,1,1,1.0
56,5,875.1,342.6,177.80000000000007,339.69999999999993,1,1,1.0
56,6,1116.9,323.2,221.0999999999999,290.40000000000003,1,1,1.0
56,7,538.1,320.4,299.79999999999995,299.80000000000007,1,1,1.0
56,8,499.0,514.4,254.39999999999998,184.10000000000002,1,1,1.0
56,9,600.3,631.9,269.6,269.20000000000005,1,1,1.0
56,10,756.7,353.3,243.29999999999995,341.49999999999994,1,1,1.0
57,1,698.4,552.2,301.1,211.29999999999995,1,1,1.0
57,2,473.0,698.6,160.70000000000005,240.69999999999993,1,1,1.0
57,3,275.1,443.6,140.59999999999997,184.39999999999998,1,1,1.0
57,4,225.3,602.7,192.3,275.19999999999993,1,1,1.0
57,5,879.6,335.8,178.60000000000002,315.59999999999997,1,1,1.0
57,6,1082.5,328.6,261.79999999999995,298.6,1,1,1.0
57,7,529.3,336.1,304.70000000000005,294.5,1,1,1.0
57,8,495.2,520.4,250.7,172.80000000000007,1,1,1.0
57,9,621.1,644.6,273.1,245.5,1,1,1.0
57,10,766.4,336.6,233.60000000000002,357.5,1,1,1.0
58,1,698.4,573.9,249.60000000000002,200.39999999999998,1,1,1.0
58,2,473.6,687.9,169.5,249.5,1,1,1.0
58,3,244.2,449.4,249.5,123.10000000000002,1,1,1.0
58,4,290.6,596.4,164.5,266.4,1,1,1.0
58,5,875.8,340.3,208.79999999999995,308.8,1,1,1.0
58,6,1091.5,357.5,283.5,242.60000000000002,1,1,1.0
58,7,565.1,341.1,265.69999999999993,302.19999999999993,1,1,1.0
58,8,492.2,523.4,266.50000000000006,148.70000000000005,1,1,1.0
58,9,620.5,628.4,302.1,252.39999999999998,1,1,1.0
58,10,764.3,337.3,253.80000000000007,342.2,1,1,1.0
59,1,722.7,545.8,251.5999999999999,248.4000000000001,1,1,1.0
59,2,471.7,674.1,168.3,266.4,1,1,1.0
59,3,250.0,398.7,243.7,153.90000000000003,1,1,1.0
59,4,273.0,582.0,227.10000000000002,197.29999999999995,1,1,1.0
59,5,879.6,337.3,179.39999999999998,323.09999999999997,1,1,1.0
59,6,1002.9,329.5,337.69999999999993,201.89999999999998,1,1,1.0
59,7,579.0,343.6,251.70000000000005,287.6,1,1,1.0
59,8,489.9,519.6,264.30000000000007,178.89999999999998,1,1,1.0
59,9,614.1,643.4,299.79999999999995,249.5,1,1,1.0
59,10,768.5,336.6,225.29999999999995,311.0,1,1,1.0
60,1,717.3,548.5,278.70000000000005,224.0,1,1,1.0
60,2,483.0,654.6,150.10000000000002,297.19999999999993,1,1,1.0
60,3,262.0,372.5,270.4,200.0,1,1,1.0
60,4,266.7,577.6,233.40000000000003,166.5,1,1,1.0
60,5,877.3,335.8,200.5,305.8,1,1,1.0
60,6,757.85,233.7,358.55000000000007,134.90000000000003,1,1,1.0
60,7,582.1,345.5,252.5,286.5,1,1,1.0
60,8,485.4,528.6,265.80000000000007,163.89999999999998,1,1,1.0
60,9,610.0,636.5,363.5,218.20000000000005,1,1,1.0
60,10,757.4,331.7,225.30000000000007,286.7,1,1,1.0
61,1,682.9,601.8,303.20000000000005,146.30000000000007,1,1,1.0
61,2,449.1,615.7,128.79999999999995,285.19999999999993,1,1,1.0
61,3,262.5,385.0,271.5,192.20000000000005,1,1,1.0
61,4,254.1,570.1,209.6,188.39999999999998,1,1,1.0
61,5,868.3,343.3,205.0,314.90000000000003,1,1,1.0
61,6,654.8,239.1,371.20000000000005,111.4,1,1,1.0
61,7,568.3,334.8,261.30000000000007,292.2,1,1,1.0
61,8,483.9,532.4,295.9,163.10000000000002,1,1,1.0
61,9,614.6,693.8,353.69999999999993,167.80000000000007,1,1,1.0
61,10,751.2,335.9,193.29999999999995,276.20000000000005,1,1,1.0
62,1,667.5,607.1,370.0999999999999,134.69999999999993,1,1,1.0
62,2,444.1,686.0,154.39999999999998,254.5,1,1,1.0
62,3,262.6,399.1,271.4,172.89999999999998,1,1,1.0
62,4,258.5,550.6,242.2,214.79999999999995,1,1,1.0
62,5,863.8,338.8,230.60000000000014,272.7,1,1,1.0
62,6,544.5,255.4,384.70000000000005,102.29999999999998,1,1,1.0
62,7,550.7,327.3,267.5999999999999,311.90000000000003,1,1,1.0
62,8,480.9,533.2,295.1,164.5999999999999,1,1,1.0
62,9,601.9,697.9,363.5,156.20000000000005,1,1,1.0
62,10,784.5,324.8,157.20000000000005,304.7,1,1,1.0
63,1,668.4,610.8,373.69999999999993,132.80000000000007,1,1,1.0
63,2,402.0,719.9,236.39999999999998,230.60000000000002,1,1,1.0
63,3,263.6,392.8,271.4,183.90000000000003,1,1,1.0
63,4,258.5,529.2,242.2,238.69999999999993,1,1,1.0
63,5,857.8,338.8,250.9000000000001,278.7,1,1,1.0
63,6,405.2,259.0,382.00000000000006,108.60000000000002,1,1,1.0
63,7,570.2,332.3,250.0,309.09999999999997,1,1,1.0
63,8,480.9,531.7,276.30000000000007,163.79999999999995,1,1,1.0
63,9,608.8,686.9,365.5,166.0,1,1,1.0
63,10,708.1,315.1,233.60000000000002,297.69999999999993,1,1,1.0
64,1,685.3,592.0,289.0,158.79999999999995,1,1,1.0
64,2,392.0,733.7,248.79999999999995,184.0999999999999,1,1,1.0
64,3,262.0,400.1,272.48,172.89999999999998,1,1,1.0
64,4,249.7,517.3,251.0,248.10000000000002,1,1,1.0
64,5,883.4,378.7,303.69999999999993,185.3,1,1,1.0
64,6,380.8,259.9,364.8,102.30000000000001,1,1,1.0
64,7,561.5,323.5,212.20000000000005,275.5,1,1,1.0
64,8,481.7,538.5,275.50000000000006,150.20000000000005,1,1,1.0
64,9,612.8,643.5,254.80000000000007,273.1,1,1,1.0
64,10,698.4,360.9,262.0,277.6,1,1,1.0
65,1,682.0,593.6,361.0,140.89999999999998,1,1,1.0
65,2,392.6,735.0,255.69999999999993,195.39999999999998,1,1,1.0
65,3,264.6,401.7,269.88,171.3,1,1,1.0
65,4,246.6,485.9,253.50000000000003,273.80000000000007,1,1,1.0
65,5,936.9,372.7,321.80000000000007,210.09999999999997,1,1,1.0
65,6,416.1,250.9,332.19999999999993,113.1,1,1,1.0
65,7,589.1,254.4,155.69999999999993,294.70000000000005,1,1,1.0
65,8,480.9,547.5,352.4,129.70000000000005,1,1,1.0
65,9,623.8,621.5,251.9000000000001,299.70000000000005,1,1,1.0
65,10,624.8,359.5,328.0,199.79999999999995,1,1,1.0
66,1,694.1,504.1,279.29999999999995,254.79999999999995,1,1,1.0
66,2,395.1,739.4,253.19999999999993,200.39999999999998,1,1,1.0
66,3,264.6,406.9,269.88,165.10000000000002,1,1,1.0
66,4,250.4,461.4,249.70000000000002,301.4,1,1,1.0
66,5,1087.6,370.4,201.20000000000005,307.30000000000007,1,1,1.0
66,6,421.5,254.5,314.1,111.30000000000001,1,1,1.0
66,7,556.4,260.1,190.30000000000007,284.0,1,1,1.0
66,8,476.4,561.8,355.4,118.60000000000002,1,1,1.0
66,9,630.2,638.9,298.69999999999993,255.10000000000002,1,1,1.0
66,10,618.5,367.1,365.5,152.60000000000002,1,1,1.0
67,1,729.1,513.1,292.19999999999993,217.79999999999995,1,1,1.0
67,2,392.6,735.0,240.60000000000002,204.39999999999998,1,1,1.0
67,3,265.6,402.2,268.88,159.90000000000003,1,1,1.0
67,4,257.9,539.3,239.10000000000002,239.80000000000007,1,1,1.0
67,5,1131.3,345.5,165.0,342.70000000000005,1,1,1.0
67,6,420.6,235.5,284.0,141.2,1,1,1.0
67,7,567.1,245.7,209.69999999999993,318.50000000000006,1,1,1.0
67,8,477.9,549.0,273.30000000000007,152.10000000000002,1,1,1.0
67,9,608.2,751.2,401.69999999999993,144.0,1,1,1.0
67,10,744.2,352.5,343.29999999999995,167.20000000000005,1,1,1.0
68,1,685.7,505.9,338.29999999999995,170.70000000000005,1,1,1.0
68,2,385.1,698.86,238.44999999999993,223.93999999999994,1,1,1.0
68,3,265.6,420.0,268.88,147.89999999999998,1,1,1.0
68,4,190.7,555.7,241.60000000000002,232.19999999999993,1,1,1.0
68,5,1181.8,321.4,142.4000000000001,283.9,1,1,1.0
68,6,396.4,273.48,166.5,171.62,1,1,1.0
68,7,589.7,255.1,190.89999999999998,297.79999999999995,1,1,1.0
68,8,477.1,530.9,344.1,215.80000000000007,1,1,1.0
68,9,599.6,758.7,379.1,137.0999999999999,1,1,1.0
68,10,1010.2,283.1,136.39999999999986,392.79999999999995,1,1,1.0
69,1,692.9,510.4,326.6,172.5,1,1,1.0
69,2,372.5,644.0,230.60000000000002,263.70000000000005,1,1,1.0
69,3,265.6,392.3,268.88,177.2,1,1,1.0
69,4,224.0,510.5,194.5,219.0,1,1,1.0
69,5,1176.5,334.2,154.5,267.3,1,1,1.0
69,6,295.4,302.1,204.20000000000005,159.59999999999997,1,1,0.0
69,7,599.1,278.3,181.5,265.8,1,1,1.0
69,8,505.0,518.8,329.79999999999995,250.5,1,1,1.0
69,9,578.8,772.0,369.80000000000007,115.70000000000005,1,1,1.0
69,10,1028.9,273.4,134.39999999999986,391.4,1,1,1.0
70,1,700.1,503.2,344.69999999999993,146.2,1,1,1.0
70,2,376.9,613.9,223.10000000000002,278.1,1,1,1.0
70,3,267.7,410.1,266.78000000000003,161.5,1,1,1.0
70,4,224.7,473.5,194.40000000000003,227.10000000000002,1,1,1.0
70,5,1154.6,350.0,157.60000000000014,257.5,1,1,1.0
70,6,363.6,302.1,134.84999999999997,156.79999999999995,1,1,0.0
70,7,600.4,282.1,180.20000000000005,262.0,1,1,1.0
70,8,536.6,507.5,240.89999999999998,276.9,1,1,1.0
70,9,584.6,751.7,356.5,145.29999999999995,1,1,1.0
70,10,1002.5,286.6,184.4000000000001,293.5,1,1,1.0
71,1,700.1,496.0,379.1,157.89999999999998,1,1,1.0
71,2,377.5,617.6,223.10000000000002,271.19999999999993,1,1,1.0
71,3,267.7,411.7,266.78000000000003,156.2,1,1,1.0
71,4,166.3,531.9,252.8,162.39999999999998,1,1,1.0
71,5,1160.6,344.0,149.30000000000018,262.70000000000005,1,1,1.0
71,6,365.5,302.1,131.8,158.2,1,1,0.0
71,7,601.7,283.4,178.89999999999998,253.10000000000002,1,1,1.0
71,8,544.9,517.3,222.10000000000002,265.6,1,1,1.0
71,9,571.3,752.3,348.4000000000001,137.20000000000005,1,1,1.0
71,10,988.6,291.5,176.10000000000002,285.1,1,1,1.0
72,1,700.1,501.4,317.6,154.30000000000007,1,1,1.0
72,2,378.13,611.3,219.97000000000003,271.20000000000005,1,1,1.0
72,3,267.7,381.3,266.78000000000003,193.40000000000003,1,1,1.0
72,4,189.5,552.6,232.7,144.19999999999993,1,1,1.0
72,5,1174.2,350.0,118.39999999999986,347.1,1,1,1.0
72,6,365.0,301.3,134.60000000000002,159.3,1,1,0.0
72,7,603.0,284.0,177.60000000000002,252.5,1,1,1.0
72,8,557.0,523.3,211.5,264.1,1,1,1.0
72,9,564.4,762.1,353.0,141.89999999999998,1,1,1.0
72,10,973.3,330.4,223.4000000000001,272.80000000000007,1,1,1.0
73,1,652.2,532.1,303.0999999999999,153.39999999999998,1,1,1.0
73,2,390.7,611.3,229.59999999999997,272.5,1,1,1.0
73,3,267.2,402.2,267.28000000000003,169.40000000000003,1,1,1.0
73,4,196.4,587.8,252.1,119.70000000000005,1,1,1.0
73,5,1143.5,435.9,292.9000000000001,132.80000000000007,1,1,1.0
73,6,364.6,299.9,126.12,161.60000000000002,1,1,0.0
73,7,549.0,280.9,185.10000000000002,292.6,1,1,1.0
73,8,547.2,528.6,277.79999999999995,227.19999999999993,1,1,1.0
73,9,567.9,751.7,306.1,138.39999999999998,1,1,1.0
73,10,690.7,326.6,373.51,135.7,1,1,1.0
74,1,646.8,526.7,340.1,141.5999999999999,1,1,1.0
74,2,421.5,597.5,193.89999999999998,296.29999999999995,1,1,1.0
74,3,268.2,382.8,266.28000000000003,190.90000000000003,1,1,1.0
74,4,231.6,570.2,174.50000000000003,215.79999999999995,1,1,1.0
74,5,1063.0,396.1,305.5999999999999,131.89999999999998,1,1,1.0
74,6,243.4,293.7,247.1,199.10000000000002,1,1,0.0
74,7,552.8,273.4,175.0,272.5,1,1,1.0
74,8,532.1,535.4,333.6,197.0,1,1,1.0
74,9,566.7,767.3,334.5,120.5,1,1,1.0
74,10,681.9,325.3,390.5000000000001,125.09999999999997,1,1,1.0
75,1,654.9,530.3,349.20000000000005,137.10000000000002,1,1,1.0
75,2,437.8,612.6,179.8,287.5,1,1,1.0
75,3,268.2,399.0,265.2,172.10000000000002,1,1,1.0
75,4,263.0,535.1,196.2,241.5,1,1,1.0
75,5,974.4,375.3,358.0000000000001,142.8,1,1,1.0
75,6,235.9,284.7,252.29999999999998,209.3,1,1,0.0
75,7,495.0,335.5,211.0,263.79999999999995,1,1,1.0
75,8,526.1,548.2,334.19999999999993,182.69999999999993,1,1,1.0
75,9,566.7,761.5,391.19999999999993,127.5,1,1,1.0
75,10,667.5,350.4,378.5,137.60000000000002,1,1,1.0
76,1,658.5,540.2,338.4,156.0999999999999,1,1,1.0
76,2,425.2,605.1,194.50000000000006,282.4,1,1,1.0
76,3,269.2,395.9,255.3,170.0,1,1,1.0
76,4,218.4,625.5,269.70000000000005,157.39999999999998,1,1,1.0
76,5,930.1,382.5,260.30000000000007,216.10000000000002,1,1,1.0
76,6,233.8,289.2,252.31,191.5,1,1,0.0
76,7,485.0,360.0,211.70000000000005,238.70000000000005,1,1,1.0
76,8,522.3,552.7,344.9000000000001,178.19999999999993,1,1,1.0
76,9,566.7,762.7,423.0,119.39999999999998,1,1,1.0
76,10,659.3,350.4,377.9000000000001,137.60000000000002,1,1,1.0
77,1,658.5,544.7,352.0,116.29999999999995,1,1,1.0
77,2,420.2,591.2,192.2,292.5,1,1,1.0
77,3,269.2,407.2,256.59999999999997,159.3,1,1,1.0
77,4,212.5,539.5,281.3,239.0,1,1,1.0
77,5,857.8,415.1,249.4000000000001,290.19999999999993,1,1,1.0
77,6,186.9,289.2,296.79999999999995,194.2,1,1,0.0
77,7,483.1,338.7,225.89999999999998,225.50000000000006,1,1,1.0
77,8,523.8,553.5,328.4000000000001,178.20000000000005,1,1,1.0
77,9,573.6,766.7,320.6,114.79999999999995,1,1,1.0
77,10,684.4,345.4,315.80000000000007,140.70000000000005,1,1,1.0
78,1,665.7,542.0,315.0,115.39999999999998,1,1,1.0
78,2,409.5,583.0,202.5,298.79999999999995,1,1,1.0
78,3,269.8,399.7,260.99999999999994,171.8,1,1,1.0
78,4,261.5,541.83,234.54000000000002,245.87,1,1,1.0
78,5,842.4,413.3,249.39999999999998,275.7,1,1,1.0
78,6,186.9,283.9,295.29999999999995,188.20000000000005,1,1,0.0
78,7,481.2,344.4,230.40000000000003,214.80000000000007,1,1,1.0
78,8,523.8,552.7,342.1,177.5,1,1,1.0
78,9,569.6,763.2,292.79999999999995,129.29999999999995,1,1,1.0
78,10,472.8,293.3,282.49999999999994,143.8,1,1,1.0
79,1,663.9,540.2,313.20000000000005,135.29999999999995,1,1,1.0
79,2,409.5,586.1,199.29999999999995,286.9,1,1,1.0
79,3,269.8,414.8,260.99999999999994,154.2,1,1,1.0
79,4,258.6,516.9,243.39999999999998,271.6,1,1,1.0
79,5,861.4,406.1,229.5000000000001,283.79999999999995,1,1,1.0
79,6,217.8,283.1,254.59999999999997,222.89999999999998,1,1,0.0
79,7,496.6,328.1,216.29999999999995,226.69999999999993,1,1,1.0
79,8,523.8,551.2,331.4000000000001,185.79999999999995,1,1,1.0
79,9,570.2,763.2,289.9,129.29999999999995,1,1,1.0
79,10,315.2,327.8,268.7,184.0,1,1,1.0
80,1,662.1,543.8,356.6,115.40000000000009,1,1,1.0
80,2,401.3,585.5,206.8,279.29999999999995,1,1,1.0
80,3,276.7,426.7,254.09999999999997,148.59999999999997,1,1,1.0
80,4,249.2,584.7,235.2,210.69999999999993,1,1,1.0
80,5,864.1,406.1,224.9999999999999,298.29999999999995,1,1,1.0
80,6,234.4,273.3,240.29999999999998,220.59999999999997,1,1,0.0
80,7,488.1,323.1,224.19999999999993,264.4,1,1,1.0
80,8,527.6,549.7,321.6,181.29999999999995,1,1,1.0
80,9,569.6,742.4,292.79999999999995,152.39999999999998,1,1,1.0
80,10,271.9,384.3,184.5,251.3,1,1,1.0
81,1,655.8,472.4,299.6,181.39999999999998,1,1,1.0
81,2,403.8,595.5,204.90000000000003,258.6,1,1,1.0
81,3,301.2,355.7,277.00000000000006,222.09999999999997,1,1,1.0
81,4,239.2,575.3,260.2,225.80000000000007,1,1,1.0
81,5,884.0,408.8,203.29999999999995,325.40000000000003,1,1,1.0
81,6,397.9,265.0,76.0,179.2,1,1,0.0
81,7,511.3,323.1,201.59999999999997,247.29999999999995,1,1,1.0
81,8,522.3,551.2,337.4000000000001,176.79999999999995,1,1,1.0
81,9,569.6,736.6,294.5,158.19999999999993,1,1,1.0
81,10,258.1,446.0,111.69999999999999,216.0,1,1,1.0
82,1,720.0,394.6,223.60000000000002,265.5,1,1,1.0
82,2,395.6,621.9,227.39999999999998,225.89999999999998,1,1,1.0
82,3,356.5,283.5,271.70000000000005,240.89999999999998,1,1,1.0
82,4,255.5,582.8,308.0,214.5,1,1,1.0
82,5,896.7,415.1,187.89999999999986,321.79999999999995,1,1,1.0
82,6,397.9,271.0,76.0,173.2,1,1,0.0
82,7,530.8,326.9,185.9000000000001,247.89999999999998,1,1,1.0
82,8,525.3,562.5,344.20000000000005,186.60000000000002,1,1,1.0
82,9,566.1,732.0,402.19999999999993,164.5,1,1,1.0
82,10,262.4,457.8,170.8,183.49999999999994,1,1,1.0
83,1,754.4,389.2,169.30000000000007,283.59999999999997,1,1,1.0
83,2,394.3,637.0,239.7,219.20000000000005,1,1,1.0
83,3,406.7,271.6,215.2,245.89999999999998,1,1,1.0
83,4,315.8,583.4,285.2,190.0,1,1,1.0
83,5,896.7,411.5,192.39999999999986,293.79999999999995,1,1,1.0
83,6,394.1,284.6,85.09999999999997,159.59999999999997,1,1,0.0
83,7,557.2,331.9,154.5,244.20000000000005,1,1,1.0
83,8,527.6,557.3,329.1,199.30000000000007,1,1,1.0
83,9,562.0,717.5,364.6,178.39999999999998,1,1,1.0
83,10,230.5,468.5,243.5,157.10000000000002,1,1,1.0
84,1,740.8,394.6,205.5,260.1,1,1,1.0
84,2,397.5,633.2,238.20000000000005,215.89999999999998,1,1,1.0
84,3,424.9,289.18,183.80000000000007,237.71999999999997,1,1,1.0
84,4,274.4,609.1,283.5,156.10000000000002,1,1,1.0
84,5,901.2,406.1,186.0999999999999,289.25,1,1,1.0
84,6,252.4,276.4,155.99999999999997,288.39,1,1,0.0
84,7,562.9,336.9,164.5,237.89999999999998,1,1,1.0
84,8,546.4,555.8,328.4,178.9000000000001,1,1,1.0
84,9,564.3,744.1,353.6,162.19999999999993,1,1,1.0
84,10,259.4,469.1,284.0,148.5,1,1,1.0
85,1,739.0,395.5,207.29999999999995,256.5,1,1,1.0
85,2,417.6,667.7,255.10000000000002,217.19999999999993,1,1,1.0
85,3,428.7,295.5,152.40000000000003,201.89999999999998,1,1,1.0
85,4,315.9,599.1,307.30000000000007,142.89999999999998,1,1,1.0
85,5,909.3,408.8,184.29999999999995,305.49999999999994,1,1,1.0
85,6,200.4,442.93,166.79999999999998,229.57,1,1,1.0
85,7,562.3,349.5,175.10000000000002,225.89999999999998,1,1,1.0
85,8,544.1,563.3,313.4,181.20000000000005,1,1,1.0
85,9,562.6,763.8,363.4,141.30000000000007,1,1,1.0
85,10,260.7,481.7,293.09999999999997,133.8,1,1,1.0
86,1,726.3,384.6,216.4000000000001,259.29999999999995,1,1,1.0
86,2,382.4,670.2,267.70000000000005,178.29999999999995,1,1,1.0
86,3,406.7,302.4,154.90000000000003,137.90000000000003,1,1,1.0
86,4,498.0,661.3,370.70000000000005,129.0,1,1,1.0
86,5,905.7,411.5,184.29999999999995,279.29999999999995,1,1,1.0
86,6,246.4,460.3,140.9,279.99999999999994,1,1,1.0
86,7,595.0,345.7,163.70000000000005,227.8,1,1,1.0
86,8,544.1,539.9,319.4,169.89999999999998,1,1,1.0
86,9,574.8,741.2,323.4000000000001,163.29999999999995,1,1,1.0
86,10,255.7,489.2,298.09999999999997,140.7,1,1,1.0
87,1,741.7,329.4,267.9,247.60000000000002,1,1,1.0
87,2,367.3,674.3,295.49999999999994,177.30000000000007,1,1,1.0
87,3,415.5,309.9,119.10000000000002,106.5,1,1,1.0
87,4,590.9,687.0,409.0,104.60000000000002,1,1,1.0
87,5,906.6,399.7,188.80000000000007,305.59999999999997,1,1,1.0
87,6,220.8,511.5,211.7,271.0,1,1,1.0
87,7,603.8,357.0,121.70000000000005,219.60000000000002,1,1,1.0
87,8,526.0,541.4,329.20000000000005,151.10000000000002,1,1,1.0
87,9,571.9,767.8,300.30000000000007,130.30000000000007,1,1,1.0
87,10,256.3,491.7,289.3,140.8,1,1,1.0
88,1,761.6,321.3,168.69999999999993,371.49999999999994,1,1,1.0
88,2,367.3,639.4,268.99999999999994,205.89999999999998,1,1,1.0
88,3,372.2,304.9,124.69999999999999,150.5,1,1,0.0
88,4,589.0,680.7,390.20000000000005,123.5,1,1,1.0
88,5,906.6,406.0,185.19999999999993,290.29999999999995,1,1,1.0
88,6,219.3,588.4,296.09999999999997,158.70000000000005,1,1,1.0
88,7,595.6,341.9,136.79999999999995,234.70000000000005,1,1,1.0
88,8,518.5,554.2,339.6,144.79999999999995,1,1,1.0
88,9,567.8,778.2,369.20000000000005,109.5,1,1,1.0
88,10,260.7,491.1,321.90000000000003,137.0,1,1,1.0
89,1,694.2,383.0,279.0999999999999,301.70000000000005,1,1,1.0
89,2,369.8,643.8,273.99999999999994,185.20000000000005,1,1,1.0
89,3,375.3,315.6,114.69999999999999,141.7,1,1,0.0
89,4,587.7,682.0,397.19999999999993,122.79999999999995,1,1,1.0
89,5,907.5,402.4,187.0,295.70000000000005,1,1,1.0
89,6,265.3,602.7,329.99999999999994,132.29999999999995,1,1,1.0
89,7,595.6,345.7,138.69999999999993,230.90000000000003,1,1,1.0
89,8,517.0,558.0,346.9,133.0,1,1,1.0
89,9,561.4,780.5,404.0,108.39999999999998,1,1,1.0
89,10,256.3,496.8,314.99999999999994,123.80000000000001,1,1,1.0
90,1,661.2,410.8,321.0999999999999,278.40000000000003,1,1,1.0
90,2,393.0,654.5,299.20000000000005,159.60000000000002,1,1,1.0
90,3,380.4,318.7,107.70000000000005,138.60000000000002,1,1,0.0
90,4,585.8,683.3,400.4000000000001,114.0,1,1,1.0
90,5,903.9,402.4,185.19999999999993,293.0,1,1,1.0
90,6,277.4,599.7,323.9,127.79999999999995,1,1,1.0
90,7,601.9,339.4,126.10000000000002,252.30000000000007,1,1,1.0
90,8,512.5,586.6,304.29999999999995,105.89999999999998,1,1,1.0
90,9,572.4,780.5,290.6,111.89999999999998,1,1,1.0
90,10,265.7,496.8,317.50000000000006,116.19999999999999,1,1,1.0
91,1,679.3,414.4,294.9000000000001,292.9,1,1,1.0
91,2,379.62,698.93,299.9,137.4000000000001,1,1,1.0
91,3,377.3,326.2,111.5,132.40000000000003,1,1,0.0
91,4,590.2,685.2,360.19999999999993,126.5,1,1,1.0
91,5,904.8,402.4,184.29999999999995,254.10000000000002,1,1,1.0
91,6,269.9,596.7,309.5,122.5,1,1,1.0
91,7,603.2,328.7,119.79999999999995,265.50000000000006,1,1,1.0
91,8,507.2,586.6,329.2,107.39999999999998,1,1,1.0
91,9,566.0,785.1,323.0,109.0,1,1,1.0
91,10,276.4,486.8,314.30000000000007,107.99999999999994,1,1,1.0
92,1,700.1,409.0,242.5,254.89999999999998,1,1,1.0
92,2,387.2,704.2,282.8,127.89999999999998,1,1,1.0
92,3,374.8,325.6,113.39999999999998,133.0,1,1,0.0
92,4,592.1,696.5,358.9,109.5,1,1,1.0
92,5,893.9,397.0,192.5000000000001,263.1,1,1,1.0
92,6,254.8,600.5,296.7,107.39999999999998,1,1,1.0
92,7,601.3,326.2,121.70000000000005,266.7,1,1,1.0
92,8,515.5,580.6,344.70000000000005,117.19999999999993,1,1,1.0
92,9,616.9,801.3,381.5,110.20000000000005,1,1,1.0
92,10,318.4,408.9,278.0,150.80000000000007,1,1,1.0
93,1,697.4,379.2,209.0,272.00000000000006,1,1,1.0
93,2,395.5,686.0,283.6,147.39999999999998,1,1,1.0
93,3,276.2,315.6,220.2,187.59999999999997,1,1,0.0
93,4,619.1,685.2,395.9,108.89999999999998,1,1,1.0
93,5,888.5,391.6,197.9000000000001,246.79999999999995,1,1,1.0
93,6,215.6,571.1,268.79999999999995,150.39999999999998,1,1,1.0
93,7,596.9,329.3,126.10000000000002,257.90000000000003,1,1,1.0
93,8,515.5,577.6,345.0,120.19999999999993,1,1,1.0
93,9,633.7,808.8,394.79999999999995,114.90000000000009,1,1,1.0
93,10,321.5,370.6,290.0,152.69999999999993,1,1,1.0
94,1,710.4,383.6,192.39999999999998,281.19999999999993,1,1,1.0
94,2,374.8,670.3,295.49999999999994,173.0,1,1,1.0
94,3,284.4,311.2,205.70000000000005,210.8,1,1,0.0
94,4,614.1,680.8,380.19999999999993,112.0,1,1,1.0
94,5,895.7,390.7,189.79999999999995,235.90000000000003,1,1,1.0
94,6,214.8,559.8,290.7,183.60000000000002,1,1,1.0
94,7,598.2,330.6,131.69999999999993,262.29999999999995,1,1,1.0
94,8,514.0,579.1,345.70000000000005,118.69999999999993,1,1,1.0
94,9,642.4,808.8,386.1,125.30000000000007,1,1,1.0
94,10,326.5,387.6,279.29999999999995,135.69999999999993,1,1,1.0
95,1,711.0,386.4,200.70000000000005,276.1,1,1,1.0
95,2,377.9,681.6,292.4,164.79999999999995,1,1,1.0
95,3,304.5,301.8,193.10000000000002,214.49999999999994,1,1,0.0
95,4,676.3,641.9,385.79999999999995,146.5,1,1,1.0
95,5,894.8,393.4,187.10000000000014,263.0,1,1,1.0
95,6,219.3,560.6,260.59999999999997,206.89999999999998,1,1,1.0
95,7,591.3,352.6,141.10000000000002,251.60000000000002,1,1,1.0
95,8,513.2,582.9,314.0999999999999,117.20000000000005,1,1,1.0
95,9,645.9,808.2,308.5,144.39999999999998,1,1,1.0
95,10,334.7,415.8,269.2,241.3,1,1,1.0
96,1,725.9,392.32,171.0,277.97999999999996,1,1,1.0
96,2,401.1,697.1,309.4,123.60000000000002,1,1,1.0
96,3,264.9,291.1,208.20000000000005,220.79999999999995,1,1,0.0
96,4,902.98,496.2,353.22,192.99000000000007,1,1,1.0
96,5,902.0,390.7,184.4000000000001,286.50000000000006,1,1,1.0
96,6,226.8,557.6,242.8,280.69999999999993,1,1,1.0
96,7,590.6,360.8,139.89999999999998,237.7,1,1,1.0
96,8,510.9,591.2,341.30000000000007,105.89999999999998,1,1,1.0
96,9,648.8,808.8,298.70000000000005,130.5,1,1,1.0
96,10,383.1,424.6,202.0,285.19999999999993,1,1,1.0
97,1,734.6,394.25,160.0,299.20000000000005,1,1,1.0
97,2,408.0,684.8,286.79999999999995,113.40000000000009,1,1,1.0
97,3,241.0,311.2,221.39999999999998,186.90000000000003,1,1,0.0
97,4,1172.2,361.1,232.0,245.10000000000002,1,1,1.0
97,5,905.6,360.0,172.69999999999993,290.1,1,1,1.0
97,6,275.0,691.0,304.4,204.60000000000002,1,1,1.0
97,7,590.6,344.5,147.5,235.20000000000005,1,1,1.0
97,8,530.5,567.1,336.0,164.69999999999993,1,1,1.0
97,9,639.0,759.0,305.6,160.60000000000002,1,1,1.0
97,10,389.4,454.1,171.80000000000007,291.5,1,1,1.0
98,1,735.53,392.42,169.07000000000005,291.68,1,1,1.0
98,2,407.4,686.1,285.5,112.10000000000002,1,1,1.0
98,3,246.7,313.7,206.3,183.10000000000002,1,1,0.0
98,4,1251.9,376.8,137.19999999999982,266.40000000000003,1,1,1.0
98,5,907.4,339.2,175.39999999999998,301.00000000000006,1,1,1.0
98,6,266.0,709.1,304.4,168.39999999999998,1,1,1.0
98,7,585.0,345.1,153.10000000000002,258.5,1,1,1.0
98,8,543.3,519.6,296.80000000000007,216.0,1,1,1.0
98,9,652.3,702.9,225.80000000000007,269.9,1,1,1.0
98,10,328.5,457.9,232.70000000000005,262.0,1,1,1.0
99,1,729.2,359.33,161.39999999999998,311.27000000000004,1,1,1.0
99,2,409.3,677.9,282.3,136.60000000000002,1,1,1.0
99,3,229.1,313.1,217.6,166.09999999999997,1,1,0.0
99,4,1262.6,367.4,146.60000000000014,323.5,1,1,1.0
99,5,918.2,339.2,164.5999999999999,333.59999999999997,1,1,1.0
99,6,266.0,708.3,323.20000000000005,166.20000000000005,1,1,1.0
99,7,558.6,341.3,187.60000000000002,254.8,1,1,1.0
99,8,545.5,515.8,290.1,217.5,1,1,1.0
99,9,658.7,694.8,249.5,272.21000000000004,1,1,1.0
99,10,282.7,466.7,246.50000000000006,254.50000000000006,1,1,1.0
100,1,714.6,363.8,183.60000000000002,261.2,1,1,1.0
100,2,408.3,698.3,345.49999999999994,113.10000000000002,1,1,1.0
100,3,261.1,321.9,182.5,158.60000000000002,1,1,0.0
100,4,1255.7,348.56,169.20000000000005,361.84,1,1,1.0
100,5,877.5,333.8,181.79999999999995,363.40000000000003,1,1,1.0
100,6,282.6,711.3,310.4,197.10000000000002,1,1,1.0
100,7,571.2,338.2,168.69999999999993,229.00000000000006,1,1,1.0
100,8,552.3,524.8,321.0,210.80000000000007,1,1,1.0
100,9,661.6,693.6,243.69999999999993,274.0,1,1,1.0
100,10,202.3,571.6,252.2,140.79999999999995,1,1,1.0
101,1,681.1,362.0,234.19999999999993,226.79999999999995,1,1,1.0
101,2,405.5,684.2,303.1,127.19999999999993,1,1,1.0
101,3,231.6,320.6,210.70000000000002,158.0,1,1,0.0
101,4,1252.7,353.1,174.5,330.9,1,1,1.0
101,5,864.8,394.4,190.0,334.4,1,1,1.0
101,6,287.1,705.3,309.69999999999993,189.5,1,1,1.0
101,7,558.0,336.9,185.70000000000005,287.5,1,1,1.0
101,8,551.5,531.6,288.6,204.0,1,1,1.0
101,9,655.2,695.3,252.39999999999998,272.30000000000007,1,1,1.0
101,10,202.9,561.6,235.29999999999998,145.10000000000002,1,1,1.0
102,1,625.0,412.6,332.9,165.39999999999998,1,1,1.0
102,2,401.4,674.2,304.70000000000005,149.0999999999999,1,1,1.0
102,3,255.5,316.8,189.3,187.3,1,1,0.0
102,4,1035.7,404.3,328.20000000000005,205.90000000000003,1,1,1.0
102,5,863.0,408.9,190.9000000000001,310.0,1,1,1.0
102,6,300.7,721.1,313.40000000000003,183.5,1,1,1.0
102,7,581.2,334.4,166.29999999999995,274.9,1,1,1.0
102,8,551.5,533.1,316.5,224.39999999999998,1,1,1.0
102,9,665.6,720.8,242.0,248.0,1,1,1.0
102,10,142.6,561.6,281.20000000000005,139.39999999999998,1,1,1.0
103,1,613.7,426.9,311.0,150.20000000000005,1,1,1.0
103,2,394.8,645.9,281.2,197.5,1,1,1.0
103,3,246.7,306.1,196.8,181.89999999999998,1,1,0.0
103,4,983.0,432.9,326.5999999999999,221.0,1,1,1.0
103,5,861.2,415.2,189.0999999999999,296.50000000000006,1,1,1.0
103,6,400.2,797.2,360.8,117.89999999999998,1,1,1.0
103,7,587.5,319.3,151.79999999999995,251.09999999999997,1,1,1.0
103,8,556.0,531.6,325.5,231.89999999999998,1,1,1.0
103,9,658.1,709.2,249.5,259.5999999999999,1,1,1.0
103,10,147.6,551.6,352.79999999999995,151.89999999999998,1,1,1.0
104,1,631.8,352.3,344.9000000000001,179.8,1,1,1.0
104,2,408.6,629.6,246.69999999999993,254.60000000000002,1,1,1.0
104,3,264.9,304.8,176.70000000000005,225.3,1,1,0.0
104,4,983.8,412.6,294.9000000000001,247.29999999999995,1,1,1.0
104,5,865.7,407.1,196.39999999999986,291.0,1,1,1.0
104,6,497.4,772.3,279.4,149.60000000000002,1,1,1.0
104,7,564.3,319.3,181.9000000000001,241.7,1,1,1.0
104,8,554.76,535.6,330.79999999999995,203.29999999999995,1,1,1.0
104,9,633.8,727.7,341.5,238.19999999999993,1,1,1.0
104,10,160.2,583.7,320.1,137.39999999999998,1,1,1.0
105,1,704.2,308.6,360.70000000000005,181.29999999999995,1,1,1.0
105,2,417.4,630.9,228.89999999999998,258.30000000000007,1,1,1.0
105,3,252.3,305.4,184.3,202.70000000000005,1,1,0.0
105,4,948.4,405.8,307.69999999999993,294.8,1,1,1.0
105,5,868.4,407.1,198.19999999999993,304.6,1,1,1.0
105,6,512.5,755.0,347.20000000000005,170.70000000000005,1,1,1.0
105,7,549.2,309.3,199.5,252.90000000000003,1,1,1.0
105,8,559.0,539.1,348.9,207.79999999999995,1,1,1.0
105,9,658.1,735.2,365.79999999999995,183.79999999999995,1,1,1.0
105,10,146.4,589.4,316.9,116.60000000000002,1,1,1.0
106,1,854.9,291.3,323.0000000000001,132.3,1,1,1.0
106,2,426.2,638.4,218.40000000000003,255.80000000000007,1,1,1.0
106,3,273.0,309.8,168.60000000000002,211.49999999999994,1,1,0.0
106,4,940.9,416.3,264.0000000000001,310.7,1,1,1.0
106,5,867.5,400.8,187.29999999999995,316.3,1,1,1.0
106,6,527.6,746.7,323.1,194.0999999999999,1,1,1.0
106,7,556.7,300.5,192.0,259.20000000000005,1,1,1.0
106,8,560.5,532.3,283.79999999999995,211.0,1,1,1.0
106,9,642.5,745.0,332.79999999999995,176.89999999999998,1,1,1.0
106,10,139.5,587.5,304.3,107.79999999999995,1,1,1.0
107,1,1049.3,261.2,229.5,300.3,1,1,1.0
107,2,421.2,644.7,223.40000000000003,258.29999999999995,1,1,1.0
107,3,284.9,312.3,173.70000000000005,229.09999999999997,1,1,0.0
107,4,968.78,410.25,216.51999999999998,324.25,1,1,1.0
107,5,866.6,406.2,184.60000000000002,309.09999999999997,1,1,1.0
107,6,526.1,727.1,338.9,216.0,1,1,1.0
107,7,585.0,295.5,155.5,295.6,1,1,1.0
107,8,566.5,529.3,279.6,207.80000000000007,1,1,1.0
107,9,642.5,753.1,384.29999999999995,157.19999999999993,1,1,1.0
107,10,139.5,586.2,299.9,106.59999999999991,1,1,1.0
108,1,1154.6,285.3,134.0,348.90000000000003,1,1,1.0
108,2,430.0,655.54,212.88,257.26,1,1,1.0
108,3,291.8,318.0,172.5,215.20000000000005,1,1,0.0
108,4,971.8,390.7,209.0,320.40000000000003,1,1,1.0
108,5,867.5,402.6,183.70000000000005,313.6,1,1,1.0
108,6,526.1,721.8,297.5,227.30000000000007,1,1,1.0
108,7,590.0,290.5,140.5,270.5,1,1,1.0
108,8,570.3,524.0,275.80000000000007,228.89999999999998,1,1,1.0
108,9,639.0,753.1,364.70000000000005,152.60000000000002,1,1,1.0
108,10,132.6,576.8,304.9,106.60000000000002,1,1,1.0
109,1,1164.6,294.3,141.30000000000018,342.59999999999997,1,1,1.0
109,2,432.5,622.0,212.10000000000002,292.9,1,1,1.0
109,3,297.5,314.9,161.10000000000002,222.10000000000002,1,1,0.0
109,4,961.3,404.3,237.60000000000014,293.2,1,1,1.0
109,5,866.6,405.3,180.10000000000002,301.90000000000003,1,1,1.0
109,6,531.4,721.0,323.9,225.89999999999998,1,1,1.0
109,7,592.5,269.2,133.0,318.2,1,1,1.0
109,8,568.0,524.0,278.1,228.89999999999998,1,1,1.0
109,9,632.6,752.5,347.4,163.0,1,1,1.0
109,10,137.0,577.4,293.0,109.80000000000007,1,1,1.0
110,1,1135.2,380.2,247.5999999999999,281.50000000000006,1,1,1.0
110,2,428.7,630.8,215.90000000000003,281.6,1,1,1.0
110,3,291.2,310.5,151.7,231.5,1,1,0.0
110,4,976.4,420.1,239.80000000000007,286.19999999999993,1,1,1.0
110,5,864.8,405.3,186.4000000000001,301.90000000000003,1,1,1.0
110,6,533.7,732.4,306.5,219.70000000000005,1,1,1.0
110,7,618.8,225.3,143.10000000000002,328.2,1,1,1.0
110,8,564.2,520.2,314.29999999999995,215.39999999999998,1,1,1.0
110,9,619.0,757.7,416.5999999999999,141.5999999999999,1,1,1.0
110,10,135.7,579.3,298.1,110.40000000000009,1,1,1.0
111,1,1040.3,395.3,320.60000000000014,271.7,1,1,1.0
111,2,423.0,657.2,220.29999999999995,245.19999999999993,1,1,1.0
111,3,246.0,296.1,178.10000000000002,217.60000000000002,1,1,0.0
111,4,970.4,418.6,245.80000000000007,272.1,1,1,1.0
111,5,866.6,403.5,186.39999999999998,300.1,1,1,1.0
111,6,526.2,765.6,286.9,185.69999999999993,1,1,1.0
111,7,616.3,233.5,140.60000000000002,314.9,1,1,1.0
111,8,567.9,529.2,303.1,211.69999999999993,1,1,1.0
111,9,623.3,726.5,360.20000000000005,183.20000000000005,1,1,1.0
111,10,137.0,579.3,294.9,112.30000000000007,1,1,1.0
112,1,1025.2,416.4,341.79999999999995,273.20000000000005,1,1,1.0
112,2,421.1,629.6,222.19999999999993,268.4,1,1,1.0
112,3,286.8,270.4,141.09999999999997,265.9,1,1,0.0
112,4,963.6,429.9,258.6,285.70000000000005,1,1,1.0
112,5,866.6,404.4,188.19999999999993,303.70000000000005,1,1,1.0
112,6,518.6,761.8,296.69999999999993,179.70000000000005,1,1,1.0
112,7,621.3,234.8,128.10000000000002,338.8,1,1,1.0
112,8,567.9,529.2,320.20000000000005,199.69999999999993,1,1,1.0
112,9,608.8,753.1,367.80000000000007,157.79999999999995,1,1,1.0
112,10,135.7,579.9,295.6,111.10000000000002,1,1,1.0
113,1,1041.8,407.4,316.20000000000005,306.30000000000007,1,1,1.0
113,2,422.4,630.2,219.60000000000002,266.5999999999999,1,1,1.0
113,3,286.1,272.3,142.39999999999998,280.90000000000003,1,1,0.0
113,4,974.9,421.6,247.30000000000007,275.9,1,1,1.0
113,5,867.5,400.78,189.0999999999999,301.9200000000001,1,1,1.0
113,6,518.6,747.5,287.69999999999993,199.29999999999995,1,1,1.0
113,7,632.0,231.0,116.76999999999998,351.4,1,1,1.0
113,8,563.7,532.7,317.5,198.29999999999995,1,1,1.0
113,9,607.1,710.3,324.9,210.4000000000001,1,1,1.0
113,10,177.8,578.6,252.2,112.39999999999998,1,1,1.0
114,1,1075.0,407.4,279.20000000000005,270.9,1,1,1.0
114,2,425.5,642.1,217.10000000000002,259.1,1,1,1.0
114,3,268.5,274.2,160.0,276.50000000000006,1,1,0.0
114,4,974.1,427.6,252.60000000000002,265.4,1,1,1.0
114,5,867.5,401.7,189.0999999999999,303.7,1,1,1.0
114,6,518.6,724.9,263.6,219.60000000000002,1,1,1.0
114,7,640.2,239.1,109.19999999999993,350.79999999999995,1,1,1.0
114,8,565.8,532.7,316.80000000000007,194.0999999999999,1,1,1.0
114,9,641.8,718.4,290.20000000000005,205.20000000000005,1,1,1.0
114,10,160.2,582.4,275.5,114.89999999999998,1,1,1.0
115,1,1059.2,405.2,291.20000000000005,293.40000000000003,1,1,1.0
115,2,442.5,671.0,198.89999999999998,284.79999999999995,1,1,1.0
115,3,294.9,279.2,133.60000000000002,252.09999999999997,1,1,0.0
115,4,975.6,432.1,252.60000000000002,282.0,1,1,1.0
115,5,867.5,399.9,189.0999999999999,298.30000000000007,1,1,1.0
115,6,530.7,763.3,245.5,188.70000000000005,1,1,1.0
115,7,641.5,243.5,107.89999999999998,334.5,1,1,1.0
115,8,568.6,527.1,338.29999999999995,208.0,1,1,1.0
115,9,647.1,715.5,259.29999999999995,248.60000000000002,1,1,1.0
115,10,155.2,581.1,279.90000000000003,111.79999999999995,1,1,1.0
116,1,1078.8,387.1,261.10000000000014,304.0,1,1,1.0
116,2,458.2,652.8,183.8,280.4000000000001,1,1,1.0
116,3,294.3,276.7,134.2,270.90000000000003,1,1,0.0
116,4,984.6,420.0,241.30000000000007,267.70000000000005,1,1,1.0
116,5,866.6,397.2,189.9999999999999,324.50000000000006,1,1,1.0
116,6,526.2,780.6,225.0999999999999,168.39999999999998,1,1,1.0
116,7,630.8,239.7,123.0,335.2,1,1,1.0
116,8,568.6,532.7,339.0,210.69999999999993,1,1,1.0
116,9,656.4,708.6,226.39999999999998,271.69999999999993,1,1,1.0
116,10,150.2,579.2,278.0,110.59999999999991,1,1,1.0
117,1,1030.6,402.2,321.4000000000001,279.09999999999997,1,1,1.0
117,2,442.5,710.6,179.29999999999995,227.69999999999993,1,1,1.0
117,3,294.3,271.0,134.2,266.6,1,1,0.0
117,4,962.0,420.0,254.9000000000001,263.9,1,1,1.0
117,5,867.5,390.0,189.0999999999999,317.20000000000005,1,1,1.0
117,6,537.5,805.5,329.79999999999995,129.89999999999998,1,1,1.0
117,7,635.2,239.7,118.59999999999991,333.3,1,1,1.0
117,8,574.2,532.7,339.0,210.69999999999993,1,1,1.0
117,9,472.0,423.8,147.5,322.99999999999994,1,1,1.0
117,10,136.4,577.3,294.9,110.0,1,1,1.0
118,1,1087.9,428.6,277.6999999999998,248.89999999999998,1,1,1.0
118,2,433.8,714.4,201.90000000000003,213.20000000000005,1,1,1.0
118,3,298.1,265.3,130.39999999999998,292.40000000000003,1,1,0.0
118,4,949.9,423.8,271.5000000000001,259.3,1,1,1.0
118,5,837.7,396.3,214.39999999999986,289.2,1,1,1.0
118,6,582.7,724.1,332.0999999999999,197.0,1,1,1.0
118,7,642.1,235.3,114.5,361.59999999999997,1,1,1.0
118,8,570.7,530.6,347.4,200.29999999999995,1,1,1.0
118,9,449.5,407.57,147.0,259.83,1,1,1.0
118,10,136.4,578.6,297.4,111.19999999999993,1,1,1.0
119,1,1106.7,445.2,274.0,215.7,1,1,1.0
119,2,434.7,715.7,202.3,206.89999999999998,1,1,1.0
119,3,298.1,258.4,130.39999999999998,264.80000000000007,1,1,0.0
119,4,934.1,417.8,275.9999999999999,281.2,1,1,1.0
119,5,824.1,390.0,216.19999999999993,294.6,1,1,1.0
119,6,581.2,730.9,323.0999999999999,194.0,1,1,1.0
119,7,640.2,239.1,118.59999999999991,350.19999999999993,1,1,1.0
119,8,568.6,534.1,352.29999999999995,195.39999999999998,1,1,1.0
119,9,397.1,416.38,226.79999999999995,203.72000000000003,1,1,1.0
119,10,160.3,581.1,276.59999999999997,115.0,1,1,1.0
120,1,1054.7,452.0,326.0,187.0,1,1,1.0
120,2,436.9,715.7,204.5,210.0,1,1,1.0
120,3,297.5,262.8,131.0,242.8,1,1,0.0
120,4,927.3,419.3,244.4000000000001,257.09999999999997,1,1,1.0
120,5,829.5,385.5,199.0999999999999,301.79999999999995,1,1,1.0
120,6,578.9,735.4,316.4,195.5,1,1,1.0
120,7,644.0,234.1,160.39999999999998,361.1,1,1,1.0
120,8,568.6,546.6,318.29999999999995,181.5,1,1,1.0
120,9,357.3,468.3,265.40000000000003,179.59999999999997,1,1,1.0
120,10,161.6,581.7,274.0,115.0,1,1,1.0
