1,1,256.93,481.15,205.87,217.64999999999998,1,1,1.0
1,2,398.4,562.59,193.40999999999997,247.11,1,1,1.0
1,3,539.06,893.31,267.34000000000003,117.19000000000005,1,1,1.0
1,4,640.3,826.3,265.81000000000006,155.4000000000001,1,1,1.0
1,5,877.35,704.28,135.64,264.94000000000005,1,1,1.0
1,6,710.97,281.11,317.23,175.89,1,1,1.0
1,7,936.1,448.5,316.69999999999993,169.29999999999995,1,1,1.0
1,8,1378.7,791.0,295.5,175.29999999999995,1,1,1.0
1,9,1295.8,102.6,336.0,172.00000000000003,1,1,1.0
2,1,243.8,496.91,258.67,173.88999999999993,1,1,1.0
2,2,398.22,564.9,194.10000000000002,245.30000000000007,1,1,1.0
2,3,538.7,892.2,346.69999999999993,117.5,1,1,1.0
2,4,627.26,828.15,277.94000000000005,158.64999999999998,1,1,1.0
2,5,877.35,704.28,135.64,264.94000000000005,1,1,1.0
2,6,723.13,288.4,309.4699999999999,159.5,1,1,1.0
2,7,943.07,455.63,343.33000000000004,134.07000000000005,1,1,1.0
2,8,1380.87,785.17,294.6300000000001,180.23000000000002,1,1,1.0
2,9,1296.3,102.61,332.9000000000001,173.69,1,1,1.0
3,1,243.3,510.36,259.17,157.24,1,1,1.0
3,2,397.7,565.18,188.27000000000004,241.42000000000007,1,1,1.0
3,3,538.7,893.7,348.19999999999993,121.45999999999992,1,1,1.0
3,4,626.9,820.93,292.0,165.7700000000001,1,1,1.0
3,5,877.35,698.3,135.64,267.0,1,1,1.0
3,6,725.3,291.77,312.20000000000005,158.33000000000004,1,1,1.0
3,7,1006.3,460.6,334.29999999999995,139.69999999999993,1,1,1.0
3,8,1380.87,786.9,288.83000000000015,181.10000000000002,1,1,1.0
3,9,1296.82,102.61,331.8800000000001,175.19,1,1,1.0
4,1,243.1,509.7,260.4,157.09999999999997,1,1,1.0
4,2,400.1,565.03,184.90999999999997,238.67000000000007,1,1,1.0
4,3,538.7,895.1,337.9,115.39999999999998,1,1,1.0
4,4,626.9,820.93,292.0,166.57000000000005,1,1,1.0
4,5,877.35,699.8,135.64,274.1,1,1,1.0
4,6,723.56,296.53,314.74,155.17000000000002,1,1,1.0
4,7,1027.04,452.7,276.55999999999995,181.3,1,1,1.0
4,8,1381.3,784.06,285.79999999999995,186.54000000000008,1,1,1.0
4,9,1304.1,103.13,330.3000000000002,173.17000000000002,1,1,1.0
5,1,239.2,507.67,264.3,157.32999999999998,1,1,1.0
5,2,400.0,565.2,183.19000000000005,239.19999999999993,1,1,1.0
5,3,539.07,894.03,316.63,116.47000000000003,1,1,1.0
5,4,632.67,827.06,282.23,158.94000000000005,1,1,1.0
5,5,877.35,699.0,135.64,264.6,1,1,1.0
5,6,723.1,294.8,319.57000000000005,164.5,1,1,1.0
5,7,1013.13,394.2,194.87,295.59999999999997,1,1,1.0
5,8,1382.13,787.43,282.77,185.57000000000005,1,1,1.0
5,9,1311.26,106.25,319.53999999999996,177.25,1,1,1.0
6,1,218.8,498.01,278.61,160.99,1,1,1.0
6,2,397.7,568.89,186.25000000000006,235.01,1,1,1.0
6,3,537.81,895.47,282.09000000000003,115.73000000000002,1,1,1.0
6,4,634.12,825.26,274.28,160.44000000000005,1,1,1.0
6,5,877.35,699.0,135.64,268.5,1,1,1.0
6,6,727.13,294.8,314.2700000000001,163.89999999999998,1,1,1.0
6,7,1006.2,398.96,193.5,294.84,1,1,1.0
6,8,1382.17,787.1,283.6299999999999,187.0,1,1,1.0
6,9,1306.52,107.29,330.48,179.90999999999997,1,1,1.0
7,1,223.0,493.43,272.62,161.77000000000004,1,1,1.0
7,2,397.8,568.71,184.90000000000003,234.08999999999992,1,1,1.0
7,3,536.73,899.81,323.77,111.3900000000001,1,1,1.0
7,4,633.04,827.79,270.36,154.31000000000006,1,1,1.0
7,5,877.35,699.0,135.64,276.79999999999995,1,1,1.0
7,6,726.1,295.67,314.80000000000007,163.43,1,1,1.0
7,7,1002.73,397.66,201.76999999999998,308.34,1,1,1.0
7,8,1376.1,766.13,286.60000000000014,209.66999999999996,1,1,1.0
7,9,1335.7,105.21,301.79999999999995,176.79000000000002,1,1,1.0
8,1,243.9,500.45,255.29999999999998,167.05,1,1,1.0
8,2,398.6,566.19,185.55999999999995,236.90999999999997,1,1,1.0
8,3,540.34,897.64,324.05999999999995,112.06000000000006,1,1,1.0
8,4,632.67,828.87,269.23,151.02999999999997,1,1,1.0
8,5,877.35,696.7,135.64,274.79999999999995,1,1,1.0
8,6,731.36,295.14,313.0400000000001,162.96000000000004,1,1,1.0
8,7,1010.53,394.2,197.67000000000007,305.3,1,1,1.0
8,8,1385.2,790.33,262.5999999999999,186.76999999999998,1,1,1.0
8,9,1316.28,104.69,323.81999999999994,174.70999999999998,1,1,1.0
9,1,240.1,504.37,261.81000000000006,164.02999999999997,1,1,1.0
9,2,396.0,568.93,185.14,234.17000000000007,1,1,1.0
9,3,543.22,894.75,275.0799999999999,114.64999999999998,1,1,1.0
9,4,626.9,829.23,280.80000000000007,158.56999999999994,1,1,1.0
9,5,877.35,697.5,135.64,273.6,1,1,1.0
9,6,711.3,289.76,333.79999999999995,169.74,1,1,1.0
9,7,1011.4,392.9,199.0000000000001,304.80000000000007,1,1,1.0
9,8,1383.04,780.87,272.55999999999995,194.02999999999997,1,1,1.0
9,9,1309.16,106.25,330.4399999999998,174.64999999999998,1,1,1.0
10,1,247.9,505.53,253.29,163.37,1,1,1.0
10,2,396.8,569.96,183.48999999999995,233.24,1,1,1.0
10,3,541.06,895.11,268.44000000000005,116.78999999999996,1,1,1.0
10,4,628.34,828.51,276.36,154.69000000000005,1,1,1.0
10,5,877.35,694.5,135.64,270.1,1,1,1.0
10,6,720.06,262.23,322.84000000000015,204.57,1,1,1.0
10,7,1013.0,390.3,197.4000000000001,305.7,1,1,1.0
10,8,1382.17,777.83,269.53,200.16999999999996,1,1,1.0
10,9,1299.98,105.73,337.52,178.37,1,1,1.0
11,1,220.6,497.73,274.86,169.16999999999996,1,1,1.0
11,2,397.3,571.71,185.27000000000004,230.39,1,1,1.0
11,3,542.86,895.47,306.03999999999996,115.02999999999997,1,1,1.0
11,4,628.34,827.79,257.9599999999999,155.01,1,1,1.0
11,5,879.5,699.95,133.91999999999996,278.04999999999995,1,1,1.0
11,6,726.3,268.0,315.29999999999995,194.8,1,1,1.0
11,7,1023.3,391.07,189.9000000000001,269.72999999999996,1,1,1.0
11,8,1383.67,775.23,275.03,206.19999999999993,1,1,1.0
11,9,1295.86,105.73,342.24,174.66999999999996,1,1,1.0
12,1,266.1,488.5,204.06,242.79999999999995,1,1,1.0
12,2,397.48,572.02,184.81999999999994,229.08000000000004,1,1,1.0
12,3,540.7,894.75,314.9,115.35000000000002,1,1,1.0
12,4,628.7,824.18,260.0999999999999,153.92000000000007,1,1,1.0
12,5,876.5,699.95,139.08000000000004,273.75,1,1,1.0
12,6,726.67,267.93,315.83000000000004,195.46999999999997,1,1,1.0
12,7,1025.9,387.6,191.5999999999999,272.6,1,1,1.0
12,8,1381.73,776.1,274.3699999999999,202.69999999999993,1,1,1.0
12,9,1298.46,106.77,340.6399999999999,175.73000000000002,1,1,1.0
13,1,285.2,553.51,129.74,304.99,1,1,1.0
13,2,399.46,574.86,187.33999999999997,230.24,1,1,1.0
13,3,542.5,899.45,303.29999999999995,111.34999999999991,1,1,1.0
13,4,630.87,827.06,258.33000000000004,166.24,1,1,1.0
13,5,874.8,699.95,138.62,287.15,1,1,1.0
13,6,729.43,275.03,316.07000000000005,187.67000000000002,1,1,1.0
13,7,1046.93,385.73,171.06999999999994,276.06999999999994,1,1,1.0
13,8,1380.87,775.67,270.0300000000002,200.13,1,1,1.0
13,9,1309.22,105.21,324.68000000000006,172.59000000000003,1,1,1.0
14,1,267.9,649.13,164.23000000000002,296.16999999999996,1,1,1.0
14,2,383.58,567.66,194.52000000000004,249.14,1,1,1.0
14,3,541.06,897.28,306.1400000000001,111.42000000000007,1,1,1.0
14,4,628.34,827.43,255.45999999999992,168.07000000000005,1,1,1.0
14,5,877.83,694.8,133.87,288.1,1,1,1.0
14,6,740.73,275.87,303.47,189.63,1,1,1.0
14,7,1060.66,375.43,158.74,263.27000000000004,1,1,1.0
14,8,1375.67,779.97,282.53,197.23000000000002,1,1,1.0
14,9,1309.22,106.77,326.78,174.13,1,1,1.0
15,1,277.4,687.96,159.60000000000002,262.24,1,1,1.0
15,2,413.66,592.56,170.44,208.74,1,1,1.0
15,3,543.95,896.2,269.04999999999995,112.79999999999995,1,1,1.0
15,4,630.87,823.81,282.73,156.49,1,1,1.0
15,5,877.4,691.37,137.70000000000005,268.92999999999995,1,1,1.0
15,6,740.36,278.6,301.7399999999999,183.7,1,1,1.0
15,7,1054.6,375.43,164.4000000000001,264.07,1,1,1.0
15,8,1374.7,780.6,280.0999999999999,185.29999999999995,1,1,1.0
15,9,1308.7,107.81,330.89999999999986,175.69,1,1,1.0
16,1,242.7,694.03,204.89,262.57000000000005,1,1,1.0
16,2,411.33,593.43,181.87000000000006,210.07000000000005,1,1,1.0
16,3,537.09,892.95,275.40999999999997,118.25,1,1,1.0
16,4,653.3,816.41,243.4000000000001,162.39,1,1,1.0
16,5,877.83,690.07,137.76999999999998,266.53,1,1,1.0
16,6,740.86,276.67,302.93999999999994,186.72999999999996,1,1,1.0
16,7,1052.66,376.3,170.24,265.99999999999994,1,1,1.0
16,8,1375.13,782.93,279.16999999999985,184.7700000000001,1,1,1.0
16,9,1311.82,108.85,324.18000000000006,172.04999999999998,1,1,1.0
17,1,230.9,730.51,204.29999999999998,239.59000000000003,1,1,1.0
17,2,410.9,591.83,176.20000000000005,209.76999999999998,1,1,1.0
17,3,488.99,889.2,262.30999999999995,129.39999999999998,1,1,1.0
17,4,664.46,811.91,228.64,166.89,1,1,1.0
17,5,877.4,698.3,135.58000000000004,270.70000000000005,1,1,1.0
17,6,745.13,280.37,297.37,181.93,1,1,1.0
17,7,1049.5,381.5,175.5,262.5,1,1,1.0
17,8,1376.43,783.2,279.16999999999985,183.19999999999993,1,1,1.0
17,9,1317.54,107.29,323.1600000000001,174.70999999999998,1,1,1.0
18,1,220.4,756.33,216.52,216.4699999999999,1,1,1.0
18,2,410.46,590.56,177.94,210.34000000000003,1,1,1.0
18,3,511.7,742.3,215.7,254.70000000000005,1,1,1.0
18,4,680.76,802.55,213.44000000000005,176.25,1,1,1.0
18,5,868.4,692.2,147.60000000000002,289.79999999999995,1,1,1.0
18,6,743.87,283.53,298.2299999999999,178.37,1,1,1.0
18,7,1049.1,387.0,174.6400000000001,258.33000000000004,1,1,1.0
18,8,1377.3,784.43,279.20000000000005,191.87,1,1,1.0
18,9,1315.97,106.77,323.1299999999999,173.13,1,1,1.0
19,1,244.7,749.88,191.36,231.51999999999998,1,1,1.0
19,2,410.03,588.23,182.07000000000005,215.26999999999998,1,1,1.0
19,3,588.6,637.92,194.70999999999992,280.7800000000001,1,1,1.0
19,4,678.77,793.09,222.43000000000006,184.61,1,1,1.0
19,5,868.4,693.0,147.60000000000002,290.29999999999995,1,1,1.0
19,6,747.9,280.73,295.9,180.26999999999998,1,1,1.0
19,7,1046.47,386.57,172.52999999999997,259.93,1,1,1.0
19,8,1374.27,782.6,281.8299999999999,185.60000000000002,1,1,1.0
19,9,1325.1,107.29,312.4000000000001,176.20999999999998,1,1,1.0
20,1,230.1,752.03,208.10999999999999,229.89999999999998,1,1,1.0
20,2,411.33,584.77,175.67000000000002,218.73000000000002,1,1,1.0
20,3,596.0,541.5,214.05999999999995,265.79999999999995,1,1,1.0
20,4,655.09,805.61,239.80999999999995,163.09000000000003,1,1,1.0
20,5,878.8,697.8,141.60000000000002,269.1,1,1,1.0
20,6,742.6,290.83,305.4999999999999,173.37,1,1,1.0
20,7,1047.33,388.3,171.67000000000007,260.8,1,1,1.0
20,8,1373.4,782.6,283.0999999999999,186.39999999999998,1,1,1.0
20,9,1337.28,105.73,302.31999999999994,197.76999999999998,1,1,1.0
21,1,226.3,742.89,207.19,227.90999999999997,1,1,1.0
21,2,410.03,583.47,171.97000000000003,217.42999999999995,1,1,1.0
21,3,650.51,420.9,160.69000000000005,316.80000000000007,1,1,1.0
21,4,591.1,782.63,266.93999999999994,150.47000000000003,1,1,1.0
21,5,872.73,703.9,148.16999999999996,245.67000000000007,1,1,1.0
21,6,741.73,286.26,299.8699999999999,177.44,1,1,1.0
21,7,1042.57,384.83,173.83000000000015,264.67,1,1,1.0
21,8,1372.1,780.6,284.8000000000002,188.89999999999998,1,1,1.0
21,9,1346.63,100.53,293.4699999999998,212.27,1,1,1.0
22,1,251.5,730.45,185.42000000000002,234.3499999999999,1,1,1.0
22,2,410.03,583.03,167.87,217.87,1,1,1.0
22,3,598.82,358.13,155.27999999999997,256.47,1,1,1.0
22,4,653.1,693.32,199.51999999999998,215.88,1,1,1.0
22,5,877.8,693.02,141.43000000000006,260.78,1,1,1.0
22,6,731.57,286.3,306.63,171.59999999999997,1,1,1.0
22,7,1038.33,388.76,178.76999999999998,254.14,1,1,1.0
22,8,1379.9,779.56,267.89999999999986,188.84000000000003,1,1,1.0
22,9,1312.88,104.69,328.31999999999994,184.51,1,1,1.0
23,1,220.2,751.78,218.8,212.51999999999998,1,1,1.0
23,2,410.9,591.7,163.80000000000007,210.89999999999998,1,1,1.0
23,3,587.74,370.66,155.36,206.23999999999995,1,1,1.0
23,4,675.2,647.23,170.91999999999996,249.16999999999996,1,1,1.0
23,5,875.9,693.02,142.89999999999998,252.38,1,1,1.0
23,6,740.23,287.07,300.97,169.73000000000002,1,1,1.0
23,7,1034.87,388.76,186.83000000000015,269.53999999999996,1,1,1.0
23,8,1376.43,781.3,277.8699999999999,189.80000000000007,1,1,1.0
23,9,1297.86,104.17,343.34000000000015,176.32999999999998,1,1,1.0
24,1,231.3,772.82,208.55,195.07999999999993,1,1,1.0
24,2,408.3,590.4,167.3,206.20000000000005,1,1,1.0
24,3,572.24,355.5,167.36,191.10000000000002,1,1,1.0
24,4,647.0,638.77,217.92999999999995,222.02999999999997,1,1,1.0
24,5,871.86,691.53,148.14,258.27,1,1,1.0
24,6,722.7,285.67,323.29999999999995,171.13,1,1,1.0
24,7,1036.6,387.03,197.80000000000018,287.47,1,1,1.0
24,8,1376.43,757.93,284.3699999999999,217.87,1,1,1.0
24,9,1311.4,105.21,332.89999999999986,178.09000000000003,1,1,1.0
25,1,230.9,768.0,210.32000000000002,202.60000000000002,1,1,1.0
25,2,407.43,586.06,170.27000000000004,210.84000000000003,1,1,1.0
25,3,555.55,353.84,181.95000000000005,191.16000000000003,1,1,1.0
25,4,658.4,618.51,268.4,216.99,1,1,1.0
25,5,875.76,693.4,147.53999999999996,280.6,1,1,1.0
25,6,744.43,287.4,297.16999999999996,175.40000000000003,1,1,1.0
25,7,1039.26,373.53,244.44000000000005,244.87,1,1,1.0
25,8,1381.13,747.36,277.9699999999998,231.03999999999996,1,1,1.0
25,9,1310.88,104.17,335.31999999999994,179.02999999999997,1,1,1.0
26,1,230.0,770.38,213.43,194.41999999999996,1,1,1.0
26,2,407.87,579.13,167.73000000000002,218.16999999999996,1,1,1.0
26,3,545.98,335.42,178.12,176.87999999999994,1,1,1.0
26,4,669.61,598.8,257.78999999999996,154.20000000000005,1,1,1.0
26,5,874.8,699.9,145.0,269.0,1,1,1.0
26,6,746.17,282.2,296.73000000000013,181.5,1,1,1.0
26,7,1044.4,367.8,187.79999999999995,249.3,1,1,1.0
26,8,1382.63,745.63,281.27,237.37,1,1,1.0
26,9,1307.98,106.25,335.31999999999994,176.45,1,1,1.0
27,1,261.2,789.02,177.22000000000003,183.98000000000002,1,1,1.0
27,2,379.8,575.4,198.8,247.0,1,1,1.0
27,3,545.55,330.22,180.6500000000001,169.07999999999998,1,1,1.0
27,4,739.8,567.51,214.60000000000002,240.39,1,1,1.0
27,5,872.73,719.8,145.76999999999998,247.80000000000007,1,1,1.0
27,6,748.2,284.37,293.89999999999986,176.73000000000002,1,1,1.0
27,7,1054.13,379.6,178.3699999999999,237.29999999999995,1,1,1.0
27,8,1379.13,743.03,285.77,241.26999999999998,1,1,1.0
27,9,1342.2,105.21,299.0,177.49,1,1,1.0
28,1,240.7,775.04,202.02000000000004,193.36,1,1,1.0
28,2,398.5,575.5,184.0,248.89999999999998,1,1,1.0
28,3,542.51,336.28,175.89,172.52000000000004,1,1,1.0
28,4,737.27,623.76,215.33000000000004,220.24,1,1,1.0
28,5,752.4,806.13,275.07000000000005,190.87,1,1,1.0
28,6,749.2,284.8,290.29999999999995,177.5,1,1,1.0
28,7,1053.7,387.73,172.79999999999995,226.56999999999994,1,1,1.0
28,8,1380.47,747.53,282.23,234.97000000000003,1,1,1.0
28,9,1344.28,106.25,293.22,179.55,1,1,1.0
29,1,227.0,773.97,215.0,191.42999999999995,1,1,1.0
29,2,373.0,579.13,204.29999999999995,222.97000000000003,1,1,1.0
29,3,548.9,337.93,173.39999999999998,174.77000000000004,1,1,1.0
29,4,778.31,638.95,180.49,226.8499999999999,1,1,1.0
29,5,738.9,851.4,302.13,161.89999999999998,1,1,1.0
29,6,749.2,293.46,288.5,164.64000000000004,1,1,1.0
29,7,1053.7,394.1,171.20000000000005,246.39999999999998,1,1,1.0
29,8,1381.53,746.23,283.79999999999995,241.5,1,1,1.0
29,9,1343.24,106.77,293.76,177.53000000000003,1,1,1.0
30,1,226.3,767.52,216.06,200.38,1,1,1.0
30,2,399.4,606.7,180.80000000000007,197.19999999999993,1,1,1.0
30,3,491.84,315.2,214.45999999999998,180.8,1,1,1.0
30,4,815.0,666.1,154.39999999999998,246.39999999999998,1,1,1.0
30,5,697.78,830.26,259.12,180.44000000000005,1,1,1.0
30,6,747.46,264.83,289.8399999999999,194.47000000000003,1,1,1.0
30,7,1064.23,389.0,154.26999999999998,250.60000000000002,1,1,1.0
30,8,1379.6,745.3,284.9000000000001,237.70000000000005,1,1,1.0
30,9,1340.64,106.77,295.3599999999999,177.53000000000003,1,1,1.0
31,1,228.5,766.8,216.37,201.5,1,1,1.0
31,2,402.0,608.07,179.89999999999998,198.13,1,1,1.0
31,3,548.56,373.22,145.84000000000003,184.88,1,1,1.0
31,4,773.62,635.15,149.86,328.85,1,1,1.0
31,5,640.3,767.02,176.5,239.38,1,1,1.0
31,6,749.2,258.33,291.5999999999999,205.77000000000004,1,1,1.0
31,7,1052.4,387.03,166.0999999999999,241.57000000000005,1,1,1.0
31,8,1380.9,750.53,284.89999999999986,233.26999999999998,1,1,1.0
31,9,1332.68,106.77,306.41999999999985,175.43,1,1,1.0
32,1,240.3,766.8,202.76999999999998,200.20000000000005,1,1,1.0
32,2,401.1,605.1,181.66999999999996,201.60000000000002,1,1,1.0
32,3,546.39,379.83,149.21000000000004,185.27000000000004,1,1,1.0
32,4,772.54,664.6,163.96000000000004,265.69999999999993,1,1,1.0
32,5,619.3,704.18,159.20000000000005,258.62,1,1,1.0
32,6,747.9,256.4,295.5000000000001,204.20000000000005,1,1,1.0
32,7,1050.67,386.43,165.62999999999988,235.46999999999997,1,1,1.0
32,8,1379.33,751.1,285.97,232.69999999999993,1,1,1.0
32,9,1336.32,107.81,304.8800000000001,173.39,1,1,1.0
33,1,267.1,740.28,172.39999999999998,215.12,1,1,1.0
33,2,401.1,598.6,181.66999999999996,208.5,1,1,1.0
33,3,547.26,381.83,146.64,190.96999999999997,1,1,1.0
33,4,785.9,653.5,166.97000000000003,292.5,1,1,1.0
33,5,631.24,698.83,163.05999999999995,271.06999999999994,1,1,1.0
33,6,747.13,259.37,294.9699999999999,201.23000000000002,1,1,1.0
33,7,1050.67,383.4,166.92999999999984,254.39999999999998,1,1,1.0
33,8,1377.47,752.53,288.3299999999999,224.17000000000007,1,1,1.0
33,9,1338.92,107.29,292.8799999999999,176.51,1,1,1.0
34,1,290.4,727.03,187.58000000000004,234.97000000000003,1,1,1.0
34,2,395.5,599.9,183.37,207.20000000000005,1,1,1.0
34,3,546.83,383.13,146.16999999999996,189.66999999999996,1,1,1.0
34,4,800.3,670.7,151.84000000000003,276.4,1,1,1.0
34,5,614.2,693.2,182.29999999999995,272.79999999999995,1,1,1.0
34,6,698.3,265.77,342.70000000000005,193.13,1,1,1.0
34,7,1054.57,379.93,157.02999999999997,284.17,1,1,1.0
34,8,1382.0,752.83,279.0,223.76999999999998,1,1,1.0
34,9,1343.07,106.25,293.93000000000006,178.05,1,1,1.0
35,1,285.2,755.06,198.88,196.24,1,1,1.0
35,2,399.66,598.46,177.04000000000002,212.14,1,1,1.0
35,3,548.13,381.83,145.26999999999998,193.96999999999997,1,1,1.0
35,4,803.1,659.2,135.24,308.69999999999993,1,1,1.0
35,5,619.73,690.16,183.26999999999998,269.34000000000003,1,1,1.0
35,6,717.36,270.6,321.93999999999994,187.39999999999998,1,1,1.0
35,7,1046.96,375.07,168.53999999999996,297.63000000000005,1,1,1.0
35,8,1381.77,755.13,278.8299999999999,219.97000000000003,1,1,1.0
35,9,1341.52,106.77,297.5799999999999,183.53000000000003,1,1,1.0
36,1,274.6,760.07,200.87,173.32999999999993,1,1,1.0
36,2,395.77,598.03,180.93000000000006,209.97000000000003,1,1,1.0
36,3,547.69,383.13,150.1099999999999,190.07000000000005,1,1,1.0
36,4,799.6,663.1,137.34000000000003,313.79999999999995,1,1,1.0
36,5,616.96,645.03,154.64,308.87,1,1,1.0
36,6,719.96,271.33,316.24,187.57,1,1,1.0
36,7,1044.8,375.5,165.4000000000001,320.5,1,1,1.0
36,8,1382.56,756.0,284.03999999999996,218.20000000000005,1,1,1.0
36,9,1337.88,107.29,293.91999999999985,185.60999999999996,1,1,1.0
37,1,251.01,643.53,205.89,241.26999999999998,1,1,1.0
37,2,392.53,598.9,185.07000000000005,210.39999999999998,1,1,1.0
37,3,547.26,381.4,150.94000000000005,189.70000000000005,1,1,1.0
37,4,799.2,662.23,142.06999999999994,334.87,1,1,1.0
37,5,608.3,679.66,154.70000000000005,259.5400000000001,1,1,1.0
37,6,715.63,275.76,320.57000000000005,184.94,1,1,1.0
37,7,1042.93,376.26,168.06999999999994,305.94000000000005,1,1,1.0
37,8,1383.23,754.33,279.06999999999994,218.9699999999999,1,1,1.0
37,9,1338.18,106.77,296.22,185.63,1,1,1.0
38,1,231.64,522.93,191.96000000000004,248.67000000000007,1,1,1.0
38,2,378.43,594.57,202.17000000000002,210.42999999999995,1,1,1.0
38,3,547.69,349.56,149.20999999999992,225.44,1,1,1.0
38,4,797.9,670.03,142.07000000000005,295.27,1,1,1.0
38,5,607.86,676.2,158.53999999999996,261.29999999999995,1,1,1.0
38,6,708.87,282.8,332.5300000000001,174.3,1,1,1.0
38,7,1038.26,379.3,170.74,306.8,1,1,1.0
38,8,1381.77,754.57,281.43000000000006,216.82999999999993,1,1,1.0
38,9,1344.62,106.77,286.68000000000006,184.63,1,1,1.0
39,1,294.28,508.51,132.02000000000004,188.69000000000005,1,1,1.0
39,2,389.47,598.9,191.63,210.80000000000007,1,1,1.0
39,3,548.13,310.13,137.66999999999996,270.57000000000005,1,1,1.0
39,4,761.5,665.7,175.87,282.79999999999995,1,1,1.0
39,5,606.13,680.1,156.37,257.0,1,1,1.0
39,6,693.33,287.4,347.26999999999987,161.40000000000003,1,1,1.0
39,7,1037.5,377.67,174.0999999999999,304.53000000000003,1,1,1.0
39,8,1384.38,757.41,282.2199999999998,216.89,1,1,1.0
39,9,1342.5,105.7,292.4000000000001,187.7,1,1,1.0
40,1,307.24,511.74,118.75999999999999,153.15999999999997,1,1,0.0
40,2,401.97,613.1,181.73000000000002,199.89999999999998,1,1,1.0
40,3,531.44,333.27,144.95999999999992,264.63,1,1,1.0
40,4,744.0,677.23,189.13,351.6700000000001,1,1,1.0
40,5,606.56,664.96,161.1400000000001,270.14,1,1,1.0
40,6,721.4,291.6,320.5000000000001,150.39999999999998,1,1,1.0
40,7,1037.06,374.1,174.03999999999996,310.29999999999995,1,1,1.0
40,8,1386.0,766.16,280.20000000000005,207.34000000000003,1,1,1.0
40,9,1346.38,105.73,287.52,188.76999999999998,1,1,1.0
41,1,299.72,501.88,123.07999999999998,157.12,1,1,0.0
41,2,400.63,605.31,182.16999999999996,205.8900000000001,1,1,1.0
41,3,528.84,372.4,144.95999999999992,225.0,1,1,1.0
41,4,747.0,681.56,187.0,337.84000000000003,1,1,1.0
41,5,607.9,662.8,159.5,268.4000000000001,1,1,1.0
41,6,735.2,293.33,292.39999999999986,149.27000000000004,1,1,1.0
41,7,1043.37,374.6,168.5300000000002,313.69999999999993,1,1,1.0
41,8,1384.87,767.13,285.6300000000001,206.76999999999998,1,1,1.0
41,9,1342.22,105.21,290.68000000000006,187.69,1,1,1.0
42,1,304.02,506.89,116.78000000000003,153.90999999999997,1,1,0.0
42,2,401.54,600.17,177.75999999999993,211.13,1,1,1.0
42,3,531.87,361.13,144.52999999999997,232.16999999999996,1,1,1.0
42,4,735.8,678.5,196.0,306.1,1,1,1.0
42,5,610.1,664.5,162.5,276.70000000000005,1,1,1.0
42,6,729.13,287.23,301.9699999999999,149.66999999999996,1,1,1.0
42,7,1046.83,376.63,163.67000000000007,314.87,1,1,1.0
42,8,1384.33,768.23,284.27,204.37,1,1,1.0
42,9,1350.54,106.25,279.76,185.64999999999998,1,1,1.0
43,1,255.51,507.61,180.29000000000002,166.89,1,1,1.0
43,2,400.24,591.12,178.36,217.67999999999995,1,1,1.0
43,3,531.0,357.67,144.14,234.93,1,1,1.0
43,4,718.0,684.3,219.5,275.0,1,1,1.0
43,5,610.06,684.9,160.34000000000003,236.39999999999998,1,1,1.0
43,6,730.0,287.1,300.0,165.29999999999995,1,1,1.0
43,7,1053.53,378.3,153.26999999999998,318.90000000000003,1,1,1.0
43,8,1384.87,768.8,282.43000000000006,203.80000000000007,1,1,1.0
43,9,1351.58,104.17,278.1200000000001,188.22999999999996,1,1,1.0
44,1,268.1,529.4,236.2,215.80000000000007,1,1,1.0
44,2,399.8,591.6,179.8,217.29999999999995,1,1,1.0
44,3,537.07,355.4,135.92999999999995,232.0,1,1,1.0
44,4,770.66,682.57,165.04000000000008,286.53,1,1,1.0
44,5,613.96,680.26,157.74,265.03999999999996,1,1,1.0
44,6,728.7,287.1,298.89999999999986,177.59999999999997,1,1,1.0
44,7,1047.5,376.1,162.5,326.5,1,1,1.0
44,8,1384.13,768.63,277.9699999999998,203.57000000000005,1,1,1.0
44,9,1350.54,104.69,278.6600000000001,186.70999999999998,1,1,1.0
45,1,261.7,593.4,168.10000000000002,273.20000000000005,1,1,1.0
45,2,398.07,592.47,180.72999999999996,215.42999999999995,1,1,1.0
45,3,536.53,358.0,138.17000000000007,226.79999999999995,1,1,1.0
45,4,777.26,684.6,158.94000000000005,277.29999999999995,1,1,1.0
45,5,616.56,680.35,155.54000000000008,263.44999999999993,1,1,1.0
45,6,726.53,286.67,299.97,171.22999999999996,1,1,1.0
45,7,1048.77,375.27,161.73000000000002,320.73,1,1,1.0
45,8,1384.43,767.53,280.77,204.26999999999998,1,1,1.0
45,9,1347.94,105.21,281.76,186.19,1,1,1.0
46,1,263.6,655.72,172.69,261.48,1,1,1.0
46,2,397.7,589.0,182.2,217.0,1,1,1.0
46,3,536.6,349.8,133.79999999999995,235.99999999999994,1,1,1.0
46,4,789.56,676.77,213.54000000000008,241.52999999999997,1,1,1.0
46,5,617.0,686.5,154.29999999999995,254.39999999999998,1,1,1.0
46,6,733.46,283.63,297.8399999999999,178.67000000000002,1,1,1.0
46,7,1047.47,372.67,157.23000000000002,319.72999999999996,1,1,1.0
46,8,1383.06,768.4,282.53999999999996,201.20000000000005,1,1,1.0
46,9,1351.06,104.69,277.6400000000001,183.01,1,1,1.0
47,1,244.0,688.96,197.23000000000002,231.43999999999994,1,1,1.0
47,2,392.4,592.46,186.60000000000002,215.83999999999992,1,1,1.0
47,3,528.4,357.13,145.44000000000005,232.57000000000005,1,1,1.0
47,4,742.63,758.43,305.4699999999999,136.87,1,1,1.0
47,5,619.59,692.67,154.30999999999995,250.73000000000002,1,1,1.0
47,6,736.5,285.4,293.70000000000005,175.10000000000002,1,1,1.0
47,7,1043.0,375.7,173.0999999999999,267.59999999999997,1,1,1.0
47,8,1386.06,776.73,279.1400000000001,194.16999999999996,1,1,1.0
47,9,1353.14,104.17,277.65999999999985,186.63,1,1,1.0
48,1,229.6,733.95,204.84,211.94999999999993,1,1,1.0
48,2,398.5,607.0,185.29999999999995,201.10000000000002,1,1,1.0
48,3,527.1,352.8,147.17999999999995,232.09999999999997,1,1,1.0
48,4,794.9,689.5,298.0000000000001,190.0,1,1,1.0
48,5,620.43,694.4,156.37,242.80000000000007,1,1,1.0
48,6,739.09,284.7,290.90999999999997,169.3,1,1,1.0
48,7,1010.77,396.93,260.73,229.86999999999995,1,1,1.0
48,8,1384.7,778.9,288.29999999999995,191.0,1,1,1.0
48,9,1355.74,104.69,276.05999999999995,180.20999999999998,1,1,1.0
49,1,217.6,744.76,222.85999999999999,198.53999999999996,1,1,1.0
49,2,398.94,604.63,181.76000000000005,202.47000000000003,1,1,1.0
49,3,527.0,353.66,147.71000000000004,229.94,1,1,1.0
49,4,801.1,661.93,227.87,224.87,1,1,1.0
49,5,620.87,694.83,155.42999999999995,241.9699999999999,1,1,1.0
49,6,736.93,290.56,294.57000000000005,159.14,1,1,1.0
49,7,1008.6,408.63,242.69999999999993,209.16999999999996,1,1,1.0
49,8,1382.83,781.33,291.1700000000001,188.56999999999994,1,1,1.0
49,9,1328.98,97.2,302.81999999999994,157.51,1,1,1.0
50,1,218.5,744.7,223.31,205.89999999999998,1,1,1.0
50,2,397.2,602.03,180.50000000000006,205.26999999999998,1,1,1.0
50,3,518.2,368.3,205.39999999999998,221.40000000000003,1,1,1.0
50,4,807.8,657.3,220.8900000000001,235.70000000000005,1,1,1.0
50,5,623.9,698.3,155.5,246.4000000000001,1,1,1.0
50,6,727.13,287.53,303.57000000000005,176.27000000000004,1,1,1.0
50,7,1016.4,457.36,272.37,191.03999999999996,1,1,1.0
50,8,1384.7,780.73,299.79999999999995,189.26999999999998,1,1,1.0
50,9,1321.26,77.68,328.94000000000005,188.71999999999997,1,1,1.0
51,1,222.5,735.5,205.5,207.10000000000002,1,1,1.0
51,2,395.33,591.6,184.07,211.79999999999995,1,1,1.0
51,3,501.3,387.77,240.8,207.23000000000002,1,1,1.0
51,4,819.4,646.57,204.07000000000005,243.82999999999993,1,1,1.0
51,5,625.2,701.76,156.79999999999995,239.44000000000005,1,1,1.0
51,6,732.4,286.37,296.69999999999993,171.52999999999997,1,1,1.0
51,7,1062.7,425.36,199.47000000000003,256.64,1,1,1.0
51,8,1385.93,777.2,301.8699999999999,188.0999999999999,1,1,1.0
51,9,1322.3,75.6,308.20000000000005,173.4,1,1,1.0
52,1,238.3,734.2,193.5,203.39999999999998,1,1,1.0
52,2,397.1,616.86,190.47000000000003,192.84000000000003,1,1,1.0
52,3,543.8,374.11,212.49,173.39,1,1,1.0
52,4,820.7,654.13,229.3699999999999,237.07000000000005,1,1,1.0
52,5,623.9,703.5,150.30000000000007,241.89999999999998,1,1,1.0
52,6,734.13,286.33,293.07000000000005,170.27000000000004,1,1,1.0
52,7,1071.2,425.5,199.8699999999999,263.29999999999995,1,1,1.0
52,8,1384.23,779.26,278.47,182.84000000000003,1,1,1.0
52,9,1324.38,73.52,301.91999999999985,176.98000000000002,1,1,1.0
53,1,227.1,739.43,209.85999999999999,197.97000000000003,1,1,1.0
53,2,398.5,611.56,185.39,195.44000000000005,1,1,1.0
53,3,536.4,364.53,223.74,178.17000000000007,1,1,1.0
53,4,808.2,669.93,289.3299999999999,205.17000000000007,1,1,1.0
53,5,623.9,702.63,150.70000000000005,241.16999999999996,1,1,1.0
53,6,736.73,284.67,294.6700000000001,172.32999999999998,1,1,1.0
53,7,1080.2,428.1,192.5999999999999,267.0,1,1,1.0
53,8,1362.76,780.96,305.03999999999996,181.93999999999994,1,1,1.0
53,9,1311.92,79.24,324.28,177.45999999999998,1,1,1.0
54,1,248.4,736.04,184.66,219.26,1,1,1.0
54,2,396.4,607.57,188.14,199.82999999999993,1,1,1.0
54,3,538.2,378.36,216.32999999999993,171.93999999999994,1,1,1.0
54,4,803.2,667.77,305.3399999999999,191.93000000000006,1,1,1.0
54,5,623.46,703.06,152.14,237.74,1,1,1.0
54,6,734.57,288.5,295.52999999999986,170.3,1,1,1.0
54,7,1068.4,448.0,257.5,240.29999999999995,1,1,1.0
54,8,1363.07,781.3,303.83000000000015,186.30000000000007,1,1,1.0
54,9,1316.6,78.72,334.70000000000005,178.58,1,1,1.0
55,1,243.5,749.9,218.0,221.89999999999998,1,1,1.0
55,2,397.6,604.63,183.48000000000002,203.26999999999998,1,1,1.0
55,3,530.7,380.2,222.89999999999998,168.40000000000003,1,1,1.0
55,4,807.9,666.5,297.07000000000005,196.70000000000005,1,1,1.0
55,5,623.03,701.76,149.07000000000005,239.44000000000005,1,1,1.0
55,6,739.76,288.7,290.3399999999999,193.60000000000002,1,1,1.0
55,7,1065.8,442.6,266.8700000000001,246.19999999999993,1,1,1.0
55,8,1360.87,781.06,301.23,186.1400000000001,1,1,1.0
55,9,1353.2,70.02,316.18000000000006,248.38,1,1,1.0
56,1,288.2,763.6,173.0,229.29999999999995,1,1,1.0
56,2,372.7,582.9,209.54000000000002,204.89999999999998,1,1,1.0
56,3,533.7,378.9,259.87,162.80000000000007,1,1,1.0
56,4,813.9,663.73,284.92999999999995,201.26999999999998,1,1,1.0
56,5,624.33,698.73,151.06999999999994,246.66999999999996,1,1,1.0
56,6,738.46,291.57,295.53999999999996,151.23000000000002,1,1,1.0
56,7,1065.3,440.0,274.60000000000014,250.10000000000002,1,1,1.0
56,8,1360.93,781.43,304.56999999999994,183.97000000000003,1,1,1.0
56,9,1359.4,50.68,330.76,266.12,1,1,1.0
57,1,280.5,759.3,183.2,260.70000000000005,1,1,1.0
57,2,384.1,568.43,192.06999999999994,234.07000000000005,1,1,1.0
57,3,529.8,379.33,236.30000000000007,158.46999999999997,1,1,1.0
57,4,808.7,662.0,279.16999999999985,206.89999999999998,1,1,1.0
57,5,623.03,699.6,150.76999999999998,243.69999999999993,1,1,1.0
57,6,741.06,290.0,292.44000000000005,157.89999999999998,1,1,1.0
57,7,1062.3,449.37,287.8700000000001,235.92999999999995,1,1,1.0
57,8,1377.26,776.66,276.6400000000001,188.74,1,1,1.0
57,9,1384.6,88.02,320.74,296.08000000000004,1,1,1.0
58,1,280.1,752.5,186.5,266.1,1,1,1.0
58,2,388.0,567.23,189.89999999999998,233.26999999999998,1,1,1.0
58,3,522.1,386.83,263.15999999999997,166.27000000000004,1,1,1.0
58,4,806.1,661.13,284.43999999999994,207.26999999999998,1,1,1.0
58,5,622.16,696.56,150.24,243.34000000000003,1,1,1.0
58,6,735.0,292.2,300.70000000000005,156.10000000000002,1,1,1.0
58,7,1109.96,463.4,298.1399999999999,179.0,1,1,1.0
58,8,1376.4,788.96,281.79999999999995,182.14,1,1,1.0
58,9,1381.5,77.16,331.94000000000005,285.34000000000003,1,1,1.0
59,1,302.7,751.0,158.5,264.70000000000005,1,1,1.0
59,2,386.3,566.37,192.46999999999997,236.42999999999995,1,1,1.0
59,3,583.1,435.5,306.1,141.0,1,1,1.0
59,4,810.9,665.03,264.07000000000005,205.97000000000003,1,1,1.0
59,5,622.6,695.26,147.29999999999995,247.24,1,1,1.0
59,6,738.9,295.3,293.4,146.89999999999998,1,1,1.0
59,7,1215.79,477.21,228.71000000000004,229.79000000000002,1,1,1.0
59,8,1377.4,784.3,282.89999999999986,189.20000000000005,1,1,1.0
59,9,1379.4,76.12,324.16999999999985,287.98,1,1,1.0
60,1,307.0,749.9,159.60000000000002,262.6,1,1,1.0
60,2,389.3,567.23,189.90000000000003,233.76999999999998,1,1,1.0
60,3,650.6,491.28,273.75,139.72000000000003,1,1,1.0
60,4,807.0,659.4,267.29999999999995,211.20000000000005,1,1,1.0
60,5,621.73,694.83,151.26999999999998,243.37,1,1,1.0
60,6,731.3,295.8,301.4000000000001,155.7,1,1,1.0
60,7,1211.89,483.27,288.40999999999985,204.23000000000002,1,1,1.0
60,8,1376.97,781.07,284.43000000000006,190.32999999999993,1,1,1.0
60,9,1353.1,78.2,351.5,217.60000000000002,1,1,1.0
61,1,302.7,751.0,163.90000000000003,255.70000000000005,1,1,1.0
61,2,387.6,567.23,188.14,234.06999999999994,1,1,1.0
61,3,764.6,451.0,253.93999999999994,181.20000000000005,1,1,1.0
61,4,807.0,665.9,286.4000000000001,201.20000000000005,1,1,1.0
61,5,621.3,687.56,150.4000000000001,248.6400000000001,1,1,1.0
61,6,739.9,293.3,291.9,147.5,1,1,1.0
61,7,1238.3,509.18,294.01,155.82,1,1,1.0
61,8,1380.43,782.7,286.20000000000005,196.19999999999993,1,1,1.0
61,9,1378.6,69.88,305.4200000000001,278.72,1,1,1.0
62,1,314.1,751.36,152.5,255.93999999999994,1,1,1.0
62,2,389.5,566.37,183.21000000000004,235.02999999999997,1,1,1.0
62,3,846.6,389.33,228.04000000000008,252.07,1,1,1.0
62,4,810.5,668.93,276.74,199.07000000000005,1,1,1.0
62,5,619.13,685.83,151.76999999999998,247.16999999999996,1,1,1.0
62,6,751.06,284.5,279.03999999999996,167.8,1,1,1.0
62,7,1273.8,497.73,245.94000000000005,192.97000000000003,1,1,1.0
62,8,1379.1,784.77,283.60000000000014,181.52999999999997,1,1,1.0
62,9,1381.2,71.96,301.26,274.04,1,1,1.0
63,1,316.6,747.39,141.33999999999997,261.01,1,1,1.0
63,2,390.5,565.07,186.10000000000002,235.02999999999997,1,1,1.0
63,3,953.55,341.83,142.25,296.37000000000006,1,1,1.0
63,4,811.3,662.0,276.79999999999995,211.39999999999998,1,1,1.0
63,5,622.1,688.86,141.5,243.24,1,1,1.0
63,6,748.9,279.9,268.0,181.60000000000002,1,1,1.0
63,7,1306.73,398.46,161.26999999999998,336.84,1,1,1.0
63,8,1383.83,790.16,275.47,183.14,1,1,1.0
63,9,1344.5,72.48,340.55999999999995,225.62,1,1,1.0
64,1,305.4,751.4,152.20000000000005,258.1,1,1,1.0
64,2,392.7,564.63,182.59999999999997,235.66999999999996,1,1,1.0
64,3,925.37,313.76,197.5300000000001,193.74,1,1,1.0
64,4,805.7,656.57,272.16999999999985,212.32999999999993,1,1,1.0
64,5,620.87,685.83,147.70000000000005,246.76999999999998,1,1,1.0
64,6,749.5,255.6,261.5,206.6,1,1,1.0
64,7,1300.87,414.4,163.6300000000001,315.70000000000005,1,1,1.0
64,8,1380.98,782.75,268.1199999999999,181.95000000000005,1,1,1.0
64,9,1338.7,71.44,344.28,228.16000000000003,1,1,1.0
65,1,314.4,745.58,147.87,265.31999999999994,1,1,1.0
65,2,394.7,565.33,186.67000000000002,233.9699999999999,1,1,1.0
65,3,942.7,311.23,240.70000000000005,186.16999999999996,1,1,1.0
65,4,872.4,559.7,280.87,207.89999999999998,1,1,1.0
65,5,622.16,686.26,144.84000000000003,248.03999999999996,1,1,1.0
65,6,759.6,274.5,243.89999999999998,187.39999999999998,1,1,1.0
65,7,1292.7,415.77,170.5,315.13,1,1,1.0
65,8,1373.8,784.86,280.29999999999995,182.43999999999994,1,1,1.0
65,9,1360.5,72.48,320.4000000000001,231.62,1,1,1.0
66,1,316.2,748.83,146.07,262.06999999999994,1,1,1.0
66,2,390.1,565.76,186.10000000000002,234.74,1,1,1.0
66,3,937.93,308.53,247.66999999999996,192.37,1,1,1.0
66,4,869.8,541.0,291.70000000000005,166.20000000000005,1,1,1.0
66,5,622.6,670.33,146.19999999999993,274.06999999999994,1,1,1.0
66,6,751.9,274.93,250.70000000000005,190.87,1,1,1.0
66,7,1252.23,404.77,196.56999999999994,265.63,1,1,1.0
66,8,1374.23,777.06,285.8699999999999,197.6400000000001,1,1,1.0
66,9,1373.8,89.63,305.53999999999996,219.17000000000002,1,1,1.0
67,1,324.8,748.83,131.69,255.26999999999998,1,1,1.0
67,2,394.2,567.5,182.40000000000003,234.29999999999995,1,1,1.0
67,3,930.87,248.73,200.33000000000004,267.16999999999996,1,1,1.0
67,4,879.67,544.76,284.33000000000004,186.24,1,1,1.0
67,5,623.46,674.4,147.33999999999992,278.80000000000007,1,1,1.0
67,6,727.6,267.13,268.93999999999994,202.07,1,1,1.0
67,7,1241.04,350.39,194.05999999999995,292.31000000000006,1,1,1.0
67,8,1360.96,776.53,290.53999999999996,200.37,1,1,1.0
67,9,1354.8,81.31,317.27,226.99,1,1,1.0
68,1,318.6,747.39,139.7,233.11,1,1,1.0
68,2,393.7,563.17,182.04000000000002,239.93000000000006,1,1,1.0
68,3,939.96,263.7,181.63999999999987,276.7,1,1,1.0
68,4,891.3,546.1,264.60000000000014,196.29999999999995,1,1,1.0
68,5,619.57,657.26,145.42999999999995,293.24,1,1,1.0
68,6,707.8,271.03,307.70000000000005,202.07000000000005,1,1,1.0
68,7,1233.8,357.32,220.79999999999995,260.18,1,1,1.0
68,8,1365.13,773.97,284.3699999999999,202.63,1,1,1.0
68,9,1364.5,77.68,309.1400000000001,233.71999999999997,1,1,1.0
69,1,317.6,752.44,144.31,259.05999999999995,1,1,1.0
69,2,394.0,563.17,181.30999999999995,244.73000000000002,1,1,1.0
69,3,937.36,264.13,171.54000000000008,290.97,1,1,1.0
69,4,901.23,546.5,255.06999999999994,196.79999999999995,1,1,1.0
69,5,620.87,653.46,152.52999999999997,307.3399999999999,1,1,1.0
69,6,704.7,268.0,316.7299999999999,199.39999999999998,1,1,1.0
69,7,1135.28,383.43,279.6200000000001,213.46999999999997,1,1,1.0
69,8,1365.93,780.4,282.66999999999985,198.39999999999998,1,1,1.0
69,9,1337.7,75.08,347.3599999999999,237.82,1,1,1.0
70,1,319.5,750.97,146.38,260.42999999999995,1,1,1.0
70,2,393.8,561.87,182.36999999999995,235.23000000000002,1,1,1.0
70,3,938.66,260.67,172.84000000000003,282.22999999999996,1,1,1.0
70,4,902.53,546.9,264.06999999999994,201.07000000000005,1,1,1.0
70,5,625.1,651.3,152.19999999999993,299.5,1,1,1.0
70,6,711.7,267.13,311.2299999999999,194.97000000000003,1,1,1.0
70,7,1123.0,370.32,250.9000000000001,227.57999999999998,1,1,1.0
70,8,1374.7,781.4,283.0,197.39999999999998,1,1,1.0
70,9,1356.8,64.36,318.46000000000004,235.53999999999996,1,1,1.0
71,1,318.3,751.72,144.69,244.17999999999995,1,1,1.0
71,2,392.3,563.6,186.90000000000003,232.60000000000002,1,1,1.0
71,3,931.3,268.03,189.60000000000014,258.87,1,1,1.0
71,4,906.53,544.32,263.8700000000001,205.07999999999993,1,1,1.0
71,5,621.3,656.93,147.4000000000001,296.47,1,1,1.0
71,6,711.2,272.76,311.29999999999995,191.94,1,1,1.0
71,7,1128.96,337.9,241.03999999999996,250.10000000000002,1,1,1.0
71,8,1368.2,785.06,280.39999999999986,192.54000000000008,1,1,1.0
71,9,1341.3,53.44,330.84000000000015,241.76,1,1,1.0
72,1,266.9,759.3,199.0,217.9000000000001,1,1,1.0
72,2,394.6,564.03,184.60000000000002,237.76999999999998,1,1,1.0
72,3,929.13,266.67,199.66999999999996,251.43,1,1,1.0
72,4,909.66,545.2,271.43999999999994,211.5999999999999,1,1,1.0
72,5,622.16,662.13,149.64,288.66999999999996,1,1,1.0
72,6,711.3,268.0,316.4000000000001,202.3,1,1,1.0
72,7,1080.21,326.65,269.3899999999999,209.85000000000002,1,1,1.0
72,8,1344.1,782.33,303.60000000000014,180.06999999999994,1,1,1.0
72,9,1344.6,52.62,332.22,240.57999999999998,1,1,1.0
73,1,250.4,759.3,213.29999999999998,213.30000000000007,1,1,1.0
73,2,394.4,568.8,181.76999999999998,229.0,1,1,1.0
73,3,946.89,257.46,182.5100000000001,256.84,1,1,1.0
73,4,909.67,548.0,274.92999999999995,205.79999999999995,1,1,1.0
73,5,607.5,640.37,144.60000000000002,290.23,1,1,1.0
73,6,704.7,287.53,320.39999999999986,175.37,1,1,1.0
73,7,1070.4,309.21,264.5999999999999,196.89000000000004,1,1,1.0
73,8,1355.97,783.9,296.1299999999999,171.60000000000002,1,1,1.0
73,9,1346.2,53.66,333.22,239.54,1,1,1.0
74,1,230.6,759.3,229.50000000000003,211.30000000000007,1,1,1.0
74,2,394.6,563.6,182.87,232.29999999999995,1,1,1.0
74,3,937.36,267.03,183.54000000000008,263.47,1,1,1.0
74,4,908.8,549.23,277.29999999999995,201.06999999999994,1,1,1.0
74,5,602.73,635.97,157.56999999999994,299.42999999999995,1,1,1.0
74,6,698.7,288.1,311.4699999999999,168.79999999999995,1,1,1.0
74,7,1059.43,299.96,276.8699999999999,199.04000000000002,1,1,1.0
74,8,1361.13,782.16,294.8699999999999,170.74,1,1,1.0
74,9,1340.8,54.7,339.6600000000001,236.40000000000003,1,1,1.0
75,1,227.8,761.47,231.57999999999998,211.73000000000002,1,1,1.0
75,2,393.5,562.73,184.39999999999998,246.16999999999996,1,1,1.0
75,3,927.83,276.2,185.57000000000005,265.2,1,1,1.0
75,4,927.53,541.16,268.97,199.74,1,1,1.0
75,5,614.13,643.0,147.97000000000003,283.9,1,1,1.0
75,6,718.7,279.6,277.06999999999994,171.29999999999995,1,1,1.0
75,7,1033.04,308.53,247.76,185.07000000000005,1,1,1.0
75,8,1361.13,783.03,291.3699999999999,170.26999999999998,1,1,1.0
75,9,1346.3,62.49,331.55999999999995,230.11,1,1,1.0
76,1,255.2,761.47,203.10000000000002,209.23000000000002,1,1,1.0
76,2,394.4,559.27,183.5,248.33000000000004,1,1,1.0
76,3,926.54,304.33,226.76,226.37000000000006,1,1,1.0
76,4,925.36,537.03,249.93999999999994,195.67000000000007,1,1,1.0
76,5,620.28,630.29,160.51999999999998,295.9100000000001,1,1,1.0
76,6,707.7,285.17,287.42999999999995,167.43,1,1,1.0
76,7,1073.4,317.56,224.5,190.74,1,1,1.0
76,8,1364.16,781.5,282.74,171.39999999999998,1,1,1.0
76,9,1348.1,58.33,325.09000000000015,232.77000000000004,1,1,1.0
77,1,271.9,758.94,180.98000000000002,210.3599999999999,1,1,1.0
77,2,391.2,561.87,188.00000000000006,247.02999999999997,1,1,1.0
77,3,859.6,332.1,284.1,163.7,1,1,1.0
77,4,926.77,529.43,264.93000000000006,201.07000000000005,1,1,1.0
77,5,624.33,622.26,154.37,294.14,1,1,1.0
77,6,724.0,234.4,240.02999999999997,214.99999999999997,1,1,1.0
77,7,938.46,277.3,275.53999999999996,130.0,1,1,1.0
77,8,1333.5,780.86,310.29999999999995,178.43999999999994,1,1,1.0
77,9,1343.5,57.04,328.93000000000006,233.76000000000002,1,1,1.0
78,1,264.3,760.38,191.11,212.32000000000005,1,1,1.0
78,2,391.8,560.57,184.36999999999995,257.03,1,1,1.0
78,3,854.93,349.1,300.66999999999996,141.09999999999997,1,1,1.0
78,4,920.7,524.23,263.0999999999999,182.26999999999998,1,1,1.0
78,5,603.73,651.13,175.87,265.27,1,1,1.0
78,6,729.4,242.6,237.67000000000007,198.4,1,1,1.0
78,7,934.36,272.97,288.93999999999994,149.72999999999996,1,1,1.0
78,8,1344.03,778.7,304.97,168.19999999999993,1,1,1.0
78,9,1359.3,54.18,293.6100000000001,232.21999999999997,1,1,1.0
79,1,254.2,760.38,204.10000000000002,210.72000000000003,1,1,1.0
79,2,392.5,556.67,183.66999999999996,260.43000000000006,1,1,1.0
79,3,863.07,312.53,294.33000000000004,188.87,1,1,1.0
79,4,923.73,520.96,277.3699999999999,181.64,1,1,1.0
79,5,596.37,658.17,184.02999999999997,257.13,1,1,1.0
79,6,724.4,251.9,262.64,178.20000000000002,1,1,1.0
79,7,962.26,272.53,276.03999999999996,130.37,1,1,1.0
79,8,1358.77,778.7,293.3299999999999,167.5,1,1,1.0
79,9,1351.7,55.22,319.91999999999985,233.78,1,1,1.0
80,1,279.8,760.02,177.77999999999997,247.08000000000004,1,1,1.0
80,2,393.7,556.86,184.64000000000004,266.93999999999994,1,1,1.0
80,3,863.5,321.13,297.29999999999995,175.87,1,1,1.0
80,4,1006.33,492.9,255.87,180.20000000000005,1,1,1.0
80,5,607.47,644.56,178.60000000000002,276.84000000000003,1,1,1.0
80,6,698.2,241.8,256.16999999999996,186.39999999999998,1,1,1.0
80,7,938.32,258.83,240.38,99.07,1,1,1.0
80,8,1352.26,773.5,297.6400000000001,175.79999999999995,1,1,1.0
80,9,1354.7,53.66,320.55999999999995,232.73999999999998,1,1,1.0
81,1,281.8,761.11,175.77999999999997,270.39,1,1,1.0
81,2,396.3,554.0,180.3,277.70000000000005,1,1,1.0
81,3,843.6,320.7,317.6,155.10000000000002,1,1,1.0
81,4,1016.03,444.26,244.76999999999998,248.34000000000003,1,1,1.0
81,5,607.93,643.26,172.97000000000003,279.03999999999996,1,1,1.0
81,6,616.4,324.17,179.26999999999998,258.43,1,1,1.0
81,7,793.51,253.53,322.0899999999999,116.27000000000001,1,1,1.0
81,8,1347.67,774.37,306.1299999999999,174.73000000000002,1,1,1.0
81,9,1356.4,56.05,317.81999999999994,227.25,1,1,1.0
82,1,279.8,756.05,178.86,266.95000000000005,1,1,1.0
82,2,398.2,553.13,179.27000000000004,281.87,1,1,1.0
82,3,807.1,383.7,287.4699999999999,169.40000000000003,1,1,1.0
82,4,1014.0,456.39,243.5999999999999,234.90999999999997,1,1,1.0
82,5,602.6,649.47,180.89999999999998,270.23,1,1,1.0
82,6,618.86,343.13,143.93999999999994,298.87,1,1,1.0
82,7,823.2,277.5,298.70000000000005,126.30000000000001,1,1,1.0
82,8,1347.87,777.4,297.73,172.70000000000005,1,1,1.0
82,9,1368.9,46.18,304.28,242.62,1,1,1.0
83,1,288.3,790.3,175.09999999999997,226.70000000000005,1,1,1.0
83,2,356.4,553.13,220.20000000000005,252.07000000000005,1,1,1.0
83,3,797.6,370.3,250.10000000000002,243.49999999999994,1,1,1.0
83,4,1012.3,452.03,245.9000000000001,242.26999999999998,1,1,1.0
83,5,602.17,649.9,180.43000000000006,269.80000000000007,1,1,1.0
83,6,622.32,363.87,136.07999999999993,289.33000000000004,1,1,1.0
83,7,838.17,280.96,282.83000000000004,125.94,1,1,1.0
83,8,1344.33,784.06,300.77,171.84000000000003,1,1,1.0
83,9,1341.7,55.04,325.41999999999985,243.85999999999999,1,1,1.0
84,1,309.7,781.7,159.10000000000002,186.19999999999993,1,1,1.0
84,2,354.5,552.27,221.66999999999996,244.33000000000004,1,1,1.0
84,3,757.8,413.46,230.0,267.34,1,1,1.0
84,4,1011.15,457.26,246.94999999999993,224.74,1,1,1.0
84,5,630.7,643.79,148.0,278.4100000000001,1,1,1.0
84,6,619.72,366.46,139.07999999999993,278.24000000000007,1,1,1.0
84,7,833.16,280.96,271.34000000000003,129.64000000000004,1,1,1.0
84,8,1342.6,782.7,304.5,175.29999999999995,1,1,1.0
84,9,1341.3,55.56,329.46000000000004,238.14,1,1,1.0
85,1,293.2,769.77,163.65000000000003,204.23000000000002,1,1,1.0
85,2,394.0,551.83,183.79999999999995,251.16999999999996,1,1,1.0
85,3,754.2,415.83,216.9699999999999,299.46999999999997,1,1,1.0
85,4,1009.23,459.8,247.06999999999994,232.3,1,1,1.0
85,5,628.83,642.5,152.06999999999994,286.29999999999995,1,1,1.0
85,6,619.29,365.16,136.91000000000008,291.13999999999993,1,1,1.0
85,7,840.7,280.98,262.5,132.21999999999997,1,1,1.0
85,8,1361.03,783.0,285.97,176.79999999999995,1,1,1.0
85,9,1351.4,52.96,318.8399999999999,255.54,1,1,1.0
86,1,289.0,770.85,168.22000000000003,199.54999999999995,1,1,1.0
86,2,398.67,566.36,178.43,248.14,1,1,1.0
86,3,780.9,426.48,146.98000000000002,342.41999999999996,1,1,1.0
86,4,1006.13,459.0,248.9699999999999,234.39999999999998,1,1,1.0
86,5,627.63,639.46,155.37,291.53999999999996,1,1,1.0
86,6,620.16,366.03,137.34000000000003,278.47,1,1,1.0
86,7,842.0,280.83,262.29999999999995,134.17000000000002,1,1,1.0
86,8,1368.3,783.6,275.20000000000005,183.79999999999995,1,1,1.0
86,9,1353.8,51.44,304.34000000000015,271.76,1,1,1.0
87,1,256.8,769.94,221.38,175.65999999999997,1,1,1.0
87,2,400.6,574.13,171.39999999999998,231.97000000000003,1,1,1.0
87,3,782.0,455.8,171.21000000000004,370.09999999999997,1,1,1.0
87,4,1006.93,456.93,247.07000000000005,244.36999999999995,1,1,1.0
87,5,641.87,661.66,147.52999999999997,258.94000000000005,1,1,1.0
87,6,588.83,374.43,180.4699999999999,268.67,1,1,1.0
87,7,842.4,279.66,262.19999999999993,136.44,1,1,1.0
87,8,1363.43,782.5,283.3699999999999,177.79999999999995,1,1,1.0
87,9,1365.1,51.34,284.6400000000001,257.76,1,1,1.0
88,1,236.7,771.02,250.14,156.88,1,1,1.0
88,2,402.56,578.7,162.14000000000004,224.79999999999995,1,1,1.0
88,3,782.71,458.95,155.20999999999992,333.75000000000006,1,1,1.0
88,4,1003.9,460.83,249.80000000000007,245.27000000000004,1,1,1.0
88,5,630.1,658.2,156.69999999999993,270.69999999999993,1,1,1.0
88,6,604.23,397.13,169.47000000000003,245.57000000000005,1,1,1.0
88,7,849.67,280.38,253.92999999999995,135.72000000000003,1,1,1.0
88,8,1377.9,783.89,260.89999999999986,181.31000000000006,1,1,1.0
88,9,1374.3,51.48,285.03999999999996,234.92,1,1,1.0
89,1,257.4,803.7,272.5,135.29999999999995,1,1,1.0
89,2,405.27,581.09,171.43000000000006,223.30999999999995,1,1,1.0
89,3,777.1,463.76,180.19999999999993,295.34000000000003,1,1,1.0
89,4,1005.2,460.93,247.20000000000005,233.96999999999997,1,1,1.0
89,5,629.24,661.23,161.86,267.66999999999996,1,1,1.0
89,6,598.17,402.96,171.13,239.33999999999997,1,1,1.0
89,7,844.43,279.3,260.16999999999996,138.3,1,1,1.0
89,8,1375.73,782.6,264.27,184.79999999999995,1,1,1.0
89,9,1371.7,54.04,289.29999999999995,229.16,1,1,1.0
90,1,270.82,692.0,215.18,232.79999999999995,1,1,1.0
90,2,410.8,574.16,161.3,232.94000000000005,1,1,1.0
90,3,793.13,483.63,162.47000000000003,263.77,1,1,1.0
90,4,1005.2,457.13,247.5999999999999,235.16999999999996,1,1,1.0
90,5,630.97,661.66,159.73000000000002,267.24,1,1,1.0
90,6,600.33,406.43,171.56999999999994,234.46999999999997,1,1,1.0
90,7,844.14,280.02,255.06000000000006,134.98000000000002,1,1,1.0
90,8,1383.77,730.8,273.53,241.30000000000007,1,1,1.0
90,9,1371.2,55.18,292.26,228.01999999999998,1,1,1.0
91,1,250.99,619.54,179.90999999999997,237.76,1,1,1.0
91,2,418.37,583.36,158.63,252.03999999999996,1,1,1.0
91,3,772.4,502.7,188.39999999999998,246.40000000000003,1,1,1.0
91,4,1003.9,460.73,247.60000000000002,238.56999999999994,1,1,1.0
91,5,636.6,659.06,163.60000000000002,269.44000000000005,1,1,1.0
91,6,602.06,402.1,168.1400000000001,236.60000000000002,1,1,1.0
91,7,840.59,280.02,262.2099999999999,135.78000000000003,1,1,1.0
91,8,1387.23,717.7,280.77,254.39999999999998,1,1,1.0
91,9,1371.2,54.14,292.6399999999999,223.86,1,1,1.0
92,1,250.63,623.5,169.07,229.5,1,1,1.0
92,2,402.93,579.47,173.67000000000002,271.03,1,1,1.0
92,3,778.46,503.13,178.14,244.26999999999998,1,1,1.0
92,4,1002.17,457.53,248.92999999999995,234.47000000000003,1,1,1.0
92,5,634.43,650.97,152.37,284.03,1,1,1.0
92,6,599.47,402.53,169.02999999999997,238.57000000000005,1,1,1.0
92,7,839.87,280.75,265.5300000000001,137.55,1,1,1.0
92,8,1387.66,720.26,274.1399999999999,256.14,1,1,1.0
92,9,1360.4,56.22,304.67999999999984,236.38000000000002,1,1,1.0
93,1,205.1,623.34,210.70000000000002,222.36,1,1,1.0
93,2,410.23,568.96,166.76999999999998,295.24,1,1,1.0
93,3,779.33,520.47,178.4699999999999,226.02999999999997,1,1,1.0
93,4,1003.03,461.2,249.76999999999998,229.8,1,1,1.0
93,5,647.8,676.2,154.4000000000001,267.79999999999995,1,1,1.0
93,6,596.63,404.26,173.57000000000005,237.64,1,1,1.0
93,7,839.15,282.55,261.55000000000007,135.34999999999997,1,1,1.0
93,8,1386.1,721.1,272.5,255.29999999999995,1,1,1.0
93,9,1339.8,56.74,328.78,223.36,1,1,1.0
94,1,249.6,600.85,179.1,240.14999999999998,1,1,1.0
94,2,411.83,574.59,165.17000000000002,281.2099999999999,1,1,1.0
94,3,789.3,510.6,168.9000000000001,238.10000000000002,1,1,1.0
94,4,1004.33,460.56,254.07000000000005,233.54000000000002,1,1,1.0
94,5,638.07,677.6,164.02999999999997,266.79999999999995,1,1,1.0
94,6,599.73,399.5,166.97000000000003,241.0,1,1,1.0
94,7,839.15,281.47,265.15,133.52999999999997,1,1,1.0
94,8,1384.6,723.67,272.9000000000001,253.13,1,1,1.0
94,9,1296.0,49.46,374.1400000000001,238.43999999999997,1,1,1.0
95,1,276.23,597.83,156.46999999999997,248.4699999999999,1,1,1.0
95,2,406.8,571.13,169.8,287.27,1,1,1.0
95,3,783.13,510.5,170.76999999999998,233.79999999999995,1,1,1.0
95,4,1002.6,460.5,249.19999999999993,224.89999999999998,1,1,1.0
95,5,638.5,679.56,160.20000000000005,257.0400000000001,1,1,1.0
95,6,601.3,398.63,167.60000000000002,241.87,1,1,1.0
95,7,830.87,283.35,274.5300000000001,133.45,1,1,1.0
95,8,1387.57,726.4,273.03,245.5,1,1,1.0
95,9,1318.1,52.06,339.57000000000016,244.54000000000002,1,1,1.0
96,1,307.41,529.92,129.69,251.48000000000002,1,1,1.0
96,2,410.03,570.26,167.87,276.34000000000003,1,1,1.0
96,3,788.06,516.23,168.1400000000001,228.97000000000003,1,1,1.0
96,4,1002.6,457.73,248.89999999999998,228.87,1,1,1.0
96,5,636.33,679.56,162.37,264.44000000000005,1,1,1.0
96,6,598.76,395.17,169.24,243.22999999999996,1,1,1.0
96,7,819.55,283.13,284.35000000000014,132.97000000000003,1,1,1.0
96,8,1383.73,730.07,274.6700000000001,242.32999999999993,1,1,1.0
96,9,1321.1,39.5,333.6300000000001,270.8,1,1,1.0
97,1,307.45,516.93,131.55,232.7700000000001,1,1,1.0
97,2,409.5,571.56,167.10000000000002,286.0400000000001,1,1,1.0
97,3,787.89,520.96,164.21000000000004,223.83999999999992,1,1,1.0
97,4,1004.33,451.33,247.66999999999996,236.17000000000002,1,1,1.0
97,5,638.07,681.3,158.92999999999995,259.70000000000005,1,1,1.0
97,6,604.5,396.9,159.20000000000005,238.0,1,1,1.0
97,7,856.03,284.99,242.47000000000003,131.11,1,1,1.0
97,8,1386.8,737.73,273.0,234.97000000000003,1,1,1.0
97,9,1312.6,39.5,355.6400000000001,251.39999999999998,1,1,1.0
98,1,304.56,514.57,135.83999999999997,228.32999999999993,1,1,1.0
98,2,401.7,568.53,170.59999999999997,274.87,1,1,1.0
98,3,788.96,520.5,163.33999999999992,221.20000000000005,1,1,1.0
98,4,1005.63,448.33,246.37,234.07,1,1,1.0
98,5,641.53,684.33,162.76999999999998,255.37,1,1,1.0
98,6,594.47,395.6,175.32999999999993,240.19999999999993,1,1,1.0
98,7,857.17,286.07,242.42999999999995,134.03000000000003,1,1,1.0
98,8,1387.33,762.37,256.8700000000001,208.52999999999997,1,1,1.0
98,9,1341.4,46.74,340.78,239.45999999999998,1,1,1.0
99,1,305.64,510.96,140.56,233.3,1,1,1.0
99,2,409.23,569.4,169.06999999999994,276.6,1,1,1.0
99,3,789.13,516.47,162.07000000000005,226.52999999999997,1,1,1.0
99,4,1006.5,454.57,245.0,233.53000000000003,1,1,1.0
99,5,646.43,679.27,162.7700000000001,263.43000000000006,1,1,1.0
99,6,605.83,397.33,161.76999999999998,239.77000000000004,1,1,1.0
99,7,842.15,285.79,257.85,134.51,1,1,1.0
99,8,1384.1,772.6,272.4000000000001,197.60000000000002,1,1,1.0
99,9,1348.5,46.74,331.5999999999999,250.56,1,1,1.0
100,1,308.5,513.8,140.2,230.10000000000002,1,1,1.0
100,2,402.13,572.0,167.07000000000005,283.79999999999995,1,1,1.0
100,3,787.46,516.23,165.43999999999994,230.26999999999998,1,1,1.0
100,4,1008.66,455.17,247.64,234.12999999999994,1,1,1.0
100,5,644.2,678.23,165.0,261.47,1,1,1.0
100,6,581.63,398.63,186.87,239.26999999999998,1,1,1.0
100,7,841.79,285.71,254.91000000000008,135.29000000000002,1,1,1.0
100,8,1383.33,778.56,271.6700000000001,188.1400000000001,1,1,1.0
100,9,1360.3,40.5,315.6400000000001,283.0,1,1,1.0
101,1,306.7,510.6,136.61,230.10000000000002,1,1,1.0
101,2,397.53,568.96,170.87,290.03999999999996,1,1,1.0
101,3,785.23,514.07,165.47000000000003,230.32999999999993,1,1,1.0
101,4,1003.9,456.5,247.60000000000002,240.20000000000005,1,1,1.0
101,5,643.6,680.1,166.0,264.77,1,1,1.0
101,6,583.36,398.63,180.74,239.26999999999998,1,1,1.0
101,7,851.87,286.13,248.83000000000004,133.76999999999998,1,1,1.0
101,8,1380.3,778.6,283.70000000000005,190.79999999999995,1,1,1.0
101,9,1371.5,41.02,307.55999999999995,319.28000000000003,1,1,1.0
102,1,307.8,508.4,135.51,235.5,1,1,1.0
102,2,401.2,567.66,178.00000000000006,317.0400000000001,1,1,1.0
102,3,782.93,517.23,168.7700000000001,228.37,1,1,1.0
102,4,1010.4,462.56,244.10000000000002,218.73999999999995,1,1,1.0
102,5,645.33,679.53,165.9699999999999,266.1700000000001,1,1,1.0
102,6,587.69,396.9,176.01,241.5,1,1,1.0
102,7,829.61,285.77,271.09000000000003,132.33000000000004,1,1,1.0
102,8,1380.3,779.4,283.70000000000005,188.5,1,1,1.0
102,9,1304.1,29.17,365.23,266.83,1,1,1.0
103,1,311.1,513.1,131.13,230.79999999999995,1,1,1.0
103,2,383.46,573.73,195.33999999999997,261.27,1,1,1.0
103,3,783.95,513.43,166.75,232.47000000000003,1,1,1.0
103,4,1007.8,453.5,246.29999999999995,235.29999999999995,1,1,1.0
103,5,646.0,676.73,164.5,265.97,1,1,1.0
103,6,600.26,400.37,168.24,241.42999999999995,1,1,1.0
103,7,820.0,285.43,285.3599999999999,134.46999999999997,1,1,1.0
103,8,1387.13,766.4,292.77,197.89999999999998,1,1,1.0
103,9,1329.7,24.49,348.98,255.61,1,1,1.0
104,1,325.1,498.03,113.15999999999997,153.76999999999998,1,1,0.0
104,2,378.1,573.3,201.5,263.80000000000007,1,1,1.0
104,3,782.23,514.9,167.26999999999998,227.89999999999998,1,1,1.0
104,4,1008.66,452.47,242.84000000000003,229.42999999999995,1,1,1.0
104,5,646.63,679.1,162.07000000000005,266.6,1,1,1.0
104,6,592.56,403.83,175.04000000000008,237.17000000000002,1,1,1.0
104,7,798.71,269.78,299.8899999999999,135.52000000000004,1,1,1.0
104,8,1388.87,772.03,296.93000000000006,192.57000000000005,1,1,1.0
104,9,1086.5,229.72,321.53999999999996,189.78,1,1,1.0
105,1,322.6,502.7,112.59999999999997,86.90000000000003,1,1,0.0
105,2,383.46,573.73,196.64000000000004,262.66999999999996,1,1,1.0
105,3,783.1,515.56,163.89999999999998,225.94000000000005,1,1,1.0
105,4,1007.37,478.5,250.63,195.20000000000005,1,1,1.0
105,5,655.5,685.36,156.70000000000005,259.53999999999996,1,1,1.0
105,6,583.13,402.1,180.97000000000003,238.39999999999998,1,1,1.0
105,7,773.62,273.74,316.2800000000001,135.65999999999997,1,1,1.0
105,8,1385.07,778.96,290.23,184.83999999999992,1,1,1.0
105,9,769.0,400.34,303.8499999999999,121.86000000000007,1,1,1.0
106,1,363.39,516.8,38.210000000000036,15.600000000000023,1,1,0.0
106,2,375.3,573.3,209.09999999999997,279.80000000000007,1,1,1.0
106,3,780.6,517.7,167.69999999999993,227.0999999999999,1,1,1.0
106,4,1006.07,461.36,245.92999999999995,206.03999999999996,1,1,1.0
106,5,648.9,679.73,159.80000000000007,246.66999999999996,1,1,1.0
106,6,588.53,399.5,179.47000000000003,242.79999999999995,1,1,1.0
106,7,770.74,272.3,309.46000000000004,138.0,1,1,1.0
106,8,1384.2,781.63,287.0999999999999,186.37,1,1,1.0
106,9,624.48,340.94,304.22,149.06,1,1,1.0
107,1,346.93,519.25,37.96999999999997,18.74000000000001,1,1,0.0
107,2,381.16,573.8,198.44,268.70000000000005,1,1,1.0
107,3,780.6,521.3,174.69999999999993,223.9000000000001,1,1,1.0
107,4,1062.29,453.17,157.71000000000004,254.53000000000003,1,1,1.0
107,5,649.13,680.13,163.26999999999998,234.87,1,1,1.0
107,6,588.7,406.27,182.79999999999995,235.13,1,1,1.0
107,7,773.99,248.39,305.01,166.21000000000004,1,1,1.0
107,8,1382.04,783.66,281.55999999999995,176.64,1,1,1.0
107,9,528.21,338.6,266.99,117.29999999999995,1,1,1.0
108,1,330.46,521.7,37.74000000000001,21.879999999999995,1,1,0.0
108,2,382.9,577.33,181.60000000000002,270.87,1,1,1.0
108,3,782.73,516.53,171.87,229.37,1,1,1.0
108,4,975.83,422.12,229.76999999999987,242.08000000000004,1,1,1.0
108,5,647.63,675.7,161.97000000000003,236.79999999999995,1,1,1.0
108,6,595.3,403.6,174.0,238.19999999999993,1,1,1.0
108,7,784.77,259.25,300.43000000000006,164.35000000000002,1,1,1.0
108,8,1384.6,779.96,277.60000000000014,183.43999999999994,1,1,1.0
108,9,488.26,342.17,296.14,118.22999999999996,1,1,1.0
109,1,333.5,519.25,35.75,26.450000000000045,1,1,0.0
109,2,389.8,576.23,187.2,266.87,1,1,1.0
109,3,787.9,515.23,168.20000000000005,228.66999999999996,1,1,1.0
109,4,921.89,450.36,253.20999999999992,167.03999999999996,1,1,1.0
109,5,648.06,677.86,162.84000000000003,231.24,1,1,1.0
109,6,577.8,392.26,191.5,247.44000000000005,1,1,1.0
109,7,808.4,259.98,271.69999999999993,158.21999999999997,1,1,1.0
109,8,1385.0,782.47,277.5,181.02999999999997,1,1,1.0
109,9,442.8,360.53,259.90000000000003,187.17000000000007,1,1,1.0
110,1,328.2,518.19,38.620000000000005,34.1099999999999,1,1,0.0
110,2,384.73,573.47,193.56999999999994,268.42999999999995,1,1,1.0
110,3,786.17,512.73,169.5300000000001,231.16999999999996,1,1,1.0
110,4,925.57,427.8,255.7299999999999,198.3,1,1,1.0
110,5,647.2,680.46,161.5,230.14,1,1,1.0
110,6,578.66,391.6,190.04000000000008,257.9,1,1,1.0
110,7,793.36,269.83,280.2399999999999,149.07,1,1,1.0
110,8,1385.23,785.06,269.6700000000001,176.74,1,1,1.0
110,9,373.6,401.41,247.76,197.58999999999997,1,1,1.0
111,1,324.9,519.93,44.01000000000005,33.97000000000003,1,1,0.0
111,2,378.56,579.83,202.83999999999997,259.37,1,1,1.0
111,3,783.3,514.9,169.80000000000007,228.89999999999998,1,1,1.0
111,4,925.77,432.93,260.3299999999999,197.96999999999997,1,1,1.0
111,5,654.3,686.86,161.9000000000001,233.93999999999994,1,1,1.0
111,6,598.6,380.2,167.5,288.7,1,1,1.0
111,7,814.87,270.55,255.13,146.55,1,1,1.0
111,8,1389.07,782.33,266.73,178.4699999999999,1,1,1.0
111,9,358.9,422.73,267.6,180.56999999999994,1,1,1.0
112,1,322.6,516.8,47.69999999999999,36.40000000000009,1,1,0.0
112,2,382.5,576.63,195.0,270.77,1,1,1.0
112,3,785.03,515.76,168.97000000000003,225.64,1,1,1.0
112,4,911.5,431.36,275.9000000000001,195.74,1,1,1.0
112,5,658.8,673.1,159.10000000000002,242.39999999999998,1,1,1.0
112,6,608.46,381.93,158.93999999999994,279.96999999999997,1,1,1.0
112,7,819.2,270.8,249.79999999999995,149.89999999999998,1,1,1.0
112,8,1384.63,782.07,268.66999999999985,178.63,1,1,1.0
112,9,291.8,472.61,258.43,170.99,1,1,1.0
113,1,322.6,516.8,47.69999999999999,36.40000000000009,1,1,0.0
113,2,401.03,577.06,176.87,292.0400000000001,1,1,1.0
113,3,784.23,507.63,169.26999999999998,232.87,1,1,1.0
113,4,862.4,451.76,328.69999999999993,166.74,1,1,1.0
113,5,647.63,677.0,164.66999999999996,232.70000000000005,1,1,1.0
113,6,610.2,373.37,157.69999999999993,291.13,1,1,1.0
113,7,812.21,274.41,252.49,147.08999999999997,1,1,1.0
113,8,1384.2,780.77,268.39999999999986,178.73000000000002,1,1,1.0
113,9,349.2,484.83,199.57,175.46999999999997,1,1,1.0
114,1,326.8,515.9,45.0,37.89999999999998,1,1,0.0
114,2,397.57,577.93,184.72999999999996,287.57000000000005,1,1,1.0
114,3,786.1,482.07,165.69999999999993,270.83,1,1,1.0
114,4,858.33,418.87,280.9699999999999,149.42999999999995,1,1,1.0
114,5,648.5,678.23,162.0,229.66999999999996,1,1,1.0
114,6,608.46,373.37,158.14,290.73,1,1,1.0
114,7,785.39,271.88,280.40999999999997,148.51999999999998,1,1,1.0
114,8,1385.47,783.0,265.3299999999999,178.0,1,1,1.0
114,9,350.5,483.17,186.89999999999998,182.62999999999994,1,1,1.0
115,1,326.21,516.2,47.700000000000045,36.39999999999998,1,1,0.0
115,2,394.53,579.23,192.51,287.27,1,1,1.0
115,3,779.32,459.4,174.57999999999993,296.9,1,1,1.0
115,4,820.06,417.91,316.6400000000001,151.69,1,1,1.0
115,5,647.27,683.43,156.33000000000004,229.67000000000007,1,1,1.0
115,6,606.67,372.5,155.5300000000001,301.29999999999995,1,1,1.0
115,7,786.11,271.52,282.89,145.98000000000002,1,1,1.0
115,8,1382.47,772.46,278.43000000000006,189.83999999999992,1,1,1.0
115,9,340.4,470.37,192.13,200.23000000000002,1,1,1.0
116,1,325.6,516.8,44.69999999999999,35.5,1,1,0.0
116,2,394.3,580.1,186.67000000000002,282.5,1,1,1.0
116,3,777.5,461.3,176.29999999999995,315.40000000000003,1,1,1.0
116,4,811.73,407.33,314.77,156.17000000000002,1,1,1.0
116,5,646.06,681.86,161.6400000000001,229.03999999999996,1,1,1.0
116,6,609.7,378.87,158.5999999999999,276.83000000000004,1,1,1.0
116,7,782.5,274.05,285.4000000000001,141.25,1,1,1.0
116,8,1382.47,769.43,281.3299999999999,193.87,1,1,1.0
116,9,317.6,460.67,203.47000000000003,217.22999999999996,1,1,1.0
117,1,338.5,516.8,31.80000000000001,29.5,1,1,0.0
117,2,396.5,580.96,182.29999999999995,278.8399999999999,1,1,1.0
117,3,783.1,470.8,182.60000000000002,280.2,1,1,1.0
117,4,874.3,394.3,240.29999999999995,178.40000000000003,1,1,1.0
117,5,662.4,682.2,150.5,251.39999999999998,1,1,1.0
117,6,608.83,381.53,157.76999999999998,270.77,1,1,1.0
117,7,765.49,277.66,312.1099999999999,141.64,1,1,1.0
117,8,1382.47,769.0,282.23,194.29999999999995,1,1,1.0
117,9,336.9,462.4,188.07000000000005,217.20000000000005,1,1,1.0
118,1,329.8,516.8,40.5,30.100000000000023,1,1,0.0
118,2,394.76,579.53,187.03999999999996,281.1700000000001,1,1,1.0
118,3,752.23,503.33,221.37,248.57,1,1,1.0
118,4,861.5,426.96,250.74,199.14000000000004,1,1,1.0
118,5,670.65,670.42,150.64999999999998,275.7800000000001,1,1,1.0
118,6,608.4,381.16,154.30000000000007,270.63999999999993,1,1,1.0
118,7,809.99,259.25,265.51,162.95,1,1,1.0
118,8,1385.07,766.4,277.23,198.20000000000005,1,1,1.0
118,9,311.8,459.8,209.27000000000004,220.7,1,1,1.0
119,1,329.2,518.6,39.60000000000002,28.0,1,1,0.0
119,2,393.0,579.5,188.79999999999995,281.9,1,1,1.0
119,3,747.33,585.83,300.26999999999987,166.37,1,1,1.0
119,4,829.7,423.3,248.39999999999986,181.8,1,1,1.0
119,5,662.17,657.95,153.0300000000001,273.15,1,1,1.0
119,6,607.1,381.5,159.5,270.29999999999995,1,1,1.0
119,7,818.52,257.58,263.98,168.92000000000002,1,1,1.0
119,8,1385.5,764.3,276.5999999999999,199.20000000000005,1,1,1.0
119,9,279.0,472.57,243.74,261.13000000000005,1,1,1.0
120,1,327.4,520.41,42.60000000000002,30.99000000000001,1,1,0.0
120,2,393.9,578.67,183.61,282.73,1,1,1.0
120,3,896.8,480.45,226.73000000000002,249.45,1,1,1.0
120,4,824.8,414.33,235.56999999999994,245.87000000000006,1,1,1.0
120,5,651.74,654.5,148.26,271.4,1,1,1.0
120,6,605.8,381.07,165.10000000000002,262.93,1,1,1.0
120,7,819.96,255.19,260.1399999999999,170.20999999999998,1,1,1.0
120,8,1385.5,765.7,274.4000000000001,200.19999999999993,1,1,1.0
120,9,253.4,523.83,236.4,204.87,1,1,1.0
