1,1,699.6,651.8,226.10000000000002,132.20000000000005,1,1,1.0
1,2,403.8,484.32,221.97999999999996,170.38000000000005,1,1,1.0
1,3,598.3,336.9,258.1,169.5,1,1,1.0
1,4,286.2,512.0,131.5,99.10000000000002,1,1,0.0
1,5,1243.8,112.3,399.70000000000005,175.8,1,1,1.0
1,6,1605.3,626.5,289.20000000000005,235.39999999999998,1,1,1.0
1,7,279.5,566.1,233.39999999999998,251.29999999999995,1,1,1.0
1,8,1657.1,166.3,291.20000000000005,200.8,1,1,1.0
1,9,1682.1,490.2,381.0,202.00000000000006,1,1,1.0
2,1,700.3,648.8,225.4000000000001,133.70000000000005,1,1,1.0
2,2,397.1,510.4,270.5,122.89999999999998,1,1,1.0
2,3,487.5,328.1,311.29999999999995,137.0,1,1,1.0
2,4,284.3,509.2,130.7,101.30000000000001,1,1,0.0
2,5,1250.6,116.8,383.10000000000014,175.09999999999997,1,1,1.0
2,6,1637.9,624.4,267.0,263.20000000000005,1,1,1.0
2,7,291.1,565.5,187.09999999999997,254.20000000000005,1,1,1.0
2,8,1652.1,163.8,292.4000000000001,206.39999999999998,1,1,1.0
2,9,1697.4,481.8,369.1999999999998,214.59999999999997,1,1,1.0
3,1,696.7,644.8,227.5,137.70000000000005,1,1,1.0
3,2,525.3,503.0,322.0,126.39999999999998,1,1,1.0
3,3,427.8,314.0,309.78000000000003,135.89999999999998,1,1,1.0
3,4,291.2,509.2,130.0,105.69999999999999,1,1,0.0
3,5,1255.1,115.3,375.60000000000014,175.09999999999997,1,1,1.0
3,6,1653.2,624.4,246.79999999999995,288.20000000000005,1,1,1.0
3,7,298.0,558.0,180.2,261.70000000000005,1,1,1.0
3,8,1652.1,143.1,286.10000000000014,238.4,1,1,1.0
3,9,1705.7,491.5,324.79999999999995,202.79999999999995,1,1,1.0
4,1,696.7,638.8,242.0999999999999,142.10000000000002,1,1,1.0
4,2,650.01,470.3,310.69000000000005,142.09999999999997,1,1,1.0
4,3,422.6,323.4,308.19999999999993,125.5,1,1,1.0
4,4,291.2,509.2,130.0,98.19999999999999,1,1,0.0
4,5,1315.4,113.8,306.29999999999995,196.89999999999998,1,1,1.0
4,6,1677.5,620.9,206.5,334.80000000000007,1,1,1.0
4,7,299.7,567.3,177.3,252.4000000000001,1,1,1.0
4,8,1652.1,138.7,278.60000000000014,253.5,1,1,1.0
4,9,1711.3,499.8,323.4000000000001,195.90000000000003,1,1,1.0
5,1,696.2,640.3,241.0,139.60000000000002,1,1,1.0
5,2,669.6,462.5,269.29999999999995,145.10000000000002,1,1,1.0
5,3,464.5,324.4,265.29999999999995,125.60000000000002,1,1,1.0
5,4,289.9,507.9,131.3,94.5,1,1,0.0
5,5,1252.9,116.8,402.6999999999998,171.3,1,1,1.0
5,6,1676.8,661.2,228.0,326.4,1,1,1.0
5,7,298.0,560.4,180.7,259.30000000000007,1,1,1.0
5,8,1652.1,137.4,278.60000000000014,254.79999999999998,1,1,1.0
5,9,1715.5,499.8,311.5999999999999,195.2,1,1,1.0
6,1,697.3,648.5,232.4000000000001,129.29999999999995,1,1,1.0
6,2,676.6,461.6,271.5,148.60000000000002,1,1,1.0
6,3,448.8,324.9,276.3,128.20000000000005,1,1,1.0
6,4,288.0,511.67,128.2,94.53000000000003,1,1,0.0
6,5,1246.9,116.8,396.5999999999999,173.59999999999997,1,1,1.0
6,6,1646.2,670.9,259.29999999999995,351.4,1,1,1.0
6,7,303.2,542.5,175.5,275.5,1,1,1.0
6,8,1652.1,131.7,275.4000000000001,263.0,1,1,1.0
6,9,1715.5,499.8,329.0,195.2,1,1,1.0
7,1,696.3,646.9,227.20000000000005,130.89999999999998,1,1,1.0
7,2,678.8,462.9,260.6,150.39999999999998,1,1,1.0
7,3,432.6,325.9,297.19999999999993,127.20000000000005,1,1,1.0
7,4,340.9,507.9,75.90000000000003,61.5,1,1,0.0
7,5,1247.7,116.0,391.29999999999995,178.89999999999998,1,1,1.0
7,6,1649.0,670.9,254.4000000000001,334.0,1,1,1.0
7,7,308.4,540.2,165.70000000000005,277.79999999999995,1,1,1.0
7,8,1652.1,130.4,275.4000000000001,264.29999999999995,1,1,1.0
7,9,1715.5,500.5,322.79999999999995,195.89999999999998,1,1,1.0
8,1,692.6,645.9,256.1,129.30000000000007,1,1,1.0
8,2,680.1,466.8,255.39999999999998,143.40000000000003,1,1,1.0
8,3,425.8,315.4,301.90000000000003,137.70000000000005,1,1,1.0
8,4,314.7,507.9,102.10000000000002,93.5,1,1,0.0
8,5,1253.7,99.4,372.5,197.79999999999998,1,1,1.0
8,6,1645.5,668.8,257.9000000000001,312.5,1,1,1.0
8,7,291.0,588.8,176.7,244.20000000000005,1,1,1.0
8,8,1652.1,126.0,275.4000000000001,268.7,1,1,1.0
8,9,1715.5,500.5,317.9000000000001,195.89999999999998,1,1,1.0
9,1,698.9,644.3,280.70000000000005,131.4000000000001,1,1,1.0
9,2,684.5,465.9,252.70000000000005,144.30000000000007,1,1,1.0
9,3,425.8,331.1,301.90000000000003,119.89999999999998,1,1,1.0
9,4,303.4,512.4,113.40000000000003,97.30000000000007,1,1,0.0
9,5,1256.0,101.7,364.20000000000005,197.0,1,1,1.0
9,6,1678.8,643.1,214.9000000000001,299.29999999999995,1,1,1.0
9,7,259.8,602.1,212.0,227.39999999999998,1,1,1.0
9,8,1652.1,126.0,273.5,275.0,1,1,1.0
9,9,1712.7,497.0,347.79999999999995,191.10000000000002,1,1,1.0
10,1,698.4,638.0,285.4,135.0,1,1,1.0
10,2,678.8,469.0,284.1,141.20000000000005,1,1,1.0
10,3,422.7,328.5,307.59999999999997,121.5,1,1,1.0
10,4,303.4,507.9,113.40000000000003,97.30000000000007,1,1,0.0
10,5,1260.5,93.4,368.0,208.29999999999998,1,1,1.0
10,6,1633.0,653.5,260.70000000000005,318.70000000000005,1,1,1.0
10,7,256.9,605.0,219.0,224.5,1,1,1.0
10,8,1647.1,149.9,280.4000000000001,246.70000000000002,1,1,1.0
10,9,1709.2,490.1,327.70000000000005,231.29999999999995,1,1,1.0
11,1,700.5,638.0,267.1,136.60000000000002,1,1,1.0
11,2,770.37,449.9,313.33000000000004,138.5,1,1,1.0
11,3,430.5,330.0,290.9,112.69999999999999,1,1,1.0
11,4,302.6,511.7,110.39999999999998,82.09999999999997,1,1,0.0
11,5,1260.5,97.9,356.70000000000005,203.79999999999998,1,1,1.0
11,6,1603.1,676.42,301.8000000000002,288.88,1,1,1.0
11,7,246.5,608.5,244.39999999999998,201.29999999999995,1,1,1.0
11,8,1647.1,151.8,284.20000000000005,242.89999999999998,1,1,1.0
11,9,1716.8,479.0,303.4000000000001,270.20000000000005,1,1,1.0
12,1,697.4,642.7,286.4,134.5,1,1,1.0
12,2,918.2,432.0,324.89999999999986,129.79999999999995,1,1,1.0
12,3,430.7,328.4,284.40000000000003,115.90000000000003,1,1,1.0
12,4,302.6,511.7,106.59999999999997,82.09999999999997,1,1,0.0
12,5,1263.5,82.1,353.70000000000005,224.9,1,1,1.0
12,6,1610.7,663.9,294.20000000000005,303.5,1,1,1.0
12,7,238.4,588.3,268.1,166.5,1,1,1.0
12,8,1646.5,151.8,287.29999999999995,240.39999999999998,1,1,1.0
12,9,1721.7,476.9,302.70000000000005,231.30000000000007,1,1,1.0
13,1,695.8,638.5,245.10000000000002,142.89999999999998,1,1,1.0
13,2,1030.27,445.1,309.3299999999999,136.0,1,1,1.0
13,3,452.9,325.8,257.5,116.89999999999998,1,1,1.0
13,4,297.3,507.9,114.89999999999998,80.60000000000002,1,1,0.0
13,5,1267.3,91.9,343.10000000000014,229.4,1,1,1.0
13,6,1613.5,672.9,291.4000000000001,305.6,1,1,1.0
13,7,238.4,580.2,274.5,171.69999999999993,1,1,1.0
13,8,1652.8,151.8,282.9000000000001,231.59999999999997,1,1,1.0
13,9,1723.8,476.9,297.79999999999995,279.9,1,1,1.0
14,1,713.1,606.0,278.1,164.89999999999998,1,1,1.0
14,2,1075.18,425.9,379.52,159.39999999999998,1,1,1.0
14,3,423.0,325.8,290.5,114.80000000000001,1,1,1.0
14,4,297.3,512.4,113.39999999999998,76.10000000000002,1,1,0.0
14,5,1331.5,93.6,258.9000000000001,283.5,1,1,1.0
14,6,1630.2,686.1,278.89999999999986,248.0,1,1,1.0
14,7,252.9,578.4,260.0,172.30000000000007,1,1,1.0
14,8,1645.9,160.6,314.89999999999986,176.29999999999998,1,1,1.0
14,9,1719.6,475.5,313.10000000000014,235.5,1,1,1.0
15,1,784.27,573.0,285.93000000000006,168.60000000000002,1,1,1.0
15,2,1160.65,471.7,348.14999999999986,183.8,1,1,1.0
15,3,430.9,324.2,283.1,117.5,1,1,1.0
15,4,297.3,510.1,118.0,73.10000000000002,1,1,0.0
15,5,1332.3,81.1,249.0,321.79999999999995,1,1,1.0
15,6,1630.2,678.5,278.20000000000005,251.39999999999998,1,1,1.0
15,7,280.1,575.5,233.39999999999998,175.20000000000005,1,1,1.0
15,8,1652.8,154.9,304.9000000000001,179.49999999999997,1,1,1.0
15,9,1712.7,486.6,335.9999999999998,218.19999999999993,1,1,1.0
16,1,800.5,575.6,249.79999999999995,161.29999999999995,1,1,1.0
16,2,1206.2,473.8,278.20000000000005,172.90000000000003,1,1,1.0
16,3,437.2,321.1,276.8,120.59999999999997,1,1,1.0
16,4,289.8,508.6,118.59999999999997,69.29999999999995,1,1,0.0
16,5,1320.6,73.6,372.4000000000001,232.6,1,1,1.0
16,6,1639.2,682.7,273.3699999999999,245.79999999999995,1,1,1.0
16,7,280.1,576.7,233.39999999999998,174.0,1,1,1.0
16,8,1652.2,158.0,302.39999999999986,181.39999999999998,1,1,1.0
16,9,1709.2,495.6,351.29999999999995,209.19999999999993,1,1,1.0
17,1,807.3,573.5,208.9000000000001,165.5,1,1,1.0
17,2,1216.7,472.7,281.79999999999995,172.40000000000003,1,1,1.0
17,3,428.8,324.8,282.59999999999997,116.89999999999998,1,1,1.0
17,4,289.8,510.9,120.09999999999997,59.5,1,1,0.0
17,5,1347.3,73.6,379.0,206.79999999999998,1,1,1.0
17,6,1639.9,677.1,265.6999999999998,260.4,1,1,1.0
17,7,286.5,579.6,227.0,174.0,1,1,1.0
17,8,1654.7,157.4,292.39999999999986,200.20000000000002,1,1,1.0
17,9,1713.4,496.3,326.29999999999995,206.40000000000003,1,1,1.0
18,1,809.9,582.4,203.10000000000002,166.0,1,1,1.0
18,2,1217.7,478.5,297.5,169.20000000000005,1,1,1.0
18,3,449.7,323.2,261.7,118.5,1,1,1.0
18,4,292.8,510.9,117.09999999999997,64.0,1,1,0.0
18,5,1310.6,94.4,411.5,188.49999999999997,1,1,1.0
18,6,1624.6,671.6,285.9000000000001,286.0,1,1,1.0
18,7,286.5,579.6,226.39999999999998,174.0,1,1,1.0
18,8,1653.4,157.4,291.1999999999998,212.79999999999998,1,1,1.0
18,9,1709.2,503.9,318.70000000000005,197.39999999999998,1,1,1.0
19,1,806.8,580.8,199.9000000000001,165.5,1,1,1.0
19,2,1218.7,483.7,289.20000000000005,165.59999999999997,1,1,1.0
19,3,429.3,323.2,276.3,118.5,1,1,1.0
19,4,292.8,510.3,116.5,66.49999999999994,1,1,0.0
19,5,1315.6,73.6,379.8000000000002,207.6,1,1,1.0
19,6,1607.2,665.3,290.79999999999995,320.80000000000007,1,1,1.0
19,7,285.9,579.0,221.20000000000005,174.60000000000002,1,1,1.0
19,8,1596.3,165.6,354.0,202.70000000000002,1,1,1.0
19,9,1712.0,500.4,346.5,192.60000000000002,1,1,1.0
20,1,805.8,578.7,203.0,167.5999999999999,1,1,1.0
20,2,1219.7,485.8,280.89999999999986,161.40000000000003,1,1,1.0
20,3,420.9,321.6,284.70000000000005,120.09999999999997,1,1,1.0
20,4,289.7,510.9,116.5,58.39999999999998,1,1,0.0
20,5,1315.6,87.8,374.0,216.7,1,1,1.0
20,6,1581.5,681.2,319.29999999999995,291.0,1,1,1.0
20,7,285.9,577.8,223.5,174.10000000000002,1,1,1.0
20,8,1588.7,172.5,367.29999999999995,185.10000000000002,1,1,1.0
20,9,1712.0,500.4,348.5999999999999,194.0,1,1,1.0
21,1,804.8,578.7,205.60000000000002,169.69999999999993,1,1,1.0
21,2,1219.7,485.8,280.89999999999986,161.40000000000003,1,1,1.0
21,3,450.2,322.1,255.40000000000003,120.09999999999997,1,1,1.0
21,4,291.6,510.9,114.59999999999997,66.60000000000002,1,1,0.0
21,5,1315.6,87.8,369.8000000000002,215.0,1,1,1.0
21,6,1606.5,681.2,294.29999999999995,255.5999999999999,1,1,1.0
21,7,287.6,574.3,221.79999999999995,177.60000000000002,1,1,1.0
21,8,1566.1,170.6,388.60000000000014,187.00000000000003,1,1,1.0
21,9,1714.1,500.4,351.4000000000001,194.0,1,1,1.0
22,1,805.3,578.7,221.29999999999995,170.69999999999993,1,1,1.0
22,2,1219.7,483.7,289.29999999999995,159.8,1,1,1.0
22,3,429.3,321.6,274.7,120.59999999999997,1,1,1.0
22,4,289.4,510.0,116.80000000000001,65.29999999999995,1,1,0.0
22,5,1322.3,87.8,363.10000000000014,215.0,1,1,1.0
22,6,1639.1,681.2,256.10000000000014,282.69999999999993,1,1,1.0
22,7,296.3,577.2,213.09999999999997,174.69999999999993,1,1,1.0
22,8,1576.8,170.6,377.29999999999995,189.50000000000003,1,1,1.0
22,9,1711.3,487.9,310.5,246.80000000000007,1,1,1.0
23,1,806.3,578.7,220.79999999999995,169.19999999999993,1,1,1.0
23,2,1223.9,483.2,312.29999999999995,160.3,1,1,1.0
23,3,429.3,318.5,272.09999999999997,123.69999999999999,1,1,1.0
23,4,289.4,512.5,116.80000000000001,61.5,1,1,0.0
23,5,1310.6,79.5,374.8000000000002,223.3,1,1,1.0
23,6,1662.7,677.01,231.0999999999999,279.28999999999996,1,1,1.0
23,7,310.2,549.4,188.8,212.89999999999998,1,1,1.0
23,8,1600.6,168.7,351.0,195.2,1,1,1.0
23,9,1730.8,465.0,274.29999999999995,273.9,1,1,1.0
24,1,804.7,578.7,215.0999999999999,169.19999999999993,1,1,1.0
24,2,1223.9,479.5,256.79999999999995,163.0,1,1,1.0
24,3,429.8,318.5,269.99999999999994,124.19999999999999,1,1,1.0
24,4,290.0,508.1,119.39999999999998,69.69999999999993,1,1,0.0
24,5,1310.6,79.5,373.10000000000014,223.3,1,1,1.0
24,6,1658.5,670.1,234.5999999999999,291.79999999999995,1,1,1.0
24,7,313.1,564.4,155.79999999999995,206.60000000000002,1,1,1.0
24,8,1633.4,163.7,321.29999999999995,178.8,1,1,1.0
24,9,1750.2,439.3,250.70000000000005,321.8,1,1,1.0
25,1,801.0,573.5,227.70000000000005,175.39999999999998,1,1,1.0
25,2,1226.0,478.5,254.20000000000005,166.10000000000002,1,1,1.0
25,3,429.8,318.5,269.49999999999994,123.19999999999999,1,1,1.0
25,4,292.5,510.0,116.89999999999998,64.70000000000005,1,1,0.0
25,5,1339.8,76.2,346.4000000000001,226.60000000000002,1,1,1.0
25,6,1605.7,688.2,275.5999999999999,291.79999999999995,1,1,1.0
25,7,316.0,558.6,144.8,216.39999999999998,1,1,1.0
25,8,1634.2,155.5,320.5,187.0,1,1,1.0
25,9,1753.7,377.5,244.39999999999986,353.70000000000005,1,1,1.0
26,1,805.2,575.6,211.5,175.89999999999998,1,1,1.0
26,2,1239.1,470.7,250.5,195.90000000000003,1,1,1.0
26,3,426.7,319.5,275.2,120.10000000000002,1,1,1.0
26,4,292.5,510.0,101.60000000000002,55.10000000000002,1,1,0.0
26,5,1332.3,81.2,347.20000000000005,221.60000000000002,1,1,1.0
26,6,1596.0,686.1,292.20000000000005,252.19999999999993,1,1,1.0
26,7,319.5,564.9,168.0,213.60000000000002,1,1,1.0
26,8,1631.3,154.2,320.29999999999995,188.3,1,1,1.0
26,9,1742.6,392.8,243.0,291.2,1,1,1.0
27,1,808.9,579.8,209.39999999999998,169.10000000000002,1,1,1.0
27,2,1242.2,464.9,247.89999999999986,211.60000000000002,1,1,1.0
27,3,454.4,322.6,250.60000000000002,119.09999999999997,1,1,1.0
27,4,292.5,540.4,26.399999999999977,22.300000000000068,1,1,0.0
27,5,1307.3,89.5,380.5,212.5,1,1,1.0
27,6,1674.5,670.8,223.4000000000001,277.20000000000005,1,1,1.0
27,7,318.3,551.0,161.0,235.0,1,1,1.0
27,8,1628.8,154.2,322.79999999999995,175.10000000000002,1,1,1.0
27,9,1731.5,420.3,268.70000000000005,251.90000000000003,1,1,1.0
28,1,805.8,578.2,214.10000000000002,168.5999999999999,1,1,1.0
28,2,1260.5,445.0,230.0999999999999,235.70000000000005,1,1,1.0
28,3,443.9,321.0,254.80000000000007,121.19999999999999,1,1,1.0
28,4,291.5,547.2,27.399999999999977,20.799999999999955,1,1,0.0
28,5,1304.0,89.5,393.0,211.7,1,1,1.0
28,6,1684.9,654.8,210.19999999999982,293.20000000000005,1,1,1.0
28,7,295.2,544.1,165.60000000000002,232.60000000000002,1,1,1.0
28,8,1631.8,154.2,322.9000000000001,176.40000000000003,1,1,1.0
28,9,1720.4,469.2,354.0999999999999,237.00000000000006,1,1,1.0
29,1,808.9,577.7,215.19999999999993,168.5999999999999,1,1,1.0
29,2,1281.4,414.7,177.79999999999995,283.8,1,1,1.0
29,3,453.8,318.9,244.90000000000003,118.10000000000002,1,1,1.0
29,4,292.0,538.6,53.10000000000002,28.399999999999977,1,1,0.0
29,5,1298.2,62.0,391.29999999999995,176.7,1,1,1.0
29,6,1639.1,639.5,264.3000000000002,300.9,1,1,1.0
29,7,252.4,556.8,220.6,195.60000000000002,1,1,1.0
29,8,1589.3,165.5,370.4000000000001,159.39999999999998,1,1,1.0
29,9,1700.3,480.3,374.20000000000005,195.99999999999994,1,1,1.0
30,1,809.4,577.2,212.60000000000002,169.5999999999999,1,1,1.0
30,2,1301.3,402.7,140.60000000000014,303.59999999999997,1,1,1.0
30,3,431.8,316.8,265.90000000000003,121.19999999999999,1,1,1.0
30,4,292.0,525.2,56.69999999999999,51.0,1,1,0.0
30,5,1302.4,56.2,378.79999999999995,190.89999999999998,1,1,1.0
30,6,1682.8,639.5,219.9000000000001,297.4,1,1,1.0
30,7,252.4,556.8,229.29999999999998,184.0,1,1,1.0
30,8,1602.5,164.9,357.20000000000005,161.9,1,1,1.0
30,9,1698.2,484.5,344.39999999999986,180.0,1,1,1.0
31,1,810.4,575.6,213.69999999999993,172.79999999999995,1,1,1.0
31,2,1298.7,400.1,143.20000000000005,306.19999999999993,1,1,1.0
31,3,424.0,316.8,273.70000000000005,117.5,1,1,1.0
31,4,295.5,536.8,53.19999999999999,31.90000000000009,1,1,0.0
31,5,1352.4,76.2,337.0999999999999,215.90000000000003,1,1,1.0
31,6,1684.2,670.7,227.5,259.29999999999995,1,1,1.0
31,7,243.7,556.8,246.7,181.70000000000005,1,1,1.0
31,8,1582.4,164.9,379.79999999999995,163.79999999999998,1,1,1.0
31,9,1698.2,499.1,356.20000000000005,187.60000000000002,1,1,1.0
32,1,810.4,575.1,215.30000000000007,175.39999999999998,1,1,1.0
32,2,1298.7,400.1,145.79999999999995,305.19999999999993,1,1,1.0
32,3,424.5,316.8,272.70000000000005,118.5,1,1,1.0
32,4,297.1,512.3,104.29999999999995,59.60000000000002,1,1,0.0
32,5,1374.9,71.2,297.0999999999999,258.5,1,1,1.0
32,6,1645.3,676.3,265.0,257.20000000000005,1,1,1.0
32,7,265.7,552.7,227.60000000000002,193.29999999999995,1,1,1.0
32,8,1568.6,162.4,392.3000000000002,166.29999999999998,1,1,1.0
32,9,1702.4,499.1,352.6999999999998,198.69999999999993,1,1,1.0
33,1,807.3,574.6,203.70000000000005,172.79999999999995,1,1,1.0
33,2,1310.2,394.9,131.70000000000005,306.20000000000005,1,1,1.0
33,3,430.8,318.9,264.8,116.40000000000003,1,1,1.0
33,4,299.5,507.5,101.89999999999998,70.0,1,1,0.0
33,5,1307.4,60.4,381.29999999999995,235.99999999999997,1,1,1.0
33,6,1662.0,677.0,243.4000000000001,261.4,1,1,1.0
33,7,283.6,557.3,212.0,190.4000000000001,1,1,1.0
33,8,1584.3,159.9,371.60000000000014,170.1,1,1,1.0
33,9,1703.8,468.5,333.9000000000001,227.89999999999998,1,1,1.0
34,1,799.5,557.9,233.5,177.5,1,1,1.0
34,2,1294.0,399.1,140.5,278.5,1,1,1.0
34,3,430.8,317.9,264.8,117.40000000000003,1,1,1.0
34,4,299.5,519.2,86.89999999999998,59.299999999999955,1,1,0.0
34,5,1254.9,94.6,456.29999999999995,198.50000000000003,1,1,1.0
34,6,1664.1,686.72,234.4000000000001,251.67999999999995,1,1,1.0
34,7,288.23,554.42,210.26999999999998,190.4000000000001,1,1,1.0
34,8,1630.8,141.6,316.29999999999995,204.70000000000002,1,1,1.0
34,9,1696.2,468.5,341.5,239.0,1,1,1.0
35,1,797.9,554.3,224.70000000000005,177.4000000000001,1,1,1.0
35,2,1300.3,447.2,186.0,229.40000000000003,1,1,1.0
35,3,426.6,320.0,271.1,115.30000000000001,1,1,1.0
35,4,301.2,510.0,91.90000000000003,66.10000000000002,1,1,0.0
35,5,1272.4,94.6,448.0,198.50000000000003,1,1,1.0
35,6,1633.5,686.72,272.5999999999999,252.38,1,1,1.0
35,7,288.2,551.0,205.10000000000002,194.39999999999998,1,1,1.0
35,8,1629.6,141.6,313.70000000000005,215.4,1,1,1.0
35,9,1688.6,442.1,339.4000000000001,249.39999999999998,1,1,1.0
36,1,796.9,552.7,227.30000000000007,168.5,1,1,1.0
36,2,1190.9,465.0,275.0,142.0,1,1,1.0
36,3,429.75,310.1,269.54999999999995,125.19999999999999,1,1,1.0
36,4,301.2,504.7,107.0,81.80000000000001,1,1,0.0
36,5,1286.6,87.9,428.0,205.20000000000002,1,1,1.0
36,6,1598.8,693.7,312.9000000000001,253.69999999999993,1,1,1.0
36,7,289.9,553.9,199.90000000000003,182.80000000000007,1,1,1.0
36,8,1629.6,134.7,311.8000000000002,231.8,1,1,1.0
36,9,1676.8,481.0,372.0000000000002,233.39999999999998,1,1,1.0
37,1,799.0,551.7,228.29999999999995,193.5999999999999,1,1,1.0
37,2,1173.6,471.3,268.8000000000002,150.90000000000003,1,1,1.0
37,3,466.4,327.9,237.60000000000002,113.20000000000005,1,1,1.0
37,4,301.2,517.9,83.90000000000003,67.30000000000007,1,1,0.0
37,5,1304.1,82.1,407.20000000000005,212.70000000000002,1,1,1.0
37,6,1630.0,693.7,293.5,231.5,1,1,1.0
37,7,289.9,553.9,194.70000000000005,176.39999999999998,1,1,1.0
37,8,1627.1,129.7,312.4000000000001,239.90000000000003,1,1,1.0
37,9,1681.7,505.3,379.60000000000014,224.40000000000003,1,1,1.0
38,1,797.4,552.2,228.89999999999998,184.19999999999993,1,1,1.0
38,2,1134.4,470.8,298.5999999999999,151.40000000000003,1,1,1.0
38,3,494.7,367.15,184.7,227.75,1,1,1.0
38,4,294.8,508.6,91.5,60.39999999999998,1,1,0.0
38,5,1346.6,75.4,363.0,231.1,1,1,1.0
38,6,1641.1,688.1,276.8000000000002,238.5,1,1,1.0
38,7,292.9,558.0,182.40000000000003,149.70000000000005,1,1,1.0
38,8,1628.4,119.6,303.5999999999999,253.79999999999998,1,1,1.0
38,9,1678.2,508.1,375.4999999999998,198.69999999999993,1,1,1.0
39,1,795.3,551.2,234.70000000000005,185.69999999999993,1,1,1.0
39,2,989.5,415.3,335.18000000000006,155.59999999999997,1,1,1.0
39,3,521.4,472.3,121.39999999999998,310.97999999999996,1,1,1.0
39,4,294.2,510.9,100.80000000000001,59.30000000000007,1,1,0.0
39,5,1356.6,58.7,333.0,266.1,1,1,1.0
39,6,1622.4,687.4,298.28,239.89,1,1,1.0
39,7,300.4,560.3,176.10000000000002,147.4000000000001,1,1,1.0
39,8,1629.0,112.1,303.0,258.20000000000005,1,1,1.0
39,9,1682.4,488.0,372.0,218.79999999999995,1,1,1.0
40,1,789.5,554.9,253.5999999999999,151.60000000000002,1,1,1.0
40,2,725.8,383.92,348.79999999999995,129.99999999999994,1,1,1.0
40,3,486.3,568.1,140.59999999999997,308.29999999999995,1,1,1.0
40,4,298.8,549.7,21.5,26.899999999999977,1,1,0.0
40,5,1373.3,74.5,315.5,283.6,1,1,1.0
40,6,1634.9,689.5,287.89999999999986,215.60000000000002,1,1,1.0
40,7,266.3,582.3,222.89999999999998,156.10000000000002,1,1,1.0
40,8,1629.0,104.6,301.0999999999999,272.6,1,1,1.0
40,9,1687.3,466.5,336.5,240.29999999999995,1,1,1.0
41,1,792.6,558.6,229.60000000000002,148.39999999999998,1,1,1.0
41,2,597.1,368.7,307.9599999999999,128.5,1,1,1.0
41,3,499.1,639.06,141.79999999999995,266.44000000000005,1,1,1.0
41,4,298.8,505.7,94.39999999999998,70.90000000000003,1,1,0.0
41,5,1390.8,67.0,288.0,309.4,1,1,1.0
41,6,1615.5,702.0,296.20000000000005,203.79999999999995,1,1,1.0
41,7,236.2,567.2,270.40000000000003,161.39999999999998,1,1,1.0
41,8,1612.0,114.6,321.9000000000001,257.6,1,1,1.0
41,9,1697.0,442.9,324.70000000000005,263.9,1,1,1.0
42,1,797.3,558.6,227.5,150.0,1,1,1.0
42,2,507.1,350.9,301.69999999999993,128.0,1,1,1.0
42,3,508.94,802.2,272.56,158.29999999999995,1,1,1.0
42,4,296.5,515.0,93.80000000000001,58.10000000000002,1,1,0.0
42,5,1398.3,52.0,251.29999999999995,338.6,1,1,1.0
42,6,1628.0,713.1,271.20000000000005,203.10000000000002,1,1,1.0
42,7,210.7,604.8,294.7,134.20000000000005,1,1,1.0
42,8,1593.8,119.6,341.4000000000001,248.79999999999998,1,1,1.0
42,9,1697.7,442.9,324.0,268.1,1,1,1.0
43,1,797.3,559.1,227.5,153.19999999999993,1,1,1.0
43,2,421.8,329.0,292.3,131.10000000000002,1,1,1.0
43,3,662.9,783.1,292.20000000000005,145.60000000000002,1,1,1.0
43,4,296.5,539.8,46.10000000000002,33.30000000000007,1,1,0.0
43,5,1391.6,40.3,234.70000000000005,348.59999999999997,1,1,1.0
43,6,1658.6,712.4,223.20000000000005,209.39999999999998,1,1,1.0
43,7,207.8,597.3,302.8,127.20000000000005,1,1,1.0
43,8,1611.9,157.1,323.29999999999995,208.50000000000003,1,1,1.0
43,9,1701.2,416.5,329.5,298.70000000000005,1,1,1.0
44,1,795.8,559.1,237.4000000000001,154.79999999999995,1,1,1.0
44,2,452.7,318.5,255.59999999999997,146.8,1,1,1.0
44,3,704.6,758.8,285.19999999999993,156.0,1,1,1.0
44,4,360.38,504.39,38.420000000000016,16.610000000000014,1,1,0.0
44,5,1319.1,35.9,321.4000000000001,330.5,1,1,1.0
44,6,1615.5,705.5,283.70000000000005,210.70000000000005,1,1,1.0
44,7,239.6,594.4,271.0,130.70000000000005,1,1,1.0
44,8,1626.5,149.4,310.0999999999999,223.1,1,1,1.0
44,9,1704.0,420.7,323.9000000000001,295.90000000000003,1,1,1.0
45,1,790.0,557.0,253.0999999999999,156.89999999999998,1,1,1.0
45,2,467.4,320.1,248.20000000000005,143.09999999999997,1,1,1.0
45,3,725.4,733.9,288.70000000000005,160.10000000000002,1,1,1.0
45,4,364.94,488.54,92.81,63.70999999999998,1,1,0.0
45,5,1234.9,174.7,443.0999999999999,185.90000000000003,1,1,1.0
45,6,1686.3,702.7,240.0,235.0,1,1,1.0
45,7,241.9,596.7,263.5,125.5,1,1,1.0
45,8,1630.7,152.9,308.70000000000005,236.29999999999998,1,1,1.0
45,9,1701.9,462.4,307.89999999999986,275.70000000000005,1,1,1.0
46,1,790.5,535.0,275.0999999999999,162.20000000000005,1,1,1.0
46,2,478.9,312.8,238.30000000000007,151.39999999999998,1,1,1.0
46,3,785.5,700.3,283.5999999999999,190.10000000000002,1,1,1.0
46,4,369.5,472.7,147.20000000000005,110.80000000000001,1,1,0.0
46,5,1244.9,163.6,394.79999999999995,192.00000000000003,1,1,1.0
46,6,1656.4,698.5,279.5999999999999,240.60000000000002,1,1,1.0
46,7,242.5,591.5,264.1,130.70000000000005,1,1,1.0
46,8,1627.9,159.8,315.0,210.7,1,1,1.0
46,9,1721.3,459.6,271.79999999999995,291.69999999999993,1,1,1.0
47,1,849.6,519.8,289.30000000000007,132.4000000000001,1,1,1.0
47,2,469.5,323.8,244.60000000000002,151.39999999999998,1,1,1.0
47,3,793.1,702.0,273.69999999999993,194.29999999999995,1,1,1.0
47,4,359.7,472.7,160.00000000000006,126.40000000000003,1,1,1.0
47,5,1246.6,168.6,411.4000000000001,185.29999999999998,1,1,1.0
47,6,1623.0,702.7,317.20000000000005,289.9,1,1,1.0
47,7,243.7,592.7,264.1,129.5,1,1,1.0
47,8,1646.0,149.4,312.9000000000001,178.70000000000002,1,1,1.0
47,9,1710.9,496.4,334.29999999999995,238.20000000000005,1,1,1.0
48,1,898.6,523.5,302.6,146.5,1,1,1.0
48,2,581.5,299.2,132.0,250.8,1,1,1.0
48,3,800.6,700.8,245.39999999999998,195.5,1,1,1.0
48,4,363.7,490.6,155.40000000000003,117.79999999999995,1,1,1.0
48,5,1243.3,155.2,396.4000000000001,194.5,1,1,1.0
48,6,1622.3,690.9,317.20000000000005,260.0,1,1,1.0
48,7,243.7,592.1,265.3,131.29999999999995,1,1,1.0
48,8,1641.8,153.6,311.5,173.1,1,1,1.0
48,9,1683.8,515.1,310.70000000000005,184.79999999999995,1,1,1.0
49,1,937.5,509.9,294.0,174.20000000000005,1,1,1.0
49,2,668.3,281.4,272.30000000000007,166.0,1,1,1.0
49,3,819.1,672.4,208.9999999999999,223.30000000000007,1,1,1.0
49,4,360.8,483.1,166.40000000000003,134.60000000000002,1,1,1.0
49,5,1243.3,146.9,383.10000000000014,205.79999999999998,1,1,1.0
49,6,1631.3,693.7,312.4000000000001,231.5,1,1,1.0
49,7,254.1,593.3,256.1,128.4000000000001,1,1,1.0
49,8,1623.1,151.5,324.60000000000014,175.2,1,1,1.0
49,9,1747.0,526.2,280.79999999999995,189.0,1,1,1.0
50,1,949.0,500.5,280.4000000000001,197.20000000000005,1,1,1.0
50,2,678.8,291.9,282.20000000000005,155.5,1,1,1.0
50,3,787.3,655.0,253.0,201.89999999999998,1,1,1.0
50,4,362.0,484.8,155.39999999999998,142.7,1,1,1.0
50,5,1243.3,155.2,391.4000000000001,200.40000000000003,1,1,1.0
50,6,1653.5,686.8,291.5999999999999,236.30000000000007,1,1,1.0
50,7,255.8,592.1,252.7,129.60000000000002,1,1,1.0
50,8,1526.6,148.0,420.4000000000001,178.7,1,1,1.0
50,9,1798.4,540.1,253.0,152.19999999999993,1,1,1.0
51,1,950.0,500.5,281.5,171.60000000000002,1,1,1.0
51,2,687.7,294.0,258.5999999999999,153.39999999999998,1,1,1.0
51,3,796.0,638.8,309.70000000000005,174.10000000000002,1,1,1.0
51,4,362.0,489.4,160.0,109.20000000000005,1,1,1.0
51,5,1243.3,166.9,415.5,180.20000000000002,1,1,1.0
51,6,1656.3,682.6,289.5,249.5,1,1,1.0
51,7,255.8,590.9,254.39999999999998,133.10000000000002,1,1,1.0
51,8,1524.5,116.7,418.29999999999995,211.40000000000003,1,1,1.0
51,9,1783.1,546.3,312.0999999999999,164.70000000000005,1,1,1.0
52,1,939.5,509.9,309.29999999999995,138.10000000000002,1,1,1.0
52,2,685.6,295.6,293.1,151.79999999999995,1,1,1.0
52,3,799.5,631.3,307.4000000000001,152.10000000000002,1,1,1.0
52,4,357.9,474.4,153.60000000000002,122.5,1,1,1.0
52,5,1247.5,163.6,404.70000000000005,237.70000000000002,1,1,1.0
52,6,1615.3,682.6,331.9000000000001,282.79999999999995,1,1,1.0
52,7,255.8,590.9,255.0,132.5,1,1,1.0
52,8,1637.6,109.8,303.8000000000002,218.3,1,1,1.0
52,9,1772.7,540.7,246.79999999999995,169.5999999999999,1,1,1.0
53,1,935.3,513.0,277.9000000000001,160.60000000000002,1,1,1.0
53,2,664.1,276.8,324.0,134.5,1,1,1.0
53,3,796.0,638.8,295.29999999999995,150.4000000000001,1,1,1.0
53,4,363.7,481.3,146.7,120.19999999999999,1,1,1.0
53,5,1250.0,162.8,403.9000000000001,186.8,1,1,1.0
53,6,1686.1,672.9,262.5,308.5,1,1,1.0
53,7,261.6,590.9,249.2,144.10000000000002,1,1,1.0
53,8,1637.6,119.5,301.70000000000005,208.60000000000002,1,1,1.0
53,9,1778.3,549.0,248.79999999999995,155.70000000000005,1,1,1.0
54,1,943.7,510.4,268.5,176.80000000000007,1,1,1.0
54,2,759.3,293.0,336.60000000000014,140.8,1,1,1.0
54,3,801.8,637.6,298.60000000000014,144.10000000000002,1,1,1.0
54,4,360.2,475.5,150.2,124.20000000000005,1,1,1.0
54,5,1251.7,164.5,435.5,185.10000000000002,1,1,1.0
54,6,1684.7,670.1,261.0999999999999,327.29999999999995,1,1,1.0
54,7,262.2,590.9,248.60000000000002,145.80000000000007,1,1,1.0
54,8,1638.3,136.9,308.60000000000014,199.49999999999997,1,1,1.0
54,9,1771.4,555.9,309.9000000000001,155.70000000000005,1,1,1.0
55,1,947.9,508.3,259.1,179.40000000000003,1,1,1.0
55,2,1013.61,358.93,291.59000000000003,172.67000000000002,1,1,1.0
55,3,788.5,637.0,301.5999999999999,133.70000000000005,1,1,1.0
55,4,353.8,463.9,155.39999999999998,139.30000000000007,1,1,1.0
55,5,1256.7,166.2,381.29999999999995,186.7,1,1,1.0
55,6,1654.8,674.3,289.60000000000014,335.6,1,1,1.0
55,7,265.1,590.9,245.7,145.80000000000007,1,1,1.0
55,8,1627.9,148.7,319.0,194.60000000000002,1,1,1.0
55,9,1773.5,544.8,270.29999999999995,225.80000000000007,1,1,1.0
56,1,948.9,507.3,251.80000000000007,183.49999999999994,1,1,1.0
56,2,1114.08,378.8,295.22,197.8,1,1,1.0
56,3,785.6,639.9,292.30000000000007,131.89999999999998,1,1,1.0
56,4,360.17,476.1,149.52999999999997,124.29999999999995,1,1,1.0
56,5,1255.0,167.9,405.5,185.79999999999998,1,1,1.0
56,6,1624.9,674.3,324.39999999999986,262.0,1,1,1.0
56,7,265.7,590.9,243.90000000000003,143.5,1,1,1.0
56,8,1647.9,114.7,303.89999999999986,230.0,1,1,1.0
56,9,1833.2,530.2,264.70000000000005,297.4,1,1,1.0
57,1,957.8,500.0,241.9000000000001,187.70000000000005,1,1,1.0
57,2,1150.71,425.37,276.8899999999999,181.02999999999997,1,1,1.0
57,3,787.3,641.1,294.20000000000005,129.5,1,1,1.0
57,4,356.1,469.7,157.10000000000002,132.40000000000003,1,1,1.0
57,5,1253.3,139.6,388.9000000000001,214.1,1,1,1.0
57,6,1647.8,680.5,306.4000000000001,229.39999999999998,1,1,1.0
57,7,268.6,590.9,241.59999999999997,148.10000000000002,1,1,1.0
57,8,1638.3,141.8,317.70000000000005,209.09999999999997,1,1,1.0
57,9,1864.4,527.4,259.9000000000001,292.6,1,1,1.0
58,1,954.1,501.6,245.60000000000002,190.29999999999995,1,1,1.0
58,2,1152.3,426.9,253.29999999999995,181.10000000000002,1,1,1.0
58,3,784.4,640.5,294.6,130.10000000000002,1,1,1.0
58,4,360.2,470.9,169.2,120.20000000000005,1,1,1.0
58,5,1253.3,149.6,388.9000000000001,198.29999999999998,1,1,1.0
58,6,1677.0,686.05,274.4000000000001,231.45000000000005,1,1,1.0
58,7,268.6,589.7,240.39999999999998,151.5999999999999,1,1,1.0
58,8,1639.0,142.5,322.5999999999999,211.2,1,1,1.0
58,9,1866.5,518.4,252.19999999999982,302.30000000000007,1,1,1.0
59,1,946.8,523.6,283.29999999999995,159.89999999999998,1,1,1.0
59,2,1151.3,430.0,253.29999999999995,176.39999999999998,1,1,1.0
59,3,781.5,640.5,287.4000000000001,134.70000000000005,1,1,1.0
59,4,386.2,462.2,247.40000000000003,143.40000000000003,1,1,1.0
59,5,1253.3,151.3,388.9000000000001,196.59999999999997,1,1,1.0
59,6,1677.0,686.05,275.0999999999999,233.55000000000007,1,1,1.0
59,7,270.3,593.8,239.3,142.30000000000007,1,1,1.0
59,8,1639.0,139.0,321.9000000000001,211.89999999999998,1,1,1.0
59,9,1866.5,516.3,257.8000000000002,295.4000000000001,1,1,1.0
60,1,947.3,505.9,265.0,190.20000000000005,1,1,1.0
60,2,1151.3,430.0,266.4000000000001,176.39999999999998,1,1,1.0
60,3,786.7,639.3,294.5999999999999,127.80000000000007,1,1,1.0
60,4,407.0,454.7,313.9,132.3,1,1,1.0
60,5,1256.6,143.0,380.60000000000014,204.89999999999998,1,1,1.0
60,6,1663.1,685.4,288.3000000000002,232.80000000000007,1,1,1.0
60,7,271.5,594.4,239.3,141.70000000000005,1,1,1.0
60,8,1637.6,133.4,321.9000000000001,215.4,1,1,1.0
60,9,1866.5,516.3,256.4000000000001,296.80000000000007,1,1,1.0
61,1,957.2,494.9,247.29999999999995,195.39999999999998,1,1,1.0
61,2,1151.3,430.0,286.29999999999995,177.39999999999998,1,1,1.0
61,3,784.39,639.9,290.0100000000001,131.83000000000004,1,1,1.0
61,4,440.0,428.7,304.0,148.50000000000006,1,1,1.0
61,5,1258.3,162.2,375.60000000000014,183.2,1,1,1.0
61,6,1632.5,688.9,321.0,221.70000000000005,1,1,1.0
61,7,272.7,594.4,238.10000000000002,141.70000000000005,1,1,1.0
61,8,1637.6,136.2,319.8000000000002,211.2,1,1,1.0
61,9,1866.5,516.3,254.30000000000018,298.9000000000001,1,1,1.0
62,1,957.2,495.4,253.0999999999999,201.20000000000005,1,1,1.0
62,2,1147.1,430.0,279.5,179.5,1,1,1.0
62,3,788.4,639.3,298.19999999999993,139.4000000000001,1,1,1.0
62,4,513.5,407.9,295.29999999999995,179.70000000000005,1,1,1.0
62,5,1262.5,148.0,360.5,186.60000000000002,1,1,1.0
62,6,1613.8,698.6,322.29999999999995,207.10000000000002,1,1,1.0
62,7,273.3,593.24,237.5,131.26,1,1,1.0
62,8,1637.6,136.2,319.10000000000014,211.90000000000003,1,1,1.0
62,9,1866.5,518.4,252.19999999999982,296.80000000000007,1,1,1.0
63,1,959.8,495.9,265.70000000000005,199.10000000000002,1,1,1.0
63,2,1144.45,430.5,301.95000000000005,177.95000000000005,1,1,1.0
63,3,795.3,638.7,287.9000000000001,145.19999999999993,1,1,1.0
63,4,528.0,405.6,273.9,196.5,1,1,1.0
63,5,1262.5,114.7,368.79999999999995,222.40000000000003,1,1,1.0
63,6,1642.3,711.1,291.0,200.89999999999998,1,1,1.0
63,7,273.3,595.0,237.5,129.5,1,1,1.0
63,8,1636.2,138.3,292.70000000000005,212.59999999999997,1,1,1.0
63,9,1866.5,518.4,252.19999999999982,296.1,1,1,1.0
64,1,959.3,495.9,253.10000000000014,199.10000000000002,1,1,1.0
64,2,1141.8,431.0,303.70000000000005,176.39999999999998,1,1,1.0
64,3,827.1,636.9,309.19999999999993,158.0,1,1,1.0
64,4,530.5,405.6,243.79999999999995,194.0,1,1,1.0
64,5,1272.5,112.2,353.0,264.1,1,1,1.0
64,6,1658.2,702.1,273.0,210.60000000000002,1,1,1.0
64,7,274.5,592.7,234.60000000000002,131.79999999999995,1,1,1.0
64,8,1636.2,138.3,292.70000000000005,212.59999999999997,1,1,1.0
64,9,1866.5,518.4,252.19999999999982,296.1,1,1,1.0
65,1,959.8,495.9,257.79999999999995,199.10000000000002,1,1,1.0
65,2,1141.8,431.0,308.9000000000001,174.29999999999995,1,1,1.0
65,3,833.5,631.7,305.0999999999999,169.5999999999999,1,1,1.0
65,4,533.6,402.5,233.19999999999993,190.20000000000005,1,1,1.0
65,5,1343.3,110.5,248.9000000000001,335.0,1,1,1.0
65,6,1645.1,693.1,281.9000000000001,221.0,1,1,1.0
65,7,276.8,592.7,231.7,131.79999999999995,1,1,1.0
65,8,1636.2,139.7,300.29999999999995,211.2,1,1,1.0
65,9,1866.5,518.4,250.80000000000018,296.1,1,1,1.0
66,1,957.7,492.2,243.0,191.2,1,1,1.0
66,2,1147.6,430.5,305.20000000000005,178.5,1,1,1.0
66,3,826.6,631.7,306.80000000000007,160.89999999999998,1,1,1.0
66,4,539.9,399.4,250.10000000000002,177.60000000000002,1,1,1.0
66,5,1355.8,103.0,233.9000000000001,363.3,1,1,1.0
66,6,1606.9,693.1,313.79999999999995,223.79999999999995,1,1,1.0
66,7,277.4,592.7,232.3,131.79999999999995,1,1,1.0
66,8,1638.3,134.1,298.20000000000005,215.4,1,1,1.0
66,9,1867.9,514.9,205.0,345.4,1,1,1.0
67,1,957.7,471.3,225.70000000000005,216.3,1,1,1.0
67,2,1152.3,429.5,267.0,181.10000000000002,1,1,1.0
67,3,830.1,631.7,282.4999999999999,167.29999999999995,1,1,1.0
67,4,539.3,395.0,252.0,173.20000000000005,1,1,1.0
67,5,1364.1,68.0,303.9000000000001,295.0,1,1,1.0
67,6,1602.7,691.0,332.5999999999999,232.20000000000005,1,1,1.0
67,7,278.0,592.7,231.7,131.19999999999993,1,1,1.0
67,8,1643.2,125.1,296.79999999999995,224.4,1,1,1.0
67,9,1889.1,510.7,170.5999999999999,396.09999999999997,1,1,1.0
68,1,965.0,469.7,214.4000000000001,229.40000000000003,1,1,1.0
68,2,1149.7,431.6,262.29999999999995,193.69999999999993,1,1,1.0
68,3,815.6,634.6,290.1,136.60000000000002,1,1,1.0
68,4,541.2,389.3,244.39999999999998,176.99999999999994,1,1,1.0
68,5,1359.1,88.0,338.9000000000001,234.2,1,1,1.0
68,6,1590.9,697.9,340.89999999999986,261.4,1,1,1.0
68,7,278.0,592.7,231.7,131.19999999999993,1,1,1.0
68,8,1653.6,144.5,285.0,205.0,1,1,1.0
68,9,1892.2,526.7,163.29999999999995,393.29999999999995,1,1,1.0
69,1,966.6,467.1,212.80000000000007,226.19999999999993,1,1,1.0
69,2,1151.3,426.9,259.10000000000014,198.39999999999998,1,1,1.0
69,3,852.6,591.2,265.80000000000007,121.0,1,1,1.0
69,4,541.2,383.7,278.9,176.90000000000003,1,1,1.0
69,5,1344.9,69.7,358.89999999999986,252.5,1,1,1.0
69,6,1586.0,701.4,336.79999999999995,254.39999999999998,1,1,1.0
69,7,279.2,592.7,232.8,150.29999999999995,1,1,1.0
69,8,1648.7,141.7,292.70000000000005,209.2,1,1,1.0
69,9,1891.5,514.9,183.4000000000001,355.80000000000007,1,1,1.0
70,1,959.3,464.5,224.79999999999995,219.39999999999998,1,1,1.0
70,2,1183.2,405.4,226.70000000000005,229.30000000000007,1,1,1.0
70,3,772.2,605.7,306.29999999999995,115.79999999999995,1,1,1.0
70,4,551.2,350.4,268.29999999999995,196.39999999999998,1,1,1.0
70,5,1333.2,98.9,363.89999999999986,234.1,1,1,1.0
70,6,1623.5,689.6,308.29999999999995,238.39999999999998,1,1,1.0
70,7,280.9,592.7,231.10000000000002,143.39999999999998,1,1,1.0
70,8,1648.7,139.6,296.89999999999986,207.79999999999998,1,1,1.0
70,9,1889.4,512.8,185.5,415.4000000000001,1,1,1.0
71,1,960.3,463.5,226.9000000000001,226.70000000000005,1,1,1.0
71,2,1177.4,446.2,283.29999999999995,203.2,1,1,1.0
71,3,806.9,588.9,329.5000000000001,122.20000000000005,1,1,1.0
71,4,538.0,366.1,312.9,148.69999999999993,1,1,1.0
71,5,1317.4,125.6,380.5,204.1,1,1,1.0
71,6,1607.5,677.8,323.5999999999999,253.70000000000005,1,1,1.0
71,7,255.4,592.7,257.80000000000007,134.0999999999999,1,1,1.0
71,8,1652.2,139.6,292.0,205.00000000000003,1,1,1.0
71,9,1891.5,513.6,161.69999999999982,431.29999999999995,1,1,1.0
72,1,958.2,466.1,230.5999999999999,221.0,1,1,1.0
72,2,1176.4,484.9,288.5,148.30000000000007,1,1,1.0
72,3,809.2,596.4,327.20000000000005,119.89999999999998,1,1,1.0
72,4,552.4,345.4,314.20000000000005,168.80000000000007,1,1,1.0
72,5,1317.4,101.4,380.5,200.79999999999998,1,1,1.0
72,6,1622.8,685.4,321.5,226.0,1,1,1.0
72,7,255.4,592.7,259.0,131.19999999999993,1,1,1.0
72,8,1650.8,134.7,293.4000000000001,212.7,1,1,1.0
72,9,1891.5,521.1,163.4000000000001,433.0,1,1,1.0
73,1,960.3,466.1,226.9000000000001,221.0,1,1,1.0
73,2,1164.9,484.9,301.5999999999999,148.30000000000007,1,1,1.0
73,3,809.8,597.6,313.29999999999995,118.69999999999993,1,1,1.0
73,4,635.9,314.63,309.80000000000007,173.87,1,1,1.0
73,5,1329.9,98.1,359.6999999999998,204.1,1,1,1.0
73,6,1606.1,692.3,338.20000000000005,222.60000000000002,1,1,1.0
73,7,259.5,591.0,256.1,134.10000000000002,1,1,1.0
73,8,1650.8,134.7,303.79999999999995,213.40000000000003,1,1,1.0
73,9,1891.5,525.3,163.4000000000001,411.30000000000007,1,1,1.0
74,1,962.4,465.6,224.80000000000007,227.29999999999995,1,1,1.0
74,2,1171.2,486.5,313.0999999999999,146.70000000000005,1,1,1.0
74,3,810.4,597.0,311.0000000000001,122.79999999999995,1,1,1.0
74,4,659.8,274.44,329.20000000000005,158.16000000000003,1,1,1.0
74,5,1329.1,93.9,342.20000000000005,214.1,1,1,1.0
74,6,1599.9,687.4,344.39999999999986,227.5,1,1,1.0
74,7,268.8,591.0,246.8,134.10000000000002,1,1,1.0
74,8,1650.8,143.0,308.0,194.0,1,1,1.0
74,9,1873.2,524.5,189.20000000000005,355.4,1,1,1.0
75,1,972.3,463.5,215.9000000000001,228.39999999999998,1,1,1.0
75,2,1177.0,488.1,312.0,145.10000000000002,1,1,1.0
75,3,812.7,597.0,308.0999999999999,121.60000000000002,1,1,1.0
75,4,668.6,271.3,292.69999999999993,146.2,1,1,1.0
75,5,1331.6,88.1,338.9000000000001,218.20000000000002,1,1,1.0
75,6,1592.3,679.1,358.9000000000001,219.79999999999995,1,1,1.0
75,7,278.1,591.0,237.5,134.10000000000002,1,1,1.0
75,8,1650.8,145.1,307.29999999999995,198.79999999999998,1,1,1.0
75,9,1873.2,524.5,189.20000000000005,347.9,1,1,1.0
76,1,974.4,461.9,204.39999999999998,233.70000000000005,1,1,1.0
76,2,1179.1,487.6,310.9000000000001,145.60000000000002,1,1,1.0
76,3,809.2,591.8,295.39999999999986,130.80000000000007,1,1,1.0
76,4,678.6,266.9,283.29999999999995,169.5,1,1,1.0
76,5,1329.1,84.8,330.60000000000014,229.0,1,1,1.0
76,6,1679.1,688.8,281.8000000000002,209.4000000000001,1,1,1.0
76,7,278.1,589.8,237.5,136.5,1,1,1.0
76,8,1644.5,104.8,316.4000000000001,239.8,1,1,1.0
76,9,1863.2,524.5,199.20000000000005,362.9,1,1,1.0
77,1,972.8,461.9,208.10000000000014,236.80000000000007,1,1,1.0
77,2,1173.3,486.6,316.70000000000005,146.60000000000002,1,1,1.0
77,3,810.9,589.5,296.0000000000001,138.89999999999998,1,1,1.0
77,4,695.6,275.7,277.6,168.90000000000003,1,1,1.0
77,5,1333.3,86.5,326.4000000000001,227.3,1,1,1.0
77,6,1623.5,700.6,334.5999999999999,185.10000000000002,1,1,1.0
77,7,275.8,590.4,238.59999999999997,131.30000000000007,1,1,1.0
77,8,1646.6,138.8,313.60000000000014,202.3,1,1,1.0
77,9,1889.9,527.0,167.5,397.9,1,1,1.0
78,1,973.3,459.8,207.79999999999995,231.59999999999997,1,1,1.0
78,2,1173.3,487.1,300.5,186.89999999999998,1,1,1.0
78,3,812.1,587.8,295.4,137.10000000000002,1,1,1.0
78,4,689.9,269.4,263.20000000000005,158.90000000000003,1,1,1.0
78,5,1339.1,80.7,317.3000000000002,238.90000000000003,1,1,1.0
78,6,1625.6,706.2,308.20000000000005,184.39999999999998,1,1,1.0
78,7,334.2,505.2,155.90000000000003,224.59999999999997,1,1,1.0
78,8,1643.1,138.8,314.3000000000002,202.3,1,1,1.0
78,9,1889.9,527.0,167.5,387.9,1,1,1.0
79,1,973.3,454.6,205.70000000000005,236.29999999999995,1,1,1.0
79,2,1198.4,495.5,267.5999999999999,199.39999999999998,1,1,1.0
79,3,812.1,586.6,288.9999999999999,141.19999999999993,1,1,1.0
79,4,677.9,266.9,259.5,160.8,1,1,1.0
79,5,1329.1,79.0,325.70000000000005,240.60000000000002,1,1,1.0
79,6,1645.7,705.5,283.20000000000005,188.60000000000002,1,1,1.0
79,7,367.14,414.6,259.56000000000006,177.51999999999998,1,1,1.0
79,8,1643.1,136.0,320.5,238.39999999999998,1,1,1.0
79,9,1821.6,584.5,241.5999999999999,345.4,1,1,1.0
80,1,974.3,454.6,205.70000000000005,238.89999999999998,1,1,1.0
80,2,1197.9,501.3,268.0999999999999,187.8,1,1,1.0
80,3,813.3,587.2,298.79999999999995,140.5999999999999,1,1,1.0
80,4,691.7,266.9,250.0999999999999,157.70000000000005,1,1,1.0
80,5,1319.9,79.0,337.39999999999986,238.89999999999998,1,1,1.0
80,6,1654.7,691.6,270.0,219.19999999999993,1,1,1.0
80,7,463.2,405.3,307.00000000000006,139.99999999999994,1,1,1.0
80,8,1636.2,132.5,324.5999999999999,254.39999999999998,1,1,1.0
80,9,1798.3,687.0,254.89999999999986,292.1,1,1,1.0
81,1,976.9,452.0,200.89999999999998,235.20000000000005,1,1,1.0
81,2,1188.5,498.7,276.5,193.00000000000006,1,1,1.0
81,3,812.7,589.7,299.39999999999986,130.5999999999999,1,1,1.0
81,4,692.9,260.0,251.39999999999998,161.5,1,1,1.0
81,5,1311.6,88.2,360.70000000000005,214.7,1,1,1.0
81,6,1665.81,622.2,283.19000000000005,208.79999999999995,1,1,1.0
81,7,508.9,382.7,271.70000000000005,147.59999999999997,1,1,1.0
81,8,1641.1,131.1,323.20000000000005,252.29999999999998,1,1,1.0
81,9,1756.6,724.5,308.3000000000002,263.79999999999995,1,1,1.0
82,1,975.9,453.6,201.69999999999993,240.89999999999998,1,1,1.0
82,2,1197.4,498.7,265.5,185.7,1,1,1.0
82,3,813.3,589.1,295.0,131.19999999999993,1,1,1.0
82,4,691.6,260.0,251.39999999999998,161.5,1,1,1.0
82,5,1311.6,98.2,369.0,204.7,1,1,1.0
82,6,1692.2,643.7,276.20000000000005,212.29999999999995,1,1,1.0
82,7,517.0,382.7,253.20000000000005,147.59999999999997,1,1,1.0
82,8,1634.2,133.2,327.29999999999995,232.8,1,1,1.0
82,9,1744.1,791.2,327.5,192.0999999999999,1,1,1.0
83,1,975.3,454.6,203.0,245.10000000000002,1,1,1.0
83,2,1141.4,499.2,322.5,183.09999999999997,1,1,1.0
83,3,813.3,589.1,296.9000000000001,135.60000000000002,1,1,1.0
83,4,692.9,277.0,250.10000000000002,144.5,1,1,1.0
83,5,1340.7,97.4,341.5999999999999,205.49999999999997,1,1,1.0
83,6,1715.1,582.6,214.4000000000001,281.69999999999993,1,1,1.0
83,7,505.4,390.2,263.1,147.59999999999997,1,1,1.0
83,8,1634.2,134.6,327.29999999999995,230.70000000000002,1,1,1.0
83,9,1744.1,803.7,340.8000000000002,176.29999999999995,1,1,1.0
84,1,975.3,453.0,202.5,212.20000000000005,1,1,1.0
84,2,1136.2,514.9,323.0,157.5,1,1,1.0
84,3,813.9,589.1,296.30000000000007,135.60000000000002,1,1,1.0
84,4,685.4,277.0,257.6,150.2,1,1,1.0
84,5,1349.9,96.6,329.89999999999986,206.29999999999998,1,1,1.0
84,6,1753.3,511.1,263.0,313.62,1,1,1.0
84,7,496.1,383.2,273.6,133.8,1,1,1.0
84,8,1650.9,140.9,314.79999999999995,202.9,1,1,1.0
84,9,1727.4,803.7,357.5,183.0,1,1,1.0
85,1,965.9,446.2,205.10000000000002,206.40000000000003,1,1,1.0
85,2,1117.9,524.9,315.0999999999999,158.0,1,1,1.0
85,3,813.9,586.0,286.9,146.89999999999998,1,1,1.0
85,4,676.7,279.5,266.29999999999995,142.0,1,1,1.0
85,5,1339.1,96.6,342.4000000000001,206.29999999999998,1,1,1.0
85,6,1710.9,567.4,328.29999999999995,194.80000000000007,1,1,1.0
85,7,537.2,422.0,233.69999999999993,178.89999999999998,1,1,1.0
85,8,1646.7,149.9,323.89999999999986,184.9,1,1,1.0
85,9,1742.4,819.5,338.4000000000001,169.70000000000005,1,1,1.0
86,1,961.7,417.9,210.89999999999986,191.80000000000007,1,1,1.0
86,2,1101.7,517.0,293.5999999999999,190.5,1,1,1.0
86,3,813.3,584.1,285.60000000000014,153.79999999999995,1,1,1.0
86,4,684.2,280.8,258.79999999999995,142.0,1,1,1.0
86,5,1328.3,99.1,356.5,203.79999999999998,1,1,1.0
86,6,1714.4,539.0,290.6999999999998,183.29999999999995,1,1,1.0
86,7,558.6,413.9,256.29999999999995,164.39999999999998,1,1,1.0
86,8,1643.9,127.0,324.5999999999999,207.8,1,1,1.0
86,9,1739.9,812.0,355.9000000000001,158.0,1,1,1.0
87,1,944.9,407.9,222.5000000000001,203.39999999999998,1,1,1.0
87,2,1063.0,531.2,297.79999999999995,128.69999999999993,1,1,1.0
87,3,812.7,582.8,286.20000000000005,155.70000000000005,1,1,1.0
87,4,689.9,280.8,253.10000000000002,142.0,1,1,1.0
87,5,1335.0,100.8,349.79999999999995,202.09999999999997,1,1,1.0
87,6,1709.2,545.9,289.0,183.39999999999998,1,1,1.0
87,7,555.1,415.6,271.4,161.0,1,1,1.0
87,8,1643.9,126.3,321.0999999999999,208.5,1,1,1.0
87,9,1561.6,808.7,455.9000000000001,191.29999999999995,1,1,1.0
88,1,925.5,395.9,228.29999999999995,200.70000000000005,1,1,1.0
88,2,1055.2,511.3,258.0,226.59999999999997,1,1,1.0
88,3,812.7,584.1,270.39999999999986,153.79999999999995,1,1,1.0
88,4,689.2,282.1,253.79999999999995,140.7,1,1,1.0
88,5,1325.0,100.8,359.0,202.09999999999997,1,1,1.0
88,6,1719.6,544.7,333.0,186.79999999999995,1,1,1.0
88,7,541.8,371.6,294.0,203.79999999999995,1,1,1.0
88,8,1628.6,146.4,339.20000000000005,188.4,1,1,1.0
88,9,1330.79,822.9,422.6100000000001,187.10000000000002,1,1,1.0
89,1,950.7,353.5,261.70000000000005,151.5,1,1,1.0
89,2,1053.6,495.6,247.0,241.79999999999995,1,1,1.0
89,3,800.1,575.3,264.30000000000007,148.20000000000005,1,1,1.0
89,4,693.6,282.8,249.39999999999998,140.0,1,1,1.0
89,5,1329.2,104.1,354.79999999999995,198.79999999999998,1,1,1.0
89,6,1716.1,549.9,300.60000000000014,175.80000000000007,1,1,1.0
89,7,551.1,407.5,283.0,171.39999999999998,1,1,1.0
89,8,1626.5,146.4,341.29999999999995,188.4,1,1,1.0
89,9,1369.9,833.7,330.1999999999998,191.29999999999995,1,1,1.0
90,1,957.0,350.4,243.9000000000001,153.0,1,1,1.0
90,2,1047.3,508.2,257.5,215.59999999999997,1,1,1.0
90,3,773.1,577.2,283.80000000000007,165.0999999999999,1,1,1.0
90,4,693.6,285.3,277.0,137.5,1,1,1.0
90,5,1329.2,101.6,349.0,208.79999999999998,1,1,1.0
90,6,1728.3,551.1,261.79999999999995,201.79999999999995,1,1,1.0
90,7,549.4,413.9,266.80000000000007,166.20000000000005,1,1,1.0
90,8,1628.6,154.7,340.60000000000014,178.7,1,1,1.0
90,9,1329.9,831.2,383.5,195.5,1,1,1.0
91,1,953.3,349.4,243.4000000000001,161.90000000000003,1,1,1.0
91,2,1053.6,506.15,254.82000000000016,218.70000000000005,1,1,1.0
91,3,770.0,607.3,309.4000000000001,159.5,1,1,1.0
91,4,711.8,282.8,247.5,207.8,1,1,1.0
91,5,1326.4,100.2,349.0,215.10000000000002,1,1,1.0
91,6,1729.5,556.3,267.5,229.0,1,1,1.0
91,7,549.4,419.7,269.70000000000005,162.09999999999997,1,1,1.0
91,8,1631.4,151.8,341.29999999999995,181.59999999999997,1,1,1.0
91,9,1324.0,842.0,369.4000000000001,193.9000000000001,1,1,1.0
92,1,1044.9,359.9,337.0,123.70000000000005,1,1,1.0
92,2,1053.6,498.6,254.20000000000005,211.19999999999993,1,1,1.0
92,3,773.8,610.4,318.20000000000005,133.20000000000005,1,1,1.0
92,4,823.4,429.4,236.19999999999993,254.89999999999998,1,1,1.0
92,5,1326.4,100.2,346.1999999999998,213.7,1,1,1.0
92,6,1767.1,552.8,222.4000000000001,205.9000000000001,1,1,1.0
92,7,545.9,419.7,254.70000000000005,159.2,1,1,1.0
92,8,1614.0,155.4,359.4000000000001,177.49999999999997,1,1,1.0
92,9,1336.5,842.0,350.20000000000005,205.5,1,1,1.0
93,1,1133.86,367.2,274.74,194.90000000000003,1,1,1.0
93,2,1056.1,469.7,246.70000000000005,230.7,1,1,1.0
93,3,771.9,612.3,317.6,128.80000000000007,1,1,1.0
93,4,836.9,439.9,248.39999999999998,267.0,1,1,1.0
93,5,1333.3,98.8,336.5,219.3,1,1,1.0
93,6,1837.1,555.6,172.10000000000014,277.69999999999993,1,1,1.0
93,7,556.3,386.1,268.0,159.79999999999995,1,1,1.0
93,8,1637.6,153.3,333.0,183.59999999999997,1,1,1.0
93,9,1374.8,845.3,310.20000000000005,198.9000000000001,1,1,1.0
94,1,1323.3,383.4,132.9000000000001,275.5,1,1,1.0
94,2,1063.6,473.5,231.0,241.29999999999995,1,1,1.0
94,3,775.0,608.5,308.79999999999995,145.20000000000005,1,1,1.0
94,4,838.8,447.4,233.9000000000001,243.20000000000005,1,1,1.0
94,5,1335.4,98.8,335.0999999999999,220.7,1,1,1.0
94,6,1866.6,610.0,178.5,296.20000000000005,1,1,1.0
94,7,557.5,397.7,267.4,147.00000000000006,1,1,1.0
94,8,1638.3,154.7,329.5,182.2,1,1,1.0
94,9,1393.1,845.3,285.20000000000005,203.10000000000014,1,1,1.0
95,1,1272.0,446.7,177.4000000000001,293.8,1,1,1.0
95,2,1064.9,474.1,229.0999999999999,240.69999999999993,1,1,1.0
95,3,776.3,609.8,306.20000000000005,147.70000000000005,1,1,1.0
95,4,854.5,449.9,217.5999999999999,255.10000000000002,1,1,1.0
95,5,1335.4,98.8,335.0999999999999,222.8,1,1,1.0
95,6,1875.9,599.6,173.79999999999973,327.4,1,1,1.0
95,7,559.2,391.9,273.79999999999995,152.80000000000007,1,1,1.0
95,8,1637.6,156.8,328.10000000000014,180.09999999999997,1,1,1.0
95,9,1393.9,846.1,286.0999999999999,206.4999999999999,1,1,1.0
96,1,1261.5,466.6,196.79999999999995,269.19999999999993,1,1,1.0
96,2,1063.6,476.0,232.9000000000001,240.70000000000005,1,1,1.0
96,3,778.2,611.7,257.20000000000005,157.0999999999999,1,1,1.0
96,4,860.8,454.9,206.9000000000001,236.89999999999998,1,1,1.0
96,5,1334.7,97.4,335.79999999999995,224.20000000000002,1,1,1.0
96,6,1878.2,596.1,174.39999999999986,319.9,1,1,1.0
96,7,559.2,390.7,297.5,150.50000000000006,1,1,1.0
96,8,1640.4,155.4,323.1999999999998,181.49999999999997,1,1,1.0
96,9,1397.3,846.1,282.70000000000005,206.4999999999999,1,1,1.0
97,1,1258.9,471.3,203.0999999999999,269.7,1,1,1.0
97,2,1063.6,479.8,228.5,243.8,1,1,1.0
97,3,770.0,614.2,310.5999999999999,150.79999999999995,1,1,1.0
97,4,862.1,452.4,205.60000000000002,222.39999999999998,1,1,1.0
97,5,1354.8,99.5,315.70000000000005,222.10000000000002,1,1,1.0
97,6,1878.2,608.8,177.89999999999986,290.4000000000001,1,1,1.0
97,7,566.7,384.9,255.89999999999998,156.30000000000007,1,1,1.0
97,8,1640.4,140.8,323.1999999999998,196.09999999999997,1,1,1.0
97,9,1390.6,839.4,289.4000000000001,213.19999999999993,1,1,1.0
98,1,1264.1,471.9,197.9000000000001,253.39999999999998,1,1,1.0
98,2,1061.1,478.5,231.0,238.79999999999995,1,1,1.0
98,3,777.5,614.2,303.70000000000005,140.79999999999995,1,1,1.0
98,4,870.3,446.1,196.79999999999995,215.5,1,1,1.0
98,5,1358.3,100.9,310.10000000000014,220.70000000000002,1,1,1.0
98,6,1878.2,609.4,177.89999999999986,288.6,1,1,1.0
98,7,572.5,382.6,234.5,158.60000000000002,1,1,1.0
98,8,1640.4,139.4,321.79999999999995,197.49999999999997,1,1,1.0
98,9,1378.1,840.2,303.60000000000014,210.70000000000005,1,1,1.0
99,1,1275.1,470.3,180.10000000000014,286.40000000000003,1,1,1.0
99,2,1055.4,476.0,236.69999999999982,234.39999999999998,1,1,1.0
99,3,776.2,613.6,307.5,137.60000000000002,1,1,1.0
99,4,867.8,447.4,197.4000000000001,201.60000000000002,1,1,1.0
99,5,1358.3,100.9,312.20000000000005,222.79999999999998,1,1,1.0
99,6,1878.2,610.0,177.89999999999986,289.20000000000005,1,1,1.0
99,7,577.7,381.4,231.0,158.10000000000002,1,1,1.0
99,8,1644.6,131.1,316.20000000000005,207.9,1,1,1.0
99,9,1362.3,840.2,319.4000000000001,209.0,1,1,1.0
100,1,1246.8,462.5,206.79999999999995,267.5,1,1,1.0
100,2,1056.0,469.7,232.29999999999995,242.59999999999997,1,1,1.0
100,3,779.3,612.3,310.70000000000005,135.80000000000007,1,1,1.0
100,4,867.8,447.4,197.4000000000001,205.39999999999998,1,1,1.0
100,5,1338.9,103.7,332.29999999999995,220.0,1,1,1.0
100,6,1875.9,617.5,183.69999999999982,264.29999999999995,1,1,1.0
100,7,576.0,385.5,233.89999999999998,144.79999999999995,1,1,1.0
100,8,1614.7,151.2,346.0999999999999,187.8,1,1,1.0
100,9,1346.5,838.5,337.70000000000005,208.20000000000005,1,1,1.0
101,1,1240.5,469.8,216.79999999999995,255.99999999999994,1,1,1.0
101,2,1055.4,468.4,232.89999999999986,240.80000000000007,1,1,1.0
101,3,779.3,612.3,307.60000000000014,135.80000000000007,1,1,1.0
101,4,867.8,451.2,197.4000000000001,203.50000000000006,1,1,1.0
101,5,1339.6,103.35,331.60000000000014,220.35,1,1,1.0
101,6,1870.1,625.0,188.9000000000001,256.79999999999995,1,1,1.0
101,7,573.7,385.5,235.0,146.5,1,1,1.0
101,8,1627.2,142.9,332.20000000000005,196.1,1,1,1.0
101,9,1346.5,838.5,336.9000000000001,209.9000000000001,1,1,1.0
102,1,1244.7,476.1,215.70000000000005,245.5,1,1,1.0
102,2,1056.0,468.4,232.9000000000001,244.0,1,1,1.0
102,3,781.8,612.3,303.20000000000005,135.80000000000007,1,1,1.0
102,4,868.4,448.7,196.80000000000007,204.7,1,1,1.0
102,5,1340.3,103.0,330.9000000000001,220.7,1,1,1.0
102,6,1866.6,626.7,198.80000000000018,252.79999999999995,1,1,1.0
102,7,571.4,384.9,237.30000000000007,147.10000000000002,1,1,1.0
102,8,1627.2,142.9,331.5,196.1,1,1,1.0
102,9,1353.2,838.5,328.5,209.9000000000001,1,1,1.0
103,1,1242.1,475.6,217.80000000000018,249.10000000000002,1,1,1.0
103,2,1053.5,469.7,235.4000000000001,245.2,1,1,1.0
103,3,779.3,611.1,308.20000000000005,143.29999999999995,1,1,1.0
103,4,869.7,439.9,196.0999999999999,214.10000000000002,1,1,1.0
103,5,1331.3,103.0,339.9000000000001,220.7,1,1,1.0
103,6,1863.7,629.6,197.60000000000014,264.4,1,1,1.0
103,7,569.7,387.8,239.0,144.2,1,1,1.0
103,8,1594.6,144.3,366.20000000000005,194.7,1,1,1.0
103,9,1356.55,839.35,325.1500000000001,210.69999999999993,1,1,1.0
104,1,1242.1,476.1,216.80000000000018,247.60000000000002,1,1,1.0
104,2,1052.9,469.7,236.0,238.90000000000003,1,1,1.0
104,3,775.5,610.5,310.70000000000005,136.39999999999998,1,1,1.0
104,4,733.4,357.6,279.0,232.39999999999998,1,1,1.0
104,5,1330.6,103.0,340.60000000000014,220.7,1,1,1.0
104,6,1878.2,619.8,194.10000000000014,278.80000000000007,1,1,1.0
104,7,569.7,387.8,239.0,142.99999999999994,1,1,1.0
104,8,1593.9,144.3,366.89999999999986,194.7,1,1,1.0
104,9,1359.9,840.2,321.79999999999995,211.5,1,1,1.0
105,1,1242.6,476.1,217.30000000000018,248.60000000000002,1,1,1.0
105,2,1053.5,469.7,234.0999999999999,238.90000000000003,1,1,1.0
105,3,779.3,611.1,306.9000000000001,137.69999999999993,1,1,1.0
105,4,501.06,510.8,304.73999999999995,182.2,1,1,1.0
105,5,1335.5,102.3,335.70000000000005,221.39999999999998,1,1,1.0
105,6,1814.5,697.9,294.1999999999998,228.5,1,1,1.0
105,7,569.7,389.0,240.19999999999993,137.70000000000005,1,1,1.0
105,8,1593.9,144.3,365.5,194.7,1,1,1.0
105,9,1351.6,836.0,332.60000000000014,208.20000000000005,1,1,1.0
106,1,1253.6,479.2,206.30000000000018,225.59999999999997,1,1,1.0
106,2,1053.5,467.8,234.0999999999999,240.8,1,1,1.0
106,3,778.0,610.5,305.70000000000005,138.89999999999998,1,1,1.0
106,4,410.7,615.0,294.00000000000006,128.89999999999998,1,1,1.0
106,5,1334.8,105.1,342.60000000000014,214.4,1,1,1.0
106,6,1747.4,752.9,319.5,195.5,1,1,1.0
106,7,569.7,387.3,240.79999999999995,136.49999999999994,1,1,1.0
106,8,1637.6,148.5,325.3000000000002,188.39999999999998,1,1,1.0
106,9,1327.4,826.8,356.0,190.70000000000005,1,1,1.0
107,1,1259.9,461.4,219.89999999999986,197.89999999999998,1,1,1.0
107,2,1053.5,467.8,235.4000000000001,240.8,1,1,1.0
107,3,776.1,611.1,288.1,134.5,1,1,1.0
107,4,390.6,617.5,292.79999999999995,127.0,1,1,1.0
107,5,1340.4,112.0,343.89999999999986,197.8,1,1,1.0
107,6,1800.1,791.7,282.5,187.89999999999998,1,1,1.0
107,7,575.5,407.0,242.5,141.10000000000002,1,1,1.0
107,8,1637.6,157.5,328.8000000000002,179.39999999999998,1,1,1.0
107,9,1325.7,845.1,365.20000000000005,187.39999999999998,1,1,1.0
108,1,1278.2,445.7,197.39999999999986,208.40000000000003,1,1,1.0
108,2,1053.5,467.8,232.9000000000001,238.3,1,1,1.0
108,3,778.0,609.2,264.9000000000001,151.5,1,1,1.0
108,4,360.5,620.6,316.0,123.29999999999995,1,1,1.0
108,5,1339.7,111.3,341.0999999999999,199.89999999999998,1,1,1.0
108,6,1803.0,791.1,261.0999999999999,189.69999999999993,1,1,1.0
108,7,596.9,423.8,269.70000000000005,132.99999999999994,1,1,1.0
108,8,1643.8,154.0,323.29999999999995,182.89999999999998,1,1,1.0
108,9,1331.5,859.3,363.5999999999999,200.70000000000005,1,1,1.0
109,1,1298.1,427.9,168.10000000000014,247.10000000000002,1,1,1.0
109,2,1053.5,467.8,232.9000000000001,240.2,1,1,1.0
109,3,776.77,606.6,312.6300000000001,135.29999999999995,1,1,1.0
109,4,357.4,615.6,317.20000000000005,128.89999999999998,1,1,1.0
109,5,1336.2,109.9,344.5999999999999,201.29999999999998,1,1,1.0
109,6,1815.1,791.1,243.20000000000027,190.89999999999998,1,1,1.0
109,7,605.0,421.44,245.39999999999998,134.2,1,1,1.0
109,8,1631.3,155.4,335.79999999999995,181.49999999999997,1,1,1.0
109,9,1354.9,838.5,333.5,189.0,1,1,1.0
110,1,1308.6,428.9,151.4000000000001,269.1,1,1,1.0
110,2,1053.5,464.6,232.9000000000001,242.10000000000002,1,1,1.0
110,3,781.8,609.1,310.70000000000005,130.89999999999998,1,1,1.0
110,4,358.0,615.0,312.79999999999995,128.20000000000005,1,1,1.0
110,5,1334.8,109.2,343.20000000000005,204.8,1,1,1.0
110,6,1819.2,792.8,241.99999999999977,195.60000000000002,1,1,1.0
110,7,605.0,423.2,244.79999999999995,135.90000000000003,1,1,1.0
110,8,1619.5,157.5,337.9000000000001,179.39999999999998,1,1,1.0
110,9,1358.2,838.5,330.20000000000005,189.0,1,1,1.0
111,1,1255.8,429.4,204.20000000000005,287.4,1,1,1.0
111,2,1053.5,463.4,232.9000000000001,239.5,1,1,1.0
111,3,784.27,608.5,302.0,130.20000000000005,1,1,1.0
111,4,337.9,608.1,321.6,136.39999999999998,1,1,1.0
111,5,1343.8,107.8,332.10000000000014,210.39999999999998,1,1,1.0
111,6,1816.3,788.2,248.89999999999986,206.5999999999999,1,1,1.0
111,7,603.8,419.7,231.5,135.3,1,1,1.0
111,8,1612.6,157.5,342.0,182.89999999999998,1,1,1.0
111,9,1375.7,819.3,311.89999999999986,215.70000000000005,1,1,1.0
112,1,1246.9,442.0,214.0999999999999,277.4,1,1,1.0
112,2,1054.1,463.4,228.5,247.0,1,1,1.0
112,3,785.5,612.3,302.70000000000005,137.10000000000002,1,1,1.0
112,4,336.0,624.4,298.4,130.80000000000007,1,1,1.0
112,5,1330.6,109.9,350.20000000000005,204.1,1,1,1.0
112,6,1821.5,778.9,280.1999999999998,196.20000000000005,1,1,1.0
112,7,608.4,421.4,221.70000000000005,144.0,1,1,1.0
112,8,1627.9,156.8,323.89999999999986,189.8,1,1,1.0
112,9,1363.2,806.7,324.39999999999986,228.29999999999995,1,1,1.0
113,1,1243.8,458.7,217.70000000000005,255.50000000000006,1,1,1.0
113,2,1052.9,470.3,229.69999999999982,244.49999999999994,1,1,1.0
113,3,782.4,611.7,283.19999999999993,147.0999999999999,1,1,1.0
113,4,354.8,624.4,278.99999999999994,130.80000000000007,1,1,1.0
113,5,1314.6,115.5,373.10000000000014,195.7,1,1,1.0
113,6,1823.8,764.4,277.29999999999995,213.0,1,1,1.0
113,7,607.2,422.0,227.0,133.0,1,1,1.0
113,8,1628.6,157.5,321.8000000000002,189.10000000000002,1,1,1.0
113,9,1361.6,807.5,326.0,226.70000000000005,1,1,1.0
114,1,1244.8,458.7,213.0,257.09999999999997,1,1,1.0
114,2,1053.5,471.6,234.0999999999999,243.79999999999995,1,1,1.0
114,3,811.9,629.9,276.9,125.80000000000007,1,1,1.0
114,4,354.2,623.1,275.2,130.79999999999995,1,1,1.0
114,5,1313.9,116.2,373.79999999999995,195.0,1,1,1.0
114,6,1818.6,779.4,279.0,198.0,1,1,1.0
114,7,606.6,422.0,227.60000000000002,149.79999999999995,1,1,1.0
114,8,1628.6,158.9,321.10000000000014,187.70000000000002,1,1,1.0
114,9,1373.3,807.5,314.29999999999995,228.4000000000001,1,1,1.0
115,1,1244.8,458.7,213.0,262.90000000000003,1,1,1.0
115,2,1053.5,470.3,234.0999999999999,241.99999999999994,1,1,1.0
115,3,744.1,637.4,338.4,124.60000000000002,1,1,1.0
115,4,310.9,626.2,315.4,132.69999999999993,1,1,1.0
115,5,1300.7,113.4,387.0,200.6,1,1,1.0
115,6,1818.6,779.4,272.5999999999999,196.30000000000007,1,1,1.0
115,7,607.8,422.0,226.4000000000001,162.5,1,1,1.0
115,8,1628.6,165.1,315.5,185.70000000000002,1,1,1.0
115,9,1373.3,807.5,312.60000000000014,228.4000000000001,1,1,1.0
116,1,1250.6,460.8,205.60000000000014,262.90000000000003,1,1,1.0
116,2,1052.3,457.74,235.29999999999995,246.39999999999998,1,1,1.0
116,3,776.1,639.3,296.4,127.70000000000005,1,1,1.0
116,4,221.8,643.8,319.09999999999997,118.20000000000005,1,1,1.0
116,5,1300.7,114.1,382.0999999999999,201.29999999999998,1,1,1.0
116,6,1807.0,779.4,292.9000000000001,261.1,1,1,1.0
116,7,607.8,422.0,226.4000000000001,155.60000000000002,1,1,1.0
116,8,1628.6,142.9,321.10000000000014,215.49999999999997,1,1,1.0
116,9,1345.8,835.0,341.79999999999995,195.9000000000001,1,1,1.0
117,1,1257.9,460.8,199.29999999999995,267.09999999999997,1,1,1.0
117,2,1051.7,455.2,235.89999999999986,244.50000000000006,1,1,1.0
117,3,735.9,653.7,301.4,119.59999999999991,1,1,1.0
117,4,230.0,638.1,293.29999999999995,117.0,1,1,1.0
117,5,1306.3,112.7,377.9000000000001,202.7,1,1,1.0
117,6,1819.2,777.1,279.4999999999998,228.10000000000002,1,1,1.0
117,7,654.6,390.8,179.60000000000002,247.59999999999997,1,1,1.0
117,8,1628.6,128.3,321.10000000000014,218.3,1,1,1.0
117,9,1345.8,835.0,339.29999999999995,188.39999999999998,1,1,1.0
118,1,1258.9,462.4,195.69999999999982,256.1,1,1,1.0
118,2,1075.6,431.3,217.0,270.3,1,1,1.0
118,3,781.2,640.5,323.89999999999986,120.20000000000005,1,1,1.0
118,4,236.3,637.5,288.3,118.89999999999998,1,1,1.0
118,5,1318.8,113.4,364.0,204.1,1,1,1.0
118,6,1820.4,778.3,277.0999999999999,238.5,1,1,1.0
118,7,614.7,433.0,218.89999999999998,278.9,1,1,1.0
118,8,1625.8,156.1,332.9000000000001,187.00000000000003,1,1,1.0
118,9,1343.3,834.2,345.10000000000014,189.19999999999993,1,1,1.0
119,1,1253.1,465.0,203.10000000000014,271.29999999999995,1,1,1.0
119,2,1080.0,419.4,201.29999999999995,274.0,1,1,1.0
119,3,798.2,641.8,306.89999999999986,120.80000000000007,1,1,1.0
119,4,253.2,642.5,270.09999999999997,112.60000000000002,1,1,1.0
119,5,1320.2,114.1,369.5,200.6,1,1,1.0
119,6,1807.1,780.0,290.4000000000001,224.10000000000002,1,1,1.0
119,7,556.3,486.8,236.80000000000007,267.90000000000003,1,1,1.0
119,8,1625.8,156.8,333.60000000000014,187.0,1,1,1.0
119,9,1333.3,837.5,354.29999999999995,192.5999999999999,1,1,1.0
