1,1,224.5,386.45,139.33999999999997,153.71999999999997,1,1,0.0
1,2,60.86,592.84,276.28999999999996,133.18999999999994,1,1,1.0
1,3,330.81,575.08,242.38000000000005,195.90999999999997,1,1,1.0
1,4,98.57,827.38,230.57999999999998,173.31000000000006,1,1,1.0
1,5,141.11,757.37,253.78999999999996,136.63,1,1,1.0
1,6,224.83,800.28,189.42999999999998,207.80000000000007,1,1,1.0
1,7,407.17,858.27,201.56,165.21000000000004,1,1,1.0
1,8,532.22,746.38,268.26,188.38,1,1,1.0
1,9,830.28,431.84,218.81999999999994,336.37000000000006,1,1,1.0
1,10,1150.56,249.28,336.83000000000015,226.52,1,1,1.0
2,1,224.5,386.45,139.33999999999997,153.71999999999997,1,1,0.0
2,2,63.4,592.84,273.75,131.26,1,1,1.0
2,3,333.9,570.7,239.29000000000008,200.28999999999996,1,1,1.0
2,4,98.57,829.6,230.57999999999998,171.09000000000003,1,1,1.0
2,5,137.4,757.37,257.5,136.63,1,1,1.0
2,6,224.83,800.11,189.15,207.97000000000003,1,1,1.0
2,7,407.17,858.27,201.56,165.21000000000004,1,1,1.0
2,8,532.22,746.38,275.0799999999999,191.41999999999996,1,1,1.0
2,9,830.28,431.84,212.81999999999994,322.06,1,1,1.0
2,10,1142.3,277.9,345.09000000000015,198.40000000000003,1,1,1.0
3,1,224.5,386.45,139.33999999999997,153.71999999999997,1,1,0.0
3,2,63.4,592.84,273.75,131.26,1,1,1.0
3,3,337.7,568.2,235.49000000000007,202.78999999999996,1,1,1.0
3,4,98.57,828.9,230.57999999999998,171.79000000000008,1,1,1.0
3,5,147.9,762.6,246.99999999999997,131.39999999999998,1,1,1.0
3,6,224.83,799.95,188.87999999999997,208.13,1,1,1.0
3,7,407.17,858.27,201.56,165.21000000000004,1,1,1.0
3,8,524.7,746.38,290.9,212.51999999999998,1,1,1.0
3,9,830.28,431.84,214.31999999999994,314.56,1,1,1.0
3,10,1098.6,277.9,388.7900000000002,197.0,1,1,1.0
4,1,224.5,386.45,139.33999999999997,153.71999999999997,1,1,0.0
4,2,63.4,592.84,273.75,131.26,1,1,1.0
4,3,337.7,568.2,236.7,212.79999999999995,1,1,1.0
4,4,98.57,824.8,230.57999999999998,175.8900000000001,1,1,1.0
4,5,131.7,762.6,263.2,131.39999999999998,1,1,1.0
4,6,224.83,799.78,188.6,208.30000000000007,1,1,1.0
4,7,407.17,858.27,201.56,165.21000000000004,1,1,1.0
4,8,528.5,752.4,282.6,188.39999999999998,1,1,1.0
4,9,822.0,434.9,222.5999999999999,316.80000000000007,1,1,1.0
4,10,1078.3,308.0,409.09000000000015,164.7,1,1,1.0
5,1,224.5,386.45,139.33999999999997,153.71999999999997,1,1,0.0
5,2,63.4,592.84,273.75,131.26,1,1,1.0
5,3,339.0,563.8,235.39999999999998,217.20000000000005,1,1,1.0
5,4,98.57,807.0,230.57999999999998,193.69000000000005,1,1,1.0
5,5,151.6,751.6,243.29999999999998,142.39999999999998,1,1,1.0
5,6,224.83,799.61,188.31999999999996,208.47000000000003,1,1,1.0
5,7,407.17,858.27,201.56,165.21000000000004,1,1,1.0
5,8,530.0,752.4,287.9,183.10000000000002,1,1,1.0
5,9,827.3,434.1,217.29999999999995,317.6,1,1,1.0
5,10,1113.7,308.0,373.69000000000005,162.2,1,1,1.0
6,1,224.5,386.45,139.33999999999997,153.71999999999997,1,1,0.0
6,2,63.4,592.84,273.75,131.26,1,1,1.0
6,3,346.5,558.8,226.0,218.4000000000001,1,1,1.0
6,4,98.57,811.7,230.57999999999998,188.99,1,1,1.0
6,5,160.0,745.8,234.89999999999998,150.30000000000007,1,1,1.0
6,6,224.83,799.44,188.04999999999998,208.64,1,1,1.0
6,7,407.17,858.27,201.56,165.21000000000004,1,1,1.0
6,8,535.3,760.7,282.6,174.79999999999995,1,1,1.0
6,9,829.6,439.4,218.80000000000007,291.20000000000005,1,1,1.0
6,10,1114.5,305.0,372.8900000000001,167.3,1,1,1.0
7,1,224.5,381.9,139.33999999999997,158.26999999999998,1,1,0.0
7,2,63.4,592.84,273.75,128.76,1,1,1.0
7,3,345.2,554.4,227.3,222.80000000000007,1,1,1.0
7,4,98.57,818.0,230.57999999999998,182.69000000000005,1,1,1.0
7,5,160.0,745.8,234.89999999999998,154.5,1,1,1.0
7,6,224.83,799.28,187.77,208.80000000000007,1,1,1.0
7,7,407.17,858.27,201.56,165.21000000000004,1,1,1.0
7,8,508.9,760.7,299.20000000000005,201.89999999999998,1,1,1.0
7,9,829.6,439.4,259.4999999999999,255.0,1,1,1.0
7,10,1116.8,305.0,370.59000000000015,170.5,1,1,1.0
8,1,224.5,376.5,139.33999999999997,163.66999999999996,1,1,0.0
8,2,59.6,592.84,277.54999999999995,128.76,1,1,1.0
8,3,345.2,554.4,227.3,222.80000000000007,1,1,1.0
8,4,98.57,809.1,230.57999999999998,191.59000000000003,1,1,1.0
8,5,160.0,745.8,234.89999999999998,157.10000000000002,1,1,1.0
8,6,224.83,799.11,187.48999999999998,208.97000000000003,1,1,1.0
8,7,407.17,858.27,201.56,165.21000000000004,1,1,1.0
8,8,497.6,775.8,310.5,190.60000000000002,1,1,1.0
8,9,837.9,442.4,230.10000000000002,249.70000000000005,1,1,1.0
8,10,1116.8,305.0,370.59000000000015,173.7,1,1,1.0
9,1,224.5,376.5,139.33999999999997,163.66999999999996,1,1,0.0
9,2,48.9,592.84,288.25,128.76,1,1,1.0
9,3,345.2,554.4,227.3,222.80000000000007,1,1,1.0
9,4,98.57,812.8,230.57999999999998,187.8900000000001,1,1,1.0
9,5,160.0,745.8,228.60000000000002,156.10000000000002,1,1,1.0
9,6,224.83,798.94,187.22,209.14,1,1,1.0
9,7,407.17,858.27,216.62999999999994,165.21000000000004,1,1,1.0
9,8,527.7,766.0,280.4,162.70000000000005,1,1,1.0
9,9,837.9,442.4,238.39999999999998,249.70000000000005,1,1,1.0
9,10,1134.9,305.0,352.49,167.3,1,1,1.0
10,1,224.5,376.5,139.33999999999997,163.66999999999996,1,1,0.0
10,2,66.5,592.84,270.65,128.76,1,1,1.0
10,3,345.2,554.4,227.3,222.80000000000007,1,1,1.0
10,4,98.57,813.8,230.57999999999998,186.8900000000001,1,1,1.0
10,5,155.8,745.8,232.8,157.60000000000002,1,1,1.0
10,6,224.83,798.78,186.93999999999997,209.30000000000007,1,1,1.0
10,7,407.17,858.27,219.72999999999996,165.21000000000004,1,1,1.0
10,8,527.7,762.2,273.5999999999999,162.69999999999993,1,1,1.0
10,9,837.9,451.4,218.80000000000007,240.70000000000005,1,1,1.0
10,10,1134.9,305.0,352.49,168.39999999999998,1,1,1.0
11,1,224.5,376.5,139.33999999999997,163.66999999999996,1,1,0.0
11,2,70.3,592.84,266.84999999999997,128.76,1,1,1.0
11,3,345.2,554.4,227.3,222.80000000000007,1,1,1.0
11,4,98.57,813.8,230.57999999999998,186.8900000000001,1,1,1.0
11,5,160.0,745.8,227.60000000000002,156.60000000000002,1,1,1.0
11,6,224.83,798.61,186.66,209.47000000000003,1,1,1.0
11,7,407.17,858.27,213.43,165.21000000000004,1,1,1.0
11,8,520.2,718.5,287.0999999999999,217.70000000000005,1,1,1.0
11,9,868.8,443.1,192.4000000000001,246.69999999999993,1,1,1.0
11,10,1134.9,305.0,352.49,170.5,1,1,1.0
12,1,224.5,376.5,139.33999999999997,163.66999999999996,1,1,0.0
12,2,64.0,592.84,273.15,128.76,1,1,1.0
12,3,345.2,554.4,227.3,227.80000000000007,1,1,1.0
12,4,102.8,809.6,226.34999999999997,191.09000000000003,1,1,1.0
12,5,160.0,745.8,227.0,154.0,1,1,1.0
12,6,224.83,798.44,186.37999999999997,209.64,1,1,1.0
12,7,407.17,858.27,204.03000000000003,165.21000000000004,1,1,1.0
12,8,535.2,727.5,257.79999999999995,208.70000000000005,1,1,1.0
12,9,862.8,441.6,196.10000000000014,248.19999999999993,1,1,1.0
12,10,1134.9,305.0,352.49,170.5,1,1,1.0
13,1,224.5,376.5,139.33999999999997,163.66999999999996,1,1,0.0
13,2,65.9,589.1,271.25,132.5,1,1,1.0
13,3,353.4,551.3,219.10000000000002,230.9000000000001,1,1,1.0
13,4,103.8,809.6,225.34999999999997,191.09000000000003,1,1,1.0
13,5,145.3,752.6,241.7,146.10000000000002,1,1,1.0
13,6,224.83,798.27,186.10999999999999,209.81000000000006,1,1,1.0
13,7,407.17,858.27,200.82999999999998,165.21000000000004,1,1,1.0
13,8,539.7,717.0,256.29999999999995,225.20000000000005,1,1,1.0
13,9,859.0,431.1,196.0999999999999,261.69999999999993,1,1,1.0
13,10,1134.9,305.0,352.49,169.39999999999998,1,1,1.0
14,1,230.8,378.4,133.03999999999996,161.76999999999998,1,1,0.0
14,2,65.9,589.1,271.25,136.29999999999995,1,1,1.0
14,3,353.4,551.3,219.10000000000002,230.9000000000001,1,1,1.0
14,4,103.8,813.3,225.34999999999997,187.3900000000001,1,1,1.0
14,5,141.6,754.2,248.1,145.0,1,1,1.0
14,6,224.83,798.11,185.83,209.97000000000003,1,1,1.0
14,7,407.17,858.27,200.82999999999998,165.21000000000004,1,1,1.0
14,8,539.7,720.7,259.29999999999995,235.0999999999999,1,1,1.0
14,9,859.0,434.1,196.0999999999999,256.4,1,1,1.0
14,10,1126.6,305.0,360.7900000000002,169.39999999999998,1,1,1.0
15,1,233.3,378.4,130.53999999999996,161.76999999999998,1,1,0.0
15,2,65.3,589.1,271.84999999999997,136.29999999999995,1,1,1.0
15,3,353.4,551.3,219.10000000000002,230.9000000000001,1,1,1.0
15,4,103.8,815.4,225.34999999999997,185.29000000000008,1,1,1.0
15,5,141.6,756.8,244.9,143.5,1,1,1.0
15,6,224.83,797.94,185.54999999999998,210.14,1,1,1.0
15,7,407.17,858.27,207.12999999999994,165.21000000000004,1,1,1.0
15,8,498.3,723.0,300.7,227.5,1,1,1.0
15,9,859.0,434.1,196.0999999999999,256.4,1,1,1.0
15,10,1125.8,305.0,361.59000000000015,169.39999999999998,1,1,1.0
16,1,235.2,380.3,128.64,159.86999999999995,1,1,0.0
16,2,55.3,591.0,281.84999999999997,134.39999999999998,1,1,1.0
16,3,354.7,547.5,217.8,222.79999999999995,1,1,1.0
16,4,90.7,832.7,238.45,167.99,1,1,1.0
16,5,146.3,756.8,240.2,140.9000000000001,1,1,1.0
16,6,224.83,797.77,185.28,210.31000000000006,1,1,1.0
16,7,402.1,861.4,212.19999999999993,162.08000000000004,1,1,1.0
16,8,510.4,723.0,284.1,237.29999999999995,1,1,1.0
16,9,859.0,434.1,208.9000000000001,256.4,1,1,1.0
16,10,1139.4,308.0,347.99,162.2,1,1,1.0
17,1,235.2,380.3,137.40000000000003,159.86999999999995,1,1,0.0
17,2,32.1,596.0,305.04999999999995,129.39999999999998,1,1,1.0
17,3,363.5,538.7,209.0,231.5999999999999,1,1,1.0
17,4,90.7,832.7,238.45,167.99,1,1,1.0
17,5,141.1,756.8,245.4,140.9000000000001,1,1,1.0
17,6,224.83,797.6,184.99999999999997,210.48000000000002,1,1,1.0
17,7,402.1,861.4,212.19999999999993,162.08000000000004,1,1,1.0
17,8,506.6,753.1,299.19999999999993,208.0,1,1,1.0
17,9,847.7,443.9,220.20000000000005,246.60000000000002,1,1,1.0
17,10,1163.5,299.0,327.70000000000005,172.2,1,1,1.0
18,1,235.2,385.3,154.40000000000003,154.86999999999995,1,1,0.0
18,2,35.9,596.0,308.20000000000005,129.39999999999998,1,1,1.0
18,3,366.0,536.8,206.5,233.5,1,1,1.0
18,4,90.7,832.7,238.45,167.99,1,1,1.0
18,5,141.1,756.8,245.4,140.9000000000001,1,1,1.0
18,6,224.83,797.44,184.72,210.64,1,1,1.0
18,7,402.1,861.4,212.19999999999993,162.08000000000004,1,1,1.0
18,8,511.9,741.0,293.9,221.60000000000002,1,1,1.0
18,9,847.7,443.9,218.70000000000005,246.60000000000002,1,1,1.0
18,10,1163.5,283.2,327.70000000000005,188.0,1,1,1.0
19,1,235.2,385.3,178.90000000000003,152.40000000000003,1,1,0.0
19,2,24.0,597.9,316.3,127.5,1,1,1.0
19,3,367.9,535.5,204.60000000000002,234.79999999999995,1,1,1.0
19,4,90.7,832.7,238.45,167.99,1,1,1.0
19,5,141.1,756.8,245.4,140.9000000000001,1,1,1.0
19,6,224.83,797.27,184.44999999999996,210.81000000000006,1,1,1.0
19,7,402.1,861.4,212.19999999999993,162.08000000000004,1,1,1.0
19,8,508.9,741.0,296.9,214.79999999999995,1,1,1.0
19,9,834.1,458.2,220.19999999999993,232.3,1,1,1.0
19,10,1163.5,280.2,327.70000000000005,190.0,1,1,1.0
20,1,235.2,385.3,178.90000000000003,152.40000000000003,1,1,0.0
20,2,34.7,600.4,305.6,125.0,1,1,1.0
20,3,372.9,532.4,199.60000000000002,237.89999999999998,1,1,1.0
20,4,90.7,832.7,238.45,167.99,1,1,1.0
20,5,145.3,756.8,241.2,140.9000000000001,1,1,1.0
20,6,224.83,797.1,184.17,210.98000000000002,1,1,1.0
20,7,402.1,857.6,219.69999999999993,165.88,1,1,1.0
20,8,508.9,741.0,298.4,214.0,1,1,1.0
20,9,822.0,478.5,232.29999999999995,212.0,1,1,1.0
20,10,1152.2,304.3,339.0,170.09999999999997,1,1,1.0
21,1,235.2,385.3,178.90000000000003,152.40000000000003,1,1,0.0
21,2,34.7,600.4,305.6,123.10000000000002,1,1,1.0
21,3,372.9,532.4,199.60000000000002,237.89999999999998,1,1,1.0
21,4,90.7,832.7,238.45,167.99,1,1,1.0
21,5,145.3,756.8,241.2,140.9000000000001,1,1,1.0
21,6,224.83,773.0,184.17,235.08000000000004,1,1,1.0
21,7,394.6,850.7,227.19999999999993,174.0,1,1,1.0
21,8,514.2,748.5,295.4,204.20000000000005,1,1,1.0
21,9,847.6,440.1,215.69999999999993,248.89999999999998,1,1,1.0
21,10,1164.3,299.8,326.9000000000001,177.8,1,1,1.0
22,1,235.2,385.3,178.90000000000003,152.40000000000003,1,1,0.0
22,2,17.7,600.4,314.40000000000003,123.10000000000002,1,1,1.0
22,3,372.9,532.4,199.60000000000002,237.89999999999998,1,1,1.0
22,4,90.7,832.7,238.45,167.99,1,1,1.0
22,5,132.7,756.8,253.8,140.9000000000001,1,1,1.0
22,6,229.5,773.0,179.5,231.39999999999998,1,1,1.0
22,7,394.6,854.5,230.29999999999995,170.20000000000005,1,1,1.0
22,8,514.2,748.5,299.9,201.20000000000005,1,1,1.0
22,9,853.6,431.1,204.39999999999998,259.4,1,1,1.0
22,10,1164.3,299.8,326.9000000000001,174.59999999999997,1,1,1.0
23,1,235.2,385.3,178.90000000000003,152.40000000000003,1,1,0.0
23,2,27.7,595.4,304.40000000000003,128.10000000000002,1,1,1.0
23,3,372.9,532.4,199.60000000000002,237.89999999999998,1,1,1.0
23,4,90.7,832.7,238.45,167.99,1,1,1.0
23,5,142.1,756.8,244.4,140.9000000000001,1,1,1.0
23,6,229.5,808.6,179.5,195.79999999999995,1,1,1.0
23,7,397.1,854.5,227.79999999999995,170.20000000000005,1,1,1.0
23,8,533.0,746.2,281.1,203.5,1,1,1.0
23,9,853.6,431.1,204.39999999999998,261.69999999999993,1,1,1.0
23,10,1162.0,303.6,326.9000000000001,164.39999999999998,1,1,1.0
24,1,235.2,385.3,178.90000000000003,152.40000000000003,1,1,0.0
24,2,18.3,597.3,313.8,126.20000000000005,1,1,1.0
24,3,372.9,532.4,199.60000000000002,237.89999999999998,1,1,1.0
24,4,90.7,832.7,238.45,167.99,1,1,1.0
24,5,142.1,756.8,244.4,140.9000000000001,1,1,1.0
24,6,229.5,808.6,179.5,195.79999999999995,1,1,1.0
24,7,397.1,857.0,227.79999999999995,167.70000000000005,1,1,1.0
24,8,528.5,746.2,290.1,196.0,1,1,1.0
24,9,853.6,431.1,204.39999999999998,272.19999999999993,1,1,1.0
24,10,1162.0,303.6,326.9000000000001,169.79999999999995,1,1,1.0
25,1,235.2,385.3,178.90000000000003,152.40000000000003,1,1,0.0
25,2,20.8,597.3,311.3,126.20000000000005,1,1,1.0
25,3,372.9,532.4,204.0,237.89999999999998,1,1,1.0
25,4,90.7,832.7,238.45,167.99,1,1,1.0
25,5,142.1,756.8,244.4,140.9000000000001,1,1,1.0
25,6,229.5,808.6,179.5,195.79999999999995,1,1,1.0
25,7,401.5,857.0,229.10000000000002,167.70000000000005,1,1,1.0
25,8,536.1,750.7,292.29999999999995,180.19999999999993,1,1,1.0
25,9,856.6,428.1,201.39999999999998,271.4,1,1,1.0
25,10,1149.9,303.6,339.0,169.7,1,1,1.0
26,1,235.2,385.3,178.90000000000003,152.40000000000003,1,1,0.0
26,2,18.3,599.8,313.8,123.70000000000005,1,1,1.0
26,3,372.9,532.4,206.5,237.89999999999998,1,1,1.0
26,4,99.6,832.7,229.54999999999998,167.99,1,1,1.0
26,5,139.48,757.85,249.12000000000003,140.89999999999998,1,1,1.0
26,6,229.5,808.6,179.5,195.79999999999995,1,1,1.0
26,7,401.5,857.0,229.10000000000002,167.70000000000005,1,1,1.0
26,8,515.7,756.7,312.69999999999993,172.69999999999993,1,1,1.0
26,9,856.6,428.1,195.39999999999998,277.4,1,1,1.0
26,10,1137.1,303.6,351.8000000000002,171.89999999999998,1,1,1.0
27,1,235.2,385.3,178.90000000000003,152.40000000000003,1,1,0.0
27,2,54.7,601.1,277.40000000000003,122.39999999999998,1,1,1.0
27,3,372.9,532.4,206.5,237.89999999999998,1,1,1.0
27,4,99.6,832.7,229.54999999999998,167.99,1,1,1.0
27,5,139.48,757.85,249.12000000000003,140.89999999999998,1,1,1.0
27,6,229.5,808.6,179.5,195.79999999999995,1,1,1.0
27,7,401.5,857.0,229.10000000000002,167.70000000000005,1,1,1.0
27,8,515.7,756.7,315.69999999999993,172.69999999999993,1,1,1.0
27,9,856.6,428.1,231.60000000000002,263.79999999999995,1,1,1.0
27,10,1159.7,303.6,329.20000000000005,181.5,1,1,1.0
28,1,235.2,385.3,178.90000000000003,152.40000000000003,1,1,0.0
28,2,54.7,604.9,277.40000000000003,128.60000000000002,1,1,1.0
28,3,372.9,532.4,206.5,237.89999999999998,1,1,1.0
28,4,99.6,832.7,229.54999999999998,167.99,1,1,1.0
28,5,142.6,757.85,246.00000000000003,140.89999999999998,1,1,1.0
28,6,229.5,808.6,179.5,195.79999999999995,1,1,1.0
28,7,401.5,857.0,229.10000000000002,167.70000000000005,1,1,1.0
28,8,515.7,752.9,315.69999999999993,176.5,1,1,1.0
28,9,841.5,431.1,213.5,308.29999999999995,1,1,1.0
28,10,1153.7,303.6,335.20000000000005,181.5,1,1,1.0
29,1,235.2,385.3,178.90000000000003,152.40000000000003,1,1,0.0
29,2,47.2,591.7,288.7,129.19999999999993,1,1,1.0
29,3,372.9,532.4,206.5,237.89999999999998,1,1,1.0
29,4,99.6,832.7,229.54999999999998,167.99,1,1,1.0
29,5,146.3,757.85,242.3,140.89999999999998,1,1,1.0
29,6,229.5,808.6,179.5,195.79999999999995,1,1,1.0
29,7,401.5,857.0,229.10000000000002,167.70000000000005,1,1,1.0
29,8,512.7,752.9,321.69999999999993,172.70000000000005,1,1,1.0
29,9,841.5,431.1,213.5,327.9,1,1,1.0
29,10,1153.7,303.6,330.70000000000005,181.5,1,1,1.0
30,1,235.2,385.3,178.90000000000003,152.40000000000003,1,1,0.0
30,2,37.8,595.5,306.3,119.10000000000002,1,1,1.0
30,3,372.9,532.4,206.5,237.89999999999998,1,1,1.0
30,4,99.6,832.7,229.54999999999998,167.99,1,1,1.0
30,5,146.3,757.85,242.3,140.89999999999998,1,1,1.0
30,6,229.5,808.6,179.5,195.79999999999995,1,1,1.0
30,7,401.5,857.0,229.10000000000002,167.70000000000005,1,1,1.0
30,8,512.7,755.2,327.69999999999993,170.39999999999998,1,1,1.0
30,9,841.5,431.1,213.5,316.6,1,1,1.0
30,10,1140.9,303.6,338.1999999999998,181.5,1,1,1.0
31,1,235.2,385.3,178.90000000000003,152.40000000000003,1,1,0.0
31,2,39.7,600.5,304.40000000000003,119.79999999999995,1,1,1.0
31,3,377.3,528.6,202.09999999999997,241.69999999999993,1,1,1.0
31,4,93.8,832.7,235.34999999999997,167.99,1,1,1.0
31,5,146.3,757.85,242.3,140.89999999999998,1,1,1.0
31,6,229.5,808.6,179.5,195.79999999999995,1,1,1.0
31,7,401.5,857.0,229.10000000000002,167.70000000000005,1,1,1.0
31,8,512.7,755.2,327.69999999999993,166.5999999999999,1,1,1.0
31,9,841.5,431.1,206.0,316.6,1,1,1.0
31,10,1143.9,302.8,335.1999999999998,182.3,1,1,1.0
32,1,235.2,385.3,178.90000000000003,152.40000000000003,1,1,0.0
32,2,39.1,600.5,305.0,119.79999999999995,1,1,1.0
32,3,377.3,528.6,202.09999999999997,241.69999999999993,1,1,1.0
32,4,93.8,832.7,235.34999999999997,167.99,1,1,1.0
32,5,141.6,762.2,247.00000000000003,136.54999999999995,1,1,1.0
32,6,229.5,808.6,179.5,195.79999999999995,1,1,1.0
32,7,401.5,857.0,229.10000000000002,167.70000000000005,1,1,1.0
32,8,507.4,755.2,333.0,166.5999999999999,1,1,1.0
32,9,836.2,431.1,211.29999999999995,300.0,1,1,1.0
32,10,1121.3,302.8,357.79999999999995,182.3,1,1,1.0
33,1,235.2,385.3,178.90000000000003,152.40000000000003,1,1,0.0
33,2,39.1,600.5,305.0,119.79999999999995,1,1,1.0
33,3,377.3,528.6,202.09999999999997,241.69999999999993,1,1,1.0
33,4,93.8,832.7,235.34999999999997,167.99,1,1,1.0
33,5,151.0,765.9,237.60000000000002,132.85000000000002,1,1,1.0
33,6,229.5,808.6,179.5,195.79999999999995,1,1,1.0
33,7,401.5,857.0,229.10000000000002,167.70000000000005,1,1,1.0
33,8,507.4,755.2,333.0,166.5999999999999,1,1,1.0
33,9,836.2,431.1,235.39999999999986,269.9,1,1,1.0
33,10,1121.3,302.8,359.29999999999995,182.3,1,1,1.0
34,1,235.2,385.3,178.90000000000003,152.40000000000003,1,1,0.0
34,2,39.1,600.5,305.0,119.79999999999995,1,1,1.0
34,3,377.3,528.6,202.09999999999997,241.69999999999993,1,1,1.0
34,4,93.8,832.7,235.34999999999997,167.99,1,1,1.0
34,5,140.0,757.85,248.60000000000002,140.89999999999998,1,1,1.0
34,6,229.5,808.6,179.5,195.79999999999995,1,1,1.0
34,7,401.5,857.0,229.10000000000002,167.70000000000005,1,1,1.0
34,8,499.1,755.2,341.29999999999995,166.5999999999999,1,1,1.0
34,9,826.4,463.5,276.80000000000007,229.20000000000005,1,1,1.0
34,10,1135.6,302.8,345.0,182.3,1,1,1.0
35,1,235.2,385.3,182.0,152.40000000000003,1,1,0.0
35,2,47.3,600.5,296.8,119.79999999999995,1,1,1.0
35,3,377.3,528.6,202.09999999999997,241.69999999999993,1,1,1.0
35,4,96.4,832.7,232.74999999999997,167.99,1,1,1.0
35,5,148.9,746.9,239.70000000000002,151.85000000000002,1,1,1.0
35,6,229.5,808.6,179.5,195.79999999999995,1,1,1.0
35,7,401.5,857.0,229.10000000000002,167.70000000000005,1,1,1.0
35,8,511.2,755.2,329.2,166.5999999999999,1,1,1.0
35,9,826.4,463.5,273.80000000000007,229.20000000000005,1,1,1.0
35,10,1135.6,302.8,345.0,182.3,1,1,1.0
36,1,235.2,385.3,182.0,152.40000000000003,1,1,0.0
36,2,45.4,600.5,298.70000000000005,119.79999999999995,1,1,1.0
36,3,377.3,528.6,202.09999999999997,237.29999999999995,1,1,1.0
36,4,96.4,832.7,232.74999999999997,167.99,1,1,1.0
36,5,148.9,740.6,239.70000000000002,158.14999999999998,1,1,1.0
36,6,229.5,808.6,179.5,195.79999999999995,1,1,1.0
36,7,401.5,857.0,229.10000000000002,167.70000000000005,1,1,1.0
36,8,515.7,755.2,324.69999999999993,166.5999999999999,1,1,1.0
36,9,829.4,449.9,242.89999999999998,288.0,1,1,1.0
36,10,1135.6,302.8,345.0,182.3,1,1,1.0
37,1,235.2,385.3,182.0,152.40000000000003,1,1,0.0
37,2,55.4,602.4,288.70000000000005,117.89999999999998,1,1,1.0
37,3,381.1,529.2,198.29999999999995,236.69999999999993,1,1,1.0
37,4,99.5,832.7,229.64999999999998,167.99,1,1,1.0
37,5,124.8,768.3,263.8,130.45000000000005,1,1,1.0
37,6,229.5,808.6,179.5,195.79999999999995,1,1,1.0
37,7,401.5,857.0,229.10000000000002,167.70000000000005,1,1,1.0
37,8,508.2,755.2,332.2,165.0999999999999,1,1,1.0
37,9,830.9,443.9,221.80000000000007,311.30000000000007,1,1,1.0
37,10,1135.6,302.8,345.0,182.3,1,1,1.0
38,1,235.2,385.3,182.0,152.40000000000003,1,1,0.0
38,2,46.6,602.4,297.5,117.89999999999998,1,1,1.0
38,3,381.1,529.2,198.29999999999995,238.5999999999999,1,1,1.0
38,4,88.5,832.7,240.64999999999998,167.99,1,1,1.0
38,5,124.8,768.3,263.8,135.70000000000005,1,1,1.0
38,6,229.5,808.6,179.5,195.79999999999995,1,1,1.0
38,7,401.5,857.0,229.10000000000002,167.70000000000005,1,1,1.0
38,8,508.2,755.2,332.2,165.0999999999999,1,1,1.0
38,9,830.9,443.9,221.80000000000007,269.9,1,1,1.0
38,10,1135.6,302.8,345.0,182.3,1,1,1.0
39,1,235.2,385.3,182.0,152.40000000000003,1,1,0.0
39,2,57.3,602.4,286.8,117.89999999999998,1,1,1.0
39,3,381.1,526.1,215.89999999999998,240.39999999999998,1,1,1.0
39,4,88.5,832.7,240.64999999999998,167.99,1,1,1.0
39,5,124.8,768.3,263.8,135.70000000000005,1,1,1.0
39,6,229.5,808.6,179.5,195.79999999999995,1,1,1.0
39,7,401.5,857.0,229.10000000000002,167.70000000000005,1,1,1.0
39,8,508.2,755.2,332.2,165.0999999999999,1,1,1.0
39,9,830.9,443.9,221.80000000000007,248.80000000000007,1,1,1.0
39,10,1159.7,302.8,320.89999999999986,182.3,1,1,1.0
40,1,235.2,385.3,182.0,152.40000000000003,1,1,0.0
40,2,57.3,602.4,289.3,117.89999999999998,1,1,1.0
40,3,381.1,526.1,215.89999999999998,245.39999999999998,1,1,1.0
40,4,88.5,832.7,240.64999999999998,167.99,1,1,1.0
40,5,132.6,768.3,256.0,135.70000000000005,1,1,1.0
40,6,229.5,808.6,179.5,195.79999999999995,1,1,1.0
40,7,401.5,857.0,229.10000000000002,167.70000000000005,1,1,1.0
40,8,508.2,755.2,332.2,162.0999999999999,1,1,1.0
40,9,830.9,443.9,221.80000000000007,263.9,1,1,1.0
40,10,1146.9,302.8,333.6999999999998,182.3,1,1,1.0
41,1,235.2,385.3,182.0,152.40000000000003,1,1,0.0
41,2,57.3,602.4,289.3,117.89999999999998,1,1,1.0
41,3,381.1,521.08,215.89999999999998,245.39999999999998,1,1,1.0
41,4,95.8,832.7,233.34999999999997,167.99,1,1,1.0
41,5,142.5,768.3,246.10000000000002,140.4000000000001,1,1,1.0
41,6,229.5,808.6,179.5,195.79999999999995,1,1,1.0
41,7,401.5,857.0,265.5,167.70000000000005,1,1,1.0
41,8,493.1,740.9,360.9,159.80000000000007,1,1,1.0
41,9,830.9,452.9,226.30000000000007,240.60000000000002,1,1,1.0
41,10,1146.9,302.8,333.6999999999998,182.3,1,1,1.0
42,1,235.2,385.3,182.0,152.40000000000003,1,1,0.0
42,2,57.3,602.4,289.3,117.89999999999998,1,1,1.0
42,3,381.1,521.08,215.89999999999998,250.41999999999996,1,1,1.0
42,4,93.2,832.7,235.95,167.99,1,1,1.0
42,5,147.2,768.3,241.40000000000003,140.4000000000001,1,1,1.0
42,6,229.5,808.6,179.5,195.79999999999995,1,1,1.0
42,7,401.5,857.0,225.29999999999995,167.70000000000005,1,1,1.0
42,8,541.3,759.7,305.9000000000001,153.0999999999999,1,1,1.0
42,9,830.9,446.9,226.30000000000007,246.60000000000002,1,1,1.0
42,10,1160.5,302.8,320.0999999999999,182.3,1,1,1.0
43,1,235.2,385.3,182.0,152.40000000000003,1,1,0.0
43,2,57.3,602.4,289.3,117.89999999999998,1,1,1.0
43,3,381.1,522.3,215.89999999999998,249.20000000000005,1,1,1.0
43,4,93.2,832.7,235.95,167.99,1,1,1.0
43,5,169.7,750.0,218.90000000000003,158.70000000000005,1,1,1.0
43,6,229.5,808.6,179.5,195.79999999999995,1,1,1.0
43,7,401.5,857.0,232.20000000000005,167.70000000000005,1,1,1.0
43,8,541.3,752.2,282.5,199.79999999999995,1,1,1.0
43,9,836.2,451.4,225.5,247.39999999999998,1,1,1.0
43,10,1155.2,302.8,325.39999999999986,182.3,1,1,1.0
44,1,235.2,385.3,182.0,152.40000000000003,1,1,0.0
44,2,57.3,602.4,289.3,117.89999999999998,1,1,1.0
44,3,381.1,522.3,215.89999999999998,249.20000000000005,1,1,1.0
44,4,86.9,832.7,242.24999999999997,167.99,1,1,1.0
44,5,169.7,750.0,214.2,158.70000000000005,1,1,1.0
44,6,229.5,808.6,179.5,195.79999999999995,1,1,1.0
44,7,401.5,857.0,224.70000000000005,167.70000000000005,1,1,1.0
44,8,551.1,759.0,273.5,187.70000000000005,1,1,1.0
44,9,836.2,451.4,274.5,291.9,1,1,1.0
44,10,1136.4,302.8,344.1999999999998,182.3,1,1,1.0
45,1,235.2,385.3,182.0,152.40000000000003,1,1,0.0
45,2,57.3,602.4,289.3,117.89999999999998,1,1,1.0
45,3,383.6,522.3,213.39999999999998,262.4000000000001,1,1,1.0
45,4,85.9,832.7,243.24999999999997,167.99,1,1,1.0
45,5,169.7,750.0,209.5,158.70000000000005,1,1,1.0
45,6,229.5,808.6,179.5,195.79999999999995,1,1,1.0
45,7,401.5,857.0,224.70000000000005,167.70000000000005,1,1,1.0
45,8,551.9,758.2,284.80000000000007,164.39999999999998,1,1,1.0
45,9,824.1,465.7,319.80000000000007,222.59999999999997,1,1,1.0
45,10,1136.4,302.8,344.1999999999998,182.3,1,1,1.0
46,1,235.2,385.3,182.0,152.40000000000003,1,1,0.0
46,2,57.3,602.4,289.3,117.89999999999998,1,1,1.0
46,3,383.6,522.3,207.10000000000002,273.70000000000005,1,1,1.0
46,4,85.9,832.7,243.24999999999997,167.99,1,1,1.0
46,5,169.7,750.0,213.2,158.70000000000005,1,1,1.0
46,6,229.5,808.6,179.5,195.79999999999995,1,1,1.0
46,7,401.5,857.0,237.89999999999998,167.70000000000005,1,1,1.0
46,8,555.7,758.2,275.69999999999993,147.79999999999995,1,1,1.0
46,9,824.1,465.7,319.80000000000007,222.59999999999997,1,1,1.0
46,10,1136.4,302.8,344.1999999999998,182.3,1,1,1.0
47,1,235.2,385.3,182.0,152.40000000000003,1,1,0.0
47,2,79.9,602.4,266.70000000000005,125.39999999999998,1,1,1.0
47,3,389.9,522.3,200.80000000000007,273.70000000000005,1,1,1.0
47,4,85.9,832.7,243.24999999999997,167.99,1,1,1.0
47,5,169.7,750.0,213.2,158.70000000000005,1,1,1.0
47,6,229.5,808.6,179.5,195.79999999999995,1,1,1.0
47,7,401.5,857.0,240.39999999999998,167.70000000000005,1,1,1.0
47,8,561.7,758.2,281.79999999999995,147.79999999999995,1,1,1.0
47,9,824.1,465.7,319.80000000000007,222.59999999999997,1,1,1.0
47,10,1136.4,302.8,344.1999999999998,182.3,1,1,1.0
48,1,235.2,385.3,182.0,152.40000000000003,1,1,0.0
48,2,72.4,602.4,274.20000000000005,125.39999999999998,1,1,1.0
48,3,389.9,515.4,195.80000000000007,289.4,1,1,1.0
48,4,85.9,832.7,243.24999999999997,167.99,1,1,1.0
48,5,169.7,748.4,213.2,160.30000000000007,1,1,1.0
48,6,229.5,808.6,179.5,195.79999999999995,1,1,1.0
48,7,404.6,857.0,237.29999999999995,167.70000000000005,1,1,1.0
48,8,574.5,764.2,253.20000000000005,147.79999999999995,1,1,1.0
48,9,803.0,481.5,319.79999999999995,206.79999999999995,1,1,1.0
48,10,1131.1,302.8,349.5,182.3,1,1,1.0
49,1,235.2,385.3,182.0,152.40000000000003,1,1,0.0
49,2,58.0,582.3,288.6,126.70000000000005,1,1,1.0
49,3,389.9,509.7,195.80000000000007,295.09999999999997,1,1,1.0
49,4,94.8,832.7,234.34999999999997,167.99,1,1,1.0
49,5,169.7,748.4,213.2,160.30000000000007,1,1,1.0
49,6,229.5,807.6,181.60000000000002,196.79999999999995,1,1,1.0
49,7,404.6,857.0,243.60000000000002,167.70000000000005,1,1,1.0
49,8,574.5,768.0,254.70000000000005,162.79999999999995,1,1,1.0
49,9,812.8,472.4,264.0,223.39999999999998,1,1,1.0
49,10,1096.4,302.8,384.1999999999998,182.3,1,1,1.0
50,1,235.2,385.3,182.0,152.40000000000003,1,1,0.0
50,2,58.6,582.3,271.7,120.40000000000009,1,1,1.0
50,3,389.9,509.7,195.80000000000007,285.7,1,1,1.0
50,4,101.6,832.7,227.54999999999998,167.99,1,1,1.0
50,5,169.7,748.4,213.2,160.30000000000007,1,1,1.0
50,6,229.5,807.6,181.60000000000002,196.79999999999995,1,1,1.0
50,7,404.6,857.0,259.9,167.70000000000005,1,1,1.0
50,8,518.7,745.4,307.5,141.70000000000005,1,1,1.0
50,9,812.0,468.6,264.79999999999995,243.79999999999995,1,1,1.0
50,10,1066.3,302.8,426.0,182.3,1,1,1.0
51,1,235.2,385.3,182.0,152.40000000000003,1,1,0.0
51,2,49.8,585.4,271.7,136.80000000000007,1,1,1.0
51,3,389.9,509.7,195.80000000000007,265.00000000000006,1,1,1.0
51,4,101.6,832.7,227.54999999999998,167.99,1,1,1.0
51,5,163.4,748.4,219.49999999999997,160.30000000000007,1,1,1.0
51,6,229.5,807.6,181.60000000000002,196.79999999999995,1,1,1.0
51,7,404.6,857.0,200.19999999999993,167.70000000000005,1,1,1.0
51,8,567.7,757.5,260.0,159.79999999999995,1,1,1.0
51,9,807.5,475.4,276.0999999999999,242.30000000000007,1,1,1.0
51,10,1083.6,302.8,405.5,182.3,1,1,1.0
52,1,235.2,385.3,182.0,152.40000000000003,1,1,0.0
52,2,29.7,576.0,284.3,151.20000000000005,1,1,1.0
52,3,389.9,509.7,195.80000000000007,263.09999999999997,1,1,1.0
52,4,101.6,832.7,227.54999999999998,167.99,1,1,1.0
52,5,167.1,748.4,211.6,160.30000000000007,1,1,1.0
52,6,229.5,807.6,181.60000000000002,196.79999999999995,1,1,1.0
52,7,404.6,857.0,200.19999999999993,167.70000000000005,1,1,1.0
52,8,549.6,750.7,285.6,179.39999999999998,1,1,1.0
52,9,826.3,444.5,319.10000000000014,245.29999999999995,1,1,1.0
52,10,1091.9,302.8,396.1999999999998,182.3,1,1,1.0
53,1,235.2,385.3,182.0,152.40000000000003,1,1,0.0
53,2,29.7,584.8,286.2,144.30000000000007,1,1,1.0
53,3,389.9,509.7,195.80000000000007,258.7,1,1,1.0
53,4,98.5,832.7,230.64999999999998,167.99,1,1,1.0
53,5,167.1,736.9,191.20000000000002,171.80000000000007,1,1,1.0
53,6,229.5,803.9,181.60000000000002,200.5,1,1,1.0
53,7,404.6,857.0,216.5,167.70000000000005,1,1,1.0
53,8,579.7,759.0,234.39999999999998,146.20000000000005,1,1,1.0
53,9,852.7,509.3,347.0,187.3,1,1,1.0
53,10,1139.4,302.8,341.1999999999998,181.2,1,1,1.0
54,1,235.2,385.3,182.0,152.40000000000003,1,1,0.0
54,2,41.0,588.6,281.2,140.5,1,1,1.0
54,3,389.9,509.7,195.80000000000007,258.7,1,1,1.0
54,4,98.5,832.7,230.64999999999998,167.99,1,1,1.0
54,5,167.1,736.9,191.20000000000002,175.5,1,1,1.0
54,6,229.5,803.9,181.60000000000002,200.5,1,1,1.0
54,7,404.6,857.0,221.5,167.70000000000005,1,1,1.0
54,8,573.7,759.0,237.39999999999998,137.20000000000005,1,1,1.0
54,9,874.6,529.6,380.1,177.5,1,1,1.0
54,10,1147.7,302.8,332.89999999999986,175.89999999999998,1,1,1.0
55,1,235.2,385.3,182.0,152.40000000000003,1,1,0.0
55,2,46.0,596.1,279.3,133.0,1,1,1.0
55,3,389.9,509.7,195.80000000000007,258.7,1,1,1.0
55,4,98.5,832.7,230.64999999999998,167.99,1,1,1.0
55,5,168.7,734.8,149.3,177.60000000000002,1,1,1.0
55,6,229.5,801.8,181.60000000000002,202.60000000000002,1,1,1.0
55,7,404.6,857.0,222.79999999999995,167.70000000000005,1,1,1.0
55,8,582.0,759.0,229.10000000000002,137.20000000000005,1,1,1.0
55,9,874.6,518.3,380.1,173.70000000000005,1,1,1.0
55,10,1146.2,302.8,334.39999999999986,174.8,1,1,1.0
56,1,235.2,385.3,182.0,152.40000000000003,1,1,0.0
56,2,46.0,602.4,281.2,126.70000000000005,1,1,1.0
56,3,389.9,509.7,195.80000000000007,258.7,1,1,1.0
56,4,98.5,832.7,230.64999999999998,167.99,1,1,1.0
56,5,168.7,734.8,160.3,177.60000000000002,1,1,1.0
56,6,229.5,800.2,179.5,204.19999999999993,1,1,1.0
56,7,404.6,857.0,226.60000000000002,167.70000000000005,1,1,1.0
56,8,572.2,765.0,238.89999999999998,125.20000000000005,1,1,1.0
56,9,858.8,548.4,412.5,142.80000000000007,1,1,1.0
56,10,1140.2,302.8,340.39999999999986,177.0,1,1,1.0
57,1,235.2,385.3,182.0,152.40000000000003,1,1,0.0
57,2,58.6,601.1,269.9,128.0,1,1,1.0
57,3,389.9,509.7,195.80000000000007,258.7,1,1,1.0
57,4,96.4,832.7,232.74999999999997,167.99,1,1,1.0
57,5,168.7,734.8,160.3,177.60000000000002,1,1,1.0
57,6,229.5,800.2,180.60000000000002,204.19999999999993,1,1,1.0
57,7,404.6,857.0,226.60000000000002,167.70000000000005,1,1,1.0
57,8,578.2,765.0,222.39999999999998,125.20000000000005,1,1,1.0
57,9,858.8,562.0,359.0,124.70000000000005,1,1,1.0
57,10,1140.2,302.8,340.39999999999986,179.09999999999997,1,1,1.0
58,1,235.2,385.3,182.0,152.40000000000003,1,1,0.0
58,2,64.3,599.2,267.3,133.69999999999993,1,1,1.0
58,3,389.9,509.7,195.80000000000007,258.7,1,1,1.0
58,4,96.4,832.7,232.74999999999997,167.99,1,1,1.0
58,5,168.7,734.8,152.5,177.60000000000002,1,1,1.0
58,6,229.5,800.2,179.5,204.19999999999993,1,1,1.0
58,7,404.6,857.0,226.60000000000002,167.70000000000005,1,1,1.0
58,8,569.9,758.2,236.70000000000005,132.0,1,1,1.0
58,9,858.8,562.0,325.10000000000014,124.70000000000005,1,1,1.0
58,10,1140.2,302.8,340.39999999999986,179.09999999999997,1,1,1.0
59,1,235.2,385.3,182.0,152.40000000000003,1,1,0.0
59,2,64.3,603.6,278.0,129.29999999999995,1,1,1.0
59,3,389.9,509.7,195.80000000000007,258.7,1,1,1.0
59,4,90.1,832.7,239.04999999999998,167.99,1,1,1.0
59,5,168.7,734.8,156.2,177.60000000000002,1,1,1.0
59,6,229.5,800.2,179.5,204.19999999999993,1,1,1.0
59,7,404.6,857.0,232.89999999999998,167.70000000000005,1,1,1.0
59,8,578.2,758.2,228.39999999999998,132.0,1,1,1.0
59,9,858.8,542.4,349.20000000000005,133.0,1,1,1.0
59,10,1140.2,302.8,340.39999999999986,175.89999999999998,1,1,1.0
60,1,235.2,385.3,182.0,152.40000000000003,1,1,0.0
60,2,67.4,597.9,268.6,137.5,1,1,1.0
60,3,389.9,509.7,195.80000000000007,258.7,1,1,1.0
60,4,90.1,832.7,239.04999999999998,167.99,1,1,1.0
60,5,168.7,741.1,156.2,171.29999999999995,1,1,1.0
60,6,229.5,800.2,180.0,204.19999999999993,1,1,1.0
60,7,404.6,857.0,219.10000000000002,167.70000000000005,1,1,1.0
60,8,533.0,762.7,283.4,135.79999999999995,1,1,1.0
60,9,866.3,542.4,392.9000000000001,142.0,1,1,1.0
60,10,1147.7,302.8,332.89999999999986,174.8,1,1,1.0
61,1,235.2,385.3,182.0,152.40000000000003,1,1,0.0
61,2,97.5,583.5,238.5,151.89999999999998,1,1,1.0
61,3,389.9,509.7,195.80000000000007,258.7,1,1,1.0
61,4,90.1,832.7,239.04999999999998,167.99,1,1,1.0
61,5,168.7,741.1,165.60000000000002,171.29999999999995,1,1,1.0
61,6,229.5,800.2,180.0,204.19999999999993,1,1,1.0
61,7,404.6,857.0,228.5,167.70000000000005,1,1,1.0
61,8,567.7,737.1,256.19999999999993,147.10000000000002,1,1,1.0
61,9,866.3,551.4,398.9000000000001,145.10000000000002,1,1,1.0
61,10,1147.0,302.8,333.5999999999999,173.8,1,1,1.0
62,1,235.2,385.3,182.0,152.40000000000003,1,1,0.0
62,2,97.5,588.5,229.10000000000002,158.20000000000005,1,1,1.0
62,3,389.9,509.7,195.80000000000007,258.7,1,1,1.0
62,4,90.1,832.7,239.04999999999998,167.99,1,1,1.0
62,5,168.7,741.1,171.90000000000003,171.29999999999995,1,1,1.0
62,6,229.5,800.2,180.0,204.19999999999993,1,1,1.0
62,7,404.6,857.0,224.10000000000002,167.70000000000005,1,1,1.0
62,8,585.0,736.35,246.39999999999998,155.35000000000002,1,1,1.0
62,9,873.8,541.6,332.60000000000014,172.19999999999993,1,1,1.0
62,10,1154.5,302.8,326.0999999999999,176.89999999999998,1,1,1.0
63,1,235.2,385.3,182.0,152.40000000000003,1,1,0.0
63,2,97.5,588.5,233.5,158.20000000000005,1,1,1.0
63,3,389.9,509.7,195.80000000000007,258.7,1,1,1.0
63,4,90.1,829.0,239.04999999999998,171.69000000000005,1,1,1.0
63,5,168.7,738.0,163.5,174.39999999999998,1,1,1.0
63,6,229.5,800.2,180.0,204.19999999999993,1,1,1.0
63,7,404.6,857.0,224.10000000000002,167.70000000000005,1,1,1.0
63,8,578.2,740.1,253.19999999999993,151.60000000000002,1,1,1.0
63,9,880.6,534.8,325.80000000000007,196.30000000000007,1,1,1.0
63,10,1154.5,302.8,326.0999999999999,182.3,1,1,1.0
64,1,235.2,385.3,182.0,152.40000000000003,1,1,0.0
64,2,97.5,586.6,233.5,160.10000000000002,1,1,1.0
64,3,389.9,509.7,195.80000000000007,258.7,1,1,1.0
64,4,93.8,829.0,235.34999999999997,171.69000000000005,1,1,1.0
64,5,168.7,738.0,163.5,174.39999999999998,1,1,1.0
64,6,229.5,800.2,180.0,204.19999999999993,1,1,1.0
64,7,404.6,857.0,224.10000000000002,167.70000000000005,1,1,1.0
64,8,578.2,746.9,253.19999999999993,148.60000000000002,1,1,1.0
64,9,880.6,534.8,334.1,193.30000000000007,1,1,1.0
64,10,1154.5,302.8,326.0999999999999,182.3,1,1,1.0
65,1,235.2,385.3,182.0,152.40000000000003,1,1,0.0
65,2,100.0,586.6,231.0,160.10000000000002,1,1,1.0
65,3,389.9,509.7,195.80000000000007,258.7,1,1,1.0
65,4,93.8,829.0,235.34999999999997,171.69000000000005,1,1,1.0
65,5,168.7,740.1,163.5,172.29999999999995,1,1,1.0
65,6,229.5,798.1,180.0,206.29999999999995,1,1,1.0
65,7,404.6,857.0,224.10000000000002,167.70000000000005,1,1,1.0
65,8,578.2,740.9,257.69999999999993,153.10000000000002,1,1,1.0
65,9,880.6,528.8,334.1,199.30000000000007,1,1,1.0
65,10,1154.5,302.8,326.0999999999999,182.3,1,1,1.0
66,1,235.2,385.3,182.0,152.40000000000003,1,1,0.0
66,2,100.0,586.6,231.0,160.10000000000002,1,1,1.0
66,3,389.9,509.7,195.80000000000007,258.7,1,1,1.0
66,4,93.8,829.0,235.34999999999997,171.69000000000005,1,1,1.0
66,5,168.7,742.7,181.8,169.69999999999993,1,1,1.0
66,6,229.5,798.1,180.0,206.29999999999995,1,1,1.0
66,7,404.6,857.0,224.10000000000002,167.70000000000005,1,1,1.0
66,8,542.0,737.1,296.9,152.39999999999998,1,1,1.0
66,9,874.6,528.8,353.69999999999993,215.10000000000002,1,1,1.0
66,10,1154.5,302.8,327.5999999999999,182.3,1,1,1.0
67,1,235.2,385.3,182.0,152.40000000000003,1,1,0.0
67,2,98.1,590.4,227.20000000000002,156.30000000000007,1,1,1.0
67,3,389.9,509.7,195.80000000000007,254.3,1,1,1.0
67,4,89.1,830.6,240.04999999999998,170.09000000000003,1,1,1.0
67,5,168.7,742.7,190.7,169.69999999999993,1,1,1.0
67,6,229.5,798.1,180.0,206.29999999999995,1,1,1.0
67,7,404.6,857.0,224.10000000000002,167.70000000000005,1,1,1.0
67,8,542.0,731.1,295.4,158.39999999999998,1,1,1.0
67,9,874.6,533.3,364.9999999999999,194.0,1,1,1.0
67,10,1147.0,302.8,335.0999999999999,182.3,1,1,1.0
68,1,235.2,385.3,182.0,152.40000000000003,1,1,0.0
68,2,98.1,590.4,220.29999999999998,156.30000000000007,1,1,1.0
68,3,389.9,509.7,195.80000000000007,254.3,1,1,1.0
68,4,89.1,830.6,240.04999999999998,170.09000000000003,1,1,1.0
68,5,168.7,742.7,183.90000000000003,169.69999999999993,1,1,1.0
68,6,229.5,798.1,180.0,206.29999999999995,1,1,1.0
68,7,404.6,857.0,224.10000000000002,167.70000000000005,1,1,1.0
68,8,570.6,720.5,264.5,169.0,1,1,1.0
68,9,874.6,533.3,336.4,208.30000000000007,1,1,1.0
68,10,1127.4,302.8,359.1999999999998,182.3,1,1,1.0
69,1,235.2,385.3,183.85000000000002,152.40000000000003,1,1,0.0
69,2,98.1,590.4,220.29999999999998,156.30000000000007,1,1,1.0
69,3,389.9,509.7,195.80000000000007,254.3,1,1,1.0
69,4,89.1,830.6,240.04999999999998,170.09000000000003,1,1,1.0
69,5,168.7,742.7,187.60000000000002,169.69999999999993,1,1,1.0
69,6,229.5,798.1,180.0,206.29999999999995,1,1,1.0
69,7,404.6,857.0,224.10000000000002,167.70000000000005,1,1,1.0
69,8,575.1,720.5,255.5,169.0,1,1,1.0
69,9,888.2,528.0,312.29999999999995,252.79999999999995,1,1,1.0
69,10,1093.5,302.8,393.9000000000001,182.3,1,1,1.0
70,1,235.2,385.3,185.7,152.40000000000003,1,1,0.0
70,2,98.1,577.8,220.29999999999998,168.9000000000001,1,1,1.0
70,3,389.9,509.7,195.80000000000007,254.3,1,1,1.0
70,4,89.1,830.6,240.04999999999998,170.09000000000003,1,1,1.0
70,5,168.7,742.7,187.60000000000002,169.69999999999993,1,1,1.0
70,6,229.5,798.1,180.0,206.29999999999995,1,1,1.0
70,7,404.6,857.0,224.10000000000002,167.70000000000005,1,1,1.0
70,8,575.9,720.5,248.70000000000005,169.0,1,1,1.0
70,9,977.1,523.5,235.39999999999998,322.9,1,1,1.0
70,10,1074.7,302.8,412.70000000000005,182.3,1,1,1.0
71,1,235.2,385.3,187.0,152.40000000000003,1,1,0.0
71,2,98.1,586.0,220.29999999999998,160.70000000000005,1,1,1.0
71,3,389.9,509.7,195.80000000000007,254.3,1,1,1.0
71,4,89.1,830.6,240.04999999999998,170.09000000000003,1,1,1.0
71,5,168.7,742.7,199.10000000000002,169.69999999999993,1,1,1.0
71,6,229.5,798.1,180.0,206.29999999999995,1,1,1.0
71,7,404.6,857.0,224.10000000000002,167.70000000000005,1,1,1.0
71,8,567.6,716.7,255.5,172.79999999999995,1,1,1.0
71,9,1038.1,470.8,174.4000000000001,390.7,1,1,1.0
71,10,1098.1,302.8,387.8000000000002,182.3,1,1,1.0
72,1,235.2,385.3,187.0,152.40000000000003,1,1,0.0
72,2,98.1,586.0,220.29999999999998,160.70000000000005,1,1,1.0
72,3,389.9,509.7,195.80000000000007,254.3,1,1,1.0
72,4,89.1,830.6,240.04999999999998,170.09000000000003,1,1,1.0
72,5,168.7,739.0,200.10000000000002,173.39999999999998,1,1,1.0
72,6,229.5,800.7,183.7,203.69999999999993,1,1,1.0
72,7,404.6,857.0,213.39999999999998,167.70000000000005,1,1,1.0
72,8,544.2,716.7,287.19999999999993,206.0,1,1,1.0
72,9,1038.1,470.8,187.20000000000005,368.09999999999997,1,1,1.0
72,10,1132.0,302.8,353.9000000000001,182.3,1,1,1.0
73,1,235.2,385.3,186.40000000000003,152.40000000000003,1,1,0.0
73,2,98.1,586.0,215.29999999999998,160.70000000000005,1,1,1.0
73,3,389.9,509.7,195.80000000000007,254.3,1,1,1.0
73,4,89.1,830.6,240.04999999999998,170.09000000000003,1,1,1.0
73,5,168.7,739.0,203.2,173.39999999999998,1,1,1.0
73,6,229.5,800.7,183.7,203.69999999999993,1,1,1.0
73,7,408.4,857.0,209.60000000000002,167.70000000000005,1,1,1.0
73,8,536.7,716.7,303.0,210.5,1,1,1.0
73,9,1032.1,470.8,187.9000000000001,357.59999999999997,1,1,1.0
73,10,1107.1,305.8,372.0,155.89999999999998,1,1,1.0
74,1,235.2,385.3,187.0,152.40000000000003,1,1,0.0
74,2,98.1,579.7,215.29999999999998,161.29999999999995,1,1,1.0
74,3,389.9,509.7,195.80000000000007,254.3,1,1,1.0
74,4,89.1,830.6,240.04999999999998,170.09000000000003,1,1,1.0
74,5,168.7,739.0,203.2,173.39999999999998,1,1,1.0
74,6,229.5,800.7,183.7,203.69999999999993,1,1,1.0
74,7,408.4,857.0,201.39999999999998,167.70000000000005,1,1,1.0
74,8,575.9,711.4,264.6,215.80000000000007,1,1,1.0
74,9,1041.9,480.6,159.29999999999995,356.1,1,1,1.0
74,10,1113.9,273.4,377.29999999999995,198.8,1,1,1.0
75,1,235.2,385.3,190.8,152.40000000000003,1,1,0.0
75,2,95.6,586.6,210.29999999999998,154.39999999999998,1,1,1.0
75,3,389.9,509.7,195.80000000000007,254.3,1,1,1.0
75,4,93.8,830.6,235.34999999999997,170.09000000000003,1,1,1.0
75,5,168.7,739.0,203.2,173.39999999999998,1,1,1.0
75,6,229.5,800.7,183.7,203.69999999999993,1,1,1.0
75,7,408.4,857.0,201.39999999999998,167.70000000000005,1,1,1.0
75,8,580.4,718.2,265.4,192.39999999999998,1,1,1.0
75,9,1048.7,474.6,163.0,371.9,1,1,1.0
75,10,1166.6,288.4,320.10000000000014,235.0,1,1,1.0
76,1,235.2,385.3,187.7,152.40000000000003,1,1,0.0
76,2,95.6,579.7,191.50000000000003,166.29999999999995,1,1,1.0
76,3,389.9,509.7,195.80000000000007,254.3,1,1,1.0
76,4,93.8,830.6,235.34999999999997,170.09000000000003,1,1,1.0
76,5,168.7,739.0,203.2,173.39999999999998,1,1,1.0
76,6,229.5,800.7,183.7,203.69999999999993,1,1,1.0
76,7,408.4,857.0,201.39999999999998,167.70000000000005,1,1,1.0
76,8,543.5,722.7,309.79999999999995,229.29999999999995,1,1,1.0
76,9,1041.9,478.4,172.0999999999999,365.80000000000007,1,1,1.0
76,10,1122.1,267.3,372.10000000000014,213.89999999999998,1,1,1.0
77,1,235.2,385.3,189.5,152.40000000000003,1,1,0.0
77,2,98.1,576.6,189.00000000000003,169.39999999999998,1,1,1.0
77,3,389.9,509.7,195.80000000000007,254.3,1,1,1.0
77,4,93.8,830.6,235.34999999999997,170.09000000000003,1,1,1.0
77,5,168.7,739.0,203.2,173.39999999999998,1,1,1.0
77,6,229.5,800.7,183.7,203.69999999999993,1,1,1.0
77,7,408.4,857.0,201.39999999999998,167.70000000000005,1,1,1.0
77,8,533.0,740.8,343.70000000000005,165.20000000000005,1,1,1.0
77,9,1020.8,496.5,190.20000000000005,338.70000000000005,1,1,1.0
77,10,1107.8,297.4,409.0,179.3,1,1,1.0
78,1,235.2,385.3,189.5,152.40000000000003,1,1,0.0
78,2,98.1,579.1,194.00000000000003,166.89999999999998,1,1,1.0
78,3,389.9,509.7,195.80000000000007,254.3,1,1,1.0
78,4,93.8,830.6,235.34999999999997,170.09000000000003,1,1,1.0
78,5,168.7,739.0,200.10000000000002,173.39999999999998,1,1,1.0
78,6,229.5,800.7,183.7,203.69999999999993,1,1,1.0
78,7,408.4,857.0,201.39999999999998,167.70000000000005,1,1,1.0
78,8,536.0,740.8,340.70000000000005,175.70000000000005,1,1,1.0
78,9,1031.3,496.5,179.70000000000005,323.6,1,1,1.0
78,10,1107.8,273.3,397.70000000000005,192.09999999999997,1,1,1.0
79,1,235.2,385.3,189.5,152.40000000000003,1,1,0.0
79,2,98.1,583.5,194.00000000000003,162.5,1,1,1.0
79,3,389.9,509.7,195.80000000000007,254.3,1,1,1.0
79,4,93.8,830.6,235.34999999999997,170.09000000000003,1,1,1.0
79,5,168.7,739.0,203.8,173.39999999999998,1,1,1.0
79,6,229.5,800.7,183.7,203.69999999999993,1,1,1.0
79,7,408.4,857.0,201.39999999999998,167.70000000000005,1,1,1.0
79,8,536.8,734.8,338.4000000000001,182.5,1,1,1.0
79,9,1035.8,507.0,175.20000000000005,324.4,1,1,1.0
79,10,1081.4,273.3,424.0999999999999,189.09999999999997,1,1,1.0
80,1,235.2,385.3,189.5,152.40000000000003,1,1,0.0
80,2,98.1,587.3,197.79999999999998,158.70000000000005,1,1,1.0
80,3,389.9,509.7,195.80000000000007,254.3,1,1,1.0
80,4,101.6,818.0,227.54999999999998,182.69000000000005,1,1,1.0
80,5,168.7,739.0,200.7,173.39999999999998,1,1,1.0
80,6,229.5,800.7,183.7,203.69999999999993,1,1,1.0
80,7,408.4,857.0,201.39999999999998,167.70000000000005,1,1,1.0
80,8,576.0,716.0,249.5,175.70000000000005,1,1,1.0
80,9,966.5,480.6,232.4000000000001,286.0,1,1,1.0
80,10,1081.4,278.6,436.89999999999986,210.0,1,1,1.0
81,1,235.2,385.3,189.5,152.40000000000003,1,1,0.0
81,2,98.1,581.6,195.29999999999998,164.39999999999998,1,1,1.0
81,3,389.9,509.7,195.80000000000007,254.3,1,1,1.0
81,4,105.3,807.5,223.84999999999997,193.19000000000005,1,1,1.0
81,5,168.7,739.0,198.60000000000002,173.39999999999998,1,1,1.0
81,6,229.5,800.7,183.7,203.69999999999993,1,1,1.0
81,7,408.4,857.0,219.60000000000002,167.70000000000005,1,1,1.0
81,8,548.9,707.0,278.9,168.89999999999998,1,1,1.0
81,9,939.4,472.3,259.5000000000001,271.7,1,1,1.0
81,10,1057.3,284.6,461.0,212.5,1,1,1.0
82,1,235.2,385.3,189.5,152.40000000000003,1,1,0.0
82,2,98.1,577.8,191.50000000000003,165.10000000000002,1,1,1.0
82,3,389.9,509.7,208.39999999999998,254.3,1,1,1.0
82,4,103.2,808.0,225.95,192.69000000000005,1,1,1.0
82,5,168.7,743.7,201.2,168.69999999999993,1,1,1.0
82,6,229.5,800.7,183.7,203.69999999999993,1,1,1.0
82,7,408.4,857.0,209.60000000000002,167.70000000000005,1,1,1.0
82,8,542.9,745.4,289.4,151.60000000000002,1,1,1.0
82,9,962.0,465.5,241.4000000000001,286.79999999999995,1,1,1.0
82,10,1057.3,296.7,455.70000000000005,200.40000000000003,1,1,1.0
83,1,235.2,385.3,189.5,152.40000000000003,1,1,0.0
83,2,98.1,585.3,201.50000000000003,157.60000000000002,1,1,1.0
83,3,389.9,509.7,212.20000000000005,254.3,1,1,1.0
83,4,104.8,803.8,224.34999999999997,196.8900000000001,1,1,1.0
83,5,168.7,743.7,201.2,168.69999999999993,1,1,1.0
83,6,229.5,800.7,183.7,203.69999999999993,1,1,1.0
83,7,408.4,853.2,223.39999999999998,171.5,1,1,1.0
83,8,545.9,745.4,270.6,135.80000000000007,1,1,1.0
83,9,983.9,467.0,219.5000000000001,291.29999999999995,1,1,1.0
83,10,1095.0,296.7,409.71000000000004,200.40000000000003,1,1,1.0
84,1,235.2,385.3,189.5,152.40000000000003,1,1,0.0
84,2,98.1,585.3,204.00000000000003,157.60000000000002,1,1,1.0
84,3,389.9,509.7,212.20000000000005,254.3,1,1,1.0
84,4,101.7,801.7,227.45,198.99,1,1,1.0
84,5,168.7,743.7,201.2,168.69999999999993,1,1,1.0
84,6,229.5,800.7,183.7,203.69999999999993,1,1,1.0
84,7,408.4,846.3,227.20000000000005,178.4000000000001,1,1,1.0
84,8,564.0,745.4,251.0,144.10000000000002,1,1,1.0
84,9,993.7,467.0,209.70000000000005,313.9,1,1,1.0
84,10,1122.9,299.7,371.29999999999995,197.40000000000003,1,1,1.0
85,1,235.2,385.3,189.5,152.40000000000003,1,1,0.0
85,2,98.1,585.3,204.00000000000003,157.60000000000002,1,1,1.0
85,3,389.9,509.7,212.20000000000005,254.3,1,1,1.0
85,4,106.9,803.3,222.24999999999997,197.3900000000001,1,1,1.0
85,5,168.7,743.7,201.2,168.69999999999993,1,1,1.0
85,6,229.5,802.8,187.89999999999998,201.60000000000002,1,1,1.0
85,7,408.4,857.0,228.5,167.70000000000005,1,1,1.0
85,8,564.0,749.2,246.5,140.29999999999995,1,1,1.0
85,9,1001.2,467.0,191.70000000000005,316.9,1,1,1.0
85,10,1135.0,299.7,351.70000000000005,197.40000000000003,1,1,1.0
86,1,235.2,385.3,189.5,152.40000000000003,1,1,0.0
86,2,98.1,586.6,207.1,156.29999999999995,1,1,1.0
86,3,389.9,509.7,204.70000000000005,254.3,1,1,1.0
86,4,101.1,808.0,228.04999999999998,192.69000000000005,1,1,1.0
86,5,168.7,743.7,184.5,168.69999999999993,1,1,1.0
86,6,229.5,802.8,190.5,201.60000000000002,1,1,1.0
86,7,408.4,857.0,228.5,167.70000000000005,1,1,1.0
86,8,564.0,749.2,246.5,137.19999999999993,1,1,1.0
86,9,977.1,467.0,210.4999999999999,285.29999999999995,1,1,1.0
86,10,1112.4,299.7,364.5,197.40000000000003,1,1,1.0
87,1,235.2,385.3,189.5,152.40000000000003,1,1,0.0
87,2,98.1,584.1,207.1,158.79999999999995,1,1,1.0
87,3,389.9,509.7,201.60000000000002,254.3,1,1,1.0
87,4,101.1,802.8,228.04999999999998,197.8900000000001,1,1,1.0
87,5,168.7,743.7,184.5,168.69999999999993,1,1,1.0
87,6,229.5,802.8,191.5,201.60000000000002,1,1,1.0
87,7,408.4,857.0,228.5,167.70000000000005,1,1,1.0
87,8,573.0,740.2,235.20000000000005,146.19999999999993,1,1,1.0
87,9,994.4,463.2,193.19999999999993,296.59999999999997,1,1,1.0
87,10,1113.9,299.7,361.5,197.40000000000003,1,1,1.0
88,1,235.2,385.3,189.5,152.40000000000003,1,1,0.0
88,2,98.1,585.4,207.1,157.5,1,1,1.0
88,3,389.9,509.7,201.60000000000002,254.3,1,1,1.0
88,4,101.1,800.2,228.04999999999998,200.49,1,1,1.0
88,5,168.7,743.7,184.5,172.89999999999998,1,1,1.0
88,6,229.5,802.8,193.10000000000002,201.60000000000002,1,1,1.0
88,7,408.4,857.0,228.5,167.70000000000005,1,1,1.0
88,8,567.7,743.2,240.5,143.19999999999993,1,1,1.0
88,9,1001.9,463.2,185.69999999999993,317.7,1,1,1.0
88,10,1180.2,299.7,302.0,215.50000000000006,1,1,1.0
89,1,235.2,385.3,189.5,152.40000000000003,1,1,0.0
89,2,98.1,580.4,201.4,162.5,1,1,1.0
89,3,389.9,509.7,201.60000000000002,254.3,1,1,1.0
89,4,101.1,803.3,228.04999999999998,197.3900000000001,1,1,1.0
89,5,143.6,743.7,209.6,184.89999999999998,1,1,1.0
89,6,229.5,802.8,197.8,201.60000000000002,1,1,1.0
89,7,408.4,857.0,228.5,167.70000000000005,1,1,1.0
89,8,567.7,743.2,240.5,143.19999999999993,1,1,1.0
89,9,994.4,457.9,193.19999999999993,324.5,1,1,1.0
89,10,1181.0,293.7,293.70000000000005,215.5,1,1,1.0
90,1,235.2,385.3,189.5,152.40000000000003,1,1,0.0
90,2,98.1,580.4,201.4,162.5,1,1,1.0
90,3,389.9,509.7,201.60000000000002,254.3,1,1,1.0
90,4,101.1,805.4,228.04999999999998,195.29000000000008,1,1,1.0
90,5,115.9,743.7,262.4,128.89999999999998,1,1,1.0
90,6,229.5,802.8,200.39999999999998,201.60000000000002,1,1,1.0
90,7,400.2,857.0,236.7,167.70000000000005,1,1,1.0
90,8,567.7,743.2,240.5,143.19999999999993,1,1,1.0
90,9,1003.4,457.9,184.19999999999993,320.70000000000005,1,1,1.0
90,10,1184.0,293.7,290.70000000000005,215.5,1,1,1.0
91,1,235.2,385.3,189.5,152.40000000000003,1,1,0.0
91,2,98.1,580.4,201.4,162.5,1,1,1.0
91,3,389.9,509.7,212.89999999999998,254.3,1,1,1.0
91,4,101.1,805.4,228.04999999999998,195.29000000000008,1,1,1.0
91,5,133.7,743.7,258.7,133.5999999999999,1,1,1.0
91,6,229.5,802.8,201.39999999999998,201.60000000000002,1,1,1.0
91,7,405.9,866.4,212.20000000000005,158.30000000000007,1,1,1.0
91,8,589.6,743.2,218.60000000000002,153.69999999999993,1,1,1.0
91,9,995.9,465.4,191.69999999999993,321.5,1,1,1.0
91,10,1110.2,289.2,369.0,194.40000000000003,1,1,1.0
92,1,235.2,385.3,189.5,152.40000000000003,1,1,0.0
92,2,98.1,580.4,195.70000000000002,162.5,1,1,1.0
92,3,389.9,509.7,204.10000000000002,254.3,1,1,1.0
92,4,101.1,805.4,228.04999999999998,195.29000000000008,1,1,1.0
92,5,133.7,751.0,258.7,128.39999999999998,1,1,1.0
92,6,229.5,802.8,187.8,201.60000000000002,1,1,1.0
92,7,405.9,862.6,212.20000000000005,162.10000000000002,1,1,1.0
92,8,589.6,743.2,218.60000000000002,151.39999999999998,1,1,1.0
92,9,1002.7,465.4,184.89999999999986,320.0,1,1,1.0
92,10,1083.1,301.3,424.70000000000005,172.5,1,1,1.0
93,1,235.2,385.3,189.5,152.40000000000003,1,1,0.0
93,2,98.1,580.4,195.70000000000002,162.5,1,1,1.0
93,3,389.9,509.7,206.60000000000002,250.50000000000006,1,1,1.0
93,4,101.1,805.4,228.04999999999998,195.29000000000008,1,1,1.0
93,5,132.1,751.0,260.29999999999995,133.10000000000002,1,1,1.0
93,6,229.5,808.0,184.7,196.39999999999998,1,1,1.0
93,7,405.9,862.6,234.20000000000005,162.10000000000002,1,1,1.0
93,8,589.6,743.2,218.60000000000002,146.89999999999998,1,1,1.0
93,9,1010.2,471.4,177.39999999999986,298.9,1,1,1.0
93,10,1067.3,314.9,479.70000000000005,183.0,1,1,1.0
94,1,235.2,385.3,189.5,152.40000000000003,1,1,0.0
94,2,94.3,580.4,207.0,162.5,1,1,1.0
94,3,349.7,546.1,226.7,225.39999999999998,1,1,1.0
94,4,95.3,808.5,233.84999999999997,192.19000000000005,1,1,1.0
94,5,136.8,758.3,255.59999999999997,125.80000000000007,1,1,1.0
94,6,229.5,808.0,184.7,196.39999999999998,1,1,1.0
94,7,405.9,862.6,234.20000000000005,162.10000000000002,1,1,1.0
94,8,589.6,744.7,218.60000000000002,145.39999999999998,1,1,1.0
94,9,1038.8,496.3,166.10000000000014,279.99999999999994,1,1,1.0
94,10,750.07,406.8,284.52999999999986,186.04000000000002,1,1,1.0
95,1,235.2,385.3,189.5,152.40000000000003,1,1,0.0
95,2,94.3,580.4,212.0,157.5,1,1,1.0
95,3,340.3,554.3,236.09999999999997,217.20000000000005,1,1,1.0
95,4,103.7,796.5,225.45,204.19000000000005,1,1,1.0
95,5,136.8,758.3,255.59999999999997,128.9000000000001,1,1,1.0
95,6,229.5,808.0,184.7,196.39999999999998,1,1,1.0
95,7,405.9,862.6,234.20000000000005,162.10000000000002,1,1,1.0
95,8,589.6,744.7,218.60000000000002,158.19999999999993,1,1,1.0
95,9,1013.2,469.2,178.0999999999999,310.09999999999997,1,1,1.0
95,10,742.5,420.4,318.5,173.89999999999998,1,1,1.0
96,1,235.2,385.3,189.5,152.40000000000003,1,1,0.0
96,2,94.3,586.7,217.7,151.19999999999993,1,1,1.0
96,3,340.3,576.3,231.09999999999997,195.20000000000005,1,1,1.0
96,4,103.7,803.3,225.45,197.3900000000001,1,1,1.0
96,5,130.5,758.3,259.3,131.0,1,1,1.0
96,6,229.5,802.8,206.7,201.60000000000002,1,1,1.0
96,7,405.9,862.6,234.20000000000005,162.10000000000002,1,1,1.0
96,8,589.6,744.7,218.60000000000002,155.89999999999998,1,1,1.0
96,9,1013.2,472.2,178.0999999999999,293.50000000000006,1,1,1.0
96,10,742.5,440.0,330.5999999999999,154.29999999999995,1,1,1.0
97,1,235.2,385.3,189.5,152.40000000000003,1,1,0.0
97,2,94.3,586.7,217.7,149.29999999999995,1,1,1.0
97,3,340.3,576.3,231.09999999999997,199.60000000000002,1,1,1.0
97,4,103.7,803.3,225.45,197.3900000000001,1,1,1.0
97,5,130.5,758.3,259.3,131.0,1,1,1.0
97,6,229.5,802.8,202.5,201.60000000000002,1,1,1.0
97,7,405.9,862.6,234.20000000000005,162.10000000000002,1,1,1.0
97,8,589.6,744.7,218.60000000000002,152.0999999999999,1,1,1.0
97,9,891.1,530.2,312.30000000000007,185.0,1,1,1.0
97,10,742.5,442.3,329.79999999999995,144.49999999999994,1,1,1.0
98,1,235.2,385.3,189.5,152.40000000000003,1,1,0.0
98,2,94.3,582.9,217.7,153.10000000000002,1,1,1.0
98,3,340.3,576.3,231.09999999999997,199.60000000000002,1,1,1.0
98,4,97.4,803.3,229.66,197.3900000000001,1,1,1.0
98,5,130.5,758.3,259.3,135.20000000000005,1,1,1.0
98,6,229.5,802.8,202.5,201.60000000000002,1,1,1.0
98,7,405.9,862.6,234.20000000000005,162.10000000000002,1,1,1.0
98,8,589.6,744.7,218.60000000000002,157.39999999999998,1,1,1.0
98,9,771.3,577.7,389.10000000000014,114.89999999999998,1,1,1.0
98,10,726.8,442.3,345.5,151.3,1,1,1.0
99,1,235.2,385.3,189.5,152.40000000000003,1,1,0.0
99,2,94.3,582.9,220.2,153.10000000000002,1,1,1.0
99,3,340.3,576.3,231.09999999999997,199.60000000000002,1,1,1.0
99,4,97.4,803.3,229.66,197.3900000000001,1,1,1.0
99,5,151.4,743.6,221.70000000000002,130.0,1,1,1.0
99,6,229.5,788.1,197.3,216.29999999999995,1,1,1.0
99,7,405.9,862.6,234.20000000000005,162.10000000000002,1,1,1.0
99,8,589.6,744.7,218.60000000000002,163.39999999999998,1,1,1.0
99,9,730.6,570.9,337.9,165.39999999999998,1,1,1.0
99,10,764.0,442.3,308.29999999999995,163.90000000000003,1,1,1.0
100,1,235.2,385.3,189.5,152.40000000000003,1,1,0.0
100,2,94.3,582.9,217.7,151.80000000000007,1,1,1.0
100,3,340.3,576.3,231.09999999999997,199.60000000000002,1,1,1.0
100,4,101.6,808.0,225.46,192.69000000000005,1,1,1.0
100,5,142.5,754.6,244.2,126.29999999999995,1,1,1.0
100,6,229.5,796.5,193.10000000000002,207.89999999999998,1,1,1.0
100,7,405.9,862.6,234.20000000000005,162.10000000000002,1,1,1.0
100,8,582.8,744.7,225.4000000000001,165.69999999999993,1,1,1.0
100,9,740.0,570.9,325.4000000000001,179.20000000000005,1,1,1.0
100,10,767.1,432.4,303.6,173.80000000000007,1,1,1.0
101,1,235.2,385.3,189.5,152.40000000000003,1,1,0.0
101,2,94.3,569.1,217.7,165.60000000000002,1,1,1.0
101,3,340.3,576.3,231.09999999999997,199.60000000000002,1,1,1.0
101,4,107.9,798.6,219.16,202.09000000000003,1,1,1.0
101,5,135.2,749.4,248.90000000000003,137.30000000000007,1,1,1.0
101,6,229.5,790.7,193.10000000000002,213.69999999999993,1,1,1.0
101,7,405.9,862.6,219.10000000000002,162.10000000000002,1,1,1.0
101,8,591.1,744.7,217.10000000000002,165.69999999999993,1,1,1.0
101,9,732.5,572.2,329.79999999999995,157.79999999999995,1,1,1.0
101,10,773.4,432.4,297.30000000000007,173.80000000000007,1,1,1.0
102,1,235.2,385.3,189.5,152.40000000000003,1,1,0.0
102,2,94.3,581.0,210.8,153.70000000000005,1,1,1.0
102,3,340.3,576.3,244.90000000000003,199.60000000000002,1,1,1.0
102,4,110.0,796.0,217.06,204.69000000000005,1,1,1.0
102,5,135.7,747.3,248.40000000000003,144.60000000000002,1,1,1.0
102,6,229.5,795.4,193.10000000000002,209.0,1,1,1.0
102,7,409.7,862.6,215.3,162.10000000000002,1,1,1.0
102,8,591.1,744.7,217.10000000000002,158.19999999999993,1,1,1.0
102,9,667.8,574.7,359.29999999999995,125.19999999999993,1,1,1.0
102,10,797.5,412.5,261.70000000000005,173.29999999999995,1,1,1.0
103,1,235.2,385.3,189.5,152.40000000000003,1,1,0.0
103,2,94.3,571.6,213.3,163.10000000000002,1,1,1.0
103,3,346.0,571.9,239.20000000000005,204.0,1,1,1.0
103,4,113.1,796.0,213.96,204.69000000000005,1,1,1.0
103,5,138.8,743.1,245.3,148.79999999999995,1,1,1.0
103,6,229.5,795.4,193.10000000000002,209.0,1,1,1.0
103,7,409.7,862.6,215.3,162.10000000000002,1,1,1.0
103,8,591.1,744.7,217.10000000000002,161.19999999999993,1,1,1.0
103,9,569.2,574.7,375.5999999999999,183.0,1,1,1.0
103,10,776.6,412.5,282.6,178.60000000000002,1,1,1.0
104,1,235.2,385.3,189.5,152.40000000000003,1,1,0.0
104,2,96.8,568.5,208.89999999999998,175.0,1,1,1.0
104,3,346.0,571.9,243.0,204.0,1,1,1.0
104,4,113.1,796.0,213.96,204.69000000000005,1,1,1.0
104,5,138.8,743.1,245.3,148.79999999999995,1,1,1.0
104,6,229.5,795.4,193.10000000000002,209.0,1,1,1.0
104,7,409.7,862.6,215.3,162.10000000000002,1,1,1.0
104,8,591.1,747.7,217.10000000000002,158.19999999999993,1,1,1.0
104,9,599.3,569.0,314.70000000000005,236.39999999999998,1,1,1.0
104,10,784.4,414.6,290.80000000000007,170.69999999999993,1,1,1.0
105,1,235.2,385.3,189.5,152.40000000000003,1,1,0.0
105,2,102.5,586.7,219.5,156.79999999999995,1,1,1.0
105,3,346.0,571.9,243.0,204.0,1,1,1.0
105,4,113.1,801.2,213.96,199.49,1,1,1.0
105,5,141.4,743.1,242.70000000000002,148.79999999999995,1,1,1.0
105,6,229.5,795.4,193.10000000000002,209.0,1,1,1.0
105,7,409.7,862.6,215.3,162.10000000000002,1,1,1.0
105,8,591.1,747.7,217.10000000000002,158.19999999999993,1,1,1.0
105,9,631.3,547.7,257.0,299.0999999999999,1,1,1.0
105,10,787.0,413.6,278.5999999999999,245.5,1,1,1.0
106,1,235.2,385.3,189.5,152.40000000000003,1,1,0.0
106,2,102.5,598.0,223.3,145.5,1,1,1.0
106,3,346.0,571.9,243.0,204.0,1,1,1.0
106,4,110.0,798.6,217.06,202.09000000000003,1,1,1.0
106,5,141.4,743.1,242.70000000000002,148.79999999999995,1,1,1.0
106,6,229.5,795.4,200.89999999999998,209.0,1,1,1.0
106,7,409.7,862.6,215.3,162.10000000000002,1,1,1.0
106,8,591.1,747.7,217.10000000000002,158.19999999999993,1,1,1.0
106,9,631.3,553.4,257.0,285.20000000000005,1,1,1.0
106,10,795.4,412.5,263.80000000000007,244.0,1,1,1.0
107,1,235.2,385.3,189.5,152.40000000000003,1,1,0.0
107,2,98.1,584.2,231.50000000000003,159.29999999999995,1,1,1.0
107,3,341.6,568.8,221.69999999999993,199.60000000000002,1,1,1.0
107,4,104.8,800.2,222.26,200.49,1,1,1.0
107,5,141.4,743.1,242.70000000000002,148.79999999999995,1,1,1.0
107,6,229.5,795.4,193.60000000000002,209.0,1,1,1.0
107,7,409.7,862.6,215.3,162.10000000000002,1,1,1.0
107,8,591.1,747.7,217.10000000000002,158.19999999999993,1,1,1.0
107,9,633.2,543.4,248.19999999999993,293.30000000000007,1,1,1.0
107,10,797.75,405.45,257.25,271.2,1,1,1.0
108,1,235.2,385.3,189.5,152.40000000000003,1,1,0.0
108,2,57.3,608.7,276.09999999999997,126.59999999999991,1,1,1.0
108,3,357.3,560.6,205.99999999999994,207.79999999999995,1,1,1.0
108,4,97.5,808.6,229.56,192.09000000000003,1,1,1.0
108,5,141.4,743.1,242.70000000000002,148.79999999999995,1,1,1.0
108,6,229.5,792.8,193.60000000000002,211.60000000000002,1,1,1.0
108,7,409.7,862.6,222.2,162.10000000000002,1,1,1.0
108,8,580.6,747.7,227.60000000000002,144.5999999999999,1,1,1.0
108,9,637.0,543.4,204.79999999999995,309.6,1,1,1.0
108,10,800.1,398.4,250.69999999999993,298.4,1,1,1.0
109,1,235.2,385.3,189.5,152.40000000000003,1,1,0.0
109,2,79.9,601.2,259.79999999999995,136.5999999999999,1,1,1.0
109,3,351.6,561.9,215.5,233.5,1,1,1.0
109,4,94.4,819.1,232.66,181.59000000000003,1,1,1.0
109,5,136.2,743.1,247.90000000000003,148.79999999999995,1,1,1.0
109,6,229.5,795.9,193.60000000000002,208.5,1,1,1.0
109,7,409.7,862.6,222.2,162.10000000000002,1,1,1.0
109,8,585.1,747.7,223.10000000000002,144.5999999999999,1,1,1.0
109,9,598.7,522.0,201.69999999999993,337.29999999999995,1,1,1.0
109,10,803.8,398.4,228.20000000000005,263.30000000000007,1,1,1.0
110,1,235.2,385.3,189.5,152.40000000000003,1,1,0.0
110,2,96.2,601.2,243.5,136.5999999999999,1,1,1.0
110,3,351.6,561.9,215.5,233.5,1,1,1.0
110,4,88.1,829.6,238.96,171.09000000000003,1,1,1.0
110,5,136.2,743.1,247.90000000000003,148.79999999999995,1,1,1.0
110,6,229.5,795.9,193.60000000000002,208.5,1,1,1.0
110,7,409.7,862.6,231.00000000000006,162.10000000000002,1,1,1.0
110,8,580.6,747.7,227.60000000000002,144.5999999999999,1,1,1.0
110,9,598.7,509.4,206.69999999999993,341.1,1,1,1.0
110,10,823.4,387.9,118.89999999999998,325.80000000000007,1,1,1.0
111,1,235.2,385.3,189.5,152.40000000000003,1,1,0.0
111,2,93.1,601.2,246.6,136.5999999999999,1,1,1.0
111,3,351.6,561.9,215.5,226.0,1,1,1.0
111,4,88.1,829.6,238.96,171.09000000000003,1,1,1.0
111,5,136.2,743.1,242.7,148.79999999999995,1,1,1.0
111,6,229.5,791.2,196.7,213.19999999999993,1,1,1.0
111,7,409.7,862.6,231.00000000000006,162.10000000000002,1,1,1.0
111,8,585.1,747.7,223.10000000000002,144.5999999999999,1,1,1.0
111,9,598.7,506.3,231.19999999999993,316.59999999999997,1,1,1.0
111,10,823.4,398.8,193.70000000000005,279.8,1,1,1.0
112,1,235.2,385.3,189.5,152.40000000000003,1,1,0.0
112,2,93.1,599.9,246.6,137.89999999999998,1,1,1.0
112,3,351.6,561.9,215.5,226.0,1,1,1.0
112,4,88.1,829.6,238.96,171.09000000000003,1,1,1.0
112,5,136.2,743.1,242.7,148.79999999999995,1,1,1.0
112,6,229.5,778.6,197.7,225.79999999999995,1,1,1.0
112,7,409.7,862.6,231.00000000000006,162.10000000000002,1,1,1.0
112,8,585.1,747.7,223.10000000000002,144.5999999999999,1,1,1.0
112,9,598.7,506.3,194.19999999999993,349.3,1,1,1.0
112,10,807.2,417.1,233.39999999999986,251.60000000000002,1,1,1.0
113,1,235.2,385.3,189.5,152.40000000000003,1,1,0.0
113,2,93.1,599.9,249.70000000000002,137.89999999999998,1,1,1.0
113,3,354.7,561.3,212.40000000000003,226.60000000000002,1,1,1.0
113,4,95.9,810.2,231.16,190.49,1,1,1.0
113,5,136.2,743.1,251.10000000000002,148.79999999999995,1,1,1.0
113,6,229.5,776.5,195.10000000000002,227.89999999999998,1,1,1.0
113,7,409.7,862.6,231.00000000000006,162.10000000000002,1,1,1.0
113,8,585.1,747.7,223.10000000000002,144.5999999999999,1,1,1.0
113,9,598.7,500.0,220.5999999999999,343.0,1,1,1.0
113,10,811.9,411.9,190.5,281.4,1,1,1.0
114,1,235.2,385.3,189.5,152.40000000000003,1,1,0.0
114,2,95.6,599.9,247.20000000000002,137.89999999999998,1,1,1.0
114,3,357.3,561.9,209.8,226.0,1,1,1.0
114,4,98.0,801.8,229.06,198.8900000000001,1,1,1.0
114,5,133.1,743.1,254.20000000000002,148.79999999999995,1,1,1.0
114,6,229.5,783.3,195.10000000000002,221.10000000000002,1,1,1.0
114,7,409.7,862.6,231.00000000000006,162.10000000000002,1,1,1.0
114,8,585.1,747.7,220.10000000000002,144.5999999999999,1,1,1.0
114,9,598.7,500.0,153.39999999999998,353.70000000000005,1,1,1.0
114,10,806.7,411.9,238.5999999999999,256.80000000000007,1,1,1.0
115,1,235.2,385.3,189.5,152.40000000000003,1,1,0.0
115,2,96.2,599.9,246.60000000000002,135.39999999999998,1,1,1.0
115,3,357.3,560.0,209.8,227.89999999999998,1,1,1.0
115,4,103.2,801.8,223.86,198.8900000000001,1,1,1.0
115,5,124.2,743.1,263.1,148.79999999999995,1,1,1.0
115,6,229.5,783.3,193.5,221.10000000000002,1,1,1.0
115,7,409.7,862.6,231.00000000000006,162.10000000000002,1,1,1.0
115,8,585.1,751.5,217.10000000000002,140.79999999999995,1,1,1.0
115,9,570.4,501.9,181.70000000000005,332.30000000000007,1,1,1.0
115,10,806.7,421.8,247.0,259.49999999999994,1,1,1.0
116,1,235.2,385.3,189.5,152.40000000000003,1,1,0.0
116,2,96.2,599.9,246.60000000000002,135.39999999999998,1,1,1.0
116,3,357.9,559.4,209.20000000000005,231.0,1,1,1.0
116,4,103.2,801.8,223.86,198.8900000000001,1,1,1.0
116,5,130.0,743.1,257.3,148.79999999999995,1,1,1.0
116,6,229.5,783.3,195.60000000000002,221.10000000000002,1,1,1.0
116,7,409.7,862.6,231.00000000000006,162.10000000000002,1,1,1.0
116,8,585.1,751.5,217.79999999999995,140.79999999999995,1,1,1.0
116,9,533.4,523.2,240.0,302.19999999999993,1,1,1.0
116,10,806.7,422.4,193.0999999999999,252.10000000000002,1,1,1.0
117,1,235.2,385.3,189.5,152.40000000000003,1,1,0.0
117,2,93.1,599.9,252.20000000000002,135.39999999999998,1,1,1.0
117,3,357.9,559.4,209.20000000000005,231.0,1,1,1.0
117,4,103.2,801.8,223.86,198.8900000000001,1,1,1.0
117,5,129.0,743.1,258.3,148.79999999999995,1,1,1.0
117,6,229.5,774.4,195.60000000000002,230.0,1,1,1.0
117,7,409.7,862.6,212.2,162.10000000000002,1,1,1.0
117,8,530.8,743.2,279.70000000000005,137.79999999999995,1,1,1.0
117,9,473.7,601.1,282.7,202.89999999999998,1,1,1.0
117,10,815.1,415.0,176.89999999999998,255.79999999999995,1,1,1.0
118,1,235.2,385.3,189.5,152.40000000000003,1,1,0.0
118,2,93.1,599.9,252.20000000000002,129.70000000000005,1,1,1.0
118,3,357.9,559.4,215.5,222.80000000000007,1,1,1.0
118,4,103.2,801.8,223.86,198.8900000000001,1,1,1.0
118,5,129.0,743.1,258.3,148.79999999999995,1,1,1.0
118,6,229.5,791.1,195.60000000000002,213.29999999999995,1,1,1.0
118,7,409.7,862.6,195.90000000000003,162.10000000000002,1,1,1.0
118,8,512.7,794.4,320.4,134.80000000000007,1,1,1.0
118,9,500.1,572.8,286.4,222.4000000000001,1,1,1.0
118,10,828.7,405.6,155.5,299.19999999999993,1,1,1.0
119,1,235.2,385.3,189.5,152.40000000000003,1,1,0.0
119,2,99.4,599.9,245.9,129.70000000000005,1,1,1.0
119,3,364.2,553.7,209.2,228.5,1,1,1.0
119,4,98.5,814.4,228.56,186.29000000000008,1,1,1.0
119,5,137.9,743.1,249.4,148.79999999999995,1,1,1.0
119,6,229.5,785.9,195.60000000000002,218.5,1,1,1.0
119,7,409.7,862.6,195.90000000000003,162.10000000000002,1,1,1.0
119,8,493.1,792.1,349.0,134.79999999999995,1,1,1.0
119,9,462.42,497.45,205.97999999999996,251.25000000000006,1,1,1.0
119,10,825.6,393.6,138.19999999999993,345.69999999999993,1,1,1.0
120,1,226.4,380.9,198.29999999999998,156.80000000000007,1,1,0.0
120,2,99.4,599.9,245.9,127.20000000000005,1,1,1.0
120,3,364.2,553.7,209.2,228.5,1,1,1.0
120,4,98.5,814.4,228.56,186.29000000000008,1,1,1.0
120,5,134.8,743.1,252.5,148.79999999999995,1,1,1.0
120,6,229.5,785.9,195.60000000000002,218.5,1,1,1.0
120,7,409.7,862.6,195.90000000000003,162.10000000000002,1,1,1.0
120,8,508.9,795.9,333.20000000000005,131.0,1,1,1.0
120,9,335.58,476.1,303.92,196.60000000000002,1,1,1.0
120,10,796.3,393.6,154.4000000000001,347.79999999999995,1,1,1.0
121,1,226.4,380.9,198.29999999999998,156.80000000000007,1,1,0.0
121,2,102.5,594.9,242.8,127.80000000000007,1,1,1.0
121,3,364.2,575.7,213.00000000000006,209.5999999999999,1,1,1.0
121,4,102.2,795.0,224.86,205.69000000000005,1,1,1.0
121,5,140.6,745.7,246.70000000000002,146.19999999999993,1,1,1.0
121,6,229.5,792.7,195.60000000000002,211.69999999999993,1,1,1.0
121,7,409.7,862.6,205.90000000000003,162.10000000000002,1,1,1.0
121,8,527.0,774.8,305.29999999999995,128.70000000000005,1,1,1.0
121,9,302.93,462.91,293.27000000000004,134.38999999999993,1,1,1.0
121,10,732.5,520.8,276.29999999999995,190.80000000000007,1,1,1.0
