1,1,664.1,557.0,349.9,159.29999999999995,1,1,1.0
1,2,331.6,657.2,245.60000000000002,146.39999999999998,1,1,1.0
1,3,645.2,704.4,283.29999999999995,202.80000000000007,1,1,1.0
1,4,1090.9,454.6,264.79999999999995,174.79999999999995,1,1,1.0
1,5,1023.5,344.5,252.0999999999999,303.5,1,1,1.0
1,6,663.2,383.1,292.79999999999995,250.69999999999993,1,1,1.0
1,7,599.0,518.4,187.20000000000005,371.30000000000007,1,1,1.0
1,8,611.9,669.9,357.80000000000007,131.70000000000005,1,1,1.0
1,9,677.3,261.7,269.1,230.7,1,1,1.0
1,10,945.2,297.6,130.5999999999999,347.5,1,1,1.0
2,1,681.5,556.7,315.1,263.0999999999999,1,1,1.0
2,2,338.5,622.5,231.79999999999995,186.0,1,1,1.0
2,3,642.7,695.7,245.29999999999995,235.69999999999993,1,1,1.0
2,4,1092.5,444.1,268.5,185.79999999999995,1,1,1.0
2,5,1008.4,329.4,227.30000000000007,339.70000000000005,1,1,1.0
2,6,665.5,407.9,301.79999999999995,253.0,1,1,1.0
2,7,602.4,518.4,165.80000000000007,365.30000000000007,1,1,1.0
2,8,613.5,673.6,390.20000000000005,180.39999999999998,1,1,1.0
2,9,611.7,184.8,309.0999999999999,245.8,1,1,1.0
2,10,943.9,308.3,121.89999999999998,322.40000000000003,1,1,1.0
3,1,669.0,565.9,333.9,174.70000000000005,1,1,1.0
3,2,368.8,610.0,230.7,209.89999999999998,1,1,1.0
3,3,653.3,708.2,267.70000000000005,217.19999999999993,1,1,1.0
3,4,1059.0,424.2,293.0999999999999,263.8,1,1,1.0
3,5,999.4,335.4,210.69999999999993,304.30000000000007,1,1,1.0
3,6,693.2,331.4,241.26999999999998,254.02999999999997,1,1,1.0
3,7,603.9,480.7,133.39999999999998,336.00000000000006,1,1,1.0
3,8,622.9,679.4,380.80000000000007,143.20000000000005,1,1,1.0
3,9,450.4,290.29,185.60000000000002,230.00999999999993,1,1,1.0
3,10,937.0,318.3,129.20000000000005,309.3,1,1,1.0
4,1,669.7,562.6,320.69999999999993,184.19999999999993,1,1,1.0
4,2,363.5,574.6,233.89999999999998,193.60000000000002,1,1,1.0
4,3,645.8,703.2,273.9000000000001,229.69999999999993,1,1,1.0
4,4,1200.3,399.7,179.5,328.50000000000006,1,1,1.0
4,5,981.3,360.3,233.29999999999995,280.09999999999997,1,1,1.0
4,6,667.0,294.8,264.9,267.3,1,1,1.0
4,7,574.5,459.6,148.5,282.5,1,1,1.0
4,8,617.7,675.7,320.0999999999999,161.0,1,1,1.0
4,9,438.3,292.6,174.3,275.9,1,1,1.0
4,10,901.5,333.4,183.0999999999999,262.5,1,1,1.0
5,1,664.8,558.7,351.30000000000007,178.39999999999998,1,1,1.0
5,2,369.1,562.8,222.79999999999995,210.30000000000007,1,1,1.0
5,3,626.3,715.8,244.4000000000001,229.70000000000005,1,1,1.0
5,4,1243.6,497.03,129.9000000000001,286.47,1,1,1.0
5,5,1026.5,345.2,188.0999999999999,329.90000000000003,1,1,1.0
5,6,668.5,309.1,246.10000000000002,244.29999999999995,1,1,1.0
5,7,564.7,470.9,191.5,265.20000000000005,1,1,1.0
5,8,617.7,674.7,393.4,143.19999999999993,1,1,1.0
5,9,451.9,287.6,180.30000000000007,248.5,1,1,1.0
5,10,903.6,327.1,184.10000000000002,284.1,1,1,1.0
6,1,665.5,564.1,344.29999999999995,180.60000000000002,1,1,1.0
6,2,370.5,512.8,221.39999999999998,274.20000000000005,1,1,1.0
6,3,556.0,729.0,243.70000000000005,190.79999999999995,1,1,1.0
6,4,1224.8,547.9,312.60000000000014,128.20000000000005,1,1,1.0
6,5,1037.0,342.9,174.5999999999999,296.0,1,1,1.0
6,6,639.1,346.8,286.79999999999995,197.2,1,1,1.0
6,7,564.7,476.2,190.0,277.2,1,1,1.0
6,8,630.3,673.7,306.0,197.0999999999999,1,1,1.0
6,9,448.9,282.8,176.5,250.3,1,1,1.0
6,10,917.5,327.1,167.0999999999999,287.9,1,1,1.0
7,1,671.1,558.1,331.1,165.79999999999995,1,1,1.0
7,2,356.6,545.4,239.5,236.70000000000005,1,1,1.0
7,3,489.4,782.4,236.20000000000005,126.10000000000002,1,1,1.0
7,4,1083.74,264.0,312.55999999999995,223.10000000000002,1,1,1.0
7,5,1032.5,358.0,171.5999999999999,311.79999999999995,1,1,1.0
7,6,638.3,343.0,292.9000000000001,186.70000000000005,1,1,1.0
7,7,594.1,476.2,204.29999999999995,379.7,1,1,1.0
7,8,733.4,653.0,189.30000000000007,302.79999999999995,1,1,1.0
7,9,451.9,272.2,175.0,263.2,1,1,1.0
7,10,906.2,323.3,183.39999999999986,278.49999999999994,1,1,1.0
8,1,666.2,558.4,336.69999999999993,209.89999999999998,1,1,1.0
8,2,362.9,547.9,231.80000000000007,241.10000000000002,1,1,1.0
8,3,454.3,772.4,255.59999999999997,132.30000000000007,1,1,1.0
8,4,792.6,250.4,345.09000000000003,119.20000000000002,1,1,1.0
8,5,1039.3,338.4,171.60000000000014,269.6,1,1,1.0
8,6,585.6,351.3,305.69999999999993,164.8,1,1,1.0
8,7,616.0,556.8,192.20000000000005,371.4000000000001,1,1,1.0
8,8,728.3,642.3,194.4000000000001,289.0,1,1,1.0
8,9,450.4,272.2,179.5,260.90000000000003,1,1,1.0
8,10,877.3,321.4,201.0,273.5,1,1,1.0
9,1,684.9,546.7,302.30000000000007,257.69999999999993,1,1,1.0
9,2,274.0,544.0,254.70000000000005,221.39999999999998,1,1,1.0
9,3,438.6,772.4,272.6,136.10000000000002,1,1,1.0
9,4,694.9,233.2,339.69999999999993,147.3,1,1,1.0
9,5,1040.8,333.9,161.10000000000014,262.0,1,1,1.0
9,6,581.1,357.3,236.29999999999995,166.3,1,1,1.0
9,7,598.7,571.1,272.79999999999995,342.79999999999995,1,1,1.0
9,8,694.4,631.6,208.20000000000005,278.69999999999993,1,1,1.0
9,9,450.4,273.75,180.21000000000004,264.65,1,1,1.0
9,10,861.0,323.9,211.70000000000005,272.30000000000007,1,1,1.0
10,1,681.9,546.0,292.0,214.29999999999995,1,1,1.0
10,2,224.0,538.4,279.4,141.60000000000002,1,1,1.0
10,3,433.6,759.2,279.5,141.0999999999999,1,1,1.0
10,4,787.1,207.9,135.39999999999998,399.6,1,1,1.0
10,5,1044.6,330.1,156.5,265.0,1,1,1.0
10,6,603.0,398.0,192.5,255.20000000000005,1,1,1.0
10,7,600.2,575.6,209.5,304.4,1,1,1.0
10,8,729.6,708.2,264.6,190.5,1,1,1.0
10,9,455.7,273.75,172.59999999999997,299.35,1,1,1.0
10,10,917.5,313.2,150.9000000000001,281.09999999999997,1,1,1.0
11,1,671.8,557.3,337.30000000000007,198.0,1,1,1.0
11,2,203.2,535.6,302.5,118.0,1,1,1.0
11,3,399.7,699.6,245.59999999999997,188.10000000000002,1,1,1.0
11,4,779.0,335.4,240.20000000000005,340.80000000000007,1,1,1.0
11,5,1046.9,328.6,151.19999999999982,264.19999999999993,1,1,1.0
11,6,634.6,404.8,211.60000000000002,313.7,1,1,1.0
11,7,671.0,656.2,288.70000000000005,284.0999999999999,1,1,1.0
11,8,722.7,719.5,296.5999999999999,166.60000000000002,1,1,1.0
11,9,455.7,280.5,169.59999999999997,286.6,1,1,1.0
11,10,935.7,305.0,132.20000000000005,292.4,1,1,1.0
12,1,668.3,559.8,323.4000000000001,190.4000000000001,1,1,1.0
12,2,210.1,534.9,291.20000000000005,106.20000000000005,1,1,1.0
12,3,415.4,695.8,208.5,199.4000000000001,1,1,1.0
12,4,775.4,358.0,238.39999999999998,327.20000000000005,1,1,1.0
12,5,1043.9,328.6,160.19999999999982,270.19999999999993,1,1,1.0
12,6,626.3,404.8,194.0,289.8,1,1,1.0
12,7,632.6,761.7,379.79999999999995,177.79999999999995,1,1,1.0
12,8,486.6,648.5,326.77,112.60000000000002,1,1,1.0
12,9,446.7,285.0,180.09999999999997,285.70000000000005,1,1,1.0
12,10,949.5,287.4,120.90000000000009,362.70000000000005,1,1,1.0
13,1,671.1,558.4,323.69999999999993,196.60000000000002,1,1,1.0
13,2,220.5,533.5,281.1,108.29999999999995,1,1,1.0
13,3,368.6,705.6,252.79999999999995,177.69999999999993,1,1,1.0
13,4,772.7,352.6,235.69999999999993,326.29999999999995,1,1,1.0
13,5,1046.2,328.6,177.5,327.5,1,1,1.0
13,6,664.0,477.14,239.20000000000005,316.15999999999997,1,1,1.0
13,7,628.1,773.0,356.4,165.70000000000005,1,1,1.0
13,8,421.3,625.9,322.7,115.70000000000005,1,1,1.0
13,9,463.3,306.1,175.59999999999997,296.4,1,1,1.0
13,10,952.21,289.3,119.69000000000005,375.90000000000003,1,1,1.0
14,1,673.22,560.52,333.38,201.48000000000002,1,1,1.0
14,2,248.3,522.5,254.59999999999997,122.79999999999995,1,1,1.0
14,3,362.7,684.5,263.09999999999997,149.5,1,1,1.0
14,4,762.8,362.5,236.60000000000002,358.9,1,1,1.0
14,5,1043.2,328.6,187.29999999999995,365.19999999999993,1,1,1.0
14,6,671.5,578.9,338.70000000000005,240.89999999999998,1,1,1.0
14,7,619.1,788.8,400.1,143.9000000000001,1,1,1.0
14,8,437.0,612.7,287.20000000000005,135.19999999999993,1,1,1.0
14,9,479.9,390.5,213.30000000000007,268.5,1,1,1.0
14,10,954.5,289.9,120.5,389.1,1,1,1.0
15,1,678.12,558.11,321.17999999999995,208.89,1,1,1.0
15,2,290.7,473.8,210.8,185.40000000000003,1,1,1.0
15,3,396.6,709.6,215.39999999999998,187.5,1,1,1.0
15,4,776.4,402.3,191.39999999999998,299.2,1,1,1.0
15,5,1044.0,331.6,186.5,298.9,1,1,1.0
15,6,680.5,582.7,297.29999999999995,236.29999999999995,1,1,1.0
15,7,619.9,791.8,366.6,143.20000000000005,1,1,1.0
15,8,454.6,613.3,267.1,136.60000000000002,1,1,1.0
15,9,541.64,529.04,365.4,208.20000000000005,1,1,0.0
15,10,943.8,293.7,135.10000000000014,425.50000000000006,1,1,1.0
16,1,692.36,549.84,316.64,197.15999999999997,1,1,1.0
16,2,290.0,419.6,169.8,219.5,1,1,1.0
16,3,421.7,713.4,255.00000000000006,181.80000000000007,1,1,1.0
16,4,781.8,399.6,201.4000000000001,293.79999999999995,1,1,1.0
16,5,1038.0,342.2,247.5,225.00000000000006,1,1,1.0
16,6,670.0,602.3,331.9,220.5,1,1,1.0
16,7,619.9,787.3,379.70000000000005,146.9000000000001,1,1,1.0
16,8,395.6,605.9,247.89999999999998,150.89999999999998,1,1,1.0
16,9,559.8,553.3,388.80000000000007,200.60000000000002,1,1,1.0
16,10,935.6,300.0,107.49999999999989,416.70000000000005,1,1,1.0
17,1,689.58,549.48,334.02,188.31999999999994,1,1,1.0
17,2,312.9,389.0,271.20000000000005,111.19999999999999,1,1,1.0
17,3,502.7,729.1,230.09999999999997,158.29999999999995,1,1,1.0
17,4,784.5,415.9,185.10000000000002,319.1,1,1,1.0
17,5,863.2,258.6,330.3699999999999,135.29999999999995,1,1,1.0
17,6,668.5,610.6,355.29999999999995,209.89999999999998,1,1,1.0
17,7,613.9,785.8,403.0,140.9000000000001,1,1,1.0
17,8,464.7,525.4,149.00000000000006,269.1,1,1,1.0
17,9,586.9,545.1,366.30000000000007,217.79999999999995,1,1,1.0
17,10,938.1,303.8,151.89999999999998,394.7,1,1,1.0
18,1,688.14,549.84,313.96000000000004,196.86,1,1,1.0
18,2,333.0,396.6,262.9,116.79999999999995,1,1,1.0
18,3,547.3,763.6,270.9000000000001,105.19999999999993,1,1,1.0
18,4,754.6,396.9,240.29999999999995,263.0,1,1,1.0
18,5,842.1,220.6,172.89999999999998,306.69999999999993,1,1,1.0
18,6,637.6,633.2,345.5,186.5,1,1,1.0
18,7,626.7,759.5,385.4,167.20000000000005,1,1,1.0
18,8,405.7,566.2,265.3,201.19999999999993,1,1,1.0
18,9,580.9,553.4,382.1,202.70000000000005,1,1,1.0
18,10,935.6,303.8,156.4999999999999,380.2,1,1,1.0
19,1,684.3,559.2,329.6,176.39999999999998,1,1,1.0
19,2,411.5,355.6,294.79999999999995,114.09999999999997,1,1,1.0
19,3,531.6,781.2,270.6,130.29999999999995,1,1,1.0
19,4,751.0,389.7,216.79999999999995,264.8,1,1,1.0
19,5,848.1,284.0,130.69999999999993,247.79999999999995,1,1,1.0
19,6,628.6,649.8,312.29999999999995,166.9000000000001,1,1,1.0
19,7,627.5,748.2,406.0,174.0,1,1,1.0
19,8,398.8,587.5,305.34,176.20000000000005,1,1,1.0
19,9,572.6,548.2,396.4,185.29999999999995,1,1,1.0
19,10,965.7,289.4,124.5,351.9,1,1,1.0
20,1,677.4,567.5,331.6,175.0,1,1,1.0
20,2,544.1,245.9,344.79999999999995,200.9,1,1,1.0
20,3,555.5,781.8,257.29999999999995,122.20000000000005,1,1,1.0
20,4,720.3,370.7,224.9000000000001,235.90000000000003,1,1,1.0
20,5,874.5,318.9,150.20000000000005,332.0,1,1,1.0
20,6,634.6,635.5,278.69999999999993,192.5,1,1,1.0
20,7,653.9,759.4,294.5,178.60000000000002,1,1,1.0
20,8,413.9,618.3,274.5,179.9000000000001,1,1,1.0
20,9,600.5,549.0,371.5,178.5,1,1,1.0
20,10,983.9,278.1,156.5000000000001,390.19999999999993,1,1,1.0
21,1,694.8,552.2,318.4000000000001,183.39999999999998,1,1,1.0
21,2,759.36,229.9,353.84000000000003,116.9,1,1,1.0
21,3,600.7,780.5,342.0999999999999,87.10000000000002,1,1,0.0
21,4,711.3,366.2,300.80000000000007,296.50000000000006,1,1,1.0
21,5,899.4,350.5,142.60000000000002,327.5,1,1,1.0
21,6,622.5,648.3,351.5,165.4000000000001,1,1,1.0
21,7,647.8,785.2,308.9000000000001,151.29999999999995,1,1,1.0
21,8,400.7,608.8,274.09999999999997,175.0,1,1,1.0
21,9,581.7,552.8,381.29999999999995,203.30000000000007,1,1,1.0
21,10,1035.9,330.8,143.69999999999982,371.40000000000003,1,1,1.0
22,1,696.2,549.4,330.89999999999986,165.39999999999998,1,1,1.0
22,2,917.0,253.5,323.9000000000001,125.19999999999999,1,1,1.0
22,3,579.4,767.3,260.4,78.90000000000009,1,1,0.0
22,4,725.8,361.7,295.30000000000007,279.3,1,1,1.0
22,5,893.4,331.7,170.5000000000001,331.2,1,1,1.0
22,6,611.2,676.0,340.9,149.0,1,1,1.0
22,7,637.0,797.4,374.0,134.60000000000002,1,1,1.0
22,8,379.4,591.2,290.20000000000005,168.69999999999993,1,1,1.0
22,9,588.5,546.8,370.0,178.4000000000001,1,1,1.0
22,10,1040.4,347.4,188.19999999999982,367.6,1,1,1.0
23,1,696.2,545.5,324.0,171.39999999999998,1,1,1.0
23,2,1053.8,252.8,257.20000000000005,188.39999999999998,1,1,1.0
23,3,532.9,783.0,349.0,80.79999999999995,1,1,0.0
23,4,746.6,361.7,299.80000000000007,248.59999999999997,1,1,1.0
23,5,916.8,335.5,206.60000000000014,334.9,1,1,1.0
23,6,588.6,679.2,347.69999999999993,144.29999999999995,1,1,1.0
23,7,641.1,800.2,371.4,135.5999999999999,1,1,1.0
23,8,470.5,405.3,294.5,298.09999999999997,1,1,1.0
23,9,579.5,556.5,342.79999999999995,187.5,1,1,1.0
23,10,1183.6,364.0,127.90000000000009,407.5,1,1,1.0
24,1,702.4,550.1,295.20000000000005,157.79999999999995,1,1,1.0
24,2,1092.0,265.3,292.5999999999999,245.3,1,1,1.0
24,3,532.3,785.5,327.5,78.89999999999998,1,1,0.0
24,4,764.7,432.2,289.79999999999995,162.7,1,1,1.0
24,5,962.0,360.4,201.4000000000001,352.9,1,1,1.0
24,6,578.8,695.0,307.80000000000007,129.29999999999995,1,1,1.0
24,7,635.1,786.7,357.79999999999995,142.29999999999995,1,1,1.0
24,8,646.5,261.0,399.5,124.5,1,1,1.0
24,9,556.1,556.5,339.79999999999995,179.5,1,1,1.0
24,10,1191.1,403.2,116.60000000000014,368.3,1,1,1.0
25,1,700.3,556.3,295.6,171.0,1,1,1.0
25,2,1266.3,318.8,164.79999999999995,293.2,1,1,1.0
25,3,524.8,786.3,337.1,94.40000000000009,1,1,1.0
25,4,758.3,423.2,282.60000000000014,217.8,1,1,1.0
25,5,911.5,427.5,257.9000000000001,243.60000000000002,1,1,1.0
25,6,544.1,705.5,280.69999999999993,126.29999999999995,1,1,1.0
25,7,635.9,808.6,394.69999999999993,122.69999999999993,1,1,1.0
25,8,871.8,230.1,208.10000000000014,340.0,1,1,1.0
25,9,535.0,552.0,333.79999999999995,170.10000000000002,1,1,1.0
25,10,1252.9,495.13,109.09999999999991,349.16999999999996,1,1,1.0
26,1,699.6,548.7,303.19999999999993,175.0999999999999,1,1,1.0
26,2,1278.1,322.3,128.70000000000005,339.7,1,1,1.0
26,3,536.7,758.5,349.0,115.89999999999998,1,1,0.0
26,4,759.8,439.8,276.60000000000014,253.2,1,1,1.0
26,5,1078.8,487.8,184.79999999999995,211.2,1,1,1.0
26,6,553.1,635.4,236.29999999999995,215.30000000000007,1,1,1.0
26,7,661.2,779.4,389.70000000000005,160.20000000000005,1,1,1.0
26,8,913.2,270.8,172.70000000000005,358.8,1,1,1.0
26,9,517.7,552.7,326.19999999999993,146.79999999999995,1,1,1.0
26,10,1231.8,586.3,175.4000000000001,293.70000000000005,1,1,1.0
27,1,705.9,542.5,274.0,193.79999999999995,1,1,1.0
27,2,1219.8,394.5,225.20000000000005,334.9,1,1,1.0
27,3,546.7,732.1,253.0,142.29999999999995,1,1,1.0
27,4,764.3,432.3,287.20000000000005,245.59999999999997,1,1,1.0
27,5,1147.4,368.7,143.29999999999995,335.59999999999997,1,1,1.0
27,6,382.05,576.6,208.45,259.79999999999995,1,1,1.0
27,7,639.6,766.4,344.19999999999993,167.20000000000005,1,1,1.0
27,8,929.8,270.8,162.9000000000001,390.40000000000003,1,1,1.0
27,9,510.2,530.8,298.3,140.10000000000002,1,1,1.0
27,10,1239.3,642.1,209.4000000000001,235.60000000000002,1,1,1.0
28,1,708.7,544.6,289.29999999999995,163.19999999999993,1,1,1.0
28,2,1195.5,467.4,292.5999999999999,241.89999999999998,1,1,1.0
28,3,531.0,681.2,301.29999999999995,197.5999999999999,1,1,1.0
28,4,759.8,423.3,300.4000000000001,233.49999999999994,1,1,1.0
28,5,1153.4,383.0,135.79999999999995,263.29999999999995,1,1,1.0
28,6,400.1,529.1,149.69999999999993,275.69999999999993,1,1,1.0
28,7,654.7,773.8,297.5,162.80000000000007,1,1,1.0
28,8,932.8,258.0,175.70000000000005,396.4,1,1,1.0
28,9,511.0,506.7,319.4,171.00000000000006,1,1,1.0
28,10,1246.1,668.5,235.0,218.20000000000005,1,1,1.0
29,1,705.2,547.4,298.4,179.80000000000007,1,1,1.0
29,2,1168.4,463.2,304.39999999999986,257.90000000000003,1,1,1.0
29,3,531.6,674.9,305.4,200.80000000000007,1,1,1.0
29,4,748.5,444.4,333.0999999999999,232.70000000000005,1,1,1.0
29,5,1099.1,370.2,202.9000000000001,303.2,1,1,1.0
29,6,382.0,603.7,275.6,199.5999999999999,1,1,1.0
29,7,644.9,807.8,299.80000000000007,130.30000000000007,1,1,1.0
29,8,936.6,271.6,181.69999999999993,382.79999999999995,1,1,1.0
29,9,514.0,500.6,286.29999999999995,159.0,1,1,1.0
29,10,1280.0,605.2,152.9000000000001,283.79999999999995,1,1,1.0
30,1,715.6,537.7,260.19999999999993,202.0,1,1,1.0
30,2,1179.5,496.5,291.9000000000001,246.10000000000002,1,1,1.0
30,3,532.9,720.1,337.1,141.19999999999993,1,1,1.0
30,4,756.8,433.1,255.5,245.5,1,1,1.0
30,5,1104.3,370.2,197.70000000000005,280.59999999999997,1,1,1.0
30,6,438.5,632.3,354.5,140.10000000000002,1,1,1.0
30,7,641.6,797.9,374.4,145.70000000000005,1,1,1.0
30,8,943.4,271.6,159.80000000000007,386.6,1,1,1.0
30,9,513.2,500.6,288.5999999999999,157.5,1,1,1.0
30,10,1411.1,456.9,146.80000000000018,325.1,1,1,1.0
31,1,712.8,535.6,291.5,185.39999999999998,1,1,1.0
31,2,1170.5,494.7,306.79999999999995,204.8,1,1,1.0
31,3,594.4,724.5,388.0,114.20000000000005,1,1,1.0
31,4,757.5,430.1,287.20000000000005,240.19999999999993,1,1,1.0
31,5,1148.1,371.0,156.9000000000001,271.51,1,1,1.0
31,6,456.6,633.8,362.19999999999993,111.5,1,1,1.0
31,7,660.0,792.8,385.70000000000005,179.10000000000002,1,1,1.0
31,8,943.4,265.6,151.5000000000001,359.4,1,1,1.0
31,9,511.7,497.6,286.3,159.0,1,1,1.0
31,10,1187.3,318.1,344.98,216.69999999999993,1,1,1.0
32,1,714.9,530.0,273.4,202.79999999999995,1,1,1.0
32,2,1158.7,493.7,314.0,198.2,1,1,1.0
32,3,617.6,710.1,375.5,146.19999999999993,1,1,1.0
32,4,765.8,421.8,248.0,280.90000000000003,1,1,1.0
32,5,1036.6,392.9,282.70000000000005,258.70000000000005,1,1,1.0
32,6,451.3,628.5,359.2,108.5,1,1,1.0
32,7,666.0,812.4,363.0999999999999,153.5,1,1,1.0
32,8,957.0,250.5,126.59999999999991,391.1,1,1,1.0
32,9,509.4,496.9,284.80000000000007,161.20000000000005,1,1,1.0
32,10,1099.9,287.21,281.6999999999998,243.08999999999997,1,1,1.0
33,1,723.6,530.0,259.79999999999995,200.70000000000005,1,1,1.0
33,2,1201.9,498.6,272.89999999999986,257.6,1,1,1.0
33,3,612.0,713.2,360.29999999999995,118.59999999999991,1,1,1.0
33,4,728.1,397.7,257.79999999999995,254.50000000000006,1,1,1.0
33,5,1036.6,431.3,280.4000000000001,210.7,1,1,1.0
33,6,458.8,636.8,295.2,114.5,1,1,1.0
33,7,650.2,836.5,403.0,124.10000000000002,1,1,1.0
33,8,954.7,288.2,116.79999999999995,396.3,1,1,1.0
33,9,516.9,490.1,285.6,187.60000000000002,1,1,1.0
33,10,1051.7,306.0,210.0999999999999,340.4,1,1,1.0
34,1,712.4,537.6,305.0,179.89999999999998,1,1,1.0
34,2,1251.7,504.2,230.70000000000005,218.3,1,1,1.0
34,3,625.2,718.2,382.29999999999995,113.59999999999991,1,1,1.0
34,4,729.6,394.0,324.9,280.79999999999995,1,1,1.0
34,5,1142.9,417.7,202.79999999999995,234.7,1,1,1.0
34,6,422.6,586.4,290.4,201.10000000000002,1,1,1.0
34,7,657.7,822.2,388.0,132.39999999999998,1,1,1.0
34,8,956.2,290.5,134.0999999999999,353.29999999999995,1,1,1.0
34,9,535.0,469.8,305.9,254.59999999999997,1,1,1.0
34,10,1075.8,318.1,172.4000000000001,368.19999999999993,1,1,1.0
35,1,702.4,543.8,317.1,185.5,1,1,1.0
35,2,1200.3,503.5,284.20000000000005,171.79999999999995,1,1,1.0
35,3,622.1,718.2,371.0,109.79999999999995,1,1,1.0
35,4,749.2,407.6,268.4,273.19999999999993,1,1,1.0
35,5,1097.7,398.9,243.5,244.39999999999998,1,1,1.0
35,6,438.4,438.7,167.20000000000005,338.3,1,1,1.0
35,7,648.7,806.3,377.39999999999986,143.0,1,1,1.0
35,8,946.4,291.2,154.39999999999998,391.8,1,1,1.0
35,9,541.8,472.1,313.5,256.9,1,1,1.0
35,10,1057.0,317.3,181.4000000000001,365.99999999999994,1,1,1.0
36,1,706.6,536.9,286.5,182.0,1,1,1.0
36,2,1144.7,532.7,353.70000000000005,159.29999999999995,1,1,1.0
36,3,610.8,723.2,356.6,109.79999999999995,1,1,1.0
36,4,753.7,394.0,252.5999999999999,268.0,1,1,1.0
36,5,1097.1,406.4,260.70000000000005,226.80000000000007,1,1,1.0
36,6,462.5,331.7,284.0,211.7,1,1,1.0
36,7,649.5,804.3,366.1,148.0,1,1,1.0
36,8,972.8,291.2,106.10000000000014,352.59999999999997,1,1,1.0
36,9,543.3,469.1,291.70000000000005,259.9,1,1,1.0
36,10,1026.1,321.8,222.10000000000014,344.90000000000003,1,1,1.0
37,1,700.4,540.4,342.69999999999993,190.30000000000007,1,1,1.0
37,2,1206.5,510.5,287.70000000000005,225.89999999999998,1,1,1.0
37,3,613.3,716.3,354.1,115.40000000000009,1,1,1.0
37,4,756.0,392.4,285.70000000000005,285.4,1,1,1.0
37,5,1114.3,398.9,241.20000000000005,278.4,1,1,1.0
37,6,505.5,309.1,286.9,178.59999999999997,1,1,1.0
37,7,656.3,798.8,378.9000000000001,151.20000000000005,1,1,1.0
37,8,966.8,296.5,107.60000000000014,394.79999999999995,1,1,1.0
37,9,519.9,468.4,294.0,241.30000000000007,1,1,1.0
37,10,1074.3,321.8,176.20000000000005,359.2,1,1,1.0
38,1,704.6,539.0,299.6,172.29999999999995,1,1,1.0
38,2,1234.3,504.9,248.79999999999995,213.39999999999998,1,1,1.0
38,3,609.5,719.4,357.9,112.30000000000007,1,1,1.0
38,4,756.0,391.6,239.0,274.19999999999993,1,1,1.0
38,5,1136.2,399.7,208.79999999999995,249.7,1,1,1.0
38,6,501.0,319.6,343.4,157.5,1,1,1.0
38,7,656.3,756.6,338.20000000000005,197.19999999999993,1,1,1.0
38,8,965.3,288.2,103.79999999999995,406.09999999999997,1,1,1.0
38,9,522.2,460.1,286.4,252.29999999999995,1,1,1.0
38,10,1066.76,323.3,179.94000000000005,319.3,1,1,1.0
39,1,708.1,544.6,284.29999999999995,175.69999999999993,1,1,1.0
39,2,1157.2,529.2,333.5,174.5,1,1,1.0
39,3,594.4,698.7,286.30000000000007,139.89999999999998,1,1,1.0
39,4,741.7,375.0,244.29999999999995,263.70000000000005,1,1,1.0
39,5,1111.3,390.7,257.79999999999995,224.00000000000006,1,1,1.0
39,6,601.97,265.3,366.73,116.80000000000001,1,1,1.0
39,7,661.6,773.9,317.79999999999995,184.89999999999998,1,1,1.0
39,8,968.0,286.4,105.59999999999991,369.0,1,1,1.0
39,9,523.7,460.9,278.0999999999999,246.80000000000007,1,1,1.0
39,10,1065.3,328.6,185.9000000000001,269.5,1,1,1.0
40,1,703.9,550.2,334.4,186.79999999999995,1,1,1.0
40,2,1194.0,519.5,297.4000000000001,159.20000000000005,1,1,1.0
40,3,586.9,748.9,332.70000000000005,107.89999999999998,1,1,1.0
40,4,741.7,369.0,275.9,279.5,1,1,1.0
40,5,1136.2,396.7,237.39999999999986,221.00000000000006,1,1,1.0
40,6,657.7,238.9,314.0,146.99999999999997,1,1,1.0
40,7,656.3,767.1,375.10000000000014,191.19999999999993,1,1,1.0
40,8,935.4,296.4,191.5000000000001,370.80000000000007,1,1,1.0
40,9,528.9,353.1,225.39999999999998,324.19999999999993,1,1,1.0
40,10,1066.8,323.3,188.10000000000014,260.49999999999994,1,1,1.0
41,1,705.3,555.8,292.6,162.4000000000001,1,1,1.0
41,2,1189.8,520.9,298.10000000000014,157.80000000000007,1,1,1.0
41,3,602.0,729.5,365.29999999999995,114.10000000000002,1,1,1.0
41,4,741.7,369.0,261.5999999999999,305.1,1,1,1.0
41,5,1140.0,399.7,241.9000000000001,227.09999999999997,1,1,1.0
41,6,736.8,239.7,364.5,129.60000000000002,1,1,1.0
41,7,664.6,721.1,331.4,236.5,1,1,1.0
41,8,939.9,297.3,141.80000000000007,365.40000000000003,1,1,1.0
41,9,544.0,342.6,211.29999999999995,338.1,1,1,1.0
41,10,1066.8,309.0,176.79999999999995,320.79999999999995,1,1,1.0
42,1,702.5,544.0,303.1,186.70000000000005,1,1,1.0
42,2,1188.4,520.9,311.29999999999995,152.20000000000005,1,1,1.0
42,3,603.9,728.8,357.1,117.90000000000009,1,1,1.0
42,4,746.2,363.7,265.4,323.2,1,1,1.0
42,5,1110.6,395.2,274.3000000000002,246.59999999999997,1,1,1.0
42,6,1002.79,245.0,354.71000000000004,149.89999999999998,1,1,1.0
42,7,669.9,805.5,303.5,146.10000000000002,1,1,1.0
42,8,968.8,286.4,107.5,366.4,1,1,1.0
42,9,571.1,336.6,178.69999999999993,320.0,1,1,1.0
42,10,1069.8,318.0,185.79999999999995,348.0,1,1,1.0
43,1,699.0,544.7,339.20000000000005,167.29999999999995,1,1,1.0
43,2,1238.5,520.2,264.70000000000005,154.29999999999995,1,1,1.0
43,3,600.8,728.8,294.30000000000007,124.20000000000005,1,1,1.0
43,4,755.2,359.2,273.70000000000005,273.40000000000003,1,1,1.0
43,5,1130.9,406.5,263.79999999999995,217.20000000000005,1,1,1.0
43,6,1142.95,257.8,320.04999999999995,218.5,1,1,1.0
43,7,665.4,801.0,313.30000000000007,142.29999999999995,1,1,1.0
43,8,956.1,298.2,122.89999999999998,350.09999999999997,1,1,1.0
43,9,557.5,329.8,193.10000000000002,286.09999999999997,1,1,1.0
43,10,1032.1,343.6,243.80000000000018,230.5,1,1,1.0
44,1,694.8,554.4,316.30000000000007,154.10000000000002,1,1,1.0
44,2,1246.8,515.3,252.9000000000001,152.9000000000001,1,1,1.0
44,3,623.4,614.5,229.0,235.29999999999995,1,1,1.0
44,4,750.7,356.2,251.0999999999999,247.8,1,1,1.0
44,5,1094.7,393.7,294.0,219.50000000000006,1,1,1.0
44,6,1312.5,386.9,259.79999999999995,262.0,1,1,1.0
44,7,664.2,801.0,300.19999999999993,141.5,1,1,1.0
44,8,964.2,292.8,107.59999999999991,354.59999999999997,1,1,1.0
44,9,582.4,326.0,169.70000000000005,282.4,1,1,1.0
44,10,1050.2,340.6,237.79999999999995,244.0,1,1,1.0
45,1,696.2,553.0,344.0999999999999,155.5,1,1,1.0
45,2,1248.2,513.2,271.5999999999999,144.5999999999999,1,1,1.0
45,3,617.7,598.2,183.19999999999993,231.5,1,1,1.0
45,4,749.9,351.0,273.80000000000007,294.4,1,1,1.0
45,5,1119.6,404.2,268.3000000000002,200.7,1,1,1.0
45,6,1441.3,431.9,137.79999999999995,318.0,1,1,1.0
45,7,660.1,801.0,336.69999999999993,146.0,1,1,1.0
45,8,968.7,292.8,101.29999999999995,392.59999999999997,1,1,1.0
45,9,586.9,317.8,170.70000000000005,291.40000000000003,1,1,1.0
45,10,1063.8,332.3,215.9000000000001,301.3,1,1,1.0
46,1,696.2,550.2,349.70000000000005,157.5999999999999,1,1,1.0
46,2,1157.9,548.6,386.1999999999998,121.69999999999993,1,1,1.0
46,3,656.6,618.9,314.5,186.89999999999998,1,1,1.0
46,4,753.0,351.8,274.5,306.40000000000003,1,1,1.0
46,5,1144.5,407.2,244.20000000000005,209.00000000000006,1,1,1.0
46,6,1407.4,486.9,173.19999999999982,277.30000000000007,1,1,1.0
46,7,663.1,736.2,354.0,211.5999999999999,1,1,1.0
46,8,953.3,292.8,129.4000000000001,388.09999999999997,1,1,1.0
46,9,580.1,323.0,180.60000000000002,287.0,1,1,1.0
46,10,1068.3,311.2,180.5,359.3,1,1,1.0
47,1,693.4,553.0,297.6,156.20000000000005,1,1,1.0
47,2,1085.0,570.1,403.5,108.5,1,1,1.0
47,3,647.2,627.1,291.19999999999993,179.29999999999995,1,1,1.0
47,4,750.7,355.6,245.89999999999998,301.79999999999995,1,1,1.0
47,5,1112.9,421.5,281.0999999999999,181.89999999999998,1,1,1.0
47,6,1298.9,560.7,262.89999999999986,225.29999999999995,1,1,1.0
47,7,663.1,700.0,334.4,262.9,1,1,1.0
47,8,968.7,289.2,103.09999999999991,364.59999999999997,1,1,1.0
47,9,580.1,321.5,176.69999999999993,288.5,1,1,1.0
47,10,1044.2,314.2,203.79999999999995,327.7,1,1,1.0
48,1,692.0,547.4,326.79999999999995,172.89999999999998,1,1,1.0
48,2,1201.0,570.1,288.20000000000005,118.89999999999998,1,1,1.0
48,3,670.4,590.7,210.20000000000005,259.0999999999999,1,1,1.0
48,4,754.5,344.3,312.0999999999999,318.40000000000003,1,1,1.0
48,5,1164.8,322.0,326.4000000000001,235.39999999999998,1,1,1.0
48,6,1213.4,636.1,340.89999999999986,168.79999999999995,1,1,1.0
48,7,666.1,772.3,328.4,190.60000000000002,1,1,1.0
48,8,969.6,291.9,105.80000000000007,319.4,1,1,1.0
48,9,586.9,327.5,168.89999999999998,282.5,1,1,1.0
48,10,1071.3,316.5,180.47000000000003,346.5,1,1,1.0
49,1,697.8,545.3,335.60000000000014,189.60000000000002,1,1,1.0
49,2,1135.0,563.9,356.29999999999995,125.80000000000007,1,1,1.0
49,3,679.8,575.0,198.30000000000007,248.39999999999998,1,1,1.0
49,4,763.5,347.3,269.9000000000001,316.2,1,1,1.0
49,5,897.3,221.03,318.10000000000014,193.17,1,1,1.0
49,6,1224.3,651.9,353.4000000000001,142.39999999999998,1,1,1.0
49,7,661.6,800.9,324.6,137.89999999999998,1,1,1.0
49,8,966.0,284.7,105.79999999999995,410.7,1,1,1.0
49,9,598.2,315.4,150.0999999999999,351.9,1,1,1.0
49,10,1071.3,316.5,173.70000000000005,345.0,1,1,1.0
50,1,698.1,531.7,295.0,189.29999999999995,1,1,1.0
50,2,1130.8,561.1,366.70000000000005,109.19999999999993,1,1,1.0
50,3,682.3,576.9,195.80000000000007,256.5,1,1,1.0
50,4,763.5,359.4,230.0,310.80000000000007,1,1,1.0
50,5,899.6,227.8,181.69999999999993,309.99999999999994,1,1,1.0
50,6,1255.2,651.9,329.29999999999995,143.89999999999998,1,1,1.0
50,7,651.1,800.9,384.80000000000007,140.89999999999998,1,1,1.0
50,8,965.1,291.9,110.30000000000007,372.80000000000007,1,1,1.0
50,9,588.4,313.1,159.89999999999998,369.29999999999995,1,1,1.0
50,10,1048.7,321.0,208.39999999999986,293.0,1,1,1.0
51,1,699.6,534.9,333.80000000000007,188.89999999999998,1,1,1.0
51,2,1097.5,557.3,364.79999999999995,111.70000000000005,1,1,1.0
51,3,672.9,586.3,201.39999999999998,249.0,1,1,1.0
51,4,757.5,358.7,259.4,308.50000000000006,1,1,1.0
51,5,907.1,291.8,98.79999999999995,343.2,1,1,1.0
51,6,1255.2,639.1,320.29999999999995,155.89999999999998,1,1,1.0
51,7,655.6,799.4,395.30000000000007,142.39999999999998,1,1,1.0
51,8,970.5,285.6,110.29999999999995,379.1,1,1,1.0
51,9,587.6,316.9,164.5,356.5,1,1,1.0
51,10,1072.1,315.7,182.70000000000005,296.8,1,1,1.0
52,1,694.7,554.3,333.79999999999995,164.60000000000002,1,1,1.0
52,2,1113.0,553.5,353.70000000000005,114.20000000000005,1,1,1.0
52,3,653.4,590.1,295.0,227.60000000000002,1,1,1.0
52,4,747.7,355.7,202.89999999999998,300.90000000000003,1,1,1.0
52,5,896.6,358.1,148.4999999999999,320.6,1,1,1.0
52,6,1313.2,639.1,273.5999999999999,175.5,1,1,1.0
52,7,658.6,804.7,374.19999999999993,134.79999999999995,1,1,1.0
52,8,973.2,277.5,104.89999999999986,371.79999999999995,1,1,1.0
52,9,562.7,338.8,143.39999999999998,375.3,1,1,1.0
52,10,1074.4,318.0,181.0999999999999,296.79999999999995,1,1,1.0
53,1,691.2,560.5,314.4,159.79999999999995,1,1,1.0
53,2,1103.7,554.1,349.89999999999986,115.5,1,1,1.0
53,3,639.0,620.2,322.6,197.5,1,1,1.0
53,4,726.6,365.5,257.19999999999993,276.0,1,1,1.0
53,5,901.2,369.4,120.5,300.30000000000007,1,1,1.0
53,6,1404.4,424.3,208.79999999999995,289.3,1,1,1.0
53,7,654.1,810.7,340.1,133.29999999999995,1,1,1.0
53,8,955.1,257.6,129.30000000000007,314.79999999999995,1,1,1.0
53,9,567.2,428.5,144.19999999999993,309.0,1,1,1.0
53,10,1060.8,312.7,204.5,292.3,1,1,1.0
54,1,693.3,564.0,329.0,152.79999999999995,1,1,1.0
54,2,1154.8,552.8,323.79999999999995,126.20000000000005,1,1,1.0
54,3,648.4,616.4,342.1,203.80000000000007,1,1,1.0
54,4,728.9,367.0,275.20000000000005,306.1,1,1,1.0
54,5,906.5,364.1,132.5,331.19999999999993,1,1,1.0
54,6,1229.58,383.6,321.82000000000016,190.60000000000002,1,1,1.0
54,7,651.1,804.7,408.1,134.79999999999995,1,1,1.0
54,8,946.1,216.0,160.89999999999998,331.1,1,1,1.0
54,9,533.3,515.2,225.60000000000002,260.0,1,1,1.0
54,10,1073.6,323.2,190.20000000000005,345.00000000000006,1,1,1.0
55,1,687.7,556.3,342.89999999999986,202.9000000000001,1,1,1.0
55,2,1121.9,550.3,359.79999999999995,118.70000000000005,1,1,1.0
55,3,652.8,642.8,345.20000000000005,163.0,1,1,1.0
55,4,725.1,366.2,239.10000000000002,323.50000000000006,1,1,1.0
55,5,891.4,380.7,161.89999999999998,339.50000000000006,1,1,1.0
55,6,1163.3,388.9,339.1200000000001,187.60000000000002,1,1,1.0
55,7,655.6,794.2,383.30000000000007,144.5999999999999,1,1,1.0
55,8,963.3,224.1,150.9000000000001,335.69999999999993,1,1,1.0
55,9,523.5,518.2,275.29999999999995,287.0999999999999,1,1,1.0
55,10,1076.6,307.4,169.9000000000001,311.80000000000007,1,1,1.0
56,1,675.2,575.0,342.19999999999993,135.60000000000002,1,1,1.0
56,2,1108.1,554.1,361.0,130.0,1,1,1.0
56,3,645.9,642.3,333.9,163.5,1,1,1.0
56,4,736.4,402.4,212.0,316.70000000000005,1,1,1.0
56,5,911.7,381.4,150.5999999999999,381.0,1,1,1.0
56,6,1134.7,420.5,327.0,168.79999999999995,1,1,1.0
56,7,650.3,799.5,395.4000000000001,139.29999999999995,1,1,1.0
56,8,976.0,235.0,118.29999999999995,427.0,1,1,1.0
56,9,520.5,551.4,293.79999999999995,255.10000000000002,1,1,1.0
56,10,1072.1,326.2,188.70000000000005,324.59999999999997,1,1,1.0
57,1,666.2,570.4,377.29999999999995,135.30000000000007,1,1,1.0
57,2,1151.4,551.6,322.6999999999998,130.60000000000002,1,1,1.0
57,3,651.6,644.1,329.79999999999995,164.0,1,1,1.0
57,4,753.0,400.1,221.79999999999995,328.79999999999995,1,1,1.0
57,5,902.7,390.4,162.5999999999999,366.0,1,1,1.0
57,6,1207.8,301.5,284.0,238.79999999999995,1,1,1.0
57,7,660.8,800.3,320.1,146.80000000000007,1,1,1.0
57,8,975.1,235.0,118.30000000000007,342.9,1,1,1.0
57,9,522.5,540.8,281.36,287.62,1,1,1.0
57,10,1076.6,316.4,180.4000000000001,361.5,1,1,1.0
58,1,675.9,558.4,304.70000000000005,203.5,1,1,1.0
58,2,1160.2,555.4,325.79999999999995,107.30000000000007,1,1,1.0
58,3,663.5,650.9,334.6,177.5,1,1,1.0
58,4,749.2,399.4,229.39999999999998,305.4,1,1,1.0
58,5,892.2,391.2,169.29999999999995,372.7,1,1,1.0
58,6,1055.6,232.9,345.7800000000002,170.99999999999997,1,1,1.0
58,7,657.0,815.4,322.4,137.70000000000005,1,1,1.0
58,8,947.1,224.1,165.30000000000007,313.79999999999995,1,1,1.0
58,9,525.8,549.8,295.6,273.6,1,1,1.0
58,10,1074.3,319.4,187.20000000000005,348.0,1,1,1.0
59,1,680.5,555.9,298.0,211.60000000000002,1,1,1.0
59,2,1062.2,550.4,405.0,138.60000000000002,1,1,1.0
59,3,671.0,646.5,323.29999999999995,185.70000000000005,1,1,1.0
59,4,749.9,402.4,246.70000000000005,306.20000000000005,1,1,1.0
59,5,883.2,400.2,182.79999999999995,357.7,1,1,1.0
59,6,834.1,224.6,384.9,120.50000000000003,1,1,1.0
59,7,654.7,819.2,322.4,129.39999999999998,1,1,1.0
59,8,955.2,226.8,172.5999999999999,367.3,1,1,1.0
59,9,526.6,550.6,288.79999999999995,299.19999999999993,1,1,1.0
59,10,1076.6,322.4,187.20000000000005,325.4,1,1,1.0
60,1,680.1,558.4,320.6,182.70000000000005,1,1,1.0
60,2,1106.8,553.5,365.4000000000001,112.29999999999995,1,1,1.0
60,3,662.8,647.1,336.5,160.0,1,1,1.0
60,4,717.5,395.6,291.20000000000005,296.4,1,1,1.0
60,5,846.3,429.6,223.5,274.79999999999995,1,1,1.0
60,6,690.9,198.98,353.30000000000007,205.62000000000003,1,1,1.0
60,7,647.2,795.8,384.89999999999986,148.30000000000007,1,1,1.0
60,8,918.1,255.7,165.39999999999998,389.90000000000003,1,1,1.0
60,9,511.5,572.5,279.0,271.29999999999995,1,1,1.0
60,10,1073.6,316.4,190.20000000000005,331.4,1,1,1.0
61,1,684.3,553.5,323.30000000000007,200.10000000000002,1,1,1.0
61,2,1127.9,556.6,341.79999999999995,105.39999999999998,1,1,1.0
61,3,657.8,644.0,325.80000000000007,164.39999999999998,1,1,1.0
61,4,727.4,404.6,263.20000000000005,298.69999999999993,1,1,1.0
61,5,853.0,409.3,240.9000000000001,276.99999999999994,1,1,1.0
61,6,636.6,227.62,198.89999999999998,329.98,1,1,1.0
61,7,644.9,795.8,376.70000000000005,152.10000000000002,1,1,1.0
61,8,914.5,267.5,174.4000000000001,292.20000000000005,1,1,1.0
61,9,528.8,602.6,334.80000000000007,219.29999999999995,1,1,1.0
61,10,1072.1,317.9,190.9000000000001,347.20000000000005,1,1,1.0
62,1,697.5,549.3,285.9,165.4000000000001,1,1,1.0
62,2,1104.3,553.5,362.9000000000001,110.39999999999998,1,1,1.0
62,3,656.54,645.9,319.5,161.20000000000005,1,1,1.0
62,4,737.1,391.1,276.9,300.1,1,1,1.0
62,5,839.4,407.8,252.39999999999998,267.99999999999994,1,1,1.0
62,6,583.1,261.5,171.79999999999995,316.4,1,1,1.0
62,7,652.4,801.9,310.4,151.30000000000007,1,1,1.0
62,8,763.5,308.2,375.0999999999999,157.5,1,1,1.0
62,9,519.8,599.6,337.0,220.0,1,1,1.0
62,10,1072.9,315.6,187.0999999999999,348.0,1,1,1.0
63,1,696.8,550.0,323.4000000000001,166.79999999999995,1,1,1.0
63,2,1067.3,552.9,394.9000000000001,129.30000000000007,1,1,1.0
63,3,664.58,664.22,297.02,138.57999999999993,1,1,1.0
63,4,750.6,376.0,274.69999999999993,305.4,1,1,1.0
63,5,864.7,414.3,291.79999999999995,265.99999999999994,1,1,1.0
63,6,595.2,295.5,137.79999999999995,335.9,1,1,1.0
63,7,635.9,779.2,293.0,185.29999999999995,1,1,1.0
63,8,561.9,230.44,328.0,143.95999999999998,1,1,1.0
63,9,516.0,580.0,222.29999999999995,286.29999999999995,1,1,1.0
63,10,1077.4,306.6,172.0,329.9,1,1,1.0
64,1,694.0,549.3,324.79999999999995,184.20000000000005,1,1,1.0
64,2,1111.2,553.5,362.29999999999995,107.39999999999998,1,1,1.0
64,3,657.8,667.2,312.6,130.5,1,1,1.0
64,4,747.6,382.8,255.79999999999995,280.49999999999994,1,1,1.0
64,5,874.1,393.4,225.10000000000002,297.4,1,1,1.0
64,6,592.2,364.0,189.69999999999993,326.9,1,1,1.0
64,7,635.9,779.2,290.0,189.0999999999999,1,1,1.0
64,8,402.8,254.0,250.2,291.29999999999995,1,1,1.0
64,9,559.7,571.7,186.29999999999995,321.69999999999993,1,1,1.0
64,10,1053.3,319.4,213.4000000000001,262.80000000000007,1,1,1.0
65,1,688.4,545.1,332.5,172.39999999999998,1,1,1.0
65,2,1075.4,552.9,393.79999999999995,106.80000000000007,1,1,1.0
65,3,650.9,658.4,295.0,148.10000000000002,1,1,1.0
65,4,744.6,381.3,255.0,292.49999999999994,1,1,1.0
65,5,892.2,378.3,199.5,316.3,1,1,1.0
65,6,556.8,391.9,254.5,300.5,1,1,1.0
65,7,635.1,724.9,364.6,243.39999999999998,1,1,1.0
65,8,422.7,328.1,140.50000000000006,375.4,1,1,1.0
65,9,568.7,552.9,182.5999999999999,316.4,1,1,1.0
65,10,1052.5,318.6,215.70000000000005,269.6,1,1,1.0
66,1,686.3,547.9,327.70000000000005,171.0,1,1,1.0
66,2,1129.4,556.7,344.0999999999999,109.89999999999998,1,1,1.0
66,3,654.0,660.9,344.6,145.60000000000002,1,1,1.0
66,4,753.6,386.6,262.6,295.5,1,1,1.0
66,5,899.0,369.3,190.4000000000001,313.2,1,1,1.0
66,6,589.2,465.0,290.69999999999993,244.0,1,1,1.0
66,7,638.9,802.5,367.6,165.79999999999995,1,1,1.0
66,8,417.27,647.3,255.63,238.9000000000001,1,1,1.0
66,9,570.2,555.9,223.29999999999995,303.6,1,1,1.0
66,10,1066.1,318.6,211.10000000000014,311.0,1,1,1.0
67,1,688.4,547.9,315.20000000000005,193.89999999999998,1,1,1.0
67,2,1201.0,519.0,288.20000000000005,167.10000000000002,1,1,1.0
67,3,654.0,660.9,320.70000000000005,144.30000000000007,1,1,1.0
67,4,752.8,382.9,270.20000000000005,290.20000000000005,1,1,1.0
67,5,903.5,367.8,185.5999999999999,342.59999999999997,1,1,1.0
67,6,567.3,485.3,357.80000000000007,237.99999999999994,1,1,1.0
67,7,638.9,801.0,353.30000000000007,165.79999999999995,1,1,1.0
67,8,425.4,761.2,306.30000000000007,144.89999999999998,1,1,1.0
67,9,565.7,559.7,203.69999999999993,307.29999999999995,1,1,1.0
67,10,1066.9,321.6,201.29999999999995,365.29999999999995,1,1,1.0
68,1,688.4,552.8,318.70000000000005,175.80000000000007,1,1,1.0
68,2,1201.0,421.7,215.4000000000001,292.7,1,1,1.0
68,3,662.0,652.3,312.70000000000005,151.60000000000002,1,1,1.0
68,4,751.3,383.7,270.9000000000001,279.59999999999997,1,1,1.0
68,5,907.3,367.8,181.29999999999995,353.09999999999997,1,1,1.0
68,6,586.9,501.9,375.1,227.39999999999998,1,1,1.0
68,7,641.2,814.6,358.5,142.39999999999998,1,1,1.0
68,8,436.2,803.7,376.00000000000006,110.5,1,1,1.0
68,9,569.5,528.0,163.0,308.1,1,1,1.0
68,10,1071.4,316.3,185.5,373.09999999999997,1,1,1.0
69,1,689.8,543.3,319.4000000000001,211.70000000000005,1,1,1.0
69,2,1212.3,426.1,143.79999999999995,301.5,1,1,1.0
69,3,647.6,624.6,243.60000000000002,207.60000000000002,1,1,1.0
69,4,752.8,382.2,259.6,291.59999999999997,1,1,1.0
69,5,911.1,376.8,179.80000000000007,340.8,1,1,1.0
69,6,585.4,449.9,255.30000000000007,244.70000000000005,1,1,1.0
69,7,646.5,816.9,331.29999999999995,143.10000000000002,1,1,1.0
69,8,563.7,760.3,397.69999999999993,120.40000000000009,1,1,1.0
69,9,472.4,494.1,179.5,290.5,1,1,1.0
69,10,1073.7,309.5,177.20000000000005,345.79999999999995,1,1,1.0
70,1,696.7,533.3,298.5999999999999,226.60000000000002,1,1,1.0
70,2,1218.6,409.2,141.9000000000001,317.09999999999997,1,1,1.0
70,3,686.5,558.0,140.0,219.60000000000002,1,1,1.0
70,4,757.3,377.7,237.0,306.59999999999997,1,1,1.0
70,5,905.3,373.8,184.79999999999995,330.49999999999994,1,1,1.0
70,6,592.2,411.5,142.29999999999995,296.70000000000005,1,1,1.0
70,7,648.8,801.8,284.5,165.0,1,1,1.0
70,8,598.1,744.9,385.9,119.5,1,1,1.0
70,9,508.5,483.6,135.10000000000002,342.69999999999993,1,1,1.0
70,10,1071.4,311.0,178.69999999999982,369.20000000000005,1,1,1.0
71,1,700.2,544.4,275.69999999999993,219.70000000000005,1,1,1.0
71,2,1191.0,449.4,186.5,265.6,1,1,1.0
71,3,640.7,581.8,148.79999999999995,284.30000000000007,1,1,1.0
71,4,749.0,373.2,242.29999999999995,300.59999999999997,1,1,1.0
71,5,912.6,369.3,176.69999999999993,344.8,1,1,1.0
71,6,597.5,384.4,155.10000000000002,256.0,1,1,1.0
71,7,660.9,744.5,280.70000000000005,227.60000000000002,1,1,1.0
71,8,597.2,748.5,372.29999999999995,118.70000000000005,1,1,1.0
71,9,507.7,510.8,133.59999999999997,361.49999999999994,1,1,1.0
71,10,1075.9,329.1,187.79999999999995,391.79999999999995,1,1,1.0
72,1,702.28,543.0,310.4200000000001,235.70000000000005,1,1,1.0
72,2,1181.6,474.5,251.80000000000018,213.5,1,1,1.0
72,3,616.2,593.1,141.69999999999993,298.1,1,1,1.0
72,4,743.7,398.8,251.39999999999998,332.3,1,1,1.0
72,5,908.8,371.6,179.0,357.6,1,1,1.0
72,6,600.5,371.6,212.39999999999998,311.0,1,1,1.0
72,7,651.9,762.6,288.20000000000005,209.5,1,1,1.0
72,8,599.0,749.4,381.4,107.89999999999998,1,1,1.0
72,9,504.7,519.8,140.40000000000003,379.6,1,1,1.0
72,10,1075.2,318.6,178.70000000000005,346.5,1,1,1.0
73,1,698.8,557.4,296.5,237.0,1,1,1.0
73,2,1155.9,474.5,281.29999999999995,214.20000000000005,1,1,1.0
73,3,626.7,622.8,119.69999999999993,283.5,1,1,1.0
73,4,751.2,397.3,228.0999999999999,314.99999999999994,1,1,1.0
73,5,913.3,371.6,172.20000000000005,364.29999999999995,1,1,1.0
73,6,608.8,403.3,207.9000000000001,292.90000000000003,1,1,1.0
73,7,667.0,767.9,282.9,205.0,1,1,1.0
73,8,595.4,754.8,383.20000000000005,104.30000000000007,1,1,1.0
73,9,482.8,531.9,156.3,339.6,1,1,1.0
73,10,1073.0,312.6,186.9000000000001,308.79999999999995,1,1,1.0
74,1,713.4,547.4,274.30000000000007,213.30000000000007,1,1,1.0
74,2,1227.4,349.1,160.79999999999995,359.69999999999993,1,1,1.0
74,3,618.1,625.3,125.39999999999998,277.9000000000001,1,1,1.0
74,4,758.0,389.0,247.20000000000005,310.5,1,1,1.0
74,5,913.3,371.6,174.5,355.4,1,1,1.0
74,6,603.5,406.3,241.10000000000002,298.90000000000003,1,1,1.0
74,7,668.5,786.7,266.29999999999995,187.69999999999993,1,1,1.0
74,8,595.4,747.6,388.6,104.29999999999995,1,1,1.0
74,9,371.2,599.0,249.8,241.60000000000002,1,1,1.0
74,10,1076.0,306.6,180.0999999999999,358.5,1,1,1.0
75,1,707.8,552.3,307.70000000000005,203.5,1,1,1.0
75,2,980.7,251.6,344.71000000000004,173.37000000000003,1,1,1.0
75,3,615.6,627.2,126.79999999999995,270.29999999999995,1,1,1.0
75,4,756.5,389.8,256.79999999999995,288.59999999999997,1,1,1.0
75,5,905.1,375.4,185.30000000000007,338.6,1,1,1.0
75,6,588.5,343.0,170.20000000000005,286.1,1,1,1.0
75,7,651.2,688.0,234.5999999999999,290.20000000000005,1,1,1.0
75,8,640.6,744.9,359.69999999999993,107.89999999999998,1,1,1.0
75,9,260.4,694.7,319.9,117.29999999999995,1,1,1.0
75,10,1073.7,318.7,178.5999999999999,323.00000000000006,1,1,1.0
76,1,702.9,549.2,283.80000000000007,201.0,1,1,1.0
76,2,919.8,248.5,300.10000000000014,152.60000000000002,1,1,1.0
76,3,503.2,682.9,219.8,184.5,1,1,1.0
76,4,750.5,395.8,244.70000000000005,266.8,1,1,1.0
76,5,897.6,379.9,193.19999999999993,335.6,1,1,1.0
76,6,593.8,312.9,178.30000000000007,298.1,1,1,1.0
76,7,678.3,626.2,201.5,319.5999999999999,1,1,1.0
76,8,657.8,745.8,328.0,122.40000000000009,1,1,1.0
76,9,198.6,665.3,278.5,117.30000000000007,1,1,1.0
76,10,1073.7,331.5,178.5999999999999,369.70000000000005,1,1,1.0
77,1,716.1,544.3,251.39999999999998,210.80000000000007,1,1,1.0
77,2,728.9,268.0,361.0000000000001,119.89999999999998,1,1,1.0
77,3,456.7,691.3,207.90000000000003,203.70000000000005,1,1,1.0
77,4,715.8,392.8,240.20000000000005,206.59999999999997,1,1,1.0
77,5,913.4,367.1,176.60000000000002,315.19999999999993,1,1,1.0
77,6,575.8,294.8,142.20000000000005,314.7,1,1,1.0
77,7,551.0,581.7,289.6,226.19999999999993,1,1,1.0
77,8,799.8,744.0,293.60000000000014,199.29999999999995,1,1,1.0
77,9,212.9,665.3,258.20000000000005,115.80000000000007,1,1,1.0
77,10,1069.2,345.1,171.0,280.0,1,1,1.0
78,1,706.4,548.5,253.30000000000007,223.70000000000005,1,1,1.0
78,2,740.8,247.9,277.5,169.49999999999997,1,1,1.0
78,3,456.7,675.6,172.09999999999997,220.10000000000002,1,1,1.0
78,4,700.0,403.3,245.5,200.59999999999997,1,1,1.0
78,5,908.1,360.3,176.60000000000002,325.8,1,1,1.0
78,6,574.3,296.3,148.20000000000005,313.2,1,1,1.0
78,7,488.5,577.9,282.79999999999995,178.0,1,1,1.0
78,8,1018.6,716.8,280.1,283.5,1,1,1.0
78,9,233.2,665.3,241.7,120.30000000000007,1,1,1.0
78,10,1055.6,356.4,199.70000000000005,258.20000000000005,1,1,1.0
79,1,709.2,537.4,230.5,280.20000000000005,1,1,1.0
79,2,730.1,247.9,283.19999999999993,155.70000000000002,1,1,1.0
79,3,451.7,675.6,179.8,194.39999999999998,1,1,1.0
79,4,701.5,401.0,244.79999999999995,205.20000000000005,1,1,1.0
79,5,925.4,332.5,135.89999999999998,344.6,1,1,1.0
79,6,595.4,296.3,167.89999999999998,311.7,1,1,1.0
79,7,471.2,555.3,286.50000000000006,163.70000000000005,1,1,1.0
79,8,1284.4,416.6,134.5999999999999,353.1,1,1,1.0
79,9,234.7,665.3,240.2,131.60000000000002,1,1,1.0
79,10,1052.6,345.1,182.4000000000001,262.69999999999993,1,1,1.0
80,1,696.7,547.1,307.5999999999999,192.69999999999993,1,1,1.0
80,2,707.5,248.5,308.29999999999995,163.89999999999998,1,1,1.0
80,3,441.7,679.6,196.50000000000006,185.39999999999998,1,1,1.0
80,4,712.0,391.2,235.10000000000002,212.7,1,1,1.0
80,5,912.6,332.5,181.89999999999998,344.6,1,1,1.0
80,6,582.6,296.3,180.69999999999993,289.8,1,1,1.0
80,7,484.8,563.6,267.59999999999997,172.69999999999993,1,1,1.0
80,8,1262.7,443.7,293.70000000000005,211.2,1,1,1.0
80,9,233.2,665.3,240.90000000000003,135.4000000000001,1,1,1.0
80,10,1051.8,339.8,176.4000000000001,258.99999999999994,1,1,1.0
81,1,693.9,556.8,318.70000000000005,189.9000000000001,1,1,1.0
81,2,606.4,276.8,305.20000000000005,113.59999999999997,1,1,1.0
81,3,423.5,712.0,250.39999999999998,151.10000000000002,1,1,1.0
81,4,722.5,379.1,229.10000000000002,224.79999999999995,1,1,1.0
81,5,903.6,344.6,169.80000000000007,335.5,1,1,1.0
81,6,516.3,265.4,247.0,286.80000000000007,1,1,1.0
81,7,542.1,538.7,226.89999999999998,251.89999999999998,1,1,1.0
81,8,1174.1,375.9,300.9000000000001,309.70000000000005,1,1,1.0
81,9,217.4,665.3,259.0,130.9000000000001,1,1,1.0
81,10,1042.0,351.1,201.29999999999995,242.39999999999998,1,1,1.0
82,1,699.5,540.8,278.4,200.30000000000007,1,1,1.0
82,2,419.3,271.15,245.49999999999994,199.65000000000003,1,1,1.0
82,3,464.9,700.1,217.20000000000005,186.19999999999993,1,1,1.0
82,4,725.5,373.8,229.10000000000002,240.40000000000003,1,1,1.0
82,5,928.5,331.0,165.20000000000005,340.79999999999995,1,1,1.0
82,6,448.5,332.46,138.39999999999998,315.44,1,1,1.0
82,7,621.97,611.8,309.8299999999999,219.5,1,1,1.0
82,8,1156.9,358.7,244.89999999999986,357.7,1,1,1.0
82,9,214.4,663.8,249.79999999999998,135.4000000000001,1,1,1.0
82,10,1042.0,353.4,208.0999999999999,265.0,1,1,1.0
83,1,689.8,554.0,347.10000000000014,162.79999999999995,1,1,1.0
83,2,352.7,351.52,123.69999999999999,316.48,1,1,1.0
83,3,492.5,681.9,181.39999999999998,223.89999999999998,1,1,1.0
83,4,719.5,371.6,232.10000000000002,254.19999999999993,1,1,1.0
83,5,919.5,340.0,205.79999999999995,323.5,1,1,1.0
83,6,431.9,376.2,201.80000000000007,290.50000000000006,1,1,1.0
83,7,634.0,641.9,353.6,190.20000000000005,1,1,1.0
83,8,1192.2,364.1,183.39999999999986,316.1,1,1,1.0
83,9,212.9,658.5,252.20000000000002,145.20000000000005,1,1,1.0
83,10,1057.8,343.6,187.79999999999995,316.19999999999993,1,1,1.0
84,1,691.9,557.5,320.70000000000005,189.89999999999998,1,1,1.0
84,2,355.8,426.2,135.7,305.40000000000003,1,1,1.0
84,3,493.2,676.2,140.50000000000006,237.0999999999999,1,1,1.0
84,4,727.0,384.4,223.10000000000002,224.80000000000007,1,1,1.0
84,5,916.5,340.8,144.0,361.09999999999997,1,1,1.0
84,6,437.2,383.0,192.00000000000006,282.20000000000005,1,1,1.0
84,7,615.9,696.1,326.5,131.89999999999998,1,1,1.0
84,8,1214.8,359.6,142.70000000000005,397.5,1,1,1.0
84,9,200.1,663.0,265.79999999999995,139.89999999999998,1,1,1.0
84,10,1055.5,339.8,181.0999999999999,335.8,1,1,1.0
85,1,694.7,549.2,274.79999999999995,193.29999999999995,1,1,1.0
85,2,338.8,526.1,244.49999999999994,231.10000000000002,1,1,1.0
85,3,420.4,681.9,217.10000000000002,190.60000000000002,1,1,1.0
85,4,716.5,383.6,232.10000000000002,225.60000000000002,1,1,1.0
85,5,942.1,328.0,110.10000000000002,351.29999999999995,1,1,1.0
85,6,441.0,377.0,185.89999999999998,285.9,1,1,1.0
85,7,592.5,680.3,355.9,160.80000000000007,1,1,1.0
85,8,1195.8,383.1,186.10000000000014,345.1,1,1,1.0
85,9,190.3,663.0,274.8,143.70000000000005,1,1,1.0
85,10,1045.7,360.9,220.29999999999995,308.70000000000005,1,1,1.0
86,1,696.1,558.9,323.4,156.5,1,1,1.0
86,2,417.9,614.0,256.4,241.20000000000005,1,1,1.0
86,3,485.7,745.2,251.00000000000006,167.5,1,1,1.0
86,4,706.0,385.1,245.60000000000002,217.29999999999995,1,1,1.0
86,5,911.2,343.8,213.29999999999995,318.09999999999997,1,1,1.0
86,6,423.7,420.0,253.7,227.79999999999995,1,1,1.0
86,7,606.1,668.2,331.4,205.19999999999993,1,1,1.0
86,8,1212.1,383.1,168.0,337.0,1,1,1.0
86,9,198.5,637.4,263.6,172.30000000000007,1,1,1.0
86,10,1055.5,343.6,194.70000000000005,310.9,1,1,1.0
87,1,694.0,558.9,293.6,178.0,1,1,1.0
87,2,530.93,683.7,294.6700000000001,223.0999999999999,1,1,1.0
87,3,530.3,751.0,166.80000000000007,199.39999999999998,1,1,1.0
87,4,704.5,384.3,274.20000000000005,302.49999999999994,1,1,1.0
87,5,915.7,337.0,136.5,358.79999999999995,1,1,1.0
87,6,416.9,519.5,271.0,115.5,1,1,1.0
87,7,630.2,646.3,352.0999999999999,199.30000000000007,1,1,1.0
87,8,1178.6,385.8,231.4000000000001,303.59999999999997,1,1,1.0
87,9,198.5,637.4,253.8,178.30000000000007,1,1,1.0
87,10,1049.5,348.1,199.20000000000005,319.19999999999993,1,1,1.0
88,1,674.6,564.3,311.1,185.80000000000007,1,1,1.0
88,2,550.4,682.4,279.6,237.39999999999998,1,1,1.0
88,3,464.4,791.0,247.80000000000007,139.89999999999998,1,1,1.0
88,4,721.9,363.2,266.6,354.40000000000003,1,1,1.0
88,5,935.3,338.5,116.90000000000009,297.0,1,1,1.0
88,6,408.6,512.7,275.6,123.09999999999991,1,1,1.0
88,7,601.5,646.3,362.0,175.9000000000001,1,1,1.0
88,8,1201.2,422.9,243.20000000000005,229.5,1,1,1.0
88,9,211.3,613.3,222.2,207.20000000000005,1,1,1.0
88,10,1048.7,369.2,220.29999999999995,309.40000000000003,1,1,1.0
89,1,672.5,566.8,322.70000000000005,218.70000000000005,1,1,1.0
89,2,597.5,718.8,321.4,188.4000000000001,1,1,1.0
89,3,466.3,776.6,242.8,156.19999999999993,1,1,1.0
89,4,733.2,407.0,284.69999999999993,280.6,1,1,1.0
89,5,926.3,349.8,132.70000000000005,273.59999999999997,1,1,1.0
89,6,410.1,469.0,279.4,169.79999999999995,1,1,1.0
89,7,613.6,671.2,347.6,164.5999999999999,1,1,1.0
89,8,1033.9,292.6,362.5999999999999,203.39999999999998,1,1,1.0
89,9,179.7,644.2,271.90000000000003,153.39999999999998,1,1,1.0
89,10,1053.2,360.2,191.5999999999999,285.2,1,1,1.0
90,1,682.2,597.6,267.9,167.79999999999995,1,1,1.0
90,2,635.36,787.03,296.03999999999996,151.17000000000007,1,1,1.0
90,3,466.3,766.7,235.3,167.39999999999998,1,1,1.0
90,4,719.6,438.6,248.60000000000002,246.69999999999993,1,1,1.0
90,5,921.0,358.8,132.29999999999995,261.59999999999997,1,1,1.0
90,6,410.1,508.2,295.19999999999993,130.59999999999997,1,1,1.0
90,7,607.6,686.3,367.9,147.20000000000005,1,1,1.0
90,8,814.2,251.0,379.75,126.5,1,1,1.0
90,9,180.5,657.8,277.1,131.5,1,1,1.0
90,10,1045.7,366.9,201.39999999999986,228.80000000000007,1,1,1.0
91,1,678.0,600.1,320.70000000000005,181.29999999999995,1,1,1.0
91,2,639.5,795.4,274.0,160.10000000000002,1,1,1.0
91,3,463.8,777.4,247.2,145.39999999999998,1,1,1.0
91,4,731.7,397.2,204.0999999999999,261.7,1,1,1.0
91,5,936.8,352.8,120.0,265.3,1,1,1.0
91,6,415.4,508.2,288.4,126.09999999999997,1,1,1.0
91,7,693.6,645.8,200.5,251.0,1,1,1.0
91,8,696.65,211.2,299.25,184.40000000000003,1,1,1.0
91,9,188.0,653.4,258.3,160.0,1,1,1.0
91,10,1046.5,362.4,207.4000000000001,231.0,1,1,1.0
92,1,703.7,597.1,276.9,219.0,1,1,1.0
92,2,631.3,794.8,299.6,138.10000000000002,1,1,1.0
92,3,463.2,775.5,252.2,146.0,1,1,1.0
92,4,730.9,359.5,188.30000000000007,276.0,1,1,1.0
92,5,938.3,346.0,120.79999999999995,272.1,1,1,1.0
92,6,416.9,512.7,287.70000000000005,125.39999999999998,1,1,1.0
92,7,536.8,636.6,269.9000000000001,160.0,1,1,1.0
92,8,596.3,203.1,370.70000000000005,198.79999999999998,1,1,1.0
92,9,179.0,651.2,267.3,170.5,1,1,1.0
92,10,1048.8,356.4,205.10000000000014,234.70000000000005,1,1,1.0
93,1,698.1,632.1,283.19999999999993,230.5,1,1,1.0
93,2,632.0,805.5,262.0,138.70000000000005,1,1,1.0
93,3,466.3,773.6,215.8,151.0,1,1,1.0
93,4,632.2,388.9,311.9,196.10000000000002,1,1,1.0
93,5,941.3,330.2,105.70000000000005,360.2,1,1,1.0
93,6,416.9,511.2,291.5,126.90000000000003,1,1,1.0
93,7,285.12,574.8,328.67999999999995,120.10000000000002,1,1,1.0
93,8,498.6,244.7,258.62,187.0,1,1,1.0
93,9,203.1,622.4,247.00000000000003,196.30000000000007,1,1,1.0
93,10,1042.8,344.3,202.79999999999995,252.8,1,1,1.0
94,1,703.7,630.4,299.79999999999995,212.80000000000007,1,1,1.0
94,2,625.4,794.2,313.80000000000007,150.5999999999999,1,1,1.0
94,3,465.0,774.2,245.39999999999998,151.69999999999993,1,1,1.0
94,4,652.5,422.8,307.4,164.49999999999994,1,1,1.0
94,5,948.1,327.2,107.19999999999993,363.2,1,1,1.0
94,6,425.2,505.9,309.59999999999997,171.39999999999998,1,1,1.0
94,7,279.0,544.6,291.1,143.5,1,1,1.0
94,8,480.5,208.5,216.10000000000002,266.6,1,1,1.0
94,9,198.6,638.2,251.50000000000003,179.0,1,1,1.0
94,10,1052.6,341.3,208.80000000000018,312.3,1,1,1.0
95,1,704.4,639.3,318.5,173.4000000000001,1,1,1.0
95,2,633.9,791.7,302.80000000000007,152.5,1,1,1.0
95,3,459.3,800.6,289.99999999999994,113.39999999999998,1,1,1.0
95,4,670.6,418.3,289.29999999999995,174.99999999999994,1,1,1.0
95,5,933.8,331.7,117.0,364.7,1,1,1.0
95,6,477.2,510.4,262.90000000000003,258.80000000000007,1,1,1.0
95,7,251.1,535.6,320.5,147.19999999999993,1,1,1.0
95,8,480.5,228.4,179.0,255.70000000000002,1,1,1.0
95,9,238.5,657.8,207.10000000000002,163.20000000000005,1,1,1.0
95,10,1051.8,327.0,175.70000000000005,334.79999999999995,1,1,1.0
96,1,707.9,626.1,271.30000000000007,247.0,1,1,1.0
96,2,634.5,791.1,299.70000000000005,154.39999999999998,1,1,1.0
96,3,463.8,767.4,285.49999999999994,149.60000000000002,1,1,1.0
96,4,673.6,419.8,286.29999999999995,168.2,1,1,1.0
96,5,921.0,333.2,123.0,343.00000000000006,1,1,1.0
96,6,508.1,530.0,290.79999999999995,239.89999999999998,1,1,1.0
96,7,239.0,530.3,330.34000000000003,142.0,1,1,1.0
96,8,483.2,217.6,179.90000000000003,259.29999999999995,1,1,1.0
96,9,225.8,654.8,224.3,167.70000000000005,1,1,1.0
96,10,1006.6,348.1,250.30000000000007,258.69999999999993,1,1,1.0
97,1,712.1,617.2,247.69999999999993,243.39999999999998,1,1,1.0
97,2,639.5,782.3,258.29999999999995,168.9000000000001,1,1,1.0
97,3,456.3,757.8,271.09999999999997,164.5,1,1,1.0
97,4,639.7,412.3,321.0,178.7,1,1,1.0
97,5,939.1,330.2,117.69999999999993,389.50000000000006,1,1,1.0
97,6,511.1,529.2,304.4,226.39999999999998,1,1,1.0
97,7,230.0,525.8,338.6,138.20000000000005,1,1,1.0
97,8,481.4,219.4,199.80000000000007,288.20000000000005,1,1,1.0
97,9,221.1,658.6,243.29999999999998,153.39999999999998,1,1,1.0
97,10,1024.7,426.5,304.5,136.60000000000002,1,1,1.0
98,1,708.6,612.6,250.5,214.0,1,1,1.0
98,2,638.9,757.8,262.0,207.20000000000005,1,1,1.0
98,3,457.1,750.8,264.19999999999993,179.0,1,1,1.0
98,4,704.5,424.4,265.20000000000005,198.20000000000005,1,1,1.0
98,5,924.0,344.5,135.0999999999999,393.29999999999995,1,1,1.0
98,6,513.4,526.9,293.80000000000007,225.70000000000005,1,1,1.0
98,7,237.5,508.5,327.29999999999995,135.89999999999998,1,1,1.0
98,8,462.4,224.8,218.80000000000007,287.3,1,1,1.0
98,9,212.8,665.4,256.09999999999997,136.80000000000007,1,1,1.0
98,10,1014.2,323.3,271.29999999999995,195.3,1,1,1.0
99,1,718.3,600.5,242.9000000000001,227.79999999999995,1,1,1.0
99,2,635.1,754.0,247.0,213.5,1,1,1.0
99,3,458.6,750.1,260.4,178.19999999999993,1,1,1.0
99,4,686.98,396.23,244.79999999999995,268.19999999999993,1,1,1.0
99,5,940.6,347.5,148.60000000000002,272.0,1,1,1.0
99,6,523.2,528.4,217.69999999999993,251.30000000000007,1,1,1.0
99,7,207.4,506.0,312.20000000000005,135.89999999999998,1,1,1.0
99,8,421.7,228.4,279.40000000000003,247.49999999999997,1,1,1.0
99,9,199.2,666.2,267.40000000000003,120.89999999999998,1,1,1.0
99,10,723.3,253.2,373.81999999999994,119.19999999999999,1,1,1.0
100,1,700.2,613.7,323.5,172.69999999999993,1,1,1.0
100,2,642.6,780.4,246.39999999999998,188.39999999999998,1,1,1.0
100,3,451.8,747.3,229.40000000000003,181.9000000000001,1,1,1.0
100,4,724.1,403.3,218.39999999999998,216.3,1,1,1.0
100,5,920.3,372.4,270.60000000000014,198.10000000000002,1,1,1.0
100,6,523.9,515.6,292.4,266.4,1,1,1.0
100,7,161.6,495.3,341.70000000000005,126.49999999999994,1,1,1.0
100,8,406.3,232.9,301.99999999999994,244.79999999999998,1,1,1.0
100,9,196.2,666.2,269.6,121.69999999999993,1,1,1.0
100,10,723.3,244.2,306.79999999999995,174.2,1,1,1.0
101,1,699.5,616.5,332.5,169.89999999999998,1,1,1.0
101,2,648.9,781.7,267.1,187.19999999999993,1,1,1.0
101,3,499.5,678.9,180.39999999999998,267.30000000000007,1,1,1.0
101,4,718.8,357.3,186.80000000000007,271.99999999999994,1,1,1.0
101,5,1058.95,414.6,271.3499999999999,174.0,1,1,1.0
101,6,523.1,584.2,318.1,189.5,1,1,1.0
101,7,169.8,492.8,337.9,118.30000000000001,1,1,1.0
101,8,448.8,229.3,255.90000000000003,250.2,1,1,1.0
101,9,196.2,666.2,271.90000000000003,121.69999999999993,1,1,1.0
101,10,711.2,244.2,297.79999999999995,208.90000000000003,1,1,1.0
102,1,693.3,591.5,301.9000000000001,174.10000000000002,1,1,1.0
102,2,644.5,783.6,243.20000000000005,187.69999999999993,1,1,1.0
102,3,487.6,614.2,142.10000000000002,289.29999999999995,1,1,1.0
102,4,743.7,339.2,153.5999999999999,278.8,1,1,1.0
102,5,1118.5,395.8,251.0,204.09999999999997,1,1,1.0
102,6,512.6,585.7,324.1,182.69999999999993,1,1,1.0
102,7,171.7,490.3,336.6,118.90000000000003,1,1,1.0
102,8,453.3,220.3,226.99999999999994,271.9,1,1,1.0
102,9,181.9,667.7,290.70000000000005,122.5,1,1,1.0
102,10,697.6,246.5,311.4,181.0,1,1,1.0
103,1,688.4,613.1,329.70000000000005,143.5,1,1,1.0
103,2,646.4,767.8,233.14,202.9000000000001,1,1,1.0
103,3,498.3,572.1,134.49999999999994,315.69999999999993,1,1,1.0
103,4,757.3,343.7,122.70000000000005,276.59999999999997,1,1,1.0
103,5,1119.3,392.8,234.29999999999995,207.09999999999997,1,1,1.0
103,6,582.0,661.0,407.70000000000005,144.29999999999995,1,1,1.0
103,7,170.9,490.0,338.04999999999995,124.85000000000002,1,1,1.0
103,8,498.5,221.2,146.5,290.90000000000003,1,1,1.0
103,9,174.4,666.2,299.0,130.0,1,1,1.0
103,10,683.3,264.6,325.70000000000005,138.79999999999995,1,1,1.0
104,1,794.61,525.6,319.9899999999999,116.39999999999998,1,1,1.0
104,2,613.7,694.5,208.0999999999999,227.79999999999995,1,1,1.0
104,3,495.2,577.2,129.50000000000006,300.5,1,1,1.0
104,4,730.2,349.8,148.29999999999995,261.49999999999994,1,1,1.0
104,5,1163.0,350.6,183.79999999999995,302.79999999999995,1,1,1.0
104,6,625.6,695.7,385.94999999999993,120.09999999999991,1,1,1.0
104,7,194.3,489.7,315.3,130.8,1,1,1.0
104,8,532.9,256.5,155.5,338.79999999999995,1,1,1.0
104,9,172.9,666.2,302.0,134.5,1,1,1.0
104,10,668.2,266.9,343.79999999999995,136.5,1,1,1.0
105,1,815.4,465.9,225.60000000000002,194.20000000000005,1,1,1.0
105,2,529.6,531.9,181.10000000000002,263.56000000000006,1,1,1.0
105,3,495.2,579.7,122.00000000000006,297.4,1,1,1.0
105,4,719.7,355.9,155.79999999999995,272.0,1,1,1.0
105,5,1187.1,340.1,120.5,317.79999999999995,1,1,1.0
105,6,601.5,700.7,355.0,122.59999999999991,1,1,1.0
105,7,194.3,489.1,315.3,130.79999999999995,1,1,1.0
105,8,556.4,466.3,361.70000000000005,214.90000000000003,1,1,1.0
105,9,198.5,662.4,275.6,143.60000000000002,1,1,1.0
105,10,678.7,266.1,337.0999999999999,135.0,1,1,1.0
106,1,796.0,458.3,297.79999999999995,212.2,1,1,1.0
106,2,439.2,464.7,211.8,237.2,1,1,1.0
106,3,482.6,562.3,142.10000000000002,299.70000000000005,1,1,1.0
106,4,662.4,352.0,257.5,217.10000000000002,1,1,1.0
106,5,1166.8,327.3,148.29999999999995,295.2,1,1,1.0
106,6,623.4,688.9,413.0000000000001,121.60000000000002,1,1,1.0
106,7,253.3,486.0,253.2,137.70000000000005,1,1,1.0
106,8,602.5,594.7,413.29999999999995,105.5,1,1,1.0
106,9,198.5,662.4,275.6,145.10000000000002,1,1,1.0
106,10,632.0,269.1,343.1,161.39999999999998,1,1,1.0
107,1,799.5,478.4,284.5999999999999,196.30000000000007,1,1,1.0
107,2,419.1,457.8,245.10000000000002,215.2,1,1,1.0
107,3,463.8,565.4,139.59999999999997,269.0,1,1,1.0
107,4,603.6,491.9,168.60000000000002,341.70000000000005,1,1,1.0
107,5,992.7,407.9,314.0999999999999,131.70000000000005,1,1,1.0
107,6,646.0,690.4,335.4,105.80000000000007,1,1,1.0
107,7,188.0,487.3,319.1,120.09999999999997,1,1,1.0
107,8,602.5,592.9,406.1,115.39999999999998,1,1,1.0
107,9,200.8,666.2,271.0,142.79999999999995,1,1,1.0
107,10,616.9,249.5,215.0,236.0,1,1,1.0
108,1,798.1,473.5,273.4999999999999,196.29999999999995,1,1,1.0
108,2,465.6,456.5,216.19999999999993,211.5,1,1,1.0
108,3,466.3,571.1,135.2,263.29999999999995,1,1,1.0
108,4,611.9,564.5,141.5,313.6,1,1,1.0
108,5,833.7,325.8,298.28,120.39999999999998,1,1,1.0
108,6,630.2,699.4,295.4,120.20000000000005,1,1,1.0
108,7,184.2,486.0,322.90000000000003,120.79999999999995,1,1,1.0
108,8,602.5,600.1,356.4,131.69999999999993,1,1,1.0
108,9,199.3,666.2,274.0,144.29999999999995,1,1,1.0
108,10,670.4,303.0,276.70000000000005,320.4,1,1,1.0
109,1,862.0,471.4,365.79999999999995,125.5,1,1,1.0
109,2,463.7,453.4,213.09999999999997,222.10000000000002,1,1,1.0
109,3,466.3,575.5,135.2,253.89999999999998,1,1,1.0
109,4,598.3,583.3,177.70000000000005,284.30000000000007,1,1,1.0
109,5,702.6,303.9,253.80999999999995,244.70000000000005,1,1,1.0
109,6,611.4,716.0,395.6,111.89999999999998,1,1,1.0
109,7,181.1,485.4,326.0,121.39999999999998,1,1,1.0
109,8,608.8,597.4,430.60000000000014,127.20000000000005,1,1,1.0
109,9,194.0,665.4,280.1,142.80000000000007,1,1,1.0
109,10,709.6,396.4,352.80000000000007,270.0,1,1,1.0
110,1,974.5,377.0,233.9000000000001,275.5,1,1,1.0
110,2,429.1,454.7,252.69999999999993,143.59999999999997,1,1,1.0
110,3,461.9,546.6,136.5,290.29999999999995,1,1,1.0
110,4,595.3,576.5,199.60000000000002,299.4,1,1,1.0
110,5,668.7,337.1,140.79999999999995,282.4,1,1,1.0
110,6,612.9,714.5,384.30000000000007,117.20000000000005,1,1,1.0
110,7,179.2,485.4,327.90000000000003,122.0,1,1,1.0
110,8,606.1,606.4,407.1,116.39999999999998,1,1,1.0
110,9,194.0,667.0,282.2,141.20000000000005,1,1,1.0
110,10,687.0,447.0,334.70000000000005,233.70000000000005,1,1,1.0
111,1,1021.0,323.5,153.4000000000001,351.20000000000005,1,1,1.0
111,2,432.2,464.1,248.3,166.19999999999993,1,1,1.0
111,3,456.9,584.3,147.80000000000007,243.80000000000007,1,1,1.0
111,4,599.8,601.4,201.10000000000002,298.6,1,1,1.0
111,5,671.7,343.1,109.19999999999993,270.4,1,1,1.0
111,6,609.9,712.2,367.70000000000005,122.5,1,1,1.0
111,7,177.3,486.0,284.59999999999997,120.79999999999995,1,1,1.0
111,8,603.4,602.8,384.5,137.20000000000005,1,1,1.0
111,9,172.9,667.0,307.20000000000005,138.89999999999998,1,1,1.0
111,10,689.3,447.0,342.9000000000001,225.39999999999998,1,1,1.0
112,1,1030.0,306.8,155.4000000000001,349.7,1,1,1.0
112,2,478.0,408.3,196.89999999999998,257.2,1,1,1.0
112,3,378.4,462.4,171.70000000000005,255.80000000000007,1,1,1.0
112,4,593.8,617.2,207.9000000000001,279.0,1,1,1.0
112,5,664.9,347.6,114.5,281.79999999999995,1,1,1.0
112,6,614.4,702.0,321.0,138.70000000000005,1,1,1.0
112,7,172.3,486.0,283.9,120.20000000000005,1,1,1.0
112,8,611.5,607.3,416.20000000000005,115.5,1,1,1.0
112,9,172.1,666.2,308.0,138.89999999999998,1,1,1.0
112,10,690.8,452.3,382.9000000000001,218.59999999999997,1,1,1.0
113,1,1037.6,315.8,147.9000000000001,346.40000000000003,1,1,1.0
113,2,469.8,466.7,151.09999999999997,293.00000000000006,1,1,1.0
113,3,310.6,428.5,203.69999999999993,252.0,1,1,1.0
113,4,584.8,633.8,168.70000000000005,279.70000000000005,1,1,1.0
113,5,499.1,525.43,201.89999999999998,272.7700000000001,1,1,1.0
113,6,619.7,732.2,356.4,111.5,1,1,1.0
113,7,173.6,486.0,273.29999999999995,124.29999999999995,1,1,1.0
113,8,615.1,608.2,372.9,107.39999999999998,1,1,1.0
113,9,199.2,663.9,275.6,124.60000000000002,1,1,1.0
113,10,698.3,445.5,312.9000000000001,241.20000000000005,1,1,1.0
114,1,1036.2,310.9,179.89999999999986,322.80000000000007,1,1,1.0
114,2,469.8,484.9,132.90000000000003,252.80000000000007,1,1,1.0
114,3,331.4,429.1,182.89999999999998,247.0,1,1,1.0
114,4,580.3,655.7,173.20000000000005,265.29999999999995,1,1,1.0
114,5,450.1,626.4,168.0,245.60000000000002,1,1,1.0
114,6,615.9,730.4,360.20000000000005,111.0,1,1,1.0
114,7,173.0,486.0,273.8,127.70000000000005,1,1,1.0
114,8,616.0,591.9,399.9,124.60000000000002,1,1,1.0
114,9,213.5,660.9,253.0,134.39999999999998,1,1,1.0
114,10,707.4,430.4,302.30000000000007,229.20000000000005,1,1,1.0
115,1,1033.4,313.0,152.79999999999995,349.20000000000005,1,1,1.0
115,2,471.7,478.0,131.00000000000006,298.0,1,1,1.0
115,3,310.7,426.0,204.2,236.89999999999998,1,1,1.0
115,4,566.7,655.8,188.29999999999995,259.9000000000001,1,1,1.0
115,5,468.2,641.5,141.00000000000006,259.1,1,1,1.0
115,6,609.1,703.9,405.4,120.20000000000005,1,1,1.0
115,7,208.2,490.3,241.7,125.30000000000001,1,1,1.0
115,8,622.3,584.7,328.5,130.89999999999998,1,1,1.0
115,9,203.7,661.7,261.3,132.79999999999995,1,1,1.0
115,10,699.1,439.4,336.19999999999993,232.30000000000007,1,1,1.0
116,1,1031.3,310.2,152.10000000000014,337.40000000000003,1,1,1.0
116,2,473.6,480.5,129.10000000000002,290.5,1,1,1.0
116,3,306.9,425.4,210.5,233.70000000000005,1,1,1.0
116,4,567.5,639.9,250.79999999999995,238.89999999999998,1,1,1.0
116,5,469.0,697.5,195.10000000000002,237.79999999999995,1,1,1.0
116,6,619.7,697.9,381.24,122.39999999999998,1,1,1.0
116,7,239.0,470.9,211.0,151.60000000000002,1,1,1.0
116,8,625.9,602.8,304.1,112.80000000000007,1,1,1.0
116,9,203.7,661.7,265.1,132.79999999999995,1,1,1.0
116,10,704.3,440.9,291.1,239.10000000000002,1,1,1.0
117,1,1030.6,314.4,154.9000000000001,353.30000000000007,1,1,1.0
117,2,427.4,489.9,179.60000000000002,245.30000000000007,1,1,1.0
117,3,328.9,428.5,188.5,229.29999999999995,1,1,1.0
117,4,547.2,656.5,313.29999999999995,211.0,1,1,1.0
117,5,549.63,825.4,365.37,120.39999999999998,1,1,1.0
117,6,622.7,690.4,414.39999999999986,136.70000000000005,1,1,1.0
117,7,183.1,483.5,266.79999999999995,142.79999999999995,1,1,1.0
117,8,627.7,606.4,314.0999999999999,115.5,1,1,1.0
117,9,200.7,663.2,271.90000000000003,133.5999999999999,1,1,1.0
117,10,695.3,431.1,356.60000000000014,246.60000000000002,1,1,1.0
118,1,1020.2,319.3,168.0999999999999,333.59999999999997,1,1,1.0
118,2,460.4,528.2,127.89999999999998,308.79999999999995,1,1,1.0
118,3,305.7,428.5,214.2,228.0,1,1,1.0
118,4,543.4,647.4,217.60000000000002,188.5,1,1,1.0
118,5,670.2,849.5,398.5,103.10000000000002,1,1,1.0
118,6,652.8,701.7,387.29999999999995,145.69999999999993,1,1,1.0
118,7,170.5,461.5,280.7,176.10000000000002,1,1,1.0
118,8,630.4,606.4,310.5,128.20000000000005,1,1,1.0
118,9,197.7,665.5,273.40000000000003,131.29999999999995,1,1,1.0
118,10,682.5,432.6,334.70000000000005,193.89999999999998,1,1,1.0
119,1,1019.5,316.5,164.5999999999999,323.4,1,1,1.0
119,2,457.9,583.5,123.5,310.0,1,1,1.0
119,3,320.1,426.6,202.29999999999995,228.0,1,1,1.0
119,4,485.4,629.3,265.1,168.20000000000005,1,1,1.0
119,5,678.5,830.7,326.9,125.69999999999993,1,1,1.0
119,6,639.2,656.5,372.29999999999995,200.70000000000005,1,1,1.0
119,7,159.2,473.4,275.0,159.80000000000007,1,1,1.0
119,8,623.2,595.6,317.69999999999993,156.19999999999993,1,1,1.0
119,9,221.1,639.1,247.00000000000003,167.5,1,1,1.0
119,10,696.8,406.2,246.60000000000002,231.59999999999997,1,1,1.0
120,1,1022.3,319.3,170.10000000000014,328.99999999999994,1,1,1.0
120,2,459.2,615.5,129.7,299.20000000000005,1,1,1.0
120,3,330.8,430.4,190.99999999999994,224.80000000000007,1,1,1.0
120,4,471.8,668.5,283.2,140.29999999999995,1,1,1.0
120,5,675.5,852.6,396.20000000000005,103.79999999999995,1,1,1.0
120,6,643.7,691.9,334.5999999999999,159.30000000000007,1,1,1.0
120,7,174.3,472.8,269.3,164.8,1,1,1.0
120,8,592.5,596.5,314.9,127.29999999999995,1,1,1.0
120,9,245.2,648.9,210.10000000000002,193.10000000000002,1,1,1.0
120,10,698.3,398.6,250.30000000000007,235.39999999999998,1,1,1.0
121,1,1024.4,313.1,160.39999999999986,358.0,1,1,1.0
121,2,409.6,618.6,158.79999999999995,263.0,1,1,1.0
121,3,327.7,431.7,192.2,222.90000000000003,1,1,1.0
121,4,491.4,677.6,326.9,132.69999999999993,1,1,1.0
121,5,678.5,848.8,289.20000000000005,108.40000000000009,1,1,1.0
121,6,651.2,697.2,312.79999999999995,154.79999999999995,1,1,1.0
121,7,174.3,471.5,267.4,153.5,1,1,1.0
121,8,580.7,602.8,417.0999999999999,110.10000000000002,1,1,1.0
121,9,325.1,611.2,172.39999999999998,264.0,1,1,1.0
121,10,706.6,391.1,245.0,240.60000000000002,1,1,1.0
