1,1,375.01,354.86,57.150000000000034,80.37,1,1,0.0
1,2,219.66,447.98,150.71,159.75,1,1,1.0
1,3,220.42,562.44,147.69000000000003,167.95999999999992,1,1,1.0
1,4,232.73,684.64,195.71,147.61,1,1,1.0
1,5,345.76,666.65,332.65999999999997,160.49,1,1,1.0
1,6,393.35,292.36,310.2099999999999,213.68,1,1,1.0
1,7,715.18,504.04,236.68000000000006,302.16,1,1,1.0
1,8,885.93,410.83,274.2800000000001,257.78000000000003,1,1,1.0
1,9,1704.9,555.45,358.98,202.53999999999996,1,1,1.0
2,1,375.01,354.86,57.150000000000034,80.37,1,1,0.0
2,2,219.66,447.98,150.71,159.75,1,1,1.0
2,3,220.42,562.44,147.69000000000003,176.3599999999999,1,1,1.0
2,4,232.73,680.5,177.87000000000003,151.75,1,1,1.0
2,5,409.07,552.53,270.22999999999996,238.97000000000003,1,1,1.0
2,6,421.2,292.36,282.35999999999996,213.68,1,1,1.0
2,7,709.9,504.04,237.39999999999998,284.06,1,1,1.0
2,8,916.8,413.8,254.70000000000005,277.40000000000003,1,1,1.0
2,9,1704.9,555.45,358.98,202.53999999999996,1,1,1.0
3,1,375.01,354.86,57.150000000000034,80.37,1,1,0.0
3,2,219.66,447.98,150.71,159.75,1,1,1.0
3,3,220.42,562.44,147.69000000000003,171.8599999999999,1,1,1.0
3,4,228.0,687.3,166.89999999999998,146.0,1,1,1.0
3,5,405.5,428.59,200.70000000000005,321.01000000000005,1,1,1.0
3,6,386.5,292.36,317.05999999999995,213.68,1,1,1.0
3,7,709.9,504.04,247.20000000000005,284.06,1,1,1.0
3,8,924.3,416.8,242.70000000000005,304.49999999999994,1,1,1.0
3,9,1704.9,555.45,358.98,202.53999999999996,1,1,1.0
4,1,375.01,354.86,48.389999999999986,80.37,1,1,0.0
4,2,221.2,447.98,149.17000000000002,182.31999999999994,1,1,1.0
4,3,220.42,562.44,147.69000000000003,159.81999999999994,1,1,1.0
4,4,228.0,690.4,165.3,142.89999999999998,1,1,1.0
4,5,352.0,435.7,238.20000000000005,314.8,1,1,1.0
4,6,395.8,292.36,307.75999999999993,213.68,1,1,1.0
4,7,709.9,504.04,238.89999999999998,284.06,1,1,1.0
4,8,907.0,404.7,255.5,252.59999999999997,1,1,1.0
4,9,1704.9,555.45,358.98,195.44999999999993,1,1,1.0
5,1,375.01,354.86,48.389999999999986,80.37,1,1,0.0
5,2,223.5,447.98,146.87,168.72000000000003,1,1,1.0
5,3,220.42,562.44,147.69000000000003,167.3599999999999,1,1,1.0
5,4,219.1,685.2,183.6,148.0999999999999,1,1,1.0
5,5,368.0,450.0,234.70000000000005,288.9,1,1,1.0
5,6,395.8,292.36,307.75999999999993,213.68,1,1,1.0
5,7,702.4,504.04,243.39999999999998,284.06,1,1,1.0
5,8,871.6,419.8,308.19999999999993,230.7,1,1,1.0
5,9,1704.9,555.45,358.98,202.53999999999996,1,1,1.0
6,1,375.01,354.86,48.389999999999986,80.37,1,1,0.0
6,2,222.7,447.98,147.67000000000002,176.22000000000003,1,1,1.0
6,3,220.42,562.44,147.69000000000003,168.8599999999999,1,1,1.0
6,4,202.9,680.0,205.6,153.29999999999995,1,1,1.0
6,5,368.0,454.5,239.20000000000005,273.70000000000005,1,1,1.0
6,6,392.1,292.36,311.4599999999999,213.68,1,1,1.0
6,7,702.4,504.04,247.89999999999998,289.35999999999996,1,1,1.0
6,8,860.3,416.8,297.60000000000014,261.59999999999997,1,1,1.0
6,9,1704.9,544.6,358.98,211.60000000000002,1,1,1.0
7,1,383.8,354.86,27.69999999999999,80.37,1,1,0.0
7,2,222.7,447.98,147.67000000000002,176.22000000000003,1,1,1.0
7,3,220.42,562.44,147.69000000000003,159.81999999999994,1,1,1.0
7,4,147.4,672.2,262.1,164.19999999999993,1,1,1.0
7,5,335.0,447.4,279.29999999999995,281.70000000000005,1,1,1.0
7,6,398.9,292.36,304.65999999999997,213.68,1,1,1.0
7,7,702.4,504.04,238.10000000000002,294.66,1,1,1.0
7,8,858.1,416.8,302.80000000000007,306.8,1,1,1.0
7,9,1704.9,544.6,358.98,211.60000000000002,1,1,1.0
8,1,368.7,354.86,56.0,80.37,1,1,0.0
8,2,222.7,447.98,147.67000000000002,176.22000000000003,1,1,1.0
8,3,220.42,562.44,147.69000000000003,159.81999999999994,1,1,1.0
8,4,140.6,666.4,261.1,170.0,1,1,1.0
8,5,355.5,460.8,265.0,253.99999999999994,1,1,1.0
8,6,406.3,292.36,297.25999999999993,213.68,1,1,1.0
8,7,702.4,504.04,244.10000000000002,298.46,1,1,1.0
8,8,850.6,421.3,290.69999999999993,306.09999999999997,1,1,1.0
8,9,1704.9,544.6,358.98,211.60000000000002,1,1,1.0
9,1,375.0,354.86,45.30000000000001,80.37,1,1,0.0
9,2,222.7,447.98,147.67000000000002,176.22000000000003,1,1,1.0
9,3,220.42,562.44,152.98,159.81999999999994,1,1,1.0
9,4,130.1,666.4,267.4,170.0,1,1,1.0
9,5,355.5,467.0,265.0,247.79999999999995,1,1,1.0
9,6,406.3,294.2,297.25999999999993,211.84000000000003,1,1,1.0
9,7,706.9,506.3,237.30000000000007,305.3,1,1,1.0
9,8,897.3,418.3,235.0,251.8,1,1,1.0
9,9,1704.9,544.6,358.98,211.60000000000002,1,1,1.0
10,1,375.0,354.86,45.30000000000001,80.37,1,1,0.0
10,2,222.7,447.98,147.67000000000002,176.22000000000003,1,1,1.0
10,3,220.42,562.44,152.98,159.81999999999994,1,1,1.0
10,4,145.8,671.1,257.5,165.29999999999995,1,1,1.0
10,5,360.0,467.0,260.5,247.79999999999995,1,1,1.0
10,6,400.1,294.2,303.4599999999999,211.84000000000003,1,1,1.0
10,7,706.9,506.3,233.5,308.3,1,1,1.0
10,8,897.3,410.8,229.70000000000005,253.99999999999994,1,1,1.0
10,9,1704.9,547.3,358.98,208.9000000000001,1,1,1.0
11,1,375.0,354.86,45.30000000000001,80.37,1,1,0.0
11,2,195.6,444.2,187.6,174.00000000000006,1,1,1.0
11,3,220.42,562.44,152.98,159.81999999999994,1,1,1.0
11,4,167.8,671.1,244.39999999999998,165.29999999999995,1,1,1.0
11,5,362.7,473.2,257.8,241.59999999999997,1,1,1.0
11,6,394.5,294.2,309.05999999999995,211.84000000000003,1,1,1.0
11,7,706.9,506.3,236.5,310.59999999999997,1,1,1.0
11,8,897.3,410.0,207.10000000000014,257.1,1,1,1.0
11,9,1704.9,555.5,368.0,200.70000000000005,1,1,1.0
12,1,375.0,354.86,45.30000000000001,80.37,1,1,0.0
12,2,195.6,441.2,203.4,164.90000000000003,1,1,1.0
12,3,220.42,562.44,157.48,159.81999999999994,1,1,1.0
12,4,173.0,671.1,232.89999999999998,170.0,1,1,1.0
12,5,362.7,473.2,257.8,241.59999999999997,1,1,1.0
12,6,394.5,292.3,300.4,221.2,1,1,1.0
12,7,715.9,506.3,224.5,315.09999999999997,1,1,1.0
12,8,917.6,386.6,191.30000000000007,285.0,1,1,1.0
12,9,1704.9,530.2,368.0,233.0999999999999,1,1,1.0
13,1,375.0,354.86,66.0,68.44,1,1,0.0
13,2,177.5,441.2,229.0,149.09999999999997,1,1,1.0
13,3,220.42,570.0,157.48,141.70000000000005,1,1,1.0
13,4,188.7,674.8,220.90000000000003,156.9000000000001,1,1,1.0
13,5,331.5,473.2,292.6,232.7,1,1,1.0
13,6,394.5,292.3,300.4,221.2,1,1,1.0
13,7,715.9,500.3,226.80000000000007,314.3,1,1,1.0
13,8,923.7,388.9,205.5,343.0,1,1,1.0
13,9,1704.9,475.0,351.6999999999998,289.29999999999995,1,1,1.0
14,1,162.33,432.1,137.56999999999996,135.51,1,1,0.0
14,2,162.4,446.5,235.1,158.89999999999998,1,1,1.0
14,3,220.42,570.0,157.48,141.70000000000005,1,1,1.0
14,4,218.0,663.3,193.2,168.4000000000001,1,1,1.0
14,5,354.7,473.2,278.3,229.09999999999997,1,1,1.0
14,6,419.3,286.1,275.59999999999997,227.39999999999998,1,1,1.0
14,7,715.9,495.0,232.80000000000007,313.6,1,1,1.0
14,8,916.9,398.7,214.60000000000002,337.00000000000006,1,1,1.0
14,9,1705.8,389.1,255.0,412.29999999999995,1,1,1.0
15,1,172.9,450.2,164.70000000000002,95.59999999999997,1,1,0.0
15,2,152.6,469.86,235.10999999999999,158.89999999999998,1,1,1.0
15,3,220.42,570.0,157.48,156.0,1,1,1.0
15,4,223.8,664.3,180.09999999999997,170.0,1,1,1.0
15,5,373.4,467.8,247.10000000000002,246.99999999999994,1,1,1.0
15,6,408.2,286.1,286.7,227.39999999999998,1,1,1.0
15,7,709.9,501.0,244.10000000000002,294.79999999999995,1,1,1.0
15,8,916.9,394.2,211.60000000000002,315.09999999999997,1,1,1.0
15,9,1705.8,411.7,217.9000000000001,368.00000000000006,1,1,1.0
16,1,201.5,431.4,145.89999999999998,88.80000000000007,1,1,0.0
16,2,152.6,477.4,256.20000000000005,148.30000000000007,1,1,1.0
16,3,220.42,579.0,157.48,147.0,1,1,1.0
16,4,223.8,661.7,171.7,173.5999999999999,1,1,1.0
16,5,393.0,445.5,212.29999999999995,275.5,1,1,1.0
16,6,387.1,283.0,307.79999999999995,230.5,1,1,1.0
16,7,703.1,507.0,246.39999999999998,275.20000000000005,1,1,1.0
16,8,918.4,396.5,216.89999999999998,308.29999999999995,1,1,1.0
16,9,1696.8,384.6,228.70000000000005,400.5,1,1,1.0
17,1,253.5,269.3,161.7,243.35999999999996,1,1,0.0
17,2,167.7,481.9,241.10000000000002,143.80000000000007,1,1,1.0
17,3,220.42,579.0,157.48,139.5,1,1,1.0
17,4,223.8,661.7,168.59999999999997,173.5999999999999,1,1,1.0
17,5,404.4,438.3,204.5,295.2,1,1,1.0
17,6,387.1,294.1,307.79999999999995,225.0,1,1,1.0
17,7,692.6,510.0,265.19999999999993,266.9,1,1,1.0
17,8,918.4,396.5,216.89999999999998,337.70000000000005,1,1,1.0
17,9,1696.8,400.9,228.70000000000005,375.20000000000005,1,1,1.0
18,1,308.51,436.58,130.09000000000003,278.02000000000004,1,1,1.0
18,2,207.64,496.97,163.46000000000004,175.42999999999995,1,1,1.0
18,3,200.8,610.6,166.59999999999997,107.89999999999998,1,1,1.0
18,4,223.8,661.7,166.5,175.19999999999993,1,1,1.0
18,5,382.1,444.2,216.39999999999998,292.3,1,1,1.0
18,6,397.6,294.1,297.29999999999995,225.0,1,1,1.0
18,7,692.6,510.0,265.19999999999993,266.9,1,1,1.0
18,8,918.4,398.0,210.89999999999998,331.70000000000005,1,1,1.0
18,9,1696.8,381.0,228.70000000000005,393.29999999999995,1,1,1.0
19,1,401.19,606.88,253.70999999999998,268.22,1,1,1.0
19,2,228.74,441.21,144.65999999999997,207.79000000000002,1,1,1.0
19,3,200.8,594.0,169.59999999999997,117.70000000000005,1,1,1.0
19,4,167.3,677.9,213.09999999999997,160.60000000000002,1,1,1.0
19,5,407.4,444.2,191.10000000000002,292.3,1,1,1.0
19,6,418.1,294.1,274.9,220.0,1,1,1.0
19,7,692.6,510.0,265.19999999999993,266.9,1,1,1.0
19,8,918.4,398.0,210.89999999999998,331.70000000000005,1,1,1.0
19,9,1681.4,429.8,300.1999999999998,339.99999999999994,1,1,1.0
20,1,458.46,713.88,347.94,186.82000000000005,1,1,1.0
20,2,228.74,441.21,149.95999999999998,195.69,1,1,1.0
20,3,212.9,584.2,164.99999999999997,127.5,1,1,1.0
20,4,144.3,677.4,245.5,161.10000000000002,1,1,1.0
20,5,389.6,465.8,246.79999999999995,252.90000000000003,1,1,1.0
20,6,399.5,294.1,294.70000000000005,215.0,1,1,1.0
20,7,688.8,517.5,290.1,259.4,1,1,1.0
20,8,918.4,398.0,210.89999999999998,327.20000000000005,1,1,1.0
20,9,1673.3,438.8,316.4000000000001,326.49999999999994,1,1,1.0
21,1,530.8,765.12,384.9000000000001,155.88,1,1,1.0
21,2,228.74,441.21,151.45999999999998,180.58999999999997,1,1,1.0
21,3,200.8,584.2,171.8,137.29999999999995,1,1,1.0
21,4,167.8,676.9,225.09999999999997,159.5,1,1,1.0
21,5,357.7,478.4,266.09999999999997,238.10000000000002,1,1,1.0
21,6,399.5,295.4,297.79999999999995,214.90000000000003,1,1,1.0
21,7,683.5,525.0,292.4,251.89999999999998,1,1,1.0
21,8,921.4,392.7,200.39999999999998,326.50000000000006,1,1,1.0
21,9,1673.3,438.8,345.29999999999995,330.09999999999997,1,1,1.0
22,1,554.9,774.2,402.20000000000005,146.79999999999995,1,1,1.0
22,2,228.74,441.21,134.86,153.49000000000007,1,1,1.0
22,3,137.5,584.2,241.89999999999998,129.79999999999995,1,1,1.0
22,4,166.2,666.4,227.7,172.60000000000002,1,1,1.0
22,5,333.9,439.0,275.80000000000007,284.20000000000005,1,1,1.0
22,6,392.1,295.4,299.6,219.20000000000005,1,1,1.0
22,7,683.5,525.0,292.4,251.89999999999998,1,1,1.0
22,8,921.4,395.7,204.19999999999993,325.8,1,1,1.0
22,9,1673.3,410.8,273.0,360.8,1,1,1.0
23,1,560.9,774.2,390.20000000000005,146.79999999999995,1,1,1.0
23,2,228.74,441.21,128.86,153.49000000000007,1,1,1.0
23,3,164.6,578.9,214.79999999999998,135.10000000000002,1,1,1.0
23,4,164.6,666.4,229.29999999999998,172.60000000000002,1,1,1.0
23,5,333.9,463.5,280.30000000000007,259.70000000000005,1,1,1.0
23,6,392.1,295.4,299.6,219.20000000000005,1,1,1.0
23,7,683.5,525.0,292.4,251.89999999999998,1,1,1.0
23,8,921.4,385.9,201.19999999999993,335.6,1,1,1.0
23,9,1679.6,429.8,242.30000000000018,322.8,1,1,1.0
24,1,560.9,774.2,391.70000000000005,146.79999999999995,1,1,1.0
24,2,231.7,441.21,125.90000000000003,153.49000000000007,1,1,1.0
24,3,173.6,578.9,205.79999999999998,142.60000000000002,1,1,1.0
24,4,166.7,668.5,223.5,172.10000000000002,1,1,1.0
24,5,351.7,475.4,262.50000000000006,247.80000000000007,1,1,1.0
24,6,398.3,295.4,297.7,219.20000000000005,1,1,1.0
24,7,683.5,525.0,292.4,251.89999999999998,1,1,1.0
24,8,926.7,388.9,197.39999999999986,332.6,1,1,1.0
24,9,1748.3,350.23,226.95000000000005,339.06999999999994,1,1,1.0
25,1,560.9,774.2,391.70000000000005,146.79999999999995,1,1,1.0
25,2,231.7,435.2,125.90000000000003,151.2,1,1,0.0
25,3,173.6,578.9,205.79999999999998,136.60000000000002,1,1,1.0
25,4,166.7,669.0,226.10000000000002,170.60000000000002,1,1,1.0
25,5,337.6,433.8,276.6,289.40000000000003,1,1,1.0
25,6,390.2,295.4,305.8,219.20000000000005,1,1,1.0
25,7,686.5,515.2,284.9,261.69999999999993,1,1,1.0
25,8,926.7,387.4,193.5999999999999,343.1,1,1,1.0
25,9,1773.6,313.16,228.7800000000002,333.63999999999993,1,1,1.0
26,1,560.9,774.2,391.70000000000005,146.79999999999995,1,1,1.0
26,2,274.7,435.2,82.90000000000003,121.80000000000001,1,1,0.0
26,3,221.1,578.9,162.1,136.60000000000002,1,1,1.0
26,4,170.4,666.9,226.1,171.10000000000002,1,1,1.0
26,5,353.2,456.8,261.00000000000006,266.40000000000003,1,1,1.0
26,6,396.4,295.4,299.6,219.20000000000005,1,1,1.0
26,7,686.5,515.2,290.9,261.69999999999993,1,1,1.0
26,8,926.7,385.9,189.79999999999995,334.0,1,1,1.0
26,9,1776.3,292.4,223.4000000000001,346.30000000000007,1,1,1.0
27,1,560.9,774.2,391.70000000000005,146.79999999999995,1,1,1.0
27,2,262.6,435.2,104.0,133.09999999999997,1,1,0.0
27,3,222.6,578.9,169.6,136.60000000000002,1,1,1.0
27,4,198.7,640.7,199.40000000000003,196.79999999999995,1,1,1.0
27,5,345.8,462.0,268.40000000000003,261.20000000000005,1,1,1.0
27,6,405.1,295.4,290.9,219.20000000000005,1,1,1.0
27,7,692.5,515.2,269.79999999999995,269.19999999999993,1,1,1.0
27,8,926.7,394.2,201.0999999999999,331.7,1,1,1.0
27,9,1768.2,321.3,290.29999999999995,319.2,1,1,1.0
28,1,560.9,774.2,375.1,146.79999999999995,1,1,1.0
28,2,262.6,435.2,104.0,133.09999999999997,1,1,0.0
28,3,222.6,573.6,153.00000000000003,155.5,1,1,1.0
28,4,176.7,628.7,213.0,204.5999999999999,1,1,1.0
28,5,367.3,467.2,246.90000000000003,256.00000000000006,1,1,1.0
28,6,419.3,295.4,276.7,219.20000000000005,1,1,1.0
28,7,698.5,509.9,269.79999999999995,274.5,1,1,1.0
28,8,926.7,390.4,191.29999999999995,335.5,1,1,1.0
28,9,1764.6,307.7,304.8000000000002,325.59999999999997,1,1,1.0
29,1,560.9,774.2,372.1,146.79999999999995,1,1,1.0
29,2,262.6,435.2,104.0,133.09999999999997,1,1,0.0
29,3,230.1,566.07,143.98999999999998,155.4899999999999,1,1,1.0
29,4,213.3,632.9,189.5,215.60000000000002,1,1,1.0
29,5,370.3,476.1,243.90000000000003,247.10000000000002,1,1,1.0
29,6,398.9,295.4,297.1,219.20000000000005,1,1,1.0
29,7,693.2,515.9,275.0999999999999,265.5,1,1,1.0
29,8,926.7,387.4,189.0,338.5,1,1,1.0
29,9,1766.4,307.7,300.2999999999997,319.3,1,1,1.0
30,1,560.9,761.4,386.4,159.60000000000002,1,1,1.0
30,2,276.9,429.17,100.25,111.99999999999994,1,1,0.0
30,3,230.1,566.07,143.98999999999998,135.92999999999995,1,1,1.0
30,4,219.1,632.9,183.70000000000002,207.80000000000007,1,1,1.0
30,5,370.3,476.1,243.90000000000003,247.10000000000002,1,1,1.0
30,6,396.4,295.4,299.6,219.20000000000005,1,1,1.0
30,7,693.2,512.9,266.79999999999995,268.5,1,1,1.0
30,8,924.4,387.4,191.30000000000007,338.5,1,1,1.0
30,9,1762.8,300.5,296.70000000000005,328.29999999999995,1,1,1.0
31,1,560.9,772.7,372.80000000000007,148.29999999999995,1,1,1.0
31,2,276.9,429.17,100.25,100.72999999999996,1,1,0.0
31,3,230.1,566.07,143.98999999999998,135.92999999999995,1,1,1.0
31,4,183.5,650.2,228.2,177.89999999999998,1,1,1.0
31,5,391.8,470.9,222.40000000000003,252.30000000000007,1,1,1.0
31,6,413.1,292.9,282.9,221.70000000000005,1,1,1.0
31,7,684.2,518.9,293.9,262.5,1,1,1.0
31,8,935.7,376.9,176.20000000000005,318.9,1,1,1.0
31,9,1761.9,296.0,319.2999999999997,324.70000000000005,1,1,1.0
32,1,560.9,772.7,392.4,148.29999999999995,1,1,1.0
32,2,284.43,440.5,98.76999999999998,75.84000000000003,1,1,0.0
32,3,230.1,566.07,143.98999999999998,135.92999999999995,1,1,1.0
32,4,212.8,690.0,224.5,127.60000000000002,1,1,1.0
32,5,400.7,455.3,226.90000000000003,267.90000000000003,1,1,1.0
32,6,432.9,292.9,263.1,221.70000000000005,1,1,1.0
32,7,676.7,524.9,301.4,256.5,1,1,1.0
32,8,949.3,365.6,192.0,314.4,1,1,1.0
32,9,1761.9,304.1,309.4000000000001,316.6,1,1,1.0
33,1,560.9,780.2,383.4,140.79999999999995,1,1,1.0
33,2,284.43,436.0,97.96999999999997,80.34000000000003,1,1,0.0
33,3,230.1,566.07,143.98999999999998,135.92999999999995,1,1,1.0
33,4,241.0,640.3,222.5,188.80000000000007,1,1,1.0
33,5,402.9,453.1,220.20000000000005,268.6,1,1,1.0
33,6,388.3,292.9,316.40000000000003,218.60000000000002,1,1,1.0
33,7,676.7,524.9,287.79999999999995,252.70000000000005,1,1,1.0
33,8,963.6,300.8,154.30000000000007,361.90000000000003,1,1,1.0
33,9,1761.9,310.4,307.5999999999999,310.30000000000007,1,1,1.0
34,1,560.9,780.2,383.4,140.79999999999995,1,1,1.0
34,2,284.43,430.7,102.46999999999997,85.64000000000004,1,1,0.0
34,3,222.6,545.7,125.9,233.19999999999993,1,1,1.0
34,4,294.4,508.43,137.70000000000005,333.77000000000004,1,1,1.0
34,5,405.9,446.4,217.20000000000005,275.30000000000007,1,1,1.0
34,6,395.7,292.9,302.2,221.70000000000005,1,1,1.0
34,7,676.7,524.9,284.79999999999995,252.70000000000005,1,1,1.0
34,8,963.6,297.0,145.9999999999999,386.79999999999995,1,1,1.0
34,9,1745.6,352.9,388.0999999999999,228.89999999999998,1,1,1.0
35,1,560.9,780.2,383.4,140.79999999999995,1,1,1.0
35,2,284.43,430.7,102.46999999999997,85.64000000000004,1,1,0.0
35,3,222.6,545.7,138.70000000000002,232.39999999999998,1,1,1.0
35,4,334.7,422.09,108.90000000000003,333.77000000000004,1,1,1.0
35,5,410.4,444.2,202.30000000000007,282.7,1,1,1.0
35,6,405.0,292.9,292.9,221.70000000000005,1,1,1.0
35,7,694.8,509.1,251.60000000000002,294.1,1,1,1.0
35,8,924.4,288.0,143.0000000000001,433.5,1,1,1.0
35,9,1758.3,371.0,398.70000000000005,174.60000000000002,1,1,1.0
36,1,560.9,780.2,383.4,140.79999999999995,1,1,1.0
36,2,284.43,430.7,102.46999999999997,85.64000000000004,1,1,0.0
36,3,221.1,529.15,125.13000000000002,281.35,1,1,1.0
36,4,334.7,406.4,119.40000000000003,349.46000000000004,1,1,1.0
36,5,429.0,454.6,207.5,276.79999999999995,1,1,1.0
36,6,405.0,292.9,292.9,221.70000000000005,1,1,1.0
36,7,712.9,499.3,215.39999999999998,327.3,1,1,1.0
36,8,907.82,342.3,161.08000000000004,404.82,1,1,1.0
36,9,1758.3,362.0,350.10000000000014,183.60000000000002,1,1,1.0
37,1,560.9,780.2,398.5,140.79999999999995,1,1,1.0
37,2,284.43,430.7,84.37,79.60000000000002,1,1,0.0
37,3,221.1,529.15,125.13000000000002,335.65,1,1,1.0
37,4,366.72,347.37,119.39999999999998,292.92999999999995,1,1,1.0
37,5,452.0,454.6,190.39999999999998,276.1,1,1,1.0
37,6,413.7,292.9,284.2,221.70000000000005,1,1,1.0
37,7,716.7,494.0,224.39999999999998,304.70000000000005,1,1,1.0
37,8,907.82,351.3,161.08000000000004,395.82,1,1,1.0
37,9,1758.3,362.0,338.29999999999995,183.60000000000002,1,1,1.0
38,1,565.3,780.2,403.1,140.79999999999995,1,1,1.0
38,2,284.43,430.7,84.37,79.60000000000002,1,1,0.0
38,3,212.06,609.03,235.14,232.37,1,1,1.0
38,4,366.72,347.37,119.39999999999998,271.63,1,1,1.0
38,5,441.6,421.17,276.59000000000003,212.22999999999996,1,1,1.0
38,6,395.1,287.9,274.29999999999995,179.60000000000002,1,1,1.0
38,7,700.9,507.6,256.80000000000007,274.5,1,1,1.0
38,8,907.82,351.3,156.58000000000004,395.82,1,1,1.0
38,9,1755.6,369.2,315.7000000000003,180.00000000000006,1,1,1.0
39,1,560.9,780.2,375.9,140.79999999999995,1,1,1.0
39,2,284.43,430.7,84.37,79.60000000000002,1,1,0.0
39,3,318.3,684.4,267.49999999999994,175.08000000000004,1,1,1.0
39,4,378.0,347.37,108.12,255.33000000000004,1,1,1.0
39,5,637.0,326.8,284.03,224.09999999999997,1,1,1.0
39,6,391.4,296.6,276.80000000000007,188.89999999999998,1,1,1.0
39,7,700.9,504.6,241.70000000000005,273.0,1,1,1.0
39,8,913.1,327.9,151.30000000000007,375.5,1,1,1.0
39,9,1755.6,375.5,306.7000000000003,183.60000000000002,1,1,1.0
40,1,560.9,780.2,394.70000000000005,140.79999999999995,1,1,1.0
40,2,284.43,430.7,84.37,79.60000000000002,1,1,0.0
40,3,411.74,587.9,196.65999999999997,255.01,1,1,1.0
40,4,373.6,347.37,112.51999999999998,248.42999999999995,1,1,1.0
40,5,652.6,311.95,277.35,213.65000000000003,1,1,1.0
40,6,397.6,296.6,266.9,210.59999999999997,1,1,1.0
40,7,693.4,512.1,244.0,286.6,1,1,1.0
40,8,906.3,341.5,156.60000000000014,386.0,1,1,1.0
40,9,1760.1,382.7,285.9000000000001,185.40000000000003,1,1,1.0
41,1,560.9,780.2,394.70000000000005,140.79999999999995,1,1,1.0
41,2,284.43,430.7,84.37,79.60000000000002,1,1,0.0
41,3,435.9,587.9,172.5,270.1,1,1,1.0
41,4,362.9,347.37,110.0,239.63,1,1,1.0
41,5,667.5,333.5,287.0,209.89999999999998,1,1,1.0
41,6,414.9,292.3,250.80000000000007,231.59999999999997,1,1,1.0
41,7,693.4,508.3,259.1,276.09999999999997,1,1,1.0
41,8,906.3,343.0,156.60000000000014,375.5,1,1,1.0
41,9,1760.1,382.7,314.8000000000002,202.59999999999997,1,1,1.0
42,1,560.9,774.9,378.1,146.10000000000002,1,1,1.0
42,2,284.43,430.7,84.37,79.60000000000002,1,1,0.0
42,3,452.5,551.7,155.89999999999998,319.9,1,1,1.0
42,4,381.7,347.37,103.80000000000001,230.83000000000004,1,1,1.0
42,5,663.0,340.2,291.5,192.8,1,1,1.0
42,6,418.6,288.6,247.10000000000002,235.29999999999995,1,1,1.0
42,7,700.2,503.8,250.79999999999995,274.59999999999997,1,1,1.0
42,8,906.3,338.5,156.60000000000014,383.0,1,1,1.0
42,9,1754.7,373.7,324.70000000000005,196.2,1,1,1.0
43,1,560.9,768.1,390.20000000000005,152.89999999999998,1,1,1.0
43,2,284.43,430.7,84.37,79.60000000000002,1,1,0.0
43,3,452.5,553.2,155.89999999999998,318.4,1,1,1.0
43,4,386.1,321.6,105.69999999999999,266.6,1,1,1.0
43,5,657.1,314.9,290.69999999999993,236.70000000000005,1,1,1.0
43,6,452.0,271.3,213.70000000000005,261.90000000000003,1,1,1.0
43,7,687.4,510.6,279.4,267.79999999999995,1,1,1.0
43,8,906.3,338.5,156.60000000000014,372.5,1,1,1.0
43,9,1749.3,384.6,330.10000000000014,155.5,1,1,1.0
44,1,560.9,777.1,387.9,143.89999999999998,1,1,1.0
44,2,284.43,423.9,88.87,86.40000000000003,1,1,0.0
44,3,433.7,563.7,174.7,298.0999999999999,1,1,1.0
44,4,386.1,334.8,105.69999999999999,262.2,1,1,1.0
44,5,649.7,325.3,307.0,219.59999999999997,1,1,1.0
44,6,422.9,262.0,242.80000000000007,261.29999999999995,1,1,1.0
44,7,687.4,510.6,271.1,267.79999999999995,1,1,1.0
44,8,909.3,338.5,153.60000000000014,372.5,1,1,1.0
44,9,1749.3,343.0,322.89999999999986,202.5,1,1,1.0
45,1,560.9,777.1,361.5,143.89999999999998,1,1,1.0
45,2,284.43,423.9,88.87,86.40000000000003,1,1,0.0
45,3,426.9,570.5,181.5,281.5,1,1,1.0
45,4,386.1,334.8,105.69999999999999,262.2,1,1,1.0
45,5,649.7,322.3,324.0999999999999,222.59999999999997,1,1,1.0
45,6,403.7,232.3,255.8,282.3,1,1,1.0
45,7,697.9,503.1,245.5,288.1,1,1,1.0
45,8,909.3,331.7,153.60000000000014,374.00000000000006,1,1,1.0
45,9,1749.3,343.0,322.89999999999986,202.5,1,1,1.0
46,1,560.9,777.1,361.5,143.89999999999998,1,1,1.0
46,2,284.43,423.9,88.87,86.40000000000003,1,1,0.0
46,3,420.9,570.5,187.5,270.20000000000005,1,1,1.0
46,4,386.1,334.8,105.69999999999999,262.2,1,1,1.0
46,5,659.4,316.4,271.30000000000007,230.70000000000005,1,1,1.0
46,6,419.8,291.1,253.90000000000003,226.0,1,1,1.0
46,7,708.4,500.1,242.5,306.19999999999993,1,1,1.0
46,8,909.3,331.7,153.60000000000014,371.00000000000006,1,1,1.0
46,9,1749.3,371.9,331.0000000000002,164.60000000000002,1,1,1.0
47,1,560.9,777.1,354.0,143.89999999999998,1,1,1.0
47,2,284.43,423.9,88.87,86.40000000000003,1,1,0.0
47,3,419.4,570.5,189.0,270.20000000000005,1,1,1.0
47,4,386.1,334.8,105.69999999999999,262.2,1,1,1.0
47,5,659.4,314.2,260.20000000000005,232.90000000000003,1,1,1.0
47,6,382.7,271.9,294.09999999999997,239.0,1,1,1.0
47,7,708.4,494.1,242.5,312.19999999999993,1,1,1.0
47,8,909.3,331.7,153.60000000000014,387.59999999999997,1,1,1.0
47,9,1724.9,360.1,303.89999999999986,217.10000000000002,1,1,1.0
48,1,560.9,777.1,365.30000000000007,143.89999999999998,1,1,1.0
48,2,284.43,423.9,88.87,86.40000000000003,1,1,0.0
48,3,419.4,566.0,189.0,274.70000000000005,1,1,1.0
48,4,386.1,334.8,105.69999999999999,265.99999999999994,1,1,1.0
48,5,652.0,314.2,263.9,207.59999999999997,1,1,1.0
48,6,382.7,281.8,286.09999999999997,217.3,1,1,1.0
48,7,708.4,494.1,230.39999999999998,310.69999999999993,1,1,1.0
48,8,909.3,335.5,153.60000000000014,372.5,1,1,1.0
48,9,1714.0,397.2,314.79999999999995,222.50000000000006,1,1,1.0
49,1,560.9,777.1,376.6,143.89999999999998,1,1,1.0
49,2,284.43,423.9,88.87,86.40000000000003,1,1,0.0
49,3,419.4,595.4,189.0,245.30000000000007,1,1,1.0
49,4,386.1,334.8,105.69999999999999,265.99999999999994,1,1,1.0
49,5,652.0,320.1,263.9,201.69999999999993,1,1,1.0
49,6,397.6,294.8,265.6,213.59999999999997,1,1,1.0
49,7,708.4,494.1,247.0,297.1,1,1,1.0
49,8,909.3,341.5,153.60000000000014,373.29999999999995,1,1,1.0
49,9,1726.7,373.7,302.0999999999999,246.00000000000006,1,1,1.0
50,1,560.9,771.8,382.6,149.20000000000005,1,1,1.0
50,2,284.43,423.9,88.87,86.40000000000003,1,1,0.0
50,3,411.1,569.8,197.29999999999995,264.1,1,1,1.0
50,4,386.1,334.8,105.69999999999999,265.99999999999994,1,1,1.0
50,5,657.9,328.3,258.0,197.99999999999994,1,1,1.0
50,6,392.0,292.3,276.79999999999995,225.99999999999994,1,1,1.0
50,7,697.9,504.7,255.20000000000005,285.7,1,1,1.0
50,8,909.3,341.5,153.60000000000014,367.29999999999995,1,1,1.0
50,9,1721.3,371.9,327.39999999999986,239.70000000000005,1,1,1.0
51,1,560.9,780.8,380.30000000000007,140.20000000000005,1,1,1.0
51,2,284.43,423.9,88.87,86.40000000000003,1,1,0.0
51,3,411.1,569.8,197.29999999999995,264.1,1,1,1.0
51,4,386.1,309.7,105.69999999999999,291.09999999999997,1,1,1.0
51,5,657.9,334.2,261.70000000000005,192.09999999999997,1,1,1.0
51,6,406.2,292.3,265.7,227.2,1,1,1.0
51,7,706.2,497.9,242.39999999999998,292.5,1,1,1.0
51,8,909.3,341.5,153.60000000000014,376.29999999999995,1,1,1.0
51,9,1717.7,389.1,311.0999999999999,236.10000000000002,1,1,1.0
52,1,560.9,780.8,393.9,140.20000000000005,1,1,1.0
52,2,284.43,423.9,88.87,86.40000000000003,1,1,0.0
52,3,411.1,587.1,197.29999999999995,246.79999999999995,1,1,1.0
52,4,386.1,339.2,105.69999999999999,261.59999999999997,1,1,1.0
52,5,666.8,312.7,252.80000000000007,218.8,1,1,1.0
52,6,390.7,292.3,289.2,229.7,1,1,1.0
52,7,694.1,501.7,262.79999999999995,275.09999999999997,1,1,1.0
52,8,909.3,341.5,153.60000000000014,376.29999999999995,1,1,1.0
52,9,1724.9,390.0,306.6099999999999,245.14999999999998,1,1,1.0
53,1,560.9,780.8,384.1,140.20000000000005,1,1,1.0
53,2,284.43,423.9,88.87,86.40000000000003,1,1,0.0
53,3,422.4,587.1,186.0,246.79999999999995,1,1,1.0
53,4,386.1,292.1,114.5,308.69999999999993,1,1,1.0
53,5,667.5,335.0,256.6,181.60000000000002,1,1,1.0
53,6,395.7,294.8,284.8,232.8,1,1,1.0
53,7,694.1,501.7,253.0,275.09999999999997,1,1,1.0
53,8,909.3,334.0,153.60000000000014,369.5,1,1,1.0
53,9,1736.7,357.4,281.20000000000005,312.1,1,1,1.0
54,1,554.9,780.8,378.80000000000007,140.20000000000005,1,1,1.0
54,2,284.43,423.9,88.87,86.40000000000003,1,1,0.0
54,3,422.4,587.1,186.0,246.79999999999995,1,1,1.0
54,4,365.4,277.03,133.94,279.77,1,1,1.0
54,5,650.4,339.5,266.30000000000007,174.89999999999998,1,1,1.0
54,6,400.7,294.8,275.50000000000006,232.8,1,1,1.0
54,7,701.6,501.7,224.39999999999998,281.90000000000003,1,1,1.0
54,8,909.3,345.3,153.60000000000014,385.3,1,1,1.0
54,9,1791.0,379.1,201.5999999999999,424.19999999999993,1,1,1.0
55,1,554.9,780.8,391.6,140.20000000000005,1,1,1.0
55,2,284.43,423.9,88.87,86.40000000000003,1,1,0.0
55,3,411.9,548.7,196.5,288.19999999999993,1,1,1.0
55,4,384.2,306.54,113.90000000000003,298.66,1,1,1.0
55,5,649.66,334.3,312.34000000000003,187.53000000000003,1,1,1.0
55,6,442.2,284.3,229.7,247.59999999999997,1,1,1.0
55,7,703.9,497.9,237.20000000000005,295.5,1,1,1.0
55,8,915.3,317.4,149.9000000000001,316.70000000000005,1,1,1.0
55,9,1791.0,388.1,196.20000000000005,459.5,1,1,1.0
56,1,554.9,780.8,391.6,140.20000000000005,1,1,1.0
56,2,284.43,423.9,88.87,86.40000000000003,1,1,0.0
56,3,457.9,527.6,150.5,312.29999999999995,1,1,1.0
56,4,387.3,296.5,120.19999999999999,316.9,1,1,1.0
56,5,656.3,283.0,276.0,269.29999999999995,1,1,1.0
56,6,441.0,356.1,267.4,167.79999999999995,1,1,1.0
56,7,708.4,494.9,237.20000000000005,324.1,1,1,1.0
56,8,986.13,347.54,192.07000000000005,309.16,1,1,1.0
56,9,1771.1,502.9,202.5,417.0,1,1,1.0
57,1,554.9,780.8,398.4,140.20000000000005,1,1,1.0
57,2,284.43,423.9,88.87,86.40000000000003,1,1,0.0
57,3,450.4,527.6,158.0,311.5,1,1,1.0
57,4,379.8,300.3,126.39999999999998,267.90000000000003,1,1,1.0
57,5,656.3,286.0,270.1,261.79999999999995,1,1,1.0
57,6,356.79,415.5,307.00999999999993,219.85000000000002,1,1,1.0
57,7,718.9,497.9,228.20000000000005,326.4,1,1,1.0
57,8,971.8,366.4,213.9000000000001,293.30000000000007,1,1,1.0
57,9,1756.6,549.9,227.9000000000001,351.0,1,1,1.0
58,1,554.9,780.8,389.4,140.20000000000005,1,1,1.0
58,2,284.43,423.9,88.87,86.40000000000003,1,1,0.0
58,3,457.2,483.14,213.74000000000007,284.36,1,1,1.0
58,4,385.5,338.0,138.89999999999998,249.0,1,1,1.0
58,5,638.5,279.3,287.20000000000005,237.99999999999994,1,1,1.0
58,6,280.01,460.7,266.78999999999996,273.71999999999997,1,1,1.0
58,7,715.1,501.7,231.19999999999993,312.8,1,1,1.0
58,8,960.5,341.5,181.5,331.79999999999995,1,1,1.0
58,9,1772.9,580.6,227.0,366.4,1,1,1.0
59,1,554.9,777.0,389.4,144.0,1,1,1.0
59,2,284.43,423.9,88.87,86.40000000000003,1,1,0.0
59,3,463.2,441.7,207.74000000000007,320.50000000000006,1,1,1.0
59,4,386.8,333.6,143.90000000000003,265.29999999999995,1,1,1.0
59,5,633.3,287.5,292.4000000000001,232.0,1,1,1.0
59,6,300.45,543.1,194.35000000000002,294.1,1,1,1.0
59,7,715.1,501.7,212.39999999999998,302.3,1,1,1.0
59,8,954.5,309.9,161.9000000000001,352.1,1,1,1.0
59,9,1744.0,596.9,244.0999999999999,406.20000000000005,1,1,1.0
60,1,554.9,777.0,401.5,144.0,1,1,1.0
60,2,306.3,423.9,67.0,81.90000000000003,1,1,0.0
60,3,434.6,535.9,270.19999999999993,226.30000000000007,1,1,1.0
60,4,386.8,338.0,123.80000000000001,260.9,1,1,1.0
60,5,630.3,287.5,295.4000000000001,223.8,1,1,1.0
60,6,278.16,602.5,172.03999999999996,285.48,1,1,1.0
60,7,715.1,501.7,219.89999999999998,309.8,1,1,1.0
60,8,888.19,377.0,189.80999999999995,378.44000000000005,1,1,1.0
60,9,1744.0,629.5,244.0999999999999,359.1,1,1,1.0
61,1,554.9,777.0,391.0,144.0,1,1,1.0
61,2,241.5,423.9,158.2,86.40000000000003,1,1,0.0
61,3,395.4,569.81,282.27,217.99,1,1,1.0
61,4,386.8,351.2,137.59999999999997,247.7,1,1,1.0
61,5,666.7,281.6,277.5999999999999,266.79999999999995,1,1,1.0
61,6,257.1,669.6,169.0,213.10000000000002,1,1,1.0
61,7,715.1,497.9,228.19999999999993,318.1,1,1,1.0
61,8,890.5,383.8,187.5,376.2,1,1,1.0
61,9,1738.6,623.2,249.5,344.5999999999999,1,1,1.0
62,1,554.9,777.0,392.5,144.0,1,1,1.0
62,2,238.5,423.9,161.2,174.60000000000002,1,1,1.0
62,3,406.7,623.3,279.3,160.0,1,1,1.0
62,4,395.0,318.5,126.29999999999995,276.0,1,1,1.0
62,5,534.45,363.33,289.44999999999993,176.17000000000002,1,1,1.0
62,6,257.1,685.3,175.89999999999998,203.70000000000005,1,1,1.0
62,7,721.1,513.0,224.5,307.5,1,1,1.0
62,8,878.46,401.1,192.03999999999996,370.19999999999993,1,1,1.0
62,9,1738.6,623.2,248.60000000000014,341.0,1,1,1.0
63,1,554.9,777.0,396.30000000000007,144.0,1,1,1.0
63,2,224.9,423.9,174.79999999999998,201.0,1,1,1.0
63,3,406.7,595.4,324.50000000000006,193.20000000000005,1,1,1.0
63,4,395.0,328.5,126.29999999999995,263.5,1,1,1.0
63,5,528.5,348.5,250.79999999999995,159.05,1,1,1.0
63,6,253.3,687.8,184.7,201.20000000000005,1,1,1.0
63,7,716.6,513.0,226.0,294.70000000000005,1,1,1.0
63,8,884.5,401.1,186.0,359.69999999999993,1,1,1.0
63,9,1738.6,628.6,248.60000000000014,335.6,1,1,1.0
64,1,554.9,777.0,388.0,144.0,1,1,1.0
64,2,255.8,411.1,156.7,184.39999999999998,1,1,1.0
64,3,516.7,458.26,350.89,220.34000000000003,1,1,1.0
64,4,403.2,336.7,118.09999999999997,255.3,1,1,1.0
64,5,534.4,341.8,259.80000000000007,165.75,1,1,1.0
64,6,222.5,687.8,192.3,216.9000000000001,1,1,1.0
64,7,716.6,513.0,223.69999999999993,294.70000000000005,1,1,1.0
64,8,881.5,404.1,189.0,356.69999999999993,1,1,1.0
64,9,1738.6,628.6,248.60000000000014,347.4,1,1,1.0
65,1,554.9,777.0,394.80000000000007,144.0,1,1,1.0
65,2,278.4,418.6,134.10000000000002,204.79999999999995,1,1,1.0
65,3,638.0,384.41,298.15999999999997,211.29000000000002,1,1,1.0
65,4,403.2,316.0,115.59999999999997,276.0,1,1,1.0
65,5,552.2,356.7,256.9,154.60000000000002,1,1,1.0
65,6,222.5,712.3,191.7,168.5,1,1,1.0
65,7,716.6,517.5,231.19999999999993,299.20000000000005,1,1,1.0
65,8,885.3,404.1,185.20000000000005,356.69999999999993,1,1,1.0
65,9,1738.6,628.6,248.60000000000014,347.4,1,1,1.0
66,1,554.9,777.0,392.5,144.0,1,1,1.0
66,2,278.4,418.6,131.10000000000002,204.79999999999995,1,1,1.0
66,3,679.4,342.2,329.85,204.50000000000006,1,1,1.0
66,4,403.2,312.9,113.09999999999997,276.0,1,1,1.0
66,5,543.3,332.2,233.10000000000002,179.10000000000002,1,1,1.0
66,6,150.3,707.3,272.09999999999997,145.20000000000005,1,1,1.0
66,7,714.3,510.7,230.5,294.7,1,1,1.0
66,8,885.3,404.1,185.20000000000005,348.4,1,1,1.0
66,9,1738.6,628.6,248.60000000000014,345.6,1,1,1.0
67,1,554.9,777.0,387.20000000000005,144.0,1,1,1.0
67,2,252.8,417.8,164.2,194.3,1,1,1.0
67,3,706.5,338.43,324.5999999999999,182.67000000000002,1,1,1.0
67,4,403.2,312.9,113.09999999999997,276.0,1,1,1.0
67,5,509.1,322.5,219.0,208.10000000000002,1,1,1.0
67,6,134.0,717.3,293.4,129.5,1,1,1.0
67,7,714.3,510.7,229.70000000000005,289.40000000000003,1,1,1.0
67,8,875.5,404.1,171.5999999999999,351.4,1,1,1.0
67,9,1738.6,628.6,248.60000000000014,343.79999999999995,1,1,1.0
68,1,554.9,777.0,396.20000000000005,144.0,1,1,1.0
68,2,233.25,468.3,173.95,185.2,1,1,1.0
68,3,924.27,336.17,329.8299999999999,199.22999999999996,1,1,1.0
68,4,398.8,316.7,117.49999999999994,272.2,1,1,1.0
68,5,510.6,306.2,210.79999999999995,202.90000000000003,1,1,1.0
68,6,168.5,697.2,255.10000000000002,154.5999999999999,1,1,1.0
68,7,706.0,510.7,251.60000000000002,281.90000000000003,1,1,1.0
68,8,868.7,389.8,172.39999999999986,343.09999999999997,1,1,1.0
68,9,1738.6,628.6,248.60000000000014,337.5,1,1,1.0
69,1,554.9,777.0,385.70000000000005,144.0,1,1,1.0
69,2,218.18,507.5,145.32,216.08000000000004,1,1,1.0
69,3,1123.2,352.75,191.20000000000005,318.25,1,1,1.0
69,4,397.5,312.3,118.79999999999995,276.59999999999997,1,1,1.0
69,5,510.6,303.2,210.79999999999995,205.90000000000003,1,1,1.0
69,6,168.5,690.3,253.2,164.60000000000002,1,1,1.0
69,7,706.0,510.7,242.60000000000002,278.90000000000003,1,1,1.0
69,8,868.7,379.3,161.0999999999999,361.09999999999997,1,1,1.0
69,9,1738.6,628.6,248.60000000000014,335.69999999999993,1,1,1.0
70,1,554.9,777.0,393.20000000000005,144.0,1,1,1.0
70,2,206.13,532.4,152.07,203.99,1,1,1.0
70,3,1192.52,417.55,175.3800000000001,322.05,1,1,1.0
70,4,396.9,316.7,119.39999999999998,272.2,1,1,1.0
70,5,510.6,306.2,210.79999999999995,202.90000000000003,1,1,1.0
70,6,190.5,714.2,231.2,140.69999999999993,1,1,1.0
70,7,697.7,512.2,250.89999999999998,277.4,1,1,1.0
70,8,868.7,379.3,161.0999999999999,361.09999999999997,1,1,1.0
70,9,1738.6,621.4,248.60000000000014,342.9,1,1,1.0
71,1,554.9,777.0,400.0,144.0,1,1,1.0
71,2,212.9,527.1,139.29999999999998,190.39999999999998,1,1,1.0
71,3,1208.3,423.6,159.60000000000014,303.9,1,1,1.0
71,4,396.9,322.4,113.10000000000002,264.0,1,1,1.0
71,5,510.6,315.1,210.79999999999995,194.0,1,1,1.0
71,6,199.3,721.7,231.2,150.19999999999993,1,1,1.0
71,7,697.7,512.2,255.39999999999998,281.19999999999993,1,1,1.0
71,8,868.7,379.3,161.0999999999999,364.09999999999997,1,1,1.0
71,9,1738.6,629.5,248.60000000000014,414.4000000000001,1,1,1.0
72,1,554.9,777.0,387.20000000000005,144.0,1,1,1.0
72,2,218.2,512.0,164.10000000000002,168.60000000000002,1,1,1.0
72,3,1135.96,425.1,204.03999999999996,338.56999999999994,1,1,1.0
72,4,393.8,320.5,124.30000000000001,270.29999999999995,1,1,1.0
72,5,510.6,327.7,210.79999999999995,181.40000000000003,1,1,1.0
72,6,206.8,721.7,223.7,150.19999999999993,1,1,1.0
72,7,697.7,512.2,246.39999999999998,273.69999999999993,1,1,1.0
72,8,868.7,379.3,161.0999999999999,367.09999999999997,1,1,1.0
72,9,1742.2,629.5,245.45000000000005,431.5999999999999,1,1,1.0
73,1,554.9,777.0,394.70000000000005,144.0,1,1,1.0
73,2,237.8,533.1,159.59999999999997,147.5,1,1,1.0
73,3,1145.8,425.1,194.20000000000005,353.6,1,1,1.0
73,4,393.8,317.4,136.90000000000003,275.5,1,1,1.0
73,5,510.6,338.8,223.39999999999998,170.3,1,1,1.0
73,6,170.4,726.7,257.6,134.5,1,1,1.0
73,7,697.7,512.2,259.19999999999993,282.69999999999993,1,1,1.0
73,8,868.7,379.3,161.0999999999999,370.09999999999997,1,1,1.0
73,9,1745.8,629.5,242.29999999999995,448.79999999999995,1,1,1.0
74,1,554.9,768.7,391.70000000000005,152.29999999999995,1,1,1.0
74,2,237.8,533.1,159.59999999999997,140.0,1,1,1.0
74,3,1151.1,425.1,177.60000000000014,359.6,1,1,1.0
74,4,393.8,296.7,134.40000000000003,315.00000000000006,1,1,1.0
74,5,510.6,313.5,221.19999999999993,202.29999999999995,1,1,1.0
74,6,170.4,726.7,251.29999999999998,134.5,1,1,1.0
74,7,697.7,512.2,257.69999999999993,272.19999999999993,1,1,1.0
74,8,868.7,379.3,161.0999999999999,360.3,1,1,1.0
74,9,1745.8,635.8,223.29999999999995,475.10000000000014,1,1,1.0
75,1,554.9,768.7,398.5,152.29999999999995,1,1,1.0
75,2,237.8,533.1,159.59999999999997,140.0,1,1,1.0
75,3,1151.1,425.1,171.60000000000014,376.9,1,1,1.0
75,4,391.3,277.86,136.90000000000003,279.84000000000003,1,1,1.0
75,5,510.6,326.9,211.5,188.89999999999998,1,1,1.0
75,6,159.1,710.4,262.6,140.10000000000002,1,1,1.0
75,7,697.7,512.2,260.69999999999993,279.0,1,1,1.0
75,8,868.7,379.3,157.29999999999995,360.3,1,1,1.0
75,9,1745.8,650.3,223.29999999999995,456.10000000000014,1,1,1.0
76,1,554.9,780.0,397.0,141.0,1,1,1.0
76,2,237.8,533.1,159.59999999999997,140.0,1,1,1.0
76,3,1151.1,425.1,171.60000000000014,359.6,1,1,1.0
76,4,386.9,333.7,141.30000000000007,278.59999999999997,1,1,1.0
76,5,521.0,324.7,233.79999999999995,207.40000000000003,1,1,1.0
76,6,156.6,696.6,265.1,153.89999999999998,1,1,1.0
76,7,697.7,512.2,257.69999999999993,284.29999999999995,1,1,1.0
76,8,868.7,379.3,157.29999999999995,364.8,1,1,1.0
76,9,1745.8,650.3,205.20000000000005,448.9000000000001,1,1,1.0
77,1,554.9,780.0,381.20000000000005,141.0,1,1,1.0
77,2,237.8,533.1,159.59999999999997,140.0,1,1,1.0
77,3,1137.5,415.3,182.20000000000005,347.49999999999994,1,1,1.0
77,4,396.3,359.4,166.40000000000003,252.30000000000007,1,1,1.0
77,5,549.2,347.7,245.69999999999993,173.3,1,1,1.0
77,6,167.9,694.1,250.70000000000002,156.39999999999998,1,1,1.0
77,7,705.2,506.2,238.0999999999999,279.00000000000006,1,1,1.0
77,8,868.7,379.3,157.29999999999995,348.2,1,1,1.0
77,9,1745.8,644.9,221.5,458.80000000000007,1,1,1.0
78,1,569.22,781.51,381.19999999999993,141.0,1,1,1.0
78,2,237.8,533.1,159.59999999999997,140.0,1,1,1.0
78,3,1146.4,423.31,172.40999999999985,331.39000000000004,1,1,1.0
78,4,396.3,356.9,170.2,254.80000000000007,1,1,1.0
78,5,553.7,332.8,241.19999999999993,195.59999999999997,1,1,1.0
78,6,179.2,685.3,243.2,165.20000000000005,1,1,1.0
78,7,705.2,506.2,245.5999999999999,314.40000000000003,1,1,1.0
78,8,868.7,379.3,157.29999999999995,385.09999999999997,1,1,1.0
78,9,1745.8,644.9,221.5,448.9,1,1,1.0
79,1,560.2,781.51,390.2199999999999,141.0,1,1,1.0
79,2,237.8,533.1,159.59999999999997,140.0,1,1,1.0
79,3,1137.5,418.0,182.20000000000005,344.79999999999995,1,1,1.0
79,4,396.3,353.8,133.8,257.90000000000003,1,1,1.0
79,5,556.7,328.3,237.5,200.09999999999997,1,1,1.0
79,6,196.2,685.3,232.5,165.20000000000005,1,1,1.0
79,7,705.2,502.4,237.29999999999995,301.6,1,1,1.0
79,8,868.7,379.3,157.29999999999995,363.99999999999994,1,1,1.0
79,9,1745.8,644.9,224.20000000000005,456.1,1,1,1.0
80,1,560.2,781.51,382.69999999999993,141.0,1,1,1.0
80,2,230.3,533.1,158.09999999999997,156.60000000000002,1,1,1.0
80,3,1158.6,415.3,161.10000000000014,351.3,1,1,1.0
80,4,398.2,324.9,131.90000000000003,284.30000000000007,1,1,1.0
80,5,543.3,345.4,250.9000000000001,183.0,1,1,1.0
80,6,204.4,692.2,228.70000000000002,162.69999999999993,1,1,1.0
80,7,705.2,505.4,241.79999999999995,291.1,1,1,1.0
80,8,868.7,379.3,157.29999999999995,339.90000000000003,1,1,1.0
80,9,1745.8,636.8,224.20000000000005,478.70000000000005,1,1,1.0
81,1,560.2,781.51,392.5,141.0,1,1,1.0
81,2,229.5,533.1,158.89999999999998,152.10000000000002,1,1,1.0
81,3,1163.1,415.3,156.60000000000014,303.09999999999997,1,1,1.0
81,4,402.6,340.0,127.5,263.5,1,1,1.0
81,5,527.0,312.7,230.79999999999995,187.5,1,1,1.0
81,6,196.2,685.9,236.90000000000003,169.0,1,1,1.0
81,7,705.2,505.4,250.0999999999999,287.30000000000007,1,1,1.0
81,8,867.2,376.3,149.79999999999995,345.90000000000003,1,1,1.0
81,9,1745.8,636.8,218.79999999999995,478.70000000000005,1,1,1.0
82,1,560.2,781.51,382.69999999999993,141.0,1,1,1.0
82,2,224.2,527.1,169.5,151.29999999999995,1,1,1.0
82,3,1163.1,415.3,162.60000000000014,342.3,1,1,1.0
82,4,402.6,334.3,124.39999999999998,269.2,1,1,1.0
82,5,530.7,317.1,220.39999999999998,180.89999999999998,1,1,1.0
82,6,183.0,682.1,238.2,203.60000000000002,1,1,1.0
82,7,712.7,502.4,229.0,315.9,1,1,1.0
82,8,864.9,376.3,160.39999999999998,350.40000000000003,1,1,1.0
82,9,1745.8,636.8,218.79999999999995,478.70000000000005,1,1,1.0
83,1,560.2,781.51,382.69999999999993,141.0,1,1,1.0
83,2,235.5,527.1,158.2,151.29999999999995,1,1,1.0
83,3,1126.2,415.3,199.5,329.3,1,1,1.0
83,4,385.0,296.6,137.0,306.9,1,1,1.0
83,5,530.7,320.8,225.5999999999999,177.2,1,1,1.0
83,6,254.6,627.5,181.04,297.1,1,1,1.0
83,7,712.7,502.4,225.19999999999993,311.4,1,1,1.0
83,8,864.9,378.6,162.69999999999993,365.4,1,1,1.0
83,9,1745.8,636.8,211.60000000000014,478.70000000000005,1,1,1.0
84,1,560.2,781.51,382.69999999999993,141.0,1,1,1.0
84,2,235.5,527.1,158.2,155.79999999999995,1,1,1.0
84,3,1126.2,419.8,199.5,321.2,1,1,1.0
84,4,378.1,299.7,134.5,317.59999999999997,1,1,1.0
84,5,543.3,327.5,233.80000000000007,175.7,1,1,1.0
84,6,274.7,610.5,160.94,319.1,1,1,1.0
84,7,712.7,502.4,233.5,319.70000000000005,1,1,1.0
84,8,864.9,378.6,162.69999999999993,372.9,1,1,1.0
84,9,1745.8,645.8,211.60000000000014,408.20000000000005,1,1,1.0
85,1,560.2,781.51,385.69999999999993,141.0,1,1,1.0
85,2,235.5,527.1,158.2,153.5,1,1,1.0
85,3,1122.4,419.8,203.29999999999995,312.90000000000003,1,1,1.0
85,4,378.1,297.2,134.5,320.09999999999997,1,1,1.0
85,5,543.3,316.4,246.4000000000001,195.0,1,1,1.0
85,6,270.9,614.3,164.74,315.30000000000007,1,1,1.0
85,7,718.7,502.4,222.19999999999993,313.70000000000005,1,1,1.0
85,8,864.9,378.6,162.69999999999993,361.6,1,1,1.0
85,9,1745.8,645.8,211.60000000000014,371.1,1,1,1.0
86,1,560.2,781.51,385.69999999999993,141.0,1,1,1.0
86,2,235.5,527.1,158.2,153.5,1,1,1.0
86,3,1126.9,419.8,198.79999999999995,331.7,1,1,1.0
86,4,395.1,332.4,148.29999999999995,266.1,1,1,1.0
86,5,535.9,313.4,218.89999999999998,186.10000000000002,1,1,1.0
86,6,264.0,578.5,171.64,346.1,1,1,1.0
86,7,718.7,502.4,229.0,310.70000000000005,1,1,1.0
86,8,864.9,378.6,160.39999999999998,365.4,1,1,1.0
86,9,1745.8,645.8,211.60000000000014,424.4000000000001,1,1,1.0
87,1,560.2,781.51,391.69999999999993,141.0,1,1,1.0
87,2,218.2,512.8,143.90000000000003,237.9000000000001,1,1,1.0
87,3,1139.7,419.8,186.0,344.49999999999994,1,1,1.0
87,4,404.5,324.9,138.29999999999995,259.80000000000007,1,1,1.0
87,5,535.9,317.9,212.20000000000005,181.60000000000002,1,1,1.0
87,6,325.04,441.36,161.06,357.43999999999994,1,1,1.0
87,7,703.6,511.4,241.79999999999995,293.4,1,1,1.0
87,8,864.9,378.6,160.39999999999998,354.9,1,1,1.0
87,9,1745.8,651.2,211.60000000000014,419.0,1,1,1.0
88,1,560.2,781.51,384.19999999999993,141.0,1,1,1.0
88,2,188.06,546.7,152.94,273.31999999999994,1,1,1.0
88,3,1142.7,419.8,183.0,340.7,1,1,1.0
88,4,408.3,322.4,134.49999999999994,255.39999999999998,1,1,1.0
88,5,533.7,319.4,214.39999999999998,174.20000000000005,1,1,1.0
88,6,294.29,431.41,161.07,229.08999999999997,1,1,1.0
88,7,703.6,511.4,239.5,276.80000000000007,1,1,1.0
88,8,864.9,378.6,154.39999999999998,306.69999999999993,1,1,1.0
88,9,1745.8,658.4,211.60000000000014,398.19999999999993,1,1,1.0
89,1,560.2,781.51,363.0999999999999,141.0,1,1,1.0
89,2,154.9,564.8,186.1,253.70000000000005,1,1,1.0
89,3,1147.2,419.8,178.5,339.90000000000003,1,1,1.0
89,4,408.3,323.7,134.49999999999994,249.7,1,1,1.0
89,5,533.7,314.2,214.39999999999998,179.40000000000003,1,1,1.0
89,6,269.8,435.18,172.39999999999998,164.42000000000002,1,1,1.0
89,7,698.3,511.4,250.80000000000007,288.9,1,1,1.0
89,8,859.6,378.6,164.19999999999993,299.9,1,1,1.0
89,9,1745.8,654.8,211.60000000000014,401.79999999999995,1,1,1.0
90,1,560.2,781.51,367.5999999999999,141.0,1,1,1.0
90,2,154.9,534.65,186.1,269.55000000000007,1,1,1.0
90,3,1160.0,419.8,165.70000000000005,328.59999999999997,1,1,1.0
90,4,408.3,328.7,132.59999999999997,250.40000000000003,1,1,1.0
90,5,533.7,308.3,214.39999999999998,185.3,1,1,1.0
90,6,269.8,435.18,172.39999999999998,158.71999999999997,1,1,1.0
90,7,693.0,514.4,256.1,285.9,1,1,1.0
90,8,859.6,379.4,171.69999999999993,299.1,1,1,1.0
90,9,1745.8,654.8,211.60000000000014,373.79999999999995,1,1,1.0
91,1,560.2,781.51,388.0,141.0,1,1,1.0
91,2,194.8,534.65,146.2,289.85,1,1,1.0
91,3,1124.6,419.8,201.10000000000014,329.40000000000003,1,1,1.0
91,4,410.8,328.7,130.09999999999997,244.09999999999997,1,1,1.0
91,5,496.5,270.4,236.0,207.60000000000002,1,1,1.0
91,6,276.1,435.18,154.79999999999995,156.21999999999997,1,1,1.0
91,7,699.0,514.4,240.29999999999995,291.9,1,1,1.0
91,8,859.6,379.4,171.69999999999993,301.4,1,1,1.0
91,9,1745.8,654.8,211.60000000000014,372.0,1,1,1.0
92,1,560.2,781.51,391.0,141.0,1,1,1.0
92,2,200.1,563.3,140.9,301.1,1,1,1.0
92,3,1129.9,419.8,195.79999999999995,332.40000000000003,1,1,1.0
92,4,410.8,308.6,139.49999999999994,260.4,1,1,1.0
92,5,548.51,300.12,252.39,186.77999999999997,1,1,1.0
92,6,276.1,416.3,154.79999999999995,175.09999999999997,1,1,1.0
92,7,702.8,508.4,233.5,303.20000000000005,1,1,1.0
92,8,865.6,382.4,171.69999999999993,298.4,1,1,1.0
92,9,1745.8,654.8,211.60000000000014,372.0,1,1,1.0
93,1,560.2,781.51,388.0,141.0,1,1,1.0
93,2,225.7,546.0,145.40000000000003,249.79999999999995,1,1,1.0
93,3,1129.1,419.8,196.60000000000014,326.40000000000003,1,1,1.0
93,4,410.8,314.3,139.49999999999994,254.7,1,1,1.0
93,5,561.9,317.2,222.70000000000005,185.3,1,1,1.0
93,6,276.1,403.8,149.79999999999995,180.09999999999997,1,1,1.0
93,7,707.3,508.4,226.0,306.30000000000007,1,1,1.0
93,8,859.5,376.4,159.70000000000005,336.0,1,1,1.0
93,9,1745.8,654.8,211.60000000000014,368.4000000000001,1,1,1.0
94,1,560.2,781.51,382.0,141.0,1,1,1.0
94,2,221.2,546.0,149.90000000000003,246.0,1,1,1.0
94,3,1114.0,419.8,211.70000000000005,321.90000000000003,1,1,1.0
94,4,410.8,314.3,139.49999999999994,260.40000000000003,1,1,1.0
94,5,561.9,313.5,224.89999999999998,189.0,1,1,1.0
94,6,291.2,412.6,132.2,164.39999999999998,1,1,0.0
94,7,716.3,500.1,217.0,314.6,1,1,1.0
94,8,882.1,341.7,137.10000000000002,367.7,1,1,1.0
94,9,1745.8,649.4,211.60000000000014,373.80000000000007,1,1,1.0
95,1,560.2,781.51,392.5,141.0,1,1,1.0
95,2,198.6,558.1,193.6,261.0,1,1,1.0
95,3,1130.6,419.8,195.10000000000014,322.7,1,1,1.0
95,4,410.8,312.4,139.49999999999994,264.80000000000007,1,1,1.0
95,5,564.1,317.2,222.69999999999993,185.3,1,1,1.0
95,6,291.2,412.6,132.2,164.39999999999998,1,1,0.0
95,7,722.3,500.1,223.80000000000007,313.79999999999995,1,1,1.0
95,8,885.1,341.7,134.10000000000002,366.2,1,1,1.0
95,9,1745.8,645.8,211.60000000000014,414.5,1,1,1.0
96,1,560.2,781.51,388.69999999999993,141.0,1,1,1.0
96,2,232.5,548.3,161.20999999999998,229.70000000000005,1,1,1.0
96,3,1137.4,419.8,188.29999999999995,337.8,1,1,1.0
96,4,412.7,314.3,137.59999999999997,260.99999999999994,1,1,1.0
96,5,567.1,314.2,219.69999999999993,188.3,1,1,1.0
96,6,300.0,412.6,123.39999999999998,164.39999999999998,1,1,0.0
96,7,722.3,500.1,221.5,310.0,1,1,1.0
96,8,885.1,341.7,139.39999999999998,366.2,1,1,1.0
96,9,1745.8,650.3,206.20000000000005,385.60000000000014,1,1,1.0
97,1,560.2,781.51,381.19999999999993,141.0,1,1,1.0
97,2,232.5,548.3,165.7,221.9000000000001,1,1,1.0
97,3,1127.6,419.8,198.10000000000014,333.3,1,1,1.0
97,4,412.7,314.3,137.59999999999997,260.99999999999994,1,1,1.0
97,5,567.1,309.0,219.69999999999993,193.5,1,1,1.0
97,6,313.8,412.6,109.59999999999997,152.5,1,1,0.0
97,7,717.0,499.3,223.79999999999995,303.3,1,1,1.0
97,8,885.1,341.7,139.39999999999998,375.2,1,1,1.0
97,9,1745.8,663.9,217.10000000000014,382.9,1,1,1.0
98,1,560.2,781.51,393.29999999999995,141.0,1,1,1.0
98,2,182.8,546.8,232.7,213.60000000000002,1,1,1.0
98,3,1142.7,419.8,183.0,334.8,1,1,1.0
98,4,412.7,314.3,137.59999999999997,260.99999999999994,1,1,1.0
98,5,567.1,312.0,219.69999999999993,190.5,1,1,1.0
98,6,296.2,412.6,120.30000000000001,132.39999999999998,1,1,0.0
98,7,706.5,504.6,243.29999999999995,299.5,1,1,1.0
98,8,885.1,341.7,143.19999999999993,363.90000000000003,1,1,1.0
98,9,1745.8,678.4,244.20000000000005,363.9,1,1,1.0
99,1,560.2,781.51,385.0,141.0,1,1,1.0
99,2,134.6,559.6,254.50000000000003,192.5,1,1,1.0
99,3,1135.2,419.8,190.5,333.3,1,1,1.0
99,4,412.7,314.3,137.59999999999997,260.99999999999994,1,1,1.0
99,5,567.1,312.0,219.69999999999993,190.5,1,1,1.0
99,6,296.2,412.6,127.80000000000001,133.69999999999993,1,1,0.0
99,7,706.5,512.1,235.0,292.79999999999995,1,1,1.0
99,8,885.1,341.7,134.19999999999993,367.7,1,1,1.0
99,9,1745.8,682.9,263.20000000000005,345.80000000000007,1,1,1.0
100,1,560.2,781.51,391.79999999999995,141.0,1,1,1.0
100,2,134.6,567.9,262.0,184.20000000000005,1,1,1.0
100,3,1130.7,419.8,195.0,332.49999999999994,1,1,1.0
100,4,412.7,314.3,137.59999999999997,260.99999999999994,1,1,1.0
100,5,567.1,320.2,223.39999999999998,182.3,1,1,1.0
100,6,296.2,412.6,127.80000000000001,133.69999999999993,1,1,0.0
100,7,706.5,512.1,235.0,299.6,1,1,1.0
100,8,885.1,341.7,134.19999999999993,367.7,1,1,1.0
100,9,1745.8,697.4,245.10000000000014,334.0000000000001,1,1,1.0
101,1,560.2,781.51,387.29999999999995,141.0,1,1,1.0
101,2,145.2,567.9,251.40000000000003,184.20000000000005,1,1,1.0
101,3,1127.7,422.5,198.0,327.5,1,1,1.0
101,4,412.7,314.3,137.59999999999997,260.99999999999994,1,1,1.0
101,5,567.1,325.4,227.89999999999998,177.10000000000002,1,1,1.0
101,6,282.4,412.6,154.20000000000005,123.0,1,1,0.0
101,7,710.27,512.1,232.02999999999997,299.6,1,1,1.0
101,8,885.1,341.7,134.19999999999993,373.7,1,1,1.0
101,9,1745.8,709.2,247.79999999999995,356.5999999999999,1,1,1.0
102,1,560.2,781.51,369.94999999999993,141.0,1,1,1.0
102,2,131.6,567.9,265.0,184.20000000000005,1,1,1.0
102,3,1148.8,419.8,176.9000000000001,325.7,1,1,1.0
102,4,412.7,314.3,137.59999999999997,260.99999999999994,1,1,1.0
102,5,564.1,319.5,230.89999999999998,183.0,1,1,1.0
102,6,293.7,412.6,142.90000000000003,114.19999999999993,1,1,0.0
102,7,710.27,512.1,226.02999999999997,297.29999999999995,1,1,1.0
102,8,885.1,344.7,134.19999999999993,345.09999999999997,1,1,1.0
102,9,1745.8,699.3,242.4000000000001,315.0,1,1,1.0
103,1,560.2,781.51,352.5999999999999,141.0,1,1,1.0
103,2,137.6,567.9,259.0,184.20000000000005,1,1,1.0
103,3,1138.3,419.8,187.4000000000001,334.7,1,1,1.0
103,4,412.7,314.3,137.59999999999997,260.99999999999994,1,1,1.0
103,5,545.5,321.0,256.20000000000005,178.5,1,1,1.0
103,6,286.2,412.6,150.40000000000003,114.19999999999993,1,1,0.0
103,7,702.0,509.1,242.60000000000002,301.79999999999995,1,1,1.0
103,8,885.1,344.7,138.69999999999993,338.3,1,1,1.0
103,9,1745.8,691.2,250.5,320.4,1,1,1.0
104,1,567.7,772.5,327.77,150.01,1,1,1.0
104,2,168.5,567.9,228.10000000000002,191.0,1,1,1.0
104,3,1151.9,419.8,173.79999999999995,328.7,1,1,1.0
104,4,412.7,314.3,137.59999999999997,260.99999999999994,1,1,1.0
104,5,557.4,324.0,246.5,175.5,1,1,1.0
104,6,286.2,412.6,150.40000000000003,114.19999999999993,1,1,0.0
104,7,702.0,509.1,247.10000000000002,295.79999999999995,1,1,1.0
104,8,885.1,344.7,141.69999999999993,352.59999999999997,1,1,1.0
104,9,1745.8,691.2,269.5,320.4,1,1,1.0
105,1,585.8,764.2,302.9000000000001,171.89999999999998,1,1,1.0
105,2,203.9,546.8,170.79999999999998,231.70000000000005,1,1,1.0
105,3,1140.6,419.8,185.10000000000014,333.2,1,1,1.0
105,4,412.7,314.3,137.59999999999997,260.99999999999994,1,1,1.0
105,5,557.4,324.0,246.5,169.60000000000002,1,1,1.0
105,6,295.0,412.6,142.89999999999998,125.5,1,1,0.0
105,7,714.1,503.8,235.0,301.09999999999997,1,1,1.0
105,8,885.1,344.7,141.69999999999993,360.09999999999997,1,1,1.0
105,9,1745.8,703.0,271.29999999999995,315.79999999999995,1,1,1.0
106,1,585.8,764.2,302.9000000000001,171.89999999999998,1,1,1.0
106,2,218.2,534.7,156.5,215.19999999999993,1,1,1.0
106,3,1132.3,419.8,193.4000000000001,351.3,1,1,1.0
106,4,412.7,320.6,137.59999999999997,254.69999999999993,1,1,1.0
106,5,561.9,327.0,242.0,166.60000000000002,1,1,1.0
106,6,285.0,412.6,152.89999999999998,125.5,1,1,0.0
106,7,714.1,503.8,235.0,301.09999999999997,1,1,1.0
106,8,885.1,344.7,145.4999999999999,360.90000000000003,1,1,1.0
106,9,1745.8,703.0,282.20000000000005,354.70000000000005,1,1,1.0
107,1,556.4,764.2,332.30000000000007,171.89999999999998,1,1,1.0
107,2,218.2,521.1,156.5,215.19999999999993,1,1,1.0
107,3,1147.4,419.8,178.29999999999995,345.3,1,1,1.0
107,4,412.7,315.6,137.59999999999997,259.69999999999993,1,1,1.0
107,5,561.9,314.4,242.0,179.20000000000005,1,1,1.0
107,6,289.4,412.6,148.5,125.5,1,1,0.0
107,7,714.1,503.8,235.0,301.09999999999997,1,1,1.0
107,8,885.1,344.7,149.30000000000007,355.59999999999997,1,1,1.0
107,9,1745.8,703.0,282.20000000000005,354.70000000000005,1,1,1.0
108,1,545.1,764.2,343.6,171.89999999999998,1,1,1.0
108,2,218.2,521.1,156.5,222.0,1,1,1.0
108,3,1147.4,419.8,178.29999999999995,345.3,1,1,1.0
108,4,412.7,313.7,137.59999999999997,261.59999999999997,1,1,1.0
108,5,561.9,314.4,242.0,179.20000000000005,1,1,1.0
108,6,289.4,412.6,141.60000000000002,126.10000000000002,1,1,0.0
108,7,714.1,503.8,235.0,297.3,1,1,1.0
108,8,885.1,344.7,149.30000000000007,355.59999999999997,1,1,1.0
108,9,1745.8,699.4,280.4000000000001,373.69999999999993,1,1,1.0
109,1,530.0,764.2,378.29999999999995,171.89999999999998,1,1,1.0
109,2,218.2,521.1,156.5,214.5,1,1,1.0
109,3,1147.4,419.8,178.29999999999995,345.3,1,1,1.0
109,4,412.7,313.7,137.59999999999997,261.59999999999997,1,1,1.0
109,5,561.9,324.8,242.0,168.8,1,1,1.0
109,6,286.3,412.6,144.7,126.10000000000002,1,1,0.0
109,7,714.1,499.3,235.0,301.8,1,1,1.0
109,8,885.1,344.7,149.30000000000007,355.59999999999997,1,1,1.0
109,9,1745.8,699.4,280.4000000000001,373.69999999999993,1,1,1.0
110,1,518.7,764.2,376.0,165.89999999999998,1,1,1.0
110,2,205.4,521.1,169.29999999999998,228.10000000000002,1,1,1.0
110,3,1147.4,419.8,178.29999999999995,345.3,1,1,1.0
110,4,412.7,313.7,137.59999999999997,261.59999999999997,1,1,1.0
110,5,561.9,324.8,242.0,168.8,1,1,1.0
110,6,297.0,412.6,134.0,126.10000000000002,1,1,0.0
110,7,714.1,499.3,230.5,299.49999999999994,1,1,1.0
110,8,885.1,344.7,149.30000000000007,355.59999999999997,1,1,1.0
110,9,1745.8,699.4,267.70000000000005,348.4,1,1,1.0
111,1,518.7,764.2,376.0,154.5999999999999,1,1,1.0
111,2,205.4,521.1,169.29999999999998,222.10000000000002,1,1,1.0
111,3,1147.4,419.8,178.29999999999995,345.3,1,1,1.0
111,4,412.7,313.7,137.59999999999997,261.59999999999997,1,1,1.0
111,5,560.4,324.8,243.5,168.8,1,1,1.0
111,6,297.0,412.6,134.0,126.10000000000002,1,1,0.0
111,7,702.8,505.3,245.60000000000002,299.49999999999994,1,1,1.0
111,8,885.1,344.7,143.30000000000007,355.59999999999997,1,1,1.0
111,9,1745.8,703.0,249.60000000000014,310.4,1,1,1.0
112,1,518.7,764.2,419.69999999999993,159.0999999999999,1,1,1.0
112,2,219.0,521.1,155.7,256.79999999999995,1,1,1.0
112,3,1139.1,419.8,186.60000000000014,329.49999999999994,1,1,1.0
112,4,412.7,313.7,137.59999999999997,261.59999999999997,1,1,1.0
112,5,560.4,324.8,243.5,168.8,1,1,1.0
112,6,288.2,412.6,142.8,126.10000000000002,1,1,0.0
112,7,702.8,508.3,239.60000000000002,300.3,1,1,1.0
112,8,885.1,344.7,143.30000000000007,337.50000000000006,1,1,1.0
112,9,1745.8,703.0,239.70000000000005,305.9,1,1,1.0
113,1,552.6,764.2,397.9,159.0999999999999,1,1,1.0
113,2,240.9,517.3,133.79999999999998,312.6,1,1,1.0
113,3,1121.0,419.8,204.70000000000005,327.99999999999994,1,1,1.0
113,4,412.7,313.7,137.59999999999997,261.59999999999997,1,1,1.0
113,5,556.7,324.8,247.19999999999993,168.8,1,1,1.0
113,6,295.7,412.6,134.7,134.89999999999998,1,1,0.0
113,7,719.4,500.0,226.0,319.1,1,1,1.0
113,8,883.6,345.5,200.60000000000002,310.29999999999995,1,1,1.0
113,9,1745.8,709.3,242.4000000000001,291.5,1,1,1.0
114,1,552.6,764.2,397.9,159.0999999999999,1,1,1.0
114,2,197.95,562.5,242.35000000000002,263.63,1,1,1.0
114,3,1124.8,419.8,200.9000000000001,321.99999999999994,1,1,1.0
114,4,412.7,315.0,137.59999999999997,269.1,1,1,1.0
114,5,563.4,324.8,240.5,168.8,1,1,1.0
114,6,289.4,412.6,141.0,134.89999999999998,1,1,0.0
114,7,722.4,494.0,220.70000000000005,328.1,1,1,1.0
114,8,878.3,393.0,254.10000000000014,240.89999999999998,1,1,1.0
114,9,1745.8,727.4,253.29999999999995,273.4,1,1,1.0
115,1,552.6,764.2,399.4,159.0999999999999,1,1,1.0
115,2,284.6,531.61,167.76,217.68999999999994,1,1,1.0
115,3,1133.1,419.8,192.60000000000014,324.3,1,1,1.0
115,4,412.7,315.0,137.59999999999997,269.1,1,1,1.0
115,5,556.0,324.8,250.89999999999998,168.8,1,1,1.0
115,6,289.4,412.6,141.0,134.89999999999998,1,1,0.0
115,7,722.4,498.5,220.70000000000005,320.6,1,1,1.0
115,8,855.7,445.7,303.79999999999995,183.7,1,1,1.0
115,9,1745.8,727.4,258.70000000000005,274.30000000000007,1,1,1.0
116,1,552.6,764.2,391.9,159.0999999999999,1,1,1.0
116,2,284.6,548.9,167.76,206.39999999999998,1,1,1.0
116,3,1164.7,419.8,161.0,305.49999999999994,1,1,1.0
116,4,406.4,328.2,143.89999999999998,255.90000000000003,1,1,1.0
116,5,541.9,324.8,265.0,168.8,1,1,1.0
116,6,298.8,412.6,131.59999999999997,140.60000000000002,1,1,0.0
116,7,716.4,498.5,225.20000000000005,319.79999999999995,1,1,1.0
116,8,842.1,463.05,344.4999999999999,163.34999999999997,1,1,1.0
116,9,1745.8,716.5,273.20000000000005,287.9,1,1,1.0
117,1,552.6,764.2,394.19999999999993,159.0999999999999,1,1,1.0
117,2,289.1,548.9,163.26,206.39999999999998,1,1,1.0
117,3,1176.8,419.8,148.9000000000001,320.59999999999997,1,1,1.0
117,4,406.4,324.4,147.70000000000005,259.70000000000005,1,1,1.0
117,5,538.9,323.3,273.9,170.3,1,1,1.0
117,6,288.1,412.6,147.29999999999995,138.69999999999993,1,1,0.0
117,7,718.7,495.5,228.19999999999993,313.0,1,1,1.0
117,8,887.3,411.81,376.1600000000001,167.89000000000004,1,1,1.0
117,9,1745.8,720.1,285.9000000000001,284.29999999999995,1,1,1.0
118,1,552.6,764.2,396.5,159.0999999999999,1,1,1.0
118,2,231.08,578.3,236.31999999999996,224.47000000000003,1,1,1.0
118,3,1176.8,419.8,148.9000000000001,327.40000000000003,1,1,1.0
118,4,406.4,331.9,151.5,256.0,1,1,1.0
118,5,524.8,317.4,299.9000000000001,171.70000000000005,1,1,1.0
118,6,288.1,412.6,145.39999999999998,133.69999999999993,1,1,0.0
118,7,712.7,501.5,240.19999999999993,298.70000000000005,1,1,1.0
118,8,955.1,376.4,331.69999999999993,191.20000000000005,1,1,1.0
118,9,1745.8,712.0,292.20000000000005,296.0,1,1,1.0
119,1,552.6,764.2,376.9,159.0999999999999,1,1,1.0
119,2,259.71,602.41,218.19,204.09000000000003,1,1,1.0
119,3,1188.9,441.65,154.88999999999987,314.55000000000007,1,1,1.0
119,4,406.4,336.9,151.5,251.0,1,1,1.0
119,5,517.4,317.4,314.0,165.8,1,1,1.0
119,6,297.5,419.5,134.10000000000002,124.29999999999995,1,1,0.0
119,7,712.7,501.5,224.39999999999998,296.4,1,1,1.0
119,8,958.9,393.0,303.80000000000007,178.39999999999998,1,1,1.0
119,9,1745.8,716.5,300.29999999999995,285.20000000000005,1,1,1.0
120,1,531.5,750.6,334.70000000000005,219.39999999999998,1,1,1.0
120,2,303.4,570.8,187.3,240.20000000000005,1,1,1.0
120,3,1188.9,441.65,154.88999999999987,297.95000000000005,1,1,1.0
120,4,406.4,330.6,151.5,257.29999999999995,1,1,1.0
120,5,555.29,343.4,300.61,208.15999999999997,1,1,1.0
120,6,287.5,419.5,144.10000000000002,124.29999999999995,1,1,0.0
120,7,715.7,501.5,230.39999999999998,302.4,1,1,1.0
120,8,954.4,402.8,333.9,174.59999999999997,1,1,1.0
120,9,1745.8,716.5,260.5,285.20000000000005,1,1,1.0
121,1,567.67,659.42,265.33000000000004,297.7800000000001,1,1,1.0
121,2,246.13,600.9,219.67000000000002,209.35000000000002,1,1,1.0
121,3,1188.9,440.9,170.69999999999982,336.38,1,1,1.0
121,4,406.4,303.0,157.10000000000002,284.9,1,1,1.0
121,5,527.1,364.9,307.29999999999995,155.39999999999998,1,1,1.0
121,6,298.8,419.5,132.8,124.29999999999995,1,1,0.0
121,7,715.7,501.5,230.39999999999998,302.4,1,1,1.0
121,8,954.4,402.8,323.4,174.59999999999997,1,1,1.0
121,9,1745.8,728.3,275.0,273.4000000000001,1,1,1.0
