1,1,343.41,389.34,281.21,158.24000000000007,1,1,1.0
1,2,550.0,511.59,285.17999999999995,161.17000000000002,1,1,1.0
1,3,688.28,427.79,266.74,149.26999999999992,1,1,1.0
1,4,878.49,250.43,297.01,144.43,1,1,1.0
1,5,998.35,348.59,345.87,198.93,1,1,1.0
1,6,1130.4,240.42,264.0799999999999,213.48,1,1,1.0
1,7,1230.54,420.76,311.84000000000015,173.76999999999998,1,1,1.0
1,8,1498.07,478.93,187.0,260.89000000000004,1,1,1.0
2,1,349.3,389.34,279.49999999999994,167.66000000000003,1,1,1.0
2,2,550.0,515.8,285.17999999999995,154.30000000000007,1,1,1.0
2,3,688.28,427.79,289.72,149.26999999999992,1,1,1.0
2,4,891.7,250.43,283.79999999999995,144.43,1,1,1.0
2,5,1018.7,329.0,301.39999999999986,222.29999999999995,1,1,1.0
2,6,1122.9,240.42,278.39999999999986,206.68000000000004,1,1,1.0
2,7,1187.5,418.1,353.29999999999995,174.79999999999995,1,1,1.0
2,8,1498.07,474.7,154.6300000000001,271.50000000000006,1,1,1.0
3,1,343.8,394.6,284.99999999999994,159.39999999999998,1,1,1.0
3,2,542.1,522.1,291.4,148.0,1,1,1.0
3,3,682.8,427.79,306.20000000000005,159.20999999999998,1,1,1.0
3,4,881.0,244.8,270.5999999999999,142.5,1,1,1.0
3,5,1014.9,351.6,289.4,186.10000000000002,1,1,1.0
3,6,1122.9,240.42,279.1999999999998,188.58,1,1,1.0
3,7,1193.3,416.5,351.20000000000005,175.29999999999995,1,1,1.0
3,8,1484.3,463.0,180.10000000000014,319.9,1,1,1.0
4,1,354.3,388.3,348.8,160.99999999999994,1,1,1.0
4,2,564.1,524.7,271.09000000000003,145.39999999999998,1,1,1.0
4,3,674.7,427.79,337.79999999999995,154.00999999999993,1,1,1.0
4,4,887.9,244.8,277.5000000000001,146.7,1,1,1.0
4,5,1013.4,351.6,263.0000000000001,177.10000000000002,1,1,1.0
4,6,1134.2,240.42,267.89999999999986,188.58,1,1,1.0
4,7,1180.5,421.3,363.0,180.09999999999997,1,1,1.0
4,8,1448.7,489.6,231.0999999999999,263.6,1,1,1.0
5,1,433.3,322.9,292.8,223.30000000000007,1,1,1.0
5,2,556.3,534.6,278.8900000000001,135.5,1,1,1.0
5,3,674.7,427.79,320.5,227.20999999999998,1,1,1.0
5,4,903.6,244.8,249.19999999999993,148.2,1,1,1.0
5,5,1010.4,309.1,266.0000000000001,222.60000000000002,1,1,1.0
5,6,1177.9,205.8,255.0999999999999,228.5,1,1,1.0
5,7,1173.6,421.3,369.9000000000001,172.7,1,1,1.0
5,8,1446.0,502.9,240.20000000000005,223.20000000000005,1,1,1.0
6,1,468.4,326.0,350.30000000000007,176.2,1,1,1.0
6,2,556.3,529.4,270.0,151.5,1,1,1.0
6,3,684.1,435.6,322.6,233.10000000000002,1,1,1.0
6,4,902.3,256.1,236.70000000000005,134.39999999999998,1,1,1.0
6,5,1065.4,295.1,211.0,304.4,1,1,1.0
6,6,1184.7,211.8,237.79999999999995,210.39999999999998,1,1,1.0
6,7,1186.9,419.2,359.79999999999995,174.3,1,1,1.0
6,8,1438.0,502.9,248.20000000000005,212.60000000000002,1,1,1.0
7,1,477.8,320.8,354.49999999999994,178.8,1,1,1.0
7,2,521.8,529.4,301.9000000000001,156.60000000000002,1,1,1.0
7,3,709.2,405.2,274.0,260.40000000000003,1,1,1.0
7,4,867.14,270.54,236.06000000000006,212.85999999999996,1,1,1.0
7,5,1077.5,259.7,144.5999999999999,281.8,1,1,1.0
7,6,1187.5,211.8,235.0,210.39999999999998,1,1,1.0
7,7,1189.0,411.8,355.5999999999999,188.09999999999997,1,1,1.0
7,8,1426.3,502.9,259.9000000000001,243.39999999999998,1,1,1.0
8,1,478.8,318.7,346.7,174.60000000000002,1,1,1.0
8,2,501.4,535.7,277.30000000000007,122.89999999999998,1,1,1.0
8,3,710.2,408.9,266.69999999999993,240.5,1,1,1.0
8,4,852.7,269.3,246.0999999999999,247.40000000000003,1,1,1.0
8,5,860.49,191.13,344.30999999999995,153.67000000000002,1,1,1.0
8,6,1185.9,207.1,236.5999999999999,215.1,1,1,1.0
8,7,1193.8,411.8,350.79999999999995,178.49999999999994,1,1,1.0
8,8,1417.8,502.9,268.4000000000001,183.89999999999998,1,1,1.0
9,1,468.3,318.7,313.7,177.8,1,1,1.0
9,2,501.4,524.7,259.0,133.89999999999998,1,1,1.0
9,3,724.9,396.9,246.20000000000005,297.5,1,1,1.0
9,4,849.6,275.0,249.19999999999993,241.70000000000005,1,1,1.0
9,5,681.9,194.14,354.9,122.75999999999999,1,1,1.0
9,6,1186.42,215.44,240.77999999999997,215.16000000000003,1,1,1.0
9,7,1202.8,411.8,341.79999999999995,181.7,1,1,1.0
9,8,1375.8,502.9,310.4000000000001,181.80000000000007,1,1,1.0
10,1,507.5,322.4,233.20000000000005,202.39999999999998,1,1,1.0
10,2,486.7,534.6,270.00000000000006,124.0,1,1,1.0
10,3,762.6,390.6,199.10000000000002,325.29999999999995,1,1,1.0
10,4,860.9,277.5,254.89999999999998,254.29999999999995,1,1,1.0
10,5,501.2,219.8,264.3,107.64999999999998,1,1,1.0
10,6,1187.98,207.12,240.22000000000003,227.18,1,1,1.0
10,7,1204.9,415.0,338.5999999999999,188.39999999999998,1,1,1.0
10,8,1330.6,506.6,355.60000000000014,177.0,1,1,1.0
11,1,423.78,286.8,237.12,246.36999999999995,1,1,1.0
11,2,444.3,539.3,293.59999999999997,119.30000000000007,1,1,1.0
11,3,756.3,385.0,205.4000000000001,319.9,1,1,1.0
11,4,919.9,293.8,218.5000000000001,288.2,1,1,1.0
11,5,491.0,240.1,120.0,98.79999999999998,1,1,0.0
11,6,1190.06,211.8,236.03999999999996,220.3,1,1,1.0
11,7,1200.4,415.0,343.0999999999999,183.70000000000005,1,1,1.0
11,8,1323.7,521.5,362.5,156.79999999999995,1,1,1.0
12,1,385.7,365.8,188.59999999999997,195.49999999999994,1,1,1.0
12,2,411.86,563.4,269.03999999999996,159.56000000000006,1,1,1.0
12,3,688.3,380.1,273.4000000000001,306.5,1,1,1.0
12,4,941.2,293.8,175.89999999999986,318.3,1,1,1.0
12,5,483.0,237.9,103.89999999999998,72.20000000000002,1,1,0.0
12,6,1192.14,211.22,236.05999999999995,221.88000000000002,1,1,1.0
12,7,1206.5,415.0,337.0,190.70000000000005,1,1,1.0
12,8,1277.5,551.2,380.5,140.89999999999998,1,1,1.0
13,1,389.2,387.8,193.50000000000006,177.3,1,1,1.0
13,2,384.65,592.1,226.64999999999998,171.67999999999995,1,1,1.0
13,3,750.0,389.5,211.70000000000005,340.0,1,1,1.0
13,4,939.9,296.3,168.39999999999998,331.49999999999994,1,1,1.0
13,5,475.6,221.3,116.60000000000002,88.80000000000001,1,1,0.0
13,6,1195.08,203.94,231.62000000000012,232.56,1,1,1.0
13,7,1206.5,415.0,337.0,190.70000000000005,1,1,1.0
13,8,1263.7,565.5,397.5,126.60000000000002,1,1,1.0
14,1,324.3,399.3,240.59999999999997,159.49999999999994,1,1,1.0
14,2,375.2,599.0,208.90000000000003,190.89999999999998,1,1,1.0
14,3,783.5,395.8,175.10000000000002,331.59999999999997,1,1,1.0
14,4,948.7,296.3,159.5999999999999,331.49999999999994,1,1,1.0
14,5,475.6,219.2,117.10000000000002,85.60000000000002,1,1,0.0
14,6,1184.06,221.32,225.84000000000015,232.57999999999998,1,1,1.0
14,7,1197.5,415.0,346.0,183.79999999999995,1,1,1.0
14,8,1268.5,565.5,381.0,134.0,1,1,1.0
15,1,386.0,426.5,208.20000000000005,142.79999999999995,1,1,1.0
15,2,354.8,599.5,199.99999999999994,228.10000000000002,1,1,1.0
15,3,796.6,395.8,210.69999999999993,310.7,1,1,1.0
15,4,937.4,296.3,170.89999999999998,303.90000000000003,1,1,1.0
15,5,469.8,219.8,118.59999999999997,91.09999999999997,1,1,0.0
15,6,1179.5,211.44,256.29999999999995,242.76,1,1,1.0
15,7,1204.4,415.0,339.0999999999999,184.89999999999998,1,1,1.0
15,8,1268.5,565.5,384.70000000000005,134.0,1,1,1.0
16,1,389.7,420.7,204.50000000000006,152.8,1,1,1.0
16,2,304.0,597.9,291.6,215.0,1,1,1.0
16,3,788.2,392.1,212.29999999999995,321.69999999999993,1,1,1.0
16,4,951.2,297.6,152.0999999999999,278.69999999999993,1,1,1.0
16,5,478.5,229.8,98.0,79.0,1,1,0.0
16,6,1172.58,220.8,261.1200000000001,229.2,1,1,1.0
16,7,1226.7,413.4,309.89999999999986,184.89999999999998,1,1,1.0
16,8,1278.1,565.5,375.10000000000014,134.0,1,1,1.0
17,1,336.8,420.7,250.59999999999997,156.50000000000006,1,1,1.0
17,2,281.0,622.0,312.5,179.39999999999998,1,1,1.0
17,3,797.1,451.2,164.69999999999993,301.3,1,1,1.0
17,4,949.5,297.3,172.0,267.40000000000003,1,1,1.0
17,5,483.0,228.1,86.5,83.00000000000003,1,1,0.0
17,6,1167.04,220.28,261.96000000000004,224.02,1,1,1.0
17,7,1253.3,417.7,284.9000000000001,177.40000000000003,1,1,1.0
17,8,1286.6,565.5,366.60000000000014,134.0,1,1,1.0
18,1,334.7,396.1,268.90000000000003,203.60000000000002,1,1,1.0
18,2,365.8,554.5,212.49999999999994,259.5,1,1,1.0
18,3,734.3,469.0,250.0,242.20000000000005,1,1,1.0
18,4,904.1,354.1,235.60000000000002,199.0,1,1,1.0
18,5,405.4,213.0,140.70000000000005,232.7,1,1,0.0
18,6,1172.4,254.7,248.0999999999999,180.60000000000002,1,1,1.0
18,7,1262.9,389.0,255.5999999999999,206.60000000000002,1,1,1.0
18,8,1386.47,566.03,276.8299999999999,128.67000000000007,1,1,1.0
19,1,240.51,447.9,321.78999999999996,182.67000000000007,1,1,1.0
19,2,302.0,581.2,292.5,199.79999999999995,1,1,1.0
19,3,728.5,460.1,251.60000000000002,243.29999999999995,1,1,1.0
19,4,904.1,366.7,255.69999999999993,180.7,1,1,1.0
19,5,392.6,223.5,162.5,232.7,1,1,0.0
19,6,1170.78,241.32,231.31999999999994,194.57999999999998,1,1,1.0
19,7,1261.3,428.8,275.79999999999995,167.90000000000003,1,1,1.0
19,8,1394.4,553.8,273.6999999999998,133.5,1,1,1.0
20,9,1658.13,485.8,27.62999999999988,48.099999999999966,1,1,0.0
20,1,191.8,494.5,365.3,133.5,1,1,1.0
20,2,286.3,596.4,321.3,174.70000000000005,1,1,1.0
20,3,737.9,451.7,238.0,255.40000000000003,1,1,1.0
20,4,904.1,366.7,249.9999999999999,180.7,1,1,1.0
20,5,223.8,274.0,308.7,192.0,1,1,0.0
20,6,1177.36,237.64,224.74,197.26,1,1,1.0
20,7,1280.96,462.3,291.24,146.61999999999995,1,1,1.0
20,8,1402.9,559.6,259.89999999999986,125.60000000000002,1,1,1.0
21,9,1637.4,522.7,48.3599999999999,37.69999999999993,1,1,0.0
21,1,181.9,510.7,354.30000000000007,124.59999999999997,1,1,1.0
21,2,250.2,621.0,369.40000000000003,147.5,1,1,1.0
21,3,741.6,445.9,234.29999999999995,261.20000000000005,1,1,1.0
21,4,912.9,361.7,241.19999999999993,185.7,1,1,1.0
21,5,223.8,317.0,329.8,149.0,1,1,0.0
21,6,1183.12,231.3,221.58000000000015,202.0,1,1,1.0
21,7,1269.3,452.2,281.10000000000014,142.40000000000003,1,1,1.0
21,8,1394.4,554.3,259.39999999999986,130.9000000000001,1,1,1.0
22,9,1637.4,532.3,48.3599999999999,28.100000000000023,1,1,0.0
22,1,181.9,494.0,348.0,126.60000000000002,1,1,1.0
22,2,250.2,630.4,375.7,129.20000000000005,1,1,1.0
22,3,754.2,462.6,215.89999999999998,257.1,1,1,1.0
22,4,929.2,349.8,224.89999999999986,195.7,1,1,1.0
22,5,201.2,355.0,343.8,111.0,1,1,0.0
22,6,1182.6,231.3,218.80000000000018,202.89999999999998,1,1,1.0
22,7,1269.3,455.9,281.10000000000014,143.0,1,1,1.0
22,8,1394.4,554.3,265.79999999999995,130.9000000000001,1,1,1.0
23,9,1615.6,524.9,68.60000000000014,54.60000000000002,1,1,0.0
23,1,181.9,488.8,346.4,125.99999999999994,1,1,1.0
23,2,254.9,630.4,366.30000000000007,129.20000000000005,1,1,1.0
23,3,747.9,462.6,222.20000000000005,257.1,1,1,1.0
23,4,931.1,341.0,222.9999999999999,202.0,1,1,1.0
23,5,201.2,357.1,340.59999999999997,108.89999999999998,1,1,0.0
23,6,1178.4,232.62,220.69999999999982,197.27999999999997,1,1,1.0
23,7,1275.1,455.9,275.3000000000002,143.0,1,1,1.0
23,8,1394.4,556.4,265.79999999999995,128.80000000000007,1,1,1.0
24,9,1626.2,524.9,58.0,54.60000000000002,1,1,0.0
24,1,179.3,488.8,345.90000000000003,124.40000000000003,1,1,1.0
24,2,260.1,629.4,363.69999999999993,130.20000000000005,1,1,1.0
24,3,744.2,466.8,225.89999999999998,252.90000000000003,1,1,1.0
24,4,930.5,347.9,231.79999999999995,191.30000000000007,1,1,1.0
24,5,189.9,366.0,344.20000000000005,122.60000000000002,1,1,1.0
24,6,1169.46,243.4,228.5999999999999,186.99999999999997,1,1,1.0
24,7,1278.8,455.9,271.60000000000014,143.0,1,1,1.0
24,8,1394.4,558.5,265.79999999999995,126.70000000000005,1,1,1.0
25,9,1657.5,508.4,26.700000000000045,71.10000000000002,1,1,0.0
25,1,179.3,488.8,345.90000000000003,124.40000000000003,1,1,1.0
25,2,288.4,629.4,335.4,130.20000000000005,1,1,1.0
25,3,743.1,466.8,224.89999999999998,249.8,1,1,1.0
25,4,926.7,366.7,248.20000000000005,163.09999999999997,1,1,1.0
25,5,189.9,381.1,339.70000000000005,107.5,1,1,1.0
25,6,1186.36,223.74,214.34000000000015,208.76,1,1,1.0
25,7,1265.0,455.9,302.9000000000001,149.39999999999998,1,1,1.0
25,8,1394.4,549.0,281.1999999999998,136.20000000000005,1,1,1.0
26,9,1679.8,508.4,4.400000000000091,71.10000000000002,1,1,0.0
26,1,179.3,488.8,345.90000000000003,121.80000000000001,1,1,1.0
26,2,278.5,624.2,346.9,135.39999999999998,1,1,1.0
26,3,738.4,471.0,229.60000000000002,245.60000000000002,1,1,1.0
26,4,931.1,408.1,259.4999999999999,145.60000000000002,1,1,1.0
26,5,189.9,396.9,327.6,84.20000000000005,1,1,1.0
26,6,1183.3,220.06,210.29999999999995,213.94,1,1,1.0
26,7,1265.0,449.5,302.9000000000001,155.79999999999995,1,1,1.0
26,8,1344.5,549.0,331.0999999999999,138.29999999999995,1,1,1.0
27,9,1675.74,502.5,9.3599999999999,46.0,1,1,0.0
27,1,179.3,488.8,345.90000000000003,121.80000000000001,1,1,1.0
27,2,277.5,626.3,347.9,133.30000000000007,1,1,1.0
27,3,738.4,471.0,232.70000000000005,245.60000000000002,1,1,1.0
27,4,931.1,411.9,260.80000000000007,147.5,1,1,1.0
27,5,185.4,402.2,322.29999999999995,78.90000000000003,1,1,1.0
27,6,1184.8,214.7,211.4000000000001,216.7,1,1,1.0
27,7,1245.9,449.5,317.79999999999995,155.79999999999995,1,1,1.0
27,8,1367.3,560.7,286.5,140.39999999999998,1,1,1.0
28,9,1671.69,496.59,14.309999999999945,20.910000000000025,1,1,0.0
28,1,179.3,488.8,345.90000000000003,121.80000000000001,1,1,1.0
28,2,260.8,626.3,365.49999999999994,133.30000000000007,1,1,1.0
28,3,741.0,466.8,231.70000000000005,264.49999999999994,1,1,1.0
28,4,931.1,411.9,256.9999999999999,144.39999999999998,1,1,1.0
28,5,185.4,400.7,318.5,80.40000000000003,1,1,1.0
28,6,1183.3,214.76,209.70000000000005,215.64,1,1,1.0
28,7,1259.7,449.5,304.0,153.10000000000002,1,1,1.0
28,8,1372.1,560.7,281.70000000000005,140.39999999999998,1,1,1.0
29,9,1682.8,496.59,3.2000000000000455,20.910000000000025,1,1,0.0
29,1,179.3,488.8,345.90000000000003,121.80000000000001,1,1,1.0
29,2,260.8,624.8,364.59999999999997,134.80000000000007,1,1,1.0
29,3,741.5,463.1,231.20000000000005,268.19999999999993,1,1,1.0
29,4,926.7,411.9,261.39999999999986,144.39999999999998,1,1,1.0
29,5,185.4,396.2,314.70000000000005,84.90000000000003,1,1,1.0
29,6,1182.26,211.64,211.33999999999992,217.16000000000003,1,1,1.0
29,7,1268.2,449.5,290.20000000000005,153.10000000000002,1,1,1.0
29,8,1376.9,565.0,276.89999999999986,136.10000000000002,1,1,1.0
30,9,1648.8,499.5,37.200000000000045,62.60000000000002,1,1,0.0
30,1,179.3,488.8,345.90000000000003,121.80000000000001,1,1,1.0
30,2,279.1,626.9,351.5,132.70000000000005,1,1,1.0
30,3,749.3,464.7,219.20000000000005,263.50000000000006,1,1,1.0
30,4,926.7,405.6,261.39999999999986,150.69999999999993,1,1,1.0
30,5,185.4,407.5,314.70000000000005,78.89999999999998,1,1,1.0
30,6,1180.02,210.36,214.07999999999993,217.94,1,1,1.0
30,7,1268.2,455.9,290.20000000000005,146.70000000000005,1,1,1.0
30,8,1381.7,563.4,272.0999999999999,137.70000000000005,1,1,1.0
31,9,1655.8,553.73,28.730000000000018,25.370000000000005,1,1,0.0
31,1,174.1,488.8,351.1,117.09999999999997,1,1,1.0
31,2,260.3,626.9,370.3,130.10000000000002,1,1,1.0
31,3,749.3,463.7,219.20000000000005,262.40000000000003,1,1,1.0
31,4,926.7,405.6,258.89999999999986,150.69999999999993,1,1,1.0
31,5,185.4,407.5,314.70000000000005,78.89999999999998,1,1,1.0
31,6,1176.38,213.26,215.6199999999999,215.54000000000002,1,1,1.0
31,7,1270.05,455.9,288.35000000000014,152.55000000000007,1,1,1.0
31,8,1385.9,563.4,267.89999999999986,130.80000000000007,1,1,1.0
32,9,1663.5,553.73,21.029999999999973,25.370000000000005,1,1,0.0
32,1,174.6,488.8,350.6,117.09999999999997,1,1,1.0
32,2,264.5,626.9,366.1,130.10000000000002,1,1,1.0
32,3,750.35,462.4,218.94999999999993,263.70000000000005,1,1,1.0
32,4,926.7,405.6,258.89999999999986,150.69999999999993,1,1,1.0
32,5,185.4,407.5,308.70000000000005,78.89999999999998,1,1,1.0
32,6,1175.06,215.96,218.53999999999996,209.73999999999998,1,1,1.0
32,7,1271.9,455.9,286.5,158.39999999999998,1,1,1.0
32,8,1385.9,563.4,267.89999999999986,130.80000000000007,1,1,1.0
33,9,1630.7,542.3,53.82999999999993,36.80000000000007,1,1,0.0
33,1,172.0,488.8,353.20000000000005,117.09999999999997,1,1,1.0
33,2,256.1,626.9,374.5,130.10000000000002,1,1,1.0
33,3,751.4,461.1,218.70000000000005,265.0,1,1,1.0
33,4,921.5,405.6,264.0999999999999,150.69999999999993,1,1,1.0
33,5,185.4,407.5,308.70000000000005,69.10000000000002,1,1,1.0
33,6,1173.5,217.0,219.53999999999996,213.39999999999998,1,1,1.0
33,7,1257.0,455.9,308.29999999999995,158.39999999999998,1,1,1.0
33,8,1385.9,563.4,271.5999999999999,137.70000000000005,1,1,1.0
34,9,1630.7,541.3,53.82999999999993,37.80000000000007,1,1,0.0
34,1,172.0,477.3,353.20000000000005,128.59999999999997,1,1,1.0
34,2,256.1,626.9,374.5,130.10000000000002,1,1,1.0
34,3,752.45,460.05,217.64999999999998,266.05,1,1,1.0
34,4,926.7,405.6,259.89999999999986,150.69999999999993,1,1,1.0
34,5,233.6,400.7,260.5,75.90000000000003,1,1,0.0
34,6,1170.9,220.12,223.69999999999982,209.27999999999997,1,1,1.0
34,7,1249.6,429.9,321.5,170.60000000000002,1,1,1.0
34,8,1381.1,563.4,276.4000000000001,137.70000000000005,1,1,1.0
35,9,1639.6,554.1,44.930000000000064,38.27999999999997,1,1,0.0
35,1,178.3,477.3,346.90000000000003,128.59999999999997,1,1,1.0
35,2,256.1,626.9,374.5,130.10000000000002,1,1,1.0
35,3,753.5,459.0,216.60000000000002,267.1,1,1,1.0
35,4,925.7,405.6,259.89999999999986,150.69999999999993,1,1,1.0
35,5,233.6,400.7,260.5,75.90000000000003,1,1,0.0
35,6,1169.86,221.16,225.74,212.34,1,1,1.0
35,7,1244.3,429.9,326.79999999999995,162.60000000000002,1,1,1.0
35,8,1372.1,563.4,288.10000000000014,137.70000000000005,1,1,1.0
36,9,1678.7,554.1,5.819999999999936,38.27999999999997,1,1,0.0
36,1,180.9,477.3,345.6,125.49999999999994,1,1,1.0
36,2,262.4,626.9,368.20000000000005,130.10000000000002,1,1,1.0
36,3,753.5,459.0,216.60000000000002,261.9,1,1,1.0
36,4,926.7,405.6,262.5,150.69999999999993,1,1,1.0
36,5,236.6,394.7,257.5,81.90000000000003,1,1,0.0
36,6,1169.0,221.84,225.0999999999999,206.46,1,1,1.0
36,7,1245.4,427.7,321.39999999999986,164.8,1,1,1.0
36,8,1382.7,546.4,280.70000000000005,154.70000000000005,1,1,1.0
37,9,1678.45,495.69,5.819999999999936,13.509999999999991,1,1,0.0
37,1,180.9,477.3,344.30000000000007,125.49999999999994,1,1,1.0
37,2,288.0,626.9,338.9,130.10000000000002,1,1,1.0
37,3,747.7,457.4,232.29999999999995,254.60000000000002,1,1,1.0
37,4,926.7,405.6,258.89999999999986,150.69999999999993,1,1,1.0
37,5,279.9,416.7,206.0,59.900000000000034,1,1,0.0
37,6,1166.4,221.84,231.29999999999995,205.46,1,1,1.0
37,7,1214.1,447.4,352.70000000000005,145.10000000000002,1,1,1.0
37,8,1400.8,546.4,270.60000000000014,163.20000000000005,1,1,1.0
38,9,1678.45,495.69,5.819999999999936,13.509999999999991,1,1,0.0
38,1,180.9,477.3,344.30000000000007,125.49999999999994,1,1,1.0
38,2,296.4,626.9,330.5,130.10000000000002,1,1,1.0
38,3,744.6,455.3,231.19999999999993,256.7,1,1,1.0
38,4,919.9,405.6,265.69999999999993,150.69999999999993,1,1,1.0
38,5,230.9,416.7,254.99999999999997,59.900000000000034,1,1,0.0
38,6,1169.52,219.24,227.77999999999997,204.36,1,1,1.0
38,7,1197.1,447.4,369.70000000000005,145.10000000000002,1,1,1.0
38,8,1400.8,546.4,270.60000000000014,150.5,1,1,1.0
39,9,1678.45,495.69,5.819999999999936,13.509999999999991,1,1,0.0
39,1,180.9,477.3,349.0,125.49999999999994,1,1,1.0
39,2,313.1,626.9,313.79999999999995,130.10000000000002,1,1,1.0
39,3,746.2,450.6,229.5999999999999,261.4,1,1,1.0
39,4,926.7,405.6,258.89999999999986,150.19999999999993,1,1,1.0
39,5,212.1,416.7,273.79999999999995,59.900000000000034,1,1,0.0
39,6,1167.96,220.8,229.33999999999992,209.59999999999997,1,1,1.0
39,7,1229.5,441.8,337.29999999999995,150.7,1,1,1.0
39,8,1412.0,540.6,274.79999999999995,154.69999999999993,1,1,1.0
40,9,1678.45,495.69,5.819999999999936,13.509999999999991,1,1,0.0
40,1,180.9,481.5,349.0,121.29999999999995,1,1,1.0
40,2,332.5,626.9,294.4,130.10000000000002,1,1,1.0
40,3,742.5,453.2,233.29999999999995,258.8,1,1,1.0
40,4,924.8,405.6,264.60000000000014,153.79999999999995,1,1,1.0
40,5,212.1,416.7,273.79999999999995,59.900000000000034,1,1,0.0
40,6,1166.4,221.32,230.89999999999986,205.48000000000002,1,1,1.0
40,7,1235.9,427.2,321.79999999999995,185.50000000000006,1,1,1.0
40,8,1495.4,435.4,189.29999999999995,276.4,1,1,1.0
41,9,1678.45,495.69,5.819999999999936,13.509999999999991,1,1,0.0
41,1,180.9,481.5,349.0,127.39999999999998,1,1,1.0
41,2,333.5,623.8,292.9,141.0,1,1,1.0
41,3,742.5,453.2,233.29999999999995,255.7,1,1,1.0
41,4,924.8,405.6,264.60000000000014,153.79999999999995,1,1,1.0
41,5,220.9,416.7,265.0,59.900000000000034,1,1,0.0
41,6,1162.44,222.36,248.05999999999995,207.53999999999996,1,1,1.0
41,7,1235.9,435.3,317.1999999999998,167.3,1,1,1.0
41,8,1532.6,392.9,152.60000000000014,293.93000000000006,1,1,1.0
42,9,1678.45,495.69,5.819999999999936,13.509999999999991,1,1,0.0
42,1,180.9,483.6,352.70000000000005,124.79999999999995,1,1,1.0
42,2,306.3,616.0,319.59999999999997,148.79999999999995,1,1,1.0
42,3,741.5,456.3,234.29999999999995,252.59999999999997,1,1,1.0
42,4,924.8,405.6,264.60000000000014,153.79999999999995,1,1,1.0
42,5,220.9,416.7,265.0,59.900000000000034,1,1,0.0
42,6,1159.32,229.8,238.68000000000006,197.5,1,1,1.0
42,7,1248.1,447.7,311.9000000000001,154.90000000000003,1,1,1.0
42,8,1518.3,392.9,166.9000000000001,267.4,1,1,1.0
43,9,1678.45,495.69,5.819999999999936,13.509999999999991,1,1,0.0
43,1,180.9,483.6,352.70000000000005,124.79999999999995,1,1,1.0
43,2,277.5,616.0,351.5,148.79999999999995,1,1,1.0
43,3,738.9,456.3,236.89999999999998,252.59999999999997,1,1,1.0
43,4,917.9,405.6,283.1,145.0,1,1,1.0
43,5,209.6,404.8,276.29999999999995,71.80000000000001,1,1,0.0
43,6,1158.16,225.3,236.13999999999987,204.09999999999997,1,1,1.0
43,7,1250.2,425.1,310.20000000000005,177.5,1,1,1.0
43,8,1517.8,392.9,167.4000000000001,254.60000000000002,1,1,1.0
44,9,1678.45,495.69,5.819999999999936,13.509999999999991,1,1,0.0
44,1,180.9,483.6,352.70000000000005,120.5,1,1,1.0
44,2,256.6,620.2,374.0,141.5,1,1,1.0
44,3,738.9,456.3,236.89999999999998,252.59999999999997,1,1,1.0
44,4,917.9,405.6,275.9,146.29999999999995,1,1,1.0
44,5,222.2,421.1,263.7,55.5,1,1,0.0
44,6,1159.72,223.22,235.77999999999997,206.17999999999998,1,1,1.0
44,7,1335.7,383.66,201.31999999999994,303.44,1,1,1.0
44,8,1579.4,362.1,105.79999999999995,159.5,1,1,0.0
45,9,1678.45,495.69,5.819999999999936,13.509999999999991,1,1,0.0
45,1,180.9,483.6,352.70000000000005,124.0,1,1,1.0
45,2,265.0,621.8,363.0,135.70000000000005,1,1,1.0
45,3,738.9,456.3,236.89999999999998,252.59999999999997,1,1,1.0
45,4,917.9,399.3,275.9,152.59999999999997,1,1,1.0
45,5,210.9,421.1,275.0,55.5,1,1,0.0
45,6,1210.0,222.7,151.9000000000001,281.90000000000003,1,1,1.0
45,7,1449.5,285.38,234.20000000000005,253.01999999999998,1,1,1.0
45,8,1643.2,362.1,42.0,30.899999999999977,1,1,0.0
46,9,1678.45,495.69,5.819999999999936,13.509999999999991,1,1,0.0
46,1,180.9,483.6,352.70000000000005,122.69999999999993,1,1,1.0
46,2,292.2,621.8,335.8,135.70000000000005,1,1,1.0
46,3,738.9,456.3,241.30000000000007,252.59999999999997,1,1,1.0
46,4,917.9,399.3,267.1,155.7,1,1,1.0
46,5,210.9,421.1,258.70000000000005,55.5,1,1,0.0
46,6,1158.8,230.26,183.05999999999995,292.53999999999996,1,1,1.0
46,7,1470.6,269.98,213.58000000000015,184.51999999999998,1,1,1.0
46,8,1643.85,361.96,41.36000000000013,30.620000000000005,1,1,0.0
47,9,1678.45,495.69,5.819999999999936,13.509999999999991,1,1,0.0
47,1,186.7,481.4,346.90000000000003,121.39999999999998,1,1,1.0
47,2,309.5,610.3,315.4,153.0,1,1,1.0
47,3,738.9,456.3,261.4,252.59999999999997,1,1,1.0
47,4,917.9,399.3,267.1,155.7,1,1,1.0
47,5,207.1,410.4,262.5,66.20000000000005,1,1,0.0
47,6,1146.8,232.86,194.01999999999998,301.74,1,1,1.0
47,7,1490.8,278.7,193.3800000000001,199.7,1,1,1.0
47,8,1644.51,361.83,40.710000000000036,30.33000000000004,1,1,0.0
48,9,1678.45,495.69,5.819999999999936,13.509999999999991,1,1,0.0
48,1,186.7,478.8,346.90000000000003,123.99999999999994,1,1,1.0
48,2,301.2,607.2,321.59999999999997,156.0999999999999,1,1,1.0
48,3,738.9,456.3,239.39999999999998,252.59999999999997,1,1,1.0
48,4,917.9,403.1,261.4,151.89999999999998,1,1,1.0
48,5,212.8,406.0,256.8,70.60000000000002,1,1,0.0
48,6,1151.7,236.26,182.5999999999999,293.44000000000005,1,1,1.0
48,7,1513.1,268.9,171.08000000000015,212.10000000000002,1,1,1.0
48,8,1645.16,361.69,40.069999999999936,30.060000000000002,1,1,0.0
49,9,1678.45,495.69,5.819999999999936,13.509999999999991,1,1,0.0
49,1,186.7,479.7,346.90000000000003,123.09999999999997,1,1,1.0
49,2,291.8,607.2,330.99999999999994,156.0999999999999,1,1,1.0
49,3,742.7,455.7,235.5999999999999,253.2,1,1,1.0
49,4,917.9,403.1,261.4,151.89999999999998,1,1,1.0
49,5,227.9,406.0,241.70000000000002,70.60000000000002,1,1,0.0
49,6,1161.7,239.38,170.63999999999987,291.41999999999996,1,1,1.0
49,7,1528.0,256.7,156.18000000000006,258.3,1,1,1.0
49,8,1645.82,361.55,39.42000000000007,29.779999999999973,1,1,0.0
50,9,1678.45,495.69,5.819999999999936,13.509999999999991,1,1,0.0
50,1,186.7,483.6,346.90000000000003,119.19999999999993,1,1,1.0
50,2,291.8,607.2,330.99999999999994,154.5,1,1,1.0
50,3,742.7,455.7,235.5999999999999,253.2,1,1,1.0
50,4,917.9,403.1,261.4,151.89999999999998,1,1,1.0
50,5,214.7,429.9,254.90000000000003,46.700000000000045,1,1,0.0
50,6,1158.6,237.3,172.6400000000001,285.2,1,1,1.0
50,7,1522.69,284.33,163.6099999999999,298.17,1,1,1.0
50,8,1646.47,361.41,38.77999999999997,29.5,1,1,0.0
51,9,1678.45,495.69,5.819999999999936,13.509999999999991,1,1,0.0
51,1,186.7,483.6,349.50000000000006,119.19999999999993,1,1,1.0
51,2,288.7,607.2,334.09999999999997,154.5,1,1,1.0
51,3,747.1,453.2,224.29999999999995,264.50000000000006,1,1,1.0
51,4,917.9,403.1,261.4,154.39999999999998,1,1,1.0
51,5,251.7,428.0,217.90000000000003,48.60000000000002,1,1,0.0
51,6,1155.2,239.38,170.91999999999985,294.12,1,1,1.0
51,7,1518.97,292.29,163.6099999999999,312.50999999999993,1,1,1.0
51,8,1647.13,361.28,38.12999999999988,29.210000000000036,1,1,0.0
52,9,1678.45,495.69,5.819999999999936,13.509999999999991,1,1,0.0
52,1,186.7,483.6,348.59999999999997,119.19999999999993,1,1,1.0
52,2,294.5,591.5,326.20000000000005,168.10000000000002,1,1,1.0
52,3,754.0,443.8,222.39999999999998,312.2,1,1,1.0
52,4,917.9,403.1,261.4,154.39999999999998,1,1,1.0
52,5,251.7,428.0,217.90000000000003,48.60000000000002,1,1,0.0
52,6,1154.2,239.9,171.98000000000002,283.30000000000007,1,1,1.0
52,7,1508.3,304.0,176.0,273.70000000000005,1,1,1.0
52,8,1647.78,361.14,37.49000000000001,28.939999999999998,1,1,0.0
53,9,1678.45,495.69,5.819999999999936,13.509999999999991,1,1,0.0
53,1,189.8,483.6,346.40000000000003,119.19999999999993,1,1,1.0
53,2,327.5,575.3,281.70000000000005,198.4000000000001,1,1,1.0
53,3,760.3,437.5,216.10000000000002,299.0,1,1,1.0
53,4,917.9,403.1,265.0000000000001,154.39999999999998,1,1,1.0
53,5,264.9,428.0,204.70000000000005,78.69999999999999,1,1,0.0
53,6,1164.3,236.26,161.12000000000012,298.24,1,1,1.0
53,7,1491.8,316.7,190.77999999999997,246.09999999999997,1,1,1.0
53,8,1648.44,361.0,36.83999999999992,28.660000000000025,1,1,0.0
54,9,1678.45,495.69,5.819999999999936,13.509999999999991,1,1,0.0
54,1,189.8,483.6,346.40000000000003,119.19999999999993,1,1,1.0
54,2,327.5,565.9,278.6,207.80000000000007,1,1,1.0
54,3,754.0,439.4,282.70000000000005,275.1,1,1,1.0
54,4,920.5,403.1,270.70000000000005,154.39999999999998,1,1,1.0
54,5,264.9,428.0,204.70000000000005,84.39999999999998,1,1,0.0
54,6,1162.7,233.78,162.72000000000003,299.12,1,1,1.0
54,7,1497.1,310.5,185.48000000000002,288.4,1,1,1.0
54,8,1649.09,360.87,36.200000000000045,28.370000000000005,1,1,0.0
55,9,1678.45,495.69,5.819999999999936,13.509999999999991,1,1,0.0
55,1,189.8,483.6,346.40000000000003,119.19999999999993,1,1,1.0
55,2,308.7,565.9,294.8,195.80000000000007,1,1,1.0
55,3,747.7,441.3,299.0,263.8,1,1,1.0
55,4,922.1,403.1,269.1,154.39999999999998,1,1,1.0
55,5,278.1,428.0,191.5,48.0,1,1,0.0
55,6,1164.3,234.3,157.9000000000001,280.90000000000003,1,1,1.0
55,7,1497.1,314.0,185.48000000000002,246.60000000000002,1,1,1.0
55,8,1649.75,360.73,35.549999999999955,28.089999999999975,1,1,0.0
56,9,1678.45,495.69,5.819999999999936,13.509999999999991,1,1,0.0
56,1,204.5,483.6,334.79999999999995,119.19999999999993,1,1,1.0
56,2,297.7,565.9,305.8,195.80000000000007,1,1,1.0
56,3,740.8,447.6,325.4000000000001,253.69999999999993,1,1,1.0
56,4,917.9,403.1,273.30000000000007,153.10000000000002,1,1,1.0
56,5,283.1,428.0,186.5,48.0,1,1,0.0
56,6,1165.2,235.1,157.0,279.6,1,1,1.0
56,7,1488.1,321.4,194.48000000000002,231.80000000000007,1,1,1.0
56,8,1650.4,360.59,34.909999999999854,27.82000000000005,1,1,0.0
57,9,1678.45,495.69,5.819999999999936,13.509999999999991,1,1,0.0
57,1,226.0,483.6,313.29999999999995,124.39999999999998,1,1,1.0
57,2,298.7,565.9,303.2,195.80000000000007,1,1,1.0
57,3,732.6,458.9,358.69999999999993,238.60000000000002,1,1,1.0
57,4,917.9,403.1,273.30000000000007,153.10000000000002,1,1,1.0
57,5,288.1,428.0,181.5,48.0,1,1,0.0
57,6,1165.2,232.0,157.0,346.0,1,1,1.0
57,7,1488.1,321.4,194.48000000000002,231.80000000000007,1,1,1.0
57,8,1651.06,360.45,34.25999999999999,27.54000000000002,1,1,0.0
58,9,1678.45,495.69,5.819999999999936,13.509999999999991,1,1,0.0
58,1,217.6,488.3,321.69999999999993,123.90000000000003,1,1,1.0
58,2,295.6,569.6,309.4,192.10000000000002,1,1,1.0
58,3,725.7,462.0,356.79999999999995,229.20000000000005,1,1,1.0
58,4,917.9,403.1,273.30000000000007,153.10000000000002,1,1,1.0
58,5,278.7,428.0,172.7,56.69999999999999,1,1,0.0
58,6,1166.71,229.0,147.99,354.27,1,1,1.0
58,7,1495.5,314.0,187.07999999999993,234.89999999999998,1,1,1.0
58,8,1651.71,360.32,33.61999999999989,27.25,1,1,0.0
59,9,1678.45,495.69,5.819999999999936,13.509999999999991,1,1,0.0
59,1,201.4,488.3,337.9,123.90000000000003,1,1,1.0
59,2,295.6,569.6,313.0,192.10000000000002,1,1,1.0
59,3,717.5,463.9,359.29999999999995,225.39999999999998,1,1,1.0
59,4,917.9,403.1,273.30000000000007,157.29999999999995,1,1,1.0
59,5,300.1,428.0,147.5,66.80000000000001,1,1,0.0
59,6,1178.8,250.2,134.4000000000001,337.59999999999997,1,1,1.0
59,7,1495.5,314.0,187.07999999999993,256.70000000000005,1,1,1.0
59,8,1652.37,360.18,32.97000000000003,26.96999999999997,1,1,0.0
60,9,1678.45,495.69,5.819999999999936,13.509999999999991,1,1,0.0
60,1,207.7,495.1,331.59999999999997,122.29999999999995,1,1,1.0
60,2,295.6,565.9,312.0,195.80000000000007,1,1,1.0
60,3,717.5,460.8,330.4000000000001,218.49999999999994,1,1,1.0
60,4,917.9,403.1,273.30000000000007,154.10000000000002,1,1,1.0
60,5,406.22,392.84,196.48000000000002,132.76000000000005,1,1,0.0
60,6,1196.1,306.7,198.5,275.8,1,1,1.0
60,7,1508.8,302.8,175.9000000000001,267.90000000000003,1,1,1.0
60,8,1653.02,360.04,32.32999999999993,26.69999999999999,1,1,0.0
61,9,1678.45,495.69,5.819999999999936,13.509999999999991,1,1,0.0
61,1,207.7,495.1,331.59999999999997,117.10000000000002,1,1,1.0
61,2,263.2,578.1,347.7,183.60000000000002,1,1,1.0
61,3,723.2,448.2,344.20000000000005,231.09999999999997,1,1,1.0
61,4,917.9,403.1,273.30000000000007,153.10000000000002,1,1,1.0
61,5,458.97,417.33,262.42999999999995,203.07,1,1,1.0
61,6,1174.2,327.0,220.39999999999986,255.5,1,1,1.0
61,7,1512.5,313.9,172.20000000000005,270.6,1,1,1.0
61,8,1653.68,359.91,31.679999999999836,26.409999999999968,1,1,0.0
62,9,1678.45,495.69,5.819999999999936,13.509999999999991,1,1,0.0
62,1,207.7,483.6,331.59999999999997,128.60000000000002,1,1,1.0
62,2,278.9,576.9,328.70000000000005,184.80000000000007,1,1,1.0
62,3,714.4,459.5,341.69999999999993,214.79999999999995,1,1,1.0
62,4,917.9,403.1,273.30000000000007,151.79999999999995,1,1,1.0
62,5,517.37,487.03,282.53,248.26999999999998,1,1,1.0
62,6,1163.7,345.8,203.79999999999995,247.99999999999994,1,1,1.0
62,7,1498.2,326.2,187.0,234.40000000000003,1,1,1.0
62,8,1654.33,359.77,31.039999999999964,26.129999999999995,1,1,0.0
63,9,1678.45,495.69,5.819999999999936,13.509999999999991,1,1,0.0
63,1,211.9,481.5,327.4,130.70000000000005,1,1,1.0
63,2,263.7,576.9,343.90000000000003,184.80000000000007,1,1,1.0
63,3,707.5,468.3,307.20000000000005,200.99999999999994,1,1,1.0
63,4,916.6,382.4,307.9,149.30000000000007,1,1,1.0
63,5,523.6,495.8,256.19999999999993,253.90000000000003,1,1,1.0
63,6,1163.7,348.4,198.5,273.30000000000007,1,1,1.0
63,7,1558.2,304.4,127.0,204.10000000000002,1,1,0.0
63,8,1654.99,359.63,30.3900000000001,25.850000000000023,1,1,0.0
64,9,1678.45,495.69,5.819999999999936,13.509999999999991,1,1,0.0
64,1,252.7,460.0,267.2,158.5,1,1,1.0
64,2,305.6,572.2,302.5,189.5,1,1,1.0
64,3,706.27,465.83,289.0,199.67000000000002,1,1,1.0
64,4,902.8,382.4,295.29999999999995,143.0,1,1,1.0
64,5,601.5,605.7,341.6,165.29999999999995,1,1,1.0
64,6,1163.7,345.8,197.70000000000005,263.8,1,1,1.0
64,7,1551.3,345.8,131.27999999999997,139.3,1,1,0.0
64,8,1655.64,359.5,29.75,25.560000000000002,1,1,0.0
65,9,1678.45,495.69,5.819999999999936,13.509999999999991,1,1,0.0
65,1,328.1,426.5,173.0,245.89999999999998,1,1,1.0
65,2,287.81,664.3,278.98999999999995,164.9000000000001,1,1,1.0
65,3,712.6,425.6,233.69999999999993,248.10000000000002,1,1,1.0
65,4,944.2,362.3,257.0,162.49999999999994,1,1,1.0
65,5,678.74,676.0,310.86,137.70000000000005,1,1,1.0
65,6,1174.2,341.3,204.5,260.8,1,1,1.0
65,7,1534.3,357.0,148.27999999999997,128.10000000000002,1,1,0.0
65,8,1656.3,359.36,29.100000000000136,25.289999999999964,1,1,0.0
66,9,1678.45,495.69,5.819999999999936,13.509999999999991,1,1,0.0
66,1,368.8,402.43,202.94,276.77000000000004,1,1,1.0
66,2,311.9,715.1,275.83000000000004,124.56999999999994,1,1,1.0
66,3,726.4,453.2,218.60000000000002,268.2,1,1,1.0
66,4,1037.1,283.2,167.9000000000001,273.59999999999997,1,1,1.0
66,5,723.95,628.9,303.3499999999999,194.22000000000003,1,1,1.0
66,6,1216.5,397.1,250.4000000000001,227.60000000000002,1,1,1.0
66,7,1535.4,360.5,148.89999999999986,128.5,1,1,0.0
66,8,1656.95,359.22,28.460000000000036,25.00999999999999,1,1,0.0
67,9,1678.45,495.69,5.819999999999936,13.509999999999991,1,1,0.0
67,1,350.0,420.7,320.6,157.50000000000006,1,1,1.0
67,2,322.37,695.74,293.63,142.86,1,1,1.0
67,3,737.1,453.2,212.89999999999998,303.40000000000003,1,1,1.0
67,4,1037.1,242.4,146.5,293.70000000000005,1,1,1.0
67,5,727.1,647.1,291.4,190.5,1,1,1.0
67,6,1216.5,413.7,271.5,203.50000000000006,1,1,1.0
67,7,1529.0,360.9,153.57999999999993,133.3,1,1,0.0
67,8,1657.61,359.08,27.810000000000173,24.730000000000018,1,1,0.0
68,9,1678.45,495.69,5.819999999999936,13.509999999999991,1,1,0.0
68,1,356.3,433.8,324.2,155.40000000000003,1,1,1.0
68,2,350.62,681.61,299.38,142.86,1,1,1.0
68,3,741.5,435.6,201.0,324.79999999999995,1,1,1.0
68,4,1029.0,247.4,154.5999999999999,300.0,1,1,1.0
68,5,741.5,600.0,277.0,254.60000000000002,1,1,1.0
68,6,1216.5,412.7,271.5,204.50000000000006,1,1,1.0
68,7,1534.97,360.9,149.73000000000002,129.0,1,1,0.0
68,8,1658.26,358.95,27.170000000000073,24.439999999999998,1,1,0.0
69,9,1678.45,495.69,5.819999999999936,13.509999999999991,1,1,0.0
69,1,356.3,438.5,357.2,122.39999999999998,1,1,1.0
69,2,331.3,682.13,317.12999999999994,142.87,1,1,1.0
69,3,745.3,444.4,197.20000000000005,313.5,1,1,1.0
69,4,887.1,244.3,281.4,177.5,1,1,1.0
69,5,882.16,445.5,352.34000000000003,232.01999999999998,1,1,1.0
69,6,1207.5,412.9,294.0999999999999,205.80000000000007,1,1,1.0
69,7,1539.23,361.33,145.47000000000003,136.37,1,1,0.0
69,8,1658.92,358.81,26.519999999999982,24.170000000000016,1,1,0.0
70,9,1678.45,495.69,5.819999999999936,13.509999999999991,1,1,0.0
70,1,352.6,438.5,340.5,118.70000000000005,1,1,1.0
70,2,323.5,686.3,322.79999999999995,156.0,1,1,1.0
70,3,745.3,460.7,197.20000000000005,297.2,1,1,1.0
70,4,867.0,255.0,284.5,149.2,1,1,1.0
70,5,1102.56,326.2,385.03999999999996,122.75,1,1,1.0
70,6,1302.4,421.9,227.0999999999999,223.20000000000005,1,1,1.0
70,7,1537.8,354.0,146.60000000000014,131.10000000000002,1,1,0.0
70,8,1659.57,358.67,25.88000000000011,23.889999999999986,1,1,0.0
71,9,1678.45,495.69,5.819999999999936,13.509999999999991,1,1,0.0
71,1,347.4,438.5,345.70000000000005,115.60000000000002,1,1,1.0
71,2,296.3,686.3,353.09999999999997,156.0,1,1,1.0
71,3,751.0,463.8,221.0,295.99999999999994,1,1,1.0
71,4,858.8,255.0,290.20000000000005,149.2,1,1,1.0
71,5,1544.63,461.83,138.26999999999998,280.96999999999997,1,1,0.0
71,6,1305.4,443.8,279.0999999999999,234.49999999999994,1,1,1.0
71,7,1534.4,347.9,148.19999999999982,142.60000000000002,1,1,0.0
71,8,1660.23,358.54,25.230000000000018,23.599999999999966,1,1,0.0
72,9,1678.45,495.69,5.819999999999936,13.509999999999991,1,1,0.0
72,1,347.4,433.3,336.30000000000007,120.80000000000001,1,1,1.0
72,2,298.4,683.2,353.1,158.5999999999999,1,1,1.0
72,3,751.0,451.9,192.70000000000005,307.9,1,1,1.0
72,4,784.7,255.0,364.29999999999995,134.10000000000002,1,1,1.0
72,5,1616.2,503.9,66.70000000000005,280.30000000000007,1,1,0.0
72,6,1309.9,443.8,263.29999999999995,234.49999999999994,1,1,1.0
72,7,1536.81,343.0,146.99,139.60000000000002,1,1,0.0
72,8,1660.88,358.4,24.589999999999918,23.32000000000005,1,1,0.0
73,9,1678.45,495.69,5.819999999999936,13.509999999999991,1,1,0.0
73,1,347.4,433.3,336.30000000000007,120.80000000000001,1,1,1.0
73,2,319.3,679.5,325.40000000000003,162.29999999999995,1,1,1.0
73,3,751.0,443.7,192.70000000000005,316.09999999999997,1,1,1.0
73,4,777.8,255.0,322.20000000000005,141.60000000000002,1,1,1.0
73,5,1571.6,516.5,111.30000000000018,312.9,1,1,1.0
73,6,1309.9,443.8,266.29999999999995,231.49999999999994,1,1,1.0
73,7,1535.0,337.8,148.5,142.09999999999997,1,1,0.0
73,8,1661.54,358.26,23.940000000000055,23.05000000000001,1,1,0.0
74,9,1678.45,495.69,5.819999999999936,13.509999999999991,1,1,0.0
74,1,347.4,433.3,336.30000000000007,120.80000000000001,1,1,1.0
74,2,312.5,683.2,329.6,158.5999999999999,1,1,1.0
74,3,753.8,454.05,189.9000000000001,303.05,1,1,1.0
74,4,745.8,258.8,345.4000000000001,151.59999999999997,1,1,1.0
74,5,1554.0,541.0,133.9000000000001,303.5,1,1,1.0
74,6,1309.9,448.0,236.89999999999986,270.29999999999995,1,1,1.0
74,7,1534.7,338.4,150.0,141.8,1,1,0.0
74,8,1662.19,358.12,23.299999999999955,22.769999999999982,1,1,0.0
75,9,1678.45,495.69,5.819999999999936,13.509999999999991,1,1,0.0
75,1,347.4,433.3,353.0,129.2,1,1,1.0
75,2,307.2,685.3,337.00000000000006,156.5,1,1,1.0
75,3,761.7,464.4,182.0,294.1,1,1,1.0
75,4,745.8,277.6,341.0,140.29999999999995,1,1,1.0
75,5,1554.0,541.0,133.9000000000001,303.5,1,1,1.0
75,6,1309.9,443.8,242.19999999999982,254.90000000000003,1,1,1.0
75,7,1530.49,331.8,151.51,153.8,1,1,0.0
75,8,1662.85,357.99,22.65000000000009,22.480000000000018,1,1,0.0
76,9,1678.45,495.69,5.819999999999936,13.509999999999991,1,1,0.0
76,1,349.5,433.3,363.5,129.2,1,1,1.0
76,2,319.8,685.3,326.99999999999994,156.5,1,1,1.0
76,3,768.6,464.4,171.29999999999995,296.6,1,1,1.0
76,4,745.8,283.3,334.70000000000005,142.09999999999997,1,1,1.0
76,5,1539.6,579.3,148.30000000000018,269.0,1,1,1.0
76,6,1306.3,442.2,231.79999999999995,270.09999999999997,1,1,1.0
76,7,1531.09,341.5,152.71000000000004,140.5,1,1,0.0
76,8,1663.5,357.85,22.00999999999999,22.19999999999999,1,1,0.0
77,9,1678.45,495.69,5.819999999999936,13.509999999999991,1,1,0.0
77,1,351.1,433.3,345.69999999999993,129.2,1,1,1.0
77,2,315.1,685.3,331.69999999999993,156.5,1,1,1.0
77,3,777.9,464.4,157.60000000000002,290.9,1,1,1.0
77,4,762.1,287.1,318.4,138.29999999999995,1,1,1.0
77,5,1469.3,622.6,216.70000000000005,212.79999999999995,1,1,1.0
77,6,1306.1,443.0,229.4000000000001,270.0,1,1,1.0
77,7,1531.7,346.3,152.0999999999999,135.09999999999997,1,1,0.0
77,8,1664.16,357.71,21.3599999999999,21.930000000000007,1,1,0.0
78,9,1678.45,495.69,5.819999999999936,13.509999999999991,1,1,0.0
78,1,354.8,430.2,346.7,135.40000000000003,1,1,1.0
78,2,322.4,685.3,324.4,156.5,1,1,1.0
78,3,778.0,460.6,157.5,297.9,1,1,1.0
78,4,780.3,287.1,300.20000000000005,142.09999999999997,1,1,1.0
78,5,1467.5,682.9,212.79999999999995,166.70000000000005,1,1,1.0
78,6,1304.5,445.5,231.0,267.5,1,1,1.0
78,7,1532.0,354.6,152.4000000000001,126.79999999999995,1,1,0.0
78,8,1664.81,357.58,20.720000000000027,21.640000000000043,1,1,0.0
79,9,1678.45,495.69,5.819999999999936,13.509999999999991,1,1,0.0
79,1,371.5,423.9,325.79999999999995,173.10000000000002,1,1,1.0
79,2,348.0,659.1,298.79999999999995,182.69999999999993,1,1,1.0
79,3,773.0,460.6,166.89999999999998,297.29999999999995,1,1,1.0
79,4,780.3,287.1,300.20000000000005,142.09999999999997,1,1,1.0
79,5,1378.88,644.6,302.02,142.19999999999993,1,1,1.0
79,6,1302.1,450.5,224.4000000000001,211.0,1,1,1.0
79,7,1539.6,366.2,145.10000000000014,114.90000000000003,1,1,0.0
79,8,1665.47,357.44,20.069999999999936,21.360000000000014,1,1,0.0
80,9,1678.45,495.69,5.819999999999936,13.509999999999991,1,1,0.0
80,1,426.44,437.5,279.26000000000005,230.10000000000002,1,1,1.0
80,2,351.1,663.3,295.69999999999993,178.5,1,1,1.0
80,3,773.0,452.4,166.89999999999998,305.5,1,1,1.0
80,4,780.3,287.1,293.29999999999995,142.09999999999997,1,1,1.0
80,5,1317.97,593.73,317.73,191.76999999999998,1,1,1.0
80,6,1299.3,455.0,272.4000000000001,200.70000000000005,1,1,1.0
80,7,1561.8,376.1,122.90000000000009,105.29999999999995,1,1,0.0
80,8,1666.12,357.3,19.430000000000064,21.079999999999984,1,1,0.0
81,9,1678.45,495.69,5.819999999999936,13.509999999999991,1,1,0.0
81,1,433.8,437.5,270.90000000000003,244.79999999999995,1,1,1.0
81,2,328.1,672.2,318.69999999999993,177.39999999999998,1,1,1.0
81,3,766.1,452.4,176.29999999999995,301.1,1,1,1.0
81,4,780.3,287.1,293.29999999999995,147.79999999999995,1,1,1.0
81,5,1238.23,534.71,330.8699999999999,203.08999999999992,1,1,1.0
81,6,1327.9,452.7,286.79999999999995,190.90000000000003,1,1,1.0
81,7,1563.01,377.61,122.58999999999992,103.19,1,1,0.0
81,8,1666.78,357.16,18.779999999999973,20.799999999999955,1,1,0.0
82,9,1678.45,495.69,5.819999999999936,13.509999999999991,1,1,0.0
82,1,437.5,441.2,290.20000000000005,236.90000000000003,1,1,1.0
82,2,327.6,654.9,319.19999999999993,195.20000000000005,1,1,1.0
82,3,763.6,466.2,178.79999999999995,280.40000000000003,1,1,1.0
82,4,780.3,290.6,293.29999999999995,144.29999999999995,1,1,1.0
82,5,1133.36,423.56,299.44000000000005,236.33999999999997,1,1,1.0
82,6,1388.18,507.71,295.1199999999999,168.29000000000002,1,1,1.0
82,7,1559.7,376.4,125.0,104.40000000000003,1,1,0.0
82,8,1667.43,357.03,18.139999999999873,20.52000000000004,1,1,0.0
83,9,1678.45,495.69,5.819999999999936,13.509999999999991,1,1,0.0
83,1,446.4,441.2,301.20000000000005,241.09999999999997,1,1,1.0
83,2,305.6,683.2,339.1,169.5999999999999,1,1,1.0
83,3,759.8,466.2,185.10000000000002,278.50000000000006,1,1,1.0
83,4,766.5,287.1,302.0799999999999,151.59999999999997,1,1,1.0
83,5,1088.15,365.8,299.4399999999998,228.17000000000002,1,1,1.0
83,6,1397.2,505.4,294.39999999999986,188.70000000000005,1,1,1.0
83,7,1542.0,376.7,142.4000000000001,104.69999999999999,1,1,0.0
83,8,1668.09,356.89,17.49000000000001,20.24000000000001,1,1,0.0
84,9,1678.45,495.69,5.819999999999936,13.509999999999991,1,1,0.0
84,1,447.4,453.8,282.9,220.7,1,1,1.0
84,2,305.6,683.2,339.1,165.39999999999998,1,1,1.0
84,3,754.1,466.2,190.79999999999995,273.50000000000006,1,1,1.0
84,4,726.3,294.0,342.28,157.3,1,1,1.0
84,5,1096.3,325.0,205.9000000000001,310.4,1,1,1.0
84,6,1390.4,503.3,265.79999999999995,199.8,1,1,1.0
84,7,1543.2,391.6,142.08999999999992,102.19999999999999,1,1,0.0
84,8,1668.74,356.75,16.84999999999991,19.95999999999998,1,1,0.0
85,9,1678.45,495.69,5.819999999999936,13.509999999999991,1,1,0.0
85,1,439.0,439.1,247.29999999999995,259.5,1,1,1.0
85,2,305.6,683.2,339.1,165.39999999999998,1,1,1.0
85,3,730.9,453.9,256.6,283.9,1,1,1.0
85,4,702.4,297.1,356.80000000000007,162.39999999999998,1,1,1.0
85,5,1072.44,343.2,212.15999999999985,252.01000000000005,1,1,1.0
85,6,1390.4,499.7,265.79999999999995,203.40000000000003,1,1,1.0
85,7,1536.8,387.69,147.28999999999996,108.20999999999998,1,1,0.0
85,8,1669.4,356.62,16.199999999999818,19.670000000000016,1,1,0.0
86,9,1678.45,495.69,5.819999999999936,13.509999999999991,1,1,0.0
86,1,461.5,477.3,289.20000000000005,270.49999999999994,1,1,1.0
86,2,305.6,680.1,339.1,168.39999999999998,1,1,1.0
86,3,734.7,425.3,249.69999999999993,315.59999999999997,1,1,1.0
86,4,604.44,370.3,287.05999999999995,157.64000000000004,1,1,1.0
86,5,1083.1,324.4,195.20000000000005,262.0,1,1,1.0
86,6,1385.9,496.4,290.6999999999998,222.5,1,1,1.0
86,7,1531.0,386.18,153.08999999999992,107.62,1,1,0.0
86,8,1670.05,356.48,15.559999999999945,19.399999999999977,1,1,0.0
87,9,1678.45,495.69,5.819999999999936,13.509999999999991,1,1,0.0
87,1,464.6,521.3,295.0,228.60000000000002,1,1,1.0
87,2,313.5,680.1,331.20000000000005,164.79999999999995,1,1,1.0
87,3,747.9,421.6,217.10000000000002,330.0,1,1,1.0
87,4,604.44,379.4,290.8599999999999,144.10000000000002,1,1,1.0
87,5,1080.0,323.1,214.5999999999999,310.4,1,1,1.0
87,6,1388.5,496.4,271.0,254.89999999999998,1,1,1.0
87,7,1528.3,377.59,154.58000000000015,115.01000000000005,1,1,0.0
87,8,1670.71,356.34,14.899999999999864,19.120000000000005,1,1,0.0
88,9,1678.45,495.69,5.819999999999936,13.509999999999991,1,1,0.0
88,1,452.6,507.7,294.4,238.00000000000006,1,1,1.0
88,2,313.5,680.1,331.20000000000005,164.79999999999995,1,1,1.0
88,3,754.2,427.9,193.79999999999995,321.80000000000007,1,1,1.0
88,4,582.5,363.1,312.79999999999995,142.79999999999995,1,1,1.0
88,5,1039.81,279.1,186.3900000000001,339.3299999999999,1,1,1.0
88,6,1532.08,528.5,149.12000000000012,298.79999999999995,1,1,1.0
88,7,1595.5,388.2,87.07999999999993,90.5,1,1,0.0
88,8,1671.36,356.21,14.259999999999991,18.83000000000004,1,1,0.0
89,9,1678.45,495.69,5.819999999999936,13.509999999999991,1,1,0.0
89,1,452.6,487.3,238.89999999999998,289.8,1,1,1.0
89,2,313.5,680.1,331.20000000000005,170.0,1,1,1.0
89,3,751.7,443.6,219.5999999999999,265.9,1,1,1.0
89,4,580.0,365.7,300.20000000000005,135.8,1,1,1.0
89,5,1076.9,265.9,144.29999999999995,352.53,1,1,1.0
89,6,1514.8,536.3,154.9000000000001,294.9000000000001,1,1,1.0
89,7,1673.6,388.2,8.980000000000018,90.5,1,1,0.0
89,8,1672.02,356.07,13.610000000000127,18.55000000000001,1,1,0.0
90,9,1678.45,495.69,5.819999999999936,13.509999999999991,1,1,0.0
90,1,469.3,485.2,205.49999999999994,271.50000000000006,1,1,1.0
90,2,328.7,682.2,316.00000000000006,171.0,1,1,1.0
90,3,754.2,419.1,240.89999999999998,245.79999999999995,1,1,1.0
90,4,585.7,375.7,257.5,136.50000000000006,1,1,1.0
90,5,1076.9,245.8,129.89999999999986,291.59999999999997,1,1,1.0
90,6,1514.8,557.4,139.10000000000014,278.0,1,1,1.0
90,7,1673.56,383.36,8.990000000000009,88.27999999999997,1,1,0.0
90,8,1672.67,355.93,12.970000000000027,18.279999999999973,1,1,0.0
91,9,1678.45,495.69,5.819999999999936,13.509999999999991,1,1,0.0
91,1,490.8,496.7,197.59999999999997,276.7,1,1,1.0
91,2,351.2,682.2,289.3,170.0,1,1,1.0
91,3,749.8,417.8,240.30000000000007,222.59999999999997,1,1,1.0
91,4,590.7,369.4,253.0999999999999,146.60000000000002,1,1,1.0
91,5,1076.9,245.8,129.89999999999986,287.40000000000003,1,1,1.0
91,6,1514.8,549.9,129.29999999999995,273.80000000000007,1,1,1.0
91,7,1673.51,378.52,9.019999999999982,86.06,1,1,0.0
91,8,1673.33,355.79,12.320000000000164,18.0,1,1,0.0
92,9,1678.45,495.69,5.819999999999936,13.509999999999991,1,1,0.0
92,1,479.8,508.2,208.59999999999997,265.2,1,1,1.0
92,2,324.5,682.2,316.0,167.39999999999998,1,1,1.0
92,3,750.4,417.8,246.0,215.09999999999997,1,1,1.0
92,4,615.8,343.0,222.30000000000007,181.20000000000005,1,1,1.0
92,5,1072.7,233.9,132.20000000000005,350.30000000000007,1,1,1.0
92,6,1510.1,558.9,134.0,273.80000000000007,1,1,1.0
92,7,1673.47,373.68,9.029999999999973,83.83999999999997,1,1,0.0
92,8,1673.98,355.66,11.680000000000064,17.70999999999998,1,1,0.0
93,9,1678.45,495.69,5.819999999999936,13.509999999999991,1,1,0.0
93,1,474.57,514.48,212.82999999999998,255.81999999999994,1,1,1.0
93,2,310.9,684.8,333.80000000000007,164.80000000000007,1,1,1.0
93,3,745.4,422.2,256.70000000000005,210.7,1,1,1.0
93,4,696.2,312.9,160.0999999999999,255.89999999999998,1,1,1.0
93,5,1049.3,239.6,134.29999999999995,395.1,1,1,1.0
93,6,1503.5,558.9,140.5999999999999,300.9,1,1,1.0
93,7,1673.42,368.84,9.049999999999955,81.63000000000005,1,1,0.0
93,8,1674.64,355.52,11.029999999999973,17.430000000000007,1,1,0.0
94,9,1678.45,495.69,5.819999999999936,13.509999999999991,1,1,0.0
94,1,467.2,527.0,220.2,243.29999999999995,1,1,1.0
94,2,310.9,683.2,333.80000000000007,170.0,1,1,1.0
94,3,747.9,424.7,249.20000000000005,210.09999999999997,1,1,1.0
94,4,693.69,289.7,254.90999999999997,214.42000000000002,1,1,1.0
94,5,1049.3,239.6,125.5,377.5,1,1,1.0
94,6,1503.5,557.4,136.0999999999999,326.5,1,1,1.0
94,7,1673.38,364.01,9.059999999999945,79.40000000000003,1,1,0.0
94,8,1675.29,355.38,10.3900000000001,17.160000000000025,1,1,0.0
95,9,1678.45,495.69,5.819999999999936,13.509999999999991,1,1,0.0
95,1,462.0,533.3,225.39999999999998,227.10000000000002,1,1,1.0
95,2,294.2,685.8,350.50000000000006,166.9000000000001,1,1,1.0
95,3,747.9,424.7,255.5,210.09999999999997,1,1,1.0
95,4,727.0,270.2,246.70000000000005,186.2,1,1,1.0
95,5,1058.1,233.3,123.60000000000014,373.40000000000003,1,1,1.0
95,6,1503.5,552.9,136.0999999999999,281.30000000000007,1,1,1.0
95,7,1673.33,359.17,9.090000000000146,77.18,1,1,0.0
95,8,1675.95,355.25,9.740000000000009,16.870000000000005,1,1,0.0
96,9,1678.45,495.69,5.819999999999936,13.509999999999991,1,1,0.0
96,1,455.7,529.6,251.59999999999997,270.0,1,1,1.0
96,2,331.36,677.9,314.9,167.5,1,1,1.0
96,3,748.5,424.7,254.89999999999998,202.59999999999997,1,1,1.0
96,4,727.0,283.4,254.89999999999998,160.5,1,1,1.0
96,5,1064.4,233.3,123.59999999999991,396.40000000000003,1,1,1.0
96,6,1498.2,576.3,176.79999999999995,267.70000000000005,1,1,1.0
96,7,1673.29,354.33,9.100000000000136,74.96000000000004,1,1,0.0
96,8,1676.6,355.11,9.100000000000136,16.589999999999975,1,1,0.0
97,9,1678.45,495.69,5.819999999999936,13.509999999999991,1,1,0.0
97,1,445.8,534.3,262.49999999999994,265.30000000000007,1,1,1.0
97,2,336.1,664.9,308.6,180.0,1,1,1.0
97,3,751.0,327.4,243.0,304.9,1,1,1.0
97,4,728.9,283.4,249.89999999999998,168.60000000000002,1,1,1.0
97,5,1064.4,233.3,123.59999999999991,366.90000000000003,1,1,1.0
97,6,1466.55,587.6,203.95000000000005,214.19999999999993,1,1,1.0
97,7,1673.24,349.49,9.11999999999989,72.74000000000001,1,1,0.0
97,8,1621.0,279.9,64.20000000000005,127.5,1,1,0.0
98,9,1678.45,495.69,5.819999999999936,13.509999999999991,1,1,0.0
98,1,440.0,563.6,345.20000000000005,180.0,1,1,1.0
98,2,336.1,664.9,308.6,180.0,1,1,1.0
98,3,773.6,351.9,220.39999999999998,313.70000000000005,1,1,1.0
98,4,728.9,283.4,249.89999999999998,168.60000000000002,1,1,1.0
98,5,1066.9,229.5,125.29999999999995,383.9,1,1,1.0
98,6,1425.11,506.22,223.49,242.88,1,1,1.0
98,7,1673.2,344.65,9.129999999999882,70.52000000000004,1,1,0.0
98,8,1601.5,317.4,83.70000000000005,141.10000000000002,1,1,0.0
99,9,1678.45,495.69,5.819999999999936,13.509999999999991,1,1,0.0
99,1,377.73,565.17,297.06999999999994,141.23000000000002,1,1,1.0
99,2,330.3,674.8,314.40000000000003,170.10000000000002,1,1,1.0
99,3,759.8,403.4,270.60000000000014,252.80000000000007,1,1,1.0
99,4,728.9,283.4,249.89999999999998,168.60000000000002,1,1,1.0
99,5,1066.9,229.5,121.09999999999991,388.29999999999995,1,1,1.0
99,6,1427.37,393.19,181.33000000000015,325.81,1,1,1.0
99,7,1673.15,339.81,9.159999999999854,68.30000000000001,1,1,0.0
99,8,1584.23,328.03,99.20000000000005,141.09000000000003,1,1,0.0
100,9,1678.45,495.69,5.819999999999936,13.509999999999991,1,1,0.0
100,1,396.04,519.6,319.56,180.51999999999998,1,1,1.0
100,2,330.3,674.8,314.40000000000003,170.10000000000002,1,1,1.0
100,3,735.3,423.5,317.70000000000005,219.5,1,1,1.0
100,4,728.9,283.4,249.89999999999998,168.60000000000002,1,1,1.0
100,5,1066.9,234.5,121.09999999999991,375.79999999999995,1,1,1.0
100,6,1397.23,368.3,161.76999999999998,267.8,1,1,1.0
100,7,1673.11,334.97,9.170000000000073,66.08999999999997,1,1,0.0
100,8,1570.5,328.03,112.93000000000006,141.09000000000003,1,1,0.0
101,9,1678.45,495.69,5.819999999999936,13.509999999999991,1,1,0.0
101,1,401.8,519.1,331.09999999999997,173.69999999999993,1,1,1.0
101,2,330.3,674.8,314.40000000000003,165.4000000000001,1,1,1.0
101,3,726.5,424.8,332.79999999999995,212.49999999999994,1,1,1.0
101,4,728.9,283.4,249.89999999999998,168.60000000000002,1,1,1.0
101,5,1066.9,237.0,126.09999999999991,377.70000000000005,1,1,1.0
101,6,1397.23,326.1,155.76999999999998,291.9,1,1,1.0
101,7,1673.06,330.13,9.190000000000055,63.870000000000005,1,1,0.0
101,8,1558.1,299.7,125.33000000000015,169.42000000000002,1,1,0.0
102,9,1678.45,495.69,5.819999999999936,13.509999999999991,1,1,0.0
102,1,401.8,522.2,319.09999999999997,170.5999999999999,1,1,1.0
102,2,330.3,674.8,314.40000000000003,168.5,1,1,1.0
102,3,729.6,394.0,313.9999999999999,251.5,1,1,1.0
102,4,728.9,283.4,249.89999999999998,168.60000000000002,1,1,1.0
102,5,1054.3,252.1,131.20000000000005,316.1,1,1,1.0
102,6,1397.23,326.1,155.76999999999998,282.1,1,1,1.0
102,7,1673.02,325.29,9.210000000000036,61.64999999999998,1,1,0.0
102,8,1539.5,320.5,143.93000000000006,143.3,1,1,1.0
103,9,1678.45,495.69,5.819999999999936,13.509999999999991,1,1,0.0
103,1,401.8,529.0,349.99999999999994,163.79999999999995,1,1,1.0
103,2,336.58,661.62,307.12000000000006,185.38,1,1,1.0
103,3,732.7,422.9,286.4,233.89999999999998,1,1,1.0
103,4,724.5,283.4,254.29999999999995,167.60000000000002,1,1,1.0
103,5,1054.3,249.0,131.20000000000005,309.20000000000005,1,1,1.0
103,6,1397.23,326.1,155.76999999999998,282.1,1,1,1.0
103,7,1672.97,320.45,9.230000000000018,59.43000000000001,1,1,0.0
103,8,1527.1,316.5,158.10000000000014,147.3,1,1,1.0
104,9,1678.45,495.69,5.819999999999936,13.509999999999991,1,1,0.0
104,1,404.4,529.0,345.30000000000007,159.10000000000002,1,1,1.0
104,2,387.86,624.5,172.53999999999996,250.29999999999995,1,1,1.0
104,3,737.7,423.5,297.70000000000005,241.5,1,1,1.0
104,4,728.9,283.4,249.89999999999998,168.60000000000002,1,1,1.0
104,5,1063.1,244.0,136.80000000000018,304.20000000000005,1,1,1.0
104,6,1397.23,332.1,155.76999999999998,276.1,1,1,1.0
104,7,1672.93,315.62,9.240000000000009,57.19999999999999,1,1,0.0
104,8,1492.3,328.9,191.1300000000001,134.90000000000003,1,1,1.0
105,9,1678.45,495.69,5.819999999999936,13.509999999999991,1,1,0.0
105,1,404.4,529.0,353.1,159.10000000000002,1,1,1.0
105,2,422.38,661.16,134.91999999999996,239.84000000000003,1,1,1.0
105,3,732.7,423.5,299.5999999999999,234.0,1,1,1.0
105,4,725.3,283.4,253.5,166.8,1,1,1.0
105,5,1061.84,282.93,248.56000000000017,245.17000000000002,1,1,1.0
105,6,1401.0,335.1,155.0,263.29999999999995,1,1,1.0
105,7,1672.88,310.78,9.259999999999991,54.98000000000002,1,1,0.0
105,8,1505.8,328.9,177.6300000000001,134.90000000000003,1,1,1.0
106,9,1678.45,495.69,5.819999999999936,13.509999999999991,1,1,0.0
106,1,398.6,519.6,324.9,159.10000000000002,1,1,1.0
106,2,479.95,680.5,288.84999999999997,203.19000000000005,1,1,1.0
106,3,734.6,392.1,273.19999999999993,262.29999999999995,1,1,1.0
106,4,728.9,283.4,251.0,168.60000000000002,1,1,1.0
106,5,1108.31,336.3,371.59000000000015,166.68,1,1,1.0
106,6,1405.5,335.1,154.29999999999995,266.29999999999995,1,1,1.0
106,7,1672.84,305.94,9.279999999999973,52.75999999999999,1,1,0.0
106,8,1494.7,328.9,191.29999999999995,134.90000000000003,1,1,1.0
107,9,1678.45,495.69,5.819999999999936,13.509999999999991,1,1,0.0
107,1,412.2,510.2,334.3,162.7,1,1,1.0
107,2,528.1,687.8,305.6,191.20000000000005,1,1,1.0
107,3,749.0,425.4,297.70000000000005,240.30000000000007,1,1,1.0
107,4,724.9,283.4,253.89999999999998,167.10000000000002,1,1,1.0
107,5,1117.7,336.3,344.0,161.0,1,1,1.0
107,6,1405.5,332.85,154.29999999999995,268.54999999999995,1,1,1.0
107,7,1672.79,301.1,9.299999999999955,50.539999999999964,1,1,0.0
107,8,1514.2,328.9,170.0999999999999,134.90000000000003,1,1,1.0
108,9,1678.45,495.69,5.819999999999936,13.509999999999991,1,1,0.0
108,1,409.1,514.4,321.69999999999993,158.5,1,1,1.0
108,2,513.4,694.6,343.30000000000007,141.0,1,1,1.0
108,3,781.0,397.1,353.0,208.89999999999998,1,1,1.0
108,4,724.9,285.2,256.7900000000001,166.40000000000003,1,1,1.0
108,5,1102.6,359.5,342.10000000000014,137.8,1,1,1.0
108,6,1405.5,330.6,154.29999999999995,270.79999999999995,1,1,1.0
108,7,1672.75,296.26,9.309999999999945,48.329999999999984,1,1,0.0
108,8,1536.3,328.9,147.55999999999995,134.90000000000003,1,1,1.0
109,9,1678.45,495.69,5.819999999999936,13.509999999999991,1,1,0.0
109,1,407.0,474.6,299.70000000000005,198.29999999999995,1,1,1.0
109,2,505.0,677.3,357.5,185.5,1,1,1.0
109,3,860.12,393.33,369.2800000000001,141.67000000000002,1,1,1.0
109,4,726.0,285.2,254.60000000000002,163.60000000000002,1,1,1.0
109,5,1124.6,319.3,331.4000000000001,178.0,1,1,1.0
109,6,1405.5,330.6,154.29999999999995,270.79999999999995,1,1,1.0
109,7,1672.7,291.42,9.329999999999927,46.10999999999996,1,1,0.0
109,8,1534.1,328.9,149.33000000000015,134.90000000000003,1,1,1.0
110,9,1678.45,495.69,5.819999999999936,13.509999999999991,1,1,0.0
110,1,434.7,451.6,262.59999999999997,226.0,1,1,1.0
110,2,505.0,684.6,355.4,158.29999999999995,1,1,1.0
110,3,980.06,419.71,404.44000000000005,148.58999999999997,1,1,1.0
110,4,723.1,283.76,258.59000000000003,162.44,1,1,1.0
110,5,1136.5,311.8,316.4000000000001,179.8,1,1,1.0
110,6,1405.5,330.6,154.29999999999995,270.79999999999995,1,1,1.0
110,7,1672.66,286.58,9.349999999999909,43.89000000000004,1,1,0.0
110,8,1536.3,279.3,147.1300000000001,184.5,1,1,1.0
111,9,1678.45,495.69,5.819999999999936,13.509999999999991,1,1,0.0
111,1,464.5,463.6,228.10000000000002,233.39999999999998,1,1,1.0
111,2,501.9,684.6,357.5,177.10000000000002,1,1,1.0
111,3,1115.69,431.01,328.51,214.49,1,1,1.0
111,4,718.6,284.12,263.52,166.57999999999998,1,1,1.0
111,5,1165.38,289.82,283.1199999999999,192.98000000000002,1,1,1.0
111,6,1405.5,330.6,154.29999999999995,270.79999999999995,1,1,1.0
111,7,1672.61,281.74,9.370000000000118,41.670000000000016,1,1,0.0
111,8,1519.7,209.4,163.73000000000002,254.4,1,1,1.0
112,9,1678.45,495.69,5.819999999999936,13.509999999999991,1,1,0.0
112,1,464.5,463.6,228.10000000000002,233.39999999999998,1,1,1.0
112,2,496.7,697.2,311.90000000000003,131.0,1,1,1.0
112,3,1211.13,466.8,315.3699999999999,255.90000000000003,1,1,1.0
112,4,722.2,284.48,259.54999999999995,161.51999999999998,1,1,1.0
112,5,1198.04,309.92,302.55999999999995,239.47999999999996,1,1,1.0
112,6,1405.5,295.9,165.5999999999999,307.80000000000007,1,1,1.0
112,7,1672.57,276.9,9.38000000000011,39.450000000000045,1,1,0.0
112,8,1521.5,195.7,161.93000000000006,268.1,1,1,1.0
113,9,1678.45,495.69,5.819999999999936,13.509999999999991,1,1,0.0
113,1,471.8,454.2,220.8,245.90000000000003,1,1,1.0
113,2,535.9,660.0,301.4,195.89999999999998,1,1,1.0
113,3,1357.44,562.25,221.15999999999985,257.75,1,1,1.0
113,4,720.8,283.4,261.68000000000006,166.20000000000005,1,1,1.0
113,5,1277.79,351.36,258.6100000000001,244.53999999999996,1,1,1.0
113,6,1405.5,295.9,192.70000000000005,286.70000000000005,1,1,1.0
113,7,1672.52,272.06,9.400000000000091,37.23000000000002,1,1,0.0
113,8,1529.7,217.8,153.73000000000002,239.39999999999998,1,1,1.0
114,9,1678.45,495.69,5.819999999999936,13.509999999999991,1,1,0.0
114,1,471.8,462.5,220.8,232.39999999999998,1,1,1.0
114,2,675.1,541.2,297.79999999999995,278.5999999999999,1,1,1.0
114,3,1378.2,641.4,213.0,190.5,1,1,1.0
114,4,725.1,284.12,255.56999999999994,164.07999999999998,1,1,1.0
114,5,1331.79,484.48,298.80999999999995,172.31999999999994,1,1,1.0
114,6,1395.0,338.5,218.29999999999995,225.29999999999995,1,1,1.0
114,7,1672.48,267.23,9.420000000000073,35.0,1,1,0.0
114,8,1515.0,234.6,168.43000000000006,222.6,1,1,1.0
115,9,1678.45,495.69,5.819999999999936,13.509999999999991,1,1,0.0
115,1,469.7,451.5,222.90000000000003,245.5,1,1,1.0
115,2,780.8,462.7,212.0,339.3,1,1,1.0
115,3,1392.8,641.4,184.0,188.60000000000002,1,1,1.0
115,4,724.4,286.74,255.36,162.15999999999997,1,1,1.0
115,5,1389.56,485.11,317.6400000000001,196.18999999999994,1,1,1.0
115,6,1395.0,320.0,218.29999999999995,243.79999999999995,1,1,1.0
115,7,1672.43,262.39,9.439999999999827,32.79000000000002,1,1,0.0
115,8,1516.3,227.1,167.1300000000001,217.70000000000002,1,1,1.0
116,9,1678.45,495.69,5.819999999999936,13.509999999999991,1,1,0.0
116,1,459.2,429.5,242.3,260.70000000000005,1,1,1.0
116,2,821.6,465.8,148.69999999999993,347.2,1,1,1.0
116,3,1400.8,641.4,176.0,188.60000000000002,1,1,1.0
116,4,726.2,285.3,254.64,161.09999999999997,1,1,1.0
116,5,1398.35,473.81,311.35000000000014,217.48999999999995,1,1,1.0
116,6,1395.0,332.8,222.0999999999999,223.49999999999994,1,1,1.0
116,7,1672.39,257.55,9.449999999999818,30.569999999999993,1,1,0.0
116,8,1511.5,241.4,171.93000000000006,203.4,1,1,1.0
117,9,1678.45,495.69,5.819999999999936,13.509999999999991,1,1,0.0
117,1,472.8,402.3,276.8,267.49999999999994,1,1,1.0
117,2,821.6,474.7,144.5,329.40000000000003,1,1,1.0
117,3,1384.5,641.4,192.29999999999995,188.60000000000002,1,1,1.0
117,4,725.8,286.02,256.85,162.18,1,1,1.0
117,5,1402.1,476.3,301.3000000000002,213.7,1,1,1.0
117,6,1392.4,330.6,228.29999999999995,226.69999999999993,1,1,1.0
117,7,1672.34,252.71,9.470000000000027,28.349999999999994,1,1,0.0
117,8,1514.1,238.0,169.33000000000015,206.8,1,1,1.0
118,9,1678.45,495.69,5.819999999999936,13.509999999999991,1,1,0.0
118,1,511.5,332.2,197.79999999999995,297.3,1,1,1.0
118,2,821.6,471.0,144.5,318.4,1,1,1.0
118,3,1380.1,633.9,196.70000000000005,192.30000000000007,1,1,1.0
118,4,725.8,285.3,253.60000000000002,161.09999999999997,1,1,1.0
118,5,1374.5,489.5,277.4000000000001,269.6,1,1,1.0
118,6,1393.96,334.54,229.94000000000005,216.95999999999998,1,1,1.0
118,7,1672.3,247.87,9.490000000000009,26.129999999999995,1,1,0.0
118,8,1509.7,251.4,176.29999999999995,195.6,1,1,1.0
119,9,1678.45,495.69,5.819999999999936,13.509999999999991,1,1,0.0
119,1,531.4,332.2,177.89999999999998,296.3,1,1,1.0
119,2,814.8,471.0,147.10000000000002,313.70000000000005,1,1,1.0
119,3,1371.9,633.9,204.89999999999986,192.30000000000007,1,1,1.0
119,4,725.8,285.3,255.4000000000001,163.59999999999997,1,1,1.0
119,5,1426.62,550.41,256.68000000000006,240.69000000000005,1,1,1.0
119,6,1392.92,298.34,229.67999999999984,256.96,1,1,1.0
119,7,1659.6,238.89,22.190000000000055,37.610000000000014,1,1,0.0
119,8,1509.7,251.4,173.73000000000002,193.4,1,1,1.0
120,9,1678.45,495.69,5.819999999999936,13.509999999999991,1,1,0.0
120,1,540.3,317.0,161.70000000000005,324.6,1,1,1.0
120,2,814.8,473.6,147.10000000000002,308.0,1,1,1.0
120,3,1366.9,633.9,213.69999999999982,192.30000000000007,1,1,1.0
120,4,725.1,285.3,256.79999999999995,162.2,1,1,1.0
120,5,1496.32,534.71,189.48000000000002,297.99,1,1,1.0
120,6,1397.6,336.74,218.0,219.05999999999995,1,1,1.0
120,7,1659.6,238.89,22.190000000000055,37.610000000000014,1,1,0.0
120,8,1509.7,244.3,173.72000000000003,200.5,1,1,1.0
