1,1,37.3,670.9,265.09999999999997,130.89999999999998,1,1,1.0
1,2,1143.9,308.4,346.79999999999995,195.8,1,1,1.0
1,3,578.5,614.9,245.5,177.5,1,1,1.0
1,4,110.5,830.8,242.7,152.20000000000005,1,1,1.0
1,5,210.2,691.8,238.3,134.70000000000005,1,1,1.0
1,6,255.1,394.4,129.70000000000002,123.60000000000002,1,1,0.0
1,7,1040.4,467.8,168.0999999999999,308.49999999999994,1,1,1.0
1,8,253.2,801.7,235.40000000000003,175.0999999999999,1,1,1.0
1,9,69.7,575.5,230.3,145.70000000000005,1,1,1.0
1,10,422.9,887.8,317.4,160.79999999999995,1,1,1.0
2,1,34.7,671.4,267.7,132.20000000000005,1,1,1.0
2,2,1143.9,304.2,342.5999999999999,200.0,1,1,1.0
2,3,579.5,611.0,238.70000000000005,175.60000000000002,1,1,1.0
2,4,108.9,829.6,244.9,151.69999999999993,1,1,1.0
2,5,210.2,690.4,237.60000000000002,134.60000000000002,1,1,1.0
2,6,255.7,392.8,128.10000000000002,125.19999999999999,1,1,0.0
2,7,1054.01,466.75,157.5,372.75,1,1,1.0
2,8,251.0,801.2,235.7,174.5999999999999,1,1,1.0
2,9,69.7,578.0,229.10000000000002,142.29999999999995,1,1,1.0
2,10,423.5,882.7,316.79999999999995,183.29999999999995,1,1,1.0
3,1,26.3,669.8,276.09999999999997,139.4000000000001,1,1,1.0
3,2,1147.4,305.6,335.5999999999999,199.29999999999995,1,1,1.0
3,3,579.5,611.0,230.0,175.60000000000002,1,1,1.0
3,4,110.1,828.0,243.70000000000002,151.70000000000005,1,1,1.0
3,5,209.5,691.1,238.3,133.19999999999993,1,1,1.0
3,6,260.4,393.3,123.90000000000003,122.09999999999997,1,1,0.0
3,7,1071.8,474.1,154.29999999999995,382.5,1,1,1.0
3,8,251.3,800.2,234.0,172.69999999999993,1,1,1.0
3,9,68.8,578.1,230.8,143.10000000000002,1,1,1.0
3,10,422.3,881.0,317.99999999999994,186.70000000000005,1,1,1.0
4,1,30.5,669.8,271.9,137.5,1,1,1.0
4,2,1151.6,305.6,330.70000000000005,198.59999999999997,1,1,1.0
4,3,574.9,606.9,236.30000000000007,187.80000000000007,1,1,1.0
4,4,107.3,828.4,246.5,154.5,1,1,1.0
4,5,209.1,689.6,238.70000000000002,134.69999999999993,1,1,1.0
4,6,254.6,392.3,130.70000000000002,127.30000000000001,1,1,0.0
4,7,1078.7,488.5,151.20000000000005,328.4,1,1,1.0
4,8,253.2,796.8,239.8,179.0,1,1,1.0
4,9,64.4,575.5,233.9,145.70000000000005,1,1,1.0
4,10,417.7,883.4,330.7,173.89999999999998,1,1,1.0
5,1,30.0,669.3,271.5,139.60000000000002,1,1,1.0
5,2,1150.9,305.6,329.29999999999995,199.29999999999995,1,1,1.0
5,3,579.5,609.2,243.89999999999998,186.0999999999999,1,1,1.0
5,4,110.1,828.4,243.70000000000002,151.30000000000007,1,1,1.0
5,5,209.1,690.1,238.70000000000002,134.19999999999993,1,1,1.0
5,6,258.3,394.4,128.0,122.60000000000002,1,1,0.0
5,7,1056.98,494.71,143.5999999999999,289.50000000000006,1,1,1.0
5,8,252.7,802.1,241.7,175.10000000000002,1,1,1.0
5,9,69.2,576.8,233.5,146.80000000000007,1,1,1.0
5,10,419.8,883.4,322.2,159.30000000000007,1,1,1.0
6,1,29.0,674.5,273.4,128.60000000000002,1,1,1.0
6,2,1148.8,304.2,327.9000000000001,202.10000000000002,1,1,1.0
6,3,577.2,614.4,239.79999999999995,179.5,1,1,1.0
6,4,110.9,827.6,242.9,152.10000000000002,1,1,1.0
6,5,209.1,693.7,238.70000000000002,130.5999999999999,1,1,1.0
6,6,259.3,394.4,127.0,122.60000000000002,1,1,0.0
6,7,1057.4,503.0,144.19999999999982,281.29999999999995,1,1,1.0
6,8,254.6,803.1,241.70000000000002,174.10000000000002,1,1,1.0
6,9,76.2,576.2,223.0,147.19999999999993,1,1,1.0
6,10,418.9,884.5,319.1,165.29999999999995,1,1,1.0
7,1,33.9,674.5,268.5,126.5,1,1,1.0
7,2,1148.8,304.2,326.5,202.10000000000002,1,1,1.0
7,3,577.8,614.4,236.5,176.30000000000007,1,1,1.0
7,4,110.9,827.6,242.9,152.10000000000002,1,1,1.0
7,5,211.7,693.7,235.7,140.39999999999998,1,1,1.0
7,6,253.5,394.4,131.2,126.30000000000007,1,1,0.0
7,7,1058.7,505.5,144.79999999999995,275.70000000000005,1,1,1.0
7,8,253.2,800.7,235.90000000000003,173.69999999999993,1,1,1.0
7,9,82.3,573.3,216.89999999999998,146.60000000000002,1,1,1.0
7,10,420.9,887.2,317.70000000000005,168.39999999999986,1,1,1.0
8,1,33.9,678.2,270.6,117.5,1,1,1.0
8,2,1148.1,301.4,327.20000000000005,204.20000000000005,1,1,1.0
8,3,579.0,610.9,245.0,190.20000000000005,1,1,1.0
8,4,110.9,827.6,242.9,152.10000000000002,1,1,1.0
8,5,211.0,694.8,236.39999999999998,139.30000000000007,1,1,1.0
8,6,225.2,395.4,161.10000000000002,152.5,1,1,0.0
8,7,1015.4,523.7,210.69999999999993,255.5999999999999,1,1,1.0
8,8,253.2,803.1,236.90000000000003,173.60000000000002,1,1,1.0
8,9,79.7,567.6,223.0,147.10000000000002,1,1,1.0
8,10,418.9,888.4,317.6,179.30000000000007,1,1,1.0
9,1,35.2,677.2,269.3,147.79999999999995,1,1,1.0
9,2,1146.7,308.3,328.5999999999999,197.3,1,1,1.0
9,3,577.8,612.6,234.60000000000002,197.79999999999995,1,1,1.0
9,4,110.9,826.8,242.9,152.9000000000001,1,1,1.0
9,5,210.3,694.8,237.09999999999997,134.20000000000005,1,1,1.0
9,6,257.7,396.4,128.60000000000002,121.10000000000002,1,1,0.0
9,7,942.7,587.7,316.70000000000005,143.19999999999993,1,1,1.0
9,8,252.7,799.7,241.5,176.5,1,1,1.0
9,9,55.6,568.5,248.00000000000003,150.10000000000002,1,1,1.0
9,10,419.5,893.6,323.70000000000005,153.89999999999998,1,1,1.0
10,1,34.2,672.5,268.7,168.60000000000002,1,1,1.0
10,2,1148.8,302.0,326.5,205.0,1,1,1.0
10,3,580.1,612.0,235.79999999999995,200.70000000000005,1,1,1.0
10,4,110.9,825.2,238.49999999999997,151.29999999999995,1,1,1.0
10,5,210.3,691.4,237.09999999999997,136.20000000000005,1,1,1.0
10,6,255.6,396.4,130.70000000000002,121.10000000000002,1,1,0.0
10,7,913.94,558.2,363.55999999999995,157.5999999999999,1,1,1.0
10,8,251.7,790.5,223.5,191.0,1,1,1.0
10,9,84.9,572.6,218.70000000000002,141.60000000000002,1,1,1.0
10,10,423.0,895.9,316.70000000000005,146.89999999999998,1,1,1.0
11,1,34.2,672.5,268.7,163.39999999999998,1,1,1.0
11,2,1147.4,303.4,330.0,203.60000000000002,1,1,1.0
11,3,578.9,610.8,245.5,203.60000000000002,1,1,1.0
11,4,110.9,824.8,242.9,154.10000000000002,1,1,1.0
11,5,209.9,691.4,237.1,135.10000000000002,1,1,1.0
11,6,260.8,392.7,123.39999999999998,122.69999999999999,1,1,0.0
11,7,919.91,542.5,338.4900000000001,185.20000000000005,1,1,1.0
11,8,255.6,796.3,230.70000000000002,186.20000000000005,1,1,1.0
11,9,83.6,571.1,216.51000000000002,141.79999999999995,1,1,1.0
11,10,423.0,887.8,319.0,145.79999999999995,1,1,1.0
12,1,35.2,665.1,257.8,219.39999999999998,1,1,1.0
12,2,1146.0,303.4,331.4000000000001,203.60000000000002,1,1,1.0
12,3,578.9,609.7,238.20000000000005,204.69999999999993,1,1,1.0
12,4,110.9,823.6,242.9,155.29999999999995,1,1,1.0
12,5,209.9,690.8,237.1,136.0,1,1,1.0
12,6,256.6,392.7,127.59999999999997,126.40000000000003,1,1,0.0
12,7,913.8,511.1,286.60000000000014,200.89999999999998,1,1,1.0
12,8,254.2,776.1,243.2,202.79999999999995,1,1,1.0
12,9,84.5,570.2,217.8,144.89999999999998,1,1,1.0
12,10,436.3,828.8,298.2,215.20000000000005,1,1,1.0
13,1,38.3,655.7,241.59999999999997,250.79999999999995,1,1,1.0
13,2,1147.4,306.2,333.5,200.8,1,1,1.0
13,3,578.9,606.8,252.70000000000005,199.70000000000005,1,1,1.0
13,4,110.9,823.6,242.9,155.29999999999995,1,1,1.0
13,5,209.9,689.7,237.1,138.19999999999993,1,1,1.0
13,6,256.6,395.8,129.7,122.30000000000001,1,1,0.0
13,7,898.1,502.4,269.6,203.30000000000007,1,1,1.0
13,8,240.9,783.3,260.79999999999995,206.80000000000007,1,1,1.0
13,9,85.1,573.0,218.50000000000003,144.29999999999995,1,1,1.0
13,10,535.8,786.6,224.70000000000005,294.4,1,1,1.0
14,1,38.3,655.7,239.5,257.4,1,1,1.0
14,2,1138.4,312.5,343.89999999999986,195.89999999999998,1,1,1.0
14,3,580.1,611.4,239.89999999999998,207.10000000000002,1,1,1.0
14,4,110.9,821.6,194.99999999999997,153.69999999999993,1,1,1.0
14,5,209.9,689.7,237.1,136.79999999999995,1,1,1.0
14,6,261.3,398.9,126.0,115.5,1,1,0.0
14,7,870.0,490.5,287.0,200.10000000000002,1,1,1.0
14,8,200.5,810.8,294.4,206.70000000000005,1,1,1.0
14,9,86.5,572.0,219.7,145.70000000000005,1,1,1.0
14,10,556.0,770.5,184.79999999999995,308.79999999999995,1,1,1.0
15,1,44.6,657.3,235.20000000000002,256.70000000000005,1,1,1.0
15,2,1152.3,309.7,326.5,182.0,1,1,1.0
15,3,581.3,614.3,238.70000000000005,205.4000000000001,1,1,1.0
15,4,110.9,821.6,202.99999999999997,152.5,1,1,1.0
15,5,209.9,689.7,237.1,135.69999999999993,1,1,1.0
15,6,254.0,403.6,133.8,117.10000000000002,1,1,0.0
15,7,845.4,487.4,322.30000000000007,190.0,1,1,1.0
15,8,196.9,822.9,275.29999999999995,213.0000000000001,1,1,1.0
15,9,81.0,571.1,224.8,143.60000000000002,1,1,1.0
15,10,526.0,793.5,232.20000000000005,288.0999999999999,1,1,1.0
16,1,34.7,661.5,250.40000000000003,240.79999999999995,1,1,1.0
16,2,1149.5,309.7,325.79999999999995,186.90000000000003,1,1,1.0
16,3,581.3,614.3,240.4000000000001,205.4000000000001,1,1,1.0
16,4,112.97,822.79,241.63000000000002,154.71000000000004,1,1,1.0
16,5,209.2,689.7,236.3,139.29999999999995,1,1,1.0
16,6,259.8,405.7,126.39999999999998,112.90000000000003,1,1,0.0
16,7,808.1,492.4,368.9999999999999,160.5,1,1,1.0
16,8,136.5,801.2,269.64,183.0,1,1,1.0
16,9,82.7,568.5,225.3,143.10000000000002,1,1,1.0
16,10,556.8,752.5,200.9000000000001,319.79999999999995,1,1,1.0
17,1,19.9,665.9,270.3,152.30000000000007,1,1,1.0
17,2,1147.75,311.4,327.54999999999995,182.75,1,1,1.0
17,3,581.9,614.3,248.80000000000007,196.70000000000005,1,1,1.0
17,4,112.5,823.2,241.3,154.69999999999993,1,1,1.0
17,5,209.2,689.7,236.3,140.39999999999998,1,1,1.0
17,6,259.8,421.4,130.09999999999997,97.20000000000005,1,1,0.0
17,7,820.6,496.8,328.4,150.40000000000003,1,1,1.0
17,8,137.5,821.0,279.2,147.79999999999995,1,1,1.0
17,9,82.3,570.7,229.09999999999997,138.29999999999995,1,1,1.0
17,10,570.5,753.0,183.70000000000005,328.5,1,1,1.0
18,1,19.5,664.0,269.1,155.70000000000005,1,1,1.0
18,2,1146.0,312.1,329.29999999999995,179.59999999999997,1,1,1.0
18,3,583.0,610.8,250.29999999999995,193.80000000000007,1,1,1.0
18,4,112.5,823.2,242.0,155.5,1,1,1.0
18,5,209.9,689.7,237.1,140.0999999999999,1,1,1.0
18,6,254.6,421.4,139.00000000000003,104.5,1,1,0.0
18,7,786.7,494.21,339.45000000000005,153.89000000000004,1,1,1.0
18,8,150.8,823.4,277.5,142.5,1,1,1.0
18,9,87.1,572.4,223.9,136.60000000000002,1,1,1.0
18,10,510.1,771.0,240.69999999999993,307.4000000000001,1,1,1.0
19,1,28.9,662.6,263.0,182.19999999999993,1,1,1.0
19,2,1146.0,311.6,330.0,180.09999999999997,1,1,1.0
19,3,578.4,608.5,247.39999999999998,195.5,1,1,1.0
19,4,112.5,823.2,242.5,155.69999999999993,1,1,1.0
19,5,208.1,689.7,237.4,140.0999999999999,1,1,1.0
19,6,227.4,416.2,161.99999999999997,130.09999999999997,1,1,0.0
19,7,793.2,491.2,289.3799999999999,199.7,1,1,1.0
19,8,181.4,822.4,248.29999999999998,143.5,1,1,1.0
19,9,86.7,575.5,231.3,130.89999999999998,1,1,1.0
19,10,538.1,772.3,210.29999999999995,301.9000000000001,1,1,1.0
20,1,28.4,658.9,263.5,156.89999999999998,1,1,1.0
20,2,1146.0,313.2,334.9000000000001,185.7,1,1,1.0
20,3,578.4,609.7,253.20000000000005,189.0999999999999,1,1,1.0
20,4,112.5,822.0,242.5,156.89999999999998,1,1,1.0
20,5,208.1,689.7,238.50000000000003,140.0999999999999,1,1,1.0
20,6,239.4,405.7,133.79999999999998,113.90000000000003,1,1,0.0
20,7,802.1,488.7,274.32000000000005,223.50000000000006,1,1,1.0
20,8,185.7,815.2,240.10000000000002,153.5999999999999,1,1,1.0
20,9,91.5,569.4,221.60000000000002,137.0,1,1,1.0
20,10,541.6,772.2,207.39999999999998,304.89999999999986,1,1,1.0
21,1,38.3,663.6,256.2,145.39999999999998,1,1,1.0
21,2,1149.5,288.2,332.0999999999999,218.10000000000002,1,1,1.0
21,3,577.2,610.9,253.19999999999993,186.80000000000007,1,1,1.0
21,4,112.5,822.0,242.5,156.89999999999998,1,1,1.0
21,5,208.1,689.7,237.79999999999998,140.0999999999999,1,1,1.0
21,6,245.0,402.6,131.89999999999998,110.69999999999993,1,1,0.0
21,7,796.7,488.1,271.79999999999995,219.89999999999998,1,1,1.0
21,8,182.3,813.3,239.2,158.10000000000002,1,1,1.0
21,9,93.7,566.3,217.8,138.80000000000007,1,1,1.0
21,10,538.1,769.3,207.39999999999998,305.5,1,1,1.0
22,1,32.0,665.0,263.6,143.10000000000002,1,1,1.0
22,2,1153.0,277.8,360.5,228.5,1,1,1.0
22,3,578.4,609.7,254.89999999999998,187.39999999999998,1,1,1.0
22,4,112.5,822.0,241.8,155.70000000000005,1,1,1.0
22,5,207.97,689.7,238.04999999999998,140.0999999999999,1,1,1.0
22,6,251.3,380.1,138.2,122.59999999999997,1,1,0.0
22,7,793.1,485.0,272.30000000000007,251.39999999999998,1,1,1.0
22,8,182.3,816.3,241.09999999999997,156.4000000000001,1,1,1.0
22,9,93.7,561.3,216.5,143.80000000000007,1,1,1.0
22,10,542.9,769.3,202.60000000000002,306.29999999999995,1,1,1.0
23,1,30.4,663.6,265.20000000000005,143.79999999999995,1,1,1.0
23,2,1156.5,293.1,324.4000000000001,209.0,1,1,1.0
23,3,577.2,609.7,251.5,192.0,1,1,1.0
23,4,112.5,821.2,242.5,156.69999999999993,1,1,1.0
23,5,207.83,689.7,238.30999999999997,140.0999999999999,1,1,1.0
23,6,225.8,374.9,169.5,138.89999999999998,1,1,0.0
23,7,798.1,492.5,263.4999999999999,232.29999999999995,1,1,1.0
23,8,180.9,814.3,245.4,157.9000000000001,1,1,1.0
23,9,93.7,571.1,215.2,134.0,1,1,1.0
23,10,541.6,771.0,205.10000000000002,304.9000000000001,1,1,1.0
24,1,26.2,664.6,270.40000000000003,142.5,1,1,1.0
24,2,1156.5,300.0,318.79999999999995,200.7,1,1,1.0
24,3,578.4,609.7,254.39999999999998,192.0,1,1,1.0
24,4,112.5,822.0,241.8,155.70000000000005,1,1,1.0
24,5,207.7,689.7,238.56,140.0999999999999,1,1,1.0
24,6,233.1,372.3,162.70000000000002,139.39999999999998,1,1,0.0
24,7,798.1,481.2,269.80000000000007,249.00000000000006,1,1,1.0
24,8,178.5,817.2,247.3,154.0,1,1,1.0
24,9,93.7,564.6,214.8,140.10000000000002,1,1,1.0
24,10,547.4,773.3,202.20000000000005,302.0,1,1,1.0
25,1,30.4,664.6,266.20000000000005,141.79999999999995,1,1,1.0
25,2,1156.5,303.5,320.9000000000001,198.60000000000002,1,1,1.0
25,3,578.4,610.3,252.10000000000002,197.20000000000005,1,1,1.0
25,4,112.5,822.0,241.8,156.20000000000005,1,1,1.0
25,5,207.9,689.7,238.48,140.0999999999999,1,1,1.0
25,6,230.0,370.2,164.2,139.90000000000003,1,1,0.0
25,7,795.6,476.8,259.1,273.49999999999994,1,1,1.0
25,8,178.5,817.2,248.7,155.0,1,1,1.0
25,9,94.1,565.9,213.50000000000003,138.80000000000007,1,1,1.0
25,10,538.7,776.8,213.19999999999993,298.20000000000005,1,1,1.0
26,1,28.8,668.8,268.8,133.70000000000005,1,1,1.0
26,2,1157.2,305.6,320.20000000000005,197.89999999999998,1,1,1.0
26,3,575.5,612.6,246.89999999999998,204.19999999999993,1,1,1.0
26,4,112.5,822.0,242.3,155.20000000000005,1,1,1.0
26,5,208.1,689.7,238.4,140.0999999999999,1,1,1.0
26,6,221.6,371.2,172.1,141.00000000000006,1,1,0.0
26,7,824.5,474.3,224.5,242.09999999999997,1,1,1.0
26,8,178.5,814.8,247.7,156.0,1,1,1.0
26,9,94.1,566.3,214.4,137.10000000000002,1,1,1.0
26,10,548.5,777.4,201.70000000000005,297.9,1,1,1.0
27,1,44.0,667.7,253.60000000000002,135.19999999999993,1,1,1.0
27,2,1157.9,303.5,316.6999999999998,202.10000000000002,1,1,1.0
27,3,574.3,610.9,237.10000000000002,208.10000000000002,1,1,1.0
27,4,112.5,822.0,242.5,156.89999999999998,1,1,1.0
27,5,207.0,689.7,239.8,140.0999999999999,1,1,1.0
27,6,237.8,372.2,155.89999999999998,134.40000000000003,1,1,0.0
27,7,832.0,456.7,221.4000000000001,234.00000000000006,1,1,1.0
27,8,179.5,812.4,245.3,162.20000000000005,1,1,1.0
27,9,94.1,561.9,214.4,141.10000000000002,1,1,1.0
27,10,549.8,771.0,201.56000000000006,301.4000000000001,1,1,1.0
28,1,31.5,667.7,266.1,134.79999999999995,1,1,1.0
28,2,1159.3,304.2,327.79999999999995,200.7,1,1,1.0
28,3,575.5,610.9,238.79999999999995,205.89999999999998,1,1,1.0
28,4,112.5,821.2,242.5,157.69999999999993,1,1,1.0
28,5,207.0,689.7,240.10000000000002,140.0999999999999,1,1,1.0
28,6,226.8,373.2,167.39999999999998,138.60000000000002,1,1,0.0
28,7,867.2,429.1,195.0,246.5,1,1,1.0
28,8,180.0,806.6,244.3,168.19999999999993,1,1,1.0
28,9,94.1,568.4,214.4,134.60000000000002,1,1,1.0
28,10,509.9,766.9,243.20000000000005,305.5000000000001,1,1,1.0
29,1,29.4,667.3,269.1,135.60000000000002,1,1,1.0
29,2,1158.6,304.2,331.3000000000002,199.3,1,1,1.0
29,3,575.5,604.0,241.10000000000002,212.79999999999995,1,1,1.0
29,4,112.5,820.4,242.5,158.5,1,1,0.0
29,5,207.0,689.7,240.39999999999998,140.0999999999999,1,1,1.0
29,6,224.7,374.2,171.10000000000002,138.59999999999997,1,1,0.0
29,7,874.7,414.7,182.5,336.8,1,1,1.0
29,8,157.8,806.1,255.89999999999998,185.89999999999998,1,1,1.0
29,9,94.1,568.4,213.79999999999998,134.60000000000002,1,1,1.0
29,10,517.3,763.4,229.4000000000001,309.0000000000001,1,1,1.0
30,1,42.9,665.0,253.6,148.20000000000005,1,1,1.0
30,2,1157.2,302.1,339.5999999999999,205.59999999999997,1,1,1.0
30,3,576.1,607.5,253.79999999999995,202.39999999999998,1,1,1.0
30,4,112.5,820.4,242.5,157.30000000000007,1,1,0.0
30,5,207.0,689.7,239.8,140.0999999999999,1,1,1.0
30,6,245.6,375.2,150.20000000000002,132.40000000000003,1,1,0.0
30,7,888.5,392.1,148.5999999999999,345.79999999999995,1,1,1.0
30,8,158.8,807.5,256.3,205.0,1,1,1.0
30,9,95.0,566.2,215.7,134.5999999999999,1,1,1.0
30,10,524.2,762.2,223.69999999999993,303.79999999999995,1,1,1.0
31,1,29.0,668.5,268.7,133.0,1,1,1.0
31,2,1157.9,302.8,333.29999999999995,206.3,1,1,1.0
31,3,576.7,608.7,260.0999999999999,185.5999999999999,1,1,1.0
31,4,112.5,820.4,242.5,157.30000000000007,1,1,0.0
31,5,206.95,689.7,239.85000000000002,139.69999999999993,1,1,1.0
31,6,224.7,375.2,171.10000000000002,135.5,1,1,0.0
31,7,906.1,408.4,225.19999999999993,329.30000000000007,1,1,1.0
31,8,160.2,806.1,253.5,210.39999999999998,1,1,1.0
31,9,95.0,566.2,215.7,135.0,1,1,1.0
31,10,530.0,765.1,219.10000000000002,302.6,1,1,1.0
32,1,26.4,668.01,271.3,134.69000000000005,1,1,1.0
32,2,1157.9,302.8,325.6999999999998,206.3,1,1,1.0
32,3,577.9,611.0,261.20000000000005,187.89999999999998,1,1,1.0
32,4,112.5,822.0,242.5,155.29999999999995,1,1,0.0
32,5,206.9,689.7,239.9,139.82999999999993,1,1,1.0
32,6,220.0,376.8,179.5,134.7,1,1,0.0
32,7,953.2,412.2,176.79999999999995,361.3,1,1,1.0
32,8,160.2,806.1,251.10000000000002,209.39999999999998,1,1,1.0
32,9,94.6,564.5,216.1,138.0,1,1,1.0
32,10,549.7,762.8,199.39999999999998,309.0,1,1,1.0
33,1,30.5,668.5,268.19,144.79999999999995,1,1,1.0
33,2,1158.6,302.8,319.4000000000001,204.89999999999998,1,1,1.0
33,3,575.6,612.2,249.60000000000002,186.0999999999999,1,1,1.0
33,4,112.5,820.8,242.5,156.5,1,1,0.0
33,5,206.85,689.7,239.95000000000002,139.9699999999999,1,1,1.0
33,6,221.75,378.1,178.8,130.29999999999995,1,1,0.0
33,7,997.2,405.9,131.5,394.0,1,1,1.0
33,8,162.1,806.6,249.29999999999998,199.89999999999998,1,1,1.0
33,9,94.6,563.6,216.1,139.29999999999995,1,1,1.0
33,10,550.9,750.1,197.0,322.9,1,1,1.0
34,1,31.1,669.1,266.98999999999995,133.19999999999993,1,1,1.0
34,2,1160.0,266.0,321.5,235.39999999999998,1,1,1.0
34,3,578.0,610.5,254.70000000000005,189.0,1,1,1.0
34,4,112.5,820.8,242.5,156.5,1,1,0.0
34,5,206.8,689.7,240.0,140.0999999999999,1,1,1.0
34,6,223.5,390.9,178.10000000000002,121.39999999999998,1,1,0.0
34,7,996.6,408.4,131.4999999999999,371.4,1,1,1.0
34,8,167.4,816.7,230.9,174.0,1,1,1.0
34,9,94.6,562.3,215.20000000000002,141.0,1,1,1.0
34,10,550.9,753.0,195.80000000000007,324.5999999999999,1,1,1.0
35,1,24.1,669.1,273.64,134.79999999999995,1,1,1.0
35,2,1160.0,250.0,333.29999999999995,252.10000000000002,1,1,1.0
35,3,579.2,610.5,254.69999999999993,195.39999999999998,1,1,1.0
35,4,112.5,819.9,245.0,157.10000000000002,1,1,0.0
35,5,208.6,689.7,238.20000000000002,140.0999999999999,1,1,1.0
35,6,230.4,391.9,169.6,127.20000000000005,1,1,0.0
35,7,994.7,407.8,132.79999999999995,385.2,1,1,1.0
35,8,169.8,811.9,218.89999999999998,172.39999999999998,1,1,1.0
35,9,95.0,562.3,215.7,141.0,1,1,1.0
35,10,553.8,754.1,193.5,322.30000000000007,1,1,1.0
36,1,27.5,669.1,269.38,134.79999999999995,1,1,1.0
36,2,1160.0,260.4,329.0999999999999,241.70000000000005,1,1,1.0
36,3,578.5,611.1,251.5,179.60000000000002,1,1,1.0
36,4,112.5,819.5,135.5,149.70000000000005,1,1,0.0
36,5,208.6,689.7,238.20000000000002,140.5,1,1,1.0
36,6,214.8,387.7,180.0,174.90000000000003,1,1,0.0
36,7,997.4,411.6,130.10000000000002,371.4,1,1,1.0
36,8,167.9,812.9,223.20000000000002,181.39999999999998,1,1,1.0
36,9,95.0,563.1,216.60000000000002,140.60000000000002,1,1,1.0
36,10,555.9,757.1,191.39999999999998,320.9999999999999,1,1,1.0
37,1,38.1,669.81,259.84,131.09000000000003,1,1,1.0
37,2,1137.0,293.7,363.9000000000001,205.60000000000002,1,1,1.0
37,3,579.1,611.1,254.89999999999998,197.69999999999993,1,1,1.0
37,4,112.5,820.8,114.1,145.4000000000001,1,1,0.0
37,5,208.6,689.7,238.20000000000002,140.5,1,1,1.0
37,6,214.8,383.0,181.0,181.20000000000005,1,1,0.0
37,7,996.0,407.8,131.5,375.2,1,1,1.0
37,8,168.3,811.9,223.8,190.10000000000002,1,1,1.0
37,9,95.0,563.1,216.60000000000002,138.89999999999998,1,1,1.0
37,10,558.1,755.6,189.19999999999993,322.9999999999999,1,1,1.0
38,1,30.6,669.81,268.06,129.59000000000003,1,1,1.0
38,2,1125.3,281.9,392.29999999999995,199.3,1,1,1.0
38,3,579.1,612.3,248.5,205.80000000000007,1,1,1.0
38,4,112.5,820.8,242.5,156.5,1,1,0.0
38,5,208.6,689.7,238.20000000000002,140.5,1,1,1.0
38,6,209.6,382.5,184.6,182.20000000000005,1,1,0.0
38,7,995.1,409.1,129.89999999999998,382.69999999999993,1,1,1.0
38,8,167.8,811.9,226.7,179.0,1,1,1.0
38,9,95.0,562.2,214.0,139.39999999999998,1,1,1.0
38,10,555.0,758.2,191.10000000000002,320.39999999999986,1,1,1.0
39,1,34.7,668.75,262.89,133.04999999999995,1,1,1.0
39,2,1122.4,288.1,394.5,209.09999999999997,1,1,1.0
39,3,576.8,610.0,240.30000000000007,208.10000000000002,1,1,1.0
39,4,112.5,820.8,242.5,156.5,1,1,0.0
39,5,208.6,689.7,238.20000000000002,140.5,1,1,1.0
39,6,214.3,381.5,178.8,182.70000000000005,1,1,0.0
39,7,995.5,410.4,130.79999999999995,382.1,1,1,1.0
39,8,169.8,812.9,221.3,195.60000000000002,1,1,1.0
39,9,95.0,563.9,214.0,138.60000000000002,1,1,1.0
39,10,555.0,757.7,191.10000000000002,320.89999999999986,1,1,1.0
40,1,34.2,669.1,265.5,132.39999999999998,1,1,1.0
40,2,1125.9,295.7,370.1999999999998,191.10000000000002,1,1,1.0
40,3,578.5,611.2,240.0,206.89999999999998,1,1,1.0
40,4,112.5,820.8,110.4,144.4000000000001,1,1,0.0
40,5,208.6,689.7,238.20000000000002,140.5,1,1,1.0
40,6,214.8,377.4,177.3,184.20000000000005,1,1,0.0
40,7,997.4,407.9,128.89999999999998,380.9,1,1,1.0
40,8,170.3,810.5,220.8,179.89999999999998,1,1,1.0
40,9,95.0,565.6,216.2,137.29999999999995,1,1,1.0
40,10,555.0,759.0,191.10000000000002,319.5999999999999,1,1,1.0
41,1,32.8,669.1,266.9,135.29999999999995,1,1,1.0
41,2,1134.2,295.7,363.29999999999995,194.60000000000002,1,1,1.0
41,3,579.7,611.8,250.19999999999993,202.20000000000005,1,1,1.0
41,4,112.5,820.8,242.5,156.5,1,1,0.0
41,5,208.6,689.7,238.20000000000002,140.5,1,1,1.0
41,6,210.6,375.3,179.9,186.3,1,1,0.0
41,7,995.8,407.9,130.5,394.70000000000005,1,1,1.0
41,8,170.3,814.4,215.5,177.39999999999998,1,1,1.0
41,9,95.9,559.5,215.29999999999998,144.70000000000005,1,1,1.0
41,10,555.0,754.7,191.10000000000002,323.89999999999986,1,1,1.0
42,1,25.6,673.5,277.59999999999997,123.20000000000005,1,1,1.0
42,2,1125.9,295.7,371.5999999999999,190.40000000000003,1,1,1.0
42,3,580.3,611.2,264.5,194.0999999999999,1,1,1.0
42,4,112.5,820.8,242.5,156.5,1,1,0.0
42,5,208.6,692.6,238.20000000000002,137.60000000000002,1,1,1.0
42,6,214.8,373.2,176.2,190.00000000000006,1,1,0.0
42,7,995.8,407.9,130.5,383.4,1,1,1.0
42,8,171.3,814.4,224.09999999999997,167.80000000000007,1,1,1.0
42,9,96.3,561.2,217.59999999999997,142.0999999999999,1,1,1.0
42,10,555.0,757.2,191.10000000000002,321.39999999999986,1,1,1.0
43,1,30.5,674.0,273.0,122.10000000000002,1,1,1.0
43,2,1149.5,295.7,347.29999999999995,187.60000000000002,1,1,1.0
43,3,576.9,604.88,266.80000000000007,177.32000000000005,1,1,1.0
43,4,112.5,820.0,138.0,147.70000000000005,1,1,0.0
43,5,208.6,692.6,239.70000000000002,137.60000000000002,1,1,1.0
43,6,214.8,373.7,176.2,191.09999999999997,1,1,0.0
43,7,995.7,402.9,130.5999999999999,399.0,1,1,1.0
43,8,171.3,813.7,222.2,166.89999999999998,1,1,1.0
43,9,96.3,564.3,217.3,139.4000000000001,1,1,1.0
43,10,556.3,757.2,189.80000000000007,318.20000000000005,1,1,1.0
44,1,39.1,676.3,263.5,118.5,1,1,1.0
44,2,1134.9,293.6,355.6999999999998,190.39999999999998,1,1,1.0
44,3,576.9,597.4,264.0,192.89999999999998,1,1,1.0
44,4,112.5,818.8,125.4,148.60000000000002,1,1,0.0
44,5,208.6,692.6,239.70000000000002,137.60000000000002,1,1,1.0
44,6,214.8,375.5,177.8,188.29999999999995,1,1,0.0
44,7,995.3,404.8,131.0,405.90000000000003,1,1,1.0
44,8,170.8,813.9,223.2,178.30000000000007,1,1,1.0
44,9,95.4,563.4,216.70000000000002,139.89999999999998,1,1,1.0
44,10,555.6,750.3,190.5,326.0,1,1,1.0
45,1,40.5,675.8,262.1,118.5,1,1,1.0
45,2,1142.6,294.3,345.9000000000001,194.59999999999997,1,1,1.0
45,3,581.0,610.1,268.0,181.89999999999998,1,1,1.0
45,4,112.5,818.8,242.5,158.5,1,1,0.0
45,5,208.6,692.6,239.70000000000002,137.60000000000002,1,1,1.0
45,6,213.2,375.8,176.8,191.09999999999997,1,1,0.0
45,7,995.7,398.1,133.0999999999999,387.0,1,1,1.0
45,8,169.6,815.5,230.70000000000002,160.89999999999998,1,1,1.0
45,9,96.3,564.3,216.89999999999998,139.4000000000001,1,1,1.0
45,10,556.0,753.2,190.10000000000002,323.0999999999999,1,1,1.0
46,1,34.2,675.8,268.40000000000003,119.5,1,1,1.0
46,2,1129.9,295.7,370.39999999999986,193.2,1,1,1.0
46,3,579.3,608.9,267.6,186.60000000000002,1,1,1.0
46,4,112.5,818.8,242.5,158.5,1,1,0.0
46,5,208.6,692.6,239.70000000000002,137.60000000000002,1,1,1.0
46,6,212.2,374.2,176.2,191.7,1,1,0.0
46,7,995.7,403.9,131.70000000000005,408.20000000000005,1,1,1.0
46,8,171.3,813.5,233.3,169.70000000000005,1,1,1.0
46,9,95.9,562.1,217.99999999999997,140.69999999999993,1,1,1.0
46,10,555.6,757.3,189.39999999999998,318.29999999999995,1,1,1.0
47,1,39.0,675.3,265.5,120.0,1,1,1.0
47,2,1120.3,292.2,380.70000000000005,201.60000000000002,1,1,1.0
47,3,575.2,610.6,273.79999999999995,184.29999999999995,1,1,1.0
47,4,112.5,818.8,242.5,158.5,1,1,0.0
47,5,208.6,692.6,239.70000000000002,137.60000000000002,1,1,1.0
47,6,215.3,374.7,173.09999999999997,190.2,1,1,0.0
47,7,995.7,403.9,130.29999999999995,409.20000000000005,1,1,1.0
47,8,172.3,814.0,241.0,173.10000000000002,1,1,1.0
47,9,96.3,564.3,215.8,138.9000000000001,1,1,1.0
47,10,554.75,756.7,190.79999999999995,319.25,1,1,1.0
48,1,37.6,674.3,266.4,121.30000000000007,1,1,1.0
48,2,1078.3,274.4,424.79999999999995,216.60000000000002,1,1,1.0
48,3,577.5,612.3,269.20000000000005,191.9000000000001,1,1,1.0
48,4,112.5,818.8,242.5,158.5,1,1,0.0
48,5,208.6,691.9,239.70000000000002,138.30000000000007,1,1,1.0
48,6,214.3,373.1,173.5,192.29999999999995,1,1,0.0
48,7,995.7,406.3,137.5999999999999,370.2,1,1,1.0
48,8,173.3,811.6,241.39999999999998,179.79999999999995,1,1,1.0
48,9,96.3,566.0,216.0,137.20000000000005,1,1,1.0
48,10,553.9,756.1,192.20000000000005,320.19999999999993,1,1,1.0
49,1,33.7,674.3,269.3,122.40000000000009,1,1,1.0
49,2,1063.2,284.6,443.39999999999986,205.0,1,1,1.0
49,3,578.1,615.2,270.29999999999995,188.39999999999998,1,1,1.0
49,4,112.5,818.8,242.5,158.5,1,1,0.0
49,5,208.6,691.9,239.70000000000002,138.30000000000007,1,1,1.0
49,6,213.3,373.1,173.5,190.69999999999993,1,1,0.0
49,7,995.7,402.9,138.0999999999999,359.6,1,1,1.0
49,8,173.3,813.5,235.59999999999997,171.60000000000002,1,1,1.0
49,9,95.4,560.8,217.6,142.4000000000001,1,1,1.0
49,10,537.8,753.5,208.30000000000007,323.4000000000001,1,1,1.0
50,1,35.0,675.7,268.0,121.0,1,1,1.0
50,2,1055.0,279.1,451.5999999999999,210.5,1,1,1.0
50,3,578.1,616.4,270.29999999999995,187.20000000000005,1,1,1.0
50,4,112.5,818.8,242.5,158.5,1,1,0.0
50,5,208.6,691.9,239.70000000000002,138.30000000000007,1,1,1.0
50,6,214.9,371.5,172.4,195.39999999999998,1,1,0.0
50,7,995.7,403.4,141.0,320.0,1,1,1.0
50,8,171.9,816.4,235.6,168.70000000000005,1,1,1.0
50,9,94.2,567.8,214.3,136.30000000000007,1,1,1.0
50,10,555.0,752.6,191.10000000000002,324.30000000000007,1,1,1.0
51,1,36.6,675.7,266.4,121.0,1,1,1.0
51,2,1083.2,298.2,421.29999999999995,191.40000000000003,1,1,1.0
51,3,578.7,616.4,269.69999999999993,187.89999999999998,1,1,1.0
51,4,112.5,818.8,242.5,158.5,1,1,0.0
51,5,208.6,691.9,239.70000000000002,138.30000000000007,1,1,1.0
51,6,214.9,371.0,172.9,193.79999999999995,1,1,0.0
51,7,983.6,403.4,155.4999999999999,348.4,1,1,1.0
51,8,174.8,815.9,236.59999999999997,185.60000000000002,1,1,1.0
51,9,94.5,565.6,216.89999999999998,139.79999999999995,1,1,1.0
51,10,555.0,751.3,191.10000000000002,325.60000000000014,1,1,1.0
52,1,34.6,676.7,267.5,117.09999999999991,1,1,1.0
52,2,1103.9,293.7,396.39999999999986,194.60000000000002,1,1,1.0
52,3,579.9,616.4,276.6,183.70000000000005,1,1,1.0
52,4,112.5,818.8,242.5,158.5,1,1,0.0
52,5,208.6,691.9,239.70000000000002,138.30000000000007,1,1,1.0
52,6,212.8,371.0,175.0,195.89999999999998,1,1,0.0
52,7,934.4,403.4,203.30000000000007,326.20000000000005,1,1,1.0
52,8,173.8,816.4,236.59999999999997,165.80000000000007,1,1,1.0
52,9,95.0,562.5,215.7,141.20000000000005,1,1,1.0
52,10,552.1,754.9,194.0,320.80000000000007,1,1,1.0
53,1,27.8,677.2,278.09999999999997,109.79999999999995,1,1,1.0
53,2,1103.6,293.6,392.5,194.7,1,1,1.0
53,3,580.5,612.9,277.20000000000005,191.80000000000007,1,1,1.0
53,4,112.5,818.8,242.5,158.5,1,1,0.0
53,5,197.3,695.2,251.0,135.39999999999998,1,1,1.0
53,6,214.9,371.0,172.9,195.89999999999998,1,1,0.0
53,7,944.0,403.9,188.4000000000001,334.4,1,1,1.0
53,8,173.8,815.5,233.2,162.79999999999995,1,1,1.0
53,9,95.0,564.2,217.0,137.79999999999995,1,1,1.0
53,10,556.2,753.2,189.89999999999998,322.5,1,1,1.0
54,1,27.3,680.1,279.09999999999997,108.29999999999995,1,1,1.0
54,2,1076.5,279.0,421.0,210.60000000000002,1,1,1.0
54,3,577.0,613.5,276.6,189.20000000000005,1,1,1.0
54,4,112.5,818.8,242.5,158.5,1,1,0.0
54,5,191.8,697.0,246.0,133.60000000000002,1,1,1.0
54,6,214.9,370.0,171.29999999999998,194.29999999999995,1,1,0.0
54,7,945.9,403.9,187.89999999999998,329.6,1,1,1.0
54,8,175.2,813.0,235.0,186.5,1,1,1.0
54,9,96.3,560.7,215.7,141.79999999999995,1,1,1.0
54,10,548.1,755.33,198.0,324.07000000000005,1,1,1.0
55,1,35.0,680.1,273.3,104.89999999999998,1,1,1.0
55,2,1089.7,285.9,407.79999999999995,202.0,1,1,1.0
55,3,579.3,614.7,278.4000000000001,187.0,1,1,1.0
55,4,112.5,818.8,222.5,151.10000000000002,1,1,0.0
55,5,165.6,711.4,268.29999999999995,123.10000000000002,1,1,1.0
55,6,218.6,370.0,167.6,191.70000000000005,1,1,0.0
55,7,926.6,405.3,210.60000000000002,331.09999999999997,1,1,1.0
55,8,174.7,816.8,236.2,180.30000000000007,1,1,1.0
55,9,95.4,562.4,216.6,140.10000000000002,1,1,1.0
55,10,555.0,757.8,191.10000000000002,322.0,1,1,1.0
56,1,25.4,674.3,279.5,114.10000000000002,1,1,1.0
56,2,1089.3,285.9,405.4000000000001,202.40000000000003,1,1,1.0
56,3,552.1,617.6,316.0,154.69999999999993,1,1,1.0
56,4,112.5,818.8,184.3,149.60000000000002,1,1,0.0
56,5,174.4,662.0,222.29999999999998,180.70000000000005,1,1,1.0
56,6,214.9,367.4,172.29999999999998,187.10000000000002,1,1,0.0
56,7,978.2,405.3,155.0999999999999,349.40000000000003,1,1,1.0
56,8,173.3,815.4,238.0,184.60000000000002,1,1,1.0
56,9,95.1,564.1,215.20000000000002,139.29999999999995,1,1,1.0
56,10,556.6,762.4,189.5,318.6,1,1,1.0
57,1,15.3,680.6,288.59999999999997,108.79999999999995,1,1,1.0
57,2,1101.5,290.8,393.20000000000005,197.09999999999997,1,1,1.0
57,3,533.6,586.3,304.29999999999995,225.5,1,1,1.0
57,4,112.5,818.8,242.5,158.5,1,1,0.0
57,5,177.5,662.7,221.3,185.0999999999999,1,1,1.0
57,6,217.0,367.4,170.2,193.80000000000007,1,1,0.0
57,7,998.0,399.5,132.4000000000001,363.4,1,1,1.0
57,8,172.5,814.9,237.0,178.30000000000007,1,1,1.0
57,9,94.9,561.5,214.49999999999997,143.10000000000002,1,1,1.0
57,10,556.2,753.1,188.19999999999993,327.9,1,1,1.0
58,1,13.4,681.6,290.5,107.60000000000002,1,1,1.0
58,2,1117.0,293.5,377.70000000000005,195.2,1,1,1.0
58,3,576.4,530.7,161.5,317.4,1,1,1.0
58,4,112.5,818.8,242.5,158.5,1,1,0.0
58,5,183.0,672.1,217.89999999999998,173.79999999999995,1,1,1.0
58,6,220.1,369.7,167.1,191.50000000000006,1,1,0.0
58,7,992.2,399.5,134.79999999999995,381.20000000000005,1,1,1.0
58,8,172.5,814.9,238.0,171.10000000000002,1,1,1.0
58,9,97.1,564.7,215.4,139.5999999999999,1,1,1.0
58,10,556.2,753.1,188.19999999999993,327.9,1,1,1.0
59,1,15.3,681.6,288.59999999999997,109.29999999999995,1,1,1.0
59,2,1123.4,293.5,368.5,194.39999999999998,1,1,1.0
59,3,511.6,507.8,239.0,229.8,1,1,1.0
59,4,112.5,818.8,242.5,158.5,1,1,0.0
59,5,186.6,678.0,215.6,154.70000000000005,1,1,1.0
59,6,215.9,367.6,169.20000000000002,195.19999999999993,1,1,0.0
59,7,995.5,399.5,130.0999999999999,380.20000000000005,1,1,1.0
59,8,173.7,814.4,240.2,173.5,1,1,1.0
59,9,97.1,559.7,218.00000000000003,144.0,1,1,1.0
59,10,556.2,739.2,188.19999999999993,341.79999999999995,1,1,1.0
60,1,38.4,680.2,265.5,112.59999999999991,1,1,1.0
60,2,1117.4,293.5,374.5,191.89999999999998,1,1,1.0
60,3,470.0,539.9,282.29999999999995,171.5,1,1,1.0
60,4,112.5,818.8,242.5,158.5,1,1,0.0
60,5,176.7,677.4,233.5,162.5,1,1,1.0
60,6,215.9,368.4,170.20000000000002,194.39999999999998,1,1,0.0
60,7,996.7,395.7,129.89999999999986,384.50000000000006,1,1,1.0
60,8,174.2,816.3,238.3,171.20000000000005,1,1,1.0
60,9,97.1,562.3,215.4,141.10000000000002,1,1,1.0
60,10,555.0,736.9,188.79999999999995,345.80000000000007,1,1,1.0
61,1,25.9,679.7,278.0,113.09999999999991,1,1,1.0
61,2,1125.7,293.5,363.20000000000005,191.89999999999998,1,1,1.0
61,3,492.7,526.6,261.3,173.89999999999998,1,1,1.0
61,4,112.5,818.8,242.5,158.5,1,1,0.0
61,5,195.5,670.0,213.0,161.70000000000005,1,1,1.0
61,6,215.9,367.4,170.20000000000002,193.80000000000007,1,1,0.0
61,7,991.1,395.2,136.89999999999998,385.90000000000003,1,1,1.0
61,8,175.2,815.8,239.2,171.60000000000002,1,1,1.0
61,9,97.5,560.6,216.7,142.79999999999995,1,1,1.0
61,10,554.4,739.2,188.10000000000002,344.70000000000005,1,1,1.0
62,1,55.0,669.1,245.5,125.10000000000002,1,1,1.0
62,2,1122.9,293.5,366.2199999999998,191.89999999999998,1,1,1.0
62,3,494.8,531.2,257.49999999999994,164.89999999999998,1,1,1.0
62,4,112.5,818.8,242.5,158.5,1,1,0.0
62,5,187.0,639.9,197.10000000000002,193.30000000000007,1,1,1.0
62,6,215.9,368.4,170.20000000000002,194.39999999999998,1,1,0.0
62,7,996.0,395.2,132.0,389.8,1,1,1.0
62,8,174.2,814.4,237.3,170.80000000000007,1,1,1.0
62,9,97.5,563.2,216.7,137.5999999999999,1,1,1.0
62,10,555.1,738.2,188.04999999999995,345.29999999999995,1,1,1.0
63,1,47.6,686.2,180.9,109.89999999999998,1,1,1.0
63,2,1124.3,292.2,364.81999999999994,194.60000000000002,1,1,1.0
63,3,501.7,531.2,248.90000000000003,171.0,1,1,1.0
63,4,112.5,818.8,242.5,158.5,1,1,0.0
63,5,193.5,585.0,152.7,242.10000000000002,1,1,1.0
63,6,215.9,367.4,170.20000000000002,196.39999999999998,1,1,0.0
63,7,997.0,398.1,135.0999999999999,388.79999999999995,1,1,1.0
63,8,175.2,815.3,239.90000000000003,169.80000000000007,1,1,1.0
63,9,97.5,563.2,217.10000000000002,138.5,1,1,1.0
63,10,556.2,733.0,187.19999999999993,351.9000000000001,1,1,1.0
64,1,30.3,678.3,226.59999999999997,118.30000000000007,1,1,1.0
64,2,1128.4,292.1,362.0999999999999,195.39999999999998,1,1,1.0
64,3,502.3,534.1,248.3,165.19999999999993,1,1,1.0
64,4,112.5,818.8,242.5,158.5,1,1,0.0
64,5,199.2,619.4,121.69999999999999,216.39999999999998,1,1,1.0
64,6,214.9,369.5,171.20000000000002,191.20000000000005,1,1,0.0
64,7,995.4,398.6,133.10000000000002,391.5,1,1,1.0
64,8,173.9,813.0,243.1,171.0,1,1,1.0
64,9,97.5,566.7,217.60000000000002,136.29999999999995,1,1,1.0
64,10,556.7,739.2,185.5999999999999,346.39999999999986,1,1,1.0
65,1,29.3,658.0,266.9,138.60000000000002,1,1,1.0
65,2,1129.2,292.1,366.89999999999986,196.09999999999997,1,1,1.0
65,3,508.7,531.8,245.40000000000003,176.80000000000007,1,1,1.0
65,4,112.5,820.1,242.5,157.19999999999993,1,1,0.0
65,5,203.1,640.8,96.9,195.9000000000001,1,1,1.0
65,6,216.5,370.0,169.10000000000002,192.29999999999995,1,1,0.0
65,7,995.8,398.6,132.20000000000005,395.5,1,1,1.0
65,8,172.3,809.3,242.09999999999997,180.4000000000001,1,1,1.0
65,9,95.8,563.6,215.8,139.0,1,1,1.0
65,10,555.3,729.0,187.80000000000007,356.5999999999999,1,1,1.0
66,1,26.9,660.9,269.3,134.80000000000007,1,1,1.0
66,2,1131.3,292.1,363.4000000000001,196.09999999999997,1,1,1.0
66,3,504.1,533.5,247.69999999999993,168.70000000000005,1,1,1.0
66,4,112.5,821.4,240.3,155.89999999999998,1,1,0.0
66,5,214.4,662.6,86.4,307.9,1,1,1.0
66,6,220.2,366.9,166.40000000000003,159.80000000000007,1,1,0.0
66,7,995.7,401.0,133.29999999999995,350.70000000000005,1,1,1.0
66,8,144.3,816.3,286.0,144.20000000000005,1,1,1.0
66,9,94.8,566.5,218.0,136.60000000000002,1,1,1.0
66,10,556.1,733.7,186.60000000000002,350.5999999999999,1,1,1.0
67,1,27.3,661.9,269.4,134.70000000000005,1,1,1.0
67,2,1131.3,292.8,364.79999999999995,195.39999999999998,1,1,1.0
67,3,507.0,535.2,242.10000000000002,158.29999999999995,1,1,1.0
67,4,85.9,838.4,257.29999999999995,171.89999999999998,1,1,1.0
67,5,187.8,663.5,104.30000000000001,312.79999999999995,1,1,1.0
67,6,216.0,373.7,171.60000000000002,141.50000000000006,1,1,0.0
67,7,978.6,401.0,154.19999999999993,338.6,1,1,1.0
67,8,135.0,812.0,289.0,142.70000000000005,1,1,1.0
67,9,95.8,569.4,218.39999999999998,133.20000000000005,1,1,1.0
67,10,556.1,726.96,188.0,356.03999999999996,1,1,1.0
68,1,30.8,664.3,265.7,131.30000000000007,1,1,1.0
68,2,1132.7,292.8,364.70000000000005,195.39999999999998,1,1,1.0
68,3,513.9,539.3,239.10000000000002,156.10000000000002,1,1,1.0
68,4,86.7,833.6,237.01,175.41999999999996,1,1,1.0
68,5,206.6,667.9,93.29999999999998,299.70000000000005,1,1,1.0
68,6,229.6,375.8,158.50000000000003,129.5,1,1,0.0
68,7,995.6,397.1,135.30000000000007,367.1,1,1,1.0
68,8,136.2,818.8,290.2,139.80000000000007,1,1,1.0
68,9,96.3,561.7,220.8,140.89999999999998,1,1,1.0
68,10,555.8,726.1,186.60000000000002,359.4999999999999,1,1,1.0
69,1,26.9,666.7,270.70000000000005,127.89999999999998,1,1,1.0
69,2,1134.1,292.8,362.70000000000005,194.0,1,1,1.0
69,3,517.4,538.1,235.60000000000002,170.29999999999995,1,1,1.0
69,4,96.39,818.8,215.61,190.80000000000007,1,1,1.0
69,5,206.6,667.9,93.29999999999998,287.1,1,1,0.0
69,6,220.7,369.5,167.40000000000003,151.5,1,1,0.0
69,7,996.1,400.5,130.89999999999998,369.0,1,1,1.0
69,8,128.8,823.1,301.5,137.39999999999998,1,1,1.0
69,9,95.8,568.9,220.8,132.70000000000005,1,1,1.0
69,10,555.1,727.4,187.29999999999995,358.19999999999993,1,1,1.0
70,1,30.9,666.1,267.6,127.75,1,1,1.0
70,2,1113.7,292.8,383.0999999999999,194.0,1,1,1.0
70,3,515.1,540.4,239.10000000000002,171.60000000000002,1,1,1.0
70,4,96.4,830.4,231.99999999999997,170.10000000000002,1,1,1.0
70,5,204.9,671.0,94.99999999999997,278.9,1,1,0.0
70,6,218.1,376.3,172.1,146.3,1,1,0.0
70,7,990.7,400.5,139.20000000000005,376.79999999999995,1,1,1.0
70,8,129.3,823.1,302.9,139.29999999999995,1,1,1.0
70,9,95.3,567.5,221.3,133.10000000000002,1,1,1.0
70,10,552.3,733.0,190.10000000000002,352.0,1,1,1.0
71,1,16.5,669.4,279.92,124.0,1,1,1.0
71,2,1116.8,292.8,380.0,193.3,1,1,1.0
71,3,512.8,539.2,242.0,174.79999999999995,1,1,1.0
71,4,90.7,822.3,237.3,174.70000000000005,1,1,1.0
71,5,204.9,671.0,94.99999999999997,304.5,1,1,0.0
71,6,223.9,379.4,167.9,135.89999999999998,1,1,0.0
71,7,993.6,400.5,138.30000000000007,380.29999999999995,1,1,1.0
71,8,135.4,823.1,297.5,140.29999999999995,1,1,1.0
71,9,97.2,566.1,222.8,134.0,1,1,1.0
71,10,555.8,722.6,186.60000000000002,363.69999999999993,1,1,1.0
72,1,9.0,670.5,288.6,155.89999999999998,1,1,1.0
72,2,1125.1,292.8,371.70000000000005,193.3,1,1,1.0
72,3,494.9,540.4,257.0,181.0,1,1,1.0
72,4,95.1,822.3,233.79999999999998,174.70000000000005,1,1,1.0
72,5,204.4,673.1,95.49999999999997,301.4,1,1,0.0
72,6,215.5,376.8,174.2,139.49999999999994,1,1,0.0
72,7,996.5,398.2,134.5,344.40000000000003,1,1,1.0
72,8,142.8,824.5,291.8,139.0,1,1,1.0
72,9,89.5,572.4,233.60000000000002,126.70000000000005,1,1,1.0
72,10,555.8,731.6,186.60000000000002,352.9999999999999,1,1,1.0
73,1,20.6,670.0,276.5,156.39999999999998,1,1,1.0
73,2,1124.7,292.8,372.0999999999999,193.3,1,1,1.0
73,3,459.6,522.5,301.0,237.10000000000002,1,1,1.0
73,4,98.2,822.3,231.5,174.70000000000005,1,1,1.0
73,5,204.4,676.8,95.49999999999997,285.70000000000005,1,1,0.0
73,6,220.2,373.7,169.5,142.59999999999997,1,1,0.0
73,7,995.9,392.4,139.69999999999993,341.5,1,1,1.0
73,8,134.4,825.5,301.20000000000005,138.89999999999998,1,1,1.0
73,9,84.2,565.6,243.10000000000002,135.39999999999998,1,1,1.0
73,10,555.8,739.9,188.0,343.6,1,1,1.0
74,1,50.7,670.0,246.40000000000003,147.5,1,1,1.0
74,2,1122.2,282.0,372.5,204.10000000000002,1,1,1.0
74,3,455.0,511.5,296.9,193.10000000000002,1,1,1.0
74,4,98.2,822.7,230.60000000000002,173.89999999999998,1,1,1.0
74,5,204.4,677.2,95.49999999999997,291.0999999999999,1,1,0.0
74,6,222.8,381.0,166.89999999999998,139.0,1,1,0.0
74,7,995.9,403.4,136.19999999999993,367.0,1,1,1.0
74,8,136.0,827.4,302.0,135.60000000000002,1,1,1.0
74,9,86.2,567.5,237.7,135.89999999999998,1,1,1.0
74,10,558.1,708.7,185.69999999999993,376.20000000000005,1,1,1.0
75,1,52.0,670.0,245.10000000000002,152.5,1,1,1.0
75,2,1110.5,277.5,384.9000000000001,208.60000000000002,1,1,1.0
75,3,449.4,494.7,303.70000000000005,207.59999999999997,1,1,1.0
75,4,97.67,823.9,232.22999999999996,173.80000000000007,1,1,1.0
75,5,204.4,677.9,95.49999999999997,292.9,1,1,0.0
75,6,215.5,382.6,175.8,139.0,1,1,0.0
75,7,982.6,401.1,155.80000000000007,362.9,1,1,1.0
75,8,143.3,827.4,294.2,134.0,1,1,1.0
75,9,89.0,571.4,237.3,133.0,1,1,1.0
75,10,562.3,717.0,179.70000000000005,366.5999999999999,1,1,1.0
76,1,69.8,667.6,228.3,166.39999999999998,1,1,1.0
76,2,1110.5,279.6,384.9000000000001,206.5,1,1,1.0
76,3,453.0,484.9,297.79999999999995,216.80000000000007,1,1,1.0
76,4,99.08,823.9,230.62,173.20000000000005,1,1,1.0
76,5,203.3,677.9,96.59999999999997,279.6,1,1,0.0
76,6,215.5,381.6,176.3,130.09999999999997,1,1,0.0
76,7,989.0,396.5,144.20000000000005,366.9,1,1,1.0
76,8,160.21,828.51,274.09000000000003,135.09000000000003,1,1,1.0
76,9,86.9,566.6,242.29999999999998,137.29999999999995,1,1,1.0
76,10,566.3,756.6,213.60000000000002,331.1,1,1,1.0
77,1,68.8,675.3,229.8,140.30000000000007,1,1,1.0
77,2,1117.5,281.0,376.5,205.10000000000002,1,1,1.0
77,3,448.9,505.0,332.6,179.0,1,1,1.0
77,4,97.3,823.6,232.39999999999998,174.69999999999993,1,1,1.0
77,5,203.3,679.6,96.59999999999997,176.79999999999995,1,1,0.0
77,6,219.7,376.4,172.10000000000002,134.8,1,1,0.0
77,7,982.6,397.7,148.30000000000007,367.40000000000003,1,1,1.0
77,8,153.9,831.3,281.70000000000005,130.70000000000005,1,1,1.0
77,9,90.5,567.6,238.7,136.29999999999995,1,1,1.0
77,10,573.8,726.7,138.0,363.0999999999999,1,1,1.0
78,1,67.4,674.3,232.20000000000002,135.0,1,1,1.0
78,2,1126.5,290.7,366.79999999999995,195.40000000000003,1,1,1.0
78,3,441.7,505.8,354.2,151.90000000000003,1,1,1.0
78,4,97.3,823.6,231.5,176.0,1,1,1.0
78,5,202.5,677.9,97.39999999999998,179.5,1,1,0.0
78,6,214.5,371.7,176.3,144.2,1,1,0.0
78,7,983.8,396.0,147.10000000000014,383.0,1,1,1.0
78,8,159.2,816.4,277.8,141.30000000000007,1,1,1.0
78,9,92.9,567.6,235.29999999999998,134.89999999999998,1,1,1.0
78,10,564.2,717.7,160.0999999999999,372.79999999999995,1,1,1.0
79,1,74.6,674.3,228.9,153.30000000000007,1,1,1.0
79,2,1127.2,291.4,366.0999999999999,195.40000000000003,1,1,1.0
79,3,450.4,513.3,354.80000000000007,151.30000000000007,1,1,1.0
79,4,97.3,822.7,231.5,176.89999999999998,1,1,1.0
79,5,202.5,677.9,97.39999999999998,179.5,1,1,0.0
79,6,214.5,370.7,176.3,136.8,1,1,0.0
79,7,996.3,396.0,134.60000000000014,388.79999999999995,1,1,1.0
79,8,150.1,808.7,285.9,150.39999999999998,1,1,1.0
79,9,90.0,571.0,239.2,133.39999999999998,1,1,1.0
79,10,567.4,744.8,177.0,324.60000000000014,1,1,1.0
80,1,73.6,673.8,229.9,148.0,1,1,1.0
80,2,1128.48,292.25,364.0,195.39999999999998,1,1,1.0
80,3,447.5,526.0,379.1,143.20000000000005,1,1,1.0
80,4,97.3,823.1,231.3,177.60000000000002,1,1,1.0
80,5,203.4,677.0,95.6,179.0,1,1,0.0
80,6,214.5,367.6,178.3,146.69999999999993,1,1,0.0
80,7,990.72,397.2,143.68000000000006,346.50000000000006,1,1,1.0
80,8,142.2,824.6,295.7,136.39999999999998,1,1,1.0
80,9,86.0,569.5,242.2,133.39999999999998,1,1,1.0
80,10,571.4,728.8,177.89999999999998,345.10000000000014,1,1,1.0
81,1,83.2,671.9,220.8,131.10000000000002,1,1,1.0
81,2,1125.2,291.4,366.0,195.40000000000003,1,1,1.0
81,3,457.3,494.2,303.90000000000003,185.40000000000003,1,1,1.0
81,4,97.3,823.1,230.59999999999997,178.19999999999993,1,1,1.0
81,5,203.4,679.2,95.6,176.5,1,1,0.0
81,6,219.7,370.2,173.10000000000002,143.59999999999997,1,1,0.0
81,7,984.4,393.7,146.5000000000001,377.2,1,1,1.0
81,8,140.9,824.1,297.9,138.79999999999995,1,1,1.0
81,9,83.2,569.8,239.40000000000003,139.70000000000005,1,1,1.0
81,10,568.83,726.0,177.26999999999998,349.0999999999999,1,1,1.0
82,1,83.2,671.9,219.8,136.39999999999998,1,1,1.0
82,2,1118.2,291.4,372.29999999999995,194.70000000000005,1,1,1.0
82,3,471.2,446.2,290.00000000000006,273.90000000000003,1,1,1.0
82,4,97.3,823.1,230.59999999999997,178.19999999999993,1,1,1.0
82,5,203.4,681.4,95.6,167.89999999999998,1,1,0.0
82,6,223.4,371.25,169.4,140.45,1,1,0.0
82,7,978.6,398.3,158.69999999999993,380.7,1,1,1.0
82,8,152.5,821.7,284.4,141.19999999999993,1,1,1.0
82,9,85.1,570.5,245.50000000000003,134.79999999999995,1,1,1.0
82,10,567.2,734.3,179.29999999999995,341.70000000000005,1,1,1.0
83,1,86.6,671.4,218.79999999999998,128.20000000000005,1,1,1.0
83,2,1118.9,291.4,370.1999999999998,194.70000000000005,1,1,1.0
83,3,553.4,441.6,188.10000000000002,309.69999999999993,1,1,1.0
83,4,97.3,823.1,230.59999999999997,178.19999999999993,1,1,1.0
83,5,203.4,682.3,95.6,166.60000000000002,1,1,0.0
83,6,215.5,369.7,177.3,145.09999999999997,1,1,0.0
83,7,981.5,398.3,154.5999999999999,368.49999999999994,1,1,1.0
83,8,150.6,817.8,287.70000000000005,144.60000000000002,1,1,1.0
83,9,77.4,573.9,256.5,131.88,1,1,1.0
83,10,566.3,735.7,174.60000000000002,341.0,1,1,1.0
84,1,87.1,671.4,216.9,145.60000000000002,1,1,1.0
84,2,1118.2,291.4,370.89999999999986,194.70000000000005,1,1,1.0
84,3,549.3,455.5,291.70000000000005,189.29999999999995,1,1,1.0
84,4,97.3,823.1,230.59999999999997,178.19999999999993,1,1,1.0
84,5,203.4,686.2,95.6,286.9,1,1,0.0
84,6,228.1,368.7,164.70000000000002,143.0,1,1,0.0
84,7,974.0,398.3,162.0999999999999,373.09999999999997,1,1,1.0
84,8,143.4,816.4,294.9,146.5,1,1,1.0
84,9,65.2,566.7,271.6,139.5999999999999,1,1,1.0
84,10,565.6,726.7,178.10000000000002,352.79999999999995,1,1,1.0
85,1,81.3,665.6,222.2,165.89999999999998,1,1,1.0
85,2,1117.5,291.4,371.5999999999999,194.70000000000005,1,1,1.0
85,3,569.0,405.1,287.6,190.29999999999995,1,1,1.0
85,4,97.3,823.1,230.59999999999997,178.19999999999993,1,1,1.0
85,5,203.4,686.2,95.6,290.4,1,1,0.0
85,6,228.1,369.7,166.29999999999998,142.0,1,1,0.0
85,7,983.3,398.3,152.79999999999995,374.8,1,1,1.0
85,8,152.1,818.2,286.20000000000005,143.29999999999995,1,1,1.0
85,9,71.3,567.3,260.5,133.80000000000007,1,1,1.0
85,10,565.6,734.3,178.10000000000002,345.20000000000005,1,1,1.0
86,1,29.2,669.0,255.2,144.70000000000005,1,1,1.0
86,2,1132.8,291.4,356.29999999999995,198.90000000000003,1,1,1.0
86,3,573.6,397.0,283.0,213.10000000000002,1,1,1.0
86,4,97.3,823.1,230.59999999999997,178.19999999999993,1,1,1.0
86,5,203.4,686.2,95.6,281.5,1,1,0.0
86,6,216.6,370.7,178.79999999999998,143.09999999999997,1,1,0.0
86,7,994.9,398.3,137.10000000000002,365.49999999999994,1,1,1.0
86,8,149.7,815.9,287.6,145.10000000000002,1,1,1.0
86,9,62.9,572.0,269.8,140.70000000000005,1,1,1.0
86,10,567.0,735.7,174.60000000000002,343.79999999999995,1,1,1.0
87,1,31.1,679.9,256.7,116.0,1,1,1.0
87,2,1121.2,291.4,370.20000000000005,206.40000000000003,1,1,1.0
87,3,586.3,395.3,264.5,215.99999999999994,1,1,1.0
87,4,97.3,824.0,230.59999999999997,177.29999999999995,1,1,1.0
87,5,203.4,705.4,95.6,268.6,1,1,0.0
87,6,230.2,374.9,163.60000000000002,135.70000000000005,1,1,0.0
87,7,974.7,396.6,158.5,371.19999999999993,1,1,1.0
87,8,154.5,817.3,284.2,144.20000000000005,1,1,1.0
87,9,73.9,564.0,251.6,137.10000000000002,1,1,1.0
87,10,568.4,735.7,172.5,343.79999999999995,1,1,1.0
88,1,54.3,708.5,194.7,141.39999999999998,1,1,1.0
88,2,1115.0,291.4,386.0999999999999,202.8,1,1,1.0
88,3,586.9,397.0,267.4,214.29999999999995,1,1,1.0
88,4,97.3,834.0,230.59999999999997,167.29999999999995,1,1,1.0
88,5,208.2,690.6,90.80000000000001,274.19999999999993,1,1,0.0
88,6,220.3,372.8,176.09999999999997,136.8,1,1,0.0
88,7,995.6,398.9,134.69999999999993,393.20000000000005,1,1,1.0
88,8,155.0,815.2,284.2,146.29999999999995,1,1,1.0
88,9,80.3,570.3,244.2,149.10000000000002,1,1,1.0
88,10,567.3,735.7,173.60000000000002,343.79999999999995,1,1,1.0
89,1,61.5,662.7,120.80000000000001,225.29999999999995,1,1,1.0
89,2,1096.3,290.0,405.5,202.89999999999998,1,1,1.0
89,3,586.9,396.4,269.70000000000005,213.0,1,1,1.0
89,4,100.0,823.1,227.89999999999998,178.19999999999993,1,1,1.0
89,5,204.3,685.8,93.80000000000001,279.0,1,1,0.0
89,6,220.3,362.3,171.39999999999998,134.2,1,1,0.0
89,7,995.6,398.9,129.4999999999999,405.4,1,1,1.0
89,8,151.1,820.7,287.6,138.89999999999998,1,1,1.0
89,9,78.9,567.9,244.6,149.10000000000002,1,1,1.0
89,10,568.4,737.8,170.70000000000005,341.70000000000005,1,1,1.0
90,1,103.0,687.3,284.4,145.70000000000005,1,1,1.0
90,2,1111.6,291.4,395.8000000000002,204.3,1,1,1.0
90,3,586.3,396.4,269.1,212.0,1,1,1.0
90,4,97.3,823.99,230.5,177.01,1,1,1.0
90,5,204.3,779.1,93.80000000000001,182.60000000000002,1,1,0.0
90,6,235.5,363.3,152.0,118.0,1,1,0.0
90,7,995.6,399.5,130.10000000000002,400.70000000000005,1,1,1.0
90,8,151.6,814.9,285.70000000000005,145.20000000000005,1,1,1.0
90,9,81.9,563.6,241.1,145.69999999999993,1,1,1.0
90,10,566.3,728.1,178.10000000000002,352.80000000000007,1,1,1.0
91,1,212.9,629.9,236.70000000000002,203.60000000000002,1,1,1.0
91,2,1097.0,292.1,407.5999999999999,200.09999999999997,1,1,1.0
91,3,586.3,394.7,269.1,218.3,1,1,1.0
91,4,97.6,824.29,230.50000000000003,176.41000000000008,1,1,1.0
91,5,188.9,743.4,112.70000000000002,218.10000000000002,1,1,0.0
91,6,251.7,387.9,143.7,129.5,1,1,0.0
91,7,996.2,404.1,126.59999999999991,401.29999999999995,1,1,1.0
91,8,151.6,820.0,284.20000000000005,140.60000000000002,1,1,1.0
91,9,79.8,571.8,222.0,138.0,1,1,1.0
91,10,564.9,735.0,180.20000000000005,344.79999999999995,1,1,1.0
92,1,236.7,623.6,210.0,225.5,1,1,1.0
92,2,1096.3,295.6,411.10000000000014,196.59999999999997,1,1,1.0
92,3,584.0,399.3,274.9,214.90000000000003,1,1,1.0
92,4,96.41,824.4,232.29,176.0,1,1,1.0
92,5,166.8,674.9,122.59999999999997,270.70000000000005,1,1,1.0
92,6,231.3,390.5,170.89999999999998,113.0,1,1,0.0
92,7,996.2,399.5,125.39999999999986,413.4,1,1,1.0
92,8,148.2,817.3,287.2,143.80000000000007,1,1,1.0
92,9,78.9,568.9,224.79999999999998,140.39999999999998,1,1,1.0
92,10,565.6,749.6,179.5,329.9,1,1,1.0
93,1,253.5,624.6,196.60000000000002,237.29999999999995,1,1,1.0
93,2,1108.8,295.6,398.60000000000014,196.59999999999997,1,1,1.0
93,3,584.6,401.0,277.19999999999993,204.70000000000005,1,1,1.0
93,4,96.0,823.1,232.7,176.69999999999993,1,1,1.0
93,5,196.5,681.9,101.19999999999999,166.0,1,1,0.0
93,6,237.6,382.7,161.50000000000003,120.0,1,1,0.0
93,7,995.6,403.0,126.60000000000002,414.5,1,1,1.0
93,8,156.1,817.9,280.70000000000005,142.70000000000005,1,1,1.0
93,9,81.0,572.3,216.39999999999998,139.9000000000001,1,1,1.0
93,10,567.0,742.7,178.10000000000002,336.79999999999995,1,1,1.0
94,1,262.1,626.5,193.29999999999995,238.29999999999995,1,1,1.0
94,2,1118.5,294.9,388.9000000000001,197.3,1,1,1.0
94,3,586.3,401.0,275.5,203.89999999999998,1,1,1.0
94,4,97.49,822.49,230.90999999999997,178.21000000000004,1,1,1.0
94,5,193.9,683.6,105.1,167.79999999999995,1,1,0.0
94,6,221.9,381.1,178.79999999999998,125.79999999999995,1,1,0.0
94,7,990.3,415.2,118.0,400.59999999999997,1,1,1.0
94,8,156.4,820.3,282.4,140.30000000000007,1,1,1.0
94,9,89.7,571.3,224.60000000000002,141.4000000000001,1,1,1.0
94,10,567.0,742.7,176.70000000000005,336.79999999999995,1,1,1.0
95,1,267.9,623.1,188.90000000000003,242.19999999999993,1,1,1.0
95,2,1117.8,294.9,389.60000000000014,197.3,1,1,1.0
95,3,575.3,403.3,290.0,198.7,1,1,1.0
95,4,96.9,823.1,231.49999999999997,177.60000000000002,1,1,1.0
95,5,196.1,684.9,105.1,166.5,1,1,0.0
95,6,237.1,382.7,164.1,120.0,1,1,0.0
95,7,997.8,441.6,133.60000000000014,396.19999999999993,1,1,1.0
95,8,156.4,820.3,281.4,140.30000000000007,1,1,1.0
95,9,79.3,571.3,235.0,139.20000000000005,1,1,1.0
95,10,567.0,739.9,175.29999999999995,339.6,1,1,1.0
96,1,270.8,623.6,191.8,248.39999999999998,1,1,1.0
96,2,1116.0,294.9,388.5999999999999,200.10000000000002,1,1,1.0
96,3,571.2,405.0,293.5,203.89999999999998,1,1,1.0
96,4,96.9,823.5,231.79999999999998,178.70000000000005,1,1,1.0
96,5,197.0,687.5,105.10000000000002,162.20000000000005,1,1,0.0
96,6,228.2,384.9,173.8,119.40000000000003,1,1,0.0
96,7,997.8,444.7,141.70000000000005,397.8,1,1,1.0
96,8,154.5,821.7,283.3,138.89999999999998,1,1,1.0
96,9,83.2,572.3,221.0,136.0,1,1,1.0
96,10,566.3,744.8,176.0,334.70000000000005,1,1,1.0
97,1,270.8,623.6,190.39999999999998,247.39999999999998,1,1,1.0
97,2,1115.4,294.2,388.5,200.8,1,1,1.0
97,3,571.2,407.3,292.29999999999995,210.3,1,1,1.0
97,4,96.9,823.5,231.79999999999998,178.70000000000005,1,1,1.0
97,5,197.4,682.3,105.1,166.0,1,1,0.0
97,6,224.5,384.1,176.89999999999998,121.69999999999999,1,1,0.0
97,7,997.8,448.2,148.60000000000014,404.09999999999997,1,1,1.0
97,8,155.5,823.2,282.3,137.39999999999998,1,1,1.0
97,9,90.4,562.7,200.29999999999998,149.5,1,1,1.0
97,10,566.3,737.9,176.0,343.0000000000001,1,1,1.0
98,1,269.4,623.6,190.40000000000003,249.79999999999995,1,1,1.0
98,2,1115.0,294.2,387.5,194.60000000000002,1,1,1.0
98,3,571.2,412.5,296.9,202.79999999999995,1,1,1.0
98,4,96.9,823.1,231.79999999999998,177.29999999999995,1,1,1.0
98,5,158.2,684.9,144.3,211.39999999999998,1,1,0.0
98,6,239.7,386.5,160.3,117.69999999999999,1,1,0.0
98,7,997.8,445.9,148.60000000000014,394.20000000000005,1,1,1.0
98,8,151.6,815.0,285.70000000000005,148.0,1,1,1.0
98,9,93.8,559.8,199.8,151.9000000000001,1,1,1.0
98,10,566.3,724.7,176.0,356.20000000000005,1,1,1.0
99,1,267.0,625.5,193.89999999999998,245.5,1,1,1.0
99,2,1121.3,294.2,375.4000000000001,194.60000000000002,1,1,1.0
99,3,575.8,409.6,299.20000000000005,181.39999999999998,1,1,1.0
99,4,96.9,822.2,231.79999999999998,177.79999999999995,1,1,1.0
99,5,146.0,664.0,140.39999999999998,244.89999999999998,1,1,0.0
99,6,230.1,396.0,173.79999999999998,114.5,1,1,0.0
99,7,997.8,445.9,148.60000000000014,390.70000000000005,1,1,1.0
99,8,154.5,814.5,282.3,146.60000000000002,1,1,1.0
99,9,95.2,560.3,200.8,151.4000000000001,1,1,1.0
99,10,567.6,719.1,176.79999999999995,361.80000000000007,1,1,1.0
100,1,266.0,625.5,200.5,240.70000000000005,1,1,1.0
100,2,1103.9,292.1,401.29999999999995,201.59999999999997,1,1,1.0
100,3,578.7,409.0,295.69999999999993,183.70000000000005,1,1,1.0
100,4,96.9,823.1,231.79999999999998,176.89999999999998,1,1,1.0
100,5,198.4,671.8,101.49999999999997,173.9000000000001,1,1,0.0
100,6,231.4,395.7,170.4,113.19999999999999,1,1,0.0
100,7,997.8,442.4,148.60000000000014,389.0,1,1,1.0
100,8,156.9,818.4,279.9,142.70000000000005,1,1,1.0
100,9,95.2,550.7,204.2,161.0,1,1,1.0
100,10,562.3,717.0,186.30000000000007,363.9000000000001,1,1,1.0
101,1,263.1,625.5,200.5,235.89999999999998,1,1,1.0
101,2,1106.2,290.7,401.0999999999999,203.5,1,1,1.0
101,3,582.2,411.3,289.9,170.40000000000003,1,1,1.0
101,4,96.9,822.2,231.79999999999998,177.79999999999995,1,1,1.0
101,5,187.0,669.7,90.30000000000001,157.69999999999993,1,1,0.0
101,6,239.7,395.2,162.10000000000002,110.0,1,1,0.0
101,7,997.8,440.7,144.0,364.09999999999997,1,1,1.0
101,8,156.4,815.0,280.4,145.60000000000002,1,1,1.0
101,9,92.8,549.7,206.59999999999997,162.0,1,1,1.0
101,10,561.85,715.4,187.35000000000002,364.19999999999993,1,1,1.0
102,1,261.2,625.5,197.7,235.89999999999998,1,1,1.0
102,2,1110.9,292.1,396.39999999999986,200.89999999999998,1,1,1.0
102,3,567.2,409.6,307.79999999999995,173.29999999999995,1,1,1.0
102,4,96.9,821.3,231.79999999999998,178.70000000000005,1,1,1.0
102,5,195.4,672.7,100.99999999999997,170.89999999999998,1,1,0.0
102,6,226.1,396.2,176.70000000000002,113.69999999999999,1,1,0.0
102,7,997.8,437.2,141.70000000000005,358.59999999999997,1,1,1.0
102,8,154.0,810.2,283.8,150.39999999999998,1,1,1.0
102,9,95.7,555.0,207.10000000000002,156.70000000000005,1,1,1.0
102,10,561.4,727.4,185.80000000000007,353.5000000000001,1,1,1.0
103,1,260.7,625.5,198.40000000000003,240.20000000000005,1,1,1.0
103,2,1110.9,292.1,395.0,200.89999999999998,1,1,1.0
103,3,518.6,419.4,359.29999999999995,171.60000000000002,1,1,1.0
103,4,96.9,821.3,231.79999999999998,178.70000000000005,1,1,1.0
103,5,193.2,678.4,103.60000000000002,163.89999999999998,1,1,1.0
103,6,232.9,396.2,171.99999999999997,111.10000000000002,1,1,0.0
103,7,997.8,444.7,139.29999999999995,351.40000000000003,1,1,1.0
103,8,150.6,809.3,289.1,151.30000000000007,1,1,1.0
103,9,93.3,545.4,211.39999999999998,169.70000000000005,1,1,1.0
103,10,562.3,732.3,181.4000000000001,348.60000000000014,1,1,1.0
104,1,263.1,626.0,195.89999999999998,235.79999999999995,1,1,1.0
104,2,1102.6,293.5,404.60000000000014,200.89999999999998,1,1,1.0
104,3,547.0,440.8,334.4,153.7,1,1,1.0
104,4,96.9,822.8,231.79999999999998,177.20000000000005,1,1,1.0
104,5,192.3,678.4,105.39999999999998,163.89999999999998,1,1,0.0
104,6,232.4,397.5,171.99999999999997,109.30000000000001,1,1,0.0
104,7,997.8,441.8,146.20000000000005,355.8,1,1,1.0
104,8,168.4,813.2,260.70000000000005,156.5999999999999,1,1,1.0
104,9,90.9,554.6,218.1,161.0,1,1,1.0
104,10,565.1,733.7,177.89999999999998,352.0999999999999,1,1,1.0
105,1,262.6,626.0,196.79999999999995,239.10000000000002,1,1,1.0
105,2,1098.0,295.6,409.29999999999995,197.39999999999998,1,1,1.0
105,3,563.2,424.6,314.0999999999999,193.0,1,1,1.0
105,4,96.9,822.2,231.79999999999998,177.79999999999995,1,1,1.0
105,5,198.1,675.8,100.9,170.4000000000001,1,1,0.0
105,6,226.1,397.8,177.79999999999998,113.19999999999999,1,1,0.0
105,7,997.8,438.9,140.4000000000001,374.80000000000007,1,1,1.0
105,8,171.8,801.6,258.2,169.69999999999993,1,1,1.0
105,9,94.3,551.7,217.59999999999997,165.29999999999995,1,1,1.0
105,10,562.1,741.4,178.79999999999995,344.4,1,1,1.0
106,1,262.6,624.6,198.29999999999995,242.19999999999993,1,1,1.0
106,2,1111.7,295.6,395.5999999999999,197.39999999999998,1,1,1.0
106,3,555.1,409.0,319.29999999999995,195.89999999999998,1,1,1.0
106,4,96.9,822.2,231.79999999999998,177.79999999999995,1,1,1.0
106,5,193.4,676.6,104.29999999999998,173.29999999999995,1,1,0.0
106,6,252.3,401.3,150.59999999999997,106.59999999999997,1,1,0.0
106,7,997.8,435.4,139.79999999999995,374.0,1,1,1.0
106,8,175.2,815.6,251.0,153.69999999999993,1,1,1.0
106,9,101.5,559.4,211.39999999999998,164.39999999999998,1,1,1.0
106,10,562.1,733.0,178.79999999999995,350.70000000000005,1,1,1.0
107,1,263.3,624.6,196.5,250.29999999999995,1,1,1.0
107,2,1094.3,297.0,406.79999999999995,193.2,1,1,1.0
107,3,518.1,409.0,351.69999999999993,184.89999999999998,1,1,1.0
107,4,96.9,822.2,231.79999999999998,177.79999999999995,1,1,1.0
107,5,194.4,687.1,105.1,162.60000000000002,1,1,0.0
107,6,245.1,406.13,158.4,106.97000000000003,1,1,0.0
107,7,997.8,437.7,139.79999999999995,392.50000000000006,1,1,1.0
107,8,173.7,819.5,251.10000000000002,152.20000000000005,1,1,1.0
107,9,106.3,562.8,193.59999999999997,170.20000000000005,1,1,1.0
107,10,564.9,737.2,175.30000000000007,345.79999999999995,1,1,1.0
108,1,265.4,624.6,199.10000000000002,244.89999999999998,1,1,1.0
108,2,1120.0,296.3,383.9000000000001,199.5,1,1,1.0
108,3,540.3,415.9,323.70000000000005,180.30000000000007,1,1,1.0
108,4,96.9,823.1,231.79999999999998,176.89999999999998,1,1,1.0
108,5,193.1,687.1,107.70000000000002,163.5,1,1,0.0
108,6,234.9,405.3,168.1,107.80000000000001,1,1,0.0
108,7,997.8,438.9,139.79999999999995,387.80000000000007,1,1,1.0
108,8,173.3,822.9,248.59999999999997,147.80000000000007,1,1,1.0
108,9,106.8,558.5,188.8,178.39999999999998,1,1,1.0
108,10,564.9,737.9,175.30000000000007,345.1,1,1,1.0
109,1,270.3,623.2,195.3,247.69999999999993,1,1,1.0
109,2,1118.6,296.3,388.10000000000014,198.09999999999997,1,1,1.0
109,3,553.4,432.1,317.5,162.39999999999998,1,1,1.0
109,4,96.9,823.1,233.49999999999997,177.79999999999995,1,1,1.0
109,5,190.0,686.2,90.30000000000001,156.0999999999999,1,1,0.0
109,6,238.4,398.0,162.99999999999997,105.19999999999999,1,1,0.0
109,7,997.8,440.6,141.0,404.0,1,1,1.0
109,8,171.9,821.5,252.20000000000002,149.29999999999995,1,1,1.0
109,9,108.2,557.5,185.8,180.79999999999995,1,1,1.0
109,10,564.9,737.9,175.30000000000007,345.1,1,1,1.0
110,1,269.8,622.7,193.14999999999998,248.0,1,1,1.0
110,2,1117.2,296.3,394.39999999999986,198.8,1,1,1.0
110,3,558.0,428.04,311.74,169.95999999999998,1,1,1.0
110,4,96.9,823.1,231.79999999999998,177.39999999999998,1,1,1.0
110,5,192.6,686.2,87.70000000000002,156.0999999999999,1,1,0.0
110,6,221.0,391.4,180.39999999999998,116.0,1,1,0.0
110,7,997.8,445.2,150.29999999999995,379.09999999999997,1,1,1.0
110,8,173.3,819.8,251.0,151.9000000000001,1,1,1.0
110,9,107.2,566.7,180.7,166.79999999999995,1,1,1.0
110,10,564.9,728.9,175.30000000000007,354.1,1,1,1.0
111,1,269.3,622.2,191.0,246.79999999999995,1,1,1.0
111,2,1122.1,296.3,389.5,198.8,1,1,1.0
111,3,559.7,415.3,304.29999999999995,186.2,1,1,1.0
111,4,96.9,823.1,231.79999999999998,177.39999999999998,1,1,1.0
111,5,192.6,681.8,87.70000000000002,160.5,1,1,0.0
111,6,228.3,391.9,177.3,113.40000000000003,1,1,0.0
111,7,997.8,445.8,144.5,370.40000000000003,1,1,1.0
111,8,174.7,820.5,249.60000000000002,150.70000000000005,1,1,1.0
111,9,54.6,564.8,252.1,149.4000000000001,1,1,1.0
111,10,567.0,712.9,175.29999999999995,372.9,1,1,1.0
112,1,269.7,622.7,192.0,244.89999999999998,1,1,1.0
112,2,1122.6,295.0,385.5,200.10000000000002,1,1,1.0
112,3,522.7,439.6,363.29999999999995,155.5,1,1,1.0
112,4,96.9,823.1,231.79999999999998,177.39999999999998,1,1,1.0
112,5,192.6,684.0,87.70000000000002,158.29999999999995,1,1,0.0
112,6,228.8,387.2,175.8,115.5,1,1,0.0
112,7,997.8,438.3,139.9000000000001,359.99999999999994,1,1,1.0
112,8,175.2,821.5,251.0,151.10000000000002,1,1,1.0
112,9,43.2,580.0,280.40000000000003,134.20000000000005,1,1,1.0
112,10,565.6,706.0,176.0,380.5,1,1,1.0
113,1,269.3,622.7,192.3,246.29999999999995,1,1,1.0
113,2,1126.2,296.3,381.89999999999986,198.8,1,1,1.0
113,3,559.2,400.3,293.19999999999993,202.3,1,1,1.0
113,4,96.9,824.0,231.79999999999998,176.5,1,1,1.0
113,5,192.6,684.4,87.70000000000002,161.80000000000007,1,1,0.0
113,6,216.2,385.6,188.90000000000003,112.89999999999998,1,1,0.0
113,7,997.8,434.8,136.4000000000001,386.59999999999997,1,1,1.0
113,8,176.2,822.95,252.2,149.64999999999998,1,1,1.0
113,9,70.0,570.58,257.9,157.62,1,1,1.0
113,10,558.0,732.4,189.20000000000005,354.1,1,1,1.0
114,1,269.3,623.7,193.89999999999998,245.29999999999995,1,1,1.0
114,2,1112.2,295.6,391.70000000000005,198.79999999999995,1,1,1.0
114,3,579.5,432.7,221.39999999999998,180.3,1,1,1.0
114,4,96.9,824.0,231.79999999999998,176.5,1,1,1.0
114,5,192.6,679.5,108.6,168.39999999999998,1,1,0.0
114,6,219.3,376.7,185.3,114.90000000000003,1,1,0.0
114,7,997.8,439.4,138.70000000000005,391.80000000000007,1,1,1.0
114,8,177.2,823.6,250.5,149.0,1,1,1.0
114,9,85.49,565.57,237.7,183.13,1,1,1.0
114,10,562.9,745.6,189.89999999999998,338.1,1,1,1.0
115,1,269.3,623.7,193.89999999999998,245.79999999999995,1,1,1.0
115,2,1110.9,294.9,395.79999999999995,201.60000000000002,1,1,1.0
115,3,578.3,430.9,223.20000000000005,176.30000000000007,1,1,1.0
115,4,96.9,824.0,229.99999999999997,176.20000000000005,1,1,1.0
115,5,192.6,680.8,107.70000000000002,182.4000000000001,1,1,0.0
115,6,217.2,375.1,186.90000000000003,115.09999999999997,1,1,0.0
115,7,997.8,436.5,139.9000000000001,392.4,1,1,1.0
115,8,177.2,810.9,249.10000000000002,164.60000000000002,1,1,1.0
115,9,87.3,567.7,233.39999999999998,183.69999999999993,1,1,1.0
115,10,559.4,750.5,192.70000000000005,329.70000000000005,1,1,1.0
116,1,269.3,623.2,193.89999999999998,244.89999999999998,1,1,1.0
116,2,1135.2,293.5,371.5,203.7,1,1,1.0
116,3,576.6,426.8,242.29999999999995,179.2,1,1,1.0
116,4,96.9,824.0,231.79999999999998,176.5,1,1,1.0
116,5,192.6,674.4,104.6,190.10000000000002,1,1,0.0
116,6,213.0,375.1,189.0,116.09999999999997,1,1,0.0
116,7,997.8,435.3,141.10000000000014,389.49999999999994,1,1,1.0
116,8,177.7,805.1,245.2,171.39999999999998,1,1,1.0
116,9,96.18,569.18,225.51999999999998,173.0200000000001,1,1,1.0
116,10,562.9,756.0,194.80000000000007,325.5999999999999,1,1,1.0
117,1,268.3,623.2,194.39999999999998,244.89999999999998,1,1,1.0
117,2,1142.1,294.9,360.4000000000001,199.90000000000003,1,1,1.0
117,3,576.6,420.5,248.10000000000002,181.39999999999998,1,1,1.0
117,4,96.9,824.0,231.79999999999998,176.5,1,1,1.0
117,5,136.3,667.9,179.2,219.30000000000007,1,1,1.0
117,6,219.3,372.5,181.7,128.10000000000002,1,1,0.0
117,7,997.8,435.9,141.10000000000014,372.1,1,1,1.0
117,8,167.7,821.0,253.3,161.79999999999995,1,1,1.0
117,9,92.6,563.8,229.6,188.5,1,1,1.0
117,10,564.0,753.3,193.79999999999995,328.29999999999995,1,1,1.0
118,1,266.4,623.2,196.3,244.39999999999998,1,1,1.0
118,2,1153.2,285.9,349.29999999999995,208.5,1,1,1.0
118,3,579.5,425.7,244.60000000000002,173.90000000000003,1,1,1.0
118,4,96.9,833.6,231.79999999999998,166.89999999999998,1,1,1.0
118,5,107.5,749.0,218.89999999999998,116.0,1,1,1.0
118,6,215.1,371.5,185.9,117.10000000000002,1,1,0.0
118,7,997.8,436.5,141.10000000000014,375.6,1,1,1.0
118,8,162.8,827.3,257.0,156.20000000000005,1,1,1.0
118,9,72.3,570.6,252.39999999999998,162.39999999999998,1,1,1.0
118,10,563.6,755.4,195.5,329.69999999999993,1,1,1.0
119,1,272.1,623.7,193.5,247.79999999999995,1,1,1.0
119,2,1156.7,283.6,345.79999999999995,210.2,1,1,1.0
119,3,581.8,415.9,243.5,179.10000000000002,1,1,1.0
119,4,96.9,824.4,231.79999999999998,176.10000000000002,1,1,1.0
119,5,135.9,756.9,208.20000000000002,98.5,1,1,1.0
119,6,213.0,373.1,188.5,116.5,1,1,0.0
119,7,997.8,436.5,136.5,369.4,1,1,1.0
119,8,155.1,830.7,272.6,148.69999999999993,1,1,1.0
119,9,81.42,568.14,246.18,164.96000000000004,1,1,1.0
119,10,563.6,763.0,192.69999999999993,322.0999999999999,1,1,1.0
120,1,270.7,623.2,195.40000000000003,244.39999999999998,1,1,1.0
120,2,1156.7,295.2,345.79999999999995,200.3,1,1,1.0
120,3,583.0,409.5,244.0,184.89999999999998,1,1,1.0
120,4,96.9,822.7,231.79999999999998,177.79999999999995,1,1,1.0
120,5,154.2,768.2,192.60000000000002,86.79999999999995,1,1,1.0
120,6,220.8,373.6,181.2,114.39999999999998,1,1,0.0
120,7,997.8,440.0,138.79999999999995,385.4,1,1,1.0
120,8,152.7,821.1,277.90000000000003,163.60000000000002,1,1,1.0
120,9,80.5,565.98,246.5,168.29999999999995,1,1,1.0
120,10,566.5,757.4,188.39999999999998,328.30000000000007,1,1,1.0
