1,1,541.08,481.73,229.62,169.76999999999998,1,1,1.0
1,2,741.74,433.36,230.02999999999997,180.23000000000002,1,1,1.0
1,3,917.3,415.9,139.0,293.30000000000007,1,1,1.0
1,4,952.67,355.63,266.83000000000004,234.97000000000003,1,1,1.0
1,5,1208.2,523.15,310.8499999999999,157.55000000000007,1,1,1.0
1,6,1261.92,136.48,348.30999999999995,196.02,1,1,1.0
1,7,1374.47,808.4,260.93000000000006,175.98000000000002,1,1,1.0
1,8,1673.3,571.5,249.26999999999998,290.1,1,1,1.0
1,9,1777.6,760.24,245.57000000000016,207.46000000000004,1,1,1.0
2,1,541.86,480.24,231.64,170.96000000000004,1,1,1.0
2,2,741.73,437.2,237.26999999999998,176.39000000000004,1,1,1.0
2,3,917.3,406.6,139.0,304.29999999999995,1,1,1.0
2,4,958.26,355.2,258.74,234.09999999999997,1,1,1.0
2,5,1172.9,527.96,337.5799999999999,158.33999999999992,1,1,1.0
2,6,1261.92,137.7,343.17999999999984,193.60000000000002,1,1,1.0
2,7,1373.03,806.3,262.3700000000001,175.93000000000006,1,1,1.0
2,8,1660.7,592.15,286.6299999999999,227.75,1,1,1.0
2,9,1779.1,746.17,243.94000000000005,216.43000000000006,1,1,1.0
3,1,546.37,479.05,223.83000000000004,173.65000000000003,1,1,1.0
3,2,741.73,431.45,242.66999999999996,182.14000000000004,1,1,1.0
3,3,917.3,415.9,143.20000000000005,291.1,1,1,1.0
3,4,961.54,359.93,257.1600000000001,228.96999999999997,1,1,1.0
3,5,1178.7,528.39,331.3499999999999,159.21000000000004,1,1,1.0
3,6,1265.36,137.35,335.44000000000005,193.54999999999998,1,1,1.0
3,7,1372.68,807.0,262.72,176.29999999999995,1,1,1.0
3,8,1674.1,644.35,300.9100000000001,166.35000000000002,1,1,1.0
3,9,1779.2,743.78,245.02999999999997,218.51999999999998,1,1,1.0
4,1,548.19,481.34,222.01,170.56,1,1,1.0
4,2,741.73,425.7,248.06999999999994,187.89000000000004,1,1,1.0
4,3,909.06,418.44,150.03999999999996,286.76000000000005,1,1,1.0
4,4,963.4,355.2,255.30000000000007,230.7,1,1,1.0
4,5,1215.8,532.69,316.53,159.20999999999992,1,1,1.0
4,6,1268.94,134.71,334.96000000000004,197.18999999999997,1,1,1.0
4,7,1367.3,806.6,270.9000000000001,175.26999999999998,1,1,1.0
4,8,1647.3,638.76,322.54999999999995,175.84000000000003,1,1,1.0
4,9,1780.1,735.42,237.86000000000013,228.2800000000001,1,1,1.0
5,1,548.07,482.28,217.42999999999995,172.32000000000005,1,1,1.0
5,2,741.74,429.0,253.86,184.59000000000003,1,1,1.0
5,3,917.3,399.4,142.79999999999995,314.78,1,1,1.0
5,4,978.55,351.76,233.25,236.24,1,1,1.0
5,5,1162.7,538.6,331.23,145.29999999999995,1,1,1.0
5,6,1265.86,137.66,333.0400000000002,195.34,1,1,1.0
5,7,1370.88,807.7,266.6199999999999,170.58999999999992,1,1,1.0
5,8,1648.6,637.47,314.8000000000002,179.73000000000002,1,1,1.0
5,9,1781.0,736.02,235.16000000000008,228.18000000000006,1,1,1.0
6,1,544.96,485.02,221.93999999999994,176.08000000000004,1,1,1.0
6,2,721.1,445.2,294.1,168.39000000000004,1,1,1.0
6,3,913.7,422.4,146.0999999999999,286.0,1,1,1.0
6,4,971.62,354.77,240.17999999999995,237.52999999999997,1,1,1.0
6,5,1154.1,539.89,336.3900000000001,143.21000000000004,1,1,1.0
6,6,1262.3,126.41,334.1600000000001,206.89000000000001,1,1,1.0
6,7,1376.62,805.5,261.98,173.86,1,1,1.0
6,8,1624.3,631.8,345.1100000000001,178.9000000000001,1,1,1.0
6,9,1780.1,735.42,237.56000000000017,228.48000000000002,1,1,1.0
7,1,555.12,485.02,214.08000000000004,177.58000000000004,1,1,1.0
7,2,725.4,446.6,301.4,161.60000000000002,1,1,1.0
7,3,917.3,415.9,142.10000000000014,291.5,1,1,1.0
7,4,958.89,356.04,256.90999999999997,235.85999999999996,1,1,1.0
7,5,1100.8,548.29,369.75,141.91000000000008,1,1,1.0
7,6,1250.33,135.5,377.3700000000001,193.95999999999998,1,1,1.0
7,7,1368.73,807.7,269.1700000000001,170.58999999999992,1,1,1.0
7,8,1622.2,632.23,343.77,184.06999999999994,1,1,1.0
7,9,1779.8,734.52,237.55999999999995,229.18000000000006,1,1,1.0
8,1,553.32,484.12,209.67999999999995,174.58000000000004,1,1,1.0
8,2,725.4,446.2,297.5,159.50000000000006,1,1,1.0
8,3,911.2,416.29,146.43000000000006,292.10999999999996,1,1,1.0
8,4,954.59,357.33,262.5099999999999,234.96999999999997,1,1,1.0
8,5,1135.82,564.78,342.8800000000001,129.32000000000005,1,1,1.0
8,6,1250.62,138.1,375.3800000000001,193.08,1,1,1.0
8,7,1361.47,807.3,281.03,176.36,1,1,1.0
8,8,1669.92,637.82,308.48,173.38,1,1,1.0
8,9,1781.3,726.98,232.77999999999997,236.72000000000003,1,1,1.0
9,1,548.54,482.33,220.66000000000008,176.37000000000006,1,1,1.0
9,2,723.25,448.74,303.54999999999995,153.36,1,1,1.0
9,3,917.3,432.06,143.20000000000005,273.84,1,1,1.0
9,4,961.47,356.47,256.53,234.52999999999997,1,1,1.0
9,5,1161.51,565.21,311.19000000000005,120.28999999999996,1,1,1.0
9,6,1251.67,135.5,372.6299999999999,194.82,1,1,1.0
9,7,1377.24,806.6,256.6600000000001,183.26,1,1,1.0
9,8,1660.85,489.91,283.95000000000005,266.59,1,1,1.0
9,9,1778.6,725.8,236.7900000000002,240.9000000000001,1,1,1.0
10,1,550.34,484.12,220.95999999999992,173.67999999999995,1,1,1.0
10,2,718.95,452.68,306.75,152.32,1,1,1.0
10,3,916.9,432.06,142.5000000000001,277.44,1,1,1.0
10,4,958.03,351.31,261.6700000000001,234.58999999999997,1,1,1.0
10,5,1154.23,557.04,310.3699999999999,122.46000000000004,1,1,1.0
10,6,1251.91,139.0,374.49,191.75,1,1,1.0
10,7,1377.24,807.0,255.66000000000008,185.73000000000002,1,1,1.0
10,8,1659.56,492.92,220.53999999999996,310.87999999999994,1,1,1.0
10,9,1780.4,726.49,235.7099999999998,238.71000000000004,1,1,1.0
11,1,550.63,482.93,220.07000000000005,172.17000000000002,1,1,1.0
11,2,718.95,446.94,306.75,159.45999999999998,1,1,1.0
11,3,909.42,442.45,148.98000000000013,264.95,1,1,1.0
11,4,963.62,350.45,258.67999999999995,232.34999999999997,1,1,1.0
11,5,1161.11,557.9,311.2900000000002,135.80000000000007,1,1,1.0
11,6,1251.24,129.5,366.1600000000001,200.82,1,1,1.0
11,7,1368.63,808.4,267.4699999999998,183.61,1,1,1.0
11,8,1663.43,486.47,188.06999999999994,333.42999999999995,1,1,1.0
11,9,1782.9,725.0,233.74,242.5,1,1,1.0
12,1,555.71,484.12,216.18999999999994,172.77999999999997,1,1,1.0
12,2,721.1,448.38,304.6,161.62,1,1,1.0
12,3,909.78,446.75,150.01999999999998,261.35,1,1,1.0
12,4,971.43,351.74,248.2700000000001,231.96000000000004,1,1,1.0
12,5,1156.4,556.18,298.78,137.92000000000007,1,1,1.0
12,6,1254.97,127.8,368.43000000000006,202.51999999999998,1,1,1.0
12,7,1383.33,806.6,248.07000000000016,193.80999999999995,1,1,1.0
12,8,1665.41,473.69,185.28999999999996,351.31,1,1,1.0
12,9,1781.5,719.92,228.1500000000001,246.08000000000004,1,1,1.0
13,1,541.97,481.43,226.32999999999993,198.77000000000004,1,1,1.0
13,2,717.52,450.88,306.38,154.12,1,1,1.0
13,3,910.85,442.45,147.85000000000002,265.25000000000006,1,1,1.0
13,4,974.87,353.46,245.2299999999999,231.54000000000002,1,1,1.0
13,5,1150.8,556.18,308.25,141.82000000000005,1,1,1.0
13,6,1251.19,138.6,380.80999999999995,191.72,1,1,1.0
13,7,1377.4,804.1,256.89999999999986,224.85000000000002,1,1,1.0
13,8,1644.94,470.57,214.55999999999995,347.72999999999996,1,1,1.0
13,9,1782.6,717.77,240.31000000000017,248.23000000000002,1,1,1.0
14,1,525.39,508.17,248.71000000000004,168.03000000000003,1,1,1.0
14,2,722.89,445.51,301.01,157.28999999999996,1,1,1.0
14,3,909.42,442.09,149.67999999999995,265.31,1,1,1.0
14,4,977.02,354.32,240.98000000000002,231.97999999999996,1,1,1.0
14,5,1146.5,552.3,310.0,151.30000000000007,1,1,1.0
14,6,1255.78,138.6,373.22,192.58,1,1,1.0
14,7,1379.91,805.5,259.78999999999996,214.13,1,1,1.0
14,8,1615.79,522.2,266.1100000000001,271.69999999999993,1,1,1.0
14,9,1781.9,724.58,237.78999999999996,242.12,1,1,1.0
15,1,532.88,512.95,230.41999999999996,155.14999999999998,1,1,1.0
15,2,730.78,445.51,293.52,160.59000000000003,1,1,1.0
15,3,915.2,441.73,144.94000000000005,265.27,1,1,1.0
15,4,975.3,353.89,244.4000000000001,228.90999999999997,1,1,1.0
15,5,1136.4,548.2,275.29999999999995,155.5999999999999,1,1,1.0
15,6,1251.96,137.3,374.44000000000005,194.31,1,1,1.0
15,7,1379.91,805.2,260.0899999999999,213.3499999999999,1,1,1.0
15,8,1314.12,396.1,239.3800000000001,200.29999999999995,1,1,1.0
15,9,1780.4,745.97,237.13999999999987,218.13,1,1,1.0
16,1,537.06,510.26,222.1400000000001,149.84000000000003,1,1,1.0
16,2,725.76,448.38,297.14,158.01999999999998,1,1,1.0
16,3,909.77,444.24,149.32999999999993,264.15999999999997,1,1,1.0
16,4,973.58,354.75,244.82000000000005,230.64999999999998,1,1,1.0
16,5,1165.9,556.41,277.23,146.39,1,1,1.0
16,6,1253.92,140.3,343.78,192.17000000000002,1,1,1.0
16,7,1380.63,807.7,257.27,205.8599999999999,1,1,1.0
16,8,1186.87,329.03,272.5300000000002,163.77000000000004,1,1,1.0
16,9,1782.2,735.86,240.71000000000004,231.43999999999994,1,1,1.0
17,1,532.28,511.16,240.62,147.13999999999993,1,1,1.0
17,2,734.72,449.09,289.17999999999995,154.81,1,1,1.0
17,3,908.7,443.17,151.79999999999995,268.83,1,1,1.0
17,4,978.31,356.04,240.49,228.56,1,1,1.0
17,5,1188.6,548.0,259.85000000000014,145.89999999999998,1,1,1.0
17,6,1254.71,139.3,359.19000000000005,192.52999999999997,1,1,1.0
17,7,1382.42,808.0,259.3799999999999,193.75,1,1,1.0
17,8,1170.51,339.48,271.19000000000005,146.41999999999996,1,1,1.0
17,9,1780.1,743.38,253.2800000000002,218.32000000000005,1,1,1.0
18,1,534.07,509.97,229.52999999999997,152.13,1,1,1.0
18,2,735.08,448.38,285.31999999999994,153.72000000000003,1,1,1.0
18,3,907.62,446.03,151.08000000000004,264.57000000000005,1,1,1.0
18,4,976.16,355.61,239.64,229.39,1,1,1.0
18,5,1111.7,553.52,314.1199999999999,152.38,1,1,1.0
18,6,1253.27,134.6,336.8299999999999,193.28,1,1,1.0
18,7,1375.61,806.3,272.69000000000005,195.79000000000008,1,1,1.0
18,8,1166.9,348.23,274.6999999999998,147.07,1,1,1.0
18,9,1772.6,759.2,274.5,200.69999999999993,1,1,1.0
19,1,527.2,495.36,234.69999999999993,181.43999999999994,1,1,1.0
19,2,739.74,447.66,285.26,155.44,1,1,1.0
19,3,911.2,442.1,146.79999999999995,266.0,1,1,1.0
19,4,971.43,356.04,223.37,243.95999999999998,1,1,1.0
19,5,1028.7,570.77,320.1399999999999,205.93000000000006,1,1,1.0
19,6,1255.43,137.8,332.8699999999999,193.67000000000002,1,1,1.0
19,7,1343.18,813.1,299.91999999999985,170.36,1,1,1.0
19,8,1139.4,350.82,250.83999999999992,226.88000000000005,1,1,1.0
19,9,1771.8,764.53,276.02,196.76999999999998,1,1,1.0
20,1,554.4,495.96,183.20000000000005,264.84,1,1,1.0
20,2,724.68,448.02,296.4200000000001,155.48000000000002,1,1,1.0
20,3,910.4,447.2,150.10000000000002,263.7,1,1,1.0
20,4,979.7,322.67,178.0999999999999,240.12999999999994,1,1,1.0
20,5,1068.1,591.26,295.51,197.74,1,1,1.0
20,6,1255.43,139.3,344.77,191.08999999999997,1,1,1.0
20,7,1353.0,811.3,292.5999999999999,171.08000000000004,1,1,1.0
20,8,1070.0,415.56,260.55999999999995,218.83999999999997,1,1,1.0
20,9,1770.0,762.38,275.6600000000001,197.51999999999998,1,1,1.0
21,1,555.4,498.96,185.82000000000005,325.84,1,1,1.0
21,2,721.82,447.3,301.78,153.99999999999994,1,1,1.0
21,3,909.0,448.2,148.5999999999999,265.96999999999997,1,1,1.0
21,4,996.6,261.39,171.14999999999998,275.40999999999997,1,1,1.0
21,5,1044.8,594.94,278.85000000000014,205.95999999999992,1,1,1.0
21,6,1253.63,138.6,349.16999999999985,191.08,1,1,1.0
21,7,1356.94,813.1,286.15999999999985,166.41999999999996,1,1,1.0
21,8,995.1,467.28,270.06000000000006,239.82000000000005,1,1,1.0
21,9,1774.7,764.2,272.79999999999995,199.19999999999993,1,1,1.0
22,1,413.4,651.2,266.81000000000006,188.69999999999993,1,1,1.0
22,2,726.83,448.73,296.37,158.66999999999996,1,1,1.0
22,3,907.8,447.2,154.9000000000001,222.50000000000006,1,1,0.0
22,4,996.0,264.83,239.52999999999997,212.97000000000003,1,1,1.0
22,5,1001.1,576.44,314.9999999999999,233.26,1,1,1.0
22,6,1256.86,137.8,347.34000000000015,192.22999999999996,1,1,1.0
22,7,1363.04,810.9,275.76,167.54000000000008,1,1,1.0
22,8,943.8,539.3,246.8900000000001,235.20000000000005,1,1,1.0
22,9,1768.5,764.53,275.3699999999999,198.87,1,1,1.0
23,1,382.33,657.65,266.07,168.14999999999998,1,1,1.0
23,2,696.13,448.09,325.66999999999996,143.41000000000003,1,1,1.0
23,3,895.8,455.47,185.97000000000003,235.63,1,1,1.0
23,4,988.2,249.2,282.16999999999985,136.8,1,1,1.0
23,5,1031.0,529.8,275.20000000000005,210.80000000000007,1,1,1.0
23,6,1258.29,141.4,329.30999999999995,188.98999999999998,1,1,1.0
23,7,1370.92,810.6,267.5799999999999,169.99,1,1,1.0
23,8,847.1,631.23,213.29000000000008,268.06999999999994,1,1,1.0
23,9,1773.9,763.81,268.17999999999984,197.79000000000008,1,1,1.0
24,1,415.64,568.7,169.96000000000004,275.5,1,1,1.0
24,2,722.08,448.09,289.2199999999999,146.01000000000005,1,1,1.0
24,3,894.1,453.75,190.2499999999999,237.75,1,1,1.0
24,4,997.89,278.72,275.81000000000006,191.67999999999995,1,1,1.0
24,5,1038.3,517.22,225.83000000000015,238.07999999999993,1,1,1.0
24,6,1252.81,136.4,386.8900000000001,191.49999999999997,1,1,1.0
24,7,1339.73,809.8,302.6700000000001,169.36,1,1,1.0
24,8,843.54,671.28,141.96000000000004,290.52,1,1,1.0
24,9,1774.6,764.89,268.5600000000002,197.11,1,1,1.0
25,1,429.33,559.26,156.57,283.84000000000003,1,1,1.0
25,2,708.38,442.72,304.32000000000005,151.0,1,1,1.0
25,3,891.9,452.46,195.0300000000001,234.74000000000007,1,1,1.0
25,4,1018.53,280.01,284.47,161.69,1,1,1.0
25,5,998.3,539.47,296.9200000000001,246.32999999999993,1,1,1.0
25,6,1249.94,137.2,370.26,192.49,1,1,1.0
25,7,1324.64,810.2,317.3599999999999,171.1099999999999,1,1,1.0
25,8,815.42,706.0,238.48000000000013,245.60000000000002,1,1,1.0
25,9,1768.9,764.53,269.5999999999999,192.47000000000003,1,1,1.0
26,1,418.15,560.33,159.35000000000002,270.56999999999994,1,1,1.0
26,2,709.5,439.44,302.48,153.56,1,1,1.0
26,3,892.3,451.6,194.20000000000005,239.0,1,1,1.0
26,4,1031.99,254.17,250.6099999999999,188.23,1,1,1.0
26,5,1006.0,589.52,289.26,222.68000000000006,1,1,1.0
26,6,1251.37,139.3,348.23,189.68,1,1,1.0
26,7,1325.36,812.4,322.44000000000005,178.23000000000002,1,1,1.0
26,8,811.03,728.49,263.06999999999994,211.21000000000004,1,1,1.0
26,9,1769.6,765.61,264.96000000000004,194.28999999999996,1,1,1.0
27,1,423.3,568.4,151.3,265.20000000000005,1,1,1.0
27,2,699.3,428.18,300.4200000000001,165.52000000000004,1,1,1.0
27,3,893.6,425.6,177.69999999999993,264.19999999999993,1,1,1.0
27,4,1041.36,252.02,244.74,200.87999999999997,1,1,1.0
27,5,943.6,628.77,324.16999999999996,159.23000000000002,1,1,1.0
27,6,1251.73,140.0,377.8699999999999,188.62,1,1,1.0
27,7,1351.74,810.2,289.55999999999995,185.24,1,1,1.0
27,8,814.61,720.51,267.7900000000001,217.39,1,1,1.0
27,9,1758.0,735.5,283.28999999999996,223.64,1,1,1.0
28,1,423.3,550.3,151.3,288.5,1,1,1.0
28,2,718.9,431.41,285.12,161.98999999999995,1,1,1.0
28,3,895.4,425.6,173.69999999999993,265.9,1,1,1.0
28,4,1042.22,250.3,238.87999999999988,192.3,1,1,1.0
28,5,895.07,651.56,363.69999999999993,143.74,1,1,1.0
28,6,1254.24,138.2,376.8599999999999,190.42000000000002,1,1,1.0
28,7,1359.58,810.2,281.72,185.5999999999999,1,1,1.0
28,8,814.25,725.62,217.8499999999999,202.88,1,1,1.0
28,9,1749.2,755.57,293.8799999999999,206.13,1,1,1.0
29,1,418.15,550.3,159.45000000000005,282.0,1,1,1.0
29,2,708.3,434.99,294.6400000000001,159.90999999999997,1,1,1.0
29,3,877.9,437.64,205.39999999999998,238.56000000000006,1,1,1.0
29,4,1042.22,249.44,241.87999999999988,191.45999999999998,1,1,1.0
29,5,889.56,635.54,286.44000000000005,127.46000000000004,1,1,1.0
29,6,1261.23,134.3,369.1700000000001,195.77999999999997,1,1,1.0
29,7,1362.44,805.5,287.46000000000004,180.83000000000004,1,1,1.0
29,8,827.61,720.61,207.09000000000003,206.09000000000003,1,1,1.0
29,9,1742.0,767.54,305.3800000000001,192.66000000000008,1,1,1.0
30,1,418.58,571.8,156.92000000000002,254.5,1,1,1.0
30,2,684.2,438.22,326.9799999999999,153.38,1,1,1.0
30,3,862.1,443.62,210.7299999999999,198.27999999999997,1,1,1.0
30,4,1043.08,249.44,242.72000000000003,191.95999999999998,1,1,1.0
30,5,795.18,620.99,317.91999999999996,111.50999999999999,1,1,1.0
30,6,1268.4,135.3,355.5,193.34999999999997,1,1,1.0
30,7,1363.52,806.6,288.18000000000006,179.01999999999998,1,1,1.0
30,8,829.04,728.49,236.76,208.71000000000004,1,1,1.0
30,9,1756.7,764.32,289.6099999999999,196.9799999999999,1,1,1.0
31,1,420.7,567.5,152.2,259.29999999999995,1,1,1.0
31,2,711.9,430.69,294.27,172.01000000000005,1,1,1.0
31,3,874.9,445.77,198.79000000000008,204.23000000000002,1,1,1.0
31,4,1038.35,246.86,253.35000000000014,212.33999999999997,1,1,1.0
31,5,805.38,591.94,265.0200000000001,148.76,1,1,1.0
31,6,1268.4,137.1,323.89999999999986,193.34,1,1,1.0
31,7,1368.54,804.5,272.05999999999995,183.99,1,1,1.0
31,8,836.4,778.4,237.80000000000007,178.30000000000007,1,1,1.0
31,9,1773.8,764.32,264.6200000000001,196.9799999999999,1,1,1.0
32,1,417.29,577.4,156.91000000000003,250.20000000000005,1,1,1.0
32,2,698.2,431.05,305.81999999999994,162.34999999999997,1,1,1.0
32,3,882.9,446.2,193.37,209.8,1,1,1.0
32,4,1035.77,246.43,249.43000000000006,246.37,1,1,1.0
32,5,819.1,586.35,272.69999999999993,152.64999999999998,1,1,1.0
32,6,1269.48,135.7,327.6199999999999,195.46000000000004,1,1,1.0
32,7,1364.23,804.8,278.1700000000001,184.4000000000001,1,1,1.0
32,8,832.27,769.36,232.23000000000002,188.03999999999996,1,1,1.0
32,9,1772.8,757.87,264.54999999999995,201.23000000000002,1,1,1.0
33,1,415.57,566.79,159.03000000000003,260.4100000000001,1,1,1.0
33,2,717.4,431.41,286.26,204.69,1,1,1.0
33,3,902.48,462.64,253.72000000000003,203.96000000000004,1,1,1.0
33,4,1031.9,248.58,261.5999999999999,232.92,1,1,1.0
33,5,831.02,592.53,271.5799999999999,155.97000000000003,1,1,1.0
33,6,1271.42,136.1,327.0799999999999,195.77,1,1,1.0
33,7,1362.44,803.7,273.8599999999999,185.8599999999999,1,1,1.0
33,8,826.89,754.9,235.31000000000006,193.10000000000002,1,1,1.0
33,9,1773.1,764.32,261.74,191.9799999999999,1,1,1.0
34,1,417.72,565.07,156.48000000000002,261.2299999999999,1,1,1.0
34,2,717.7,430.69,287.75,205.70999999999998,1,1,1.0
34,3,952.9,456.17,258.61,175.93,1,1,1.0
34,4,1037.49,250.73,262.1099999999999,234.27,1,1,1.0
34,5,839.51,593.82,267.3900000000001,149.38,1,1,1.0
34,6,1275.0,136.1,343.4000000000001,199.79,1,1,1.0
34,7,1363.88,802.3,276.41999999999985,187.98000000000002,1,1,1.0
34,8,826.18,749.53,231.41999999999996,199.57000000000005,1,1,1.0
34,9,1777.8,762.17,267.08000000000015,201.33000000000004,1,1,1.0
35,1,420.73,565.07,154.26999999999998,264.7299999999999,1,1,1.0
35,2,717.0,432.49,289.52,205.01,1,1,1.0
35,3,953.7,449.64,251.3499999999999,172.26,1,1,1.0
35,4,1035.82,246.38,258.58000000000015,236.42000000000002,1,1,1.0
35,5,837.36,592.53,269.14,155.07000000000005,1,1,1.0
35,6,1273.57,135.3,335.53,203.82,1,1,1.0
35,7,1372.84,801.96,273.46000000000004,191.14,1,1,1.0
35,8,829.04,749.17,234.55999999999995,195.5300000000001,1,1,1.0
35,9,1782.1,757.87,274.6800000000003,198.02999999999997,1,1,1.0
36,1,422.02,559.05,152.98000000000002,270.25,1,1,1.0
36,2,702.2,435.71,303.6099999999999,166.69,1,1,1.0
36,3,952.0,450.5,232.8699999999999,169.20000000000005,1,1,1.0
36,4,1028.17,258.9,273.1299999999999,208.8,1,1,1.0
36,5,840.37,587.37,269.13,162.83000000000004,1,1,1.0
36,6,1273.57,136.1,333.03,203.02,1,1,1.0
36,7,1370.69,803.0,270.30999999999995,191.57000000000005,1,1,1.0
36,8,826.18,746.3,238.5200000000001,198.80000000000007,1,1,1.0
36,9,1781.7,753.57,276.8700000000001,205.52999999999997,1,1,1.0
37,1,463.72,539.78,223.48000000000002,244.12,1,1,1.0
37,2,756.7,432.13,241.2199999999999,195.66999999999996,1,1,1.0
37,3,946.2,448.3,247.07999999999993,174.90000000000003,1,1,1.0
37,4,1026.02,254.17,271.78,187.43000000000004,1,1,1.0
37,5,831.84,607.58,278.9599999999999,146.91999999999996,1,1,1.0
37,6,1271.78,135.7,336.9200000000001,201.98000000000002,1,1,1.0
37,7,1364.2,803.7,272.79999999999995,185.5,1,1,1.0
37,8,827.97,750.24,244.43000000000006,207.15999999999997,1,1,1.0
37,9,1781.72,753.21,272.18000000000006,205.28999999999996,1,1,1.0
38,1,452.87,537.6,296.03,167.43999999999994,1,1,1.0
38,2,756.0,434.64,241.91999999999996,201.06000000000006,1,1,1.0
38,3,947.5,447.06,247.98000000000002,179.54000000000002,1,1,1.0
38,4,1031.61,253.31,252.69000000000005,215.89,1,1,1.0
38,5,845.61,598.12,270.2900000000001,153.77999999999997,1,1,1.0
38,6,1269.98,136.4,338.72,201.28,1,1,1.0
38,7,1370.33,806.62,263.47,188.27999999999997,1,1,1.0
38,8,827.97,762.43,245.82999999999993,196.07000000000005,1,1,1.0
38,9,1783.51,752.13,269.6899999999998,207.07000000000005,1,1,1.0
39,1,466.14,541.3,299.26,155.45000000000005,1,1,1.0
39,2,768.3,425.68,233.57000000000005,203.61999999999995,1,1,1.0
39,3,945.3,446.01,246.30999999999995,182.59000000000003,1,1,1.0
39,4,1035.96,247.29,244.44000000000005,224.91,1,1,1.0
39,5,840.45,605.86,273.75,147.74,1,1,1.0
39,6,1274.28,135.0,328.31999999999994,201.61,1,1,1.0
39,7,1377.5,806.62,259.9000000000001,180.77999999999997,1,1,1.0
39,8,834.78,768.62,253.42000000000007,188.48000000000002,1,1,1.0
39,9,1782.44,752.49,270.05999999999995,207.01,1,1,1.0
40,1,472.21,536.5,297.49000000000007,156.33000000000004,1,1,1.0
40,2,768.6,431.41,238.27999999999997,172.48999999999995,1,1,1.0
40,3,945.7,446.58,238.16999999999985,185.52000000000004,1,1,1.0
40,4,1032.95,248.58,241.54999999999995,229.31999999999996,1,1,1.0
40,5,834.46,593.39,272.44000000000005,158.11,1,1,1.0
40,6,1274.28,133.6,328.72,204.08,1,1,1.0
40,7,1370.69,804.82,264.51,187.9799999999999,1,1,1.0
40,8,819.98,741.16,214.31999999999994,220.94000000000005,1,1,1.0
40,9,1782.44,750.7,270.3600000000001,208.0999999999999,1,1,1.0
41,1,475.2,539.78,308.66,155.62,1,1,1.0
41,2,766.4,427.83,247.34000000000003,173.27000000000004,1,1,1.0
41,3,942.1,446.58,253.38,185.52000000000004,1,1,1.0
41,4,1026.5,250.3,255.9000000000001,223.89999999999998,1,1,1.0
41,5,831.45,593.39,273.25,159.61,1,1,1.0
41,6,1271.42,135.0,335.17999999999984,202.32,1,1,1.0
41,7,1377.85,802.67,258.45000000000005,177.93000000000006,1,1,1.0
41,8,816.4,768.52,278.69999999999993,194.98000000000002,1,1,1.0
41,9,1781.7,749.6,278.29999999999995,208.5,1,1,1.0
42,1,478.7,538.92,300.85999999999996,159.48000000000002,1,1,1.0
42,2,763.6,432.13,254.15999999999997,165.66999999999996,1,1,1.0
42,3,946.3,445.72,257.6400000000001,179.98000000000002,1,1,1.0
42,4,1024.44,261.82,260.96000000000004,192.78000000000003,1,1,1.0
42,5,820.04,595.11,285.55999999999995,154.89,1,1,1.0
42,6,1271.42,138.6,322.28,195.50000000000003,1,1,1.0
42,7,1385.76,805.18,255.24,177.5200000000001,1,1,1.0
42,8,816.4,784.12,273.0000000000001,190.88,1,1,1.0
42,9,1788.89,745.56,275.8099999999997,211.1400000000001,1,1,1.0
43,1,482.1,534.62,303.90999999999997,163.38,1,1,1.0
43,2,753.1,439.7,261.06999999999994,156.3,1,1,1.0
43,3,947.08,440.13,267.7199999999999,164.97000000000003,1,1,1.0
43,4,1039.88,249.82,246.01999999999998,227.98000000000002,1,1,1.0
43,5,820.9,597.26,287.69999999999993,147.14,1,1,1.0
43,6,1270.7,139.3,323.5,195.15999999999997,1,1,1.0
43,7,1385.76,805.18,253.74,174.72000000000003,1,1,1.0
43,8,828.63,770.72,289.37,203.57999999999993,1,1,1.0
43,9,1788.2,741.26,277.58000000000015,217.94000000000005,1,1,1.0
44,1,484.3,532.47,283.65000000000003,167.23000000000002,1,1,1.0
44,2,754.6,445.44,264.23,148.35999999999996,1,1,1.0
44,3,935.6,439.7,290.1,152.40000000000003,1,1,1.0
44,4,1036.44,250.68,248.15999999999985,227.92000000000002,1,1,1.0
44,5,825.63,586.94,282.9699999999999,159.15999999999997,1,1,1.0
44,6,1269.98,137.1,320.72,196.28,1,1,1.0
44,7,1383.97,803.75,254.82999999999993,172.95000000000005,1,1,1.0
44,8,836.52,775.73,284.3800000000001,201.47000000000003,1,1,1.0
44,9,1786.7,741.97,278.76999999999975,216.13,1,1,1.0
45,1,477.4,536.34,282.38,166.36,1,1,1.0
45,2,758.5,441.85,262.48,162.04999999999995,1,1,1.0
45,3,936.0,441.85,297.77,150.25,1,1,1.0
45,4,1042.03,248.1,239.97000000000003,234.79999999999998,1,1,1.0
45,5,807.18,591.67,280.22000000000014,148.5300000000001,1,1,1.0
45,6,1272.49,138.2,318.21000000000004,198.41000000000003,1,1,1.0
45,7,1375.9,805.18,261.5,179.32000000000005,1,1,1.0
45,8,842.73,775.81,280.6700000000001,204.59000000000003,1,1,1.0
45,9,1787.8,745.56,279.47,211.44000000000005,1,1,1.0
46,1,471.4,533.6,267.80000000000007,170.69999999999993,1,1,1.0
46,2,753.8,441.85,251.42000000000007,161.35000000000002,1,1,1.0
46,3,933.4,445.34,298.2199999999999,143.76000000000005,1,1,1.0
46,4,1035.58,250.25,263.82000000000016,227.95,1,1,1.0
46,5,833.5,555.47,186.5,254.32999999999993,1,1,1.0
46,6,1271.42,137.1,319.98,197.35999999999999,1,1,1.0
46,7,1375.15,801.24,262.25,179.36,1,1,1.0
46,8,843.81,776.88,279.28999999999996,207.12,1,1,1.0
46,9,1788.5,750.22,275.9000000000001,208.57999999999993,1,1,1.0
47,1,482.01,540.5,259.78999999999996,175.26999999999998,1,1,1.0
47,2,703.3,431.82,298.49,169.28000000000003,1,1,1.0
47,3,966.63,455.38,275.07000000000005,142.91999999999996,1,1,1.0
47,4,1026.45,249.82,308.54999999999995,185.18,1,1,1.0
47,5,841.0,559.07,266.31999999999994,215.2299999999999,1,1,1.0
47,6,1271.06,137.1,321.44000000000005,196.28,1,1,1.0
47,7,1373.72,799.45,261.8799999999999,185.14999999999998,1,1,1.0
47,8,839.51,782.62,270.8900000000001,196.67999999999995,1,1,1.0
47,9,1784.9,746.27,278.1199999999999,211.83000000000004,1,1,1.0
48,1,486.1,539.2,253.54999999999995,176.19999999999993,1,1,1.0
48,2,733.5,437.91,273.66999999999996,167.08999999999997,1,1,1.0
48,3,993.5,459.63,246.81999999999994,165.97000000000003,1,1,1.0
48,4,1018.99,256.7,316.9100000000001,178.8,1,1,1.0
48,5,816.3,557.11,276.9100000000001,183.49,1,1,1.0
48,6,1273.21,138.2,315.69000000000005,196.62,1,1,1.0
48,7,1376.94,799.81,267.96000000000004,185.09000000000003,1,1,1.0
48,8,841.66,774.38,262.5400000000001,206.41999999999996,1,1,1.0
48,9,1787.5,746.28,275.52,212.51999999999998,1,1,1.0
49,1,508.4,510.48,211.89,218.62,1,1,1.0
49,2,738.2,440.42,264.66999999999996,209.97999999999996,1,1,1.0
49,3,1001.5,434.92,238.33999999999992,194.78000000000003,1,1,1.0
49,4,1017.27,262.82,294.03,177.98000000000002,1,1,1.0
49,5,794.29,574.58,297.4100000000001,127.12,1,1,1.0
49,6,1272.13,139.3,317.06999999999994,195.51999999999998,1,1,1.0
49,7,1375.87,801.6,267.6300000000001,183.29999999999995,1,1,1.0
49,8,846.32,770.79,271.88,207.51,1,1,1.0
49,9,1785.7,750.93,279.47,228.2700000000001,1,1,1.0
50,1,531.6,437.5,193.85000000000002,272.6,1,1,1.0
50,2,710.2,440.42,291.2299999999999,172.28000000000003,1,1,1.0
50,3,1001.5,406.43,206.6500000000001,228.86999999999995,1,1,1.0
50,4,1016.84,268.03,297.06000000000006,168.47000000000003,1,1,1.0
50,5,796.0,575.1,272.0999999999999,186.89999999999998,1,1,1.0
50,6,1272.13,140.4,314.9699999999998,193.34,1,1,1.0
50,7,1379.81,803.75,261.19000000000005,180.75,1,1,1.0
50,8,833.68,767.21,262.62,209.58999999999992,1,1,1.0
50,9,1783.6,752.76,259.1200000000001,207.14,1,1,1.0
51,1,524.6,422.29,205.81999999999994,264.71,1,1,1.0
51,2,728.88,440.06,282.22,161.14000000000004,1,1,1.0
51,3,968.8,391.26,222.58000000000015,230.64,1,1,1.0
51,4,1025.06,289.92,281.24,167.38,1,1,1.0
51,5,793.0,590.6,273.5,178.29999999999995,1,1,1.0
51,6,1266.76,138.9,325.3399999999999,195.55999999999997,1,1,1.0
51,7,1383.39,801.6,255.40999999999985,183.69999999999993,1,1,1.0
51,8,828.94,755.28,252.46000000000004,212.51999999999998,1,1,1.0
51,9,1781.8,754.2,250.52999999999997,206.79999999999995,1,1,1.0
52,1,584.5,414.9,170.26,234.80000000000007,1,1,1.0
52,2,719.21,422.5,291.18999999999994,187.29999999999995,1,1,1.0
52,3,967.1,414.89,222.12,205.71000000000004,1,1,1.0
52,4,1037.44,279.17,269.05999999999995,210.22999999999996,1,1,1.0
52,5,800.59,596.6,305.2099999999999,169.29999999999995,1,1,1.0
52,6,1270.34,136.1,321.3600000000001,204.45000000000002,1,1,1.0
52,7,1388.41,800.88,252.18999999999983,184.01999999999998,1,1,1.0
52,8,836.11,755.64,260.18999999999994,214.65999999999997,1,1,1.0
52,9,1782.6,751.33,240.41000000000008,207.56999999999994,1,1,1.0
53,1,598.2,412.3,167.58999999999992,233.09999999999997,1,1,1.0
53,2,746.08,440.78,259.31999999999994,145.12,1,1,1.0
53,3,974.4,413.6,219.98000000000013,210.5,1,1,1.0
53,4,1038.73,277.88,276.6700000000001,219.32,1,1,1.0
53,5,796.3,594.0,313.9000000000001,133.10000000000002,1,1,1.0
53,6,1316.66,142.2,263.4399999999998,207.77000000000004,1,1,1.0
53,7,1374.08,800.52,265.4200000000001,185.48000000000002,1,1,1.0
53,8,832.88,767.11,242.7199999999999,208.59000000000003,1,1,1.0
53,9,1782.6,754.56,256.5400000000002,206.44000000000005,1,1,1.0
54,1,598.6,421.62,175.22000000000003,217.67999999999995,1,1,1.0
54,2,750.51,431.82,252.39,160.18,1,1,1.0
54,3,967.9,421.77,219.60000000000002,203.52999999999997,1,1,1.0
54,4,1043.27,297.38,286.1300000000001,206.92000000000002,1,1,1.0
54,5,800.16,601.76,340.7400000000001,128.03999999999996,1,1,1.0
54,6,1319.17,145.7,263.42999999999984,203.19,1,1,1.0
54,7,1374.43,801.6,263.66999999999985,185.79999999999995,1,1,1.0
54,8,831.81,766.03,245.59000000000015,212.57000000000005,1,1,1.0
54,9,1781.8,753.12,241.21000000000004,207.58000000000004,1,1,1.0
55,1,599.1,416.03,178.15999999999997,224.57000000000005,1,1,1.0
55,2,748.72,432.18,250.88,159.8,1,1,1.0
55,3,973.1,421.77,229.60000000000002,201.83000000000004,1,1,1.0
55,4,1108.38,313.88,262.7199999999998,217.62,1,1,1.0
55,5,819.44,611.57,335.05999999999995,116.2299999999999,1,1,1.0
55,6,1322.75,145.7,259.54999999999995,203.55,1,1,1.0
55,7,1376.22,801.6,266.5799999999999,185.79999999999995,1,1,1.0
55,8,837.54,767.11,255.76,209.28999999999996,1,1,1.0
55,9,1781.5,753.12,250.1099999999999,206.48000000000002,1,1,1.0
56,1,597.8,425.92,175.16000000000008,220.78000000000003,1,1,1.0
56,2,755.29,445.94,250.11,158.35999999999996,1,1,1.0
56,3,971.4,376.22,217.9699999999999,247.38,1,1,1.0
56,4,1113.39,324.48,285.01,201.41999999999996,1,1,1.0
56,5,823.46,605.98,338.3399999999999,115.41999999999996,1,1,1.0
56,6,1318.09,142.9,264.21000000000004,204.92,1,1,1.0
56,7,1375.51,800.88,266.49,183.62,1,1,1.0
56,8,832.53,766.04,243.06999999999994,210.06000000000006,1,1,1.0
56,9,1789.5,697.4,223.71000000000004,270.6,1,1,1.0
57,1,596.9,427.21,176.49,218.58999999999997,1,1,1.0
57,2,758.2,435.5,246.0999999999999,169.5,1,1,1.0
57,3,989.4,380.09,194.81000000000006,239.20999999999998,1,1,1.0
57,4,1134.27,378.32,277.53,172.68,1,1,1.0
57,5,850.7,597.8,347.39999999999986,118.30000000000007,1,1,1.0
57,6,1316.3,141.1,266.0,203.13000000000002,1,1,1.0
57,7,1384.11,803.03,251.8900000000001,187.57000000000005,1,1,1.0
57,8,832.53,757.79,257.56999999999994,219.01,1,1,1.0
57,9,1782.1,747.33,248.3800000000001,214.9699999999999,1,1,1.0
58,1,596.1,379.56,168.11,270.94,1,1,1.0
58,2,753.5,435.5,250.79999999999995,169.5,1,1,1.0
58,3,929.51,365.37,243.28999999999996,200.73000000000002,1,1,1.0
58,4,1131.69,383.05,277.51,166.24999999999994,1,1,1.0
58,5,873.1,584.0,258.56000000000006,128.70000000000005,1,1,1.0
58,6,1306.5,142.5,280.0999999999999,189.81,1,1,1.0
58,7,1380.88,802.31,252.91999999999985,189.3900000000001,1,1,1.0
58,8,820.7,763.53,228.5,201.47000000000003,1,1,1.0
58,9,1781.5,748.52,249.57999999999993,218.08000000000004,1,1,1.0
59,1,593.9,392.32,180.49,258.68,1,1,1.0
59,2,753.5,435.5,250.79999999999995,169.5,1,1,1.0
59,3,931.23,377.08,240.26999999999998,188.62000000000006,1,1,1.0
59,4,1132.55,381.76,279.25,167.53999999999996,1,1,1.0
59,5,885.6,579.7,238.30000000000007,133.79999999999995,1,1,1.0
59,6,1253.35,140.0,340.85000000000014,188.22000000000003,1,1,1.0
59,7,1380.53,802.32,257.56999999999994,193.67999999999995,1,1,1.0
59,8,831.45,753.85,217.75,214.35000000000002,1,1,1.0
59,9,1767.7,750.55,286.6400000000001,228.6500000000001,1,1,1.0
60,1,605.8,395.81,189.24,233.19,1,1,1.0
60,2,701.4,437.3,307.6,155.8,1,1,1.0
60,3,922.3,420.5,242.10000000000014,143.62,1,1,1.0
60,4,1133.41,380.04,283.99,168.85999999999996,1,1,1.0
60,5,894.47,578.6,229.73000000000002,170.0,1,1,1.0
60,6,1242.48,140.4,350.6199999999999,188.17,1,1,1.0
60,7,1382.32,801.96,255.3800000000001,194.03999999999996,1,1,1.0
60,8,851.0,745.82,202.9000000000001,228.77999999999997,1,1,1.0
60,9,1771.7,750.2,280.85000000000014,234.0,1,1,1.0
61,1,594.6,386.35,194.85000000000002,208.44999999999993,1,1,1.0
61,2,721.7,431.46,258.4699999999999,188.74000000000007,1,1,1.0
61,3,899.7,395.91,189.44000000000005,223.29000000000002,1,1,1.0
61,4,1133.41,379.61,276.1899999999998,173.18999999999994,1,1,1.0
61,5,902.64,589.27,240.15999999999997,134.83000000000004,1,1,1.0
61,6,1237.46,138.6,381.74,188.17999999999998,1,1,1.0
61,7,1348.06,809.12,293.24,186.58000000000004,1,1,1.0
61,8,843.12,743.31,224.88,225.19000000000005,1,1,1.0
61,9,1778.1,750.19,270.5,232.6099999999999,1,1,1.0
62,1,587.8,375.45,205.47000000000003,221.55,1,1,1.0
62,2,728.2,436.19,238.91999999999996,204.60999999999996,1,1,1.0
62,3,904.0,417.9,208.02999999999997,175.10000000000002,1,1,1.0
62,4,1128.16,382.62,250.63999999999987,172.27999999999997,1,1,1.0
62,5,891.46,589.7,291.3399999999999,127.59999999999991,1,1,1.0
62,6,1248.93,136.4,367.77,190.73999999999998,1,1,1.0
62,7,1353.08,798.26,284.6200000000001,199.94000000000005,1,1,1.0
62,8,839.1,749.4,263.30000000000007,219.5,1,1,1.0
62,9,1784.6,752.7,255.41000000000008,238.69999999999993,1,1,1.0
63,1,593.0,368.95,205.28999999999996,203.75000000000006,1,1,1.0
63,2,667.0,453.95,296.48,199.55,1,1,1.0
63,3,930.9,409.22,201.09000000000003,179.88,1,1,1.0
63,4,1127.73,376.6,254.06999999999994,175.29999999999995,1,1,1.0
63,5,891.18,587.54,295.82000000000005,127.75999999999999,1,1,1.0
63,6,1254.3,138.2,342.5,191.81,1,1,1.0
63,7,1354.51,812.78,284.28999999999996,181.42000000000007,1,1,1.0
63,8,841.61,748.69,265.7900000000001,218.70999999999992,1,1,1.0
63,9,1781.7,751.99,258.29999999999995,239.40999999999997,1,1,1.0
64,1,590.0,354.13,218.33000000000004,222.87,1,1,1.0
64,2,508.6,574.78,284.99,179.72000000000003,1,1,1.0
64,3,904.7,407.05,233.48000000000002,187.24999999999994,1,1,1.0
64,4,1109.9,371.18,254.79999999999995,178.32,1,1,1.0
64,5,887.31,587.11,292.8900000000001,126.88999999999999,1,1,1.0
64,6,1257.27,135.7,358.6300000000001,195.74,1,1,1.0
64,7,1354.15,808.83,284.64999999999986,185.76999999999998,1,1,1.0
64,8,845.91,750.48,266.9900000000001,220.51999999999998,1,1,1.0
64,9,1780.3,752.8,254.83000000000015,242.60000000000002,1,1,1.0
65,1,590.0,362.5,227.60000000000002,209.39999999999998,1,1,1.0
65,2,433.7,598.23,284.3,140.56999999999994,1,1,1.0
65,3,904.7,410.49,230.89999999999986,183.40999999999997,1,1,1.0
65,4,1106.89,369.03,260.80999999999995,180.97000000000003,1,1,1.0
65,5,884.73,583.24,287.8699999999999,126.46000000000004,1,1,1.0
65,6,1259.06,136.8,356.44000000000005,194.64,1,1,1.0
65,7,1360.6,814.21,275.0,180.39,1,1,1.0
65,8,845.91,755.49,265.4900000000001,220.90999999999997,1,1,1.0
65,9,1780.6,754.57,254.17000000000007,237.2299999999999,1,1,1.0
66,1,586.5,365.94,231.52999999999997,213.66000000000003,1,1,1.0
66,2,436.7,597.5,287.8,139.90999999999997,1,1,1.0
66,3,902.5,410.92,235.25,182.57999999999998,1,1,1.0
66,4,1109.9,364.3,259.5,187.40000000000003,1,1,1.0
66,5,876.98,583.24,309.22,125.55999999999995,1,1,1.0
66,6,1257.6,136.1,337.9000000000001,195.70000000000002,1,1,1.0
66,7,1370.11,800.23,267.99,190.76999999999998,1,1,1.0
66,8,847.7,756.57,268.29999999999995,221.63,1,1,1.0
66,9,1787.1,750.98,245.87000000000012,224.51999999999998,1,1,1.0
67,1,583.9,366.8,214.77999999999997,237.8,1,1,1.0
67,2,445.66,594.98,281.73999999999995,136.31999999999994,1,1,1.0
67,3,907.3,408.77,234.31999999999994,184.73000000000002,1,1,1.0
67,4,1109.9,364.3,275.1999999999998,186.49999999999994,1,1,1.0
67,5,949.45,526.6,327.75,151.39999999999998,1,1,1.0
67,6,1258.7,135.7,338.0999999999999,197.53000000000003,1,1,1.0
67,7,1365.09,799.48,270.9100000000001,187.22000000000003,1,1,1.0
67,8,845.91,758.0,259.9900000000001,218.79999999999995,1,1,1.0
67,9,1786.1,754.57,247.59000000000015,222.02999999999997,1,1,1.0
68,1,593.2,366.56,232.66999999999996,245.14000000000004,1,1,1.0
68,2,457.25,610.15,234.75,162.45000000000005,1,1,1.0
68,3,906.0,403.61,237.33999999999992,185.59000000000003,1,1,1.0
68,4,1121.9,360.1,285.79999999999995,182.79999999999995,1,1,1.0
68,5,1037.75,483.93,277.1500000000001,150.57,1,1,1.0
68,6,1263.4,138.93,346.03,194.26999999999998,1,1,1.0
68,7,1364.38,799.48,271.91999999999985,186.51999999999998,1,1,1.0
68,8,837.31,759.89,256.3900000000001,218.31000000000006,1,1,1.0
68,9,1786.8,752.42,249.76,228.48000000000002,1,1,1.0
69,1,590.9,327.94,191.86,258.96,1,1,1.0
69,2,446.03,607.31,222.17000000000007,201.3900000000001,1,1,1.0
69,3,917.3,409.63,229.48000000000002,203.97000000000003,1,1,1.0
69,4,1118.5,361.0,281.4000000000001,191.79999999999995,1,1,1.0
69,5,1046.62,447.42,223.68000000000006,211.37999999999994,1,1,1.0
69,6,1265.87,137.9,346.0300000000002,194.98,1,1,1.0
69,7,1366.88,799.12,270.52,186.88,1,1,1.0
69,8,837.31,760.97,246.99,216.82999999999993,1,1,1.0
69,9,1792.2,754.21,239.33999999999992,222.68999999999994,1,1,1.0
70,1,621.6,313.6,171.48000000000002,288.4,1,1,1.0
70,2,447.5,617.47,214.10000000000002,176.42999999999995,1,1,1.0
70,3,908.6,404.9,235.60000000000002,212.60000000000002,1,1,1.0
70,4,1128.4,356.3,269.0,195.59999999999997,1,1,1.0
70,5,1092.8,399.6,172.9000000000001,264.29999999999995,1,1,1.0
70,6,1265.15,134.6,347.8499999999999,196.48,1,1,1.0
70,7,1379.07,798.77,256.93000000000006,185.83000000000004,1,1,1.0
70,8,833.73,759.54,242.56999999999994,218.66000000000008,1,1,1.0
70,9,1781.8,753.85,252.97000000000003,230.75,1,1,1.0
71,1,590.62,319.87,184.17999999999995,276.53,1,1,1.0
71,2,446.7,619.26,213.46999999999997,173.24,1,1,1.0
71,3,917.2,422.96,202.8599999999999,197.54000000000002,1,1,1.0
71,4,1174.76,360.33,237.53999999999996,246.96999999999997,1,1,1.0
71,5,1060.6,376.7,140.80000000000018,346.2,1,1,1.0
71,6,1265.15,135.7,341.4499999999998,196.82,1,1,1.0
71,7,1375.84,799.48,267.96000000000004,187.62,1,1,1.0
71,8,830.14,758.1,243.56000000000006,210.79999999999995,1,1,1.0
71,9,1781.8,753.49,249.3800000000001,231.11,1,1,1.0
72,1,470.88,334.7,275.82000000000005,148.64,1,1,1.0
72,2,446.4,616.03,215.56000000000006,176.47000000000003,1,1,1.0
72,3,918.5,419.95,199.99,199.25000000000006,1,1,1.0
72,4,1166.97,389.77,253.12999999999988,218.33000000000004,1,1,1.0
72,5,1056.6,379.5,145.9000000000001,348.0,1,1,1.0
72,6,1258.7,136.4,333.0,195.4,1,1,1.0
72,7,1379.79,799.12,269.4100000000001,188.67999999999995,1,1,1.0
72,8,822.97,763.84,259.1299999999999,206.15999999999997,1,1,1.0
72,9,1781.4,755.64,252.64999999999986,231.76,1,1,1.0
73,1,365.1,425.4,194.29999999999995,246.80000000000007,1,1,1.0
73,2,448.5,618.9,215.61,171.80000000000007,1,1,1.0
73,3,915.9,416.08,214.11,210.42000000000002,1,1,1.0
73,4,1159.99,399.14,264.80999999999995,211.15999999999997,1,1,1.0
73,5,1051.0,381.7,154.4000000000001,352.3,1,1,1.0
73,6,1253.33,122.4,345.97,210.47,1,1,1.0
73,7,1390.19,790.01,292.1099999999999,197.09000000000003,1,1,1.0
73,8,822.44,769.21,254.96000000000004,196.78999999999996,1,1,1.0
73,9,1780.0,754.57,249.3900000000001,230.02999999999997,1,1,1.0
74,1,338.9,494.84,144.3,274.56,1,1,1.0
74,2,427.2,617.11,230.45999999999998,183.68999999999994,1,1,1.0
74,3,918.9,418.23,201.12,204.87,1,1,1.0
74,4,1158.7,404.97,262.29999999999995,207.73000000000002,1,1,1.0
74,5,1054.4,386.4,145.5999999999999,334.20000000000005,1,1,1.0
74,6,1249.03,139.0,364.06999999999994,192.44,1,1,1.0
74,7,1388.39,790.01,269.80999999999995,197.78999999999996,1,1,1.0
74,8,820.29,765.63,266.80999999999995,198.97000000000003,1,1,1.0
74,9,1772.4,755.28,259.78,230.72000000000003,1,1,1.0
75,1,336.72,518.5,133.07999999999998,258.20000000000005,1,1,1.0
75,2,440.6,578.7,171.19999999999993,262.9,1,1,1.0
75,3,919.8,416.7,209.35000000000014,206.00000000000006,1,1,1.0
75,4,1155.3,402.0,260.5,199.29999999999995,1,1,1.0
75,5,1061.6,399.3,137.0,266.49999999999994,1,1,1.0
75,6,1248.67,132.1,374.53,200.42,1,1,1.0
75,7,1391.26,788.93,267.74,202.7700000000001,1,1,1.0
75,8,830.33,752.01,266.07000000000005,211.09000000000003,1,1,1.0
75,9,1769.2,754.57,256.04999999999995,189.82999999999993,1,1,1.0
76,1,330.07,532.8,124.23000000000002,250.80000000000007,1,1,1.0
76,2,435.53,606.2,202.97000000000003,268.79999999999995,1,1,1.0
76,3,918.9,412.4,226.5000000000001,225.5,1,1,1.0
76,4,1150.1,396.08,272.8000000000002,213.71999999999997,1,1,1.0
76,5,1060.1,445.59,142.07000000000016,283.51000000000005,1,1,1.0
76,6,1250.1,118.0,356.10000000000014,213.8,1,1,1.0
76,7,1390.19,789.29,270.90999999999985,205.71000000000004,1,1,1.0
76,8,829.35,751.53,272.2499999999999,215.17000000000007,1,1,1.0
76,9,1770.6,754.21,247.6300000000001,189.08999999999992,1,1,1.0
77,1,328.78,533.23,141.52000000000004,262.37,1,1,1.0
77,2,440.24,647.02,238.76,230.08000000000004,1,1,1.0
77,3,921.5,415.41,223.47000000000003,220.69,1,1,1.0
77,4,1160.85,390.06,271.1500000000001,221.44,1,1,1.0
77,5,1068.4,435.2,139.14999999999986,302.00000000000006,1,1,1.0
77,6,1254.04,128.1,346.05999999999995,203.70000000000002,1,1,1.0
77,7,1391.62,790.73,271.68000000000006,206.06999999999994,1,1,1.0
77,8,836.16,752.96,277.34000000000003,212.74,1,1,1.0
77,9,1771.3,761.02,251.27999999999997,184.48000000000002,1,1,1.0
78,1,330.5,528.5,143.2,282.29999999999995,1,1,1.0
78,2,442.39,645.59,233.01,227.61,1,1,1.0
78,3,916.3,416.27,227.80999999999995,228.52999999999997,1,1,1.0
78,4,1156.55,389.63,270.35000000000014,220.97000000000003,1,1,1.0
78,5,1061.4,459.65,133.14999999999986,299.75,1,1,1.0
78,6,1256.91,135.2,352.99,196.96000000000004,1,1,1.0
78,7,1390.9,791.8,273.0999999999999,203.5,1,1,1.0
78,8,845.94,752.98,279.8599999999999,215.91999999999996,1,1,1.0
78,9,1781.4,764.96,236.87999999999988,184.83999999999992,1,1,1.0
79,1,330.5,528.5,143.2,275.0,1,1,1.0
79,2,440.96,641.29,239.04000000000002,232.91000000000008,1,1,1.0
79,3,919.4,411.11,224.2800000000001,232.78999999999996,1,1,1.0
79,4,1154.4,389.2,257.6999999999998,226.09999999999997,1,1,1.0
79,5,1056.1,445.68,144.72000000000003,275.92,1,1,1.0
79,6,1257.27,139.5,354.03,192.66000000000003,1,1,1.0
79,7,1391.62,789.65,280.48,203.55000000000007,1,1,1.0
79,8,854.94,758.1,280.96000000000004,219.69999999999993,1,1,1.0
79,9,1781.4,761.14,237.24,195.15999999999997,1,1,1.0
80,1,330.5,542.3,147.89999999999998,254.30000000000007,1,1,1.0
80,2,450.64,646.66,237.76,236.94000000000005,1,1,1.0
80,3,913.8,414.12,230.74,228.88,1,1,1.0
80,4,1160.42,398.23,252.48000000000002,197.37,1,1,1.0
80,5,1069.03,432.63,184.97000000000003,303.16999999999996,1,1,1.0
80,6,1258.34,137.7,346.1600000000001,194.46000000000004,1,1,1.0
80,7,1388.75,792.52,272.25,201.68000000000006,1,1,1.0
80,8,852.26,763.83,273.74,217.06999999999994,1,1,1.0
80,9,1782.1,762.22,234.96000000000004,217.27999999999997,1,1,1.0
81,1,329.64,535.38,143.66000000000003,272.41999999999996,1,1,1.0
81,2,442.04,695.87,277.46,186.33000000000004,1,1,1.0
81,3,906.0,413.26,239.4000000000001,235.84000000000003,1,1,1.0
81,4,1157.84,399.52,254.66000000000008,208.08000000000004,1,1,1.0
81,5,1078.0,431.34,137.72000000000003,300.66,1,1,1.0
81,6,1259.42,141.4,337.0799999999999,191.47,1,1,1.0
81,7,1389.83,790.01,272.97,207.49,1,1,1.0
81,8,855.66,759.89,259.64,219.71000000000004,1,1,1.0
81,9,1779.6,759.71,236.3800000000001,196.99,1,1,1.0
82,1,330.93,542.55,141.87,272.6500000000001,1,1,1.0
82,2,454.9,755.6,304.39,148.95999999999992,1,1,1.0
82,3,908.2,417.13,237.62999999999988,229.87,1,1,1.0
82,4,1150.53,405.69,296.47,177.10999999999996,1,1,1.0
82,5,1073.3,432.2,149.29999999999995,273.09999999999997,1,1,1.0
82,6,1259.42,143.5,333.48,189.73000000000002,1,1,1.0
82,7,1391.26,791.08,273.6400000000001,203.51999999999998,1,1,1.0
82,8,850.28,757.74,251.62000000000012,220.05999999999995,1,1,1.0
82,9,1781.4,763.29,238.51999999999998,195.31000000000006,1,1,1.0
83,1,329.64,544.27,141.46000000000004,274.33000000000004,1,1,1.0
83,2,506.1,660.4,298.79999999999995,181.20000000000005,1,1,1.0
83,3,911.6,416.7,233.80000000000007,225.09999999999997,1,1,1.0
83,4,1186.52,426.96,271.8800000000001,145.54000000000002,1,1,1.0
83,5,1074.59,439.94,134.21000000000004,266.06,1,1,1.0
83,6,1260.5,143.2,332.4000000000001,189.32,1,1,1.0
83,7,1390.9,790.72,276.89999999999986,203.48000000000002,1,1,1.0
83,8,835.44,749.45,226.05999999999995,223.75,1,1,1.0
83,9,1783.2,760.07,225.6099999999999,193.82999999999993,1,1,1.0
84,1,330.5,549.43,142.3,253.2700000000001,1,1,1.0
84,2,597.25,631.9,320.15,177.14999999999998,1,1,1.0
84,3,913.3,414.55,232.52999999999997,221.65000000000003,1,1,1.0
84,4,1210.8,421.8,280.20000000000005,148.59999999999997,1,1,1.0
84,5,1053.24,470.09,136.76,311.21,1,1,1.0
84,6,1261.57,146.4,330.6300000000001,184.32000000000002,1,1,1.0
84,7,1390.54,790.01,280.6600000000001,202.78999999999996,1,1,1.0
84,8,802.84,740.37,218.05999999999995,216.13,1,1,1.0
84,9,1783.9,759.71,241.5,193.18999999999994,1,1,1.0
85,1,328.35,555.02,155.54999999999995,251.88,1,1,1.0
85,2,604.8,631.9,314.70000000000005,172.5,1,1,1.0
85,3,914.6,415.41,232.94999999999993,220.79000000000002,1,1,1.0
85,4,1195.55,423.23,304.54999999999995,144.76999999999998,1,1,1.0
85,5,1042.91,461.92,159.0999999999999,283.18,1,1,1.0
85,6,1255.1,144.24,337.48,188.26,1,1,1.0
85,7,1391.26,790.01,283.6400000000001,203.89,1,1,1.0
85,8,746.75,778.32,269.15,141.67999999999995,1,1,1.0
85,9,1781.7,758.63,259.91999999999985,190.26999999999998,1,1,1.0
86,1,330.07,550.29,143.82999999999998,267.51,1,1,1.0
86,2,605.1,629.4,310.79999999999995,172.10000000000002,1,1,1.0
86,3,915.5,415.41,228.6099999999999,217.79000000000002,1,1,1.0
86,4,1188.69,419.65,313.51,146.85000000000002,1,1,1.0
86,5,1032.9,448.4,166.0999999999999,340.4,1,1,1.0
86,6,1254.4,138.5,342.8399999999999,195.10000000000002,1,1,1.0
86,7,1390.9,790.73,270.89999999999986,203.47000000000003,1,1,1.0
86,8,754.4,701.19,256.37,212.70999999999992,1,1,1.0
86,9,1780.3,757.2,266.70000000000005,201.0,1,1,1.0
87,1,331.36,550.72,142.74,270.28,1,1,1.0
87,2,606.9,633.72,307.1700000000001,167.48000000000002,1,1,1.0
87,3,912.5,414.55,232.9000000000001,225.95,1,1,1.0
87,4,1226.28,418.88,357.31999999999994,142.91999999999996,1,1,1.0
87,5,1054.1,452.7,144.9000000000001,335.3,1,1,1.0
87,6,1253.0,134.56,360.47,197.94,1,1,1.0
87,7,1390.19,789.29,268.40999999999985,201.41000000000008,1,1,1.0
87,8,840.4,610.45,184.4699999999999,281.04999999999995,1,1,1.0
87,9,1783.2,757.92,263.0799999999999,190.98000000000002,1,1,1.0
88,1,325.34,550.29,146.66000000000003,265.11,1,1,1.0
88,2,607.3,631.93,300.31000000000006,177.47000000000003,1,1,1.0
88,3,918.9,413.26,225.64,212.24,1,1,1.0
88,4,1264.6,413.08,316.1600000000001,142.62000000000006,1,1,1.0
88,5,1043.4,448.4,160.29999999999995,322.6,1,1,1.0
88,6,1257.6,135.99,358.02,194.70999999999998,1,1,1.0
88,7,1389.83,790.01,266.97,196.39,1,1,1.0
88,8,877.7,637.96,151.1199999999999,263.03999999999996,1,1,1.0
88,9,1781.7,757.2,265.29999999999995,196.39999999999998,1,1,1.0
89,1,325.77,554.16,144.03000000000003,263.44000000000005,1,1,1.0
89,2,620.0,610.92,286.08000000000004,217.68000000000006,1,1,1.0
89,3,918.5,415.84,228.24,204.06,1,1,1.0
89,4,1313.5,368.6,278.8299999999999,166.79999999999995,1,1,1.0
89,5,1063.2,463.45,134.51,324.15000000000003,1,1,1.0
89,6,1256.2,139.58,346.15999999999985,193.61999999999998,1,1,1.0
89,7,1391.62,788.93,292.7800000000002,198.47000000000003,1,1,1.0
89,8,885.6,635.45,145.00999999999988,269.8499999999999,1,1,1.0
89,9,1782.8,757.2,264.20000000000005,195.29999999999995,1,1,1.0
90,1,324.91,549.43,147.48999999999995,265.1700000000001,1,1,1.0
90,2,630.9,564.67,240.43000000000006,244.33000000000004,1,1,1.0
90,3,917.92,414.1,227.98000000000013,209.66999999999996,1,1,1.0
90,4,1327.2,360.28,277.46000000000004,170.42000000000007,1,1,1.0
90,5,1064.9,462.2,131.5,306.3,1,1,1.0
90,6,1253.0,133.84,340.76,196.85999999999999,1,1,1.0
90,7,1391.07,789.81,258.73,221.09000000000003,1,1,1.0
90,8,882.83,594.68,151.76999999999987,297.4200000000001,1,1,1.0
90,9,1782.5,757.2,266.3899999999999,197.0999999999999,1,1,1.0
91,1,329.64,543.41,147.06,277.59000000000003,1,1,1.0
91,2,639.6,562.17,212.53999999999996,246.83000000000004,1,1,1.0
91,3,918.35,411.5,227.55000000000007,187.99,1,1,1.0
91,4,1323.6,376.51,243.47000000000003,156.69000000000005,1,1,1.0
91,5,1041.6,462.2,149.20000000000005,309.59999999999997,1,1,1.0
91,6,1255.8,115.75,332.03,216.45,1,1,1.0
91,7,1365.07,801.14,304.73,192.26,1,1,1.0
91,8,850.14,567.38,168.46000000000004,279.91999999999996,1,1,1.0
91,9,1783.5,757.2,264.92999999999984,199.5999999999999,1,1,1.0
92,1,329.64,553.3,144.06,258.30000000000007,1,1,1.0
92,2,643.5,560.71,217.28999999999996,250.78999999999996,1,1,1.0
92,3,919.64,410.2,224.56000000000006,181.55,1,1,1.0
92,4,1316.8,375.08,245.97000000000003,161.71999999999997,1,1,1.0
92,5,1051.5,474.87,133.46000000000004,266.42999999999995,1,1,1.0
92,6,1256.2,101.22,329.0899999999999,231.28,1,1,1.0
92,7,1390.37,800.78,276.0300000000002,186.82000000000005,1,1,1.0
92,8,864.76,564.79,147.74,279.11,1,1,1.0
92,9,1782.5,754.33,265.22,201.76999999999998,1,1,1.0
93,1,325.77,547.28,150.53000000000003,246.22000000000003,1,1,1.0
93,2,641.3,571.94,245.18000000000006,233.45999999999992,1,1,1.0
93,3,909.75,414.1,235.6500000000001,179.37,1,1,1.0
93,4,1316.0,372.93,244.6199999999999,163.17000000000002,1,1,1.0
93,5,1072.67,441.41,224.82999999999993,224.48999999999995,1,1,1.0
93,6,1254.0,101.58,336.30999999999995,230.92000000000002,1,1,1.0
93,7,1378.14,798.99,289.76,189.01,1,1,1.0
93,8,871.79,590.33,138.21000000000004,271.77,1,1,1.0
93,9,1781.7,757.56,267.8799999999999,200.6400000000001,1,1,1.0
94,1,330.93,547.71,143.67000000000002,250.99,1,1,1.0
94,2,638.4,567.89,217.01,234.21000000000004,1,1,1.0
94,3,872.75,409.4,272.6500000000001,180.20000000000005,1,1,1.0
94,4,1310.9,369.34,254.74,165.26000000000005,1,1,1.0
94,5,1038.14,507.02,290.76,134.27999999999997,1,1,1.0
94,6,1254.4,103.37,337.3399999999999,231.63,1,1,1.0
94,7,1367.17,798.63,296.73,197.26999999999998,1,1,1.0
94,8,869.64,577.43,151.06000000000006,267.87,1,1,1.0
94,9,1784.3,752.54,262.70000000000005,204.26,1,1,1.0
95,1,330.5,554.16,144.89999999999998,245.34000000000003,1,1,1.0
95,2,641.6,582.43,215.29999999999995,226.07000000000005,1,1,1.0
95,3,877.48,410.7,266.6199999999999,182.33999999999997,1,1,1.0
95,4,1305.1,380.45,297.01,151.65000000000003,1,1,1.0
95,5,1093.42,516.45,321.48,147.54999999999995,1,1,1.0
95,6,1253.0,125.07,345.27,208.82999999999998,1,1,1.0
95,7,1390.46,798.28,288.8399999999999,196.92000000000007,1,1,1.0
95,8,848.75,603.81,176.25,253.09000000000003,1,1,1.0
95,9,1781.0,752.9,262.77,205.70000000000005,1,1,1.0
96,1,330.93,557.03,142.76999999999998,227.47000000000003,1,1,1.0
96,2,643.5,582.08,218.05999999999995,235.91999999999996,1,1,1.0
96,3,875.76,410.7,267.94000000000005,183.2,1,1,1.0
96,4,1295.8,380.53,280.3600000000001,150.87,1,1,1.0
96,5,1183.29,505.9,259.01,182.5,1,1,1.0
96,6,1256.6,138.76,329.74,194.44,1,1,1.0
96,7,1394.76,797.92,283.53999999999996,205.68000000000006,1,1,1.0
96,8,857.02,625.32,190.98000000000002,252.77999999999997,1,1,1.0
96,9,1787.5,750.75,259.1400000000001,209.64999999999998,1,1,1.0
97,1,331.36,563.39,142.33999999999997,234.40999999999997,1,1,1.0
97,2,647.8,582.08,216.98000000000002,238.41999999999996,1,1,1.0
97,3,877.05,411.5,267.1500000000001,180.67999999999995,1,1,1.0
97,4,1293.2,385.18,289.40999999999985,149.42000000000002,1,1,1.0
97,5,1203.25,517.11,270.04999999999995,190.28999999999996,1,1,1.0
97,6,1258.0,112.04,326.19000000000005,220.85999999999996,1,1,1.0
97,7,1395.48,803.65,294.4200000000001,205.55000000000007,1,1,1.0
97,8,860.94,572.79,199.55999999999995,253.21000000000004,1,1,1.0
97,9,1783.5,754.69,234.47000000000003,206.1099999999999,1,1,1.0
98,1,330.5,567.64,144.89999999999998,256.06000000000006,1,1,1.0
98,2,647.1,589.6,225.66999999999996,232.69999999999993,1,1,1.0
98,3,869.74,408.5,273.55999999999995,181.10000000000002,1,1,1.0
98,4,1292.7,389.84,286.28999999999996,143.86000000000007,1,1,1.0
98,5,1215.31,557.84,332.8900000000001,149.15999999999997,1,1,1.0
98,6,1249.7,120.29,330.5,215.10999999999996,1,1,1.0
98,7,1400.84,806.88,283.6600000000001,205.12,1,1,1.0
98,8,910.22,589.81,230.77999999999997,146.79000000000008,1,1,1.0
98,9,1784.2,754.33,230.18000000000006,205.66999999999996,1,1,1.0
99,1,330.5,575.3,147.5,260.30000000000007,1,1,1.0
99,2,622.9,605.52,268.75,190.48000000000002,1,1,1.0
99,3,895.98,412.8,247.72000000000003,204.99999999999994,1,1,1.0
99,4,1280.3,378.73,285.75,161.66999999999996,1,1,1.0
99,5,1271.12,563.45,292.48,135.14999999999998,1,1,1.0
99,6,1296.0,145.64,282.77,185.76,1,1,1.0
99,7,1402.99,806.16,291.21000000000004,204.14,1,1,1.0
99,8,919.78,591.67,235.72000000000003,140.63,1,1,1.0
99,9,1784.3,754.33,230.20000000000005,205.66999999999996,1,1,1.0
100,1,331.36,574.03,145.14,260.27,1,1,1.0
100,2,598.8,600.05,344.9000000000001,168.55000000000007,1,1,1.0
100,3,895.98,413.7,249.01999999999998,204.95999999999998,1,1,1.0
100,4,1287.1,392.71,284.68000000000006,145.19,1,1,1.0
100,5,1266.8,528.07,290.5,165.42999999999995,1,1,1.0
100,6,1295.2,139.55,282.8499999999999,195.84999999999997,1,1,1.0
100,7,1401.2,807.23,304.5,205.97000000000003,1,1,1.0
100,8,937.27,593.39,229.52999999999997,137.51,1,1,1.0
100,9,1788.9,752.9,253.38999999999987,210.0,1,1,1.0
101,1,330.5,577.9,143.2,255.89999999999998,1,1,1.0
101,2,599.5,600.8,295.4,177.80000000000007,1,1,1.0
101,3,902.1,403.8,249.80000000000007,201.99999999999994,1,1,1.0
101,4,1279.16,399.62,269.6899999999998,137.89999999999998,1,1,1.0
101,5,1281.87,496.94,306.4000000000001,193.35999999999996,1,1,1.0
101,6,1295.6,138.12,283.1700000000001,198.7,1,1,1.0
101,7,1400.84,832.02,313.26,184.38,1,1,1.0
101,8,888.7,641.91,210.08999999999992,224.79000000000008,1,1,1.0
101,9,1782.8,752.9,233.9000000000001,209.30000000000007,1,1,1.0
102,1,330.5,577.49,144.5,258.90999999999997,1,1,1.0
102,2,591.3,600.6,298.20000000000005,168.0,1,1,1.0
102,3,917.15,412.8,227.44999999999993,189.12999999999994,1,1,1.0
102,4,1281.0,396.7,285.0,143.7,1,1,1.0
102,5,1295.0,531.03,289.48,150.87,1,1,1.0
102,6,1296.32,139.91,280.28,198.70000000000002,1,1,1.0
102,7,1358.54,819.1,345.8600000000001,189.39999999999998,1,1,1.0
102,8,783.5,688.32,210.65999999999997,240.27999999999997,1,1,1.0
102,9,1782.5,752.54,251.8800000000001,210.36,1,1,1.0
103,1,309.51,571.47,162.09000000000003,268.03,1,1,1.0
103,2,618.6,601.0,229.29999999999995,178.0,1,1,1.0
103,3,929.2,416.7,214.0999999999999,184.59999999999997,1,1,1.0
103,4,1281.7,393.17,307.8899999999999,149.03000000000003,1,1,1.0
103,5,1309.5,526.92,278.06999999999994,153.58000000000004,1,1,1.0
103,6,1244.96,155.2,340.3399999999999,175.45,1,1,1.0
103,7,1390.48,823.4,295.9200000000001,156.60000000000002,1,1,1.0
103,8,698.9,729.09,268.83000000000004,217.40999999999997,1,1,1.0
103,9,1779.6,724.75,218.57000000000016,229.14999999999998,1,1,1.0
104,1,291.3,575.77,191.5,256.43000000000006,1,1,1.0
104,2,621.2,599.91,226.30999999999995,186.19000000000005,1,1,1.0
104,3,931.8,414.55,210.6400000000001,191.05,1,1,1.0
104,4,1278.5,404.99,291.52,136.51,1,1,1.0
104,5,1323.3,485.36,252.9000000000001,187.24,1,1,1.0
104,6,1232.98,153.0,385.52,174.07,1,1,1.0
104,7,1372.4,818.2,313.6999999999998,163.5999999999999,1,1,1.0
104,8,696.2,733.97,278.8399999999999,221.42999999999995,1,1,1.0
104,9,1780.7,760.09,268.45000000000005,198.11,1,1,1.0
105,1,276.1,581.79,210.5,252.91000000000008,1,1,1.0
105,2,615.11,601.7,235.60000000000002,231.25,1,1,1.0
105,3,945.7,448.01,224.41999999999985,164.59000000000003,1,1,1.0
105,4,1279.4,404.64,291.3899999999999,133.26,1,1,1.0
105,5,1327.6,506.12,264.47,166.08000000000004,1,1,1.0
105,6,1243.02,148.0,379.78,185.16000000000003,1,1,1.0
105,7,1365.9,819.12,300.6899999999998,176.08000000000004,1,1,1.0
105,8,708.4,750.41,267.5,209.69000000000005,1,1,1.0
105,9,1779.9,760.09,275.00999999999976,198.51,1,1,1.0
106,1,297.18,582.65,186.42000000000002,266.35,1,1,1.0
106,2,604.9,613.5,241.5,225.89999999999998,1,1,1.0
106,3,916.2,414.22,198.6099999999999,196.57999999999993,1,1,1.0
106,4,1279.6,398.81,290.27,137.58999999999997,1,1,1.0
106,5,1442.7,450.99,368.3299999999999,191.01,1,1,1.0
106,6,1251.62,148.0,358.98,180.86,1,1,1.0
106,7,1387.09,820.88,267.3100000000002,163.51999999999998,1,1,1.0
106,8,708.4,756.96,268.6,204.03999999999996,1,1,1.0
106,9,1776.4,769.77,285.75,192.83000000000004,1,1,1.0
107,1,318.64,575.34,166.66000000000003,289.36,1,1,1.0
107,2,627.99,569.8,181.80999999999995,323.20000000000005,1,1,1.0
107,3,906.7,415.51,206.32999999999993,196.59000000000003,1,1,1.0
107,4,1270.4,438.73,295.3299999999999,133.47000000000003,1,1,1.0
107,5,1655.0,399.72,421.6199999999999,200.07999999999993,1,1,1.0
107,6,1259.73,146.2,358.77,178.0,1,1,1.0
107,7,1386.05,817.3,284.6500000000001,169.30000000000007,1,1,1.0
107,8,739.8,755.24,243.6500000000001,206.76,1,1,1.0
107,9,1780.3,768.69,284.7700000000002,190.30999999999995,1,1,1.0
108,1,328.53,575.77,158.47000000000003,272.63,1,1,1.0
108,2,652.2,554.06,157.08999999999992,292.24,1,1,1.0
108,3,903.7,410.78,204.16999999999985,197.92000000000007,1,1,1.0
108,4,1258.53,431.45,275.77,147.65000000000003,1,1,1.0
108,5,1674.9,360.67,365.3899999999999,238.32999999999998,1,1,1.0
108,6,1261.88,143.7,353.7199999999998,182.65000000000003,1,1,1.0
108,7,1388.88,819.81,270.81999999999994,166.09000000000003,1,1,1.0
108,8,632.6,814.84,240.87,143.36,1,1,1.0
108,9,1762.0,769.41,306.28999999999996,190.99,1,1,1.0
109,1,335.94,573.62,149.36,272.38,1,1,1.0
109,2,593.6,667.2,168.79999999999995,180.5999999999999,1,1,1.0
109,3,903.2,406.62,207.25,201.17999999999995,1,1,1.0
109,4,1262.47,428.58,257.3299999999999,178.12000000000006,1,1,1.0
109,5,1688.4,358.08,321.40999999999985,242.62000000000006,1,1,1.0
109,6,1262.95,146.5,353.45000000000005,176.26999999999998,1,1,1.0
109,7,1379.21,820.17,268.19000000000005,164.23000000000002,1,1,1.0
109,8,589.7,808.77,213.64999999999998,164.83000000000004,1,1,1.0
109,9,1763.8,767.98,303.47,191.01999999999998,1,1,1.0
110,1,336.37,574.48,147.13,268.91999999999996,1,1,1.0
110,2,513.4,693.07,166.62,240.7299999999999,1,1,1.0
110,3,904.1,406.14,201.18999999999994,202.56000000000006,1,1,1.0
110,4,1259.24,427.51,256.6600000000001,181.28999999999996,1,1,1.0
110,5,1698.8,380.58,296.31999999999994,224.42000000000002,1,1,1.0
110,6,1265.1,145.8,344.4000000000001,178.03999999999996,1,1,1.0
110,7,1379.57,819.09,262.6300000000001,171.11,1,1,1.0
110,8,587.7,776.7,180.03999999999996,223.79999999999995,1,1,1.0
110,9,1755.4,765.83,315.0899999999997,212.26999999999998,1,1,1.0
111,1,339.38,574.48,150.22000000000003,268.91999999999996,1,1,1.0
111,2,494.2,707.9,184.32,189.70000000000005,1,1,1.0
111,3,901.5,404.85,203.78999999999996,201.64999999999998,1,1,1.0
111,4,1260.32,427.15,254.18000000000006,180.25,1,1,1.0
111,5,1697.0,404.42,292.43000000000006,196.78000000000003,1,1,1.0
111,6,1266.54,148.3,338.6600000000001,177.69,1,1,1.0
111,7,1380.64,818.02,256.8599999999999,169.27999999999997,1,1,1.0
111,8,590.5,761.45,197.36,233.54999999999995,1,1,1.0
111,9,1762.3,761.88,301.74,226.41999999999996,1,1,1.0
112,1,337.66,577.92,149.33999999999997,258.68000000000006,1,1,1.0
112,2,466.7,706.47,210.38000000000005,189.73000000000002,1,1,1.0
112,3,893.4,409.15,214.89999999999998,199.05000000000007,1,1,1.0
112,4,1261.75,426.08,253.45000000000005,182.02000000000004,1,1,1.0
112,5,1693.2,389.25,297.52,202.45000000000005,1,1,1.0
112,6,1265.46,145.8,343.74,183.06,1,1,1.0
112,7,1382.79,816.22,259.9100000000001,171.77999999999997,1,1,1.0
112,8,590.3,767.9,197.13,213.5,1,1,1.0
112,9,1760.9,762.6,300.9899999999998,216.69999999999993,1,1,1.0
113,1,335.51,575.77,153.29000000000002,261.63,1,1,1.0
113,2,453.6,738.99,210.48000000000002,152.11,1,1,1.0
113,3,871.0,406.57,236.8699999999999,201.63000000000005,1,1,1.0
113,4,1255.66,435.39,268.1399999999999,194.31000000000006,1,1,1.0
113,5,1691.0,405.74,340.1300000000001,181.96000000000004,1,1,1.0
113,6,1268.33,149.0,340.1700000000001,175.92000000000002,1,1,1.0
113,7,1378.13,818.73,264.56999999999994,171.76999999999998,1,1,1.0
113,8,601.0,760.16,169.65999999999997,205.34000000000003,1,1,1.0
113,9,1746.3,762.96,318.10000000000014,194.64,1,1,1.0
114,1,336.37,576.2,151.43,257.79999999999995,1,1,1.0
114,2,456.1,737.56,209.76999999999998,151.74,1,1,1.0
114,3,867.2,405.71,238.95000000000005,202.99000000000007,1,1,1.0
114,4,1246.27,444.5,326.3299999999999,148.0,1,1,1.0
114,5,1710.4,381.06,309.48,203.23999999999995,1,1,1.0
114,6,1269.04,147.3,324.46000000000004,181.92000000000002,1,1,1.0
114,7,1377.42,819.09,263.8799999999999,173.90999999999997,1,1,1.0
114,8,594.09,747.83,147.40999999999997,219.76999999999998,1,1,1.0
114,9,1745.9,762.6,319.5699999999997,192.79999999999995,1,1,1.0
115,1,335.08,580.07,152.82,250.7299999999999,1,1,1.0
115,2,451.1,731.47,206.52999999999997,155.02999999999997,1,1,1.0
115,3,863.0,405.71,244.44000000000005,200.79000000000002,1,1,1.0
115,4,1238.6,446.65,310.58000000000015,147.25,1,1,1.0
115,5,1820.7,369.32,324.5899999999999,164.47999999999996,1,1,1.0
115,6,1268.09,148.7,327.6100000000001,178.37,1,1,1.0
115,7,1375.62,811.57,270.68000000000006,176.82999999999993,1,1,1.0
115,8,607.42,733.68,151.7800000000001,266.62,1,1,1.0
115,9,1760.0,765.11,302.6100000000001,184.59000000000003,1,1,1.0
116,1,330.4,577.5,175.90000000000003,233.79999999999995,1,1,1.0
116,2,444.6,731.82,213.39,159.9799999999999,1,1,1.0
116,3,863.4,405.28,244.4699999999999,203.42000000000007,1,1,1.0
116,4,1275.9,450.95,316.89999999999986,139.75000000000006,1,1,1.0
116,5,1916.2,365.4,283.29999999999995,162.79000000000008,1,1,1.0
116,6,1269.53,148.3,324.3700000000001,176.26,1,1,1.0
116,7,1376.7,816.58,267.39999999999986,174.31999999999994,1,1,1.0
116,8,611.29,734.97,153.0,271.3299999999999,1,1,1.0
116,9,1782.1,766.19,266.74000000000024,187.01,1,1,1.0
117,1,329.92,578.78,165.18,235.51999999999998,1,1,1.0
117,2,454.4,733.26,206.81000000000006,158.14,1,1,1.0
117,3,860.4,405.71,247.89999999999998,202.49000000000007,1,1,1.0
117,4,1287.49,451.31,303.9100000000001,136.89000000000004,1,1,1.0
117,5,1917.0,352.33,302.9499999999998,184.07,1,1,1.0
117,6,1268.45,148.7,329.75,180.52000000000004,1,1,1.0
117,7,1381.72,814.43,258.0799999999999,176.07000000000005,1,1,1.0
117,8,600.11,741.76,161.39,253.03999999999996,1,1,1.0
117,9,1783.1,764.39,266.0999999999999,189.21000000000004,1,1,1.0
118,1,328.63,579.64,164.76999999999998,236.86,1,1,1.0
118,2,452.9,732.54,209.39,159.56000000000006,1,1,1.0
118,3,861.2,407.0,247.0999999999999,201.70000000000005,1,1,1.0
118,4,1295.02,448.08,280.8800000000001,185.02000000000004,1,1,1.0
118,5,1929.6,343.65,283.8600000000001,193.25,1,1,1.0
118,6,1267.02,148.7,330.3800000000001,182.31,1,1,1.0
118,7,1375.27,814.79,263.53,176.81000000000006,1,1,1.0
118,8,595.8,745.63,173.85000000000002,283.2700000000001,1,1,1.0
118,9,1770.6,762.96,280.3899999999999,191.03999999999996,1,1,1.0
119,1,332.5,580.5,161.89999999999998,236.79999999999995,1,1,1.0
119,2,469.2,732.54,196.32,177.26,1,1,1.0
119,3,858.2,406.14,252.68000000000006,201.65999999999997,1,1,1.0
119,4,1311.08,430.79,238.32000000000016,252.50999999999993,1,1,1.0
119,5,1932.6,316.83,283.02,223.07,1,1,1.0
119,6,1268.09,148.0,329.71000000000004,180.14,1,1,1.0
119,7,1377.77,814.43,261.3299999999999,175.37,1,1,1.0
119,8,598.8,743.05,172.57000000000005,261.25,1,1,1.0
119,9,1766.6,762.6,290.2000000000003,197.79999999999995,1,1,1.0
120,1,332.93,578.35,155.87,238.14999999999998,1,1,1.0
120,2,464.9,715.93,188.27999999999997,221.37,1,1,1.0
120,3,860.4,405.28,247.89999999999998,201.72000000000003,1,1,1.0
120,4,1399.7,422.44,144.70000000000005,276.16,1,1,1.0
120,5,1937.8,303.81,271.72,239.98999999999995,1,1,1.0
120,6,1266.66,128.0,325.74,201.93,1,1,1.0
120,7,1382.79,815.87,262.80999999999995,172.52999999999997,1,1,1.0
120,8,612.15,736.6,167.75,244.69999999999993,1,1,1.0
120,9,1771.3,758.3,282.20000000000005,197.80000000000007,1,1,1.0
121,1,333.8,579.6,169.8,238.60000000000002,1,1,1.0
121,2,454.7,728.86,148.56,247.93999999999994,1,1,1.0
121,3,860.4,405.28,247.89999999999998,201.72000000000003,1,1,1.0
121,4,1405.4,433.29,147.24,279.00999999999993,1,1,1.0
121,5,1939.6,356.34,255.20000000000027,191.76000000000005,1,1,1.0
121,6,1264.51,111.7,322.5899999999999,217.88,1,1,1.0
121,7,1383.87,810.99,267.6300000000001,169.11,1,1,1.0
121,8,625.73,723.93,157.16999999999996,243.07000000000005,1,1,1.0
121,9,1771.3,765.5,287.60000000000014,190.60000000000002,1,1,1.0
