1,1,358.59,445.58,144.77000000000004,187.31,1,1,1.0
1,2,328.59,586.88,215.73000000000008,277.84000000000003,1,1,1.0
1,3,450.83,645.31,283.68,214.10000000000002,1,1,1.0
1,4,496.0,421.94,234.14999999999998,247.47999999999996,1,1,1.0
1,5,862.28,605.84,228.42000000000007,246.01999999999998,1,1,1.0
1,6,919.0,387.45,207.3599999999999,266.15000000000003,1,1,1.0
1,7,843.13,267.0,265.63,148.35000000000002,1,1,1.0
1,8,1295.92,292.68,174.80999999999995,272.02000000000004,1,1,1.0
1,9,1314.59,557.12,295.1300000000001,151.33000000000004,1,1,1.0
1,10,1660.79,753.69,121.13000000000011,135.01,1,1,0.0
2,1,362.03,450.13,143.57000000000005,92.07000000000005,1,1,0.0
2,2,330.7,607.1,179.10000000000002,257.62,1,1,1.0
2,3,393.45,504.0,250.75000000000006,282.6,1,1,1.0
2,4,466.75,396.71,167.75,158.89000000000004,1,1,0.0
2,5,864.9,603.7,226.19999999999993,253.5,1,1,1.0
2,6,949.7,388.5,187.79999999999995,266.70000000000005,1,1,1.0
2,7,843.13,250.2,265.63,165.15000000000003,1,1,1.0
2,8,1280.8,302.5,189.20000000000005,241.20000000000005,1,1,1.0
2,9,1298.27,496.21,278.73,273.19,1,1,1.0
2,10,1629.98,646.38,153.81999999999994,186.32000000000005,1,1,1.0
3,1,369.5,493.4,111.30000000000001,120.5,1,1,0.0
3,2,340.3,598.6,206.7,266.12,1,1,1.0
3,3,319.61,446.1,310.78999999999996,251.29999999999995,1,1,1.0
3,4,505.4,392.5,134.0,148.60000000000002,1,1,0.0
3,5,869.2,603.7,211.0999999999999,255.5999999999999,1,1,1.0
3,6,873.4,392.7,281.80000000000007,227.90000000000003,1,1,1.0
3,7,847.6,259.5,256.30000000000007,163.8,1,1,1.0
3,8,1265.7,302.5,204.29999999999995,230.10000000000002,1,1,1.0
3,9,1033.28,487.42,366.72,150.78000000000003,1,1,1.0
3,10,1512.5,511.97,231.70000000000005,234.32999999999993,1,1,1.0
4,1,371.9,494.3,114.5,124.30000000000001,1,1,0.0
4,2,340.3,600.7,206.7,264.02,1,1,1.0
4,3,324.4,449.5,281.6,233.60000000000002,1,1,1.0
4,4,490.2,393.1,149.2,151.60000000000002,1,1,0.0
4,5,869.2,599.8,213.29999999999995,259.5,1,1,1.0
4,6,881.4,395.4,182.39999999999998,220.30000000000007,1,1,1.0
4,7,843.3,280.3,265.0,143.0,1,1,1.0
4,8,1252.1,304.0,220.9000000000001,215.5,1,1,1.0
4,9,980.53,480.51,364.1700000000001,136.39,1,1,1.0
4,10,1514.7,499.2,228.89999999999986,228.00000000000006,1,1,1.0
5,1,370.0,483.0,117.80000000000001,132.60000000000002,1,1,0.0
5,2,350.9,612.2,196.10000000000002,252.51999999999998,1,1,1.0
5,3,341.9,450.3,262.0,223.2,1,1,1.0
5,4,487.8,391.6,151.59999999999997,157.79999999999995,1,1,0.0
5,5,869.2,599.5,209.79999999999995,259.79999999999995,1,1,1.0
5,6,769.84,381.59,266.65999999999997,187.51000000000005,1,1,1.0
5,7,833.9,283.4,264.69999999999993,150.5,1,1,1.0
5,8,1234.0,300.2,243.5,213.3,1,1,1.0
5,9,876.9,509.39,392.43999999999994,138.40999999999997,1,1,1.0
5,10,1514.7,497.6,229.5,229.60000000000002,1,1,1.0
6,1,370.5,492.5,121.69999999999999,124.0,1,1,0.0
6,2,355.2,602.3,191.8,262.4200000000001,1,1,1.0
6,3,304.7,444.5,299.2,229.0,1,1,1.0
6,4,482.14,394.92,156.65999999999997,154.68,1,1,0.0
6,5,866.2,599.5,223.20000000000005,259.79999999999995,1,1,1.0
6,6,716.18,394.34,196.92000000000007,218.56,1,1,1.0
6,7,840.5,286.5,259.9000000000001,147.39999999999998,1,1,1.0
6,8,1027.54,418.5,350.46000000000004,132.67999999999995,1,1,1.0
6,9,799.66,543.9,349.7400000000001,123.86000000000001,1,1,1.0
6,10,1293.2,501.85,373.79999999999995,129.14999999999998,1,1,1.0
7,1,381.0,497.4,117.19999999999999,118.20000000000005,1,1,0.0
7,2,355.2,602.3,191.8,264.1,1,1,1.0
7,3,304.7,449.7,300.50000000000006,216.90000000000003,1,1,1.0
7,4,487.81,376.4,129.48999999999995,150.39999999999998,1,1,0.0
7,5,865.8,599.5,215.0,261.5,1,1,1.0
7,6,655.62,378.4,232.38,247.0,1,1,1.0
7,7,836.5,275.9,289.5999999999999,151.8,1,1,1.0
7,8,838.4,443.7,361.80000000000007,136.10999999999996,1,1,1.0
7,9,542.82,667.8,336.67999999999995,135.0,1,1,1.0
7,10,1111.8,482.19,378.4000000000001,129.15000000000003,1,1,1.0
8,1,381.9,501.3,113.70000000000005,123.30000000000001,1,1,0.0
8,2,339.8,566.7,174.3,301.19999999999993,1,1,1.0
8,3,304.7,447.7,299.2,212.00000000000006,1,1,1.0
8,4,487.21,392.23,130.49000000000007,97.76999999999998,1,1,0.0
8,5,867.9,598.0,215.89999999999998,261.29999999999995,1,1,1.0
8,6,655.6,380.53,233.5,239.57000000000005,1,1,1.0
8,7,828.1,305.1,386.4999999999999,135.09999999999997,1,1,1.0
8,8,821.1,450.1,353.4999999999999,170.39999999999998,1,1,1.0
8,9,450.72,646.17,313.17999999999995,132.0300000000001,1,1,1.0
8,10,1000.98,491.2,344.72,146.70999999999998,1,1,1.0
9,1,386.89,503.81,95.71000000000004,119.48999999999995,1,1,0.0
9,2,346.7,540.7,162.60000000000002,322.9,1,1,1.0
9,3,311.1,444.3,292.79999999999995,210.09999999999997,1,1,1.0
9,4,483.41,373.79,132.38999999999993,105.00999999999999,1,1,0.0
9,5,867.1,599.5,212.39999999999998,259.79999999999995,1,1,1.0
9,6,681.6,376.3,218.5,261.3,1,1,1.0
9,7,1197.76,387.0,363.94000000000005,147.5,1,1,1.0
9,8,634.23,581.21,318.06999999999994,140.99,1,1,1.0
9,9,451.8,632.0,268.7,181.0,1,1,1.0
9,10,949.45,467.3,348.45000000000005,142.7,1,1,1.0
10,1,386.89,503.81,97.81,122.58999999999997,1,1,0.0
10,2,346.7,538.5,164.2,326.20000000000005,1,1,1.0
10,3,320.1,449.8,283.79999999999995,204.59999999999997,1,1,1.0
10,4,496.8,376.77,117.59999999999997,110.63,1,1,0.0
10,5,867.1,599.5,210.69999999999993,259.79999999999995,1,1,1.0
10,6,681.6,352.3,205.60000000000002,291.09999999999997,1,1,1.0
10,7,1314.63,424.63,348.8699999999999,212.07000000000005,1,1,1.0
10,8,576.96,532.99,225.33999999999992,238.90999999999997,1,1,1.0
10,9,409.1,632.0,299.9,191.5,1,1,1.0
10,10,888.71,399.6,321.8699999999999,164.5,1,1,1.0
11,1,386.89,503.81,93.81,108.48999999999995,1,1,0.0
11,2,341.9,549.2,169.0,315.5,1,1,1.0
11,3,318.0,446.1,285.9,210.39999999999998,1,1,1.0
11,4,493.86,383.34,111.53999999999996,104.96000000000004,1,1,0.0
11,5,875.6,597.9,203.89999999999998,263.9,1,1,1.0
11,6,681.6,352.3,200.29999999999995,291.09999999999997,1,1,1.0
11,7,1352.3,483.5,356.4000000000001,154.5,1,1,1.0
11,8,598.1,504.4,182.29999999999995,276.5,1,1,1.0
11,9,342.41,625.72,338.88999999999993,183.67999999999995,1,1,1.0
11,10,900.0,377.5,309.5,190.29999999999995,1,1,1.0
12,1,405.5,503.81,75.19999999999999,105.39000000000004,1,1,0.0
12,2,338.7,542.8,172.2,321.9000000000001,1,1,1.0
12,3,326.0,446.1,277.9,212.0,1,1,1.0
12,4,497.7,376.77,112.19999999999999,108.13,1,1,0.0
12,5,875.6,597.9,205.60000000000002,265.6,1,1,1.0
12,6,681.6,352.3,200.29999999999995,291.09999999999997,1,1,1.0
12,7,1341.7,489.7,361.70000000000005,142.09999999999997,1,1,1.0
12,8,586.0,502.1,197.0,278.4,1,1,1.0
12,9,340.6,620.5,328.1,187.89999999999998,1,1,1.0
12,10,878.8,377.5,331.4000000000001,190.29999999999995,1,1,1.0
13,1,308.3,470.3,185.5,153.40000000000003,1,1,0.0
13,2,340.3,562.5,167.89999999999998,302.20000000000005,1,1,1.0
13,3,349.9,450.3,254.0,222.7,1,1,1.0
13,4,507.0,376.77,91.10000000000002,79.03000000000003,1,1,0.0
13,5,870.8,597.9,214.29999999999995,264.0,1,1,1.0
13,6,698.6,352.3,185.39999999999998,291.09999999999997,1,1,1.0
13,7,1363.39,487.1,377.6099999999999,134.10000000000002,1,1,1.0
13,8,592.0,505.9,192.29999999999995,272.80000000000007,1,1,1.0
13,9,342.41,628.3,330.48999999999995,188.5,1,1,1.0
13,10,877.7,373.6,332.5,194.19999999999993,1,1,1.0
14,1,315.74,507.5,214.86,201.0,1,1,1.0
14,2,345.1,561.1,157.29999999999995,304.69999999999993,1,1,1.0
14,3,428.3,433.8,178.99999999999994,204.09999999999997,1,1,1.0
14,4,307.78,446.4,129.32000000000005,30.400000000000034,1,1,0.0
14,5,869.7,597.9,219.20000000000005,264.0,1,1,1.0
14,6,698.6,352.3,185.39999999999998,291.09999999999997,1,1,1.0
14,7,1391.3,480.8,374.9000000000001,137.3,1,1,1.0
14,8,598.0,505.9,186.89999999999998,266.0,1,1,1.0
14,9,351.3,628.3,322.09999999999997,192.20000000000005,1,1,1.0
14,10,873.5,372.7,339.4000000000001,196.90000000000003,1,1,1.0
15,1,346.02,589.3,107.98000000000002,313.1500000000001,1,1,1.0
15,2,400.9,583.8,131.5,335.1,1,1,1.0
15,3,432.2,433.8,193.7,196.7,1,1,1.0
15,4,316.7,446.4,120.40000000000003,56.5,1,1,0.0
15,5,868.1,597.9,215.69999999999993,261.9,1,1,1.0
15,6,677.9,365.3,206.10000000000002,282.40000000000003,1,1,1.0
15,7,1384.4,473.3,373.79999999999995,137.3,1,1,1.0
15,8,578.4,517.2,208.60000000000002,254.69999999999993,1,1,1.0
15,9,364.4,633.5,321.6,217.39999999999998,1,1,1.0
15,10,890.3,389.7,325.29999999999995,176.50000000000006,1,1,1.0
16,1,440.58,810.3,329.62000000000006,131.5,1,1,1.0
16,2,390.81,564.68,138.69,274.0200000000001,1,1,1.0
16,3,352.0,447.7,281.6,181.2,1,1,1.0
16,4,337.1,461.01,101.59999999999997,153.49,1,1,0.0
16,5,866.0,597.9,221.70000000000005,261.9,1,1,1.0
16,6,635.1,377.3,248.89999999999998,272.09999999999997,1,1,1.0
16,7,1387.1,466.3,359.6100000000001,144.3,1,1,1.0
16,8,575.4,517.1,215.5,252.5,1,1,1.0
16,9,407.3,628.3,289.09999999999997,210.5,1,1,1.0
16,10,893.2,400.3,320.5999999999999,167.7,1,1,1.0
17,1,542.58,781.08,302.02,131.5,1,1,1.0
17,2,390.81,585.4,129.08999999999997,286.20000000000005,1,1,1.0
17,3,384.09,443.0,243.61000000000007,185.89999999999998,1,1,1.0
17,4,320.7,454.4,139.40000000000003,234.0,1,1,1.0
17,5,866.0,597.9,219.5,261.9,1,1,1.0
17,6,667.2,373.0,216.39999999999998,274.70000000000005,1,1,1.0
17,7,1394.4,466.2,363.79999999999995,175.8,1,1,1.0
17,8,548.3,516.4,250.0,248.30000000000007,1,1,1.0
17,9,407.3,628.3,303.99999999999994,178.0,1,1,1.0
17,10,889.5,400.3,326.0999999999999,165.90000000000003,1,1,1.0
18,1,540.0,773.3,304.6,145.30000000000007,1,1,1.0
18,2,436.0,575.31,87.10000000000002,294.19000000000005,1,1,1.0
18,3,383.7,449.7,239.90000000000003,182.90000000000003,1,1,1.0
18,4,344.2,519.0,114.10000000000002,239.29999999999995,1,1,1.0
18,5,866.0,597.9,219.0999999999999,261.9,1,1,1.0
18,6,667.2,373.0,216.79999999999995,273.1,1,1,1.0
18,7,1396.6,448.5,364.70000000000005,195.29999999999995,1,1,1.0
18,8,549.8,520.2,255.4000000000001,241.0999999999999,1,1,1.0
18,9,407.3,631.96,295.90000000000003,178.03999999999996,1,1,1.0
18,10,891.1,400.3,324.4999999999999,165.90000000000003,1,1,1.0
19,1,539.1,775.8,305.5,143.20000000000005,1,1,1.0
19,2,434.6,532.28,116.29999999999995,113.72000000000003,1,1,0.0
19,3,389.2,441.3,228.00000000000006,184.90000000000003,1,1,1.0
19,4,332.25,594.3,174.85000000000002,260.95000000000005,1,1,1.0
19,5,866.0,600.5,218.5999999999999,259.29999999999995,1,1,1.0
19,6,656.6,373.0,227.39999999999998,273.1,1,1,1.0
19,7,1400.0,436.6,369.70000000000005,201.0,1,1,1.0
19,8,548.4,520.2,256.1,241.5,1,1,1.0
19,9,421.4,632.5,281.80000000000007,177.5,1,1,1.0
19,10,890.6,399.2,324.9999999999999,167.00000000000006,1,1,1.0
20,1,586.67,757.2,277.0300000000001,157.5,1,1,1.0
20,2,307.4,464.2,212.0,184.50000000000006,1,1,1.0
20,3,405.7,456.1,234.90000000000003,162.69999999999993,1,1,1.0
20,4,323.84,594.3,172.36,174.9000000000001,1,1,1.0
20,5,863.8,601.6,217.79999999999995,259.1,1,1,1.0
20,6,675.2,373.0,208.79999999999995,275.79999999999995,1,1,1.0
20,7,1402.4,433.9,356.0,196.20000000000005,1,1,1.0
20,8,563.4,520.2,240.39999999999998,241.0999999999999,1,1,1.0
20,9,427.2,629.9,248.3,169.30000000000007,1,1,1.0
20,10,889.2,400.3,326.39999999999986,165.90000000000003,1,1,1.0
21,1,450.67,802.9,267.43,125.08000000000004,1,1,1.0
21,2,303.7,454.7,247.50000000000006,185.90000000000003,1,1,1.0
21,3,369.6,459.3,271.0,165.90000000000003,1,1,1.0
21,4,307.9,582.7,184.40000000000003,169.79999999999995,1,1,1.0
21,5,863.4,601.6,219.89999999999998,259.1,1,1,1.0
21,6,675.2,373.0,203.39999999999998,275.79999999999995,1,1,1.0
21,7,1410.2,426.9,329.79999999999995,193.0,1,1,1.0
21,8,564.1,512.7,245.19999999999993,246.69999999999993,1,1,1.0
21,9,405.7,637.2,303.2,177.0,1,1,1.0
21,10,853.4,400.3,362.19999999999993,165.90000000000003,1,1,1.0
22,1,371.72,771.9,244.06999999999994,128.27999999999997,1,1,1.0
22,2,326.46,456.25,242.33999999999997,190.25,1,1,1.0
22,3,367.5,461.4,273.1,160.10000000000002,1,1,1.0
22,4,257.9,579.2,245.8,130.39999999999998,1,1,1.0
22,5,861.7,601.6,220.79999999999995,257.1,1,1,1.0
22,6,665.1,368.2,217.29999999999995,281.09999999999997,1,1,1.0
22,7,1418.5,415.2,335.20000000000005,204.7,1,1,1.0
22,8,599.5,496.1,216.20000000000005,260.69999999999993,1,1,1.0
22,9,399.4,637.2,309.5,170.19999999999993,1,1,1.0
22,10,851.8,398.5,363.79999999999995,175.20000000000005,1,1,1.0
23,1,315.9,764.5,282.4,134.80999999999995,1,1,1.0
23,2,373.8,447.8,185.49999999999994,190.7,1,1,0.0
23,3,356.3,459.7,281.09999999999997,159.09999999999997,1,1,1.0
23,4,346.9,491.9,157.0,193.0,1,1,1.0
23,5,861.2,601.6,220.89999999999986,252.89999999999998,1,1,1.0
23,6,689.0,349.1,194.70000000000005,300.19999999999993,1,1,1.0
23,7,1421.0,408.7,322.0999999999999,211.2,1,1,1.0
23,8,617.6,502.1,195.39999999999998,259.1,1,1,1.0
23,9,398.8,637.2,306.90000000000003,168.0999999999999,1,1,1.0
23,10,864.0,400.3,348.70000000000005,168.8,1,1,1.0
24,1,314.14,761.3,268.56000000000006,128.97000000000003,1,1,1.0
24,2,433.8,447.8,100.80000000000001,177.59999999999997,1,1,0.0
24,3,353.6,464.6,284.69999999999993,139.89999999999998,1,1,1.0
24,4,352.7,460.0,114.40000000000003,215.60000000000002,1,1,1.0
24,5,859.1,601.6,230.30000000000007,252.89999999999998,1,1,1.0
24,6,663.0,359.2,219.39999999999998,290.09999999999997,1,1,1.0
24,7,1421.0,410.9,322.0999999999999,204.60000000000002,1,1,1.0
24,8,625.1,524.0,139.79999999999995,290.1,1,1,1.0
24,9,361.2,637.2,345.50000000000006,165.0,1,1,1.0
24,10,885.8,389.1,327.29999999999995,178.89999999999998,1,1,1.0
25,1,309.9,761.99,273.9,122.40999999999997,1,1,1.0
25,2,443.4,422.3,99.46000000000004,50.5,1,1,0.0
25,3,423.7,464.6,229.59999999999997,126.60000000000002,1,1,1.0
25,4,378.9,455.6,83.90000000000003,192.39999999999998,1,1,1.0
25,5,859.1,601.6,229.39999999999998,252.89999999999998,1,1,1.0
25,6,663.0,359.2,219.39999999999998,288.00000000000006,1,1,1.0
25,7,1417.0,426.4,368.20000000000005,186.39999999999998,1,1,1.0
25,8,640.2,561.7,187.5999999999999,237.29999999999995,1,1,1.0
25,9,401.0,633.5,294.20000000000005,176.0,1,1,1.0
25,10,885.8,389.1,325.0,187.10000000000002,1,1,1.0
26,1,351.6,765.7,238.10000000000002,118.69999999999993,1,1,1.0
26,2,475.27,420.7,90.93000000000006,59.00999999999999,1,1,0.0
26,3,363.7,464.6,298.59999999999997,136.69999999999993,1,1,1.0
26,4,385.9,450.3,113.80000000000001,229.59999999999997,1,1,1.0
26,5,859.1,601.6,229.39999999999998,252.89999999999998,1,1,1.0
26,6,650.2,374.6,232.19999999999993,258.29999999999995,1,1,1.0
26,7,1405.5,454.7,379.70000000000005,158.09999999999997,1,1,1.0
26,8,608.6,589.6,312.6,137.79999999999995,1,1,1.0
26,9,401.0,630.4,279.0,186.39999999999998,1,1,1.0
26,10,898.0,380.1,312.79999999999995,192.5,1,1,1.0
27,1,385.8,758.5,190.2,132.89999999999998,1,1,1.0
27,2,471.6,418.6,88.79999999999995,61.10999999999996,1,1,0.0
27,3,366.9,450.3,294.5,150.99999999999994,1,1,1.0
27,4,385.0,448.1,100.10000000000002,178.19999999999993,1,1,0.0
27,5,855.7,601.6,221.20000000000005,249.5,1,1,1.0
27,6,666.7,377.3,215.69999999999993,258.8,1,1,1.0
27,7,1407.3,457.4,346.5,155.39999999999998,1,1,1.0
27,8,713.34,542.0,234.26,224.58000000000004,1,1,1.0
27,9,378.5,630.4,304.6,185.89999999999998,1,1,1.0
27,10,900.7,373.7,310.0999999999999,201.09999999999997,1,1,1.0
28,1,353.4,753.9,219.30000000000007,137.5,1,1,1.0
28,2,485.4,427.6,65.39999999999998,69.69999999999999,1,1,0.0
28,3,341.93,458.8,281.07,189.78000000000003,1,1,1.0
28,4,353.5,444.56,152.67000000000002,102.09999999999997,1,1,0.0
28,5,853.8,601.6,230.4000000000001,250.19999999999993,1,1,1.0
28,6,703.9,346.0,157.80000000000007,306.0,1,1,1.0
28,7,1402.1,443.2,347.70000000000005,165.2,1,1,1.0
28,8,853.5,335.7,107.65999999999997,364.40000000000003,1,1,1.0
28,9,384.3,633.0,298.8,174.89999999999998,1,1,1.0
28,10,900.7,379.5,310.5,196.0,1,1,1.0
29,1,336.4,752.1,238.10000000000002,139.29999999999995,1,1,1.0
29,2,491.2,409.0,67.00000000000006,84.0,1,1,0.0
29,3,339.4,470.5,268.20000000000005,184.89999999999998,1,1,1.0
29,4,316.8,444.56,197.09999999999997,119.73999999999995,1,1,1.0
29,5,853.8,601.6,228.25,250.19999999999993,1,1,1.0
29,6,703.0,318.4,166.10000000000002,335.70000000000005,1,1,1.0
29,7,1407.3,470.6,349.10000000000014,137.79999999999995,1,1,1.0
29,8,838.43,262.3,317.16999999999996,199.83999999999997,1,1,1.0
29,9,392.7,634.0,295.59999999999997,167.60000000000002,1,1,1.0
29,10,900.7,377.0,308.0,200.39999999999998,1,1,1.0
30,1,333.4,765.0,262.20000000000005,131.20000000000005,1,1,1.0
30,2,472.6,398.9,108.43999999999994,101.01000000000005,1,1,0.0
30,3,379.6,495.5,235.39999999999998,166.20000000000005,1,1,1.0
30,4,330.1,444.56,183.60000000000002,233.54000000000002,1,1,1.0
30,5,853.8,601.6,226.10000000000014,250.19999999999993,1,1,1.0
30,6,732.06,290.25,145.84000000000003,314.95000000000005,1,1,1.0
30,7,1416.2,468.8,360.1299999999999,139.16000000000003,1,1,1.0
30,8,964.27,283.74,353.43000000000006,127.95999999999998,1,1,1.0
30,9,392.7,636.1,295.59999999999997,165.5,1,1,1.0
30,10,898.0,375.8,310.70000000000005,201.59999999999997,1,1,1.0
31,1,425.93,712.76,190.07,229.03999999999996,1,1,1.0
31,2,435.4,398.9,189.70000000000005,75.0,1,1,0.0
31,3,376.4,500.3,246.60000000000002,219.99999999999994,1,1,1.0
31,4,317.26,551.7,146.44,266.5999999999999,1,1,1.0
31,5,853.8,601.6,227.79999999999995,250.19999999999993,1,1,1.0
31,6,720.4,290.25,145.5,303.75,1,1,1.0
31,7,1421.5,470.5,380.9000000000001,137.46000000000004,1,1,1.0
31,8,1071.3,337.24,329.4000000000001,136.26,1,1,1.0
31,9,402.1,637.9,306.1,186.20000000000005,1,1,1.0
31,10,862.9,398.1,349.4,181.10000000000002,1,1,1.0
32,1,550.0,792.9,282.9,134.29000000000008,1,1,1.0
32,2,328.2,398.5,290.00000000000006,147.20000000000005,1,1,1.0
32,3,371.1,508.8,253.5,212.2,1,1,1.0
32,4,327.8,606.2,181.09999999999997,281.74,1,1,1.0
32,5,854.9,601.6,228.89999999999998,253.89999999999998,1,1,1.0
32,6,718.7,294.4,179.29999999999995,276.80000000000007,1,1,1.0
32,7,1415.8,471.0,373.29999999999995,136.96000000000004,1,1,1.0
32,8,1116.5,337.24,286.29999999999995,132.36,1,1,1.0
32,9,505.19,584.82,188.20999999999998,279.5799999999999,1,1,1.0
32,10,855.5,400.2,355.70000000000005,179.3,1,1,1.0
33,1,679.15,671.2,280.85,213.04999999999995,1,1,1.0
33,2,356.76,415.9,191.34000000000003,154.13,1,1,1.0
33,3,371.1,496.6,237.0,228.5,1,1,1.0
33,4,313.3,608.0,203.99999999999994,279.94000000000005,1,1,1.0
33,5,860.7,601.6,219.5999999999999,256.6,1,1,1.0
33,6,751.3,244.52,304.28999999999996,154.28,1,1,1.0
33,7,1415.4,471.0,373.6999999999998,132.10000000000002,1,1,1.0
33,8,1116.5,332.6,294.9000000000001,134.09999999999997,1,1,1.0
33,9,593.1,481.73,185.39999999999998,322.47,1,1,1.0
33,10,855.5,398.6,356.9000000000001,177.69999999999993,1,1,1.0
34,1,695.54,641.1,226.36,223.66999999999996,1,1,1.0
34,2,341.35,447.7,180.14999999999998,183.00000000000006,1,1,1.0
34,3,415.72,523.7,161.57999999999993,275.77,1,1,1.0
34,4,379.9,639.4,202.80000000000007,270.30000000000007,1,1,1.0
34,5,865.0,601.6,218.5,265.1,1,1,1.0
34,6,786.4,272.6,316.4699999999999,147.15999999999997,1,1,1.0
34,7,1418.4,471.0,362.29999999999995,132.10000000000002,1,1,1.0
34,8,1121.5,329.7,300.9000000000001,136.3,1,1,1.0
34,9,637.6,407.95,166.0,351.75000000000006,1,1,1.0
34,10,861.6,400.7,352.6,175.59999999999997,1,1,1.0
35,1,692.9,637.6,235.60000000000002,222.69999999999993,1,1,1.0
35,2,335.5,448.3,186.0,196.09999999999997,1,1,1.0
35,3,470.4,535.39,180.74,282.11,1,1,1.0
35,4,441.7,777.1,236.3,142.29999999999995,1,1,1.0
35,5,871.4,598.4,211.69999999999993,269.9,1,1,1.0
35,6,799.7,265.8,293.0999999999999,141.0,1,1,1.0
35,7,1420.6,471.0,362.3000000000002,132.10000000000002,1,1,1.0
35,8,1120.1,330.8,304.5,135.2,1,1,1.0
35,9,646.5,375.8,155.79999999999995,363.99999999999994,1,1,1.0
35,10,860.5,400.7,351.9000000000001,172.7,1,1,1.0
36,1,742.04,575.6,184.66000000000008,302.85,1,1,1.0
36,2,324.9,444.0,209.20000000000005,185.5,1,1,1.0
36,3,470.4,542.8,152.60000000000002,277.4000000000001,1,1,1.0
36,4,543.08,686.8,208.41999999999996,225.96000000000004,1,1,1.0
36,5,871.4,594.2,212.60000000000002,274.0999999999999,1,1,1.0
36,6,799.7,265.9,294.20000000000005,144.8,1,1,1.0
36,7,1420.6,471.0,360.10000000000014,137.29999999999995,1,1,1.0
36,8,1118.8,329.4,305.9000000000001,136.60000000000002,1,1,1.0
36,9,636.6,397.5,154.60000000000002,309.29999999999995,1,1,1.0
36,10,848.5,397.1,363.9000000000001,179.19999999999993,1,1,1.0
37,1,772.7,455.0,173.51999999999998,310.51,1,1,1.0
37,2,322.2,444.0,209.8,188.10000000000002,1,1,1.0
37,3,465.8,542.8,155.59999999999997,320.4000000000001,1,1,1.0
37,4,460.73,472.97,226.47000000000003,292.3299999999999,1,1,1.0
37,5,875.0,594.2,209.4000000000001,275.69999999999993,1,1,1.0
37,6,799.7,266.7,294.20000000000005,144.0,1,1,1.0
37,7,1420.6,471.0,360.10000000000014,132.10000000000002,1,1,1.0
37,8,1115.6,331.2,303.70000000000005,134.8,1,1,1.0
37,9,587.4,309.07,208.70000000000005,259.03000000000003,1,1,1.0
37,10,869.8,400.0,338.29999999999995,173.60000000000002,1,1,1.0
38,1,665.05,448.1,263.05000000000007,254.10000000000002,1,1,1.0
38,2,325.5,462.6,236.29999999999995,150.79999999999995,1,1,1.0
38,3,449.2,568.8,194.00000000000006,316.1,1,1,1.0
38,4,419.4,404.35,198.0,183.85000000000002,1,1,1.0
38,5,874.6,592.6,206.30000000000007,277.29999999999995,1,1,1.0
38,6,799.7,267.6,292.0999999999999,143.09999999999997,1,1,1.0
38,7,1420.6,471.0,364.0,132.10000000000002,1,1,1.0
38,8,1115.0,331.2,309.70000000000005,134.8,1,1,1.0
38,9,560.19,295.46,211.90999999999997,256.44,1,1,1.0
38,10,869.8,401.0,338.29999999999995,172.60000000000002,1,1,1.0
39,1,565.0,491.0,337.0,157.19000000000005,1,1,1.0
39,2,304.1,457.3,298.6,119.59999999999997,1,1,1.0
39,3,403.0,572.0,213.10000000000002,290.1,1,1,1.0
39,4,434.0,397.3,143.60000000000002,82.89999999999998,1,1,0.0
39,5,877.3,592.6,206.10000000000014,275.69999999999993,1,1,1.0
39,6,799.7,270.7,303.29999999999995,140.0,1,1,1.0
39,7,1422.8,467.9,355.70000000000005,135.20000000000005,1,1,1.0
39,8,1108.5,334.4,331.29999999999995,131.60000000000002,1,1,1.0
39,9,587.4,287.1,203.39999999999998,281.0,1,1,1.0
39,10,894.2,399.6,312.0999999999999,175.10000000000002,1,1,1.0
40,1,481.77,554.3,338.33000000000004,150.56000000000006,1,1,1.0
40,2,340.22,489.7,270.28,185.47999999999996,1,1,1.0
40,3,297.8,677.8,294.40000000000003,163.60000000000002,1,1,1.0
40,4,396.0,453.0,63.39999999999998,43.39999999999998,1,1,0.0
40,5,876.2,592.6,204.5999999999999,275.69999999999993,1,1,1.0
40,6,796.5,264.9,293.9000000000001,164.90000000000003,1,1,1.0
40,7,1415.5,467.9,367.0,135.20000000000005,1,1,1.0
40,8,1120.3,331.6,299.9000000000001,134.39999999999998,1,1,1.0
40,9,584.2,279.3,209.39999999999998,280.99999999999994,1,1,1.0
40,10,846.4,405.5,370.69999999999993,176.60000000000002,1,1,1.0
41,1,407.4,549.87,334.30000000000007,138.63,1,1,1.0
41,2,312.6,499.3,226.39999999999998,247.07,1,1,1.0
41,3,309.5,673.5,275.29999999999995,163.10000000000002,1,1,1.0
41,4,359.8,399.0,211.16000000000003,111.89999999999998,1,1,0.0
41,5,876.2,600.0,207.20000000000005,268.29999999999995,1,1,1.0
41,6,796.5,270.1,292.20000000000005,149.79999999999995,1,1,1.0
41,7,1417.9,472.3,363.29999999999995,130.8,1,1,1.0
41,8,1120.3,332.7,307.70000000000005,133.3,1,1,1.0
41,9,561.7,307.0,232.79999999999995,257.0,1,1,1.0
41,10,843.21,441.5,332.49,145.38,1,1,1.0
42,1,397.7,549.87,322.8,127.52999999999997,1,1,1.0
42,2,305.2,485.0,225.40000000000003,260.29999999999995,1,1,1.0
42,3,287.7,682.5,297.09999999999997,154.10000000000002,1,1,1.0
42,4,319.5,445.5,179.2,57.30000000000001,1,1,0.0
42,5,871.4,600.0,211.10000000000002,266.6,1,1,1.0
42,6,796.5,263.6,293.9000000000001,152.39999999999998,1,1,1.0
42,7,1417.9,465.2,357.0999999999999,144.09999999999997,1,1,1.0
42,8,1120.3,332.7,325.5,133.3,1,1,1.0
42,9,561.7,309.1,232.79999999999995,254.89999999999998,1,1,1.0
42,10,785.5,424.4,254.5999999999999,219.89999999999998,1,1,1.0
43,1,358.3,542.8,327.2,134.60000000000002,1,1,1.0
43,2,330.2,459.0,214.09999999999997,279.4,1,1,1.0
43,3,287.7,687.8,297.09999999999997,148.80000000000007,1,1,1.0
43,4,346.9,445.5,154.3,124.10000000000002,1,1,0.0
43,5,871.4,600.0,212.80000000000007,268.29999999999995,1,1,1.0
43,6,796.5,265.8,297.5,145.8,1,1,1.0
43,7,1417.9,465.2,357.0999999999999,144.09999999999997,1,1,1.0
43,8,1118.15,333.06,327.9499999999998,135.83999999999997,1,1,1.0
43,9,566.4,309.1,228.10000000000002,262.19999999999993,1,1,1.0
43,10,691.81,493.6,218.29000000000008,276.55999999999995,1,1,1.0
44,1,335.72,539.8,334.28,137.16000000000008,1,1,1.0
44,2,328.61,640.2,154.08999999999997,130.06999999999994,1,1,0.0
44,3,287.7,687.8,297.09999999999997,160.5,1,1,1.0
44,4,434.6,408.1,208.39999999999998,180.5,1,1,1.0
44,5,871.4,600.0,212.0000000000001,268.29999999999995,1,1,1.0
44,6,796.5,271.2,297.5,147.7,1,1,1.0
44,7,1414.8,470.4,369.9000000000001,138.89999999999998,1,1,1.0
44,8,1120.3,332.7,328.5,133.3,1,1,1.0
44,9,562.7,310.7,231.79999999999995,257.46,1,1,1.0
44,10,623.28,535.0,197.62,312.72,1,1,1.0
45,1,341.48,516.24,246.22000000000003,139.96000000000004,1,1,1.0
45,2,306.3,645.0,190.7,211.89999999999998,1,1,1.0
45,3,273.4,668.1,308.20000000000005,182.89999999999998,1,1,1.0
45,4,578.4,394.59,179.39999999999998,303.81,1,1,1.0
45,5,871.4,600.0,211.5000000000001,268.29999999999995,1,1,1.0
45,6,796.5,270.8,297.5,148.0,1,1,1.0
45,7,1417.9,465.2,349.5,149.40000000000003,1,1,1.0
45,8,1120.3,332.7,328.5,133.3,1,1,1.0
45,9,559.6,310.7,156.79999999999995,175.0,1,1,0.0
45,10,574.93,638.6,238.57000000000005,246.84000000000003,1,1,1.0
46,1,305.17,541.0,247.53000000000003,157.70000000000005,1,1,1.0
46,2,319.5,819.9,168.5,80.02999999999997,1,1,0.0
46,3,315.3,609.9,231.8,227.70000000000005,1,1,1.0
46,4,469.5,533.16,255.53999999999996,240.24,1,1,1.0
46,5,868.2,595.7,213.89999999999986,267.79999999999995,1,1,1.0
46,6,796.5,274.4,293.79999999999995,145.20000000000005,1,1,1.0
46,7,1417.9,465.2,353.0,130.40000000000003,1,1,1.0
46,8,1120.3,332.7,324.0,133.3,1,1,1.0
46,9,335.6,334.5,314.5,139.95999999999998,1,1,0.0
46,10,483.03,723.6,313.97,181.10000000000002,1,1,1.0
47,1,314.47,536.1,229.82999999999993,203.32999999999993,1,1,1.0
47,2,328.61,786.2,193.18999999999994,149.32999999999993,1,1,1.0
47,3,352.6,659.9,203.5,184.70000000000005,1,1,1.0
47,4,410.18,548.21,264.82,192.28999999999996,1,1,1.0
47,5,868.7,600.5,211.5999999999999,267.29999999999995,1,1,1.0
47,6,794.3,276.3,293.29999999999995,146.09999999999997,1,1,1.0
47,7,1412.6,465.2,366.20000000000005,133.8,1,1,1.0
47,8,1118.5,332.7,282.0999999999999,133.3,1,1,1.0
47,9,321.5,337.9,328.6,145.5,1,1,0.0
47,10,504.3,724.1,299.59999999999997,178.29999999999995,1,1,1.0
48,1,308.27,573.7,136.43,248.95999999999992,1,1,1.0
48,2,373.77,785.8,133.73000000000002,147.60000000000002,1,1,1.0
48,3,383.9,638.8,205.70000000000005,229.20000000000005,1,1,1.0
48,4,345.1,474.9,264.81999999999994,200.08000000000004,1,1,1.0
48,5,872.4,597.8,208.80000000000007,268.9000000000001,1,1,1.0
48,6,796.5,257.4,293.70000000000005,164.20000000000005,1,1,1.0
48,7,1413.5,462.5,359.70000000000005,134.79999999999995,1,1,1.0
48,8,1096.9,316.1,278.79999999999995,168.0,1,1,1.0
48,9,376.4,339.0,276.80000000000007,156.39999999999998,1,1,0.0
48,10,589.83,710.3,272.4699999999999,168.80000000000007,1,1,1.0
49,1,287.9,548.5,213.90000000000003,279.5,1,1,1.0
49,2,417.0,816.7,189.29999999999995,135.29999999999995,1,1,1.0
49,3,451.37,749.3,296.53,159.5,1,1,1.0
49,4,356.1,445.06,191.0,160.73999999999995,1,1,1.0
49,5,871.9,597.8,209.69999999999993,272.1,1,1,1.0
49,6,805.4,265.9,282.19999999999993,152.3,1,1,1.0
49,7,1411.8,461.2,366.60000000000014,138.7,1,1,1.0
49,8,1096.9,322.1,282.39999999999986,162.0,1,1,1.0
49,9,450.4,339.0,213.30000000000007,118.19999999999999,1,1,0.0
49,10,633.4,440.4,151.10000000000002,366.9,1,1,1.0
50,1,287.9,552.9,213.90000000000003,275.1,1,1,1.0
50,2,475.24,753.9,166.65999999999997,184.82000000000005,1,1,1.0
50,3,573.55,760.46,281.35,156.33999999999992,1,1,1.0
50,4,350.5,445.06,167.39999999999998,179.94,1,1,1.0
50,5,871.9,597.8,208.39999999999998,272.1,1,1,1.0
50,6,805.0,263.2,288.4000000000001,153.10000000000002,1,1,1.0
50,7,1413.5,462.5,369.9000000000001,134.79999999999995,1,1,1.0
50,8,1092.2,326.6,298.5999999999999,142.39999999999998,1,1,1.0
50,9,452.6,339.0,222.60000000000002,113.0,1,1,0.0
50,10,671.1,370.9,154.29999999999995,342.4,1,1,1.0
51,1,320.7,554.7,181.10000000000002,289.69999999999993,1,1,1.0
51,2,478.4,632.2,163.5,306.5,1,1,1.0
51,3,608.1,701.0,268.9,248.79999999999995,1,1,1.0
51,4,350.9,449.9,167.0,182.20000000000005,1,1,1.0
51,5,871.9,597.8,208.39999999999998,272.1,1,1,1.0
51,6,805.0,260.5,288.4000000000001,154.5,1,1,1.0
51,7,1408.2,464.7,375.20000000000005,132.59999999999997,1,1,1.0
51,8,1093.1,326.6,288.70000000000005,142.39999999999998,1,1,1.0
51,9,520.3,339.0,154.9000000000001,109.30000000000001,1,1,0.0
51,10,677.8,374.6,150.80000000000007,323.9,1,1,1.0
52,1,352.1,563.6,113.0,309.1,1,1,1.0
52,2,462.99,545.61,162.40999999999997,306.5,1,1,1.0
52,3,475.3,715.9,308.2,224.89999999999998,1,1,1.0
52,4,350.9,445.0,167.0,182.70000000000005,1,1,1.0
52,5,871.9,597.8,210.60000000000002,272.1,1,1,1.0
52,6,805.0,260.5,288.4000000000001,154.5,1,1,1.0
52,7,1408.4,463.9,375.89999999999986,133.39999999999998,1,1,1.0
52,8,1091.6,326.6,294.70000000000005,142.39999999999998,1,1,1.0
52,9,449.8,335.1,229.59999999999997,115.59999999999997,1,1,0.0
52,10,678.2,380.4,149.89999999999998,319.4,1,1,1.0
53,1,357.9,577.3,135.0,322.80000000000007,1,1,1.0
53,2,439.09,512.14,204.91000000000003,294.86,1,1,1.0
53,3,406.2,802.5,277.40000000000003,135.10000000000002,1,1,1.0
53,4,350.9,445.0,167.0,195.5,1,1,1.0
53,5,871.9,597.8,210.19999999999993,272.1,1,1,1.0
53,6,805.0,262.4,293.5999999999999,148.90000000000003,1,1,1.0
53,7,1419.1,453.5,368.8000000000002,143.79999999999995,1,1,1.0
53,8,1091.6,326.6,287.20000000000005,142.39999999999998,1,1,1.0
53,9,510.4,332.7,164.80000000000007,116.80000000000001,1,1,0.0
53,10,675.6,380.4,148.69999999999993,318.1,1,1,1.0
54,1,360.11,633.08,166.09000000000003,234.12,1,1,1.0
54,2,451.31,446.8,189.48999999999995,348.99999999999994,1,1,1.0
54,3,393.6,821.1,318.19999999999993,116.5,1,1,1.0
54,4,316.4,447.7,181.10000000000002,174.59999999999997,1,1,1.0
54,5,871.9,597.8,205.0000000000001,269.9000000000001,1,1,1.0
54,6,800.7,262.0,297.5,154.0,1,1,1.0
54,7,1542.8,464.3,245.4000000000001,146.7,1,1,1.0
54,8,1091.6,326.6,287.20000000000005,142.39999999999998,1,1,1.0
54,9,501.9,331.5,173.30000000000007,118.80000000000001,1,1,0.0
54,10,681.2,380.4,145.69999999999993,312.5,1,1,1.0
55,1,348.6,674.7,261.29999999999995,148.29999999999995,1,1,1.0
55,2,451.31,444.7,189.48999999999995,351.09999999999997,1,1,1.0
55,3,372.7,819.5,324.8,119.0,1,1,1.0
55,4,301.35,476.9,197.34999999999997,187.89999999999998,1,1,1.0
55,5,873.2,597.8,203.70000000000005,270.80000000000007,1,1,1.0
55,6,798.98,262.0,305.72,155.8,1,1,1.0
55,7,1551.4,461.8,234.69999999999982,162.90000000000003,1,1,1.0
55,8,1087.3,335.6,294.0,133.39999999999998,1,1,1.0
55,9,495.4,339.0,179.80000000000007,110.30000000000001,1,1,0.0
55,10,677.3,380.4,147.4000000000001,317.30000000000007,1,1,1.0
56,1,423.86,721.18,319.34000000000003,130.62,1,1,1.0
56,2,451.31,449.5,197.98999999999995,276.70000000000005,1,1,1.0
56,3,322.8,762.1,288.59999999999997,167.79999999999995,1,1,1.0
56,4,287.7,538.4,214.7,156.39999999999998,1,1,1.0
56,5,871.9,597.8,205.0000000000001,272.1,1,1,1.0
56,6,797.26,265.87,306.53999999999996,149.73000000000002,1,1,1.0
56,7,1552.1,461.4,235.10000000000014,167.60000000000002,1,1,1.0
56,8,1091.6,331.7,304.5,137.3,1,1,1.0
56,9,438.2,331.8,237.00000000000006,133.0,1,1,0.0
56,10,677.6,356.5,150.79999999999995,343.0,1,1,1.0
57,1,480.97,689.3,256.42999999999995,207.70000000000005,1,1,1.0
57,2,435.37,478.19,221.33000000000004,244.31,1,1,1.0
57,3,320.1,750.9,261.0,162.80000000000007,1,1,1.0
57,4,318.6,542.6,197.0,201.39999999999998,1,1,1.0
57,5,880.4,597.8,196.5000000000001,266.80000000000007,1,1,1.0
57,6,799.0,266.3,303.9000000000001,148.0,1,1,1.0
57,7,1552.1,464.3,234.70000000000005,160.40000000000003,1,1,1.0
57,8,1091.6,334.5,321.10000000000014,136.7,1,1,1.0
57,9,520.3,339.0,154.9000000000001,109.30000000000001,1,1,0.0
57,10,674.5,364.5,151.79999999999995,338.6,1,1,1.0
58,1,460.2,757.48,294.46999999999997,148.81999999999994,1,1,1.0
58,2,320.62,457.47,315.38,107.52999999999997,1,1,1.0
58,3,277.9,742.4,262.30000000000007,189.39999999999998,1,1,1.0
58,4,339.41,512.74,227.58999999999997,182.96000000000004,1,1,1.0
58,5,879.3,588.8,190.20000000000005,259.30000000000007,1,1,1.0
58,6,800.7,260.3,303.89999999999986,150.5,1,1,1.0
58,7,1555.0,460.4,231.0999999999999,170.0,1,1,1.0
58,8,1083.3,335.6,351.29999999999995,133.39999999999998,1,1,1.0
58,9,469.0,332.9,206.20000000000005,120.40000000000003,1,1,0.0
58,10,676.9,376.2,148.5,325.00000000000006,1,1,1.0
59,1,422.1,704.36,305.6,170.03999999999996,1,1,1.0
59,2,433.03,436.7,185.57000000000005,124.59999999999997,1,1,1.0
59,3,265.4,744.5,292.30000000000007,163.39999999999998,1,1,1.0
59,4,347.7,458.73,162.10000000000002,194.06999999999994,1,1,1.0
59,5,869.7,583.5,199.20000000000005,256.6,1,1,1.0
59,6,800.7,261.6,309.0999999999999,149.2,1,1,1.0
59,7,1547.7,459.3,239.0999999999999,161.90000000000003,1,1,1.0
59,8,1210.8,361.97,335.4000000000001,157.52999999999997,1,1,1.0
59,9,520.3,339.0,165.9000000000001,109.30000000000001,1,1,0.0
59,10,673.9,358.7,153.20000000000005,342.50000000000006,1,1,1.0
60,1,385.8,651.68,281.2,176.92000000000007,1,1,1.0
60,2,446.0,429.9,214.39999999999998,195.80000000000007,1,1,1.0
60,3,282.9,739.3,280.6,156.4000000000001,1,1,1.0
60,4,353.6,445.0,139.89999999999998,191.89999999999998,1,1,1.0
60,5,855.9,583.5,215.10000000000002,243.29999999999995,1,1,1.0
60,6,800.7,259.4,306.89999999999986,151.40000000000003,1,1,1.0
60,7,1525.6,464.3,258.70000000000005,142.99999999999994,1,1,1.0
60,8,1223.5,402.66,361.79999999999995,145.44,1,1,1.0
60,9,543.3,322.3,128.20000000000005,118.19999999999999,1,1,0.0
60,10,638.77,360.18,184.93000000000006,346.82,1,1,1.0
61,1,385.8,639.7,269.2,170.89999999999998,1,1,1.0
61,2,438.4,434.0,266.1,194.0,1,1,1.0
61,3,310.5,692.4,246.10000000000002,218.20000000000005,1,1,1.0
61,4,362.0,445.0,140.89999999999998,190.10000000000002,1,1,1.0
61,5,851.7,584.6,219.29999999999995,241.10000000000002,1,1,1.0
61,6,800.7,259.4,305.5999999999999,151.40000000000003,1,1,1.0
61,7,1525.6,464.3,258.70000000000005,129.09999999999997,1,1,1.0
61,8,1220.4,404.2,364.89999999999986,131.8,1,1,1.0
61,9,542.22,328.02,151.88,122.48000000000002,1,1,0.0
61,10,640.92,292.33,180.18000000000006,316.32,1,1,1.0
62,1,344.2,633.1,310.8,168.19999999999993,1,1,1.0
62,2,405.93,450.5,300.57,157.20000000000005,1,1,1.0
62,3,295.6,618.0,212.7,285.70000000000005,1,1,1.0
62,4,359.42,448.87,118.97999999999996,194.73000000000002,1,1,1.0
62,5,855.8,584.6,215.20000000000005,245.10000000000002,1,1,1.0
62,6,800.7,259.8,306.0,151.0,1,1,1.0
62,7,1524.5,468.34,262.6700000000001,121.10000000000008,1,1,1.0
62,8,1212.1,400.4,337.8000000000002,134.89999999999998,1,1,1.0
62,9,541.1,332.7,149.79999999999995,109.90000000000003,1,1,0.0
62,10,646.34,281.32,192.15999999999997,326.90000000000003,1,1,1.0
63,1,329.59,627.8,322.31,172.80000000000007,1,1,1.0
63,2,351.03,507.54,320.19000000000005,112.35999999999996,1,1,1.0
63,3,295.6,623.9,218.5,279.80000000000007,1,1,1.0
63,4,366.0,445.0,116.30000000000001,206.10000000000002,1,1,1.0
63,5,854.6,584.6,216.39999999999998,246.60000000000002,1,1,1.0
63,6,800.7,259.0,308.79999999999995,151.8,1,1,1.0
63,7,1534.85,461.65,251.60000000000014,134.64999999999998,1,1,1.0
63,8,1220.4,387.6,299.29999999999995,159.79999999999995,1,1,1.0
63,9,537.9,332.7,156.60000000000002,110.60000000000002,1,1,0.0
63,10,675.9,303.0,163.0,290.70000000000005,1,1,1.0
64,1,326.1,624.3,325.0,164.20000000000005,1,1,1.0
64,2,333.7,523.6,317.09999999999997,106.39999999999998,1,1,1.0
64,3,295.6,605.2,216.79999999999995,296.4,1,1,1.0
64,4,394.8,442.79,126.14000000000004,91.41000000000003,1,1,0.0
64,5,872.0,585.1,204.79999999999995,257.6,1,1,1.0
64,6,800.7,259.2,310.5,151.60000000000002,1,1,1.0
64,7,1524.3,470.0,262.5,119.79999999999995,1,1,1.0
64,8,1229.4,362.0,306.89999999999986,178.39999999999998,1,1,1.0
64,9,533.6,338.8,163.10000000000002,108.39999999999998,1,1,0.0
64,10,676.9,303.0,160.70000000000005,299.70000000000005,1,1,1.0
65,1,319.9,624.3,335.6,162.4000000000001,1,1,1.0
65,2,328.0,526.1,306.29999999999995,111.0,1,1,1.0
65,3,281.8,612.1,233.59999999999997,289.5,1,1,1.0
65,4,322.9,423.7,226.70000000000005,121.09999999999997,1,1,1.0
65,5,872.0,585.1,204.79999999999995,257.6,1,1,1.0
65,6,800.7,257.9,309.5999999999999,152.90000000000003,1,1,1.0
65,7,1524.3,464.7,263.20000000000005,126.90000000000003,1,1,1.0
65,8,1229.4,368.8,310.6999999999998,173.90000000000003,1,1,1.0
65,9,536.1,332.7,174.0,153.90000000000003,1,1,1.0
65,10,681.2,306.7,153.0,290.7,1,1,1.0
66,1,340.0,624.3,307.1,150.0,1,1,1.0
66,2,299.8,527.0,312.7,112.60000000000002,1,1,1.0
66,3,281.8,611.6,234.49999999999994,283.6,1,1,1.0
66,4,293.8,423.7,251.09999999999997,126.00000000000006,1,1,1.0
66,5,883.2,585.1,193.5999999999999,269.79999999999995,1,1,1.0
66,6,800.7,258.8,307.0,152.0,1,1,1.0
66,7,1524.3,469.6,262.9000000000001,120.19999999999993,1,1,1.0
66,8,1232.4,375.6,322.79999999999995,162.60000000000002,1,1,1.0
66,9,543.3,324.3,152.80000000000007,173.8,1,1,1.0
66,10,678.9,278.0,155.30000000000007,321.1,1,1,1.0
67,1,403.12,650.9,239.08000000000004,215.04000000000008,1,1,1.0
67,2,310.2,499.4,290.09999999999997,136.10000000000002,1,1,1.0
67,3,281.8,611.6,235.49999999999994,283.6,1,1,1.0
67,4,366.4,423.7,198.0,126.00000000000006,1,1,1.0
67,5,901.8,585.1,178.9000000000001,277.79999999999995,1,1,1.0
67,6,800.7,258.4,307.0,152.40000000000003,1,1,1.0
67,7,1526.1,469.6,261.10000000000014,131.29999999999995,1,1,1.0
67,8,1237.7,381.6,309.20000000000005,164.10000000000002,1,1,1.0
67,9,543.3,324.3,146.4000000000001,161.2,1,1,1.0
67,10,638.2,295.5,200.69999999999993,308.29999999999995,1,1,1.0
68,1,367.26,652.7,231.53999999999996,241.13,1,1,1.0
68,2,295.6,513.7,296.5,122.59999999999991,1,1,1.0
68,3,304.1,591.4,234.0,320.30000000000007,1,1,1.0
68,4,325.7,423.7,208.59999999999997,161.40000000000003,1,1,1.0
68,5,907.1,585.1,173.10000000000002,279.4,1,1,1.0
68,6,799.84,260.9,312.15999999999997,152.91000000000003,1,1,1.0
68,7,1526.1,466.9,261.10000000000014,137.20000000000005,1,1,1.0
68,8,1257.3,380.1,299.4000000000001,192.69999999999993,1,1,1.0
68,9,543.3,328.2,132.4000000000001,152.60000000000002,1,1,0.0
68,10,598.4,303.5,243.20000000000005,291.4,1,1,1.0
69,1,296.43,770.5,278.86999999999995,161.39999999999998,1,1,1.0
69,2,311.5,518.5,293.0,119.29999999999995,1,1,1.0
69,3,351.6,619.0,193.39999999999998,234.60000000000002,1,1,1.0
69,4,305.3,428.1,258.7,122.89999999999998,1,1,1.0
69,5,908.2,585.1,172.5,282.1,1,1,1.0
69,6,800.7,263.1,336.0999999999999,147.7,1,1,1.0
69,7,1526.1,466.9,260.4000000000001,141.30000000000007,1,1,1.0
69,8,1257.3,380.1,300.20000000000005,184.39999999999998,1,1,1.0
69,9,543.3,324.3,148.10000000000002,151.3,1,1,0.0
69,10,559.7,276.1,283.69999999999993,211.09999999999997,1,1,1.0
70,1,338.5,771.9,237.29999999999995,162.70000000000005,1,1,1.0
70,2,328.5,527.5,285.6,121.10000000000002,1,1,1.0
70,3,358.3,620.1,248.90000000000003,207.10000000000002,1,1,1.0
70,4,368.6,403.4,219.69999999999993,137.89999999999998,1,1,1.0
70,5,909.8,583.5,170.4000000000001,280.5,1,1,1.0
70,6,800.7,263.1,361.39999999999986,147.7,1,1,1.0
70,7,1529.2,462.5,258.0,134.89999999999998,1,1,1.0
70,8,1248.3,356.8,271.5,209.2,1,1,1.0
70,9,548.0,324.3,161.70000000000005,163.89999999999998,1,1,0.0
70,10,558.03,277.3,316.07000000000005,173.09999999999997,1,1,1.0
71,1,324.3,786.5,259.90000000000003,148.10000000000002,1,1,1.0
71,2,315.22,564.2,218.77999999999997,216.67999999999995,1,1,1.0
71,3,367.9,651.4,313.70000000000005,123.70000000000005,1,1,1.0
71,4,517.4,408.23,247.5,253.06999999999994,1,1,1.0
71,5,898.1,578.7,183.19999999999993,272.0,1,1,1.0
71,6,796.6,263.1,361.6,156.29999999999995,1,1,1.0
71,7,1529.2,462.5,258.29999999999995,134.89999999999998,1,1,1.0
71,8,1245.2,329.7,248.20000000000005,234.8,1,1,1.0
71,9,543.3,324.3,170.10000000000002,152.39999999999998,1,1,0.0
71,10,578.2,279.06,315.5999999999999,158.04000000000002,1,1,1.0
72,1,324.3,789.2,260.3,145.39999999999998,1,1,1.0
72,2,340.2,556.2,172.40000000000003,259.19999999999993,1,1,1.0
72,3,427.4,685.93,287.70000000000005,169.37,1,1,1.0
72,4,621.44,464.45,200.55999999999995,253.07,1,1,1.0
72,5,886.4,576.6,193.60000000000002,270.4,1,1,1.0
72,6,792.2,270.3,330.5,147.39999999999998,1,1,1.0
72,7,1529.2,470.9,258.0,126.5,1,1,1.0
72,8,1249.5,319.9,237.79999999999995,278.70000000000005,1,1,1.0
72,9,324.57,384.5,314.53000000000003,113.66000000000003,1,1,0.0
72,10,590.4,281.4,306.4,155.70000000000005,1,1,1.0
73,1,336.3,785.5,253.7,149.10000000000002,1,1,1.0
73,2,369.42,506.26,170.78000000000003,258.14,1,1,1.0
73,3,447.6,683.8,280.79999999999995,157.20000000000005,1,1,1.0
73,4,638.8,472.42,180.10000000000002,293.78000000000003,1,1,1.0
73,5,880.0,562.5,187.29999999999995,284.0,1,1,1.0
73,6,800.7,279.5,374.0,149.39999999999998,1,1,1.0
73,7,1530.1,470.9,256.70000000000005,126.5,1,1,1.0
73,8,1252.0,319.9,257.29999999999995,260.70000000000005,1,1,1.0
73,9,327.19,383.5,292.01000000000005,183.79999999999995,1,1,1.0
73,10,605.4,284.4,293.70000000000005,149.0,1,1,1.0
74,1,342.9,781.3,254.20000000000005,153.30000000000007,1,1,1.0
74,2,420.42,538.14,199.97999999999996,147.65999999999997,1,1,1.0
74,3,492.76,686.99,273.34000000000003,175.40999999999997,1,1,1.0
74,4,734.8,568.49,151.3900000000001,339.40999999999997,1,1,1.0
74,5,932.9,527.2,171.60000000000002,298.5999999999999,1,1,1.0
74,6,976.3,344.5,325.4000000000001,184.29999999999995,1,1,1.0
74,7,1665.6,468.2,120.80000000000018,118.13000000000005,1,1,0.0
74,8,1255.22,319.18,227.77999999999997,274.82,1,1,1.0
74,9,342.9,386.8,287.0,201.40000000000003,1,1,1.0
74,10,546.8,334.3,311.9000000000001,196.90000000000003,1,1,1.0
75,1,337.14,650.25,227.56000000000006,242.14999999999998,1,1,1.0
75,2,482.57,557.8,262.43,123.22000000000003,1,1,1.0
75,3,459.8,697.1,325.99999999999994,123.19999999999993,1,1,1.0
75,4,551.6,799.1,309.4,142.0,1,1,1.0
75,5,936.8,521.9,167.70000000000005,303.4,1,1,1.0
75,6,999.38,337.94,275.7199999999999,218.45999999999998,1,1,1.0
75,7,1665.6,463.8,121.40000000000009,122.53000000000003,1,1,0.0
75,8,1257.3,328.9,219.9000000000001,285.1,1,1,1.0
75,9,318.3,383.0,308.8,159.29999999999995,1,1,1.0
75,10,566.5,327.9,288.5,202.20000000000005,1,1,1.0
76,1,318.11,616.6,174.49,258.19999999999993,1,1,1.0
76,2,613.79,503.6,301.51,155.0,1,1,1.0
76,3,494.9,672.1,282.4,131.19999999999993,1,1,1.0
76,4,421.81,630.87,212.08999999999997,297.42999999999995,1,1,1.0
76,5,936.8,521.9,168.20000000000005,301.30000000000007,1,1,1.0
76,6,1086.51,351.75,242.78999999999996,315.15,1,1,1.0
76,7,1665.6,455.8,120.10000000000014,130.53000000000003,1,1,0.0
76,8,1359.02,402.74,204.57999999999993,342.55999999999995,1,1,1.0
76,9,318.3,395.6,305.7,162.29999999999995,1,1,1.0
76,10,553.2,316.7,298.0999999999999,206.50000000000006,1,1,1.0
77,1,372.12,489.1,98.38,321.9,1,1,1.0
77,2,806.2,361.5,230.5999999999999,219.70000000000005,1,1,1.0
77,3,494.9,657.2,293.0,146.0999999999999,1,1,1.0
77,4,461.65,500.72,158.14999999999998,340.38,1,1,1.0
77,5,930.3,475.2,155.10000000000014,353.8,1,1,1.0
77,6,1093.4,336.3,224.19999999999982,346.09999999999997,1,1,1.0
77,7,1665.6,455.8,120.10000000000014,130.53000000000003,1,1,0.0
77,8,1398.2,412.5,182.5,347.1,1,1,1.0
77,9,303.1,395.6,313.6,163.29999999999995,1,1,1.0
77,10,567.1,314.1,287.19999999999993,205.79999999999995,1,1,1.0
78,1,454.4,365.6,157.80000000000007,255.5,1,1,0.0
78,2,860.3,319.8,185.10000000000014,267.2,1,1,1.0
78,3,558.7,607.26,260.0999999999999,204.53999999999996,1,1,1.0
78,4,461.65,418.0,198.75,293.39,1,1,1.0
78,5,929.1,486.4,175.9999999999999,341.5,1,1,1.0
78,6,1088.6,339.5,220.0,357.70000000000005,1,1,1.0
78,7,1695.7,497.4,90.0,70.80000000000007,1,1,0.0
78,8,1389.9,412.5,188.6199999999999,356.9,1,1,1.0
78,9,303.1,447.4,206.89999999999998,80.10000000000002,1,1,0.0
78,10,571.8,306.91,280.12,214.29000000000002,1,1,1.0
79,1,531.2,275.2,99.59999999999991,187.8,1,1,0.0
79,2,856.6,307.0,193.10000000000002,257.70000000000005,1,1,1.0
79,3,583.1,590.3,234.01999999999998,236.9000000000001,1,1,1.0
79,4,422.9,443.68,250.70000000000005,257.92,1,1,1.0
79,5,932.1,501.8,159.69999999999993,329.09999999999997,1,1,1.0
79,6,1085.9,343.7,222.69999999999982,345.2,1,1,1.0
79,7,1701.5,513.3,84.20000000000005,68.20000000000005,1,1,0.0
79,8,1389.9,415.1,242.0999999999999,272.19999999999993,1,1,1.0
79,9,259.7,443.7,244.5,90.09999999999997,1,1,0.0
79,10,634.7,293.59,210.93999999999994,296.01000000000005,1,1,1.0
80,1,547.0,286.0,74.89999999999998,116.30000000000001,1,1,0.0
80,2,873.1,261.84,205.2399999999999,241.76000000000005,1,1,1.0
80,3,602.2,607.8,220.79999999999995,274.1,1,1,1.0
80,4,368.7,442.9,259.81,169.30000000000007,1,1,1.0
80,5,929.4,507.6,164.10000000000002,323.5,1,1,1.0
80,6,1081.7,344.8,226.89999999999986,335.8,1,1,1.0
80,7,1707.3,513.3,78.40000000000009,68.20000000000005,1,1,0.0
80,8,1372.2,427.8,274.70000000000005,259.59999999999997,1,1,1.0
80,9,307.3,434.0,247.09999999999997,111.60000000000002,1,1,0.0
80,10,631.8,334.3,178.60000000000002,278.09999999999997,1,1,1.0
81,1,553.0,301.0,42.299999999999955,29.600000000000023,1,1,0.0
81,2,868.8,265.0,216.4000000000001,234.89999999999998,1,1,1.0
81,3,463.54,616.83,286.16,228.9699999999999,1,1,1.0
81,4,312.92,470.7,269.08,168.95,1,1,1.0
81,5,929.4,507.6,200.0000000000001,323.5,1,1,1.0
81,6,1080.6,358.1,228.0,330.19999999999993,1,1,1.0
81,7,1707.3,508.4,78.40000000000009,50.5,1,1,0.0
81,8,1368.0,435.69,274.5999999999999,244.20999999999998,1,1,1.0
81,9,296.5,420.5,275.0,123.70000000000005,1,1,1.0
81,10,678.56,377.33,249.84000000000003,286.27000000000004,1,1,1.0
82,1,553.64,287.7,31.460000000000036,24.310000000000002,1,1,0.0
82,2,851.8,234.26,209.0,305.14,1,1,1.0
82,3,468.4,651.4,244.60000000000002,147.70000000000005,1,1,1.0
82,4,306.72,554.01,245.17999999999995,128.99,1,1,1.0
82,5,926.4,465.1,168.0000000000001,366.0,1,1,1.0
82,6,1070.0,365.5,251.4000000000001,273.29999999999995,1,1,1.0
82,7,1740.9,495.6,44.799999999999955,26.600000000000023,1,1,0.0
82,8,1371.8,438.2,256.4000000000001,240.00000000000006,1,1,1.0
82,9,272.8,419.2,295.3,121.09999999999997,1,1,1.0
82,10,664.51,397.31,280.99,270.09,1,1,1.0
83,1,537.3,280.6,48.5,31.409999999999968,1,1,0.0
83,2,711.0,274.0,344.5,146.8,1,1,1.0
83,3,484.8,651.4,219.7,141.89999999999998,1,1,1.0
83,4,296.54,518.15,238.56,175.45000000000005,1,1,1.0
83,5,935.2,482.6,159.20000000000005,351.19999999999993,1,1,1.0
83,6,1103.5,336.3,234.20000000000005,278.09999999999997,1,1,1.0
83,7,1740.9,495.6,44.799999999999955,30.100000000000023,1,1,0.0
83,8,1383.96,434.99,233.13999999999987,244.51,1,1,1.0
83,9,262.1,411.6,310.69999999999993,126.89999999999998,1,1,1.0
83,10,673.2,401.3,274.0999999999999,244.99999999999994,1,1,1.0
84,1,553.7,297.92,45.569999999999936,39.27999999999997,1,1,0.0
84,2,604.75,286.22,320.04999999999995,118.07999999999998,1,1,1.0
84,3,468.0,649.6,214.20000000000005,180.89999999999998,1,1,1.0
84,4,307.6,513.8,225.29999999999995,193.9000000000001,1,1,1.0
84,5,935.2,469.3,159.20000000000005,364.49999999999994,1,1,1.0
84,6,1112.4,330.45,210.0999999999999,283.95,1,1,1.0
84,7,1779.9,495.6,5.7999999999999545,30.100000000000023,1,1,0.0
84,8,1366.93,438.2,278.06999999999994,240.00000000000006,1,1,1.0
84,9,267.9,411.6,305.20000000000005,126.89999999999998,1,1,1.0
84,10,673.01,400.68,267.89,246.11999999999995,1,1,1.0
85,1,551.47,295.3,37.129999999999995,25.5,1,1,0.0
85,2,596.2,289.0,313.79999999999995,128.10000000000002,1,1,1.0
85,3,436.46,684.4,182.54000000000002,211.80000000000007,1,1,1.0
85,4,316.47,509.76,228.82999999999993,195.74,1,1,1.0
85,5,952.2,449.6,152.29999999999995,384.19999999999993,1,1,1.0
85,6,1115.7,323.9,246.0,292.70000000000005,1,1,1.0
85,7,1779.3,502.6,6.2999999999999545,30.100000000000023,1,1,0.0
85,8,1405.7,508.3,343.79999999999995,137.49999999999994,1,1,1.0
85,9,267.79,400.9,295.31,141.54000000000008,1,1,1.0
85,10,679.22,398.03,272.0799999999999,251.76999999999998,1,1,1.0
86,1,467.5,269.2,85.20000000000005,272.00000000000006,1,1,0.0
86,2,528.9,292.6,280.70000000000005,181.29999999999995,1,1,1.0
86,3,436.46,684.4,175.14000000000004,226.80000000000007,1,1,1.0
86,4,310.7,536.3,229.00000000000006,166.60000000000002,1,1,1.0
86,5,922.98,371.59,176.72000000000003,353.31,1,1,1.0
86,6,1107.6,364.62,269.60000000000014,233.88,1,1,1.0
86,7,1778.7,509.61,6.809999999999945,30.100000000000023,1,1,0.0
86,8,1437.3,448.0,284.29999999999995,176.39999999999998,1,1,1.0
86,9,322.6,460.2,239.79999999999995,86.09999999999997,1,1,0.0
86,10,669.81,393.3,194.0,331.8,1,1,1.0
87,1,513.72,433.3,180.27999999999997,303.90000000000003,1,1,1.0
87,2,611.1,265.17,176.69999999999993,234.63,1,1,1.0
87,3,374.8,688.1,240.7,181.19999999999993,1,1,1.0
87,4,315.1,541.6,226.10000000000002,156.89999999999998,1,1,1.0
87,5,891.6,316.4,180.89999999999998,314.4,1,1,1.0
87,6,1160.82,439.45,300.78,142.34999999999997,1,1,1.0
87,7,1778.1,516.61,7.310000000000173,30.100000000000023,1,1,0.0
87,8,1437.3,452.5,274.5,166.89999999999998,1,1,1.0
87,9,321.0,389.4,276.4,160.89999999999998,1,1,1.0
87,10,732.72,488.27,167.88,305.23,1,1,1.0
88,1,565.78,490.2,167.01999999999998,283.09999999999997,1,1,1.0
88,2,604.7,291.6,155.5,282.79999999999995,1,1,1.0
88,3,343.5,688.1,278.20000000000005,181.19999999999993,1,1,1.0
88,4,297.8,541.6,246.40000000000003,156.89999999999998,1,1,1.0
88,5,886.9,298.8,176.69999999999993,314.49999999999994,1,1,1.0
88,6,1171.45,418.7,302.3499999999999,146.3,1,1,1.0
88,7,1777.5,523.61,7.809999999999945,30.100000000000023,1,1,0.0
88,8,1433.5,452.5,278.29999999999995,159.39999999999998,1,1,1.0
88,9,301.1,383.8,295.5,169.90000000000003,1,1,1.0
88,10,755.41,481.57,145.99,308.72999999999996,1,1,1.0
89,1,504.7,509.32,228.63000000000005,283.08,1,1,1.0
89,2,607.7,297.7,178.0,286.8,1,1,1.0
89,3,296.7,742.3,333.00000000000006,127.0,1,1,1.0
89,4,303.1,533.6,238.10000000000002,164.89999999999998,1,1,1.0
89,5,890.04,312.1,174.96000000000004,303.9,1,1,1.0
89,6,1171.45,418.7,293.3499999999999,146.3,1,1,1.0
89,7,1776.9,530.61,8.319999999999936,30.100000000000023,1,1,0.0
89,8,1427.5,457.0,284.29999999999995,154.10000000000002,1,1,1.0
89,9,322.0,397.8,256.0,149.59999999999997,1,1,1.0
89,10,753.5,484.65,146.29999999999995,299.95000000000005,1,1,1.0
90,1,456.89,566.2,241.90999999999997,238.41999999999996,1,1,1.0
90,2,609.8,296.42,152.5,284.18,1,1,1.0
90,3,296.7,733.3,291.59999999999997,153.5,1,1,1.0
90,4,303.1,533.6,241.60000000000002,166.60000000000002,1,1,1.0
90,5,890.04,273.9,169.36000000000013,342.1,1,1,1.0
90,6,1168.9,414.0,299.0999999999999,151.0,1,1,1.0
90,7,1776.3,537.62,8.819999999999936,30.100000000000023,1,1,0.0
90,8,1423.6,457.0,306.3000000000002,140.0,1,1,1.0
90,9,322.0,391.7,259.20000000000005,155.7,1,1,1.0
90,10,757.56,482.67,140.1400000000001,300.22999999999996,1,1,1.0
91,1,377.73,664.5,287.06999999999994,119.92999999999995,1,1,1.0
91,2,608.9,295.8,153.89999999999998,288.7,1,1,1.0
91,3,311.6,720.5,256.5,191.79999999999995,1,1,1.0
91,4,294.7,533.6,249.09999999999997,160.5,1,1,1.0
91,5,890.04,246.8,143.36000000000013,320.3,1,1,1.0
91,6,1166.1,412.9,297.10000000000014,152.10000000000002,1,1,1.0
91,7,1775.7,544.62,9.319999999999936,30.100000000000023,1,1,0.0
91,8,1427.5,457.0,320.29999999999995,151.10000000000002,1,1,1.0
91,9,327.1,400.0,249.10000000000002,143.79999999999995,1,1,1.0
91,10,756.7,481.81,141.39999999999998,301.98999999999995,1,1,1.0
92,1,352.23,647.5,289.16999999999996,126.0,1,1,1.0
92,2,608.9,295.8,156.5,288.7,1,1,1.0
92,3,319.6,696.6,254.89999999999998,215.69999999999993,1,1,1.0
92,4,316.4,527.0,226.5,158.89999999999998,1,1,1.0
92,5,890.04,204.3,178.96000000000004,362.8,1,1,1.0
92,6,1161.8,412.9,301.4000000000001,152.10000000000002,1,1,1.0
92,7,1775.1,551.62,9.830000000000155,30.100000000000023,1,1,0.0
92,8,1423.7,463.0,331.20000000000005,145.10000000000002,1,1,1.0
92,9,330.4,400.7,249.0,139.40000000000003,1,1,1.0
92,10,759.47,476.2,136.92999999999995,338.00000000000006,1,1,1.0
93,1,312.39,627.31,289.16999999999996,139.09000000000003,1,1,1.0
93,2,578.6,294.2,192.19999999999993,285.00000000000006,1,1,1.0
93,3,319.6,696.6,254.89999999999998,209.89999999999998,1,1,1.0
93,4,308.4,537.2,236.30000000000007,129.89999999999998,1,1,1.0
93,5,894.8,192.1,175.29999999999995,375.0,1,1,1.0
93,6,1161.8,412.9,301.4000000000001,152.10000000000002,1,1,1.0
93,7,1774.5,558.62,10.329999999999927,30.110000000000014,1,1,0.0
93,8,1419.9,512.0,323.5,145.79999999999995,1,1,1.0
93,9,384.0,412.7,246.89999999999998,115.50000000000006,1,1,1.0
93,10,757.3,472.5,136.5,347.70000000000005,1,1,1.0
94,1,304.4,632.6,276.1,124.19999999999993,1,1,1.0
94,2,584.4,305.4,198.10000000000002,303.5,1,1,1.0
94,3,314.3,675.3,264.09999999999997,226.9000000000001,1,1,1.0
94,4,346.03,473.45,205.87,187.05,1,1,1.0
94,5,894.8,199.5,176.9000000000001,367.6,1,1,1.0
94,6,1163.4,412.9,321.5999999999999,150.0,1,1,1.0
94,7,1773.9,565.63,10.829999999999927,30.100000000000023,1,1,0.0
94,8,1510.66,479.67,233.79999999999995,230.90000000000003,1,1,1.0
94,9,410.5,407.1,205.70000000000005,122.0,1,1,0.0
94,10,733.9,477.8,153.70000000000005,334.49999999999994,1,1,1.0
95,1,315.6,628.3,258.29999999999995,128.5,1,1,1.0
95,2,602.3,390.93,166.3900000000001,298.67,1,1,1.0
95,3,317.2,681.5,257.8,220.70000000000005,1,1,1.0
95,4,361.9,444.67,183.60000000000002,205.22999999999996,1,1,1.0
95,5,895.4,239.3,176.30000000000007,325.7,1,1,1.0
95,6,1163.4,412.9,337.5,150.0,1,1,1.0
95,7,1773.3,572.63,11.340000000000146,30.100000000000023,1,1,0.0
95,8,1538.2,481.2,191.0,294.8,1,1,1.0
95,9,463.31,292.1,194.79000000000002,255.29999999999995,1,1,1.0
95,10,699.86,527.7,170.93999999999994,306.9,1,1,1.0
96,1,315.6,622.5,258.29999999999995,131.60000000000002,1,1,1.0
96,2,598.8,398.9,183.20000000000005,348.9,1,1,1.0
96,3,314.7,716.7,260.3,178.0999999999999,1,1,1.0
96,4,376.0,447.8,149.79999999999995,197.2,1,1,1.0
96,5,890.7,238.2,181.0,326.8,1,1,1.0
96,6,1156.5,412.9,363.5,150.0,1,1,1.0
96,7,1772.7,579.63,11.839999999999918,30.100000000000023,1,1,0.0
96,8,1540.5,475.9,178.0,300.1,1,1,1.0
96,9,471.68,304.7,310.42,169.44,1,1,1.0
96,10,631.1,616.83,228.60000000000002,263.87,1,1,1.0
97,1,341.1,622.5,219.5,127.29999999999995,1,1,1.0
97,2,563.8,452.0,191.10000000000002,288.70000000000005,1,1,1.0
97,3,294.6,734.2,280.4,160.5999999999999,1,1,1.0
97,4,413.3,406.2,196.8,238.8,1,1,1.0
97,5,889.5,220.7,187.4000000000001,350.09999999999997,1,1,1.0
97,6,1169.8,405.5,337.70000000000005,145.20000000000005,1,1,1.0
97,7,1772.1,586.64,12.340000000000146,30.100000000000023,1,1,0.0
97,8,1547.3,468.4,165.9000000000001,311.4,1,1,1.0
97,9,539.2,294.9,262.29999999999995,144.22000000000003,1,1,1.0
97,10,568.8,666.9,265.59000000000003,219.80000000000007,1,1,1.0
98,1,378.29,599.7,190.81,137.3499999999999,1,1,1.0
98,2,525.8,478.6,248.80000000000007,256.29999999999995,1,1,1.0
98,3,287.7,730.5,286.8,177.10000000000002,1,1,1.0
98,4,465.7,409.7,355.09999999999997,131.70999999999998,1,1,1.0
98,5,913.4,244.1,163.09000000000003,318.69999999999993,1,1,1.0
98,6,1192.1,412.9,323.70000000000005,137.80000000000007,1,1,1.0
98,7,1771.5,593.64,12.849999999999909,30.100000000000023,1,1,0.0
98,8,1563.9,453.3,161.39999999999986,288.8,1,1,1.0
98,9,582.11,286.9,284.28999999999996,155.90000000000003,1,1,1.0
98,10,522.19,726.07,317.02,173.4899999999999,1,1,1.0
99,1,392.1,637.19,114.26999999999998,263.6099999999999,1,1,0.0
99,2,488.2,564.5,317.3,177.10000000000002,1,1,1.0
99,3,320.1,656.7,252.79999999999995,275.9,1,1,1.0
99,4,646.6,452.7,335.1,172.90000000000003,1,1,1.0
99,5,915.9,248.9,160.59000000000003,313.9,1,1,1.0
99,6,1279.8,402.81,308.78,148.39000000000004,1,1,1.0
99,7,1770.9,600.64,13.349999999999909,30.100000000000023,1,1,0.0
99,8,1563.9,463.0,159.0999999999999,279.1,1,1,1.0
99,9,611.41,299.46,270.69000000000005,142.84000000000003,1,1,1.0
99,10,516.0,761.0,324.5,142.89999999999998,1,1,1.0
100,1,392.1,753.2,117.39999999999998,164.89999999999998,1,1,1.0
100,2,432.4,575.8,334.0,153.10000000000002,1,1,1.0
100,3,318.51,581.7,237.89,310.0,1,1,1.0
100,4,767.5,538.6,312.03999999999996,156.87,1,1,1.0
100,5,927.1,243.1,148.30000000000007,317.6,1,1,1.0
100,6,1283.0,399.4,309.29999999999995,151.80000000000007,1,1,1.0
100,7,1770.3,607.64,13.860000000000127,30.100000000000023,1,1,0.0
100,8,1491.56,459.7,162.1400000000001,291.44,1,1,1.0
100,9,624.0,301.0,249.20000000000005,148.5,1,1,1.0
100,10,507.0,733.5,333.5,153.79999999999995,1,1,1.0
101,1,470.46,809.0,298.44,139.20000000000005,1,1,1.0
101,2,409.6,528.5,320.4,180.20000000000005,1,1,1.0
101,3,353.57,479.26,180.13000000000005,340.24,1,1,1.0
101,4,774.6,543.5,305.4,161.70000000000005,1,1,1.0
101,5,928.2,240.4,156.70000000000005,307.0,1,1,1.0
101,6,1280.8,413.4,347.10000000000014,142.60000000000002,1,1,1.0
101,7,1769.7,614.65,14.3599999999999,30.100000000000023,1,1,0.0
101,8,1471.2,470.7,175.70000000000005,308.3,1,1,1.0
101,9,649.1,271.2,228.0,184.7,1,1,1.0
101,10,487.9,738.7,361.6,144.0999999999999,1,1,1.0
102,1,723.24,760.6,304.6600000000001,163.10000000000002,1,1,1.0
102,2,428.99,511.57,298.71000000000004,198.72999999999996,1,1,1.0
102,3,319.0,463.9,195.89999999999998,297.20000000000005,1,1,1.0
102,4,779.0,558.1,308.5,151.10000000000002,1,1,1.0
102,5,928.2,248.4,164.79999999999995,299.0,1,1,1.0
102,6,1283.0,409.5,330.0,146.5,1,1,1.0
102,7,1769.1,621.65,14.860000000000127,30.100000000000023,1,1,0.0
102,8,1478.0,482.8,178.70000000000005,312.8,1,1,1.0
102,9,649.1,272.8,224.19999999999993,205.09999999999997,1,1,1.0
102,10,370.5,714.79,320.70000000000005,118.81000000000006,1,1,1.0
103,1,802.5,720.1,263.9000000000001,224.69999999999993,1,1,1.0
103,2,442.0,509.3,280.6,209.2,1,1,1.0
103,3,377.9,448.0,146.0,267.9,1,1,1.0
103,4,780.8,559.4,309.0,156.0,1,1,1.0
103,5,924.6,251.6,213.4999999999999,299.0,1,1,1.0
103,6,1286.7,413.4,369.29999999999995,142.60000000000002,1,1,1.0
103,7,1768.5,628.65,15.36999999999989,30.100000000000023,1,1,0.0
103,8,1478.0,487.3,177.20000000000005,280.40000000000003,1,1,1.0
103,9,644.9,275.9,227.30000000000007,204.10000000000002,1,1,1.0
103,10,329.1,715.9,367.9,117.70000000000005,1,1,1.0
104,1,799.4,716.6,267.0000000000001,218.29999999999995,1,1,1.0
104,2,417.0,504.0,297.20000000000005,224.20000000000005,1,1,1.0
104,3,372.1,446.4,151.79999999999995,227.0,1,1,1.0
104,4,783.5,559.4,307.29999999999995,156.0,1,1,1.0
104,5,926.7,251.6,158.29999999999995,299.0,1,1,1.0
104,6,1416.9,409.15,317.1899999999998,135.64999999999998,1,1,1.0
104,7,1767.9,635.66,15.86999999999989,30.100000000000023,1,1,0.0
104,8,1478.0,539.3,181.0999999999999,216.30000000000007,1,1,1.0
104,9,646.3,275.9,231.10000000000002,231.8,1,1,1.0
104,10,319.0,700.5,374.79999999999995,132.0,1,1,1.0
105,1,811.4,721.0,255.0000000000001,214.29999999999995,1,1,1.0
105,2,397.9,520.5,329.1,199.20000000000005,1,1,1.0
105,3,368.9,446.4,155.0,222.70000000000005,1,1,1.0
105,4,788.4,564.3,309.5000000000001,154.20000000000005,1,1,1.0
105,5,928.2,251.6,161.89999999999986,299.0,1,1,1.0
105,6,1416.9,406.5,325.1999999999998,144.0,1,1,1.0
105,7,1767.3,642.66,16.37000000000012,30.100000000000023,1,1,0.0
105,8,1389.2,560.7,306.79999999999995,178.0,1,1,1.0
105,9,644.9,282.2,234.30000000000007,225.5,1,1,1.0
105,10,322.7,695.8,371.09999999999997,136.70000000000005,1,1,1.0
106,1,811.4,714.4,259.0000000000001,220.89999999999998,1,1,1.0
106,2,422.9,540.2,311.5,136.5,1,1,1.0
106,3,371.6,446.4,152.29999999999995,215.30000000000007,1,1,1.0
106,4,778.7,556.8,315.5999999999999,160.30000000000007,1,1,1.0
106,5,928.2,253.7,162.89999999999986,296.90000000000003,1,1,1.0
106,6,1422.2,406.5,315.70000000000005,138.29999999999995,1,1,1.0
106,7,1766.7,649.66,16.87999999999988,30.100000000000023,1,1,0.0
106,8,1313.73,457.92,299.97,218.97999999999996,1,1,1.0
106,9,640.2,289.5,239.29999999999995,233.89999999999998,1,1,1.0
106,10,322.7,696.2,371.09999999999997,136.29999999999995,1,1,1.0
107,1,812.3,710.9,260.70000000000005,222.70000000000005,1,1,1.0
107,2,297.53,602.4,338.07000000000005,106.20000000000005,1,1,1.0
107,3,364.7,446.4,159.2,182.39999999999998,1,1,1.0
107,4,818.1,459.8,266.80000000000007,272.42,1,1,1.0
107,5,887.8,239.9,202.4000000000001,274.0,1,1,1.0
107,6,1425.4,406.5,318.89999999999986,141.89999999999998,1,1,1.0
107,7,1766.1,656.66,17.38000000000011,30.100000000000023,1,1,0.0
107,8,1285.9,461.7,305.89999999999986,197.40000000000003,1,1,1.0
107,9,640.2,289.5,234.0,251.29999999999995,1,1,1.0
107,10,317.4,703.7,371.70000000000005,127.69999999999993,1,1,1.0
108,1,814.4,710.9,254.69999999999993,221.30000000000007,1,1,1.0
108,2,307.1,604.0,305.1,109.29999999999995,1,1,1.0
108,3,346.6,446.4,177.29999999999995,192.0,1,1,1.0
108,4,881.9,459.8,180.69999999999993,297.7,1,1,1.0
108,5,874.0,239.9,201.9000000000001,255.9,1,1,1.0
108,6,1437.6,413.4,288.60000000000014,135.0,1,1,1.0
108,7,1765.5,663.67,17.88000000000011,30.100000000000023,1,1,0.0
108,8,1313.8,461.7,275.9000000000001,192.59999999999997,1,1,1.0
108,9,646.0,287.4,222.0,267.30000000000007,1,1,1.0
108,10,317.4,695.1,372.5,136.29999999999995,1,1,1.0
109,1,816.7,717.58,254.54999999999995,210.2199999999999,1,1,1.0
109,2,343.76,595.0,281.84000000000003,124.75999999999999,1,1,1.0
109,3,383.8,446.4,140.09999999999997,189.89999999999998,1,1,1.0
109,4,798.4,529.1,295.80000000000007,207.79999999999995,1,1,1.0
109,5,831.5,254.2,244.4000000000001,217.7,1,1,1.0
109,6,1441.8,407.0,284.4000000000001,140.29999999999995,1,1,1.0
109,7,1764.9,670.67,18.389999999999873,30.100000000000023,1,1,0.0
109,8,1314.8,463.8,272.70000000000005,190.09999999999997,1,1,1.0
109,9,714.0,313.04,155.89999999999998,299.25999999999993,1,1,1.0
109,10,306.8,697.3,386.99999999999994,134.10000000000002,1,1,1.0
110,1,818.0,711.3,251.0999999999999,220.0,1,1,1.0
110,2,362.9,597.1,260.20000000000005,111.5,1,1,1.0
110,3,392.3,449.1,131.59999999999997,180.29999999999995,1,1,1.0
110,4,596.8,558.95,265.9000000000001,191.5,1,1,1.0
110,5,690.19,252.08,277.30999999999995,141.92,1,1,1.0
110,6,1445.0,407.0,267.9000000000001,142.10000000000002,1,1,1.0
110,7,1764.3,677.67,18.8900000000001,30.100000000000023,1,1,0.0
110,8,1307.5,476.8,280.4000000000001,177.09999999999997,1,1,1.0
110,9,704.1,315.7,165.79999999999995,301.3,1,1,1.0
110,10,306.8,692.1,381.7,138.19999999999993,1,1,1.0
111,1,812.3,719.7,256.79999999999995,198.19999999999993,1,1,1.0
111,2,344.3,545.8,270.90000000000003,165.4000000000001,1,1,1.0
111,3,377.4,449.1,146.5,178.19999999999993,1,1,1.0
111,4,559.61,459.78,221.89,270.72,1,1,1.0
111,5,588.72,260.58,281.0799999999999,138.52000000000004,1,1,1.0
111,6,1446.1,405.9,266.8000000000002,146.5,1,1,1.0
111,7,1763.7,684.67,19.389999999999873,30.110000000000014,1,1,0.0
111,8,1304.1,476.8,287.70000000000005,177.09999999999997,1,1,1.0
111,9,649.4,377.0,220.5,215.39999999999998,1,1,1.0
111,10,306.8,692.6,381.7,139.0,1,1,1.0
112,1,801.7,719.7,254.0999999999999,188.79999999999995,1,1,1.0
112,2,361.83,468.05,159.67000000000002,227.24999999999994,1,1,1.0
112,3,389.6,436.9,141.19999999999993,137.80000000000007,1,1,0.0
112,4,529.07,457.13,215.92999999999995,248.57000000000005,1,1,1.0
112,5,569.8,273.86,245.30000000000007,146.33999999999997,1,1,1.0
112,6,1449.8,404.3,305.0,149.09999999999997,1,1,1.0
112,7,1763.1,691.68,19.90000000000009,30.100000000000023,1,1,0.0
112,8,1268.1,476.8,325.20000000000005,174.09999999999997,1,1,1.0
112,9,665.35,447.0,310.75,170.5,1,1,1.0
112,10,357.8,693.4,332.3,132.20000000000005,1,1,1.0
113,1,802.1,722.8,259.4699999999999,195.60000000000002,1,1,1.0
113,2,354.9,461.2,156.5,219.8,1,1,1.0
113,3,424.7,429.2,118.00000000000006,127.40000000000003,1,1,0.0
113,4,545.0,387.2,193.79999999999995,333.09999999999997,1,1,1.0
113,5,583.4,274.39,232.80000000000007,150.21000000000004,1,1,1.0
113,6,1458.3,420.6,319.29999999999995,137.5,1,1,1.0
113,7,1762.5,698.68,20.40000000000009,30.100000000000023,1,1,0.0
113,8,1246.1,476.8,341.9000000000001,172.59999999999997,1,1,1.0
113,9,730.24,473.68,351.55999999999995,140.11999999999995,1,1,1.0
113,10,381.7,697.3,308.40000000000003,128.30000000000007,1,1,1.0
114,1,801.2,717.9,263.03999999999996,191.70000000000005,1,1,1.0
114,2,354.9,461.2,156.90000000000003,220.2,1,1,1.0
114,3,433.7,295.1,127.40000000000003,253.5,1,1,0.0
114,4,545.0,381.9,193.79999999999995,340.20000000000005,1,1,1.0
114,5,586.1,274.39,234.89999999999998,150.21000000000004,1,1,1.0
114,6,1460.4,424.0,322.89999999999986,146.79999999999995,1,1,1.0
114,7,1761.9,705.68,20.899999999999864,30.100000000000023,1,1,0.0
114,8,1154.17,430.83,329.1299999999999,165.96999999999997,1,1,1.0
114,9,741.2,473.68,339.70000000000005,146.61999999999995,1,1,1.0
114,10,381.7,697.3,308.40000000000003,128.30000000000007,1,1,1.0
115,1,802.0,702.41,266.97,198.79000000000008,1,1,1.0
115,2,361.3,446.1,149.8,218.89999999999998,1,1,1.0
115,3,534.6,263.22,137.52999999999997,100.47999999999996,1,1,0.0
115,4,544.0,366.0,194.79999999999995,360.5,1,1,1.0
115,5,588.7,272.3,238.69999999999993,152.3,1,1,1.0
115,6,1460.4,424.0,322.89999999999986,137.5,1,1,1.0
115,7,1761.3,712.69,21.410000000000082,30.09999999999991,1,1,0.0
115,8,1193.4,401.4,277.0999999999999,226.89999999999998,1,1,1.0
115,9,741.2,463.7,331.70000000000005,158.2,1,1,1.0
115,10,381.7,697.3,308.40000000000003,128.30000000000007,1,1,1.0
116,1,806.8,651.41,252.10000000000014,248.89,1,1,1.0
116,2,364.0,449.5,120.30000000000001,237.29999999999995,1,1,1.0
116,3,538.2,256.3,287.5,111.09999999999997,1,1,1.0
116,4,545.0,387.2,193.79999999999995,339.3,1,1,1.0
116,5,489.8,349.5,248.2,206.70000000000005,1,1,1.0
116,6,1460.4,424.0,310.89999999999986,146.5,1,1,1.0
116,7,1760.7,719.69,21.909999999999854,30.09999999999991,1,1,0.0
116,8,1210.73,375.03,233.3699999999999,276.6700000000001,1,1,1.0
116,9,737.8,456.4,317.79999999999995,188.30000000000007,1,1,1.0
116,10,367.4,697.3,322.70000000000005,128.30000000000007,1,1,1.0
117,1,878.6,582.37,266.7099999999999,267.53,1,1,1.0
117,2,390.6,434.1,139.89999999999998,226.89999999999998,1,1,0.0
117,3,738.7,270.54,370.0999999999999,120.85999999999996,1,1,1.0
117,4,545.0,379.2,196.79999999999995,347.3,1,1,1.0
117,5,446.33,387.6,200.46999999999997,260.12,1,1,1.0
117,6,1462.5,403.3,269.5,165.7,1,1,1.0
117,7,1760.1,726.69,22.410000000000082,30.09999999999991,1,1,0.0
117,8,1231.83,347.9,219.97000000000003,281.5,1,1,1.0
117,9,732.3,456.4,319.9000000000001,166.39999999999998,1,1,1.0
117,10,352.5,698.8,337.6,126.80000000000007,1,1,1.0
118,1,1046.35,436.4,175.95000000000005,302.34000000000003,1,1,1.0
118,2,399.1,337.9,190.89999999999998,175.14,1,1,0.0
118,3,815.07,272.24,341.63,174.86,1,1,1.0
118,4,545.0,381.9,196.29999999999995,344.6,1,1,1.0
118,5,360.8,416.8,215.90000000000003,264.39000000000004,1,1,1.0
118,6,1467.8,395.5,285.60000000000014,168.39999999999998,1,1,1.0
118,7,1780.3,726.69,2.2100000000000364,30.09999999999991,1,1,0.0
118,8,1251.8,306.5,198.29999999999995,320.29999999999995,1,1,1.0
118,9,727.9,453.0,343.9,169.70000000000005,1,1,1.0
118,10,352.5,689.3,339.79999999999995,136.30000000000007,1,1,1.0
119,1,1083.09,394.8,170.61000000000013,309.84999999999997,1,1,1.0
119,2,394.3,329.9,216.40000000000003,167.70000000000005,1,1,0.0
119,3,828.4,281.3,292.19999999999993,173.8,1,1,1.0
119,4,540.7,388.5,198.0999999999999,341.5,1,1,1.0
119,5,309.8,494.9,253.90000000000003,210.20000000000005,1,1,1.0
119,6,1472.6,407.5,313.60000000000014,163.60000000000002,1,1,1.0
119,7,1760.6,740.5,21.910000000000082,26.899999999999977,1,1,0.0
119,8,1273.99,276.7,132.41000000000008,326.7,1,1,1.0
119,9,729.2,456.4,321.70000000000005,191.89999999999998,1,1,1.0
119,10,352.5,692.8,340.29999999999995,132.80000000000007,1,1,1.0
120,1,1133.08,272.64,152.01,303.65,1,1,1.0
120,2,389.0,337.9,222.20000000000005,170.90000000000003,1,1,0.0
120,3,835.3,289.8,285.29999999999995,161.5,1,1,1.0
120,4,549.4,425.7,189.39999999999998,304.3,1,1,1.0
120,5,300.8,521.5,279.09999999999997,187.0,1,1,1.0
120,6,1463.6,400.1,288.4000000000001,170.29999999999995,1,1,1.0
120,7,1767.5,749.0,15.009999999999991,60.89999999999998,1,1,0.0
120,8,1270.1,272.6,141.20000000000005,325.5,1,1,1.0
120,9,734.4,456.4,322.5000000000001,182.5,1,1,1.0
120,10,352.5,689.3,342.0,142.30000000000007,1,1,1.0
121,1,1036.9,228.34,224.29999999999995,239.05999999999997,1,1,1.0
121,2,387.9,333.1,223.30000000000007,189.0,1,1,0.0
121,3,835.8,288.2,286.9000000000001,161.90000000000003,1,1,1.0
121,4,551.6,386.3,187.19999999999993,346.8,1,1,1.0
121,5,324.2,516.2,245.3,195.79999999999995,1,1,1.0
121,6,1401.44,444.72,265.76,216.38,1,1,1.0
121,7,1768.9,742.03,13.8599999999999,14.57000000000005,1,1,0.0
121,8,1273.99,278.6,142.41000000000008,316.5,1,1,1.0
121,9,758.5,473.7,292.9000000000001,171.50000000000006,1,1,1.0
121,10,362.6,691.1,330.19999999999993,134.5,1,1,1.0
