1,1,459.6,848.1,294.0,132.39999999999998,1,1,1.0
1,2,730.1,536.3,225.69999999999993,232.4000000000001,1,1,1.0
1,3,1033.3,549.4,336.4000000000001,154.10000000000002,1,1,1.0
1,4,602.8,460.8,322.20000000000005,161.59999999999997,1,1,1.0
1,5,1454.6,581.4,179.10000000000014,128.0,1,1,1.0
1,6,1210.2,737.2,312.5999999999999,117.29999999999995,1,1,1.0
1,7,1495.9,830.0,148.39999999999986,138.10000000000002,1,1,1.0
1,8,665.0,681.6,355.29999999999995,176.39999999999998,1,1,1.0
1,9,407.7,526.2,130.3,120.39999999999998,1,1,1.0
2,1,459.0,843.3,293.1,136.70000000000005,1,1,1.0
2,2,666.4,566.83,238.5,266.5,1,1,1.0
2,3,1033.9,544.3,324.5999999999999,151.5,1,1,1.0
2,4,611.0,444.4,297.1,177.60000000000002,1,1,1.0
2,5,1433.0,580.9,200.70000000000005,124.20000000000005,1,1,1.0
2,6,1209.7,737.2,313.0999999999999,117.29999999999995,1,1,1.0
2,7,1471.0,835.3,172.29999999999995,133.30000000000007,1,1,1.0
2,8,748.2,693.03,325.0999999999999,169.39999999999998,1,1,1.0
2,9,404.1,522.9,132.5,121.80000000000007,1,1,1.0
3,1,535.2,871.3,160.5,235.10000000000014,1,1,1.0
3,2,681.4,614.5,164.5,361.9,1,1,1.0
3,3,1035.3,548.3,332.0,146.10000000000002,1,1,1.0
3,4,604.7,463.7,336.19999999999993,150.09999999999997,1,1,1.0
3,5,1420.3,583.2,213.4000000000001,123.09999999999991,1,1,1.0
3,6,1202.1,737.2,321.3000000000002,117.29999999999995,1,1,1.0
3,7,1480.0,850.3,163.9000000000001,136.20000000000005,1,1,1.0
3,8,824.6,579.9,242.4999999999999,306.0,1,1,1.0
3,9,405.1,518.5,177.29999999999995,213.0,1,1,1.0
4,1,559.8,803.3,144.0,316.20000000000005,1,1,1.0
4,2,661.15,745.86,234.45000000000005,293.64,1,1,1.0
4,3,1035.3,526.9,277.0,172.10000000000002,1,1,1.0
4,4,590.3,469.4,311.0,132.39999999999998,1,1,1.0
4,5,1420.6,582.55,213.10000000000014,123.15000000000009,1,1,1.0
4,6,1169.4,733.4,360.29999999999995,114.20000000000005,1,1,1.0
4,7,1504.5,859.1,139.4000000000001,183.30000000000007,1,1,1.0
4,8,867.3,591.2,196.0,306.0,1,1,1.0
4,9,399.6,499.6,185.89999999999998,316.9,1,1,1.0
5,1,578.1,711.7,202.0,285.69999999999993,1,1,1.0
5,2,668.7,749.3,231.5999999999999,255.5,1,1,1.0
5,3,1035.3,524.6,266.0,181.89999999999998,1,1,1.0
5,4,595.3,475.1,309.80000000000007,164.39999999999998,1,1,1.0
5,5,1431.0,581.9,202.70000000000005,124.39999999999998,1,1,1.0
5,6,1164.4,730.3,372.79999999999995,160.60000000000002,1,1,1.0
5,7,1485.7,838.4,158.20000000000005,218.39999999999998,1,1,1.0
5,8,873.6,643.3,216.10000000000002,235.70000000000005,1,1,1.0
5,9,400.6,521.0,152.19999999999993,348.70000000000005,1,1,1.0
6,1,574.2,682.8,204.0,320.0,1,1,1.0
6,2,656.5,767.2,244.39999999999998,233.0,1,1,1.0
6,3,1037.0,520.2,262.5999999999999,193.29999999999995,1,1,1.0
6,4,634.2,456.3,307.29999999999995,166.90000000000003,1,1,1.0
6,5,1428.5,583.8,205.20000000000005,128.80000000000007,1,1,1.0
6,6,1188.9,729.0,341.39999999999986,191.39999999999998,1,1,1.0
6,7,1483.8,830.2,160.10000000000014,288.0999999999999,1,1,1.0
6,8,843.1,697.3,308.80000000000007,164.10000000000002,1,1,1.0
6,9,302.0,600.1,247.70000000000005,265.19999999999993,1,1,1.0
7,1,581.9,677.5,195.80000000000007,334.0,1,1,1.0
7,2,658.8,771.3,243.30000000000007,233.10000000000002,1,1,1.0
7,3,1043.1,522.8,268.3000000000002,188.10000000000002,1,1,1.0
7,4,628.4,466.8,312.6,172.09999999999997,1,1,1.0
7,5,1435.4,586.3,198.29999999999995,125.70000000000005,1,1,1.0
7,6,1220.3,729.5,310.0,167.89999999999998,1,1,1.0
7,7,1483.8,832.7,160.10000000000014,243.5,1,1,1.0
7,8,822.1,696.3,302.6,120.90000000000009,1,1,1.0
7,9,303.9,638.4,242.70000000000005,246.39999999999998,1,1,1.0
8,1,585.8,674.6,189.0,339.79999999999995,1,1,1.0
8,2,658.8,771.3,243.9000000000001,232.5,1,1,1.0
8,3,1041.3,527.6,281.4000000000001,183.29999999999995,1,1,1.0
8,4,632.6,465.2,290.1,178.40000000000003,1,1,1.0
8,5,1435.4,585.7,198.29999999999995,125.69999999999993,1,1,1.0
8,6,1214.0,733.7,315.29999999999995,125.0,1,1,1.0
8,7,1483.8,832.1,160.10000000000014,261.1,1,1,1.0
8,8,768.3,617.1,317.10000000000014,215.69999999999993,1,1,1.0
8,9,303.4,642.6,240.60000000000002,240.60000000000002,1,1,1.0
9,1,585.8,671.2,188.5,344.19999999999993,1,1,1.0
9,2,658.2,771.3,245.69999999999993,233.5,1,1,1.0
9,3,1036.9,527.2,288.39999999999986,181.0999999999999,1,1,1.0
9,4,636.3,463.1,282.20000000000005,203.0,1,1,1.0
9,5,1475.0,582.6,158.70000000000005,128.19999999999993,1,1,1.0
9,6,1212.4,735.3,316.39999999999986,123.40000000000009,1,1,1.0
9,7,1483.8,834.6,160.10000000000014,219.69999999999993,1,1,1.0
9,8,834.8,512.1,262.20000000000005,244.31999999999994,1,1,1.0
9,9,303.4,644.2,231.20000000000005,239.0,1,1,1.0
10,1,598.8,698.7,171.60000000000002,320.0999999999999,1,1,1.0
10,2,684.8,749.3,220.80000000000007,257.1,1,1,1.0
10,3,1059.6,522.4,300.60000000000014,181.5,1,1,1.0
10,4,641.5,461.0,277.5,208.20000000000005,1,1,1.0
10,5,1476.9,580.7,156.79999999999995,128.19999999999993,1,1,1.0
10,6,1209.8,744.2,310.60000000000014,117.09999999999991,1,1,1.0
10,7,1483.8,835.2,160.10000000000014,221.0,1,1,1.0
10,8,849.8,513.8,278.4000000000001,284.9000000000001,1,1,1.0
10,9,318.1,651.0,213.39999999999998,235.89999999999998,1,1,1.0
11,1,619.5,709.8,151.39999999999998,302.20000000000005,1,1,1.0
11,2,703.9,746.4,197.10000000000002,259.1,1,1,1.0
11,3,1046.5,542.5,295.79999999999995,154.39999999999998,1,1,1.0
11,4,704.3,502.9,189.10000000000002,335.9,1,1,1.0
11,5,1476.9,580.7,156.79999999999995,128.19999999999993,1,1,1.0
11,6,1221.3,739.5,301.70000000000005,118.10000000000002,1,1,1.0
11,7,1483.8,835.2,160.10000000000014,221.0,1,1,1.0
11,8,923.3,505.7,195.10000000000014,261.8,1,1,1.0
11,9,319.1,653.1,218.19999999999993,212.29999999999995,1,1,1.0
12,1,462.8,555.0,255.99999999999994,269.9,1,1,1.0
12,2,702.2,734.8,198.79999999999995,299.10000000000014,1,1,1.0
12,3,1043.0,508.5,288.4000000000001,187.5,1,1,1.0
12,4,711.6,606.5,169.79999999999995,308.70000000000005,1,1,1.0
12,5,1480.0,581.3,153.70000000000005,128.20000000000005,1,1,1.0
12,6,1214.0,736.9,309.0,119.70000000000005,1,1,1.0
12,7,1486.3,834.6,157.60000000000014,205.30000000000007,1,1,1.0
12,8,900.2,488.3,214.70000000000005,208.59999999999997,1,1,1.0
12,9,321.7,653.1,215.59999999999997,218.10000000000002,1,1,1.0
13,1,380.3,545.9,227.59999999999997,119.39999999999998,1,1,1.0
13,2,600.36,915.6,214.43999999999994,205.69999999999993,1,1,1.0
13,3,1048.2,515.9,306.79999999999995,186.20000000000005,1,1,1.0
13,4,509.6,730.5,270.29999999999995,217.70000000000005,1,1,1.0
13,5,1485.0,581.3,148.70000000000005,128.80000000000007,1,1,1.0
13,6,1130.8,714.9,345.10000000000014,123.39999999999998,1,1,1.0
13,7,1486.3,837.1,157.60000000000014,189.60000000000002,1,1,1.0
13,8,887.5,481.4,220.5,192.89999999999998,1,1,1.0
13,9,315.9,653.1,220.39999999999998,223.89999999999998,1,1,1.0
14,1,299.7,506.8,205.0,181.59999999999997,1,1,0.0
14,2,526.9,899.7,207.5,217.5999999999999,1,1,1.0
14,3,1060.8,514.2,274.10000000000014,182.19999999999993,1,1,1.0
14,4,279.4,870.2,242.0,180.5999999999999,1,1,1.0
14,5,1476.9,583.2,156.79999999999995,128.79999999999995,1,1,1.0
14,6,719.0,671.6,327.9000000000001,176.19999999999993,1,1,1.0
14,7,1486.3,837.1,157.60000000000014,187.10000000000002,1,1,1.0
14,8,830.8,520.7,284.70000000000005,156.79999999999995,1,1,1.0
14,9,286.1,655.2,250.19999999999993,201.39999999999998,1,1,1.0
15,10,1412.0,711.3,228.5999999999999,122.20000000000005,1,1,1.0
15,1,211.5,481.2,259.0,225.40000000000003,1,1,0.0
15,2,587.1,843.0,135.19999999999993,250.0,1,1,1.0
15,3,1096.1,502.0,219.20000000000005,200.5,1,1,1.0
15,4,220.8,949.7,270.2,127.29999999999995,1,1,1.0
15,5,1439.2,603.6,194.5,124.60000000000002,1,1,1.0
15,6,679.2,663.2,343.0999999999999,199.29999999999995,1,1,1.0
15,7,1486.3,848.4,157.60000000000014,176.39999999999998,1,1,1.0
15,8,858.0,549.6,244.20000000000005,246.19999999999993,1,1,1.0
15,9,287.1,655.2,249.19999999999993,201.89999999999998,1,1,1.0
16,10,1296.3,703.2,338.5,136.69999999999993,1,1,1.0
16,1,297.3,477.8,168.89999999999998,214.99999999999994,1,1,0.0
16,2,623.0,906.7,290.29999999999995,190.89999999999986,1,1,1.0
16,3,1087.0,512.1,236.20000000000005,195.69999999999993,1,1,1.0
16,4,198.3,958.6,271.8,109.99999999999989,1,1,1.0
16,5,1448.1,603.1,186.10000000000014,137.39999999999998,1,1,1.0
16,6,653.9,654.9,355.80000000000007,154.80000000000007,1,1,1.0
16,7,1486.3,845.9,157.60000000000014,176.39999999999998,1,1,1.0
16,8,948.3,514.9,168.9000000000001,308.6,1,1,1.0
16,9,288.1,656.2,245.10000000000002,203.5,1,1,1.0
17,10,1287.6,716.5,329.8000000000002,126.89999999999998,1,1,1.0
17,1,292.5,478.8,175.60000000000002,213.59999999999997,1,1,0.0
17,2,615.5,935.6,281.6,153.89999999999998,1,1,1.0
17,3,1083.1,514.7,248.80000000000018,195.29999999999995,1,1,1.0
17,4,190.5,956.5,284.3,106.29999999999995,1,1,1.0
17,5,1452.3,585.8,181.9000000000001,137.20000000000005,1,1,1.0
17,6,658.7,656.6,368.0,158.79999999999995,1,1,1.0
17,7,1486.3,838.4,157.60000000000014,222.19999999999993,1,1,1.0
17,8,985.3,502.7,133.10000000000014,289.59999999999997,1,1,1.0
17,9,276.6,658.82,260.79999999999995,201.39999999999998,1,1,1.0
18,10,1204.9,713.0,373.6999999999998,122.29999999999995,1,1,1.0
18,1,198.0,478.8,271.1,221.3,1,1,0.0
18,2,612.0,939.1,284.5,152.10000000000002,1,1,1.0
18,3,1089.2,516.0,288.0999999999999,197.5,1,1,1.0
18,4,202.5,952.8,246.7,124.10000000000014,1,1,1.0
18,5,1441.3,588.9,192.9000000000001,134.10000000000002,1,1,1.0
18,6,630.4,647.2,402.1,168.19999999999993,1,1,1.0
18,7,1486.3,839.7,157.60000000000014,234.70000000000005,1,1,1.0
18,8,983.0,511.4,127.29999999999995,289.6,1,1,1.0
18,9,240.5,703.3,274.9,178.9000000000001,1,1,1.0
19,10,1184.2,706.1,357.39999999999986,171.10000000000002,1,1,1.0
19,1,179.2,495.7,288.5,225.59999999999997,1,1,0.0
19,2,610.3,946.6,286.20000000000005,141.10000000000002,1,1,1.0
19,3,1090.1,509.5,264.10000000000014,211.39999999999998,1,1,1.0
19,4,202.5,953.8,257.7,127.29999999999995,1,1,1.0
19,5,1439.7,593.1,194.5,131.5,1,1,1.0
19,6,648.7,636.7,371.19999999999993,184.5,1,1,1.0
19,7,1486.3,849.1,157.60000000000014,223.9999999999999,1,1,1.0
19,8,965.1,506.0,145.19999999999993,364.5,1,1,1.0
19,9,209.1,741.0,267.0,189.89999999999998,1,1,1.0
20,10,1153.4,707.8,368.5,119.40000000000009,1,1,1.0
20,1,186.9,498.1,277.9,223.19999999999993,1,1,0.0
20,2,609.1,948.3,287.4,139.4000000000001,1,1,1.0
20,3,1085.3,513.4,253.20000000000005,207.5,1,1,1.0
20,4,200.4,946.5,258.79999999999995,126.20000000000005,1,1,1.0
20,5,1442.3,584.7,191.9000000000001,139.89999999999998,1,1,1.0
20,6,666.0,621.0,350.20000000000005,193.39999999999998,1,1,1.0
20,7,1486.3,846.0,157.60000000000014,195.0999999999999,1,1,1.0
20,8,937.3,516.1,160.29999999999995,331.29999999999995,1,1,1.0
20,9,200.2,757.2,275.40000000000003,172.69999999999993,1,1,1.0
21,10,1152.24,707.2,359.79999999999995,121.19999999999993,1,1,1.0
21,1,186.9,496.2,276.5,225.09999999999997,1,1,0.0
21,2,607.9,946.0,288.6,154.4000000000001,1,1,1.0
21,3,1086.6,509.5,234.9000000000001,212.29999999999995,1,1,1.0
21,4,182.1,946.5,269.79999999999995,128.29999999999995,1,1,1.0
21,5,1455.9,581.6,178.29999999999995,130.39999999999998,1,1,1.0
21,6,566.1,678.6,313.5,187.10000000000002,1,1,1.0
21,7,1486.3,846.0,157.60000000000014,186.9000000000001,1,1,1.0
21,8,877.7,577.9,248.29999999999995,279.30000000000007,1,1,1.0
21,9,167.2,774.5,308.40000000000003,138.29999999999995,1,1,1.0
22,10,1119.8,707.8,387.0,118.30000000000007,1,1,1.0
22,1,351.7,496.2,108.80000000000001,225.09999999999997,1,1,0.0
22,2,607.9,942.5,288.6,163.0999999999999,1,1,1.0
22,3,1086.6,507.3,233.60000000000014,213.59999999999997,1,1,1.0
22,4,196.2,954.9,260.90000000000003,118.89999999999998,1,1,1.0
22,5,1457.5,581.1,176.70000000000005,128.79999999999995,1,1,1.0
22,6,524.8,669.7,227.60000000000002,276.0999999999999,1,1,1.0
22,7,1486.3,846.0,157.60000000000014,192.5,1,1,1.0
22,8,728.99,664.8,351.30999999999995,201.70000000000005,1,1,1.0
22,9,182.4,780.3,286.9,173.70000000000005,1,1,1.0
23,10,881.3,622.2,370.29999999999995,146.0999999999999,1,1,1.0
23,1,283.9,474.5,165.0,246.79999999999995,1,1,0.0
23,2,607.9,938.4,287.4,170.69999999999993,1,1,1.0
23,3,1091.0,511.7,234.0,199.59999999999997,1,1,1.0
23,4,185.2,951.8,272.90000000000003,122.0,1,1,1.0
23,5,1457.0,569.1,177.20000000000005,135.19999999999993,1,1,1.0
23,6,532.6,666.0,173.79999999999995,320.6,1,1,1.0
23,7,1486.3,842.9,157.60000000000014,213.19999999999993,1,1,1.0
23,8,697.2,727.9,360.0,135.70000000000005,1,1,1.0
23,9,180.8,773.0,259.7,234.89999999999998,1,1,1.0
24,10,712.3,586.9,406.78999999999996,120.60000000000002,1,1,1.0
24,1,281.5,476.4,152.0,243.89999999999998,1,1,0.0
24,2,612.5,935.5,282.79999999999995,156.79999999999995,1,1,1.0
24,3,1088.4,522.2,269.29999999999995,193.89999999999998,1,1,1.0
24,4,199.3,945.5,251.39999999999998,144.0,1,1,1.0
24,5,1458.0,576.9,176.20000000000005,135.10000000000002,1,1,1.0
24,6,533.1,684.8,129.89999999999998,322.70000000000005,1,1,1.0
24,7,1486.3,839.1,157.60000000000014,193.80000000000007,1,1,1.0
24,8,712.2,727.9,342.0999999999999,138.0,1,1,1.0
24,9,181.2,765.7,250.90000000000003,193.0999999999999,1,1,1.0
25,10,675.8,519.8,360.0,181.9000000000001,1,1,1.0
25,1,278.6,474.5,152.5,246.20000000000005,1,1,0.0
25,2,608.4,941.3,286.9,151.0,1,1,1.0
25,3,1089.3,516.9,274.9000000000001,198.80000000000007,1,1,1.0
25,4,216.0,912.0,222.7,188.5,1,1,1.0
25,5,1458.0,576.9,176.20000000000005,129.30000000000007,1,1,1.0
25,6,533.1,680.6,128.29999999999995,344.19999999999993,1,1,1.0
25,7,1486.3,836.0,157.60000000000014,208.79999999999995,1,1,1.0
25,8,721.5,727.9,332.79999999999995,139.70000000000005,1,1,1.0
25,9,205.4,774.1,236.1,191.89999999999998,1,1,1.0
26,10,689.7,521.5,349.0,183.70000000000005,1,1,1.0
26,1,252.1,488.5,155.79999999999998,239.89999999999998,1,1,0.0
26,2,604.3,944.8,291.0,147.5,1,1,1.0
26,3,1084.9,517.8,282.39999999999986,197.5,1,1,1.0
26,4,279.3,875.9,180.84999999999997,212.60000000000002,1,1,1.0
26,5,1455.9,576.9,178.29999999999995,124.89999999999998,1,1,1.0
26,6,535.7,683.7,125.69999999999993,341.0999999999999,1,1,1.0
26,7,1486.3,836.0,157.60000000000014,203.0999999999999,1,1,1.0
26,8,700.7,730.8,355.89999999999986,139.70000000000005,1,1,1.0
26,9,190.9,787.23,260.82000000000005,139.16999999999996,1,1,1.0
27,10,707.1,515.7,331.6,188.89999999999998,1,1,1.0
27,1,278.6,474.6,125.0,239.29999999999995,1,1,0.0
27,2,606.6,950.6,288.69999999999993,142.30000000000007,1,1,1.0
27,3,1084.9,503.8,265.39999999999986,211.49999999999994,1,1,1.0
27,4,255.7,861.8,204.45,237.20000000000005,1,1,1.0
27,5,1455.4,576.9,178.79999999999995,123.60000000000002,1,1,1.0
27,6,536.7,686.3,124.69999999999993,326.5,1,1,1.0
27,7,1486.3,836.0,157.60000000000014,191.79999999999995,1,1,1.0
27,8,713.5,728.7,345.4000000000001,141.79999999999995,1,1,1.0
27,9,198.6,797.88,256.22,143.12,1,1,1.0
28,10,663.7,514.5,377.29999999999995,184.89999999999998,1,1,1.0
28,1,272.8,475.0,133.3,243.20000000000005,1,1,0.0
28,2,596.8,944.2,400.9000000000001,163.70000000000005,1,1,1.0
28,3,1075.3,536.1,275.9000000000001,183.10000000000002,1,1,1.0
28,4,243.1,861.3,217.04999999999998,227.20000000000005,1,1,1.0
28,5,1455.4,575.3,178.79999999999995,122.70000000000005,1,1,1.0
28,6,536.7,686.3,124.69999999999993,315.5,1,1,1.0
28,7,1486.3,838.5,157.60000000000014,189.9000000000001,1,1,1.0
28,8,712.3,730.8,345.5,139.70000000000005,1,1,1.0
28,9,183.8,794.35,270.02,135.14999999999998,1,1,1.0
29,10,662.5,500.0,378.5,149.10000000000002,1,1,1.0
29,1,270.4,482.2,137.10000000000002,236.50000000000006,1,1,0.0
29,2,606.1,938.4,355.69999999999993,179.89999999999998,1,1,1.0
29,3,1072.7,519.1,258.0,195.29999999999995,1,1,1.0
29,4,217.0,871.2,243.14999999999998,195.79999999999995,1,1,1.0
29,5,1453.3,573.7,180.9000000000001,125.5,1,1,1.0
29,6,536.2,683.7,125.19999999999993,318.0999999999999,1,1,1.0
29,7,1486.3,843.5,157.60000000000014,186.20000000000005,1,1,1.0
29,8,740.7,718.6,314.20000000000005,154.19999999999993,1,1,1.0
29,9,188.1,791.4,262.70000000000005,138.20000000000005,1,1,1.0
30,10,564.1,505.8,348.4,135.2,1,1,1.0
30,1,264.5,478.8,143.5,241.3,1,1,0.0
30,2,614.2,934.9,279.9,171.80000000000007,1,1,1.0
30,3,1076.2,522.6,243.20000000000005,195.69999999999993,1,1,1.0
30,4,191.4,890.6,268.75,173.30000000000007,1,1,1.0
30,5,1454.9,573.7,179.29999999999995,125.5,1,1,1.0
30,6,536.2,685.8,125.69999999999993,322.30000000000007,1,1,1.0
30,7,1486.3,847.9,157.60000000000014,180.5000000000001,1,1,1.0
30,8,741.3,720.3,307.79999999999995,156.60000000000002,1,1,1.0
30,9,198.7,796.2,256.47,147.5,1,1,1.0
31,10,528.0,517.4,328.4,154.80000000000007,1,1,1.0
31,1,253.5,481.2,160.3,238.90000000000003,1,1,0.0
31,2,611.9,937.88,279.9,153.30000000000007,1,1,1.0
31,3,1078.8,518.2,251.9000000000001,201.39999999999998,1,1,1.0
31,4,187.2,898.4,269.3,162.39999999999998,1,1,1.0
31,5,1439.2,577.4,195.0,124.80000000000007,1,1,1.0
31,6,536.2,685.8,125.69999999999993,324.4000000000001,1,1,1.0
31,7,1486.3,849.8,157.60000000000014,178.60000000000014,1,1,1.0
31,8,734.4,704.1,313.5000000000001,176.89999999999998,1,1,1.0
31,9,184.4,802.23,278.9,123.56999999999994,1,1,1.0
32,10,496.1,536.1,356.1,136.10000000000002,1,1,1.0
32,1,239.0,480.2,171.89999999999998,245.2,1,1,0.0
32,2,604.4,951.6,289.70000000000005,140.60000000000002,1,1,1.0
32,3,1080.1,518.6,243.20000000000005,200.10000000000002,1,1,1.0
32,4,189.8,897.4,266.7,162.39999999999998,1,1,1.0
32,5,1438.2,604.6,196.0,124.10000000000002,1,1,1.0
32,6,535.2,688.4,126.69999999999993,330.20000000000005,1,1,1.0
32,7,1486.3,848.5,157.60000000000014,179.9000000000001,1,1,1.0
32,8,707.2,726.1,339.79999999999995,153.19999999999993,1,1,1.0
32,9,198.39,806.0,265.61,120.79999999999995,1,1,1.0
33,10,499.6,530.5,357.5,138.89999999999998,1,1,1.0
33,1,247.2,481.6,165.60000000000002,239.39999999999998,1,1,0.0
33,2,601.5,958.0,292.6,136.5,1,1,1.0
33,3,1082.7,523.8,244.29999999999995,193.60000000000002,1,1,1.0
33,4,168.9,937.2,281.29999999999995,111.59999999999991,1,1,1.0
33,5,1358.1,630.2,276.10000000000014,117.89999999999998,1,1,1.0
33,6,530.5,695.2,131.39999999999998,333.29999999999995,1,1,1.0
33,7,1486.3,845.3,157.60000000000014,192.5,1,1,1.0
33,8,741.3,716.3,298.5,173.4000000000001,1,1,1.0
33,9,179.38,805.4,292.82,114.60000000000002,1,1,1.0
34,10,527.4,529.8,313.0,139.60000000000002,1,1,1.0
34,1,238.0,481.6,173.39999999999998,238.79999999999995,1,1,0.0
34,2,597.4,963.8,299.0,129.0,1,1,1.0
34,3,1078.8,526.9,245.79999999999995,190.89999999999998,1,1,1.0
34,4,145.9,903.2,252.99999999999997,138.79999999999995,1,1,1.0
34,5,1334.5,638.6,299.70000000000005,117.89999999999998,1,1,1.0
34,6,497.5,703.5,164.39999999999998,286.29999999999995,1,1,1.0
34,7,1486.3,841.5,157.60000000000014,199.4000000000001,1,1,1.0
34,8,768.5,651.5,178.10000000000002,310.5,1,1,1.0
34,9,179.8,799.1,291.7,102.10000000000002,1,1,1.0
35,10,544.1,525.6,281.69999999999993,143.79999999999995,1,1,1.0
35,1,273.7,665.8,153.10000000000002,100.60000000000002,1,1,0.0
35,2,596.8,963.2,299.6,127.89999999999986,1,1,1.0
35,3,1074.9,518.2,254.5,199.5999999999999,1,1,1.0
35,4,159.0,876.5,250.39999999999998,159.20000000000005,1,1,1.0
35,5,1338.7,636.5,295.5,121.0,1,1,1.0
35,6,497.5,681.5,164.39999999999998,291.6,1,1,1.0
35,7,1486.3,837.7,157.60000000000014,200.70000000000005,1,1,1.0
35,8,673.6,606.4,279.36,164.60000000000002,1,1,1.0
35,9,175.93,797.5,292.77,102.70000000000005,1,1,1.0
36,10,543.4,524.2,281.0,145.19999999999993,1,1,1.0
36,1,272.7,660.3,194.60000000000002,127.30000000000007,1,1,1.0
36,2,599.1,960.3,297.29999999999995,130.20000000000005,1,1,1.0
36,3,1075.8,504.7,240.10000000000014,212.7,1,1,1.0
36,4,149.1,898.0,258.20000000000005,137.70000000000005,1,1,1.0
36,5,1349.2,634.9,285.0,119.5,1,1,1.0
36,6,519.0,689.9,142.89999999999998,324.0,1,1,1.0
36,7,1486.3,839.0,157.60000000000014,188.0999999999999,1,1,1.0
36,8,655.7,616.8,310.5999999999999,142.10000000000002,1,1,1.0
36,9,183.29,798.78,286.21000000000004,101.32000000000005,1,1,1.0
37,10,544.1,527.7,283.69999999999993,141.69999999999993,1,1,1.0
37,1,272.7,647.0,194.60000000000002,137.20000000000005,1,1,1.0
37,2,601.4,949.9,295.0,127.89999999999998,1,1,1.0
37,3,1078.9,525.2,250.0999999999999,193.0999999999999,1,1,1.0
37,4,149.1,898.0,259.79999999999995,144.5,1,1,1.0
37,5,1349.2,629.7,285.0,124.69999999999993,1,1,1.0
37,6,517.4,703.5,129.80000000000007,370.0999999999999,1,1,1.0
37,7,1486.3,840.3,157.60000000000014,188.70000000000005,1,1,1.0
37,8,660.9,614.8,290.4,145.30000000000007,1,1,1.0
37,9,192.98,772.75,275.62,126.95000000000005,1,1,1.0
38,10,546.9,524.9,271.9,144.5,1,1,1.0
38,1,278.5,646.0,188.8,136.29999999999995,1,1,1.0
38,2,636.1,928.5,293.19999999999993,180.5,1,1,1.0
38,3,1076.3,527.8,249.20000000000005,193.10000000000002,1,1,1.0
38,4,159.0,879.7,251.5,165.39999999999986,1,1,1.0
38,5,1350.2,629.2,284.0,126.19999999999993,1,1,1.0
38,6,514.8,703.5,132.4000000000001,363.29999999999995,1,1,1.0
38,7,1486.3,841.6,157.60000000000014,193.10000000000002,1,1,1.0
38,8,643.5,623.2,394.5999999999999,136.89999999999998,1,1,1.0
38,9,199.35,758.05,266.75,138.95000000000005,1,1,1.0
39,10,563.6,492.3,235.10000000000002,221.49999999999994,1,1,1.0
39,1,252.1,660.0,208.4,117.5,1,1,1.0
39,2,683.0,854.6,205.79999999999995,300.9999999999999,1,1,1.0
39,3,1089.8,525.1,276.29999999999995,180.10000000000002,1,1,1.0
39,4,169.5,839.6,239.39999999999998,221.19999999999993,1,1,1.0
39,5,1364.3,631.3,269.9000000000001,122.0,1,1,1.0
39,6,517.4,703.5,129.80000000000007,363.29999999999995,1,1,1.0
39,7,1486.3,837.2,157.60000000000014,198.0999999999999,1,1,1.0
39,8,652.2,620.3,363.9,145.60000000000002,1,1,1.0
39,9,189.53,764.0,275.27,133.39999999999998,1,1,1.0
40,10,573.3,468.2,155.30000000000007,292.8,1,1,1.0
40,1,250.5,659.0,214.10000000000002,118.0,1,1,1.0
40,2,710.8,824.4,206.9000000000001,326.9,1,1,1.0
40,3,1048.9,565.2,297.5999999999999,140.39999999999998,1,1,1.0
40,4,159.0,878.7,249.89999999999998,177.39999999999986,1,1,1.0
40,5,1390.5,624.0,243.70000000000005,120.39999999999998,1,1,1.0
40,6,470.8,711.9,176.40000000000003,345.0000000000001,1,1,1.0
40,7,1486.3,837.2,157.60000000000014,198.0999999999999,1,1,1.0
40,8,696.2,640.0,358.0999999999999,134.60000000000002,1,1,1.0
40,9,232.07,758.8,235.03000000000003,142.5,1,1,1.0
41,10,553.9,460.4,172.60000000000002,299.9,1,1,1.0
41,1,287.7,665.3,178.60000000000002,113.10000000000002,1,1,1.0
41,2,720.1,859.9,226.5,291.4,1,1,1.0
41,3,1346.2,754.3,294.29999999999995,109.5,1,1,1.0
41,4,159.0,880.8,257.7,162.70000000000005,1,1,1.0
41,5,1405.2,610.4,229.0,129.30000000000007,1,1,1.0
41,6,386.0,882.5,221.39999999999998,184.9000000000001,1,1,1.0
41,7,1486.3,837.2,157.60000000000014,199.39999999999986,1,1,1.0
41,8,928.24,634.8,385.8599999999999,113.80000000000007,1,1,1.0
41,9,251.37,769.8,220.43,141.30000000000007,1,1,1.0
42,10,576.8,540.9,114.90000000000009,353.80000000000007,1,1,1.0
42,1,319.53,686.5,257.6700000000001,180.60000000000002,1,1,1.0
42,2,704.5,856.2,235.20000000000005,300.89999999999986,1,1,1.0
42,3,1524.1,708.3,116.90000000000009,115.70000000000005,1,1,0.0
42,4,190.9,848.9,213.20000000000002,206.10000000000002,1,1,1.0
42,5,1403.6,618.2,230.60000000000014,123.59999999999991,1,1,1.0
42,6,362.5,957.3,241.20000000000005,114.29999999999995,1,1,1.0
42,7,1486.3,839.1,157.60000000000014,190.60000000000002,1,1,1.0
42,8,1007.5,563.6,296.79999999999995,166.5,1,1,1.0
42,9,238.3,747.58,219.5,164.2199999999999,1,1,1.0
43,10,569.2,564.5,135.79999999999995,331.9,1,1,1.0
43,1,311.3,701.9,266.40000000000003,168.10000000000002,1,1,1.0
43,2,753.1,857.4,171.60000000000002,304.30000000000007,1,1,1.0
43,3,1618.3,735.5,18.40000000000009,32.0,1,1,0.0
43,4,283.5,890.2,137.3,263.20000000000005,1,1,1.0
43,5,1370.1,617.0,263.10000000000014,143.20000000000005,1,1,1.0
43,6,385.5,944.7,231.29999999999995,126.89999999999986,1,1,1.0
43,7,1486.3,839.1,157.60000000000014,190.60000000000002,1,1,1.0
43,8,1037.6,546.9,276.5,176.30000000000007,1,1,1.0
43,9,235.35,699.57,224.95000000000002,206.82999999999993,1,1,1.0
44,10,542.8,581.9,203.20000000000005,279.80000000000007,1,1,1.0
44,1,309.4,702.9,261.5,129.5,1,1,1.0
44,2,691.8,735.9,194.70000000000005,321.6,1,1,1.0
44,3,1618.3,736.26,18.480000000000018,31.680000000000064,1,1,0.0
44,4,281.9,872.4,143.70000000000005,273.69999999999993,1,1,1.0
44,5,1337.1,631.3,296.10000000000014,133.60000000000002,1,1,1.0
44,6,409.6,932.7,238.10000000000002,137.29999999999995,1,1,1.0
44,7,1486.3,839.1,157.60000000000014,190.60000000000002,1,1,1.0
44,8,1042.2,546.9,271.89999999999986,182.10000000000002,1,1,1.0
44,9,223.5,677.1,169.60000000000002,236.60000000000002,1,1,1.0
45,10,550.4,587.5,194.89999999999998,252.60000000000002,1,1,1.0
45,1,379.8,743.4,305.40000000000003,180.60000000000002,1,1,1.0
45,2,655.92,664.1,239.88,267.79999999999995,1,1,1.0
45,3,1618.3,737.03,18.549999999999955,31.340000000000032,1,1,0.0
45,4,276.7,866.1,124.80000000000001,286.80000000000007,1,1,1.0
45,5,1299.9,626.1,333.29999999999995,137.19999999999993,1,1,1.0
45,6,397.6,916.5,254.79999999999995,150.4000000000001,1,1,1.0
45,7,1486.3,839.1,157.60000000000014,193.69999999999993,1,1,1.0
45,8,1045.7,548.0,292.0999999999999,178.10000000000002,1,1,1.0
45,9,204.39,671.4,169.08000000000004,250.70000000000005,1,1,1.0
46,10,554.6,581.9,182.39999999999998,255.5,1,1,1.0
46,1,569.8,876.5,341.1,114.0,1,1,1.0
46,2,635.1,662.4,260.1,246.89999999999998,1,1,1.0
46,3,1618.3,737.79,18.63000000000011,31.019999999999982,1,1,0.0
46,4,291.9,870.3,115.90000000000003,284.70000000000005,1,1,1.0
46,5,1301.5,624.0,333.29999999999995,140.29999999999995,1,1,1.0
46,6,395.5,942.7,247.0,99.09999999999991,1,1,1.0
46,7,1486.3,837.2,157.60000000000014,195.5999999999999,1,1,1.0
46,8,1050.2,541.6,274.29999999999995,181.39999999999998,1,1,1.0
46,9,240.8,674.0,146.09999999999997,226.60000000000002,1,1,1.0
47,10,556.0,573.6,184.5,340.9,1,1,1.0
47,1,622.84,861.1,335.36,142.89999999999998,1,1,1.0
47,2,631.6,662.4,263.6,240.0,1,1,1.0
47,3,1618.3,738.56,18.700000000000045,30.680000000000064,1,1,0.0
47,4,292.4,756.5,160.40000000000003,293.9000000000001,1,1,1.0
47,5,1302.0,619.8,332.79999999999995,146.10000000000002,1,1,1.0
47,6,361.0,949.0,276.79999999999995,101.20000000000005,1,1,1.0
47,7,1486.3,837.2,157.60000000000014,195.5999999999999,1,1,1.0
47,8,1048.6,539.9,273.0,182.80000000000007,1,1,1.0
47,9,274.8,667.5,142.2,184.70000000000005,1,1,1.0
48,10,562.9,574.3,177.60000000000002,353.4000000000001,1,1,1.0
48,1,642.1,805.2,333.4,222.89999999999986,1,1,1.0
48,2,631.0,663.6,264.20000000000005,243.39999999999998,1,1,1.0
48,3,1618.3,739.32,18.779999999999973,30.3599999999999,1,1,0.0
48,4,357.3,662.0,159.3,305.70000000000005,1,1,1.0
48,5,1302.0,594.2,332.79999999999995,175.89999999999998,1,1,1.0
48,6,333.8,950.0,294.09999999999997,101.20000000000005,1,1,1.0
48,7,1486.3,838.5,157.60000000000014,194.29999999999995,1,1,1.0
48,8,1049.8,509.2,248.10000000000014,201.90000000000003,1,1,1.0
48,9,276.5,538.4,219.89999999999998,228.80000000000007,1,1,1.0
49,10,590.7,737.48,206.69999999999993,333.9200000000001,1,1,1.0
49,1,678.7,796.5,315.19999999999993,259.0999999999999,1,1,1.0
49,2,636.2,663.6,259.0,246.89999999999998,1,1,1.0
49,3,1618.3,740.09,18.860000000000127,30.019999999999982,1,1,0.0
49,4,337.4,658.7,180.20000000000005,286.79999999999995,1,1,1.0
49,5,1303.6,598.4,332.20000000000005,176.39999999999998,1,1,1.0
49,6,263.2,918.6,274.2,139.89999999999998,1,1,1.0
49,7,1486.3,838.5,157.60000000000014,193.0,1,1,1.0
49,8,1076.4,519.1,277.0999999999999,207.60000000000002,1,1,1.0
49,9,319.4,542.1,331.80000000000007,168.60000000000002,1,1,1.0
50,10,593.6,879.5,339.9,239.0999999999999,1,1,1.0
50,1,739.9,790.3,303.19999999999993,256.60000000000014,1,1,1.0
50,2,618.8,643.4,338.9000000000001,190.70000000000005,1,1,1.0
50,3,1618.3,740.85,18.930000000000064,29.699999999999932,1,1,0.0
50,4,327.5,647.3,190.10000000000002,295.9000000000001,1,1,1.0
50,5,1319.8,615.7,316.0,156.5,1,1,1.0
50,6,208.9,737.0,197.70000000000002,309.46000000000004,1,1,1.0
50,7,1486.3,831.6,168.9000000000001,194.89999999999998,1,1,1.0
50,8,1070.6,530.7,258.60000000000014,203.5,1,1,1.0
50,9,423.5,503.4,313.5,160.20000000000005,1,1,1.0
51,10,608.1,963.9,354.5,178.30000000000007,1,1,1.0
51,1,831.7,728.0,289.39999999999986,227.29999999999995,1,1,1.0
51,2,618.8,581.7,322.1,249.5,1,1,1.0
51,3,1618.3,741.62,19.00999999999999,29.360000000000014,1,1,0.0
51,4,325.4,672.4,192.20000000000005,270.80000000000007,1,1,1.0
51,5,1339.7,613.6,296.0999999999999,153.89999999999998,1,1,1.0
51,6,205.8,723.9,163.59999999999997,297.4,1,1,1.0
51,7,1486.3,825.9,159.5,218.19999999999993,1,1,1.0
51,8,1050.3,590.3,301.5,197.70000000000005,1,1,1.0
51,9,397.3,535.3,341.3,118.90000000000009,1,1,1.0
52,10,609.5,1037.5,305.20000000000005,133.9000000000001,1,1,1.0
52,1,916.4,606.5,289.6,266.32000000000005,1,1,1.0
52,2,667.4,580.6,364.6,218.19999999999993,1,1,1.0
52,3,1618.3,742.38,19.090000000000146,29.039999999999964,1,1,0.0
52,4,327.0,665.6,192.70000000000005,288.1,1,1,1.0
52,5,1342.8,620.9,293.0,145.60000000000002,1,1,1.0
52,6,263.3,677.9,107.69999999999999,286.9,1,1,1.0
52,7,1486.3,814.0,159.5,245.79999999999995,1,1,1.0
52,8,1225.05,690.99,235.54999999999995,228.90999999999997,1,1,1.0
52,9,442.3,530.1,332.90000000000003,121.0,1,1,1.0
53,10,608.1,1030.6,303.1,131.10000000000014,1,1,1.0
53,1,1034.54,563.1,267.46000000000004,222.0,1,1,1.0
53,2,925.7,495.1,352.22,128.0,1,1,1.0
53,3,1618.3,743.14,19.160000000000082,28.720000000000027,1,1,0.0
53,4,322.3,674.0,197.40000000000003,287.0,1,1,1.0
53,5,1346.5,620.9,288.29999999999995,141.39999999999998,1,1,1.0
53,6,246.0,673.7,129.7,284.79999999999995,1,1,1.0
53,7,1486.3,817.8,159.5,250.20000000000005,1,1,1.0
53,8,1280.26,657.58,166.44000000000005,268.7199999999999,1,1,1.0
53,9,449.6,522.8,313.0,122.0,1,1,1.0
54,10,613.0,1025.7,298.20000000000005,127.0,1,1,1.0
54,1,1016.2,573.2,319.0,191.5999999999999,1,1,1.0
54,2,986.1,484.7,337.30000000000007,111.30000000000001,1,1,1.0
54,3,1618.3,743.91,19.24000000000001,28.379999999999995,1,1,0.0
54,4,320.7,671.9,199.00000000000006,283.85,1,1,1.0
54,5,1351.7,616.7,283.0999999999999,147.69999999999993,1,1,1.0
54,6,232.4,679.1,145.4,271.0,1,1,1.0
54,7,1486.3,820.3,173.29999999999995,238.9000000000001,1,1,1.0
54,8,1280.3,647.9,172.79999999999995,274.30000000000007,1,1,1.0
54,9,458.0,489.3,294.1,164.90000000000003,1,1,1.0
55,10,615.8,1025.7,295.4000000000001,127.70000000000005,1,1,1.0
55,1,1008.5,565.5,331.5999999999999,147.20000000000005,1,1,1.0
55,2,1014.1,486.6,322.9999999999999,111.29999999999995,1,1,1.0
55,3,1618.3,744.67,19.309999999999945,28.06000000000006,1,1,0.0
55,4,322.3,674.0,197.40000000000003,276.5,1,1,1.0
55,5,1344.4,618.8,290.39999999999986,145.60000000000002,1,1,1.0
55,6,229.8,685.2,145.39999999999998,263.29999999999995,1,1,1.0
55,7,1486.3,815.3,158.9000000000001,242.0,1,1,1.0
55,8,1273.1,650.5,210.10000000000014,271.70000000000005,1,1,1.0
55,9,462.2,465.8,288.3,208.8,1,1,1.0
56,10,613.7,1025.7,298.0,128.39999999999986,1,1,1.0
56,1,1022.0,544.8,328.70000000000005,165.5,1,1,1.0
56,2,1012.7,487.1,311.39999999999986,110.79999999999995,1,1,1.0
56,3,1618.3,745.44,19.3900000000001,27.719999999999914,1,1,0.0
56,4,317.6,675.0,202.10000000000002,273.9,1,1,1.0
56,5,1342.8,640.3,292.0,120.40000000000009,1,1,1.0
56,6,230.6,673.2,144.6,279.0999999999999,1,1,1.0
56,7,1486.3,833.5,157.10000000000014,218.0999999999999,1,1,1.0
56,8,1272.5,654.0,184.0999999999999,267.6,1,1,1.0
56,9,472.1,474.7,272.6,212.50000000000006,1,1,1.0
57,10,648.4,916.7,214.20000000000005,272.0999999999999,1,1,1.0
57,1,1031.2,563.6,323.0,141.89999999999998,1,1,1.0
57,2,1011.7,486.6,316.70000000000005,113.69999999999993,1,1,1.0
57,3,1618.3,746.2,19.470000000000027,27.399999999999977,1,1,0.0
57,4,344.3,674.5,175.40000000000003,283.29999999999995,1,1,1.0
57,5,1322.4,644.0,312.39999999999986,116.70000000000005,1,1,1.0
57,6,233.2,674.8,147.2,274.4000000000001,1,1,1.0
57,7,1486.3,838.52,158.20000000000005,202.3800000000001,1,1,1.0
57,8,1274.8,652.3,154.60000000000014,301.1,1,1,1.0
57,9,472.1,514.5,316.0,164.89999999999998,1,1,1.0
58,10,620.9,582.9,290.80000000000007,313.70000000000005,1,1,1.0
58,1,1038.9,568.9,322.0,140.89999999999998,1,1,1.0
58,2,989.6,462.5,278.4999999999999,144.60000000000002,1,1,1.0
58,3,1618.3,746.97,19.539999999999964,27.059999999999945,1,1,0.0
58,4,312.4,687.6,207.30000000000007,241.39999999999998,1,1,1.0
58,5,1389.9,645.0,242.79999999999995,122.20000000000005,1,1,1.0
58,6,229.5,688.9,143.60000000000002,245.10000000000002,1,1,1.0
58,7,1486.3,827.2,158.20000000000005,203.0,1,1,1.0
58,8,1291.75,641.56,134.8499999999999,280.34000000000003,1,1,1.0
58,9,463.2,497.8,277.3,154.90000000000003,1,1,1.0
59,10,652.6,627.1,276.6,265.29999999999995,1,1,1.0
59,1,1041.3,570.3,321.0,136.60000000000002,1,1,1.0
59,2,994.4,462.5,280.5000000000001,131.60000000000002,1,1,1.0
59,3,1618.3,747.73,19.62000000000012,26.74000000000001,1,1,0.0
59,4,316.6,681.3,203.10000000000002,265.5,1,1,1.0
59,5,1389.4,639.8,243.69999999999982,136.60000000000002,1,1,1.0
59,6,223.7,689.4,148.40000000000003,249.80000000000007,1,1,1.0
59,7,1486.3,832.2,158.20000000000005,194.20000000000005,1,1,1.0
59,8,1277.7,647.1,153.39999999999986,271.0,1,1,1.0
59,9,459.5,502.0,281.0,158.0,1,1,1.0
60,10,652.6,624.6,267.69999999999993,264.19999999999993,1,1,1.0
60,1,1041.3,570.3,321.5,135.20000000000005,1,1,1.0
60,2,991.0,465.4,281.0,130.60000000000002,1,1,1.0
60,3,1618.3,748.5,19.700000000000045,26.399999999999977,1,1,0.0
60,4,311.4,657.2,208.30000000000007,279.0999999999999,1,1,1.0
60,5,1389.4,628.3,242.79999999999995,150.20000000000005,1,1,1.0
60,6,220.6,676.3,151.50000000000003,263.9000000000001,1,1,1.0
60,7,1486.3,832.2,158.79999999999995,194.20000000000005,1,1,1.0
60,8,1273.1,639.0,182.30000000000018,304.6,1,1,1.0
60,9,454.8,499.9,310.8,152.80000000000007,1,1,1.0
61,10,652.6,621.3,268.0,267.70000000000005,1,1,1.0
61,1,1030.2,530.8,280.0,190.60000000000002,1,1,1.0
61,2,985.7,471.2,293.0999999999999,129.90000000000003,1,1,1.0
61,3,1618.3,749.26,19.769999999999982,26.08000000000004,1,1,0.0
61,4,333.4,660.3,226.10000000000002,277.6,1,1,1.0
61,5,1387.3,619.4,244.9000000000001,166.39999999999998,1,1,1.0
61,6,223.7,672.1,164.60000000000002,275.4,1,1,1.0
61,7,1486.3,819.0,157.4000000000001,208.0,1,1,1.0
61,8,1252.3,637.3,208.9000000000001,309.80000000000007,1,1,1.0
61,9,454.8,503.6,318.09999999999997,146.5,1,1,1.0
62,10,656.8,622.1,262.70000000000005,261.29999999999995,1,1,1.0
62,1,1030.7,541.4,267.89999999999986,183.89999999999998,1,1,1.0
62,2,969.3,488.6,361.60000000000014,116.10000000000002,1,1,1.0
62,3,1618.3,750.02,19.850000000000136,25.75999999999999,1,1,0.0
62,4,342.8,655.1,216.7,293.79999999999995,1,1,1.0
62,5,1391.0,612.1,241.20000000000005,173.69999999999993,1,1,1.0
62,6,227.9,669.0,163.49999999999997,273.79999999999995,1,1,1.0
62,7,1486.3,842.9,157.0,223.0000000000001,1,1,1.0
62,8,1248.1,647.0,265.20000000000005,274.4,1,1,1.0
62,9,444.9,503.6,358.9,135.0,1,1,1.0
63,10,650.1,628.8,270.79999999999995,257.80000000000007,1,1,1.0
63,1,1025.9,561.7,284.79999999999995,160.19999999999993,1,1,1.0
63,2,969.3,487.6,341.79999999999995,118.10000000000002,1,1,1.0
63,3,1618.3,750.79,19.920000000000073,25.420000000000073,1,1,0.0
63,4,339.1,648.3,220.39999999999998,299.0,1,1,1.0
63,5,1336.1,609.5,296.10000000000014,175.29999999999995,1,1,1.0
63,6,238.9,661.2,152.49999999999997,279.5,1,1,1.0
63,7,1484.4,846.7,159.5999999999999,206.5999999999999,1,1,1.0
63,8,1351.6,738.7,288.8000000000002,134.0999999999999,1,1,1.0
63,9,451.7,520.9,387.7,117.70000000000005,1,1,1.0
64,10,649.93,632.04,270.07000000000005,284.86,1,1,1.0
64,1,1025.9,575.7,336.89999999999986,129.29999999999995,1,1,1.0
64,2,999.2,489.0,290.20000000000005,120.10000000000002,1,1,1.0
64,3,1618.3,751.55,20.0,25.100000000000023,1,1,0.0
64,4,353.2,627.9,206.3,316.80000000000007,1,1,1.0
64,5,1340.8,606.9,290.4000000000001,172.70000000000005,1,1,1.0
64,6,239.9,668.0,160.99999999999997,241.79999999999995,1,1,1.0
64,7,1484.4,835.4,160.69999999999982,229.19999999999993,1,1,1.0
64,8,1557.1,681.1,83.30000000000018,179.89999999999998,1,1,0.0
64,9,455.4,517.8,384.0,122.90000000000009,1,1,1.0
65,10,653.75,683.34,250.04999999999995,286.26,1,1,1.0
65,1,1026.4,575.2,335.89999999999986,126.39999999999998,1,1,1.0
65,2,1014.6,489.0,306.1,114.29999999999995,1,1,1.0
65,3,1618.3,752.32,20.080000000000155,24.75999999999999,1,1,0.0
65,4,382.5,616.4,189.60000000000002,307.9,1,1,1.0
65,5,1339.7,606.9,291.5,173.70000000000005,1,1,1.0
65,6,236.2,661.7,189.8,247.0999999999999,1,1,1.0
65,7,1448.0,839.2,195.70000000000005,187.0999999999999,1,1,1.0
65,8,1596.0,635.96,40.90000000000009,145.14,1,1,0.0
65,9,458.0,517.3,380.29999999999995,119.70000000000005,1,1,1.0
66,10,698.4,719.82,208.20000000000005,279.5799999999999,1,1,1.0
66,1,1027.4,576.6,337.29999999999995,124.0,1,1,1.0
66,2,1026.2,492.9,300.29999999999995,114.30000000000007,1,1,1.0
66,3,1618.3,753.08,20.15000000000009,24.43999999999994,1,1,0.0
66,4,370.5,627.4,201.60000000000002,291.70000000000005,1,1,1.0
66,5,1334.3,597.5,294.29999999999995,188.89999999999998,1,1,1.0
66,6,234.6,651.8,188.29999999999998,251.20000000000005,1,1,1.0
66,7,1437.3,842.3,206.29999999999995,176.10000000000002,1,1,1.0
66,8,1595.04,634.13,41.74000000000001,143.12,1,1,0.0
66,9,458.0,517.8,393.9,119.20000000000005,1,1,1.0
67,10,685.44,725.33,217.45999999999992,274.56999999999994,1,1,1.0
67,1,1034.2,566.0,335.39999999999986,138.89999999999998,1,1,1.0
67,2,1017.2,494.8,304.5,118.19999999999999,1,1,1.0
67,3,1618.3,753.85,20.230000000000018,24.100000000000023,1,1,0.0
67,4,368.9,637.9,203.20000000000005,280.30000000000007,1,1,1.0
67,5,1323.7,596.2,305.39999999999986,196.5,1,1,1.0
67,6,230.4,671.7,195.6,229.19999999999993,1,1,1.0
67,7,1441.1,846.1,202.9000000000001,172.60000000000002,1,1,1.0
67,8,1594.08,632.3,42.580000000000155,141.09000000000003,1,1,0.0
67,9,468.5,522.0,397.5,106.10000000000002,1,1,1.0
68,10,685.68,723.51,216.5200000000001,276.99,1,1,1.0
68,1,1039.5,562.1,329.5999999999999,146.19999999999993,1,1,1.0
68,2,1022.8,493.8,304.70000000000005,121.09999999999997,1,1,1.0
68,3,1618.3,754.61,20.299999999999955,23.779999999999973,1,1,0.0
68,4,360.5,631.9,211.60000000000002,283.6,1,1,1.0
68,5,1307.6,598.35,321.47,201.0,1,1,1.0
68,6,232.0,658.1,194.0,245.89999999999998,1,1,1.0
68,7,1451.1,848.0,193.30000000000018,170.5,1,1,1.0
68,8,1593.11,630.47,43.430000000000064,139.06999999999994,1,1,0.0
68,9,477.9,518.9,391.80000000000007,109.20000000000005,1,1,1.0
69,10,685.0,723.0,216.70000000000005,278.6,1,1,1.0
69,1,1035.6,546.2,321.0,160.69999999999993,1,1,1.0
69,2,1020.9,488.5,307.6,125.0,1,1,1.0
69,3,1618.3,755.38,20.38000000000011,23.440000000000055,1,1,0.0
69,4,353.2,631.5,218.90000000000003,288.20000000000005,1,1,1.0
69,5,1315.0,602.3,313.22,192.10000000000002,1,1,1.0
69,6,229.9,639.3,199.20000000000002,253.20000000000005,1,1,1.0
69,7,1478.7,849.9,165.29999999999995,185.10000000000002,1,1,1.0
69,8,1592.15,628.64,44.26999999999998,137.03999999999996,1,1,0.0
69,9,478.4,518.9,378.70000000000005,110.80000000000007,1,1,1.0
70,10,685.0,722.2,213.39999999999998,281.0999999999999,1,1,1.0
70,1,1037.5,546.2,318.0999999999999,161.19999999999993,1,1,1.0
70,2,1023.3,487.5,305.20000000000005,123.10000000000002,1,1,1.0
70,3,1618.3,756.14,20.460000000000036,23.120000000000005,1,1,0.0
70,4,355.3,636.7,216.8,290.79999999999995,1,1,1.0
70,5,1315.5,615.3,314.8499999999999,185.80000000000007,1,1,1.0
70,6,230.9,668.6,197.20000000000002,229.10000000000002,1,1,1.0
70,7,1486.9,845.5,158.19999999999982,229.0,1,1,1.0
70,8,1591.19,626.81,45.1099999999999,135.0200000000001,1,1,0.0
70,9,479.4,518.9,377.70000000000005,110.80000000000007,1,1,1.0
71,10,676.7,726.4,238.39999999999998,276.9,1,1,1.0
71,1,1029.8,559.7,339.29999999999995,145.79999999999995,1,1,1.0
71,2,1024.7,474.5,297.0,135.10000000000002,1,1,1.0
71,3,1618.3,756.9,20.529999999999973,22.800000000000068,1,1,0.0
71,4,370.0,629.5,202.10000000000002,289.6,1,1,1.0
71,5,1264.2,650.4,351.29999999999995,151.20000000000005,1,1,1.0
71,6,233.6,685.3,191.9,217.10000000000002,1,1,1.0
71,7,1485.8,827.65,157.8800000000001,238.14999999999998,1,1,1.0
71,8,1590.23,624.97,45.950000000000045,133.01,1,1,0.0
71,9,479.4,518.9,378.70000000000005,110.80000000000007,1,1,1.0
72,10,664.5,729.1,298.20000000000005,259.19999999999993,1,1,1.0
72,1,1029.8,558.7,340.60000000000014,142.0,1,1,1.0
72,2,1024.7,476.4,304.20000000000005,133.20000000000005,1,1,1.0
72,3,1618.3,757.67,20.610000000000127,22.460000000000036,1,1,0.0
72,4,373.7,629.1,198.40000000000003,288.4,1,1,1.0
72,5,1302.0,635.13,310.5,163.87,1,1,1.0
72,6,238.3,668.6,188.8,235.89999999999998,1,1,1.0
72,7,1484.4,817.9,160.69999999999982,209.60000000000002,1,1,1.0
72,8,1589.26,623.14,46.799999999999955,130.98000000000002,1,1,0.0
72,9,481.0,518.9,369.29999999999995,112.39999999999998,1,1,1.0
73,10,654.2,757.3,256.79999999999995,250.20000000000005,1,1,1.0
73,1,991.7,595.8,291.0999999999999,138.70000000000005,1,1,1.0
73,2,1021.3,471.6,299.9000000000001,129.29999999999995,1,1,1.0
73,3,1618.3,758.43,20.690000000000055,22.1400000000001,1,1,0.0
73,4,373.7,627.4,198.40000000000003,290.1,1,1,1.0
73,5,1273.28,672.33,351.9200000000001,124.46999999999991,1,1,1.0
73,6,238.3,647.7,188.8,257.79999999999995,1,1,1.0
73,7,1483.69,824.09,160.70000000000005,211.50999999999988,1,1,1.0
73,8,1588.3,621.31,47.6400000000001,128.96000000000004,1,1,0.0
73,9,481.0,518.4,362.0,110.20000000000005,1,1,1.0
74,10,664.2,740.6,241.0,276.9,1,1,1.0
74,1,893.3,582.3,292.29999999999995,218.30000000000007,1,1,1.0
74,2,1026.6,455.2,295.5,147.59999999999997,1,1,1.0
74,3,1618.3,759.2,20.75999999999999,21.799999999999955,1,1,0.0
74,4,359.6,634.7,212.5,298.0,1,1,1.0
74,5,1287.7,671.4,339.79999999999995,126.10000000000002,1,1,1.0
74,6,239.3,660.3,187.8,243.10000000000002,1,1,1.0
74,7,1484.4,832.3,160.69999999999982,210.29999999999995,1,1,1.0
74,8,1587.34,619.48,48.47000000000003,126.92999999999995,1,1,0.0
74,9,481.0,518.9,364.1,111.89999999999998,1,1,1.0
75,10,675.0,728.1,226.0,290.69999999999993,1,1,1.0
75,1,762.1,656.1,366.90999999999997,125.19999999999993,1,1,1.0
75,2,1031.4,455.2,319.5999999999999,151.50000000000006,1,1,1.0
75,3,1618.3,759.96,20.840000000000146,21.480000000000018,1,1,0.0
75,4,365.9,632.6,206.20000000000005,305.29999999999995,1,1,1.0
75,5,1250.25,596.71,328.45000000000005,218.49,1,1,1.0
75,6,240.3,670.2,186.8,231.5999999999999,1,1,1.0
75,7,1454.9,839.8,188.39999999999986,190.9000000000001,1,1,1.0
75,8,1586.38,617.65,49.309999999999945,124.90999999999997,1,1,0.0
75,9,481.0,518.9,355.70000000000005,111.89999999999998,1,1,1.0
76,10,681.7,725.6,219.29999999999995,289.4,1,1,1.0
76,1,689.8,624.8,394.79999999999995,126.10000000000002,1,1,1.0
76,2,1015.5,450.4,286.70000000000005,154.89999999999998,1,1,1.0
76,3,1618.3,760.73,20.910000000000082,21.139999999999986,1,1,0.0
76,4,379.0,623.0,193.10000000000002,321.20000000000005,1,1,1.0
76,5,1257.4,606.6,317.79999999999995,208.19999999999993,1,1,1.0
76,6,238.2,661.3,188.90000000000003,244.70000000000005,1,1,1.0
76,7,1485.0,844.8,160.0999999999999,188.4000000000001,1,1,1.0
76,8,1585.41,615.81,50.159999999999854,122.8900000000001,1,1,0.0
76,9,481.0,518.9,345.20000000000005,111.89999999999998,1,1,1.0
77,10,682.5,728.9,218.5,288.6,1,1,1.0
77,1,705.7,627.7,365.89999999999986,127.09999999999991,1,1,1.0
77,2,1013.6,446.1,296.30000000000007,157.29999999999995,1,1,1.0
77,3,1618.3,761.49,20.99000000000001,20.819999999999936,1,1,0.0
77,4,385.3,622.1,186.8,321.6,1,1,1.0
77,5,1203.0,641.7,367.5,160.5,1,1,1.0
77,6,238.2,670.2,188.90000000000003,235.79999999999995,1,1,1.0
77,7,1485.0,841.0,160.0999999999999,190.9000000000001,1,1,1.0
77,8,1584.45,613.98,51.0,120.87,1,1,0.0
77,9,481.0,518.9,349.4,111.89999999999998,1,1,1.0
78,10,697.8,725.4,200.4000000000001,273.4,1,1,1.0
78,1,727.4,627.2,339.4,125.19999999999993,1,1,1.0
78,2,1005.9,447.1,300.6,152.39999999999998,1,1,1.0
78,3,1618.3,762.26,21.069999999999936,20.480000000000018,1,1,0.0
78,4,384.3,639.4,187.8,305.30000000000007,1,1,1.0
78,5,1161.2,636.5,318.20000000000005,142.20000000000005,1,1,1.0
78,6,237.7,669.7,187.3,233.19999999999993,1,1,1.0
78,7,1485.0,832.2,160.0999999999999,202.79999999999995,1,1,1.0
78,8,1583.49,612.15,51.83999999999992,118.85000000000002,1,1,0.0
78,9,482.0,518.9,357.79999999999995,111.39999999999998,1,1,1.0
79,10,695.7,724.0,201.0999999999999,269.20000000000005,1,1,1.0
79,1,747.7,626.2,313.29999999999995,126.69999999999993,1,1,1.0
79,2,999.1,464.5,297.80000000000007,137.39999999999998,1,1,1.0
79,3,1618.3,763.02,21.1400000000001,20.159999999999968,1,1,0.0
79,4,375.4,640.8,196.70000000000005,303.9000000000001,1,1,1.0
79,5,1108.9,550.2,343.6999999999998,240.0,1,1,1.0
79,6,235.1,673.4,190.4,228.5,1,1,1.0
79,7,1485.0,817.1,160.0999999999999,221.19999999999993,1,1,1.0
79,8,1582.53,610.32,52.680000000000064,116.81999999999994,1,1,0.0
79,9,482.0,517.3,368.29999999999995,114.0,1,1,1.0
80,10,694.3,722.6,206.0,292.79999999999995,1,1,1.0
80,1,720.7,627.6,330.70000000000005,125.79999999999995,1,1,1.0
80,2,999.1,470.8,292.4999999999999,130.09999999999997,1,1,1.0
80,3,1618.3,763.78,21.220000000000027,19.840000000000032,1,1,0.0
80,4,362.3,673.9,209.8,259.30000000000007,1,1,1.0
80,5,1043.5,631.3,328.0999999999999,167.80000000000007,1,1,1.0
80,6,236.7,658.7,187.8,246.29999999999995,1,1,1.0
80,7,1485.0,825.3,160.0999999999999,213.4000000000001,1,1,1.0
80,8,1581.56,608.49,53.52999999999997,114.79999999999995,1,1,0.0
80,9,478.3,515.7,370.99999999999994,117.69999999999993,1,1,1.0
81,10,703.3,721.2,197.70000000000005,292.0999999999999,1,1,1.0
81,1,688.4,630.5,374.1,118.10000000000002,1,1,1.0
81,2,995.2,479.5,341.20000000000005,123.29999999999995,1,1,1.0
81,3,1618.3,764.55,21.299999999999955,19.5,1,1,0.0
81,4,369.6,674.4,202.0,266.1,1,1,1.0
81,5,1054.0,580.7,256.29999999999995,221.0,1,1,1.0
81,6,238.3,664.5,189.3,240.5,1,1,1.0
81,7,1485.0,820.3,160.0999999999999,246.0,1,1,1.0
81,8,1580.6,606.65,54.37000000000012,112.77999999999997,1,1,0.0
81,9,480.9,514.7,374.70000000000005,117.69999999999993,1,1,1.0
82,10,706.1,726.1,194.89999999999998,277.5,1,1,1.0
82,1,523.5,689.7,285.79999999999995,108.09999999999991,1,1,1.0
82,2,1113.82,496.4,305.98,216.80000000000007,1,1,1.0
82,3,1618.3,765.31,21.37000000000012,19.180000000000064,1,1,0.0
82,4,373.3,644.6,149.09999999999997,294.9,1,1,1.0
82,5,1091.7,551.9,157.5,261.30000000000007,1,1,1.0
82,6,237.3,680.2,173.0,224.79999999999995,1,1,1.0
82,7,1485.0,814.0,160.0999999999999,235.29999999999995,1,1,1.0
82,8,1579.64,604.82,55.20999999999981,110.75999999999999,1,1,0.0
82,9,488.1,512.6,318.29999999999995,119.79999999999995,1,1,1.0
83,10,713.7,721.2,185.19999999999993,297.0,1,1,1.0
83,1,556.3,638.2,235.20000000000005,194.29999999999995,1,1,1.0
83,2,1291.3,534.98,185.4000000000001,279.91999999999996,1,1,1.0
83,3,1618.3,766.08,21.450000000000045,18.839999999999918,1,1,0.0
83,4,393.2,569.2,124.00000000000006,241.0999999999999,1,1,1.0
83,5,1091.7,531.4,187.89999999999986,268.20000000000005,1,1,1.0
83,6,238.9,691.2,222.70000000000002,228.5,1,1,1.0
83,7,1485.0,829.7,160.0999999999999,197.5999999999999,1,1,1.0
83,8,1578.68,602.99,56.049999999999955,108.74000000000001,1,1,0.0
83,9,521.7,505.8,366.29999999999995,126.59999999999997,1,1,1.0
84,10,715.8,716.3,185.20000000000005,310.9000000000001,1,1,1.0
84,1,538.5,692.2,148.89999999999998,341.89999999999986,1,1,1.0
84,2,1284.5,532.6,175.79999999999995,372.5,1,1,1.0
84,3,1618.3,766.84,21.519999999999982,18.519999999999982,1,1,0.0
84,4,421.5,555.1,98.79999999999995,99.29999999999995,1,1,0.0
84,5,1087.5,528.3,167.0,270.80000000000007,1,1,1.0
84,6,247.3,671.3,223.7,254.70000000000005,1,1,1.0
84,7,1485.0,838.5,160.0999999999999,191.29999999999995,1,1,1.0
84,8,1577.71,601.16,56.899999999999864,106.71000000000004,1,1,0.0
84,9,588.16,512.0,349.44000000000005,114.0,1,1,1.0
85,10,729.0,720.5,165.10000000000002,272.5,1,1,1.0
85,1,492.8,771.48,174.90000000000003,323.02,1,1,1.0
85,2,1298.5,541.3,165.70000000000005,365.20000000000005,1,1,1.0
85,3,1618.3,767.61,21.600000000000136,18.17999999999995,1,1,0.0
85,4,412.1,572.9,75.19999999999999,66.30000000000007,1,1,0.0
85,5,1087.5,528.3,164.4000000000001,270.80000000000007,1,1,1.0
85,6,259.9,676.5,211.10000000000002,256.79999999999995,1,1,1.0
85,7,1485.0,838.5,160.0999999999999,191.9000000000001,1,1,1.0
85,8,1576.75,599.33,57.74000000000001,104.68999999999994,1,1,0.0
85,9,596.0,493.8,307.20000000000005,150.59999999999997,1,1,1.0
86,10,685.9,750.4,217.89999999999998,255.80000000000007,1,1,1.0
86,1,466.8,799.8,166.2,292.79999999999995,1,1,1.0
86,2,1303.3,554.3,166.20000000000005,272.20000000000005,1,1,1.0
86,3,1618.3,768.37,21.680000000000064,17.860000000000014,1,1,0.0
86,4,412.1,565.6,59.5,43.299999999999955,1,1,0.0
86,5,826.0,621.6,273.5999999999999,290.29999999999995,1,1,1.0
86,6,252.6,677.0,218.4,264.70000000000005,1,1,1.0
86,7,1485.0,827.0,158.4000000000001,200.29999999999995,1,1,1.0
86,8,1575.79,597.5,58.57999999999993,102.65999999999997,1,1,0.0
86,9,608.0,491.7,288.4,139.00000000000006,1,1,1.0
87,10,697.0,749.0,187.39999999999998,283.5999999999999,1,1,1.0
87,1,317.51,956.0,241.69000000000005,155.20000000000005,1,1,1.0
87,2,1299.9,558.2,167.19999999999982,264.0,1,1,1.0
87,3,1618.3,769.13,21.75,17.529999999999973,1,1,0.0
87,4,416.3,556.2,37.30000000000001,43.799999999999955,1,1,0.0
87,5,440.2,627.0,131.50000000000006,266.1,1,1,1.0
87,6,269.3,671.2,202.2,183.0999999999999,1,1,1.0
87,7,1505.7,795.8,137.29999999999995,184.4000000000001,1,1,1.0
87,8,1574.83,595.66,59.42000000000007,100.64999999999998,1,1,0.0
87,9,655.1,548.2,303.0,116.09999999999991,1,1,1.0
88,10,733.8,721.9,155.5,305.80000000000007,1,1,1.0
88,1,340.1,919.0,216.5,213.0,1,1,1.0
88,2,1305.7,555.8,160.89999999999986,271.70000000000005,1,1,1.0
88,3,1618.3,769.9,21.830000000000155,17.200000000000045,1,1,0.0
88,4,414.7,542.6,43.900000000000034,63.69999999999993,1,1,0.0
88,5,441.2,623.9,129.7,280.70000000000005,1,1,1.0
88,6,254.1,667.0,212.50000000000003,177.89999999999998,1,1,1.0
88,7,1506.2,790.5,136.29999999999995,189.70000000000005,1,1,1.0
88,8,1573.86,593.83,60.27000000000021,98.62,1,1,0.0
88,9,686.0,536.7,269.5,165.79999999999995,1,1,1.0
89,10,756.7,721.9,131.89999999999998,339.1,1,1,1.0
89,1,326.8,912.6,218.2,224.60000000000002,1,1,1.0
89,2,1305.2,544.7,157.0999999999999,281.79999999999995,1,1,1.0
89,3,1557.7,715.8,85.0,121.10000000000002,1,1,0.0
89,4,425.7,542.6,32.900000000000034,51.60000000000002,1,1,0.0
89,5,447.5,656.3,145.5,285.5,1,1,1.0
89,6,252.57,670.69,239.63,161.0999999999999,1,1,1.0
89,7,1495.1,693.1,145.70000000000005,287.1,1,1,1.0
89,8,1572.9,592.0,61.1099999999999,96.60000000000002,1,1,0.0
89,9,694.9,530.9,260.6,171.60000000000002,1,1,1.0
90,10,752.5,721.9,143.70000000000005,346.69999999999993,1,1,1.0
90,1,287.6,932.3,249.29999999999995,202.0,1,1,1.0
90,2,1302.8,546.6,158.10000000000014,294.79999999999995,1,1,1.0
90,3,1553.8,696.2,86.70000000000005,131.5,1,1,0.0
90,4,419.9,533.2,40.80000000000001,54.69999999999993,1,1,0.0
90,5,450.6,708.6,189.0,244.69999999999993,1,1,1.0
90,6,249.4,667.5,244.20000000000002,171.60000000000002,1,1,1.0
90,7,1495.1,804.0,145.70000000000005,195.0,1,1,1.0
90,8,1567.0,603.6,67.00999999999999,96.60000000000002,1,1,0.0
90,9,694.9,517.8,259.0,184.70000000000005,1,1,1.0
91,10,686.5,753.8,202.79999999999995,308.5,1,1,1.0
91,1,248.1,910.3,265.1,182.29999999999995,1,1,1.0
91,2,1301.4,546.1,159.0,294.29999999999995,1,1,1.0
91,3,1548.6,691.4,91.90000000000009,123.20000000000005,1,1,0.0
91,4,410.0,528.6,54.89999999999998,65.0,1,1,0.0
91,5,455.3,742.1,181.2,212.79999999999995,1,1,1.0
91,6,252.0,666.5,246.3,170.5,1,1,1.0
91,7,1443.5,791.0,182.79999999999995,176.70000000000005,1,1,1.0
91,8,1567.0,608.8,67.00999999999999,89.0,1,1,0.0
91,9,693.3,513.1,259.5,189.39999999999998,1,1,1.0
92,10,711.5,779.5,177.10000000000002,307.79999999999995,1,1,1.0
92,1,159.6,864.0,304.4,122.70000000000005,1,1,1.0
92,2,1303.3,547.1,157.10000000000014,282.19999999999993,1,1,1.0
92,3,1550.3,689.7,90.20000000000005,124.0,1,1,0.0
92,4,427.8,528.6,32.89999999999998,57.19999999999993,1,1,0.0
92,5,438.4,786.4,260.4,189.89999999999998,1,1,1.0
92,6,251.0,667.5,250.39999999999998,158.5,1,1,1.0
92,7,1431.0,783.8,178.4000000000001,182.9000000000001,1,1,1.0
92,8,1567.0,614.6,67.00999999999999,81.5,1,1,0.0
92,9,692.3,512.1,260.1,190.39999999999998,1,1,1.0
93,10,708.0,780.9,195.20000000000005,300.1,1,1,1.0
93,1,145.1,849.0,304.4,113.39999999999998,1,1,1.0
93,2,1306.2,545.7,155.20000000000005,283.5999999999999,1,1,1.0
93,3,1548.6,688.4,91.90000000000009,124.39999999999998,1,1,0.0
93,4,421.4,530.2,39.30000000000001,66.59999999999991,1,1,0.0
93,5,439.6,783.9,259.19999999999993,194.5,1,1,1.0
93,6,246.3,667.5,255.09999999999997,142.79999999999995,1,1,1.0
93,7,1432.9,783.8,176.5,189.70000000000005,1,1,1.0
93,8,1567.6,614.6,66.41000000000008,77.5,1,1,0.0
93,9,691.8,512.1,257.30000000000007,190.39999999999998,1,1,1.0
94,10,705.9,788.5,201.5,291.0999999999999,1,1,1.0
94,1,148.6,854.6,302.6,113.60000000000002,1,1,1.0
94,2,1311.0,552.9,148.0,276.4,1,1,1.0
94,3,1551.2,688.4,89.29999999999995,121.80000000000007,1,1,0.0
94,4,423.6,536.9,42.299999999999955,60.39999999999998,1,1,0.0
94,5,430.7,803.8,269.7,175.60000000000002,1,1,1.0
94,6,244.2,667.5,257.7,139.70000000000005,1,1,1.0
94,7,1431.5,782.4,182.70000000000005,195.89999999999998,1,1,1.0
94,8,1569.3,618.1,64.71000000000004,71.69999999999993,1,1,0.0
94,9,690.2,514.7,258.29999999999995,187.79999999999995,1,1,1.0
95,10,712.8,782.9,189.0,287.69999999999993,1,1,1.0
95,1,148.6,856.7,302.6,113.19999999999993,1,1,1.0
95,2,1312.9,553.4,150.0,274.0,1,1,1.0
95,3,1558.2,691.0,82.29999999999995,120.89999999999998,1,1,0.0
95,4,423.6,540.0,43.299999999999955,60.39999999999998,1,1,0.0
95,5,425.5,808.5,275.4,167.79999999999995,1,1,1.0
95,6,243.2,667.5,258.7,133.39999999999998,1,1,1.0
95,7,1432.0,789.2,185.0999999999999,191.0,1,1,1.0
95,8,1564.7,623.9,69.30999999999995,74.60000000000002,1,1,0.0
95,9,691.48,514.55,259.91999999999996,187.55000000000007,1,1,1.0
96,10,698.9,781.5,200.10000000000002,289.0,1,1,1.0
96,1,155.0,858.8,296.2,113.70000000000005,1,1,1.0
96,2,1309.0,551.0,152.5,273.5,1,1,1.0
96,3,1558.6,681.8,81.90000000000009,133.60000000000002,1,1,0.0
96,4,414.7,542.6,54.30000000000001,62.5,1,1,0.0
96,5,424.5,808.5,276.4,170.39999999999998,1,1,1.0
96,6,241.6,668.0,260.29999999999995,133.89999999999998,1,1,1.0
96,7,1332.2,795.8,276.20000000000005,148.70000000000005,1,1,1.0
96,8,1564.7,627.4,69.30999999999995,71.70000000000005,1,1,0.0
96,9,694.4,510.6,259.1,187.69999999999993,1,1,1.0
97,10,667.0,766.9,252.79999999999995,310.0000000000001,1,1,1.0
97,1,152.1,859.4,298.5,111.70000000000005,1,1,1.0
97,2,1303.7,548.6,156.79999999999995,283.6,1,1,1.0
97,3,1530.7,693.1,109.79999999999995,123.19999999999993,1,1,0.0
97,4,416.79,540.5,52.70999999999998,65.60000000000002,1,1,0.0
97,5,422.4,810.1,278.5,168.79999999999995,1,1,1.0
97,6,242.1,664.9,260.29999999999995,136.5,1,1,1.0
97,7,1155.1,626.6,312.10000000000014,246.19999999999993,1,1,1.0
97,8,1566.4,625.2,67.6099999999999,72.19999999999993,1,1,0.0
97,9,688.1,516.9,265.4,183.0,1,1,1.0
98,10,656.6,775.9,263.19999999999993,296.1,1,1,1.0
98,1,167.1,861.1,285.79999999999995,111.19999999999993,1,1,1.0
98,2,1300.8,550.0,160.70000000000005,279.79999999999995,1,1,1.0
98,3,1500.6,701.0,139.9000000000001,119.70000000000005,1,1,1.0
98,4,416.8,546.8,56.39999999999998,59.30000000000007,1,1,0.0
98,5,422.4,808.0,275.9,169.89999999999998,1,1,1.0
98,6,242.6,664.4,259.29999999999995,134.39999999999998,1,1,1.0
98,7,1128.5,634.7,266.4000000000001,223.5999999999999,1,1,1.0
98,8,1567.4,627.4,68.29999999999995,80.39999999999998,1,1,0.0
98,9,690.7,513.8,262.79999999999995,185.60000000000002,1,1,1.0
99,10,659.4,779.4,263.20000000000005,296.1,1,1,1.0
99,1,167.1,863.4,289.29999999999995,108.89999999999998,1,1,1.0
99,2,1301.3,547.6,162.10000000000014,282.19999999999993,1,1,1.0
99,3,1501.5,673.1,139.0,147.60000000000002,1,1,1.0
99,4,413.7,554.1,61.60000000000002,56.69999999999993,1,1,0.0
99,5,419.8,802.8,278.49999999999994,175.10000000000002,1,1,1.0
99,6,241.0,665.4,260.9,135.5,1,1,1.0
99,7,1110.6,630.1,281.4000000000001,234.60000000000002,1,1,1.0
99,8,1573.3,617.3,61.0,87.0,1,1,0.0
99,9,696.5,512.2,257.0,187.19999999999993,1,1,1.0
100,10,674.7,779.4,260.79999999999995,294.69999999999993,1,1,1.0
100,1,169.4,863.4,287.6,109.5,1,1,1.0
100,2,1299.9,544.7,162.5,300.0,1,1,1.0
100,3,1381.6,637.8,258.9000000000001,162.0,1,1,1.0
100,4,418.4,558.8,59.0,50.40000000000009,1,1,0.0
100,5,417.2,807.0,281.09999999999997,170.89999999999998,1,1,1.0
100,6,240.5,653.4,261.4,153.30000000000007,1,1,1.0
100,7,1111.2,605.2,288.29999999999995,257.79999999999995,1,1,1.0
100,8,1596.4,614.1,38.09999999999991,91.39999999999998,1,1,0.0
100,9,682.8,508.5,276.5,239.0,1,1,1.0
101,10,681.0,788.4,259.70000000000005,282.19999999999993,1,1,1.0
101,1,163.1,863.4,295.1,111.20000000000005,1,1,1.0
101,2,1283.1,604.0,231.4000000000001,292.29999999999995,1,1,1.0
101,3,1235.4,611.4,334.29999999999995,171.80000000000007,1,1,1.0
101,4,414.2,555.7,63.19999999999999,58.19999999999993,1,1,0.0
101,5,418.8,802.3,279.49999999999994,170.4000000000001,1,1,1.0
101,6,247.8,640.8,254.09999999999997,190.5,1,1,1.0
101,7,1078.8,616.8,305.10000000000014,264.1,1,1,1.0
101,8,1596.4,612.4,39.899999999999864,107.5,1,1,0.0
101,9,678.6,519.0,278.6,219.10000000000002,1,1,1.0
102,10,654.6,779.4,277.79999999999995,294.6,1,1,1.0
102,1,167.7,859.4,295.7,118.10000000000002,1,1,1.0
102,2,1310.1,750.59,299.4000000000001,207.40999999999997,1,1,1.0
102,3,1260.2,579.7,305.39999999999986,190.69999999999993,1,1,1.0
102,4,414.2,548.9,65.80000000000001,60.80000000000007,1,1,0.0
102,5,418.3,810.7,279.99999999999994,162.5,1,1,1.0
102,6,249.9,648.1,251.99999999999997,192.10000000000002,1,1,1.0
102,7,1129.7,576.9,241.29999999999995,302.4,1,1,1.0
102,8,1597.6,608.9,38.100000000000136,111.60000000000002,1,1,0.0
102,9,718.4,502.8,214.70000000000005,314.90000000000003,1,1,1.0
103,10,432.4,950.2,291.9,147.29999999999995,1,1,1.0
103,1,190.8,837.4,270.3,140.10000000000002,1,1,1.0
103,2,1310.1,800.7,267.60000000000014,157.79999999999995,1,1,1.0
103,3,1261.7,579.7,304.20000000000005,195.19999999999993,1,1,1.0
103,4,263.0,552.0,182.5,214.70000000000005,1,1,0.0
103,5,416.7,812.8,280.00000000000006,160.4000000000001,1,1,1.0
103,6,252.0,633.4,249.89999999999998,212.60000000000002,1,1,1.0
103,7,1133.7,581.5,194.29999999999995,254.79999999999995,1,1,1.0
103,8,1599.4,608.9,37.5,111.60000000000002,1,1,0.0
103,9,644.6,600.7,314.1,196.0999999999999,1,1,1.0
104,10,331.7,979.4,307.7,112.60000000000002,1,1,1.0
104,1,167.7,864.0,291.1,114.70000000000005,1,1,1.0
104,2,1310.6,825.3,302.8000000000002,131.80000000000007,1,1,1.0
104,3,1304.7,574.4,292.0999999999999,237.39999999999998,1,1,1.0
104,4,280.3,662.9,101.39999999999998,186.5,1,1,0.0
104,5,427.2,799.7,269.50000000000006,178.19999999999993,1,1,1.0
104,6,252.0,646.5,250.39999999999998,202.10000000000002,1,1,1.0
104,7,1122.7,523.1,186.5999999999999,306.79999999999995,1,1,1.0
104,8,1600.5,608.9,36.40000000000009,111.60000000000002,1,1,0.0
104,9,612.7,670.8,271.69999999999993,119.20000000000005,1,1,1.0
105,10,291.4,969.7,354.20000000000005,114.70000000000005,1,1,1.0
105,1,173.5,855.3,284.7,122.80000000000007,1,1,1.0
105,2,1292.3,827.2,340.4000000000001,123.59999999999991,1,1,1.0
105,3,1294.1,544.2,283.9000000000001,229.19999999999993,1,1,1.0
105,4,273.5,662.9,112.39999999999998,184.89999999999998,1,1,0.0
105,5,433.0,792.4,264.20000000000005,187.60000000000002,1,1,1.0
105,6,255.1,655.9,247.29999999999998,195.80000000000007,1,1,1.0
105,7,1072.4,526.5,193.5,271.0,1,1,1.0
105,8,1597.61,608.9,38.79000000000019,109.89999999999998,1,1,0.0
105,9,636.8,673.9,228.80000000000007,124.5,1,1,1.0
106,10,215.9,978.7,311.6,109.89999999999986,1,1,1.0
106,1,189.1,839.7,273.20000000000005,140.0999999999999,1,1,1.0
106,2,1271.6,823.3,305.20000000000005,120.30000000000007,1,1,1.0
106,3,1244.4,583.4,331.29999999999995,174.89999999999998,1,1,1.0
106,4,268.3,668.7,117.59999999999997,126.79999999999995,1,1,0.0
106,5,439.3,810.2,293.49999999999994,183.39999999999998,1,1,1.0
106,6,257.2,623.5,245.2,236.0,1,1,1.0
106,7,1090.9,535.8,184.29999999999995,253.0,1,1,1.0
106,8,1597.61,608.9,40.49000000000001,109.30000000000007,1,1,0.0
106,9,583.9,671.8,272.30000000000007,110.90000000000009,1,1,1.0
107,10,152.0,982.2,313.0,102.89999999999986,1,1,1.0
107,1,172.9,864.6,287.1,111.69999999999993,1,1,1.0
107,2,1282.7,821.9,288.29999999999995,130.39999999999998,1,1,1.0
107,3,1235.4,590.9,348.5999999999999,172.70000000000005,1,1,1.0
107,4,264.6,672.9,121.29999999999995,134.10000000000002,1,1,1.0
107,5,500.0,880.8,317.6,127.5,1,1,1.0
107,6,257.2,643.3,245.2,212.5,1,1,1.0
107,7,1053.9,534.6,242.69999999999982,235.60000000000002,1,1,1.0
107,8,1597.61,607.9,38.49000000000001,110.30000000000007,1,1,0.0
107,9,494.4,687.0,279.1,180.5,1,1,1.0
108,10,163.6,977.8,293.1,107.29999999999995,1,1,1.0
108,1,172.9,864.6,288.29999999999995,111.69999999999993,1,1,1.0
108,2,1362.7,807.0,197.70000000000005,229.70000000000005,1,1,1.0
108,3,1257.3,578.6,330.5,191.79999999999995,1,1,1.0
108,4,253.1,667.1,133.79999999999998,133.60000000000002,1,1,1.0
108,5,650.18,733.8,275.82000000000005,288.1,1,1,1.0
108,6,257.2,623.4,245.2,232.39999999999998,1,1,1.0
108,7,1085.7,494.1,216.70000000000005,263.9,1,1,1.0
108,8,1596.4,608.2,36.799999999999955,110.0,1,1,0.0
108,9,479.2,703.7,200.09999999999997,240.5999999999999,1,1,1.0
109,10,154.4,979.1,300.20000000000005,104.30000000000007,1,1,1.0
109,1,183.3,855.9,276.7,121.0,1,1,1.0
109,2,1393.6,791.6,176.60000000000014,230.39999999999998,1,1,1.0
109,3,1287.4,566.7,285.29999999999995,212.69999999999993,1,1,1.0
109,4,241.6,668.7,145.29999999999998,129.89999999999998,1,1,1.0
109,5,716.1,729.1,229.79999999999995,328.9,1,1,1.0
109,6,255.6,623.4,246.79999999999998,232.39999999999998,1,1,1.0
109,7,1078.2,502.8,179.0999999999999,251.09999999999997,1,1,1.0
109,8,1602.2,608.9,35.899999999999864,109.30000000000007,1,1,0.0
109,9,487.0,673.4,130.60000000000002,270.5,1,1,1.0
110,10,169.4,945.5,282.6,147.20000000000005,1,1,1.0
110,1,311.2,750.0,143.0,291.70000000000005,1,1,1.0
110,2,908.84,653.6,395.86,171.10000000000002,1,1,1.0
110,3,1383.9,607.4,213.69999999999982,257.9,1,1,1.0
110,4,257.3,671.8,129.59999999999997,124.20000000000005,1,1,1.0
110,5,708.8,761.5,237.10000000000002,298.0999999999999,1,1,1.0
110,6,256.6,640.7,245.79999999999995,214.0999999999999,1,1,1.0
110,7,1077.0,520.2,219.5999999999999,257.5999999999999,1,1,1.0
110,8,1608.6,608.9,29.5,112.0,1,1,0.0
110,9,488.6,669.2,129.5,253.19999999999993,1,1,1.0
111,10,151.3,880.4,252.7,212.89999999999998,1,1,1.0
111,1,277.7,681.5,176.5,334.20000000000005,1,1,1.0
111,2,778.02,610.3,271.68000000000006,223.60000000000002,1,1,1.0
111,3,1385.4,606.6,164.0,294.19999999999993,1,1,1.0
111,4,258.3,669.7,128.59999999999997,131.0,1,1,0.0
111,5,706.2,764.2,239.69999999999993,283.39999999999986,1,1,1.0
111,6,257.6,637.6,244.79999999999995,218.19999999999993,1,1,1.0
111,7,1074.1,479.1,180.20000000000005,260.4,1,1,1.0
111,8,1591.2,611.2,41.5,109.89999999999998,1,1,0.0
111,9,488.6,668.0,136.79999999999995,260.20000000000005,1,1,1.0
112,10,144.0,867.4,249.0,233.39999999999998,1,1,1.0
112,1,310.4,674.2,141.20000000000005,309.0999999999999,1,1,1.0
112,2,733.0,602.0,284.20000000000005,243.60000000000002,1,1,1.0
112,3,1382.4,609.6,142.0999999999999,328.9,1,1,1.0
112,4,229.0,670.7,157.89999999999998,138.39999999999998,1,1,1.0
112,5,713.5,778.9,232.39999999999998,273.4,1,1,1.0
112,6,269.1,670.0,233.29999999999995,173.79999999999995,1,1,1.0
112,7,1076.4,537.5,231.0999999999999,218.20000000000005,1,1,1.0
112,8,1582.4,614.7,52.69999999999982,106.39999999999998,1,1,0.0
112,9,485.5,664.9,145.20000000000005,231.39999999999998,1,1,1.0
113,10,153.3,873.8,227.5,227.0,1,1,1.0
113,1,286.4,674.9,167.8,310.1,1,1,1.0
113,2,718.0,604.5,290.0,246.10000000000002,1,1,1.0
113,3,1381.6,609.6,140.60000000000014,334.19999999999993,1,1,1.0
113,4,207.5,671.2,179.39999999999998,130.0999999999999,1,1,1.0
113,5,710.9,720.8,235.0,331.5,1,1,1.0
113,6,287.9,608.3,288.80000000000007,188.9000000000001,1,1,1.0
113,7,1081.0,529.4,224.20000000000005,203.20000000000005,1,1,1.0
113,8,1606.9,604.3,28.5,119.10000000000002,1,1,0.0
113,9,485.4,679.2,150.5,234.39999999999998,1,1,1.0
114,10,150.4,872.1,243.1,235.60000000000002,1,1,1.0
114,1,297.5,671.3,156.7,310.20000000000005,1,1,1.0
114,2,736.3,604.5,276.70000000000005,245.29999999999995,1,1,1.0
114,3,1377.1,612.6,145.10000000000014,326.69999999999993,1,1,1.0
114,4,205.4,671.2,170.99999999999997,89.79999999999995,1,1,0.0
114,5,719.8,696.2,226.10000000000002,365.5,1,1,1.0
114,6,361.68,566.4,354.21999999999997,123.5,1,1,1.0
114,7,1089.1,525.9,218.4000000000001,199.20000000000005,1,1,1.0
114,8,1589.5,608.9,45.59999999999991,114.5,1,1,0.0
114,9,479.3,694.9,151.09999999999997,258.0,1,1,1.0
115,10,219.3,798.0,158.59999999999997,316.5999999999999,1,1,1.0
115,1,316.5,673.6,134.3,304.4,1,1,1.0
115,2,739.6,597.8,277.6,248.70000000000005,1,1,1.0
115,3,1359.8,619.4,226.4000000000001,276.9,1,1,1.0
115,4,241.0,512.6,200.3,228.5,1,1,0.0
115,5,719.8,691.5,226.10000000000002,369.70000000000005,1,1,1.0
115,6,429.2,556.5,261.09999999999997,131.29999999999995,1,1,1.0
115,7,1084.5,525.3,219.5,204.4000000000001,1,1,1.0
115,8,1590.5,611.8,44.09999999999991,111.60000000000002,1,1,0.0
115,9,484.5,683.4,146.70000000000005,241.30000000000007,1,1,1.0
116,10,225.1,767.7,147.00000000000003,323.20000000000005,1,1,1.0
116,1,294.25,675.9,159.55,299.80000000000007,1,1,1.0
116,2,742.1,600.1,279.29999999999995,243.10000000000002,1,1,1.0
116,3,1350.8,585.5,256.5,268.1,1,1,1.0
116,4,410.0,497.4,43.30000000000001,123.30000000000007,1,1,0.0
116,5,710.9,735.4,235.0,314.30000000000007,1,1,1.0
116,6,421.9,550.2,310.30000000000007,135.5,1,1,1.0
116,7,1088.6,528.2,231.0,192.79999999999995,1,1,1.0
116,8,1590.7,610.1,43.899999999999864,113.29999999999995,1,1,0.0
116,9,484.5,686.0,149.89999999999998,251.29999999999995,1,1,1.0
117,10,223.4,701.4,125.6,305.0,1,1,1.0
117,1,287.6,685.2,165.29999999999995,292.79999999999995,1,1,1.0
117,2,742.1,598.6,284.30000000000007,241.29999999999995,1,1,1.0
117,3,1358.3,576.5,245.9000000000001,268.6,1,1,1.0
117,4,409.5,517.47,38.56999999999999,104.10000000000002,1,1,0.0
117,5,699.9,775.7,255.39999999999998,267.70000000000005,1,1,1.0
117,6,424.5,503.1,321.79999999999995,169.0,1,1,1.0
117,7,1079.9,528.2,236.19999999999982,188.19999999999993,1,1,1.0
117,8,1593.0,607.2,42.09999999999991,116.19999999999993,1,1,0.0
117,9,482.4,682.9,141.5,254.39999999999998,1,1,1.0
118,10,239.3,685.5,99.59999999999997,309.29999999999995,1,1,1.0
118,1,314.2,693.3,140.0,287.0,1,1,1.0
118,2,722.9,604.4,306.80000000000007,233.0,1,1,1.0
118,3,1359.8,565.2,252.0,274.5999999999999,1,1,1.0
118,4,409.0,537.53,33.829999999999984,84.89999999999998,1,1,0.0
118,5,695.7,790.4,282.0999999999999,241.5000000000001,1,1,1.0
118,6,429.7,525.6,330.7,148.10000000000002,1,1,1.0
118,7,1079.3,528.2,238.0,191.69999999999993,1,1,1.0
118,8,1594.23,607.45,41.17000000000007,116.19999999999993,1,1,0.0
118,9,477.2,690.2,139.90000000000003,256.0,1,1,1.0
119,10,241.7,664.8,231.0,204.80000000000007,1,1,1.0
119,1,326.4,647.6,164.70000000000005,319.4,1,1,1.0
119,2,727.1,604.4,302.6,233.0,1,1,1.0
119,3,1362.8,560.7,249.60000000000014,280.4,1,1,1.0
119,4,408.5,557.6,29.100000000000023,65.69999999999993,1,1,0.0
119,5,689.4,791.4,287.9,232.10000000000002,1,1,1.0
119,6,427.6,529.3,366.79999999999995,143.4000000000001,1,1,1.0
119,7,1078.7,528.2,251.29999999999995,199.19999999999993,1,1,1.0
119,8,1591.8,607.2,43.600000000000136,114.5,1,1,0.0
119,9,474.0,699.1,136.20000000000005,273.29999999999995,1,1,1.0
