1,1,1750.6,732.7,270.20000000000005,270.19999999999993,1,1,1.0
1,2,1186.7,442.6,169.5,333.1,1,1,1.0
1,3,956.2,401.5,310.20000000000005,181.20000000000005,1,1,1.0
1,4,714.2,502.2,234.39999999999998,304.00000000000006,1,1,1.0
1,5,574.1,661.8,256.79999999999995,291.1,1,1,1.0
1,6,245.6,617.7,206.70000000000002,183.69999999999993,1,1,1.0
1,7,530.4,366.4,303.1,147.20000000000005,1,1,1.0
1,8,403.5,302.8,165.10000000000002,284.8,1,1,1.0
1,9,300.4,417.4,129.90000000000003,128.20000000000005,1,1,0.0
2,1,1750.6,716.5,274.3000000000002,309.0,1,1,1.0
2,2,1219.3,462.0,168.10000000000014,277.6,1,1,1.0
2,3,954.5,405.7,303.5999999999999,170.3,1,1,1.0
2,4,718.6,503.5,228.10000000000002,302.70000000000005,1,1,1.0
2,5,595.5,636.1,235.5,303.6,1,1,1.0
2,6,306.0,628.8,199.10000000000002,144.10000000000002,1,1,1.0
2,7,499.7,381.4,298.50000000000006,165.20000000000005,1,1,1.0
2,8,404.6,300.7,161.39999999999998,291.09999999999997,1,1,1.0
2,9,291.0,416.3,139.8,131.7,1,1,0.0
3,1,1750.6,704.3,238.4000000000001,361.70000000000005,1,1,1.0
3,2,1213.1,497.4,207.60000000000014,270.70000000000005,1,1,1.0
3,3,949.5,407.4,300.29999999999995,167.70000000000005,1,1,1.0
3,4,721.1,503.5,207.39999999999998,354.20000000000005,1,1,1.0
3,5,635.1,690.7,220.39999999999998,272.19999999999993,1,1,1.0
3,6,334.5,630.1,172.7,140.0,1,1,1.0
3,7,509.0,375.0,282.29999999999995,171.60000000000002,1,1,1.0
3,8,404.6,318.0,168.19999999999993,273.79999999999995,1,1,1.0
3,9,289.6,409.5,141.0,142.60000000000002,1,1,0.0
4,1,1750.6,696.2,236.70000000000005,391.79999999999995,1,1,1.0
4,2,1232.5,493.9,159.79999999999995,309.6,1,1,1.0
4,3,955.3,407.4,292.79999999999995,171.0,1,1,1.0
4,4,729.9,511.7,217.39999999999998,339.7,1,1,1.0
4,5,632.6,675.6,208.5,286.0,1,1,1.0
4,6,300.5,632.8,204.60000000000002,192.9000000000001,1,1,1.0
4,7,503.8,384.8,298.49999999999994,176.3,1,1,1.0
4,8,408.8,293.9,144.09999999999997,293.70000000000005,1,1,1.0
4,9,300.7,419.56,131.10000000000002,131.33999999999997,1,1,0.0
5,1,1750.6,691.3,236.70000000000005,396.0,1,1,1.0
5,2,1245.0,502.9,182.0,358.9,1,1,1.0
5,3,955.3,407.4,299.5,171.0,1,1,1.0
5,4,729.9,505.4,211.10000000000002,329.70000000000005,1,1,1.0
5,5,637.6,677.5,199.69999999999993,278.4,1,1,1.0
5,6,374.0,611.4,178.60000000000002,157.60000000000002,1,1,1.0
5,7,501.5,394.1,337.79999999999995,191.89999999999998,1,1,1.0
5,8,405.7,313.3,162.40000000000003,294.7,1,1,1.0
5,9,287.7,408.6,137.8,126.39999999999998,1,1,0.0
6,1,1750.6,686.4,237.4000000000001,413.4,1,1,1.0
6,2,1242.2,516.8,177.20000000000005,310.30000000000007,1,1,1.0
6,3,950.3,420.7,307.0,148.50000000000006,1,1,1.0
6,4,723.0,501.0,231.79999999999995,315.9,1,1,1.0
6,5,700.4,683.8,140.70000000000005,284.70000000000005,1,1,1.0
6,6,381.5,614.9,179.20000000000005,154.10000000000002,1,1,1.0
6,7,560.5,397.6,271.29999999999995,172.19999999999993,1,1,1.0
6,8,399.9,330.1,160.89999999999998,290.5,1,1,1.0
6,9,291.1,411.9,129.59999999999997,121.30000000000007,1,1,0.0
7,1,1750.6,680.2,232.5,418.89999999999986,1,1,1.0
7,2,1186.6,534.2,256.4000000000001,273.5,1,1,1.0
7,3,945.3,422.4,308.70000000000005,149.30000000000007,1,1,1.0
7,4,710.4,504.8,244.39999999999998,288.90000000000003,1,1,1.0
7,5,686.6,686.3,155.79999999999995,261.5,1,1,1.0
7,6,343.4,622.4,231.20000000000005,188.80000000000007,1,1,1.0
7,7,565.1,313.1,226.79999999999995,249.79999999999995,1,1,1.0
7,8,390.5,349.5,170.29999999999995,255.39999999999998,1,1,1.0
7,9,295.7,404.3,124.0,120.99999999999994,1,1,0.0
8,1,1750.6,681.6,225.60000000000014,399.4,1,1,1.0
8,2,1151.9,570.3,306.39999999999986,220.70000000000005,1,1,1.0
8,3,937.8,425.7,344.5,146.8,1,1,1.0
8,4,702.2,504.8,253.89999999999998,273.8,1,1,1.0
8,5,684.7,719.6,157.69999999999993,225.69999999999993,1,1,1.0
8,6,278.0,664.1,228.3,152.89999999999998,1,1,1.0
8,7,567.4,285.3,145.20000000000005,246.90000000000003,1,1,1.0
8,8,386.3,353.7,174.49999999999994,244.90000000000003,1,1,1.0
8,9,286.2,404.7,133.5,119.09999999999997,1,1,0.0
9,1,1750.6,691.3,227.0,401.5,1,1,1.0
9,2,1160.9,569.6,303.0,240.10000000000002,1,1,1.0
9,3,942.8,443.2,359.5,141.8,1,1,1.0
9,4,697.2,523.6,274.5999999999999,253.10000000000002,1,1,1.0
9,5,683.4,723.4,156.5,216.89999999999998,1,1,1.0
9,6,391.4,647.9,177.39999999999998,165.60000000000002,1,1,1.0
9,7,580.1,316.6,173.60000000000002,246.29999999999995,1,1,1.0
9,8,390.0,350.6,166.60000000000002,248.0,1,1,1.0
9,9,293.6,405.9,126.09999999999997,120.39999999999998,1,1,0.0
10,1,1750.6,699.6,231.9000000000001,386.30000000000007,1,1,1.0
10,2,1160.9,566.8,298.79999999999995,242.9000000000001,1,1,1.0
10,3,1058.6,450.7,378.70000000000005,151.8,1,1,1.0
10,4,697.2,521.1,272.69999999999993,255.60000000000002,1,1,1.0
10,5,668.9,717.1,171.0,238.29999999999995,1,1,1.0
10,6,397.7,646.2,168.8,167.29999999999995,1,1,1.0
10,7,599.8,301.0,152.70000000000005,235.29999999999995,1,1,1.0
10,8,390.0,328.1,163.5,264.19999999999993,1,1,1.0
10,9,293.1,405.9,126.59999999999997,125.80000000000007,1,1,0.0
11,1,1750.6,692.7,282.60000000000014,318.9,1,1,1.0
11,2,1179.6,600.1,303.70000000000005,185.29999999999995,1,1,1.0
11,3,1158.6,495.7,395.4000000000001,127.59999999999997,1,1,1.0
11,4,695.9,521.1,248.89999999999998,268.19999999999993,1,1,1.0
11,5,670.2,702.6,169.69999999999993,257.19999999999993,1,1,1.0
11,6,399.4,647.9,169.39999999999998,163.89999999999998,1,1,1.0
11,7,604.4,314.9,166.0,231.80000000000007,1,1,1.0
11,8,393.7,317.1,158.8,269.4,1,1,1.0
11,9,286.7,399.5,133.0,133.0,1,1,0.0
12,1,1750.6,726.7,253.4000000000001,274.5,1,1,1.0
12,2,1135.2,552.17,307.79999999999995,206.83000000000004,1,1,1.0
12,3,1287.8,495.7,299.60000000000014,213.40000000000003,1,1,1.0
12,4,699.7,518.6,240.69999999999993,265.0,1,1,1.0
12,5,670.2,717.0,169.69999999999993,265.4,1,1,1.0
12,6,402.3,649.1,168.2,160.39999999999998,1,1,1.0
12,7,603.2,314.9,153.29999999999995,234.70000000000005,1,1,1.0
12,8,396.3,314.5,156.7,273.0,1,1,1.0
12,9,314.4,383.0,106.10000000000002,154.39999999999998,1,1,0.0
13,1,1750.6,736.4,304.0999999999999,264.80000000000007,1,1,1.0
13,2,1081.7,543.8,282.0999999999999,241.60000000000002,1,1,1.0
13,3,1329.5,480.7,266.20000000000005,219.2,1,1,1.0
13,4,705.4,514.8,247.60000000000002,268.80000000000007,1,1,1.0
13,5,597.4,700.0,244.39999999999998,234.70000000000005,1,1,1.0
13,6,402.9,646.8,167.0,165.0,1,1,1.0
13,7,604.9,321.8,156.80000000000007,226.59999999999997,1,1,1.0
13,8,395.3,319.2,168.2,267.8,1,1,1.0
13,9,303.5,383.0,117.0,146.39999999999998,1,1,0.0
14,1,1726.3,784.3,308.29999999999995,228.70000000000005,1,1,1.0
14,2,1025.5,490.3,257.0999999999999,218.7,1,1,1.0
14,3,1315.3,520.7,282.10000000000014,185.79999999999995,1,1,1.0
14,4,699.7,512.9,248.89999999999998,288.30000000000007,1,1,1.0
14,5,396.5,806.7,292.70000000000005,141.79999999999995,1,1,1.0
14,6,402.9,646.8,167.0,162.70000000000005,1,1,1.0
14,7,599.7,339.2,162.0,209.8,1,1,1.0
14,8,396.35,318.7,158.85000000000002,270.90000000000003,1,1,1.0
14,9,304.1,393.55,118.19999999999999,143.84999999999997,1,1,0.0
15,1,1673.5,782.9,354.20000000000005,189.80000000000007,1,1,1.0
15,2,1013.7,491.7,276.5,199.90000000000003,1,1,1.0
15,3,1293.6,535.7,303.8000000000002,157.5,1,1,1.0
15,4,712.3,503.5,230.60000000000002,324.1,1,1,1.0
15,5,348.8,815.5,216.09999999999997,130.5,1,1,1.0
15,6,402.9,648.0,169.30000000000007,163.20000000000005,1,1,1.0
15,7,592.2,331.1,185.69999999999993,220.19999999999993,1,1,1.0
15,8,398.4,318.2,157.80000000000007,270.40000000000003,1,1,1.0
15,9,311.5,399.8,110.25,140.99999999999994,1,1,0.0
16,1,1679.7,763.5,359.0999999999999,200.20000000000005,1,1,1.0
16,2,942.9,488.2,298.69999999999993,182.59999999999997,1,1,1.0
16,3,1301.9,538.2,295.5,157.5,1,1,1.0
16,4,723.0,510.4,223.0,321.0,1,1,1.0
16,5,335.0,799.8,189.10000000000002,137.4000000000001,1,1,1.0
16,6,406.4,648.0,169.89999999999998,159.10000000000002,1,1,1.0
16,7,591.0,328.8,182.79999999999995,220.8,1,1,1.0
16,8,398.4,318.7,164.60000000000002,269.90000000000003,1,1,1.0
16,9,297.6,390.6,124.77999999999997,147.19999999999993,1,1,0.0
17,1,1748.4,744.8,290.39999999999986,210.60000000000002,1,1,1.0
17,2,890.8,429.2,243.9000000000001,285.3,1,1,1.0
17,3,1296.9,540.7,300.5,156.69999999999993,1,1,1.0
17,4,724.3,510.4,223.0,323.5,1,1,1.0
17,5,328.7,800.4,204.2,135.5,1,1,1.0
17,6,404.7,647.4,171.59999999999997,157.39999999999998,1,1,1.0
17,7,597.4,332.3,181.0,220.8,1,1,1.0
17,8,396.8,321.9,171.99999999999994,268.80000000000007,1,1,1.0
17,9,311.66,390.54,111.33999999999997,146.16000000000003,1,1,0.0
18,1,1769.9,740.6,264.6999999999998,203.0,1,1,1.0
18,2,895.0,440.3,228.5999999999999,304.8,1,1,1.0
18,3,1316.1,530.7,281.3000000000002,190.89999999999998,1,1,1.0
18,4,725.6,503.5,219.19999999999993,319.1,1,1,1.0
18,5,337.5,789.7,183.5,131.0999999999999,1,1,1.0
18,6,403.5,647.4,171.60000000000002,159.70000000000005,1,1,1.0
18,7,606.7,313.8,142.79999999999995,239.3,1,1,1.0
18,8,396.8,316.66,176.7,270.8999999999999,1,1,1.0
18,9,313.7,393.4,109.86000000000001,135.0,1,1,0.0
19,1,1756.0,748.9,271.70000000000005,201.70000000000005,1,1,1.0
19,2,895.7,433.4,225.79999999999995,291.6,1,1,1.0
19,3,1342.8,519.0,252.10000000000014,233.39999999999998,1,1,1.0
19,4,716.8,504.8,231.10000000000002,298.99999999999994,1,1,1.0
19,5,330.6,789.7,189.10000000000002,128.0,1,1,1.0
19,6,403.5,646.2,173.29999999999995,159.69999999999993,1,1,1.0
19,7,602.6,326.5,171.19999999999993,221.89999999999998,1,1,1.0
19,8,396.8,318.2,185.09999999999997,269.35999999999996,1,1,1.0
19,9,303.9,394.31,120.27000000000004,144.29000000000002,1,1,0.0
20,1,1747.7,748.9,280.0,197.5,1,1,1.0
20,2,895.7,429.2,222.29999999999995,295.8,1,1,1.0
20,3,1342.8,519.0,252.10000000000014,263.4,1,1,1.0
20,4,710.5,510.5,241.79999999999995,286.4,1,1,1.0
20,5,308.0,789.7,206.0,132.39999999999998,1,1,1.0
20,6,406.4,647.9,169.20000000000005,161.5,1,1,1.0
20,7,566.1,319.6,188.60000000000002,224.79999999999995,1,1,1.0
20,8,396.8,315.6,188.8,270.4,1,1,1.0
20,9,314.1,396.2,110.69,151.40000000000003,1,1,0.0
21,1,1739.4,748.9,309.0999999999999,196.10000000000002,1,1,1.0
21,2,898.5,428.5,221.5999999999999,294.4,1,1,1.0
21,3,1352.0,523.2,237.0,235.0,1,1,1.0
21,4,711.8,506.1,238.0,286.4,1,1,1.0
21,5,270.3,720.0,208.5,198.39999999999998,1,1,1.0
21,6,404.1,647.8,171.5,166.80000000000007,1,1,1.0
21,7,554.5,311.5,166.10000000000002,196.39999999999998,1,1,1.0
21,8,396.3,329.7,166.8,259.40000000000003,1,1,1.0
21,9,310.35,395.1,115.04999999999995,140.60000000000002,1,1,0.0
22,1,1739.4,748.2,323.0,196.0999999999999,1,1,1.0
22,2,898.5,423.6,219.5,292.4,1,1,1.0
22,3,1423.7,534.9,133.70000000000005,350.80000000000007,1,1,1.0
22,4,706.8,504.2,234.20000000000005,305.3,1,1,1.0
22,5,238.9,581.85,153.20000000000002,322.75,1,1,1.0
22,6,408.7,649.0,166.90000000000003,199.20000000000005,1,1,1.0
22,7,555.1,311.5,167.19999999999993,194.10000000000002,1,1,1.0
22,8,397.3,326.6,169.49999999999994,264.6,1,1,1.0
22,9,306.0,389.79,118.02999999999997,143.45999999999998,1,1,0.0
23,1,1739.4,748.9,282.0,187.10000000000002,1,1,1.0
23,2,898.5,427.8,219.5,286.09999999999997,1,1,1.0
23,3,1385.4,659.1,191.19999999999982,352.4,1,1,1.0
23,4,712.5,503.6,224.10000000000002,296.5,1,1,1.0
23,5,235.8,507.2,148.09999999999997,325.8,1,1,1.0
23,6,352.5,694.7,202.79999999999995,195.19999999999993,1,1,1.0
23,7,555.1,310.9,168.39999999999998,187.20000000000005,1,1,1.0
23,8,397.3,324.5,169.49999999999994,265.1,1,1,1.0
23,9,314.0,390.55,110.42000000000002,143.11999999999995,1,1,0.0
24,1,1721.3,743.3,364.0000000000002,191.30000000000007,1,1,1.0
24,2,899.2,430.6,223.0,277.0,1,1,1.0
24,3,1389.6,672.4,172.0,342.4,1,1,1.0
24,4,704.3,506.7,238.0,273.3,1,1,1.0
24,5,233.9,517.9,172.6,293.70000000000005,1,1,1.0
24,6,452.0,669.2,180.29999999999995,172.0999999999999,1,1,1.0
24,7,553.9,309.2,170.80000000000007,187.2,1,1,1.0
24,8,399.9,318.2,163.20000000000005,269.3,1,1,1.0
24,9,306.1,391.3,118.71999999999997,142.8,1,1,0.0
25,1,1715.0,744.7,343.9000000000001,198.19999999999993,1,1,1.0
25,2,899.2,430.6,226.5,272.79999999999995,1,1,1.0
25,3,1386.3,693.2,178.60000000000014,349.89999999999986,1,1,1.0
25,4,701.8,509.2,259.30000000000007,284.59999999999997,1,1,1.0
25,5,235.8,522.9,159.39999999999998,286.80000000000007,1,1,1.0
25,6,461.3,668.0,177.40000000000003,175.60000000000002,1,1,1.0
25,7,553.9,310.9,175.39999999999998,178.0,1,1,1.0
25,8,398.3,326.6,157.49999999999994,260.9,1,1,1.0
25,9,308.9,395.83,116.31,133.37000000000006,1,1,0.0
26,1,1712.2,741.9,328.5999999999999,226.0,1,1,1.0
26,2,888.8,436.2,249.4000000000001,238.00000000000006,1,1,1.0
26,3,1386.3,719.9,229.4000000000001,316.5000000000001,1,1,1.0
26,4,710.0,504.8,237.89999999999998,311.59999999999997,1,1,1.0
26,5,237.8,517.9,154.3,291.80000000000007,1,1,1.0
26,6,460.7,666.8,177.40000000000003,187.80000000000007,1,1,1.0
26,7,553.3,312.1,179.5,171.0,1,1,1.0
26,8,403.0,330.3,150.20000000000005,261.90000000000003,1,1,1.0
26,9,319.4,396.9,106.20000000000005,140.5,1,1,0.0
27,1,1705.3,750.2,345.20000000000005,181.5999999999999,1,1,1.0
27,2,888.8,438.3,259.10000000000014,240.8,1,1,1.0
27,3,1369.6,747.4,256.9000000000001,272.30000000000007,1,1,1.0
27,4,719.4,502.3,225.89999999999998,321.59999999999997,1,1,1.0
27,5,235.9,509.7,128.6,300.00000000000006,1,1,1.0
27,6,462.4,662.7,177.39999999999998,176.29999999999995,1,1,1.0
27,7,527.8,308.0,202.70000000000005,173.89999999999998,1,1,1.0
27,8,403.0,330.8,150.70000000000005,261.40000000000003,1,1,1.0
27,9,305.0,403.0,117.89999999999998,143.70000000000005,1,1,0.0
28,1,1702.5,750.2,333.4000000000001,193.39999999999998,1,1,1.0
28,2,893.0,438.3,254.9000000000001,244.3,1,1,1.0
28,3,1371.7,746.0,229.0,277.0,1,1,1.0
28,4,724.4,504.8,227.30000000000007,319.7,1,1,1.0
28,5,235.3,504.7,127.30000000000001,305.00000000000006,1,1,1.0
28,6,463.0,659.2,176.20000000000005,178.5999999999999,1,1,1.0
28,7,524.3,303.9,206.80000000000007,172.8,1,1,1.0
28,8,403.5,324.5,149.70000000000005,264.6,1,1,1.0
28,9,315.0,401.4,106.19999999999999,143.39999999999998,1,1,0.0
29,1,1702.5,749.5,335.5,199.70000000000005,1,1,1.0
29,2,894.4,438.3,246.60000000000002,295.7,1,1,1.0
29,3,1368.9,749.5,226.89999999999986,292.20000000000005,1,1,1.0
29,4,721.3,504.2,227.9000000000001,319.7,1,1,1.0
29,5,237.8,504.7,124.19999999999999,306.3,1,1,1.0
29,6,461.3,662.7,182.49999999999994,173.89999999999998,1,1,1.0
29,7,529.5,305.1,210.89999999999998,170.39999999999998,1,1,1.0
29,8,410.3,329.2,140.7,256.8,1,1,1.0
29,9,317.0,397.7,100.5,147.50000000000006,1,1,0.0
30,1,1702.5,718.9,342.4000000000001,226.80000000000007,1,1,1.0
30,2,895.1,441.0,243.80000000000007,286.1,1,1,1.0
30,3,1368.9,758.5,245.69999999999982,284.5999999999999,1,1,1.0
30,4,721.9,499.8,224.20000000000005,301.49999999999994,1,1,1.0
30,5,232.8,462.0,129.2,336.4,1,1,1.0
30,6,459.6,662.7,182.5,170.39999999999998,1,1,1.0
30,7,537.0,303.9,205.10000000000002,173.90000000000003,1,1,1.0
30,8,412.9,318.7,137.20000000000005,269.40000000000003,1,1,1.0
30,9,306.8,383.2,109.30000000000001,139.00000000000006,1,1,0.0
31,1,1715.0,693.9,325.0,270.5,1,1,1.0
31,2,897.2,443.1,236.79999999999995,278.4,1,1,1.0
31,3,1363.3,786.3,267.20000000000005,265.79999999999995,1,1,1.0
31,4,717.5,501.1,238.60000000000002,304.0,1,1,1.0
31,5,223.4,454.5,139.20000000000002,234.60000000000002,1,1,1.0
31,6,459.6,667.9,187.10000000000002,176.20000000000005,1,1,1.0
31,7,540.5,306.8,200.39999999999998,168.7,1,1,1.0
31,8,406.1,317.7,144.0,269.40000000000003,1,1,1.0
31,9,319.3,384.8,97.89999999999998,121.69999999999999,1,1,0.0
32,1,1845.5,651.5,252.9000000000001,306.70000000000005,1,1,1.0
32,2,897.2,442.4,239.5999999999999,274.9,1,1,1.0
32,3,1352.2,771.7,251.20000000000005,235.19999999999993,1,1,1.0
32,4,716.2,496.1,231.0999999999999,304.0,1,1,1.0
32,5,220.9,447.0,132.29999999999998,203.20000000000005,1,1,1.0
32,6,459.6,668.5,188.79999999999995,165.79999999999995,1,1,1.0
32,7,554.4,311.4,192.30000000000007,165.3,1,1,1.0
32,8,403.0,317.7,157.0,274.09999999999997,1,1,1.0
32,9,309.2,398.7,102.19999999999999,115.50000000000006,1,1,0.0
33,1,1896.9,627.9,206.4000000000001,325.4,1,1,1.0
33,2,897.2,436.2,231.29999999999995,279.00000000000006,1,1,1.0
33,3,1354.3,773.1,285.9000000000001,234.5,1,1,1.0
33,4,713.1,492.3,241.69999999999993,303.40000000000003,1,1,1.0
33,5,212.7,447.0,133.60000000000002,207.60000000000002,1,1,1.0
33,6,459.6,666.8,187.10000000000002,167.5,1,1,1.0
33,7,555.0,309.1,188.79999999999995,170.5,1,1,1.0
33,8,401.3,317.7,150.3,271.00000000000006,1,1,1.0
33,9,309.5,393.9,101.19999999999999,148.32000000000005,1,1,0.0
34,1,1908.0,606.4,205.0,363.6,1,1,1.0
34,2,896.5,432.0,230.5999999999999,289.4,1,1,1.0
34,3,1350.1,771.7,260.9000000000001,254.70000000000005,1,1,1.0
34,4,710.6,503.6,251.10000000000002,282.1,1,1,1.0
34,5,212.7,455.2,133.60000000000002,195.00000000000006,1,1,1.0
34,6,429.5,664.5,216.60000000000002,201.0,1,1,1.0
34,7,555.0,309.1,185.29999999999995,170.5,1,1,1.0
34,8,407.5,324.0,144.10000000000002,274.1,1,1,1.0
34,9,317.1,402.3,92.89999999999998,140.56,1,1,0.0
35,1,1918.4,587.7,194.5999999999999,359.4,1,1,1.0
35,2,897.9,427.8,223.60000000000002,294.99999999999994,1,1,1.0
35,3,1364.7,753.0,206.70000000000005,251.89999999999998,1,1,1.0
35,4,699.3,511.1,269.9000000000001,268.29999999999995,1,1,1.0
35,5,203.3,444.5,142.39999999999998,205.70000000000005,1,1,1.0
35,6,369.9,725.3,245.5,176.60000000000002,1,1,1.0
35,7,555.0,310.3,181.20000000000005,171.59999999999997,1,1,1.0
35,8,415.5,314.6,150.20000000000005,260.5,1,1,1.0
35,9,308.7,397.12,115.38,146.38,1,1,0.0
36,1,1946.2,508.5,166.79999999999995,374.70000000000005,1,1,1.0
36,2,897.9,432.7,229.89999999999998,288.00000000000006,1,1,1.0
36,3,1357.8,706.5,147.60000000000014,304.70000000000005,1,1,1.0
36,4,691.1,511.1,271.19999999999993,277.69999999999993,1,1,1.0
36,5,203.3,448.9,142.39999999999998,203.20000000000005,1,1,1.0
36,6,512.2,687.7,198.0999999999999,161.5,1,1,1.0
36,7,555.0,312.6,179.39999999999998,172.2,1,1,1.0
36,8,415.2,316.7,152.59999999999997,252.09999999999997,1,1,1.0
36,9,310.11,397.76,114.13,152.44000000000005,1,1,0.0
37,1,1976.1,481.4,149.4000000000001,387.20000000000005,1,1,1.0
37,2,900.0,432.7,227.79999999999995,285.2,1,1,1.0
37,3,1357.1,710.7,155.20000000000005,299.79999999999995,1,1,1.0
37,4,694.2,509.9,253.0,273.9,1,1,1.0
37,5,203.9,452.7,142.4,205.09999999999997,1,1,1.0
37,6,517.4,683.1,205.10000000000002,156.89999999999998,1,1,1.0
37,7,555.0,308.0,177.70000000000005,174.5,1,1,1.0
37,8,420.9,312.0,134.30000000000007,257.79999999999995,1,1,1.0
37,9,310.4,398.4,114.0,146.70000000000005,1,1,0.0
38,1,1971.2,526.5,145.99999999999977,322.70000000000005,1,1,1.0
38,2,886.8,438.3,250.70000000000005,224.09999999999997,1,1,1.0
38,3,1362.0,735.0,242.0,271.29999999999995,1,1,1.0
38,4,681.6,521.8,283.19999999999993,250.70000000000005,1,1,1.0
38,5,203.9,442.7,145.49999999999997,214.50000000000006,1,1,1.0
38,6,521.4,676.2,210.39999999999998,164.39999999999998,1,1,1.0
38,7,555.0,310.3,179.5,176.2,1,1,1.0
38,8,416.2,304.7,137.90000000000003,272.90000000000003,1,1,1.0
38,9,308.3,396.5,115.65999999999997,146.79999999999995,1,1,0.0
39,1,1968.4,520.3,149.5,336.5,1,1,1.0
39,2,877.8,439.7,270.10000000000014,216.50000000000006,1,1,1.0
39,3,1350.2,772.5,255.89999999999986,226.20000000000005,1,1,1.0
39,4,685.4,513.0,270.6,261.4,1,1,1.0
39,5,202.6,452.7,147.4,203.90000000000003,1,1,1.0
39,6,519.1,673.9,204.0,169.60000000000002,1,1,1.0
39,7,555.0,310.9,180.10000000000002,171.5,1,1,1.0
39,8,415.2,281.2,138.40000000000003,312.09999999999997,1,1,1.0
39,9,315.5,393.1,108.60000000000002,148.29999999999995,1,1,0.0
40,1,1965.6,531.4,148.0999999999999,326.1,1,1,1.0
40,2,867.4,443.9,286.1,205.39999999999998,1,1,1.0
40,3,1332.1,787.1,284.4000000000001,213.69999999999993,1,1,1.0
40,4,689.8,512.4,267.5,282.1,1,1,1.0
40,5,203.9,449.6,146.1,213.29999999999995,1,1,1.0
40,6,518.5,677.4,204.60000000000002,169.0,1,1,1.0
40,7,544.0,309.7,195.10000000000002,176.10000000000002,1,1,1.0
40,8,414.2,287.5,139.90000000000003,305.79999999999995,1,1,1.0
40,9,315.7,399.2,109.69999999999999,137.90000000000003,1,1,0.0
41,1,1964.9,512.0,148.0999999999999,342.70000000000005,1,1,1.0
41,2,893.8,441.1,243.70000000000005,289.4,1,1,1.0
41,3,1332.1,794.7,272.60000000000014,206.0999999999999,1,1,1.0
41,4,703.0,508.0,246.10000000000002,301.6,1,1,1.0
41,5,175.0,444.6,185.0,230.89999999999998,1,1,1.0
41,6,517.3,676.2,202.30000000000007,172.5,1,1,1.0
41,7,556.2,309.7,189.29999999999995,176.2,1,1,1.0
41,8,414.2,271.3,138.40000000000003,326.2,1,1,1.0
41,9,305.9,397.2,125.20000000000005,133.50000000000006,1,1,0.0
42,1,1961.4,500.9,139.0999999999999,332.30000000000007,1,1,1.0
42,2,898.0,441.1,239.5,281.1,1,1,1.0
42,3,1332.1,786.4,260.10000000000014,211.60000000000002,1,1,1.0
42,4,711.2,503.0,235.39999999999998,305.29999999999995,1,1,1.0
42,5,192.0,454.0,225.10000000000002,160.0,1,1,1.0
42,6,456.5,709.2,230.70000000000005,201.39999999999998,1,1,1.0
42,7,541.2,312.0,200.19999999999993,178.5,1,1,1.0
42,8,413.7,280.7,139.40000000000003,312.09999999999997,1,1,1.0
42,9,327.4,400.2,106.20000000000005,127.19999999999999,1,1,0.0
43,1,1959.3,498.8,145.39999999999986,337.2,1,1,1.0
43,2,900.8,439.0,229.79999999999995,257.5,1,1,1.0
43,3,1323.8,791.3,289.20000000000005,206.70000000000005,1,1,1.0
43,4,709.9,504.3,240.5,313.99999999999994,1,1,1.0
43,5,230.3,463.4,147.89999999999998,266.80000000000007,1,1,1.0
43,6,411.4,710.4,256.1,195.60000000000002,1,1,1.0
43,7,541.2,305.1,196.0999999999999,184.2,1,1,1.0
43,8,413.7,279.7,139.90000000000003,313.59999999999997,1,1,1.0
43,9,318.6,393.7,114.59999999999997,124.90000000000003,1,1,0.0
44,1,1955.8,503.7,147.50000000000023,334.40000000000003,1,1,1.0
44,2,902.2,437.6,228.39999999999986,270.0,1,1,1.0
44,3,1321.7,794.1,289.20000000000005,203.19999999999993,1,1,1.0
44,4,719.9,502.4,221.10000000000002,314.0,1,1,1.0
44,5,225.3,538.1,147.89999999999998,281.9,1,1,1.0
44,6,505.7,684.9,202.3,182.89999999999998,1,1,1.0
44,7,537.7,304.5,198.39999999999998,183.60000000000002,1,1,1.0
44,8,413.7,275.0,139.90000000000003,318.79999999999995,1,1,1.0
44,9,315.7,388.8,114.60000000000002,131.09999999999997,1,1,0.0
45,1,1956.5,500.2,146.80000000000018,340.7,1,1,1.0
45,2,896.6,439.7,242.30000000000007,277.7,1,1,1.0
45,3,1341.8,775.4,276.70000000000005,253.10000000000002,1,1,1.0
45,4,725.6,495.5,217.29999999999995,316.5,1,1,1.0
45,5,215.9,548.1,153.6,302.69999999999993,1,1,1.0
45,6,487.8,652.5,206.90000000000003,251.20000000000005,1,1,1.0
45,7,542.3,306.8,195.0,183.0,1,1,1.0
45,8,418.9,271.3,134.70000000000005,322.49999999999994,1,1,1.0
45,9,325.8,393.45,105.19999999999999,127.34999999999997,1,1,0.0
46,1,1956.5,508.5,147.5,340.70000000000005,1,1,1.0
46,2,899.4,439.7,236.0000000000001,299.2,1,1,1.0
46,3,1344.6,789.3,276.70000000000005,240.60000000000014,1,1,1.0
46,4,723.7,496.8,227.39999999999998,315.8,1,1,1.0
46,5,218.4,538.7,154.20000000000002,333.4,1,1,1.0
46,6,502.8,658.3,129.40000000000003,297.5,1,1,1.0
46,7,537.7,306.8,199.5999999999999,185.3,1,1,1.0
46,8,419.4,285.9,127.89999999999998,307.9,1,1,1.0
46,9,312.4,393.77,117.30000000000001,126.33000000000004,1,1,0.0
47,1,1956.5,507.1,147.5,338.6,1,1,1.0
47,2,900.8,441.1,231.79999999999995,275.6,1,1,1.0
47,3,1344.6,790.7,289.20000000000005,237.79999999999995,1,1,1.0
47,4,719.3,498.1,226.80000000000007,306.29999999999995,1,1,1.0
47,5,211.5,603.4,158.60000000000002,304.5,1,1,1.0
47,6,494.1,594.0,150.29999999999995,234.5,1,1,1.0
47,7,547.0,309.1,190.29999999999995,181.29999999999995,1,1,1.0
47,8,411.0,300.6,140.0,294.19999999999993,1,1,1.0
47,9,320.1,394.1,110.69999999999999,126.5,1,1,0.0
48,1,1959.3,490.4,139.10000000000014,330.30000000000007,1,1,1.0
48,2,899.4,441.1,238.10000000000002,280.5,1,1,1.0
48,3,1334.2,792.8,266.29999999999995,224.60000000000002,1,1,1.0
48,4,710.5,500.6,240.20000000000005,295.6,1,1,1.0
48,5,219.7,609.1,151.0,281.19999999999993,1,1,1.0
48,6,492.4,583.0,149.10000000000002,247.20000000000005,1,1,1.0
48,7,541.2,307.4,196.0999999999999,183.0,1,1,1.0
48,8,405.8,291.2,152.99999999999994,292.09999999999997,1,1,1.0
48,9,325.1,390.3,108.5,131.3,1,1,0.0
49,1,1960.0,494.6,134.19999999999982,327.5,1,1,1.0
49,2,899.4,441.8,236.0000000000001,281.2,1,1,1.0
49,3,1330.0,797.0,270.5,218.29999999999995,1,1,1.0
49,4,707.5,502.1,253.70000000000005,291.79999999999995,1,1,1.0
49,5,224.7,612.9,146.0,274.30000000000007,1,1,1.0
49,6,490.7,575.5,149.59999999999997,243.13,1,1,1.0
49,7,555.1,306.8,182.19999999999993,180.7,1,1,1.0
49,8,405.8,302.2,154.99999999999994,284.2,1,1,1.0
49,9,307.5,395.2,126.5,127.00000000000006,1,1,0.0
50,1,1958.6,498.8,135.5999999999999,325.40000000000003,1,1,1.0
50,2,900.8,443.9,234.60000000000014,281.20000000000005,1,1,1.0
50,3,1327.2,794.2,253.89999999999986,221.0999999999999,1,1,1.0
50,4,707.5,502.1,246.20000000000005,285.0,1,1,1.0
50,5,222.2,560.2,148.5,330.79999999999995,1,1,1.0
50,6,484.9,573.8,151.89999999999998,252.9000000000001,1,1,1.0
50,7,555.1,309.7,182.19999999999993,177.8,1,1,1.0
50,8,419.9,304.8,139.89999999999998,285.8,1,1,1.0
50,9,320.0,396.63,116.89999999999998,125.37,1,1,0.0
51,1,1958.6,503.0,134.9000000000001,322.6,1,1,1.0
51,2,900.8,443.2,234.60000000000014,259.00000000000006,1,1,1.0
51,3,1344.6,776.1,233.70000000000005,239.19999999999993,1,1,1.0
51,4,702.2,502.9,263.5999999999999,283.4,1,1,1.0
51,5,214.7,648.7,252.10000000000002,238.5,1,1,1.0
51,6,484.9,573.8,153.10000000000002,255.20000000000005,1,1,1.0
51,7,557.4,310.9,173.5,185.90000000000003,1,1,1.0
51,8,421.5,301.7,137.29999999999995,288.40000000000003,1,1,1.0
51,9,316.3,397.0,119.77999999999997,124.79999999999995,1,1,0.0
52,1,1958.6,514.8,134.9000000000001,312.20000000000005,1,1,1.0
52,2,898.0,446.7,248.5,238.8,1,1,1.0
52,3,1327.2,775.4,251.0999999999999,239.89999999999998,1,1,1.0
52,4,699.2,507.4,271.0999999999999,273.6,1,1,1.0
52,5,239.2,758.6,301.7,138.60000000000002,1,1,1.0
52,6,489.0,569.7,150.20000000000005,265.0999999999999,1,1,1.0
52,7,558.0,310.9,172.29999999999995,190.0,1,1,1.0
52,8,422.0,311.1,141.0,273.19999999999993,1,1,1.0
52,9,309.7,389.44,126.79000000000002,133.66000000000003,1,1,0.0
53,1,1955.2,530.1,138.29999999999995,310.1,1,1,1.0
53,2,842.4,450.9,317.30000000000007,194.30000000000007,1,1,1.0
53,3,1309.1,807.4,273.4000000000001,184.30000000000007,1,1,1.0
53,4,696.9,506.6,247.80000000000007,287.19999999999993,1,1,1.0
53,5,209.1,766.8,306.1,131.70000000000005,1,1,1.0
53,6,491.3,568.5,149.09999999999997,267.5,1,1,1.0
53,7,558.6,313.8,171.10000000000002,190.59999999999997,1,1,1.0
53,8,423.6,313.2,138.89999999999998,269.50000000000006,1,1,1.0
53,9,320.7,389.6,116.19999999999999,137.79999999999995,1,1,0.0
54,1,1955.2,522.5,143.20000000000005,323.9,1,1,1.0
54,2,829.9,453.0,335.4,179.70000000000005,1,1,1.0
54,3,1398.7,813.0,188.70000000000005,149.5,1,1,0.0
54,4,694.7,509.6,271.9,268.4,1,1,1.0
54,5,201.6,754.9,292.9,136.70000000000005,1,1,1.0
54,6,493.6,572.6,147.39999999999998,244.29999999999995,1,1,1.0
54,7,559.2,313.8,170.5,190.0,1,1,1.0
54,8,423.55,315.3,152.65000000000003,264.3,1,1,1.0
54,9,309.8,386.9,124.5,142.89999999999998,1,1,0.0
55,1,1957.3,511.4,141.79999999999995,334.30000000000007,1,1,1.0
55,2,814.6,464.1,342.4,160.29999999999995,1,1,1.0
55,3,1516.1,792.2,71.30000000000018,131.39999999999998,1,1,0.0
55,4,681.9,514.1,274.1,272.9,1,1,1.0
55,5,197.2,753.0,310.5,138.60000000000002,1,1,1.0
55,6,491.3,583.0,148.49999999999994,262.29999999999995,1,1,1.0
55,7,559.2,312.65,173.39999999999998,189.70000000000005,1,1,1.0
55,8,423.55,311.1,163.65000000000003,259.1,1,1,1.0
55,9,312.9,394.4,121.20000000000005,134.40999999999997,1,1,0.0
56,1,1954.5,510.7,143.19999999999982,336.40000000000003,1,1,1.0
56,2,727.8,439.1,331.29999999999995,161.69999999999993,1,1,1.0
56,3,1512.18,783.31,75.64999999999986,133.21000000000004,1,1,0.0
56,4,694.7,499.8,253.0,294.7,1,1,1.0
56,5,195.3,748.0,296.09999999999997,143.0,1,1,1.0
56,6,488.4,581.8,152.60000000000002,250.80000000000007,1,1,1.0
56,7,559.2,311.5,170.5,189.39999999999998,1,1,1.0
56,8,419.9,288.1,156.89999999999998,253.79999999999995,1,1,1.0
56,9,322.5,388.77,114.39999999999998,140.02999999999997,1,1,0.0
57,1,1956.6,484.3,141.0999999999999,350.99999999999994,1,1,1.0
57,2,674.3,428.0,302.9000000000001,132.5,1,1,1.0
57,3,1508.27,774.41,79.99000000000001,135.0300000000001,1,1,0.0
57,4,699.2,505.8,259.79999999999995,299.2,1,1,1.0
57,5,195.3,746.7,287.9,144.29999999999995,1,1,1.0
57,6,490.7,583.0,151.50000000000006,252.5,1,1,1.0
57,7,556.3,307.4,179.20000000000005,200.40000000000003,1,1,1.0
57,8,417.3,302.2,162.09999999999997,251.7,1,1,1.0
57,9,303.7,388.9,134.60000000000002,137.39999999999998,1,1,0.0
58,1,1956.6,485.7,136.20000000000027,337.09999999999997,1,1,1.0
58,2,685.4,426.6,290.4,129.69999999999993,1,1,1.0
58,3,1504.35,765.52,84.34000000000015,136.84000000000003,1,1,0.0
58,4,703.0,502.8,256.0,299.2,1,1,1.0
58,5,197.2,748.6,335.59999999999997,142.39999999999998,1,1,1.0
58,6,490.7,580.7,150.90000000000003,252.5,1,1,1.0
58,7,558.0,310.9,178.70000000000005,196.3,1,1,1.0
58,8,417.3,312.1,149.99999999999994,240.79999999999995,1,1,1.0
58,9,315.04,384.8,117.75999999999999,135.49999999999994,1,1,0.0
59,1,1955.2,485.0,137.60000000000014,336.4,1,1,1.0
59,2,691.6,428.7,275.9,128.3,1,1,1.0
59,3,1500.44,756.63,88.67999999999984,138.64999999999998,1,1,0.0
59,4,705.3,497.5,243.9000000000001,299.20000000000005,1,1,1.0
59,5,214.2,750.5,331.8,143.0,1,1,1.0
59,6,491.3,577.8,150.90000000000003,253.70000000000005,1,1,1.0
59,7,556.8,311.5,178.70000000000005,191.10000000000002,1,1,1.0
59,8,417.3,313.7,152.59999999999997,237.09999999999997,1,1,1.0
59,9,315.3,394.74,111.37,129.76,1,1,0.0
60,1,1953.8,486.4,139.00000000000023,335.0,1,1,1.0
60,2,645.8,414.1,279.30000000000007,147.79999999999995,1,1,1.0
60,3,1496.52,747.73,93.02999999999997,140.47000000000003,1,1,0.0
60,4,697.8,504.3,255.20000000000005,283.40000000000003,1,1,1.0
60,5,216.1,750.5,340.6,144.29999999999995,1,1,1.0
60,6,489.6,577.8,152.0,250.20000000000005,1,1,1.0
60,7,555.6,316.7,177.69999999999993,188.8,1,1,1.0
60,8,416.3,302.7,146.3,247.09999999999997,1,1,1.0
60,9,307.2,396.4,119.60000000000002,129.93000000000006,1,1,0.0
61,1,1953.8,479.5,137.60000000000014,337.70000000000005,1,1,1.0
61,2,570.8,458.5,250.80000000000007,147.20000000000005,1,1,1.0
61,3,1492.6,738.84,97.38000000000011,142.27999999999997,1,1,0.0
61,4,700.8,502.0,246.9000000000001,290.20000000000005,1,1,1.0
61,5,218.6,749.9,295.4,148.70000000000005,1,1,1.0
61,6,489.6,574.3,152.0,253.70000000000005,1,1,1.0
61,7,554.4,317.3,175.39999999999998,170.89999999999998,1,1,1.0
61,8,412.7,290.7,148.90000000000003,264.3,1,1,1.0
61,9,322.5,395.25,105.39999999999998,131.01999999999998,1,1,0.0
62,1,1953.8,487.1,137.60000000000014,330.1,1,1,1.0
62,2,507.6,471.0,254.29999999999995,202.0,1,1,1.0
62,3,1488.69,729.95,101.71000000000004,144.08999999999992,1,1,0.0
62,4,706.1,499.0,231.79999999999995,299.20000000000005,1,1,1.0
62,5,228.6,751.8,278.5,153.70000000000005,1,1,1.0
62,6,489.6,576.6,152.60000000000002,255.5,1,1,1.0
62,7,551.5,316.7,179.5,170.90000000000003,1,1,1.0
62,8,414.3,279.8,147.3,270.49999999999994,1,1,1.0
62,9,311.1,395.5,117.39999999999998,130.70000000000005,1,1,0.0
63,1,1955.2,493.4,136.20000000000005,322.4,1,1,1.0
63,2,519.4,462.7,223.10000000000002,181.09999999999997,1,1,1.0
63,3,1484.77,721.05,106.05999999999995,145.9000000000001,1,1,0.0
63,4,709.9,499.8,229.5,311.99999999999994,1,1,1.0
63,5,238.0,748.0,276.0,165.0,1,1,1.0
63,6,487.9,581.2,153.70000000000005,259.5999999999999,1,1,1.0
63,7,551.5,317.8,178.29999999999995,165.2,1,1,1.0
63,8,407.5,296.5,154.10000000000002,254.79999999999995,1,1,1.0
63,9,308.8,398.2,118.89999999999998,130.40000000000003,1,1,0.0
64,1,1955.9,496.9,135.5,325.80000000000007,1,1,1.0
64,2,529.1,475.2,223.79999999999995,189.40000000000003,1,1,1.0
64,3,1480.86,712.16,110.40000000000009,147.71000000000004,1,1,0.0
64,4,715.9,497.5,213.70000000000005,312.0,1,1,1.0
64,5,239.9,749.3,264.70000000000005,165.0,1,1,1.0
64,6,469.4,622.3,147.30000000000007,240.5,1,1,1.0
64,7,554.4,314.9,174.20000000000005,166.40000000000003,1,1,1.0
64,8,403.3,317.4,159.3,238.10000000000002,1,1,1.0
64,9,319.7,401.9,109.60000000000002,127.70000000000005,1,1,0.0
65,1,1955.2,503.1,135.49999999999977,329.29999999999995,1,1,1.0
65,2,530.3,463.9,205.20000000000005,216.0,1,1,1.0
65,3,1476.94,703.26,114.75,149.52999999999997,1,1,0.0
65,4,717.4,497.5,216.70000000000005,360.20000000000005,1,1,1.0
65,5,239.9,750.6,257.79999999999995,166.79999999999995,1,1,1.0
65,6,467.1,639.1,153.60000000000002,227.69999999999993,1,1,1.0
65,7,568.3,312.0,162.60000000000002,168.10000000000002,1,1,1.0
65,8,403.3,309.0,175.49999999999994,184.2,1,1,1.0
65,9,309.19,385.1,121.31,141.60000000000002,1,1,0.0
66,1,1954.5,463.5,145.30000000000018,378.6,1,1,1.0
66,2,546.5,477.3,178.60000000000002,226.2,1,1,1.0
66,3,1473.02,694.37,119.09999999999991,151.34000000000003,1,1,0.0
66,4,719.7,499.8,232.5,324.7,1,1,1.0
66,5,241.8,750.0,287.8,159.79999999999995,1,1,1.0
66,6,461.9,644.9,160.0,222.5,1,1,1.0
66,7,556.7,311.0,174.19999999999993,175.8,1,1,1.0
66,8,380.9,319.5,187.5,245.39999999999998,1,1,1.0
66,9,309.3,427.4,89.0,120.39999999999998,1,1,0.0
67,1,1959.4,481.6,140.4000000000001,349.4,1,1,1.0
67,2,534.0,455.1,143.89999999999998,252.60000000000002,1,1,1.0
67,3,1469.11,685.48,123.44000000000005,153.14999999999998,1,1,0.0
67,4,730.2,496.7,204.69999999999993,338.40000000000003,1,1,1.0
67,5,429.29,827.1,330.10999999999996,129.89999999999998,1,1,1.0
67,6,408.7,673.8,217.3,189.5,1,1,1.0
67,7,550.9,311.0,179.0,177.7,1,1,1.0
67,8,398.7,318.4,132.09999999999997,326.6,1,1,1.0
67,9,312.9,381.04,103.70000000000005,164.16000000000003,1,1,0.0
68,1,1962.2,433.7,136.20000000000005,387.59999999999997,1,1,1.0
68,2,543.0,464.1,162.0,243.5,1,1,1.0
68,3,1465.19,676.58,127.78999999999996,154.9699999999999,1,1,0.0
68,4,734.0,491.4,204.70000000000005,335.4,1,1,1.0
68,5,588.3,614.6,189.80000000000007,329.9,1,1,1.0
68,6,441.7,703.3,174.50000000000006,164.60000000000002,1,1,1.0
68,7,555.7,312.4,178.0999999999999,168.60000000000002,1,1,1.0
68,8,367.3,445.2,172.3,334.81,1,1,1.0
68,9,303.7,381.0,120.24000000000001,159.10000000000002,1,1,0.0
69,1,1963.6,448.3,134.0999999999999,356.3,1,1,1.0
69,2,530.5,482.2,167.60000000000002,247.00000000000006,1,1,1.0
69,3,1461.27,667.69,132.1400000000001,156.77999999999997,1,1,0.0
69,4,744.5,489.1,210.0,333.9,1,1,1.0
69,5,673.0,401.8,380.29999999999995,156.99999999999994,1,1,1.0
69,6,440.6,702.1,173.29999999999995,165.19999999999993,1,1,1.0
69,7,551.8,312.4,182.0,172.5,1,1,1.0
69,8,351.0,493.6,145.89999999999998,324.69999999999993,1,1,1.0
69,9,318.3,389.8,105.69999999999999,152.90000000000003,1,1,0.0
70,1,1964.3,462.9,132.70000000000005,341.70000000000005,1,1,1.0
70,2,518.0,478.7,138.39999999999998,245.59999999999997,1,1,1.0
70,3,1457.36,658.8,136.48000000000002,158.59000000000003,1,1,0.0
70,4,737.0,490.6,202.39999999999998,308.29999999999995,1,1,1.0
70,5,1136.3,500.1,393.20000000000005,133.89999999999998,1,1,1.0
70,6,440.6,702.1,173.29999999999995,165.19999999999993,1,1,1.0
70,7,550.4,313.4,183.89999999999998,175.40000000000003,1,1,1.0
70,8,343.5,544.5,138.3,281.29999999999995,1,1,1.0
70,9,312.7,400.7,112.80000000000001,138.83999999999997,1,1,0.0
71,1,1961.5,462.9,134.80000000000018,352.80000000000007,1,1,1.0
71,2,493.0,512.7,177.29999999999995,233.79999999999995,1,1,1.0
71,3,1453.44,649.9,140.82999999999993,160.40999999999997,1,1,0.0
71,4,728.7,495.1,223.5,291.0,1,1,1.0
71,5,1336.4,485.6,264.6999999999998,132.79999999999995,1,1,1.0
71,6,429.0,704.4,175.60000000000002,162.89999999999998,1,1,1.0
71,7,554.3,312.9,181.0,175.90000000000003,1,1,1.0
71,8,346.6,541.4,136.5,281.30000000000007,1,1,1.0
71,9,307.0,390.25,120.07,149.47000000000003,1,1,0.0
72,1,1958.7,457.3,143.79999999999995,375.09999999999997,1,1,1.0
72,2,493.0,542.6,171.10000000000002,206.69999999999993,1,1,1.0
72,3,1449.53,641.01,145.16000000000008,162.22000000000003,1,1,0.0
72,4,713.6,506.4,252.89999999999998,278.20000000000005,1,1,1.0
72,5,1446.5,465.2,155.29999999999995,141.90000000000003,1,1,0.0
72,6,422.1,703.8,174.39999999999998,164.70000000000005,1,1,1.0
72,7,552.4,313.4,184.30000000000007,175.90000000000003,1,1,1.0
72,8,349.1,553.3,134.0,271.30000000000007,1,1,1.0
72,9,319.4,390.38,107.79000000000002,149.51999999999998,1,1,0.0
73,1,1958.7,431.0,152.10000000000014,402.79999999999995,1,1,1.0
73,2,477.0,544.0,181.5,210.89999999999998,1,1,1.0
73,3,1445.61,632.12,149.51,164.02999999999997,1,1,0.0
73,4,704.6,507.9,254.29999999999995,275.20000000000005,1,1,1.0
73,5,1527.5,476.3,74.29999999999995,81.09999999999997,1,1,0.0
73,6,394.9,729.3,175.0,158.30000000000007,1,1,1.0
73,7,550.5,314.4,187.60000000000002,173.5,1,1,1.0
73,8,349.1,556.4,134.59999999999997,250.60000000000002,1,1,1.0
73,9,309.3,390.5,118.0,149.10000000000002,1,1,0.0
74,1,1960.8,485.9,179.89999999999986,347.9,1,1,1.0
74,2,465.2,558.6,175.90000000000003,226.89999999999998,1,1,1.0
74,3,1441.69,623.22,153.8599999999999,165.85000000000002,1,1,0.0
74,4,700.7,508.7,252.89999999999998,273.59999999999997,1,1,1.0
74,5,1527.5,476.3,74.29999999999995,81.09999999999997,1,1,0.0
74,6,359.0,774.4,210.89999999999998,136.89999999999998,1,1,1.0
74,7,554.4,314.4,184.20000000000005,174.0,1,1,1.0
74,8,349.7,558.3,140.3,227.30000000000007,1,1,1.0
74,9,309.4,390.1,119.0,148.19999999999993,1,1,0.0
75,1,1964.3,498.4,197.89999999999986,342.30000000000007,1,1,1.0
75,2,422.1,574.6,202.39999999999998,259.5,1,1,1.0
75,3,1437.78,614.33,158.20000000000005,167.65999999999997,1,1,0.0
75,4,709.0,501.2,248.39999999999998,284.09999999999997,1,1,1.0
75,5,1527.5,476.3,74.29999999999995,81.09999999999997,1,1,0.0
75,6,311.0,780.8,194.7,125.30000000000007,1,1,1.0
75,7,553.4,314.4,184.20000000000005,174.0,1,1,1.0
75,8,312.0,591.0,164.2,195.20000000000005,1,1,1.0
75,9,321.7,396.0,104.90000000000003,145.29999999999995,1,1,0.0
76,1,1962.2,442.8,159.70000000000005,399.99999999999994,1,1,1.0
76,2,415.9,612.1,211.39999999999998,228.89999999999998,1,1,1.0
76,3,1433.86,605.44,162.55000000000018,169.4699999999999,1,1,0.0
76,4,730.9,492.9,170.70000000000005,317.30000000000007,1,1,1.0
76,5,1527.5,476.3,74.29999999999995,81.09999999999997,1,1,0.0
76,6,304.6,787.2,206.89999999999998,121.19999999999993,1,1,1.0
76,7,501.3,290.3,245.90000000000003,190.39999999999998,1,1,1.0
76,8,294.4,608.6,157.90000000000003,188.89999999999998,1,1,1.0
76,9,295.1,390.3,128.15999999999997,156.59999999999997,1,1,0.0
77,1,1960.1,483.1,156.9000000000001,364.6,1,1,1.0
77,2,355.5,613.5,284.29999999999995,215.0,1,1,1.0
77,3,1429.95,596.54,166.88999999999987,171.29000000000008,1,1,0.0
77,4,731.7,494.4,219.5999999999999,333.1,1,1,1.0
77,5,1527.5,476.3,74.29999999999995,81.09999999999997,1,1,0.0
77,6,301.1,791.3,200.0,115.90000000000009,1,1,1.0
77,7,576.0,344.8,186.10000000000002,185.09999999999997,1,1,1.0
77,8,266.1,621.2,198.79999999999995,155.5999999999999,1,1,1.0
77,9,305.7,398.3,117.60000000000002,139.59999999999997,1,1,0.0
78,1,1966.4,443.5,150.5999999999999,402.79999999999995,1,1,1.0
78,2,365.2,614.9,271.8,217.10000000000002,1,1,1.0
78,3,1426.03,587.65,171.24,173.10000000000002,1,1,0.0
78,4,734.7,498.2,213.5999999999999,345.09999999999997,1,1,1.0
78,5,1527.5,476.3,74.29999999999995,81.09999999999997,1,1,0.0
78,6,313.8,789.0,182.7,122.29999999999995,1,1,1.0
78,7,577.4,349.1,191.0,180.29999999999995,1,1,1.0
78,8,246.6,656.4,181.9,124.80000000000007,1,1,1.0
78,9,309.2,398.0,111.19999999999999,125.29999999999995,1,1,0.0
79,1,1967.79,484.5,147.0999999999999,361.1,1,1,1.0
79,2,357.6,616.3,282.9,215.70000000000005,1,1,1.0
79,3,1422.11,578.75,175.59000000000015,174.90999999999997,1,1,0.0
79,4,743.0,490.7,197.79999999999995,333.00000000000006,1,1,1.0
79,5,1527.5,476.3,74.29999999999995,81.09999999999997,1,1,0.0
79,6,253.6,797.7,249.79999999999998,115.89999999999998,1,1,1.0
79,7,566.3,350.1,195.30000000000007,181.69999999999993,1,1,1.0
79,8,237.2,654.5,190.0,133.60000000000002,1,1,1.0
79,9,297.5,398.1,129.2,125.10000000000002,1,1,0.0
80,1,1962.2,451.2,149.20000000000005,368.00000000000006,1,1,1.0
80,2,355.5,616.3,285.0,215.70000000000005,1,1,1.0
80,3,1418.2,569.86,179.93000000000006,176.72000000000003,1,1,0.0
80,4,740.0,490.7,222.60000000000002,328.50000000000006,1,1,1.0
80,5,1527.5,476.3,74.29999999999995,81.09999999999997,1,1,0.0
80,6,239.7,791.9,273.00000000000006,123.39999999999998,1,1,1.0
80,7,557.1,350.1,204.5,181.69999999999993,1,1,1.0
80,8,225.9,616.2,187.49999999999997,163.69999999999993,1,1,1.0
80,9,313.0,390.0,113.35000000000002,139.98000000000002,1,1,0.0
81,1,1958.7,450.5,136.70000000000005,336.79999999999995,1,1,1.0
81,2,414.5,614.2,226.0,220.5999999999999,1,1,1.0
81,3,1414.28,560.97,184.27999999999997,178.52999999999997,1,1,0.0
81,4,732.5,495.2,226.29999999999995,295.40000000000003,1,1,1.0
81,5,1527.5,476.3,74.29999999999995,81.09999999999997,1,1,0.0
81,6,239.7,779.7,275.3,138.5,1,1,1.0
81,7,526.7,312.0,201.0999999999999,171.5,1,1,1.0
81,8,209.6,604.9,190.00000000000003,178.80000000000007,1,1,1.0
81,9,314.6,394.5,111.83999999999997,135.48000000000002,1,1,0.0
82,1,1958.0,454.7,138.80000000000018,342.3,1,1,1.0
82,2,416.6,609.3,214.89999999999998,223.4000000000001,1,1,1.0
82,3,1410.36,552.07,188.62000000000012,180.3499999999999,1,1,0.0
82,4,722.7,495.2,232.29999999999995,287.90000000000003,1,1,1.0
82,5,1527.5,476.3,74.29999999999995,81.09999999999997,1,1,0.0
82,6,239.7,790.7,282.2,128.0999999999999,1,1,1.0
82,7,503.6,308.1,188.0,212.5,1,1,1.0
82,8,210.9,585.4,176.1,215.30000000000007,1,1,1.0
82,9,309.9,388.83,116.63,141.16000000000003,1,1,0.0
83,1,1958.0,461.7,138.80000000000018,346.40000000000003,1,1,1.0
83,2,413.1,601.0,208.0,232.39999999999998,1,1,1.0
83,3,1406.45,543.18,192.96000000000004,182.16000000000008,1,1,0.0
83,4,709.1,498.2,226.29999999999995,297.00000000000006,1,1,1.0
83,5,1527.5,476.3,74.29999999999995,81.09999999999997,1,1,0.0
83,6,231.0,791.3,282.20000000000005,129.20000000000005,1,1,1.0
83,7,532.1,317.3,172.5,183.0,1,1,1.0
83,8,210.9,606.7,177.4,194.0,1,1,1.0
83,9,321.7,388.92,104.91000000000003,141.07999999999998,1,1,0.0
84,1,1958.0,461.7,132.5999999999999,333.90000000000003,1,1,1.0
84,2,418.0,596.8,196.79999999999995,239.4000000000001,1,1,1.0
84,3,1402.53,534.29,197.30999999999995,183.97000000000003,1,1,0.0
84,4,723.4,494.4,221.80000000000007,290.30000000000007,1,1,1.0
84,5,1527.5,476.3,74.29999999999995,81.09999999999997,1,1,0.0
84,6,255.3,793.0,261.99999999999994,127.5,1,1,1.0
84,7,536.1,318.7,176.69999999999993,170.5,1,1,1.0
84,8,217.2,584.1,174.90000000000003,212.79999999999995,1,1,1.0
84,9,308.3,389.0,118.39999999999998,145.39999999999998,1,1,0.0
85,1,1956.6,468.6,136.0999999999999,336.69999999999993,1,1,1.0
85,2,361.1,595.4,259.29999999999995,240.80000000000007,1,1,1.0
85,3,1398.62,525.39,201.6500000000001,185.78999999999996,1,1,0.0
85,4,721.1,496.7,216.60000000000002,313.7,1,1,1.0
85,5,1527.5,476.3,74.29999999999995,81.09999999999997,1,1,0.0
85,6,249.5,797.1,242.3,133.19999999999993,1,1,1.0
85,7,537.5,318.7,183.5,163.0,1,1,1.0
85,8,202.1,531.4,143.50000000000003,249.80000000000007,1,1,1.0
85,9,314.7,386.2,112.60000000000002,145.3,1,1,0.0
86,1,1956.6,477.6,136.0999999999999,327.69999999999993,1,1,1.0
86,2,361.1,604.4,276.0,231.80000000000007,1,1,1.0
86,3,1394.7,516.5,206.0,187.60000000000002,1,1,1.0
86,4,727.1,495.9,220.39999999999998,347.70000000000005,1,1,1.0
86,5,1527.5,476.3,74.29999999999995,81.09999999999997,1,1,0.0
86,6,262.2,802.3,233.7,126.80000000000007,1,1,1.0
86,7,538.8,317.4,189.70000000000005,165.60000000000002,1,1,1.0
86,8,237.3,533.3,135.3,320.70000000000005,1,1,1.0
86,9,302.1,402.9,98.39999999999998,134.5,1,1,0.0
87,1,1956.6,476.2,136.0999999999999,326.3,1,1,1.0
87,2,428.5,610.6,216.20000000000005,240.89999999999998,1,1,1.0
87,3,1364.8,495.7,236.60000000000014,265.3,1,1,1.0
87,4,745.2,495.1,194.0,347.69999999999993,1,1,1.0
87,5,1527.5,476.3,74.29999999999995,81.09999999999997,1,1,0.0
87,6,284.2,797.7,212.90000000000003,131.39999999999998,1,1,1.0
87,7,542.0,316.8,188.39999999999998,164.89999999999998,1,1,1.0
87,8,244.2,617.4,134.10000000000002,229.10000000000002,1,1,1.0
87,9,292.8,364.6,139.69,184.14,1,1,0.0
88,1,1957.3,479.0,136.79999999999995,329.70000000000005,1,1,1.0
88,2,445.9,606.4,182.80000000000007,250.70000000000005,1,1,1.0
88,3,1341.9,504.0,227.5999999999999,287.6,1,1,1.0
88,4,742.9,490.6,204.60000000000002,334.9,1,1,1.0
88,5,1527.5,476.3,74.29999999999995,81.09999999999997,1,1,0.0
88,6,290.0,804.1,187.39999999999998,131.39999999999998,1,1,1.0
88,7,542.0,316.8,191.5,165.5,1,1,1.0
88,8,244.2,621.8,139.10000000000002,214.70000000000005,1,1,1.0
88,9,317.51,391.19,115.13999999999999,157.81,1,1,0.0
89,1,1958.0,484.6,133.30000000000018,325.5,1,1,1.0
89,2,445.9,617.5,166.80000000000007,263.20000000000005,1,1,1.0
89,3,1355.8,471.4,152.60000000000014,378.5,1,1,1.0
89,4,741.4,487.6,210.60000000000002,337.1,1,1,1.0
89,5,1527.5,476.3,74.29999999999995,81.09999999999997,1,1,0.0
89,6,262.8,806.4,218.09999999999997,129.10000000000002,1,1,1.0
89,7,542.0,318.7,192.79999999999995,163.60000000000002,1,1,1.0
89,8,242.9,615.5,140.4,217.89999999999998,1,1,1.0
89,9,317.7,391.3,115.11000000000001,160.90000000000003,1,1,0.0
90,1,1960.1,495.0,131.9000000000001,331.1,1,1,1.0
90,2,445.9,610.6,167.5,257.6,1,1,1.0
90,3,1348.9,468.6,151.89999999999986,359.79999999999995,1,1,1.0
90,4,739.9,489.9,205.30000000000007,308.4,1,1,1.0
90,5,1527.5,476.3,74.29999999999995,81.09999999999997,1,1,0.0
90,6,253.5,796.0,182.8,128.0,1,1,1.0
90,7,542.0,318.7,195.29999999999995,162.3,1,1,1.0
90,8,243.5,621.8,139.2,208.5,1,1,1.0
90,9,311.5,389.4,121.48000000000002,164.60000000000002,1,1,0.0
91,1,1958.0,452.6,139.5999999999999,377.0,1,1,1.0
91,2,457.0,622.4,162.70000000000005,322.9,1,1,1.0
91,3,1351.0,463.7,161.5999999999999,355.00000000000006,1,1,1.0
91,4,730.9,493.7,220.39999999999998,296.3,1,1,1.0
91,5,1527.5,476.3,74.29999999999995,81.09999999999997,1,1,0.0
91,6,242.5,783.8,170.10000000000002,128.0,1,1,1.0
91,7,542.0,317.4,196.60000000000002,163.60000000000002,1,1,1.0
91,8,242.2,621.8,141.10000000000002,208.5,1,1,1.0
91,9,318.0,390.4,115.13999999999999,166.39999999999998,1,1,0.0
92,1,1960.8,437.3,133.29999999999995,366.59999999999997,1,1,1.0
92,2,458.4,615.5,151.60000000000002,314.5,1,1,1.0
92,3,1357.2,481.8,176.20000000000005,310.49999999999994,1,1,1.0
92,4,726.4,495.2,230.20000000000005,300.8,1,1,1.0
92,5,1527.5,476.3,74.29999999999995,81.09999999999997,1,1,0.0
92,6,204.3,785.0,215.2,121.60000000000002,1,1,1.0
92,7,536.3,315.5,201.0,166.8,1,1,1.0
92,8,240.9,623.7,140.49999999999997,206.5999999999999,1,1,1.0
92,9,316.2,391.4,117.10000000000002,165.25,1,1,0.0
93,1,1958.7,454.7,133.99999999999977,354.8,1,1,1.0
93,2,458.4,615.5,153.0,299.20000000000005,1,1,1.0
93,3,1362.8,570.0,199.79999999999995,301.5,1,1,1.0
93,4,718.1,496.7,234.0,281.2,1,1,1.0
93,5,1527.5,476.3,74.29999999999995,81.09999999999997,1,1,0.0
93,6,237.3,793.7,163.09999999999997,127.39999999999998,1,1,1.0
93,7,538.2,316.8,206.0,165.5,1,1,1.0
93,8,240.9,623.7,140.49999999999997,206.5999999999999,1,1,1.0
93,9,314.9,382.2,119.10000000000002,174.8,1,1,0.0
94,1,1956.6,463.7,138.20000000000027,348.59999999999997,1,1,1.0
94,2,411.2,623.8,214.09999999999997,225.60000000000002,1,1,1.0
94,3,1404.5,634.6,172.70000000000005,336.9,1,1,1.0
94,4,687.2,502.7,250.5999999999999,273.7,1,1,1.0
94,5,1527.5,476.3,74.29999999999995,81.09999999999997,1,1,0.0
94,6,239.0,798.9,166.60000000000002,126.80000000000007,1,1,1.0
94,7,538.2,312.4,199.69999999999993,169.3,1,1,1.0
94,8,239.0,608.7,141.10000000000002,217.79999999999995,1,1,1.0
94,9,322.4,387.09,112.72000000000003,165.41000000000003,1,1,0.0
95,1,1957.3,472.0,137.50000000000023,343.79999999999995,1,1,1.0
95,2,373.7,696.7,205.09999999999997,161.0,1,1,1.0
95,3,1389.2,673.5,210.89999999999986,357.0,1,1,1.0
95,4,674.4,511.0,303.30000000000007,235.29999999999995,1,1,1.0
95,5,1527.5,476.3,74.29999999999995,81.09999999999997,1,1,0.0
95,6,236.7,797.7,172.40000000000003,130.29999999999995,1,1,1.0
95,7,538.8,317.4,201.0,163.0,1,1,1.0
95,8,238.4,603.7,141.1,221.5,1,1,1.0
95,9,312.9,387.15,122.40000000000003,168.55000000000007,1,1,0.0
96,1,1951.1,476.2,143.70000000000027,341.00000000000006,1,1,1.0
96,2,363.9,717.5,196.80000000000007,131.89999999999998,1,1,1.0
96,3,1389.2,688.1,215.79999999999995,335.4,1,1,1.0
96,4,666.1,517.8,307.1,219.5,1,1,1.0
96,5,1527.5,476.3,74.29999999999995,81.09999999999997,1,1,0.0
96,6,239.6,797.7,168.9,132.0,1,1,1.0
96,7,541.3,316.1,191.60000000000002,164.89999999999998,1,1,1.0
96,8,237.8,603.1,141.7,222.10000000000002,1,1,1.0
96,9,315.5,381.9,122.39999999999998,167.30000000000007,1,1,0.0
97,1,1951.1,476.9,143.70000000000027,343.1,1,1,1.0
97,2,348.6,727.9,170.39999999999998,146.5,1,1,1.0
97,3,1404.5,729.1,204.70000000000005,313.1,1,1,1.0
97,4,670.6,512.5,301.1,233.79999999999995,1,1,1.0
97,5,1527.5,476.3,74.29999999999995,81.09999999999997,1,1,0.0
97,6,239.0,797.1,168.89999999999998,133.79999999999995,1,1,1.0
97,7,541.3,316.1,180.9000000000001,165.5,1,1,1.0
97,8,237.8,598.7,139.2,225.19999999999993,1,1,1.0
97,9,321.5,387.25,114.69999999999999,156.38,1,1,0.0
98,1,1951.1,515.1,143.70000000000027,318.79999999999995,1,1,1.0
98,2,337.5,728.6,160.0,154.10000000000002,1,1,1.0
98,3,1388.5,761.0,186.0,261.1,1,1,1.0
98,4,678.9,503.5,280.70000000000005,276.70000000000005,1,1,1.0
98,5,1527.5,476.3,74.29999999999995,81.09999999999997,1,1,0.0
98,6,238.4,797.1,166.1,136.10000000000002,1,1,1.0
98,7,541.3,316.7,187.20000000000005,164.90000000000003,1,1,1.0
98,8,237.8,544.8,136.7,285.4000000000001,1,1,1.0
98,9,309.5,387.3,126.39999999999998,156.49999999999994,1,1,0.0
99,1,1957.4,447.7,147.0999999999999,398.00000000000006,1,1,1.0
99,2,225.7,699.4,226.0,154.10000000000002,1,1,1.0
99,3,1388.5,761.0,197.0999999999999,262.5,1,1,1.0
99,4,687.2,494.5,256.5999999999999,277.4,1,1,1.0
99,5,1527.5,476.3,74.29999999999995,81.09999999999997,1,1,0.0
99,6,217.6,793.6,185.70000000000002,147.69999999999993,1,1,1.0
99,7,542.6,318.0,187.79999999999995,162.3,1,1,1.0
99,8,213.9,510.3,146.1,283.99999999999994,1,1,1.0
99,9,317.4,387.35,119.21000000000004,155.19999999999993,1,1,0.0
100,1,1965.7,447.7,151.29999999999995,388.3,1,1,1.0
100,2,297.9,725.8,180.20000000000005,195.80000000000007,1,1,1.0
100,3,1384.3,752.0,208.9000000000001,260.4,1,1,1.0
100,4,694.7,488.5,256.5999999999999,309.0,1,1,1.0
100,5,1527.5,476.3,74.29999999999995,81.09999999999997,1,1,0.0
100,6,166.7,787.2,239.5,157.0,1,1,1.0
100,7,545.1,316.1,188.39999999999998,168.0,1,1,1.0
100,8,228.3,488.3,137.39999999999998,277.90000000000003,1,1,1.0
100,9,314.1,387.4,122.69999999999999,155.30000000000007,1,1,0.0
101,1,1967.1,451.9,154.0999999999999,379.9,1,1,1.0
101,2,334.0,708.4,147.60000000000002,235.39999999999998,1,1,1.0
101,3,1380.1,749.2,245.0,261.0999999999999,1,1,1.0
101,4,699.2,487.0,249.0999999999999,323.29999999999995,1,1,1.0
101,5,1527.5,476.3,74.29999999999995,81.09999999999997,1,1,0.0
101,6,143.0,771.0,280.6,166.29999999999995,1,1,1.0
101,7,545.7,316.1,195.29999999999995,168.0,1,1,1.0
101,8,223.3,507.1,142.39999999999998,254.10000000000002,1,1,1.0
101,9,310.3,382.6,128.09999999999997,162.19999999999993,1,1,0.0
102,1,1969.2,479.0,158.89999999999986,349.29999999999995,1,1,1.0
102,2,330.5,720.9,153.2,227.80000000000007,1,1,1.0
102,3,1382.9,744.3,189.39999999999986,270.9000000000001,1,1,1.0
102,4,710.5,482.5,231.79999999999995,318.79999999999995,1,1,1.0
102,5,1527.5,476.3,74.29999999999995,81.09999999999997,1,1,0.0
102,6,151.7,762.9,269.59000000000003,175.60000000000002,1,1,1.0
102,7,543.2,316.1,199.0999999999999,165.5,1,1,1.0
102,8,225.2,490.1,141.10000000000002,273.6,1,1,1.0
102,9,317.7,389.92,118.96000000000004,152.62999999999994,1,1,0.0
103,1,1967.8,453.3,154.10000000000014,379.90000000000003,1,1,1.0
103,2,333.3,713.3,151.8,234.0,1,1,1.0
103,3,1380.8,710.3,181.79999999999995,303.5,1,1,1.0
103,4,715.0,483.3,228.10000000000002,337.59999999999997,1,1,1.0
103,5,1527.5,476.3,74.29999999999995,81.09999999999997,1,1,0.0
103,6,162.1,760.6,255.1,176.69999999999993,1,1,1.0
103,7,534.4,314.8,205.39999999999998,166.8,1,1,1.0
103,8,216.4,485.1,204.49999999999997,229.0,1,1,1.0
103,9,308.1,390.0,128.73999999999995,152.70000000000005,1,1,0.0
104,1,1965.0,429.7,146.5,358.40000000000003,1,1,1.0
104,2,329.1,722.3,155.29999999999995,227.10000000000002,1,1,1.0
104,3,1365.5,724.9,187.4000000000001,283.30000000000007,1,1,1.0
104,4,715.8,484.8,231.10000000000002,332.3,1,1,1.0
104,5,1527.5,476.3,74.29999999999995,81.09999999999997,1,1,0.0
104,6,198.0,710.8,226.7,225.30000000000007,1,1,1.0
104,7,471.0,303.5,262.5,176.8,1,1,1.0
104,8,227.7,537.2,326.3,139.79999999999995,1,1,1.0
104,9,317.4,383.7,119.62,150.90000000000003,1,1,0.0
105,1,1955.3,447.8,143.00000000000023,324.99999999999994,1,1,1.0
105,2,335.3,703.6,151.2,245.79999999999995,1,1,1.0
105,3,1363.4,761.7,205.5,231.19999999999993,1,1,1.0
105,4,708.3,484.0,239.4000000000001,303.0,1,1,1.0
105,5,1527.5,476.3,74.29999999999995,81.09999999999997,1,1,0.0
105,6,212.5,708.5,172.3,224.10000000000002,1,1,1.0
105,7,478.5,309.8,279.5,154.2,1,1,1.0
105,8,393.48,510.8,298.52,173.09999999999997,1,1,1.0
105,9,318.0,391.01,119.19999999999999,142.19000000000005,1,1,0.0
106,1,1958.1,460.3,144.4000000000001,312.49999999999994,1,1,1.0
106,2,333.9,665.4,142.20000000000005,287.5,1,1,1.0
106,3,1375.2,775.6,197.89999999999986,231.89999999999998,1,1,1.0
106,4,703.0,485.5,245.5,315.79999999999995,1,1,1.0
106,5,1527.5,476.3,74.29999999999995,81.09999999999997,1,1,0.0
106,6,214.2,629.2,112.80000000000001,296.5,1,1,1.0
106,7,552.6,326.1,230.5,170.59999999999997,1,1,1.0
106,8,544.81,448.6,343.19000000000005,149.29999999999995,1,1,1.0
106,9,310.9,391.1,126.0,140.69999999999993,1,1,0.0
107,1,1958.1,460.3,145.80000000000018,319.40000000000003,1,1,1.0
107,2,338.8,667.5,137.3,287.5,1,1,1.0
107,3,1338.4,707.6,183.29999999999995,295.0,1,1,1.0
107,4,684.9,502.1,269.6,284.1,1,1,1.0
107,5,1527.5,476.3,74.29999999999995,81.09999999999997,1,1,0.0
107,6,218.8,583.5,108.80000000000001,306.29999999999995,1,1,1.0
107,7,556.4,321.7,225.39999999999998,159.90000000000003,1,1,1.0
107,8,639.0,411.5,365.20000000000005,154.39999999999998,1,1,1.0
107,9,317.3,387.3,122.30000000000001,141.8,1,1,0.0
108,1,1960.2,462.4,140.89999999999986,333.30000000000007,1,1,1.0
108,2,340.9,664.0,135.20000000000005,283.4,1,1,1.0
108,3,1325.9,670.1,268.0,307.5,1,1,1.0
108,4,678.9,508.1,279.4,257.69999999999993,1,1,1.0
108,5,1527.5,476.3,74.29999999999995,81.09999999999997,1,1,0.0
108,6,224.0,526.2,116.30000000000001,338.69999999999993,1,1,1.0
108,7,554.5,324.2,221.0,163.10000000000002,1,1,1.0
108,8,905.87,439.8,358.92999999999995,152.49999999999994,1,1,1.0
108,9,316.0,384.88,123.80000000000001,141.51999999999998,1,1,0.0
109,1,1966.5,479.1,136.69999999999982,331.9,1,1,1.0
109,2,339.5,683.4,138.0,260.5,1,1,1.0
109,3,1391.9,668.7,202.0,177.69999999999993,1,1,1.0
109,4,680.4,508.1,274.1,269.79999999999995,1,1,1.0
109,5,1527.5,476.3,74.29999999999995,81.09999999999997,1,1,0.0
109,6,222.8,515.8,119.19999999999999,292.4000000000001,1,1,1.0
109,7,555.1,323.6,217.89999999999998,165.0,1,1,1.0
109,8,993.8,441.0,369.0,151.89999999999998,1,1,1.0
109,9,290.5,384.9,148.10000000000002,144.39999999999998,1,1,0.0
110,1,1966.5,439.5,135.30000000000018,361.79999999999995,1,1,1.0
110,2,338.1,637.6,139.39999999999998,304.19999999999993,1,1,1.0
110,3,1518.3,707.6,75.60000000000014,60.299999999999955,1,1,0.0
110,4,682.7,505.1,270.29999999999995,278.1,1,1,1.0
110,5,1527.5,476.3,74.29999999999995,81.09999999999997,1,1,0.0
110,6,222.8,519.3,138.89999999999998,273.9000000000001,1,1,1.0
110,7,557.6,321.1,217.89999999999998,166.89999999999998,1,1,1.0
110,8,1148.3,494.4,340.70000000000005,165.10000000000002,1,1,1.0
110,9,316.2,389.33,121.15000000000003,139.96999999999997,1,1,0.0
111,1,1964.4,432.6,134.5999999999999,361.1,1,1,1.0
111,2,333.9,596.6,131.8,308.4,1,1,1.0
111,3,1580.3,701.7,13.600000000000136,17.799999999999955,1,1,0.0
111,4,685.0,503.6,266.5,273.6,1,1,1.0
111,5,1527.5,476.3,74.29999999999995,81.09999999999997,1,1,0.0
111,6,225.1,522.8,211.79999999999998,238.0,1,1,1.0
111,7,557.6,319.8,215.39999999999998,168.2,1,1,1.0
111,8,1204.8,509.5,311.20000000000005,160.60000000000002,1,1,1.0
111,9,315.4,389.4,122.13,139.89999999999998,1,1,0.0
112,1,1960.9,457.6,133.9000000000001,336.1,1,1,1.0
112,2,343.6,694.5,160.29999999999995,260.5,1,1,1.0
112,3,1571.0,729.6,22.90000000000009,18.600000000000023,1,1,0.0
112,4,691.8,505.1,259.70000000000005,297.0,1,1,1.0
112,5,1527.5,476.3,74.29999999999995,81.09999999999997,1,1,0.0
112,6,230.3,516.4,226.89999999999998,223.0,1,1,1.0
112,7,555.7,320.4,217.29999999999995,165.10000000000002,1,1,1.0
112,8,1206.7,510.1,309.89999999999986,160.0,1,1,1.0
112,9,311.9,382.6,125.80000000000001,145.5,1,1,0.0
113,1,1960.9,493.0,145.0,320.79999999999995,1,1,1.0
113,2,322.8,684.8,161.7,273.0,1,1,1.0
113,3,1571.0,729.6,22.90000000000009,18.600000000000023,1,1,0.0
113,4,694.8,501.3,250.70000000000005,287.2,1,1,1.0
113,5,1527.5,476.3,74.29999999999995,81.09999999999997,1,1,0.0
113,6,217.6,502.5,239.6,179.0,1,1,1.0
113,7,557.0,315.4,216.0,170.10000000000002,1,1,1.0
113,8,1204.2,510.1,312.39999999999986,160.0,1,1,1.0
113,9,324.2,383.41,116.5,136.58999999999997,1,1,0.0
114,1,1963.0,493.0,214.4000000000001,328.4,1,1,1.0
114,2,320.7,687.58,163.8,273.02,1,1,1.0
114,3,1571.0,729.6,22.90000000000009,18.600000000000023,1,1,0.0
114,4,692.5,499.0,256.79999999999995,283.5,1,1,1.0
114,5,1527.5,476.3,74.29999999999995,81.09999999999997,1,1,0.0
114,6,162.1,541.8,266.20000000000005,153.0,1,1,1.0
114,7,560.8,318.5,190.9000000000001,168.89999999999998,1,1,1.0
114,8,1201.1,516.4,371.9000000000001,153.70000000000005,1,1,1.0
114,9,315.5,382.2,120.5,136.90000000000003,1,1,0.0
115,1,1964.4,486.1,178.29999999999973,334.6,1,1,1.0
115,2,323.5,718.8,183.89999999999998,241.80000000000007,1,1,1.0
115,3,1571.0,729.6,22.90000000000009,18.600000000000023,1,1,0.0
115,4,691.0,499.0,265.1,299.29999999999995,1,1,1.0
115,5,1527.5,476.3,74.29999999999995,81.09999999999997,1,1,0.0
115,6,210.1,503.0,221.70000000000002,199.89999999999998,1,1,1.0
115,7,561.4,317.9,192.20000000000005,172.0,1,1,1.0
115,8,1317.9,519.5,282.6999999999998,148.10000000000002,1,1,1.0
115,9,320.1,380.6,113.59999999999997,155.79999999999995,1,1,0.0
116,1,1972.7,451.4,163.10000000000014,372.1,1,1,1.0
116,2,327.7,723.7,159.60000000000002,236.89999999999998,1,1,1.0
116,3,1571.0,729.6,22.90000000000009,18.600000000000023,1,1,0.0
116,4,696.3,498.2,246.20000000000005,286.50000000000006,1,1,1.0
116,5,1527.5,476.3,74.29999999999995,81.09999999999997,1,1,0.0
116,6,208.3,553.3,194.59999999999997,242.20000000000005,1,1,1.0
116,7,562.0,319.1,192.20000000000005,170.79999999999995,1,1,1.0
116,8,1384.5,511.3,216.0999999999999,131.8,1,1,1.0
116,9,325.9,381.5,110.80000000000001,149.67999999999995,1,1,0.0
117,1,1975.5,472.9,154.69999999999982,340.20000000000005,1,1,1.0
117,2,330.5,695.9,158.2,265.4,1,1,1.0
117,3,1571.0,729.6,22.90000000000009,18.600000000000023,1,1,0.0
117,4,694.0,494.4,256.0,300.80000000000007,1,1,1.0
117,5,1527.5,476.3,74.29999999999995,81.09999999999997,1,1,0.0
117,6,219.3,552.7,175.5,256.69999999999993,1,1,1.0
117,7,562.0,320.4,199.10000000000002,170.8,1,1,1.0
117,8,1384.5,509.4,216.0999999999999,139.39999999999998,1,1,1.0
117,9,320.0,388.8,117.63999999999999,142.40000000000003,1,1,0.0
118,1,1979.0,429.8,162.30000000000018,359.7,1,1,1.0
118,2,334.7,693.8,151.90000000000003,261.20000000000005,1,1,1.0
118,3,1571.0,729.6,22.90000000000009,18.600000000000023,1,1,0.0
118,4,693.2,494.4,246.29999999999995,328.70000000000005,1,1,1.0
118,5,1527.5,476.3,74.29999999999995,81.09999999999997,1,1,0.0
118,6,217.6,571.8,177.20000000000002,246.30000000000007,1,1,1.0
118,7,562.6,315.4,206.0,175.8,1,1,1.0
118,8,1385.5,508.8,215.0999999999999,139.99999999999994,1,1,1.0
118,9,326.2,383.6,111.60000000000002,146.0,1,1,0.0
119,1,1929.7,332.6,232.39999999999986,367.29999999999995,1,1,1.0
119,2,330.5,663.2,170.7,300.0999999999999,1,1,1.0
119,3,1571.0,729.6,22.90000000000009,18.600000000000023,1,1,0.0
119,4,699.2,495.9,235.79999999999995,319.70000000000005,1,1,1.0
119,5,1527.5,476.3,74.29999999999995,81.09999999999997,1,1,0.0
119,6,218.2,571.8,172.0,250.4000000000001,1,1,1.0
119,7,562.6,319.2,206.60000000000002,170.7,1,1,1.0
119,8,1384.5,511.0,216.0999999999999,139.89999999999998,1,1,1.0
119,9,325.6,383.3,114.39999999999998,146.3,1,1,0.0
120,1,1929.7,359.0,247.70000000000005,314.5,1,1,1.0
120,2,360.4,676.4,178.30000000000007,234.80000000000007,1,1,1.0
120,3,1571.0,729.6,22.90000000000009,18.600000000000023,1,1,0.0
120,4,700.7,497.4,240.29999999999995,331.0,1,1,1.0
120,5,1527.5,476.3,74.29999999999995,81.09999999999997,1,1,0.0
120,6,218.2,566.0,173.7,251.60000000000002,1,1,1.0
120,7,562.6,322.3,206.60000000000002,169.5,1,1,1.0
120,8,1387.6,509.5,213.0,140.39999999999998,1,1,1.0
120,9,315.3,385.8,118.39999999999998,156.34999999999997,1,1,0.0
121,1,1929.7,379.1,245.60000000000014,283.29999999999995,1,1,1.0
121,2,357.6,638.9,155.39999999999998,286.9,1,1,1.0
121,3,1571.0,729.6,22.90000000000009,18.600000000000023,1,1,0.0
121,4,698.4,497.4,241.80000000000007,329.5,1,1,1.0
121,5,1527.5,476.3,74.29999999999995,81.09999999999997,1,1,0.0
121,6,217.6,560.8,170.79999999999998,256.80000000000007,1,1,1.0
121,7,562.6,322.3,206.60000000000002,169.5,1,1,1.0
121,8,1398.5,507.3,202.5999999999999,143.09999999999997,1,1,1.0
121,9,326.8,385.4,109.0,152.0,1,1,0.0
