1,1,297.02,661.24,94.04000000000002,177.23000000000002,1,1,0.0
1,2,396.12,485.28,195.40999999999997,321.99,1,1,1.0
1,3,413.16,475.69,258.03000000000003,159.07999999999998,1,1,1.0
1,4,487.73,916.17,365.47,181.92999999999995,1,1,1.0
1,5,697.9,835.48,296.38,168.27999999999997,1,1,1.0
1,6,941.1,541.17,195.19999999999993,223.5300000000001,1,1,1.0
1,7,1050.11,556.49,252.43000000000006,148.18999999999994,1,1,1.0
1,8,1202.6,720.29,337.2800000000002,185.45000000000005,1,1,1.0
1,9,1238.5,729.04,242.6300000000001,268.26,1,1,1.0
2,1,297.02,656.7,100.38,192.5999999999999,1,1,0.0
2,2,389.6,479.6,172.89999999999998,327.67999999999995,1,1,1.0
2,3,413.16,475.69,260.23999999999995,155.91000000000003,1,1,1.0
2,4,482.1,918.7,342.29999999999995,165.20000000000005,1,1,1.0
2,5,695.8,832.9,310.4000000000001,188.39999999999998,1,1,1.0
2,6,944.9,518.6,141.5000000000001,246.29999999999995,1,1,1.0
2,7,1050.11,558.9,249.8900000000001,142.0,1,1,1.0
2,8,1196.7,720.29,343.18000000000006,187.31000000000006,1,1,1.0
2,9,1252.7,727.8,228.43000000000006,278.9000000000001,1,1,1.0
3,1,297.02,652.2,103.98000000000002,200.19999999999993,1,1,0.0
3,2,392.2,479.6,172.7,298.9,1,1,1.0
3,3,414.23,475.69,262.24,156.91000000000003,1,1,1.0
3,4,478.3,923.7,375.59999999999997,145.0999999999999,1,1,1.0
3,5,700.03,835.05,325.1700000000001,177.0200000000001,1,1,1.0
3,6,951.2,493.6,137.70000000000005,271.69999999999993,1,1,1.0
3,7,1048.2,559.6,254.33999999999992,141.29999999999995,1,1,1.0
3,8,1195.4,713.0,333.6999999999998,194.60000000000002,1,1,1.0
3,9,1237.4,726.9,243.69999999999982,300.9,1,1,1.0
4,1,297.02,652.2,103.98000000000002,200.69999999999993,1,1,0.0
4,2,385.71,482.32,178.19,290.68,1,1,1.0
4,3,414.23,475.34,262.97,157.66000000000003,1,1,1.0
4,4,481.4,926.2,362.6,144.39999999999986,1,1,1.0
4,5,687.65,787.04,347.19999999999993,177.69000000000005,1,1,1.0
4,6,943.0,512.9,152.5999999999999,271.20000000000005,1,1,1.0
4,7,1043.2,538.9,254.89999999999986,167.60000000000002,1,1,1.0
4,8,1191.3,717.1,346.10000000000014,181.10000000000002,1,1,1.0
4,9,1237.4,729.8,248.89999999999986,270.0,1,1,1.0
5,1,298.8,652.2,101.19999999999999,203.29999999999995,1,1,0.0
5,2,388.27,482.83,175.23000000000002,297.07,1,1,1.0
5,3,415.63,473.92,264.37,159.87999999999994,1,1,1.0
5,4,489.6,932.5,349.19999999999993,129.4000000000001,1,1,1.0
5,5,853.6,731.83,302.65999999999997,131.26999999999998,1,1,1.0
5,6,951.2,516.7,147.5999999999999,267.4,1,1,1.0
5,7,1048.9,517.5,267.39999999999986,186.5,1,1,1.0
5,8,1217.0,721.5,322.9000000000001,194.29999999999995,1,1,1.0
5,9,1240.7,726.9,244.0999999999999,276.6,1,1,1.0
6,1,291.6,652.2,109.39999999999998,226.0,1,1,0.0
6,2,388.78,484.92,175.12,297.68,1,1,1.0
6,3,417.72,475.69,264.98,161.10999999999996,1,1,1.0
6,4,499.6,933.9,339.19999999999993,142.39999999999998,1,1,1.0
6,5,1102.3,656.48,374.84000000000015,117.41999999999996,1,1,1.0
6,6,944.9,502.3,142.5000000000001,242.90000000000003,1,1,1.0
6,7,1048.9,543.9,281.1999999999998,156.80000000000007,1,1,1.0
6,8,1152.1,729.7,385.3000000000002,154.5,1,1,1.0
6,9,1246.5,732.7,240.79999999999995,264.69999999999993,1,1,1.0
7,1,291.6,493.7,105.79999999999995,363.7,1,1,0.0
7,2,391.53,485.94,173.87,294.96,1,1,1.0
7,3,419.85,475.69,264.65,162.51000000000005,1,1,1.0
7,4,495.8,935.0,348.7,136.9000000000001,1,1,1.0
7,5,1340.9,598.71,291.9699999999998,127.49000000000001,1,1,1.0
7,6,952.4,529.9,145.69999999999993,234.60000000000002,1,1,1.0
7,7,1048.9,539.5,263.0,159.5,1,1,1.0
7,8,1140.4,760.85,401.41999999999985,131.14999999999998,1,1,1.0
7,9,1227.6,744.7,289.60000000000014,249.69999999999993,1,1,1.0
8,1,291.6,500.0,110.89999999999998,352.0,1,1,0.0
8,2,395.7,491.3,169.2,290.7,1,1,1.0
8,3,419.5,475.69,267.6,161.81,1,1,1.0
8,4,486.4,921.8,358.70000000000005,149.5,1,1,1.0
8,5,1465.2,571.08,167.0,119.91999999999996,1,1,1.0
8,6,954.9,512.9,145.69999999999993,254.39999999999998,1,1,1.0
8,7,1048.9,526.6,258.79999999999995,177.5,1,1,1.0
8,8,1146.4,777.32,391.0799999999999,118.27999999999997,1,1,1.0
8,9,1236.3,756.5,279.0,239.0,1,1,1.0
9,1,291.6,496.1,113.89999999999998,350.5,1,1,0.0
9,2,398.77,495.9,166.63,287.5,1,1,1.0
9,3,418.44,474.98,271.06,161.31999999999994,1,1,1.0
9,4,524.7,804.1,288.0999999999999,252.39999999999998,1,1,1.0
9,5,1524.0,546.0,108.20000000000005,103.60000000000002,1,1,0.0
9,6,954.9,511.0,148.5000000000001,262.1,1,1,1.0
9,7,1048.9,527.0,258.5999999999999,178.29999999999995,1,1,1.0
9,8,1174.9,752.9,359.39999999999986,139.20000000000005,1,1,1.0
9,9,1230.1,760.3,295.4000000000001,229.70000000000005,1,1,1.0
10,1,292.9,662.1,108.10000000000002,184.5,1,1,0.0
10,2,398.26,495.67,165.03999999999996,287.22999999999996,1,1,1.0
10,3,419.5,475.69,268.6,163.20999999999998,1,1,1.0
10,4,557.3,786.8,268.1,302.79999999999995,1,1,1.0
10,5,1532.4,541.0,99.79999999999995,116.10000000000002,1,1,0.0
10,6,954.9,528.0,148.10000000000002,251.10000000000002,1,1,1.0
10,7,1063.3,518.8,266.20000000000005,181.5,1,1,1.0
10,8,1171.1,752.9,363.20000000000005,139.20000000000005,1,1,1.0
10,9,1234.1,767.6,306.3000000000002,223.89999999999998,1,1,1.0
11,1,292.9,498.5,108.10000000000002,351.9,1,1,0.0
11,2,397.7,493.9,165.09999999999997,289.0,1,1,1.0
11,3,419.5,477.47,269.0,162.13,1,1,1.0
11,4,560.8,799.3,274.20000000000005,296.4000000000001,1,1,1.0
11,5,1532.4,551.7,99.79999999999995,114.29999999999995,1,1,0.0
11,6,954.9,540.1,147.0000000000001,241.5,1,1,1.0
11,7,1055.1,567.8,308.3000000000002,118.70000000000005,1,1,1.0
11,8,1168.0,757.9,368.79999999999995,134.20000000000005,1,1,1.0
11,9,1221.0,767.6,319.4000000000001,221.69999999999993,1,1,1.0
12,1,296.7,487.8,104.30000000000001,362.59999999999997,1,1,0.0
12,2,397.23,494.41,162.97000000000003,290.48999999999995,1,1,1.0
12,3,419.5,475.69,270.20000000000005,159.70999999999998,1,1,1.0
12,4,564.2,833.8,275.0,262.79999999999995,1,1,1.0
12,5,1536.2,551.7,96.0,111.09999999999991,1,1,0.0
12,6,958.7,543.1,145.0,234.79999999999995,1,1,1.0
12,7,1044.6,586.6,314.4000000000001,119.39999999999998,1,1,1.0
12,8,1173.2,751.6,361.89999999999986,142.39999999999998,1,1,1.0
12,9,1215.9,772.0,328.0999999999999,221.70000000000005,1,1,1.0
13,1,296.7,662.1,104.30000000000001,188.29999999999995,1,1,0.0
13,2,398.3,495.4,163.49999999999994,289.5,1,1,1.0
13,3,419.5,475.69,270.9,159.31,1,1,1.0
13,4,551.0,837.62,320.4,241.58000000000004,1,1,1.0
13,5,1536.2,540.4,96.0,117.39999999999998,1,1,0.0
13,6,956.8,538.0,146.20000000000005,238.60000000000002,1,1,1.0
13,7,1039.5,564.6,315.70000000000005,141.39999999999998,1,1,1.0
13,8,1183.7,742.45,346.45000000000005,153.14999999999998,1,1,1.0
13,9,1237.0,763.7,304.4000000000001,228.5,1,1,1.0
14,1,294.0,662.1,107.0,193.69999999999993,1,1,0.0
14,2,398.77,495.94,162.43000000000006,288.46,1,1,1.0
14,3,418.62,479.98,273.08000000000004,154.62,1,1,1.0
14,4,593.7,835.1,301.5999999999999,200.4999999999999,1,1,1.0
14,5,1536.2,547.3,96.0,116.80000000000007,1,1,0.0
14,6,951.9,522.2,148.69999999999993,251.89999999999998,1,1,1.0
14,7,1003.6,559.6,329.69999999999993,143.89999999999998,1,1,1.0
14,8,1182.4,751.0,353.79999999999995,145.5,1,1,1.0
14,9,1206.9,772.4,339.29999999999995,218.10000000000002,1,1,1.0
15,1,298.5,653.4,102.5,207.80000000000007,1,1,0.0
15,2,400.33,495.43,159.37000000000006,289.46999999999997,1,1,1.0
15,3,420.39,481.04,274.61,153.06,1,1,1.0
15,4,586.2,816.9,319.69999999999993,140.20000000000005,1,1,1.0
15,5,1539.3,547.3,92.90000000000009,116.80000000000007,1,1,0.0
15,6,950.8,488.4,146.70000000000005,283.20000000000005,1,1,1.0
15,7,1005.5,560.9,331.5999999999999,131.30000000000007,1,1,1.0
15,8,1179.8,751.0,356.4000000000001,138.60000000000002,1,1,1.0
15,9,1205.2,787.2,343.5999999999999,197.19999999999993,1,1,1.0
16,1,298.5,654.4,102.5,206.80000000000007,1,1,0.0
16,2,399.82,493.39,161.28000000000003,291.21000000000004,1,1,1.0
16,3,420.75,483.17,276.15,148.03000000000003,1,1,1.0
16,4,606.8,803.7,285.30000000000007,146.79999999999995,1,1,1.0
16,5,1539.3,547.3,92.90000000000009,102.40000000000009,1,1,0.0
16,6,955.5,506.1,159.5999999999999,274.9,1,1,1.0
16,7,1028.1,538.9,323.4000000000001,139.70000000000005,1,1,1.0
16,8,1179.3,751.0,355.60000000000014,138.60000000000002,1,1,1.0
16,9,1225.7,781.6,324.89999999999986,204.5,1,1,1.0
17,1,299.4,490.3,99.20000000000005,357.40000000000003,1,1,0.0
17,2,399.82,496.61,161.28000000000003,286.78999999999996,1,1,1.0
17,3,420.75,481.75,276.45000000000005,148.75,1,1,1.0
17,4,601.8,801.99,289.33000000000004,141.51,1,1,1.0
17,5,1556.9,534.1,75.29999999999995,107.39999999999998,1,1,0.0
17,6,956.0,514.3,150.29999999999995,273.6,1,1,1.0
17,7,1026.2,533.2,326.5999999999999,135.69999999999993,1,1,1.0
17,8,1180.6,751.0,355.60000000000014,138.60000000000002,1,1,1.0
17,9,1204.8,778.5,343.20000000000005,207.60000000000002,1,1,1.0
18,1,296.5,483.0,102.10000000000002,364.0,1,1,0.0
18,2,418.51,506.77,140.69000000000005,276.63,1,1,1.0
18,3,418.97,480.87,278.23,148.52999999999997,1,1,1.0
18,4,601.8,804.55,292.2800000000001,141.95000000000005,1,1,1.0
18,5,1566.9,534.1,62.69999999999982,74.69999999999993,1,1,0.0
18,6,947.18,514.35,142.12,273.15,1,1,1.0
18,7,1042.5,545.8,289.5999999999999,126.90000000000009,1,1,1.0
18,8,1177.2,751.0,355.5999999999999,142.39999999999998,1,1,1.0
18,9,1204.8,779.35,343.20000000000005,208.29999999999995,1,1,1.0
19,10,1630.68,1018.49,15.259999999999991,23.549999999999955,1,1,0.0
19,1,296.5,501.2,138.39999999999998,342.50000000000006,1,1,0.0
19,2,426.7,523.6,133.50000000000006,262.29999999999995,1,1,1.0
19,3,418.0,483.0,280.9,147.39999999999998,1,1,1.0
19,4,585.5,810.6,383.9,138.29999999999995,1,1,1.0
19,5,1568.2,534.1,60.59999999999991,74.69999999999993,1,1,0.0
19,6,948.6,517.2,141.9999999999999,263.19999999999993,1,1,1.0
19,7,1051.9,543.2,286.5,129.5,1,1,1.0
19,8,1181.4,752.3,354.79999999999995,139.0,1,1,1.0
19,9,1204.8,780.2,343.20000000000005,209.0,1,1,1.0
20,10,1635.6,1041.16,12.090000000000146,23.549999999999955,1,1,0.0
20,1,284.1,501.6,166.79999999999995,337.69999999999993,1,1,0.0
20,2,427.7,524.5,132.50000000000006,261.0,1,1,1.0
20,3,419.77,481.94,279.53,146.66000000000003,1,1,1.0
20,4,575.4,825.0,430.4,141.29999999999995,1,1,1.0
20,5,1568.2,534.1,60.200000000000045,74.69999999999993,1,1,0.0
20,6,948.6,532.9,143.89999999999998,248.70000000000005,1,1,1.0
20,7,1059.4,523.9,285.89999999999986,156.30000000000007,1,1,1.0
20,8,1148.5,766.1,386.4000000000001,123.5,1,1,1.0
20,9,1200.9,785.0,348.0,201.60000000000002,1,1,1.0
21,10,1624.66,989.14,21.980000000000018,34.83000000000004,1,1,0.0
21,1,281.6,504.9,175.09999999999997,323.1,1,1,0.0
21,2,427.6,526.5,130.89999999999998,255.5,1,1,1.0
21,3,425.3,481.6,273.59999999999997,148.79999999999995,1,1,1.0
21,4,605.85,841.57,385.35,210.52999999999986,1,1,1.0
21,5,1573.9,534.1,54.5,66.89999999999998,1,1,0.0
21,6,951.7,528.1,145.20000000000005,247.89999999999998,1,1,1.0
21,7,1055.1,525.1,276.4000000000001,155.10000000000002,1,1,1.0
21,8,1169.5,768.2,368.4000000000001,120.09999999999991,1,1,1.0
21,9,1204.4,790.2,349.6999999999998,189.89999999999998,1,1,1.0
22,10,1613.71,937.12,31.889999999999873,46.10000000000002,1,1,0.0
22,1,281.6,504.5,172.59999999999997,323.5,1,1,0.0
22,2,427.6,528.9,132.19999999999993,247.89999999999998,1,1,1.0
22,3,425.3,480.4,273.7,145.60000000000002,1,1,1.0
22,4,659.17,804.15,379.73000000000013,240.44999999999993,1,1,1.0
22,5,1567.8,534.1,61.0,79.5,1,1,0.0
22,6,953.1,525.4,140.69999999999993,252.70000000000005,1,1,1.0
22,7,1059.4,525.7,258.29999999999995,158.29999999999995,1,1,1.0
22,8,1210.1,766.5,326.10000000000014,138.79999999999995,1,1,1.0
22,9,1222.3,784.1,334.4000000000001,198.60000000000002,1,1,1.0
23,10,1602.77,885.09,41.77999999999997,57.389999999999986,1,1,0.0
23,1,276.9,508.5,183.10000000000002,313.70000000000005,1,1,0.0
23,2,427.6,531.5,131.5,244.39999999999998,1,1,1.0
23,3,425.3,480.4,271.59999999999997,144.80000000000007,1,1,1.0
23,4,658.75,805.85,375.04999999999995,235.2499999999999,1,1,1.0
23,5,1571.3,532.4,57.5,69.39999999999998,1,1,0.0
23,6,949.8,503.4,145.79999999999995,282.6,1,1,1.0
23,7,1056.9,527.4,262.89999999999986,156.60000000000002,1,1,1.0
23,8,1205.7,763.5,328.29999999999995,167.5,1,1,1.0
23,9,1211.8,774.1,338.79999999999995,211.69999999999993,1,1,1.0
24,10,1591.83,833.07,51.67000000000007,68.65999999999997,1,1,0.0
24,1,270.7,503.4,187.5,301.0,1,1,0.0
24,2,427.6,532.35,132.0,245.04999999999995,1,1,1.0
24,3,425.3,480.4,272.3,144.39999999999998,1,1,1.0
24,4,663.75,810.79,321.65,236.71000000000004,1,1,1.0
24,5,1567.4,527.1,61.0,74.69999999999993,1,1,0.0
24,6,950.2,512.7,146.89999999999986,277.69999999999993,1,1,1.0
24,7,1056.9,527.0,270.79999999999995,160.79999999999995,1,1,1.0
24,8,1210.3,753.15,321.0,170.75,1,1,1.0
24,9,1239.7,760.6,302.20000000000005,226.5,1,1,1.0
25,10,1580.89,781.05,61.569999999999936,79.94000000000005,1,1,0.0
25,1,263.1,509.6,199.09999999999997,290.79999999999995,1,1,0.0
25,2,426.58,533.71,132.52000000000004,243.18999999999994,1,1,1.0
25,3,425.3,480.4,271.09999999999997,143.89999999999998,1,1,1.0
25,4,684.45,822.5,252.04999999999995,265.0999999999999,1,1,1.0
25,5,1581.8,521.0,43.600000000000136,40.700000000000045,1,1,0.0
25,6,965.5,507.6,165.4000000000001,287.79999999999995,1,1,1.0
25,7,1063.7,523.2,257.0999999999999,169.0,1,1,1.0
25,8,1198.5,750.15,331.5799999999999,150.75,1,1,1.0
25,9,1234.5,758.9,307.4000000000001,231.30000000000007,1,1,1.0
26,10,1569.94,729.02,71.47000000000003,91.22000000000003,1,1,0.0
26,1,257.7,509.6,204.5,283.5,1,1,0.0
26,2,426.07,533.71,133.32999999999998,244.49,1,1,1.0
26,3,426.36,479.33,270.03999999999996,144.96999999999997,1,1,1.0
26,4,714.8,816.2,200.0,309.70000000000005,1,1,1.0
26,5,1590.9,520.59,33.75,32.360000000000014,1,1,0.0
26,6,962.1,512.8,189.39999999999998,287.6,1,1,1.0
26,7,1066.3,527.0,259.5,165.20000000000005,1,1,1.0
26,8,1220.5,745.73,314.6600000000001,195.47000000000003,1,1,1.0
26,9,1231.8,759.73,307.04999999999995,230.37,1,1,1.0
27,10,1559.0,677.0,81.3599999999999,102.5,1,1,0.0
27,1,255.9,510.7,200.79999999999998,281.3,1,1,0.0
27,2,426.07,536.27,133.82999999999998,244.02999999999997,1,1,1.0
27,3,426.01,480.04,270.09000000000003,145.35999999999996,1,1,1.0
27,4,767.0,840.7,140.89999999999998,345.5,1,1,1.0
27,5,1599.99,520.17,23.910000000000082,24.030000000000086,1,1,0.0
27,6,957.7,511.1,195.5,286.19999999999993,1,1,1.0
27,7,1058.6,535.8,288.60000000000014,151.30000000000007,1,1,1.0
27,8,1196.9,747.8,338.53999999999996,156.10000000000002,1,1,1.0
27,9,1244.9,758.0,293.89999999999986,230.42999999999995,1,1,1.0
28,10,1539.1,646.1,98.80000000000018,121.39999999999998,1,1,0.0
28,1,256.2,500.9,179.8,291.1,1,1,0.0
28,2,426.8,535.8,133.08999999999997,244.36,1,1,1.0
28,3,426.37,479.69,270.92999999999995,145.10999999999996,1,1,1.0
28,4,753.4,871.87,157.0,342.7299999999999,1,1,1.0
28,5,1609.08,519.76,14.070000000000164,15.690000000000055,1,1,0.0
28,6,962.4,495.8,128.80000000000007,290.2,1,1,1.0
28,7,1062.9,505.9,260.39999999999986,186.30000000000007,1,1,1.0
28,8,1157.5,751.15,374.51,138.35000000000002,1,1,1.0
28,9,1215.2,765.0,322.39999999999986,227.79999999999995,1,1,1.0
29,10,1563.3,640.0,76.70000000000005,127.5,1,1,0.0
29,1,256.2,489.3,182.7,302.7,1,1,0.0
29,2,426.3,535.0,133.09999999999997,242.20000000000005,1,1,1.0
29,3,427.07,478.98,269.33,145.51999999999998,1,1,1.0
29,4,746.9,887.8,163.5,342.4000000000001,1,1,1.0
29,5,1618.18,519.35,4.220000000000027,7.350000000000023,1,1,0.0
29,6,954.8,514.6,128.20000000000005,286.5,1,1,1.0
29,7,1059.2,522.0,265.5999999999999,172.29999999999995,1,1,1.0
29,8,1170.0,756.0,365.4200000000001,134.39999999999998,1,1,1.0
29,9,1219.0,769.4,325.0999999999999,219.5,1,1,1.0
30,10,1548.0,644.5,88.09999999999991,106.29999999999995,1,1,0.0
30,1,250.7,657.3,146.2,132.9000000000001,1,1,0.0
30,2,427.6,535.9,131.79999999999995,241.30000000000007,1,1,1.0
30,3,425.3,479.33,270.40000000000003,145.77000000000004,1,1,1.0
30,4,750.7,874.9,159.69999999999993,332.1,1,1,1.0
30,5,1619.87,576.58,5.1400000000001,13.42999999999995,1,1,0.0
30,6,959.0,514.6,144.9000000000001,281.5,1,1,1.0
30,7,1060.5,524.15,269.51,170.64999999999998,1,1,1.0
30,8,1197.6,774.94,340.94000000000005,111.05999999999995,1,1,1.0
30,9,1240.5,776.0,311.5,211.10000000000002,1,1,1.0
31,10,1546.22,639.9,90.57999999999993,115.87,1,1,0.0
31,1,259.4,657.3,137.5,136.20000000000005,1,1,0.0
31,2,428.9,535.0,130.5,245.60000000000002,1,1,1.0
31,3,426.72,479.69,269.67999999999995,145.41000000000003,1,1,1.0
31,4,755.1,866.5,155.29999999999995,326.70000000000005,1,1,1.0
31,5,1621.56,633.82,6.059999999999945,19.5,1,1,0.0
31,6,951.1,514.6,160.19999999999993,275.19999999999993,1,1,1.0
31,7,1060.0,522.33,271.4000000000001,172.0,1,1,1.0
31,8,1238.2,778.25,287.0999999999999,111.54999999999995,1,1,1.0
31,9,1247.0,777.4,299.29999999999995,212.80000000000007,1,1,1.0
32,10,1555.0,644.5,82.90000000000009,118.89999999999998,1,1,0.0
32,1,259.4,657.3,137.5,136.20000000000005,1,1,0.0
32,2,428.5,536.3,132.60000000000002,243.5,1,1,1.0
32,3,427.79,479.69,270.31,145.10999999999996,1,1,1.0
32,4,743.2,884.7,167.19999999999993,340.5,1,1,1.0
32,5,1623.25,691.05,6.980000000000018,25.58000000000004,1,1,0.0
32,6,945.4,539.7,166.5000000000001,245.89999999999998,1,1,1.0
32,7,1061.7,526.98,254.25,168.19999999999993,1,1,1.0
32,8,1195.5,775.3,339.29999999999995,110.70000000000005,1,1,1.0
32,9,1247.0,784.3,302.0,205.0,1,1,1.0
33,10,1520.8,642.01,116.0,116.49000000000001,1,1,0.0
33,1,259.4,657.3,137.5,136.20000000000005,1,1,0.0
33,2,430.6,519.7,130.10000000000002,261.0,1,1,1.0
33,3,425.3,480.4,269.49999999999994,144.20000000000005,1,1,1.0
33,4,708.0,879.7,202.39999999999998,316.5999999999999,1,1,1.0
33,5,1624.94,748.29,7.899999999999864,31.65000000000009,1,1,0.0
33,6,950.65,512.68,156.44999999999993,274.4200000000001,1,1,1.0
33,7,1056.6,521.5,276.70000000000005,170.70000000000005,1,1,1.0
33,8,1198.9,739.3,338.79999999999995,137.60000000000002,1,1,1.0
33,9,1225.2,777.33,326.29999999999995,211.9699999999999,1,1,1.0
34,10,1520.8,640.2,115.70000000000005,119.0,1,1,0.0
34,1,259.4,657.3,137.5,136.20000000000005,1,1,0.0
34,2,430.2,531.43,129.57999999999998,249.30000000000007,1,1,1.0
34,3,425.3,480.4,271.59999999999997,144.20000000000005,1,1,1.0
34,4,741.3,874.7,167.10000000000002,325.39999999999986,1,1,1.0
34,5,1626.63,805.52,8.819999999999936,37.74000000000001,1,1,0.0
34,6,949.8,511.4,154.79999999999995,271.30000000000007,1,1,1.0
34,7,1060.0,523.83,307.81999999999994,167.06999999999994,1,1,1.0
34,8,1188.6,745.15,341.9100000000001,160.55000000000007,1,1,1.0
34,9,1226.6,781.7,331.4000000000001,209.0,1,1,1.0
35,10,1514.6,639.88,121.5,118.91999999999996,1,1,0.0
35,1,254.3,501.3,174.2,293.99999999999994,1,1,0.0
35,2,432.0,558.5,127.79999999999995,231.39999999999998,1,1,1.0
35,3,425.3,480.4,271.09999999999997,146.30000000000007,1,1,1.0
35,4,741.3,881.0,169.10000000000002,339.20000000000005,1,1,1.0
35,5,1628.33,862.76,9.730000000000018,43.81000000000006,1,1,0.0
35,6,949.8,516.4,144.5,265.9,1,1,1.0
35,7,1060.4,541.43,306.67999999999984,145.07000000000005,1,1,1.0
35,8,1229.6,723.88,292.71000000000004,213.32000000000005,1,1,1.0
35,9,1254.1,769.9,303.9000000000001,251.80000000000007,1,1,1.0
36,10,1515.4,644.5,121.40999999999985,115.10000000000002,1,1,0.0
36,1,254.3,665.3,128.7,130.0,1,1,0.0
36,2,439.4,549.8,121.30000000000007,257.1,1,1,1.0
36,3,425.3,480.4,269.49999999999994,142.60000000000002,1,1,1.0
36,4,766.4,879.0,172.89999999999998,320.5,1,1,1.0
36,5,1630.02,919.99,10.650000000000091,49.889999999999986,1,1,0.0
36,6,868.2,529.0,238.70000000000005,245.79999999999995,1,1,1.0
36,7,1059.6,542.73,306.6300000000001,140.39999999999998,1,1,1.0
36,8,1188.6,759.8,342.10000000000014,107.10000000000002,1,1,1.0
36,9,1242.3,788.7,338.4000000000001,276.5999999999999,1,1,1.0
37,10,1518.7,642.4,117.79999999999995,117.5,1,1,0.0
37,1,254.3,665.3,128.7,130.0,1,1,0.0
37,2,435.5,538.5,125.20000000000005,268.4,1,1,1.0
37,3,425.3,480.4,269.49999999999994,144.70000000000005,1,1,1.0
37,4,768.3,865.9,155.9000000000001,316.0000000000001,1,1,1.0
37,5,1631.71,977.23,11.569999999999936,55.960000000000036,1,1,0.0
37,6,868.2,524.6,226.79999999999995,268.29999999999995,1,1,1.0
37,7,1055.45,543.58,314.0999999999999,137.81999999999994,1,1,1.0
37,8,1183.6,739.8,309.70000000000005,111.0,1,1,1.0
37,9,1248.0,771.7,314.4000000000001,267.39999999999986,1,1,1.0
38,10,1531.8,643.4,104.29999999999995,118.30000000000007,1,1,0.0
38,1,256.8,665.3,126.19999999999999,133.80000000000007,1,1,0.0
38,2,440.7,557.2,127.00000000000006,251.0999999999999,1,1,1.0
38,3,425.3,480.4,269.49999999999994,144.70000000000005,1,1,1.0
38,4,665.3,851.4,270.20000000000005,285.9,1,1,1.0
38,5,1633.4,1034.46,12.490000000000009,62.039999999999964,1,1,0.0
38,6,944.5,514.6,154.9000000000001,290.4,1,1,1.0
38,7,1053.7,543.15,317.75,136.55000000000007,1,1,1.0
38,8,1202.4,711.9,269.5,133.89999999999998,1,1,1.0
38,9,1238.0,770.8,323.0999999999999,247.80000000000007,1,1,1.0
39,10,1512.4,644.5,124.39999999999986,117.89999999999998,1,1,0.0
39,1,256.8,665.3,126.19999999999999,133.80000000000007,1,1,0.0
39,2,462.5,626.9,139.60000000000002,261.1,1,1,1.0
39,3,425.3,480.4,265.3,144.70000000000005,1,1,1.0
39,4,648.3,871.7,307.9000000000001,251.20000000000005,1,1,1.0
39,5,1631.4,1051.67,14.3599999999999,39.57999999999993,1,1,0.0
39,6,949.3,533.4,140.70000000000005,268.5,1,1,1.0
39,7,1054.6,542.3,314.2900000000002,133.5,1,1,1.0
39,8,1169.9,714.7,322.6999999999998,143.19999999999993,1,1,1.0
39,9,1238.0,784.8,330.9000000000001,212.9000000000001,1,1,1.0
40,10,1495.81,621.94,141.8900000000001,141.26,1,1,1.0
40,1,262.3,487.9,177.7,310.5,1,1,0.0
40,2,444.2,637.8,215.90000000000003,277.20000000000005,1,1,1.0
40,3,425.3,480.4,268.40000000000003,144.70000000000005,1,1,1.0
40,4,720.5,871.2,231.20000000000005,256.70000000000005,1,1,1.0
40,5,1629.4,1068.89,16.230000000000018,17.1099999999999,1,1,0.0
40,6,951.4,517.1,137.30000000000007,284.4,1,1,1.0
40,7,1055.9,542.73,318.53,133.5,1,1,1.0
40,8,1179.4,721.8,318.0,180.5,1,1,1.0
40,9,1235.0,768.2,319.5,223.39999999999998,1,1,1.0
41,10,1507.7,613.6,130.5,155.0,1,1,1.0
41,1,253.4,482.7,189.70000000000002,307.3,1,1,0.0
41,2,478.2,567.6,244.7,282.9,1,1,1.0
41,3,425.3,479.0,268.40000000000003,143.5,1,1,1.0
41,4,740.0,839.4,191.10000000000002,335.0000000000001,1,1,1.0
41,5,1629.82,1069.24,15.710000000000036,17.200000000000045,1,1,0.0
41,6,946.8,510.8,141.9000000000001,286.3,1,1,1.0
41,7,1050.5,543.7,320.95000000000005,131.69999999999993,1,1,1.0
41,8,1129.6,724.7,365.60000000000014,147.5,1,1,1.0
41,9,1222.8,775.2,330.4000000000001,213.79999999999995,1,1,1.0
42,10,1496.41,613.1,140.28999999999996,140.79999999999995,1,1,1.0
42,1,249.7,482.7,193.40000000000003,304.7,1,1,0.0
42,2,518.3,531.4,222.9000000000001,282.9,1,1,1.0
42,3,425.3,480.4,270.90000000000003,140.0,1,1,1.0
42,4,763.4,812.7,181.30000000000007,341.20000000000005,1,1,1.0
42,5,1630.24,1069.59,15.190000000000055,17.300000000000182,1,1,0.0
42,6,946.8,510.8,141.9000000000001,285.90000000000003,1,1,1.0
42,7,1048.8,545.4,307.20000000000005,130.39999999999998,1,1,1.0
42,8,1160.4,724.7,334.79999999999995,161.29999999999995,1,1,1.0
42,9,1222.8,771.3,324.29999999999995,216.4000000000001,1,1,1.0
43,10,1496.76,601.75,139.44000000000005,143.64999999999998,1,1,1.0
43,1,245.0,487.4,192.89999999999998,297.4,1,1,0.0
43,2,557.1,522.2,226.39999999999998,290.79999999999995,1,1,1.0
43,3,426.36,478.62,268.03999999999996,139.58000000000004,1,1,1.0
43,4,673.59,940.94,353.11,208.05999999999995,1,1,1.0
43,5,1630.67,1069.95,14.659999999999854,17.37999999999988,1,1,0.0
43,6,946.8,512.7,141.9000000000001,281.69999999999993,1,1,1.0
43,7,1048.8,541.6,275.20000000000005,124.19999999999993,1,1,1.0
43,8,1156.0,727.2,337.9000000000001,155.0,1,1,1.0
43,9,1226.6,773.9,321.4000000000001,215.10000000000002,1,1,1.0
44,10,1517.7,611.0,118.20000000000005,127.29999999999995,1,1,1.0
44,1,248.7,496.3,185.0,291.09999999999997,1,1,0.0
44,2,555.4,533.53,237.70000000000005,275.57000000000005,1,1,1.0
44,3,425.3,480.4,268.40000000000003,142.10000000000002,1,1,1.0
44,4,648.4,1007.1,381.80000000000007,152.80000000000007,1,1,1.0
44,5,1631.09,1070.3,14.150000000000091,17.480000000000018,1,1,0.0
44,6,945.5,515.68,143.20000000000005,277.0200000000001,1,1,1.0
44,7,1049.7,539.1,289.39999999999986,135.29999999999995,1,1,1.0
44,8,1127.8,730.3,367.4000000000001,135.60000000000002,1,1,1.0
44,9,1230.2,774.4,321.29999999999995,213.30000000000007,1,1,1.0
45,10,1519.1,603.2,116.0,127.79999999999995,1,1,1.0
45,1,248.7,486.4,185.0,301.0,1,1,0.0
45,2,561.9,529.23,221.64999999999998,280.66999999999996,1,1,1.0
45,3,423.2,478.6,271.90000000000003,139.60000000000002,1,1,1.0
45,4,659.0,952.3,375.0,207.60000000000014,1,1,1.0
45,5,1631.51,1070.65,13.63000000000011,17.569999999999936,1,1,0.0
45,6,946.8,512.7,141.9000000000001,279.5999999999999,1,1,1.0
45,7,1070.1,523.2,306.70000000000005,155.79999999999995,1,1,1.0
45,8,1120.8,730.3,376.10000000000014,138.10000000000002,1,1,1.0
45,9,1222.8,767.0,325.20000000000005,220.70000000000005,1,1,1.0
46,10,1514.71,602.84,120.58999999999992,127.45999999999992,1,1,1.0
46,1,252.9,486.4,180.79999999999998,302.6,1,1,0.0
46,2,565.0,535.28,218.14,273.82000000000005,1,1,1.0
46,3,425.3,478.6,269.49999999999994,138.69999999999993,1,1,1.0
46,4,667.8,949.76,369.73,213.53999999999996,1,1,1.0
46,5,1631.93,1071.0,13.1099999999999,17.670000000000073,1,1,0.0
46,6,946.8,512.7,141.9000000000001,279.5999999999999,1,1,1.0
46,7,1085.2,521.5,289.0,168.79999999999995,1,1,1.0
46,8,1119.1,731.6,377.8000000000002,137.19999999999993,1,1,1.0
46,9,1228.0,762.2,315.5999999999999,227.19999999999993,1,1,1.0
47,10,1518.2,603.2,118.0,127.79999999999995,1,1,1.0
47,1,252.9,486.4,180.79999999999998,302.6,1,1,0.0
47,2,565.9,540.67,215.45000000000005,265.43000000000006,1,1,1.0
47,3,424.9,478.3,267.80000000000007,138.99999999999994,1,1,1.0
47,4,668.3,958.61,376.5,204.68999999999994,1,1,1.0
47,5,1632.36,1071.35,12.580000000000155,17.75999999999999,1,1,0.0
47,6,887.8,527.1,200.9000000000001,261.4,1,1,1.0
47,7,1078.9,530.9,301.5,157.5,1,1,1.0
47,8,1117.4,732.3,380.6999999999998,136.70000000000005,1,1,1.0
47,9,1236.7,761.3,300.79999999999995,229.9000000000001,1,1,1.0
48,10,1527.1,603.2,108.0,127.79999999999995,1,1,1.0
48,1,252.9,486.4,180.79999999999998,302.6,1,1,0.0
48,2,563.7,537.1,222.39999999999998,268.5,1,1,1.0
48,3,425.3,480.4,269.90000000000003,135.10000000000002,1,1,1.0
48,4,669.8,960.69,369.1600000000001,201.6099999999999,1,1,1.0
48,5,1632.78,1071.71,12.069999999999936,17.84999999999991,1,1,0.0
48,6,848.9,530.8,248.19999999999993,264.6,1,1,1.0
48,7,1067.6,545.3,299.70000000000005,134.30000000000007,1,1,1.0
48,8,1148.1,730.1,350.0,145.39999999999998,1,1,1.0
48,9,1231.9,761.3,306.89999999999986,229.9000000000001,1,1,1.0
49,10,1519.8,603.2,116.90000000000009,130.5999999999999,1,1,1.0
49,1,247.1,483.9,186.6,301.80000000000007,1,1,0.0
49,2,564.2,544.95,211.94999999999993,259.3499999999999,1,1,1.0
49,3,419.62,479.33,268.48,137.96999999999997,1,1,1.0
49,4,670.2,971.71,359.5,196.28999999999996,1,1,1.0
49,5,1633.2,1072.06,11.549999999999955,17.940000000000055,1,1,0.0
49,6,846.4,536.5,261.4,263.1,1,1,1.0
49,7,1069.5,529.2,310.9000000000001,156.0999999999999,1,1,1.0
49,8,1149.2,728.3,348.89999999999986,142.5,1,1,1.0
49,9,1244.9,761.3,293.89999999999986,231.20000000000005,1,1,1.0
50,10,1513.0,603.2,121.59999999999991,127.79999999999995,1,1,1.0
50,1,252.9,502.8,149.9,286.49999999999994,1,1,0.0
50,2,563.7,535.3,217.55999999999995,274.30000000000007,1,1,1.0
50,3,421.81,479.33,270.59,139.07,1,1,1.0
50,4,665.7,979.4,378.16999999999985,185.0000000000001,1,1,1.0
50,5,1631.6,1067.05,13.25,22.25,1,1,0.0
50,6,866.7,514.5,244.0999999999999,283.4,1,1,1.0
50,7,1067.7,533.0,288.89999999999986,152.29999999999995,1,1,1.0
50,8,1124.5,728.3,373.5999999999999,141.0,1,1,1.0
50,9,1235.3,760.02,304.78,231.58000000000004,1,1,1.0
51,10,1540.2,603.2,94.89999999999986,131.0,1,1,1.0
51,1,256.2,665.4,128.0,129.0,1,1,0.0
51,2,563.7,536.15,217.55999999999995,272.15,1,1,1.0
51,3,421.1,480.4,275.79999999999995,136.89999999999998,1,1,1.0
51,4,664.7,989.31,372.23,177.19000000000005,1,1,1.0
51,5,1630.0,1062.04,14.950000000000045,26.559999999999945,1,1,0.0
51,6,850.4,508.8,255.30000000000007,289.09999999999997,1,1,1.0
51,7,1071.6,530.43,299.76,153.07000000000005,1,1,1.0
51,8,1110.7,729.8,387.39999999999986,133.70000000000005,1,1,1.0
51,9,1238.7,759.6,298.81999999999994,233.79999999999995,1,1,1.0
52,10,1547.5,603.2,88.70000000000005,131.0,1,1,1.0
52,1,256.2,508.1,178.60000000000002,289.9,1,1,0.0
52,2,563.7,539.67,218.92999999999995,266.43000000000006,1,1,1.0
52,3,421.1,480.4,275.79999999999995,136.89999999999998,1,1,1.0
52,4,657.5,1000.61,383.3599999999999,152.9899999999999,1,1,1.0
52,5,1628.4,1057.03,16.649999999999864,30.87000000000012,1,1,0.0
52,6,884.7,499.1,218.5,303.79999999999995,1,1,1.0
52,7,1062.4,541.39,308.7199999999998,142.51,1,1,1.0
52,8,1107.8,735.6,388.60000000000014,128.60000000000002,1,1,1.0
52,9,1245.8,765.65,301.26,239.05000000000007,1,1,1.0
53,10,1551.2,603.2,84.5,131.69999999999993,1,1,1.0
53,1,256.2,505.0,189.10000000000002,289.4,1,1,0.0
53,2,560.8,543.5,239.75,265.1,1,1,1.0
53,3,421.1,480.4,270.0,139.5,1,1,1.0
53,4,653.9,1004.92,390.9900000000001,146.08000000000004,1,1,1.0
53,5,1626.76,1021.6,18.799999999999955,32.08000000000004,1,1,0.0
53,6,938.7,492.5,150.70000000000005,320.4,1,1,1.0
53,7,1061.29,534.94,308.5,151.45999999999992,1,1,1.0
53,8,1103.7,735.6,394.39999999999986,129.69999999999993,1,1,1.0
53,9,1253.2,757.4,288.68000000000006,242.89999999999998,1,1,1.0
54,10,1512.0,605.3,124.70000000000005,127.80000000000007,1,1,1.0
54,1,256.2,511.3,187.5,283.09999999999997,1,1,0.0
54,2,562.0,531.32,239.37,272.0799999999999,1,1,1.0
54,3,421.1,480.4,278.9,135.30000000000007,1,1,1.0
54,4,650.9,1007.99,387.4599999999999,141.6099999999999,1,1,1.0
54,5,1614.3,998.89,30.65000000000009,29.010000000000105,1,1,0.0
54,6,951.9,512.7,141.30000000000007,307.5999999999999,1,1,1.0
54,7,1067.3,536.75,298.1200000000001,148.95000000000005,1,1,1.0
54,8,1093.6,747.2,404.5,117.69999999999993,1,1,1.0
54,9,1243.2,760.38,298.68000000000006,235.12,1,1,1.0
55,10,1490.0,605.3,145.0999999999999,125.70000000000005,1,1,1.0
55,1,256.2,502.9,193.8,289.4,1,1,0.0
55,2,565.9,542.2,235.47000000000003,259.9,1,1,1.0
55,3,421.1,480.4,278.9,135.30000000000007,1,1,1.0
55,4,656.8,1014.6,386.70000000000005,131.4999999999999,1,1,1.0
55,5,1580.8,942.4,64.15000000000009,93.30000000000007,1,1,0.0
55,6,948.8,512.7,143.10000000000014,293.29999999999995,1,1,1.0
55,7,1063.3,538.5,336.70000000000005,139.29999999999995,1,1,1.0
55,8,1145.9,747.2,352.1999999999998,119.5,1,1,1.0
55,9,1243.7,760.5,296.03,233.70000000000005,1,1,1.0
56,10,1483.7,605.3,151.79999999999995,127.80000000000007,1,1,1.0
56,1,256.2,516.5,177.10000000000002,273.6,1,1,0.0
56,2,567.7,517.37,237.54999999999995,276.53,1,1,1.0
56,3,421.1,480.4,284.1,135.30000000000007,1,1,1.0
56,4,652.8,1007.37,391.4000000000001,138.83000000000004,1,1,1.0
56,5,1586.6,907.3,58.350000000000136,117.90000000000009,1,1,0.0
56,6,948.8,512.7,143.10000000000014,296.4,1,1,1.0
56,7,1055.8,539.2,310.5,134.69999999999993,1,1,1.0
56,8,1171.3,742.1,320.29999999999995,112.60000000000002,1,1,1.0
56,9,1245.81,765.7,296.5,231.5999999999999,1,1,1.0
57,10,1499.9,595.4,133.69999999999982,127.20000000000005,1,1,1.0
57,1,256.2,524.9,165.8,267.80000000000007,1,1,0.0
57,2,568.1,541.28,223.56999999999994,250.82000000000005,1,1,1.0
57,3,421.1,480.4,281.5,135.30000000000007,1,1,1.0
57,4,650.4,1008.9,387.5000000000001,137.30000000000007,1,1,1.0
57,5,1581.4,903.2,63.299999999999955,117.29999999999995,1,1,0.0
57,6,948.8,512.7,140.10000000000014,292.5999999999999,1,1,1.0
57,7,1054.5,543.5,308.29999999999995,131.10000000000002,1,1,1.0
57,8,1165.8,728.3,306.9000000000001,117.30000000000007,1,1,1.0
57,9,1244.1,764.0,304.8000000000002,228.10000000000002,1,1,1.0
58,10,1504.1,592.6,131.70000000000005,122.69999999999993,1,1,1.0
58,1,258.2,522.0,154.40000000000003,271.0,1,1,0.0
58,2,565.5,519.48,234.91999999999996,273.91999999999996,1,1,1.0
58,3,421.1,480.4,281.5,135.30000000000007,1,1,1.0
58,4,647.8,1008.9,398.29999999999995,139.89999999999998,1,1,1.0
58,5,1581.4,906.7,63.549999999999955,113.79999999999995,1,1,0.0
58,6,948.37,515.26,139.30000000000007,289.14,1,1,1.0
58,7,1054.5,542.7,294.0,130.0999999999999,1,1,1.0
58,8,1169.1,725.4,309.10000000000014,115.5,1,1,1.0
58,9,1239.7,770.1,308.29999999999995,226.79999999999995,1,1,1.0
59,10,1492.1,589.8,144.10000000000014,148.5,1,1,1.0
59,1,256.9,660.1,137.5,133.29999999999995,1,1,0.0
59,2,567.7,533.95,223.91999999999996,266.8499999999999,1,1,1.0
59,3,421.1,480.4,281.5,135.30000000000007,1,1,1.0
59,4,655.4,1001.7,387.80000000000007,146.29999999999995,1,1,1.0
59,5,1579.0,900.0,65.95000000000005,120.5,1,1,0.0
59,6,947.1,512.7,140.9999999999999,292.5999999999999,1,1,1.0
59,7,1052.7,542.7,336.0,130.0999999999999,1,1,1.0
59,8,1160.0,722.1,323.70000000000005,118.79999999999995,1,1,1.0
59,9,1239.7,767.0,307.39999999999986,228.60000000000002,1,1,1.0
60,10,1469.1,592.3,167.5,170.4000000000001,1,1,1.0
60,1,256.9,502.5,167.0,294.0,1,1,0.0
60,2,566.0,530.05,212.08000000000004,274.75,1,1,1.0
60,3,421.1,478.6,281.5,137.10000000000002,1,1,1.0
60,4,654.89,999.8,383.5100000000001,153.01999999999998,1,1,1.0
60,5,1581.4,894.8,63.549999999999955,125.70000000000005,1,1,0.0
60,6,946.7,516.9,141.39999999999986,288.4,1,1,1.0
60,7,1054.5,541.3,317.5999999999999,131.5,1,1,1.0
60,8,1153.5,722.1,331.0,123.19999999999993,1,1,1.0
60,9,1233.2,764.4,311.70000000000005,231.20000000000005,1,1,1.0
61,10,1464.82,560.05,172.18000000000006,193.05000000000007,1,1,1.0
61,1,256.9,497.8,167.70000000000005,295.59999999999997,1,1,0.0
61,2,568.1,521.4,234.89999999999998,278.6,1,1,1.0
61,3,425.3,479.0,277.3,136.70000000000005,1,1,1.0
61,4,649.1,1001.9,392.19999999999993,149.89999999999998,1,1,1.0
61,5,1581.4,891.2,63.549999999999955,129.29999999999995,1,1,0.0
61,6,947.52,516.48,139.29999999999995,290.1,1,1,1.0
61,7,1074.7,542.7,306.39999999999986,142.0,1,1,1.0
61,8,1151.0,726.1,329.70000000000005,118.79999999999995,1,1,1.0
61,9,1274.6,766.1,266.4000000000001,233.39999999999998,1,1,1.0
62,10,1471.2,577.6,163.89999999999986,142.89999999999998,1,1,1.0
62,1,256.9,492.7,166.0,300.7,1,1,0.0
62,2,570.2,527.48,229.76999999999998,268.52,1,1,1.0
62,3,425.3,479.0,277.3,136.70000000000005,1,1,1.0
62,4,659.7,1002.87,349.31999999999994,150.92999999999995,1,1,1.0
62,5,1581.4,893.0,63.549999999999955,131.0999999999999,1,1,0.0
62,6,946.67,511.79,142.73000000000013,296.50999999999993,1,1,1.0
62,7,1066.4,546.5,308.1999999999998,133.70000000000005,1,1,1.0
62,8,1160.1,723.6,323.20000000000005,121.29999999999995,1,1,1.0
62,9,1293.4,777.9,249.79999999999995,216.39999999999998,1,1,1.0
63,10,1453.9,592.8,180.19999999999982,131.4000000000001,1,1,1.0
63,1,256.9,509.8,143.0,283.59999999999997,1,1,0.0
63,2,574.6,533.2,210.47000000000003,267.19999999999993,1,1,1.0
63,3,425.3,478.3,277.3,137.40000000000003,1,1,1.0
63,4,666.2,1000.09,305.42999999999995,153.90999999999997,1,1,1.0
63,5,1581.4,892.7,63.549999999999955,127.79999999999995,1,1,0.0
63,6,948.8,515.2,139.29999999999995,295.4,1,1,1.0
63,7,1066.0,544.73,317.71000000000004,132.97000000000003,1,1,1.0
63,8,1164.4,723.6,311.89999999999986,121.29999999999995,1,1,1.0
63,9,1293.4,777.0,251.5,217.29999999999995,1,1,1.0
64,10,1434.0,602.7,201.0999999999999,114.69999999999993,1,1,1.0
64,1,256.9,509.8,143.0,283.59999999999997,1,1,0.0
64,2,573.8,524.0,209.5300000000001,279.9,1,1,1.0
64,3,425.3,479.0,277.3,136.70000000000005,1,1,1.0
64,4,671.3,1000.09,307.09000000000003,153.90999999999997,1,1,1.0
64,5,1559.5,899.2,84.59999999999991,118.59999999999991,1,1,0.0
64,6,948.8,515.2,141.9000000000001,295.4,1,1,1.0
64,7,1064.1,546.85,303.94000000000005,131.89999999999998,1,1,1.0
64,8,1154.3,729.1,326.70000000000005,120.5,1,1,1.0
64,9,1304.3,777.4,244.0,216.89999999999998,1,1,1.0
65,10,1426.2,602.7,208.5,117.89999999999998,1,1,1.0
65,1,260.0,520.3,149.60000000000002,273.1,1,1,0.0
65,2,573.3,527.12,214.4000000000001,279.28,1,1,1.0
65,3,427.8,479.7,274.8,139.09999999999997,1,1,1.0
65,4,668.5,1000.6,298.5,144.19999999999993,1,1,1.0
65,5,1574.6,901.0,69.20000000000005,119.5,1,1,0.0
65,6,949.23,515.2,141.8699999999999,294.5,1,1,1.0
65,7,1062.7,546.5,320.29999999999995,131.89999999999998,1,1,1.0
65,8,1068.2,716.0,367.39999999999986,104.20000000000005,1,1,1.0
65,9,1302.6,779.2,246.10000000000014,215.0999999999999,1,1,1.0
66,10,1438.8,602.7,195.79999999999995,118.29999999999995,1,1,1.0
66,1,260.0,503.3,167.3,290.09999999999997,1,1,0.0
66,2,570.8,528.41,202.92000000000007,276.7900000000001,1,1,1.0
66,3,428.1,479.3,274.5,139.49999999999994,1,1,1.0
66,4,668.5,998.7,301.6,137.89999999999986,1,1,1.0
66,5,1590.3,900.4,54.65000000000009,120.10000000000002,1,1,0.0
66,6,947.1,521.2,143.30000000000007,269.0999999999999,1,1,1.0
66,7,1063.79,547.92,315.51,126.28000000000009,1,1,1.0
66,8,754.2,721.0,381.5,149.29999999999995,1,1,1.0
66,9,1302.6,784.5,242.80000000000018,209.79999999999995,1,1,1.0
67,10,1438.8,602.7,195.29999999999995,118.39999999999998,1,1,1.0
67,1,256.9,489.2,178.3,306.3,1,1,0.0
67,2,572.5,521.9,191.60000000000002,285.5,1,1,1.0
67,3,431.9,478.4,263.4,143.0,1,1,1.0
67,4,672.3,998.7,311.6,137.89999999999986,1,1,1.0
67,5,1589.4,900.12,55.549999999999955,118.89999999999998,1,1,0.0
67,6,948.8,521.2,143.29999999999995,244.5,1,1,1.0
67,7,1080.8,544.7,336.10000000000014,112.29999999999995,1,1,1.0
67,8,648.7,762.1,375.5,150.19999999999993,1,1,1.0
67,9,1302.6,783.9,244.30000000000018,210.39999999999998,1,1,1.0
68,10,1438.8,602.7,196.29999999999995,118.39999999999998,1,1,1.0
68,1,256.1,510.96,184.5,281.94,1,1,0.0
68,2,572.9,533.2,213.0,277.29999999999995,1,1,1.0
68,3,433.7,478.8,260.2,143.99999999999994,1,1,1.0
68,4,666.8,1001.26,304.74,161.79999999999995,1,1,1.0
68,5,1590.3,901.6,54.65000000000009,115.60000000000002,1,1,0.0
68,6,949.23,523.3,145.47000000000003,259.9000000000001,1,1,1.0
68,7,1079.4,544.0,306.6999999999998,115.39999999999998,1,1,1.0
68,8,622.7,771.3,388.19999999999993,158.60000000000002,1,1,1.0
68,9,1302.6,783.9,244.9000000000001,210.39999999999998,1,1,1.0
69,10,1453.5,602.7,181.5999999999999,118.39999999999998,1,1,1.0
69,1,256.1,510.96,184.5,281.94,1,1,0.0
69,2,568.1,548.9,221.29999999999995,259.0,1,1,1.0
69,3,433.7,478.8,256.40000000000003,142.59999999999997,1,1,1.0
69,4,663.5,1003.1,302.20000000000005,137.30000000000007,1,1,1.0
69,5,1597.5,896.87,46.569999999999936,116.83000000000004,1,1,0.0
69,6,948.8,519.6,141.60000000000014,264.9,1,1,1.0
69,7,1072.7,543.7,280.70000000000005,124.5,1,1,1.0
69,8,464.4,762.13,304.20000000000005,172.37,1,1,1.0
69,9,1302.6,782.7,246.4000000000001,211.5999999999999,1,1,1.0
70,10,1453.5,602.7,180.5999999999999,118.39999999999998,1,1,1.0
70,1,256.1,512.4,182.2,280.5,1,1,0.0
70,2,568.5,544.1,219.60000000000002,250.69999999999993,1,1,1.0
70,3,431.6,478.4,258.5,143.0,1,1,1.0
70,4,663.5,915.8,322.29999999999995,224.60000000000014,1,1,1.0
70,5,1600.9,899.83,43.75999999999999,114.16999999999996,1,1,0.0
70,6,945.39,524.55,146.70999999999992,259.1,1,1,1.0
70,7,1071.9,542.1,304.6999999999998,122.10000000000002,1,1,1.0
70,8,379.3,646.0,211.90000000000003,306.4,1,1,1.0
70,9,1302.6,782.3,249.30000000000018,213.20000000000005,1,1,1.0
71,10,1440.4,602.7,194.19999999999982,118.39999999999998,1,1,1.0
71,1,256.1,658.7,140.09999999999997,134.19999999999993,1,1,0.0
71,2,569.4,514.4,210.0,244.20000000000005,1,1,1.0
71,3,431.9,478.8,250.89999999999998,142.59999999999997,1,1,1.0
71,4,746.6,846.1,209.69999999999993,345.19999999999993,1,1,1.0
71,5,1557.2,899.8,87.75,120.70000000000005,1,1,0.0
71,6,948.8,520.7,143.29999999999995,263.79999999999995,1,1,1.0
71,7,1059.4,545.9,314.79999999999995,115.39999999999998,1,1,1.0
71,8,397.4,643.87,168.70000000000005,305.83000000000004,1,1,1.0
71,9,1302.0,783.0,251.79999999999995,211.29999999999995,1,1,1.0
72,10,1443.5,602.7,190.5999999999999,118.39999999999998,1,1,1.0
72,1,263.0,658.7,133.2,132.29999999999995,1,1,0.0
72,2,562.0,518.8,234.39999999999998,255.9000000000001,1,1,1.0
72,3,433.7,478.8,249.09999999999997,154.09999999999997,1,1,1.0
72,4,703.24,859.48,271.15999999999997,300.9200000000001,1,1,1.0
72,5,1559.6,887.5,85.35000000000014,133.0,1,1,0.0
72,6,945.95,524.09,147.04999999999995,258.30999999999995,1,1,1.0
72,7,1068.2,544.6,310.39999999999986,125.60000000000002,1,1,1.0
72,8,398.8,638.6,167.3,311.1,1,1,1.0
72,9,1245.2,773.9,310.39999999999986,216.0,1,1,1.0
73,10,1443.5,602.7,190.5999999999999,119.09999999999991,1,1,1.0
73,1,263.0,656.7,135.0,134.29999999999995,1,1,0.0
73,2,545.0,506.2,271.5,275.90000000000003,1,1,1.0
73,3,433.7,478.8,260.59999999999997,148.3,1,1,1.0
73,4,692.3,830.3,315.9000000000001,145.0,1,1,1.0
73,5,1559.6,887.5,85.35000000000014,133.0,1,1,0.0
73,6,948.0,522.3,142.4000000000001,262.20000000000005,1,1,1.0
73,7,1068.2,544.6,321.0999999999999,118.10000000000002,1,1,1.0
73,8,398.3,639.4,169.90000000000003,315.9,1,1,1.0
73,9,1243.0,768.5,315.70000000000005,293.0,1,1,1.0
74,10,1438.8,600.9,195.29999999999995,120.20000000000005,1,1,1.0
74,1,255.5,656.7,144.10000000000002,128.0,1,1,0.0
74,2,541.9,509.7,276.80000000000007,272.8,1,1,1.0
74,3,446.4,469.7,240.60000000000002,157.40000000000003,1,1,1.0
74,4,703.0,806.5,318.0,209.60000000000002,1,1,1.0
74,5,1575.5,887.5,69.45000000000005,133.0,1,1,0.0
74,6,946.3,526.3,146.20000000000005,242.0,1,1,1.0
74,7,1084.5,549.0,318.0,129.89999999999998,1,1,1.0
74,8,406.26,646.18,171.84000000000003,307.62,1,1,1.0
74,9,1214.3,769.8,312.10000000000014,316.0,1,1,1.0
75,10,1438.8,600.6,195.29999999999995,120.5,1,1,1.0
75,1,255.5,649.3,143.3,135.4000000000001,1,1,0.0
75,2,551.5,513.2,261.5,275.9,1,1,1.0
75,3,481.3,495.0,164.40000000000003,183.39999999999998,1,1,1.0
75,4,730.6,709.2,173.0,291.79999999999995,1,1,1.0
75,5,1592.2,876.1,52.75,144.39999999999998,1,1,0.0
75,6,929.08,512.12,167.2199999999999,243.77999999999997,1,1,1.0
75,7,1097.7,560.3,294.70000000000005,184.10000000000002,1,1,1.0
75,8,419.4,659.0,146.80000000000007,298.20000000000005,1,1,1.0
75,9,1259.2,764.7,237.0,286.39999999999986,1,1,1.0
76,10,1452.4,602.7,181.69999999999982,118.39999999999998,1,1,1.0
76,1,269.9,649.3,128.90000000000003,148.60000000000002,1,1,0.0
76,2,548.9,532.0,233.39999999999998,254.89999999999998,1,1,1.0
76,3,453.6,503.4,196.29999999999995,188.80000000000007,1,1,1.0
76,4,721.9,691.6,181.70000000000005,292.6,1,1,1.0
76,5,1609.2,867.7,35.75,148.0999999999999,1,1,0.0
76,6,917.3,522.8,202.9000000000001,244.5,1,1,1.0
76,7,1127.79,558.99,309.79999999999995,196.5,1,1,1.0
76,8,357.92,714.25,267.78000000000003,210.25,1,1,1.0
76,9,1268.8,768.1,218.79999999999995,255.5,1,1,1.0
77,10,1460.9,602.7,173.5,118.39999999999998,1,1,1.0
77,1,264.8,578.3,175.39999999999998,217.4000000000001,1,1,0.0
77,2,543.2,542.5,235.29999999999995,240.89999999999998,1,1,1.0
77,3,451.8,502.7,198.09999999999997,185.59999999999997,1,1,1.0
77,4,692.9,696.6,212.60000000000002,291.29999999999995,1,1,1.0
77,5,1611.0,880.2,33.950000000000045,140.29999999999995,1,1,0.0
77,6,922.0,523.8,206.0,251.30000000000007,1,1,1.0
77,7,1130.9,560.5,328.0999999999999,204.5,1,1,1.0
77,8,345.1,715.5,291.79999999999995,183.20000000000005,1,1,1.0
77,9,1274.5,783.4,227.5,232.10000000000002,1,1,1.0
78,10,1473.9,598.4,160.69999999999982,125.5,1,1,1.0
78,1,263.0,655.3,133.2,138.60000000000002,1,1,0.0
78,2,539.7,544.7,238.39999999999998,230.0,1,1,1.0
78,3,454.7,496.6,191.00000000000006,190.10000000000002,1,1,1.0
78,4,302.91,918.43,275.38999999999993,157.2700000000001,1,1,1.0
78,5,1606.9,864.5,38.049999999999955,149.70000000000005,1,1,0.0
78,6,948.3,515.4,161.5,259.70000000000005,1,1,1.0
78,7,1131.48,553.99,264.9200000000001,204.61,1,1,1.0
78,8,297.0,721.8,309.79999999999995,111.80000000000007,1,1,1.0
78,9,1273.4,800.4,241.19999999999982,215.10000000000002,1,1,1.0
79,10,1477.0,584.9,156.5999999999999,125.70000000000005,1,1,1.0
79,1,263.0,655.3,133.2,131.30000000000007,1,1,0.0
79,2,532.3,548.2,245.80000000000007,210.79999999999995,1,1,1.0
79,3,442.1,506.5,203.60000000000002,180.20000000000005,1,1,1.0
79,4,545.4,747.76,346.11,150.53999999999996,1,1,1.0
79,5,1607.7,864.5,37.25,149.70000000000005,1,1,0.0
79,6,947.9,523.8,160.19999999999993,251.30000000000007,1,1,1.0
79,7,1135.51,548.26,250.99,215.64,1,1,1.0
79,8,271.4,721.8,327.6,111.80000000000007,1,1,1.0
79,9,1241.4,799.1,290.1999999999998,207.69999999999993,1,1,1.0
80,10,1479.1,584.9,154.5,125.70000000000005,1,1,1.0
80,1,263.0,661.8,117.89999999999998,134.20000000000005,1,1,0.0
80,2,528.9,548.2,249.20000000000005,194.19999999999993,1,1,1.0
80,3,442.1,507.6,203.60000000000002,179.10000000000002,1,1,1.0
80,4,591.22,733.53,301.1,176.20000000000005,1,1,1.0
80,5,1603.7,890.7,41.25,123.5,1,1,0.0
80,6,949.2,523.8,146.0999999999999,251.70000000000005,1,1,1.0
80,7,1130.3,563.5,256.4000000000001,209.60000000000002,1,1,1.0
80,8,220.65,735.9,279.15,159.97000000000003,1,1,1.0
80,9,1233.1,777.9,287.10000000000014,249.80000000000007,1,1,1.0
81,10,1475.25,581.7,158.3499999999999,127.89999999999998,1,1,1.0
81,1,263.0,669.2,117.89999999999998,126.79999999999995,1,1,0.0
81,2,532.3,524.2,245.80000000000007,222.0999999999999,1,1,1.0
81,3,442.1,506.0,203.60000000000002,180.70000000000005,1,1,1.0
81,4,620.2,717.9,270.79999999999995,198.20000000000005,1,1,1.0
81,5,1604.6,867.7,40.350000000000136,146.5,1,1,0.0
81,6,960.2,502.9,140.0999999999999,283.70000000000005,1,1,1.0
81,7,1131.6,565.2,252.60000000000014,211.5999999999999,1,1,1.0
81,8,235.3,708.7,239.09999999999997,200.79999999999995,1,1,1.0
81,9,1229.6,764.2,275.4000000000001,256.5,1,1,1.0
82,10,1444.71,582.06,188.49,124.74000000000001,1,1,1.0
82,1,265.2,665.4,115.69999999999999,129.10000000000002,1,1,0.0
82,2,531.9,509.4,246.20000000000005,266.5,1,1,1.0
82,3,444.6,506.0,206.29999999999995,185.60000000000002,1,1,1.0
82,4,624.9,709.5,266.1,206.60000000000002,1,1,1.0
82,5,1603.7,854.8,41.299999999999955,169.79999999999995,1,1,0.0
82,6,962.3,520.7,144.0,279.5,1,1,1.0
82,7,1130.3,570.4,250.79999999999995,242.89999999999998,1,1,1.0
82,8,235.3,712.9,244.3,196.10000000000002,1,1,1.0
82,9,1229.6,758.5,269.3000000000002,257.4,1,1,1.0
83,10,1457.6,578.1,175.30000000000018,127.0,1,1,1.0
83,1,249.9,669.2,125.49999999999997,110.79999999999995,1,1,0.0
83,2,543.2,515.9,233.5999999999999,264.4,1,1,1.0
83,3,437.9,506.0,220.30000000000007,180.20000000000005,1,1,1.0
83,4,515.5,742.05,296.9,289.75,1,1,1.0
83,5,1546.1,846.7,98.86000000000013,206.79999999999995,1,1,0.0
83,6,947.0,512.5,170.5999999999999,271.0,1,1,1.0
83,7,1148.03,530.08,243.26999999999998,273.7199999999999,1,1,1.0
83,8,252.6,683.6,200.29999999999998,225.39999999999998,1,1,1.0
83,9,1234.8,765.1,267.60000000000014,239.5,1,1,1.0
84,10,1469.6,578.1,163.10000000000014,126.29999999999995,1,1,1.0
84,1,243.2,673.5,74.19999999999999,59.10000000000002,1,1,0.0
84,2,530.2,550.8,264.0,212.80000000000007,1,1,1.0
84,3,437.9,506.0,220.30000000000007,173.39999999999998,1,1,1.0
84,4,389.51,894.56,210.89,218.74,1,1,1.0
84,5,1558.7,812.6,85.70000000000005,95.89999999999998,1,1,0.0
84,6,896.65,539.6,221.2500000000001,247.69999999999993,1,1,1.0
84,7,1166.8,539.13,211.20000000000005,263.66999999999996,1,1,1.0
84,8,325.34,667.9,167.36,150.60000000000002,1,1,1.0
84,9,1269.9,752.4,239.5,233.89999999999998,1,1,1.0
85,10,1486.9,575.97,146.5,127.13,1,1,1.0
85,1,208.3,694.2,16.599999999999994,10.299999999999955,1,1,0.0
85,2,530.6,500.2,248.79999999999995,260.00000000000006,1,1,1.0
85,3,433.7,537.4,235.50000000000006,135.20000000000005,1,1,1.0
85,4,407.4,873.2,184.30000000000007,258.89999999999986,1,1,1.0
85,5,1567.79,842.37,76.81999999999994,87.20000000000005,1,1,0.0
85,6,900.0,536.1,211.9000000000001,255.79999999999995,1,1,1.0
85,7,1160.01,547.31,233.79999999999995,228.4000000000001,1,1,1.0
85,8,568.1,789.14,334.9,110.25999999999999,1,1,1.0
85,9,1266.6,758.5,248.5,237.39999999999998,1,1,1.0
86,10,1487.61,575.26,144.7900000000002,126.44000000000005,1,1,1.0
86,1,196.52,686.63,16.599999999999994,10.299999999999955,1,1,0.0
86,2,542.3,526.4,237.10000000000002,245.60000000000002,1,1,1.0
86,3,433.7,532.9,241.00000000000006,124.39999999999998,1,1,1.0
86,4,366.8,904.6,238.40000000000003,227.4999999999999,1,1,1.0
86,5,1576.89,872.15,67.92999999999984,78.48000000000002,1,1,0.0
86,6,948.1,512.4,147.10000000000002,287.9,1,1,1.0
86,7,1153.71,544.92,231.19000000000005,245.2800000000001,1,1,1.0
86,8,612.6,796.47,301.90999999999997,116.52999999999997,1,1,1.0
86,9,1225.2,762.2,296.5999999999999,229.29999999999995,1,1,1.0
87,10,1488.3,575.62,144.04999999999995,127.77999999999997,1,1,1.0
87,1,221.33,659.03,16.599999999999994,11.07000000000005,1,1,0.0
87,2,546.8,532.5,232.60000000000002,243.89999999999998,1,1,1.0
87,3,432.4,533.2,244.10000000000002,122.19999999999993,1,1,1.0
87,4,364.6,904.7,263.29999999999995,198.20000000000005,1,1,1.0
87,5,1585.98,901.92,59.049999999999955,69.78000000000009,1,1,0.0
87,6,974.8,507.3,184.20000000000005,297.2,1,1,1.0
87,7,1154.07,543.86,254.73000000000002,221.03999999999996,1,1,1.0
87,8,614.7,794.9,315.0,122.80000000000007,1,1,1.0
87,9,1222.4,759.4,295.29999999999995,235.60000000000002,1,1,1.0
88,10,1483.1,575.3,150.30000000000018,125.30000000000007,1,1,1.0
88,1,246.13,631.42,16.600000000000023,11.840000000000032,1,1,0.0
88,2,546.8,515.1,233.0,257.79999999999995,1,1,1.0
88,3,417.8,528.1,259.7,126.89999999999998,1,1,1.0
88,4,369.0,903.9,259.29999999999995,197.30000000000007,1,1,1.0
88,5,1595.08,931.7,50.16000000000008,61.069999999999936,1,1,0.0
88,6,977.4,502.4,309.30000000000007,168.70000000000005,1,1,1.0
88,7,1167.02,543.38,259.8800000000001,222.91999999999996,1,1,1.0
88,8,600.0,793.6,390.9,122.39999999999998,1,1,1.0
88,9,1238.1,756.8,287.0,276.70000000000005,1,1,1.0
89,10,1485.9,573.84,146.80999999999995,126.75999999999999,1,1,1.0
89,1,270.93,603.82,16.599999999999966,12.6099999999999,1,1,0.0
89,2,554.2,517.7,225.5999999999999,258.69999999999993,1,1,1.0
89,3,409.7,507.7,273.59999999999997,153.40000000000003,1,1,1.0
89,4,386.88,857.1,255.32000000000005,233.69999999999993,1,1,1.0
89,5,1604.17,961.47,41.289999999999964,52.360000000000014,1,1,0.0
89,6,969.6,506.1,327.6,132.60000000000002,1,1,1.0
89,7,1195.7,585.0,287.0999999999999,173.29999999999995,1,1,1.0
89,8,604.2,785.5,346.9,144.60000000000002,1,1,1.0
89,9,1235.2,754.2,285.20000000000005,280.79999999999995,1,1,1.0
90,10,1484.8,573.7,147.20000000000005,127.0,1,1,1.0
90,1,295.73,576.21,16.599999999999966,13.389999999999986,1,1,0.0
90,2,558.6,515.5,221.19999999999993,262.20000000000005,1,1,1.0
90,3,409.7,515.4,272.90000000000003,148.89999999999998,1,1,1.0
90,4,381.2,816.1,196.50000000000006,272.9,1,1,1.0
90,5,1613.27,991.25,32.40000000000009,43.65000000000009,1,1,0.0
90,6,965.9,504.0,333.9,136.0,1,1,1.0
90,7,1313.8,683.0,310.9100000000001,145.91999999999996,1,1,1.0
90,8,623.0,771.4,314.5,185.30000000000007,1,1,1.0
90,9,1271.1,782.9,255.5,223.30000000000007,1,1,1.0
91,10,1465.85,572.3,166.5,125.60000000000002,1,1,1.0
91,1,320.53,548.61,16.600000000000023,14.159999999999968,1,1,0.0
91,2,552.5,521.2,227.29999999999995,251.29999999999995,1,1,1.0
91,3,392.4,505.3,287.20000000000005,159.40000000000003,1,1,1.0
91,4,411.7,807.8,181.3,286.4000000000001,1,1,1.0
91,5,1622.36,1021.02,23.52000000000021,34.950000000000045,1,1,0.0
91,6,965.9,506.6,329.69999999999993,129.5,1,1,1.0
91,7,1405.48,712.51,236.81999999999994,159.09000000000003,1,1,1.0
91,8,632.75,749.43,312.95000000000005,198.7700000000001,1,1,1.0
91,9,1254.3,805.2,283.4000000000001,173.5999999999999,1,1,1.0
92,10,1465.5,575.5,166.5,123.39999999999998,1,1,1.0
92,1,345.33,521.0,16.600000000000023,14.92999999999995,1,1,0.0
92,2,540.3,529.9,239.5,235.20000000000005,1,1,1.0
92,3,400.2,508.1,261.59999999999997,141.89999999999998,1,1,1.0
92,4,336.6,807.8,304.0,137.96000000000004,1,1,1.0
92,5,1631.45,1050.8,14.639999999999873,26.230000000000018,1,1,0.0
92,6,981.9,509.6,327.30000000000007,155.79999999999995,1,1,1.0
92,7,1489.6,747.7,152.70000000000005,108.19999999999993,1,1,0.0
92,8,640.02,745.87,280.28,235.83000000000004,1,1,1.0
92,9,1207.8,753.54,319.10000000000014,198.56000000000006,1,1,1.0
93,10,1445.6,575.5,186.4000000000001,122.39999999999998,1,1,1.0
93,1,370.13,493.4,16.600000000000023,15.700000000000045,1,1,0.0
93,2,537.2,527.7,242.5999999999999,236.5,1,1,1.0
93,3,400.2,515.4,266.8,145.60000000000002,1,1,1.0
93,4,358.0,758.5,280.79999999999995,196.0,1,1,1.0
93,5,1640.55,1080.57,5.75,17.529999999999973,1,1,0.0
93,6,986.23,506.64,318.06999999999994,138.06000000000006,1,1,1.0
93,7,1562.4,800.4,79.39999999999986,50.60000000000002,1,1,0.0
93,8,736.0,711.8,191.0,314.79999999999995,1,1,1.0
93,9,1143.8,711.9,343.4000000000001,177.70000000000005,1,1,1.0
94,10,1440.4,575.5,191.5999999999999,126.29999999999995,1,1,1.0
94,1,370.13,493.4,27.170000000000016,23.300000000000068,1,1,0.0
94,2,537.2,523.8,250.0,240.4000000000001,1,1,1.0
94,3,408.6,521.2,259.4,138.39999999999998,1,1,1.0
94,4,365.0,753.7,273.0,200.79999999999995,1,1,1.0
94,5,1627.3,1078.14,20.440000000000055,32.3599999999999,1,1,0.0
94,6,971.5,509.2,325.22,124.00000000000006,1,1,1.0
94,7,1563.16,797.55,78.6099999999999,55.72000000000003,1,1,0.0
94,8,739.4,725.9,193.39999999999998,293.6,1,1,1.0
94,9,1164.9,719.7,326.5,156.79999999999995,1,1,1.0
95,10,1440.4,575.5,191.5999999999999,126.60000000000002,1,1,1.0
95,1,370.13,493.4,9.970000000000027,14.300000000000011,1,1,0.0
95,2,561.6,530.0,221.89999999999998,227.70000000000005,1,1,1.0
95,3,419.1,518.6,251.79999999999995,139.5,1,1,1.0
95,4,363.3,755.0,277.7,196.89999999999998,1,1,1.0
95,5,1612.7,1041.07,35.049999999999955,64.43000000000006,1,1,0.0
95,6,983.7,509.2,329.0999999999999,125.30000000000001,1,1,1.0
95,7,1563.93,794.69,77.81999999999994,60.8599999999999,1,1,0.0
95,8,761.6,731.7,168.10000000000002,294.89999999999986,1,1,1.0
95,9,1176.8,728.6,349.70000000000005,178.79999999999995,1,1,1.0
96,10,1443.0,575.5,189.0,127.0,1,1,1.0
96,1,370.13,489.2,22.769999999999982,23.500000000000057,1,1,0.0
96,2,543.3,545.1,236.10000000000002,216.10000000000002,1,1,1.0
96,3,408.6,527.0,263.69999999999993,131.39999999999998,1,1,1.0
96,4,353.3,768.1,289.90000000000003,183.79999999999995,1,1,1.0
96,5,1598.1,1004.0,49.65000000000009,96.5,1,1,0.0
96,6,996.8,515.0,324.9000000000001,115.29999999999995,1,1,1.0
96,7,1564.69,791.84,77.02999999999997,65.98000000000002,1,1,0.0
96,8,760.6,731.1,169.10000000000002,295.19999999999993,1,1,1.0
96,9,1182.6,724.9,345.5,173.10000000000002,1,1,1.0
97,10,1435.7,575.5,197.0,128.39999999999998,1,1,1.0
97,1,373.2,489.2,24.900000000000034,23.500000000000057,1,1,0.0
97,2,537.2,523.7,242.19999999999993,256.69999999999993,1,1,1.0
97,3,408.6,522.8,265.69999999999993,140.0,1,1,1.0
97,4,355.5,766.4,288.0,185.5,1,1,1.0
97,5,1617.7,990.5,30.049999999999955,119.59999999999991,1,1,0.0
97,6,1037.2,518.7,343.0999999999999,108.19999999999993,1,1,1.0
97,7,1565.46,788.98,76.23000000000002,71.11000000000001,1,1,0.0
97,8,745.2,726.57,182.79999999999995,312.69999999999993,1,1,1.0
97,9,1184.7,727.5,343.39999999999986,178.79999999999995,1,1,1.0
98,10,1440.9,575.5,191.79999999999995,128.10000000000002,1,1,1.0
98,1,373.2,494.5,35.69999999999999,35.39999999999998,1,1,0.0
98,2,537.2,522.8,242.19999999999993,248.9000000000001,1,1,1.0
98,3,419.8,530.1,254.49999999999994,130.5,1,1,1.0
98,4,355.5,768.6,284.6,183.29999999999995,1,1,1.0
98,5,1623.8,990.5,23.950000000000045,119.59999999999991,1,1,0.0
98,6,964.6,562.66,327.7900000000001,138.24,1,1,1.0
98,7,1566.22,786.13,75.44000000000005,76.23000000000002,1,1,0.0
98,8,749.0,729.6,177.60000000000002,313.80000000000007,1,1,1.0
98,9,1186.3,727.5,343.60000000000014,177.79999999999995,1,1,1.0
99,10,1458.7,575.5,174.70000000000005,128.10000000000002,1,1,1.0
99,1,373.2,497.2,31.19999999999999,32.69999999999999,1,1,0.0
99,2,541.1,526.7,238.29999999999995,246.29999999999995,1,1,1.0
99,3,410.1,530.1,267.29999999999995,127.29999999999995,1,1,1.0
99,4,353.8,773.3,286.3,173.4000000000001,1,1,1.0
99,5,1631.0,994.1,16.75,125.99999999999989,1,1,0.0
99,6,975.8,562.66,316.70000000000005,149.24,1,1,1.0
99,7,1566.98,783.27,74.66000000000008,81.37,1,1,0.0
99,8,749.0,729.6,177.60000000000002,313.80000000000007,1,1,1.0
99,9,1189.5,727.5,343.4000000000001,175.0,1,1,1.0
100,10,1475.4,575.9,156.5999999999999,129.77999999999997,1,1,1.0
100,1,372.59,493.26,23.610000000000014,23.940000000000055,1,1,0.0
100,2,543.2,515.8,236.19999999999993,257.20000000000005,1,1,1.0
100,3,415.3,532.7,269.40000000000003,131.0999999999999,1,1,1.0
100,4,431.8,713.7,175.99999999999994,285.29999999999995,1,1,1.0
100,5,1632.52,1002.3,17.839999999999918,110.0,1,1,0.0
100,6,978.9,562.66,310.80000000000007,149.24,1,1,1.0
100,7,1567.75,780.42,73.8599999999999,86.49000000000001,1,1,0.0
100,8,749.0,727.5,172.39999999999998,295.5,1,1,1.0
100,9,1188.1,731.7,344.1700000000001,174.29999999999995,1,1,1.0
101,10,1476.4,577.6,156.69999999999982,132.0,1,1,1.0
101,1,372.59,497.2,24.610000000000014,24.599999999999966,1,1,0.0
101,2,554.2,513.6,225.19999999999993,248.10000000000002,1,1,1.0
101,3,415.3,536.4,269.40000000000003,115.80000000000007,1,1,1.0
101,4,364.6,880.3,295.1,115.20000000000005,1,1,1.0
101,5,1632.52,1003.1,15.38000000000011,77.39999999999998,1,1,0.0
101,6,974.7,562.66,319.70000000000005,150.84000000000003,1,1,1.0
101,7,1568.51,777.57,73.06999999999994,91.6099999999999,1,1,0.0
101,8,657.8,759.4,289.20000000000005,242.70000000000005,1,1,1.0
101,9,1186.3,729.21,345.60000000000014,168.39999999999998,1,1,1.0
102,10,1482.91,572.36,149.38999999999987,139.03999999999996,1,1,1.0
102,1,373.48,496.49,23.769999999999982,24.960000000000036,1,1,0.0
102,2,539.8,551.1,239.60000000000002,208.89999999999998,1,1,1.0
102,3,415.3,535.0,262.59999999999997,117.89999999999998,1,1,1.0
102,4,328.8,864.6,330.90000000000003,121.69999999999993,1,1,1.0
102,5,1632.52,997.8,17.839999999999918,69.60000000000014,1,1,0.0
102,6,976.1,562.66,311.4999999999999,150.84000000000003,1,1,1.0
102,7,1569.27,774.71,72.27999999999997,96.74000000000001,1,1,0.0
102,8,570.44,803.88,293.4599999999999,154.51999999999998,1,1,1.0
102,9,1186.66,731.88,344.89999999999986,166.79999999999995,1,1,1.0
103,10,1483.62,577.89,149.7800000000002,130.61,1,1,1.0
103,1,374.37,495.78,22.930000000000007,25.32000000000005,1,1,0.0
103,2,566.8,565.5,325.4000000000001,178.60000000000002,1,1,1.0
103,3,416.3,532.2,261.59999999999997,117.39999999999998,1,1,1.0
103,4,236.79,852.39,302.51,117.31000000000006,1,1,1.0
103,5,1632.52,1003.1,16.38000000000011,64.30000000000007,1,1,0.0
103,6,970.0,562.66,312.0999999999999,142.44000000000005,1,1,1.0
103,7,1570.04,771.86,71.49000000000001,101.87,1,1,0.0
103,8,496.78,790.8,318.82000000000005,132.30000000000007,1,1,1.0
103,9,1179.0,731.7,353.5999999999999,165.79999999999995,1,1,1.0
104,10,1489.5,577.18,141.79999999999995,129.92000000000007,1,1,1.0
104,1,372.59,497.2,26.310000000000002,24.599999999999966,1,1,0.0
104,2,624.6,569.9,302.29999999999995,157.39999999999998,1,1,1.0
104,3,416.3,534.3,264.2,118.70000000000005,1,1,1.0
104,4,206.7,840.2,319.09999999999997,127.29999999999995,1,1,1.0
104,5,1632.52,1005.9,15.38000000000011,61.500000000000114,1,1,0.0
104,6,962.2,559.5,318.5999999999999,141.89999999999998,1,1,1.0
104,7,1570.8,769.0,70.70000000000005,107.0,1,1,0.0
104,8,412.01,635.7,253.39,269.5999999999999,1,1,1.0
104,9,1179.0,728.5,353.29999999999995,169.0,1,1,1.0
105,10,1492.6,577.18,139.4000000000001,131.32000000000005,1,1,1.0
105,1,374.4,497.9,25.0,20.800000000000068,1,1,0.0
105,2,644.5,586.2,283.79999999999995,160.5999999999999,1,1,1.0
105,3,421.42,526.46,270.08,128.74,1,1,1.0
105,4,205.8,845.4,334.40000000000003,122.10000000000002,1,1,1.0
105,5,1637.1,1004.88,11.13000000000011,60.020000000000095,1,1,0.0
105,6,960.9,557.8,302.6,143.60000000000002,1,1,1.0
105,7,1568.2,769.0,73.70000000000005,106.5,1,1,0.0
105,8,391.6,637.5,240.29999999999995,277.20000000000005,1,1,1.0
105,9,1184.62,730.31,348.0,162.70000000000005,1,1,1.0
106,10,1491.9,578.6,140.44999999999982,130.60000000000002,1,1,1.0
106,1,375.46,499.08,23.840000000000032,21.920000000000016,1,1,0.0
106,2,638.4,571.8,288.5,159.20000000000005,1,1,1.0
106,3,423.1,534.8,276.19999999999993,114.80000000000007,1,1,1.0
106,4,256.8,845.4,284.7,122.10000000000002,1,1,1.0
106,5,1638.3,1003.1,10.299999999999955,58.999999999999886,1,1,0.0
106,6,970.7,578.9,330.0,131.89999999999998,1,1,1.0
106,7,1536.6,750.8,105.20000000000005,217.5,1,1,1.0
106,8,391.6,651.1,242.39999999999998,263.6,1,1,1.0
106,9,1174.8,731.3,359.20000000000005,163.60000000000002,1,1,1.0
107,10,1491.2,578.96,141.14999999999986,128.83999999999992,1,1,1.0
107,1,369.1,488.2,30.899999999999977,35.19999999999999,1,1,0.0
107,2,634.1,589.2,293.19999999999993,141.79999999999995,1,1,1.0
107,3,408.4,523.8,221.80000000000007,125.80000000000007,1,1,1.0
107,4,263.8,855.4,291.7,117.30000000000007,1,1,1.0
107,5,1638.3,1003.1,10.299999999999955,58.999999999999886,1,1,0.0
107,6,1022.9,546.5,305.5000000000001,140.79999999999995,1,1,1.0
107,7,1474.5,774.8,152.20000000000005,295.4000000000001,1,1,1.0
107,8,402.1,657.4,246.0,248.39999999999998,1,1,1.0
107,9,1181.1,733.5,354.0,159.79999999999995,1,1,1.0
108,10,1491.5,578.6,141.20000000000005,128.89999999999998,1,1,1.0
108,1,371.1,481.6,29.599999999999966,38.5,1,1,0.0
108,2,651.6,594.1,291.29999999999995,134.69999999999993,1,1,1.0
108,3,289.1,548.4,279.9,146.70000000000005,1,1,1.0
108,4,289.1,845.8,261.6,181.79999999999995,1,1,1.0
108,5,1638.3,1003.1,10.299999999999955,58.999999999999886,1,1,0.0
108,6,1025.0,544.4,302.9000000000001,142.39999999999998,1,1,1.0
108,7,1451.9,818.1,194.89999999999986,255.89999999999998,1,1,1.0
108,8,382.2,652.2,265.40000000000003,260.4,1,1,1.0
108,9,1196.9,731.7,330.0999999999999,158.89999999999998,1,1,1.0
109,10,1489.0,578.6,143.3499999999999,129.89999999999998,1,1,1.0
109,1,371.1,494.7,25.099999999999966,24.000000000000057,1,1,0.0
109,2,656.0,581.5,283.79999999999995,149.5,1,1,1.0
109,3,239.9,531.7,264.70000000000005,202.5999999999999,1,1,1.0
109,4,331.8,783.9,146.89999999999998,236.30000000000007,1,1,1.0
109,5,1638.3,1003.1,10.299999999999955,58.999999999999886,1,1,0.0
109,6,1017.7,551.7,287.70000000000005,140.29999999999995,1,1,1.0
109,7,1453.8,843.2,191.5,238.29999999999995,1,1,1.0
109,8,404.2,667.8,253.3,233.30000000000007,1,1,1.0
109,9,1199.5,731.7,334.29999999999995,154.69999999999993,1,1,1.0
110,10,1490.8,578.6,141.60000000000014,131.29999999999995,1,1,1.0
110,1,371.1,496.12,28.299999999999955,28.67999999999995,1,1,0.0
110,2,653.4,583.9,284.6,147.10000000000002,1,1,1.0
110,3,214.8,567.1,248.2,214.79999999999995,1,1,1.0
110,4,335.72,771.25,209.27999999999997,273.3499999999999,1,1,1.0
110,5,1638.3,1003.1,10.299999999999955,58.999999999999886,1,1,0.0
110,6,1017.7,547.5,308.89999999999986,139.29999999999995,1,1,1.0
110,7,1452.5,841.9,194.29999999999995,233.89999999999998,1,1,1.0
110,8,416.9,679.4,242.60000000000002,232.10000000000002,1,1,1.0
110,9,1175.4,731.7,358.39999999999986,166.39999999999998,1,1,1.0
111,10,1492.2,578.6,140.14999999999986,130.60000000000002,1,1,1.0
111,1,371.1,495.65,22.899999999999977,18.550000000000068,1,1,0.0
111,2,661.2,564.1,276.5,166.89999999999998,1,1,1.0
111,3,243.1,560.1,235.00000000000003,220.29999999999995,1,1,1.0
111,4,573.6,820.8,325.4,155.30000000000007,1,1,1.0
111,5,1638.3,1003.1,10.299999999999955,58.999999999999886,1,1,0.0
111,6,1019.3,545.4,324.29999999999995,136.0,1,1,1.0
111,7,1447.5,847.6,197.79999999999995,228.19999999999993,1,1,1.0
111,8,555.0,606.16,130.32000000000005,261.0400000000001,1,1,1.0
111,9,1180.6,731.7,353.9100000000001,164.69999999999993,1,1,1.0
112,10,1459.7,578.6,173.0,124.19999999999993,1,1,1.0
112,1,370.67,498.58,15.829999999999984,11.920000000000016,1,1,0.0
112,2,663.6,558.9,278.0,172.10000000000002,1,1,1.0
112,3,239.1,588.1,244.79999999999998,199.60000000000002,1,1,1.0
112,4,572.9,826.5,324.80000000000007,162.79999999999995,1,1,1.0
112,5,1638.3,1003.1,10.299999999999955,58.999999999999886,1,1,0.0
112,6,1014.2,550.4,304.39999999999986,129.60000000000002,1,1,1.0
112,7,1457.5,907.6,189.29999999999995,168.80000000000007,1,1,1.0
112,8,455.05,623.9,231.84999999999997,290.39,1,1,1.0
112,9,1177.5,730.28,355.5899999999999,168.42000000000007,1,1,1.0
113,10,1468.7,578.96,164.01,126.03999999999996,1,1,1.0
113,1,371.1,494.7,22.299999999999955,21.400000000000034,1,1,0.0
113,2,650.1,534.0,282.0,196.29999999999995,1,1,1.0
113,3,254.0,653.6,207.7,118.10000000000002,1,1,1.0
113,4,574.8,823.4,321.6,169.70000000000005,1,1,1.0
113,5,1638.3,1003.1,10.299999999999955,58.999999999999886,1,1,0.0
113,6,1011.4,551.7,303.9,136.69999999999993,1,1,1.0
113,7,1493.3,956.8,153.5,113.29999999999995,1,1,1.0
113,8,387.7,803.4,283.00000000000006,120.31000000000006,1,1,1.0
113,9,1179.1,731.7,350.5,159.0,1,1,1.0
114,10,1454.4,580.38,178.69999999999982,126.01999999999998,1,1,1.0
114,1,380.1,502.5,20.899999999999977,19.100000000000023,1,1,0.0
114,2,712.7,522.6,233.69999999999993,251.10000000000002,1,1,1.0
114,3,293.25,669.55,154.25,162.85000000000002,1,1,1.0
114,4,227.0,825.3,381.9,356.60000000000014,1,1,1.0
114,5,1638.3,1003.1,10.299999999999955,58.999999999999886,1,1,0.0
114,6,1042.4,496.4,286.89999999999986,184.20000000000005,1,1,1.0
114,7,1484.5,956.8,162.29999999999995,108.90000000000009,1,1,1.0
114,8,433.3,776.55,154.8,231.55000000000007,1,1,1.0
114,9,1183.3,731.7,346.29999999999995,136.5,1,1,1.0
115,10,1480.2,581.1,152.89999999999986,127.79999999999995,1,1,1.0
115,1,380.1,494.3,76.69999999999999,71.30000000000001,1,1,0.0
115,2,738.1,522.6,218.79999999999995,264.69999999999993,1,1,1.0
115,3,421.4,503.95,275.6700000000001,98.94999999999999,1,1,1.0
115,4,216.2,773.7,227.3,192.69999999999993,1,1,1.0
115,5,1638.3,1003.1,10.299999999999955,58.999999999999886,1,1,0.0
115,6,1070.9,516.2,265.79999999999995,164.39999999999998,1,1,1.0
115,7,1485.8,956.8,161.0,108.90000000000009,1,1,1.0
115,8,537.6,594.5,234.19999999999993,266.70000000000005,1,1,1.0
115,9,1215.7,735.9,308.70000000000005,120.80000000000007,1,1,1.0
116,10,1477.9,580.0,155.89999999999986,130.70000000000005,1,1,1.0
116,1,389.8,509.4,47.599999999999966,52.30000000000007,1,1,0.0
116,2,731.0,531.0,225.89999999999998,254.79999999999995,1,1,1.0
116,3,428.2,508.1,303.90000000000003,105.79999999999995,1,1,1.0
116,4,288.4,622.37,265.71000000000004,220.33000000000004,1,1,1.0
116,5,1638.3,1003.1,10.299999999999955,58.999999999999886,1,1,0.0
116,6,1036.5,545.0,317.5,142.39999999999998,1,1,1.0
116,7,1492.1,949.9,154.70000000000005,115.80000000000007,1,1,1.0
116,8,543.28,684.5,276.9200000000001,173.25,1,1,1.0
116,9,1209.9,735.9,311.39999999999986,117.70000000000005,1,1,1.0
117,10,1477.4,580.38,156.3699999999999,129.51999999999998,1,1,1.0
117,1,384.6,496.5,138.60000000000002,88.70000000000005,1,1,0.0
117,2,730.2,520.5,230.19999999999993,262.0,1,1,1.0
117,3,578.9,455.8,317.5,175.7,1,1,1.0
117,4,404.6,610.44,322.9,118.55999999999995,1,1,1.0
117,5,1638.3,1003.1,10.299999999999955,58.999999999999886,1,1,0.0
117,6,1023.9,573.8,321.69999999999993,135.5,1,1,1.0
117,7,1503.1,945.8,143.70000000000005,121.20000000000005,1,1,1.0
117,8,541.4,711.9,230.39999999999998,246.30000000000007,1,1,1.0
117,9,1199.4,737.5,323.6999999999998,116.10000000000002,1,1,1.0
118,10,1470.0,578.6,162.0,132.39999999999998,1,1,1.0
118,1,384.6,500.0,146.19999999999993,91.70000000000005,1,1,0.0
118,2,753.7,530.1,204.0999999999999,259.79999999999995,1,1,1.0
118,3,590.7,468.05,353.79999999999995,171.15000000000003,1,1,1.0
118,4,602.15,620.53,356.15,195.97000000000003,1,1,1.0
118,5,1638.3,1003.1,10.299999999999955,58.999999999999886,1,1,0.0
118,6,1030.7,569.6,310.79999999999995,141.39999999999998,1,1,1.0
118,7,1514.1,941.7,132.70000000000005,149.0999999999999,1,1,0.0
118,8,466.8,792.8,284.99999999999994,179.72000000000003,1,1,1.0
118,9,1198.9,738.5,322.39999999999986,115.10000000000002,1,1,1.0
119,10,1470.0,578.6,162.0,132.39999999999998,1,1,1.0
119,1,399.0,512.6,160.60000000000002,120.5,1,1,0.0
119,2,720.6,537.5,257.29999999999995,218.0,1,1,1.0
119,3,596.8,458.18,331.57000000000005,156.92000000000002,1,1,1.0
119,4,695.93,641.19,311.57000000000005,242.90999999999997,1,1,1.0
119,5,1638.3,1003.1,10.299999999999955,58.999999999999886,1,1,0.0
119,6,1033.3,563.5,321.29999999999995,142.26999999999998,1,1,1.0
119,7,1548.0,827.42,96.92000000000007,184.88,1,1,0.0
119,8,466.6,845.7,288.0,137.49,1,1,1.0
119,9,1200.5,733.8,321.79999999999995,119.80000000000007,1,1,1.0
