1,1,1507.62,894.4,70.48000000000002,114.06000000000006,1,1,0.0
1,2,1477.09,761.87,100.47000000000003,139.76999999999998,1,1,0.0
1,3,1438.94,535.4,132.46000000000004,172.70000000000005,1,1,1.0
1,4,1359.93,384.4,204.26999999999998,187.31000000000006,1,1,1.0
1,5,1224.3,237.69,328.47,216.7,1,1,1.0
2,1,1505.9,908.6,71.89999999999986,99.86000000000001,1,1,0.0
2,2,1449.4,761.87,128.15999999999985,139.76999999999998,1,1,0.0
2,3,1438.94,535.4,132.8599999999999,173.5,1,1,1.0
2,4,1358.4,384.4,207.0999999999999,187.80000000000007,1,1,1.0
2,5,1230.6,237.69,322.1700000000001,216.7,1,1,1.0
3,1,1504.6,910.1,73.20000000000005,90.5,1,1,0.0
3,2,1456.7,761.87,120.8599999999999,139.76999999999998,1,1,0.0
3,3,1438.94,537.5,132.8599999999999,176.60000000000002,1,1,1.0
3,4,1365.7,384.4,199.79999999999995,193.60000000000002,1,1,1.0
3,5,1230.6,236.2,320.60000000000014,218.19,1,1,1.0
4,1,1497.2,911.6,80.59999999999991,89.0,1,1,0.0
4,2,1469.3,761.87,108.25999999999999,139.76999999999998,1,1,0.0
4,3,1438.2,531.9,134.29999999999995,186.5,1,1,1.0
4,4,1367.3,383.1,197.4000000000001,195.39999999999998,1,1,1.0
4,5,1237.5,242.7,305.9000000000001,211.69,1,1,1.0
5,1,1484.1,907.0,93.70000000000005,101.89999999999998,1,1,0.0
5,2,1500.2,776.5,77.3599999999999,128.70000000000005,1,1,0.0
5,3,1439.3,530.34,133.92000000000007,189.68999999999994,1,1,1.0
5,4,1367.3,384.4,195.66000000000008,193.5,1,1,1.0
5,5,1239.4,235.5,302.5,204.10000000000002,1,1,1.0
6,1,1481.14,891.91,96.39999999999986,86.49000000000001,1,1,0.0
6,2,1500.2,767.6,77.3599999999999,134.03999999999996,1,1,0.0
6,3,1439.3,534.38,133.21000000000004,186.32000000000005,1,1,1.0
6,4,1368.6,377.58,195.21000000000004,198.92000000000002,1,1,1.0
6,5,1244.4,233.4,299.0,206.6,1,1,1.0
7,1,1520.0,895.16,57.82999999999993,86.13999999999999,1,1,0.0
7,2,1503.9,767.6,73.65999999999985,114.19999999999993,1,1,0.0
7,3,1439.3,534.33,133.21000000000004,175.37,1,1,1.0
7,4,1367.3,384.4,198.60000000000014,194.20000000000005,1,1,1.0
7,5,1244.4,233.9,299.0,206.1,1,1,1.0
8,1,1498.14,892.8,79.38999999999987,89.40000000000009,1,1,0.0
8,2,1486.6,750.6,89.54000000000019,133.69999999999993,1,1,0.0
8,3,1440.0,531.91,132.8599999999999,180.59000000000003,1,1,1.0
8,4,1364.3,381.42,200.37000000000012,196.78000000000003,1,1,1.0
8,5,1244.4,237.0,299.0,203.0,1,1,1.0
9,1,1495.0,888.36,82.52999999999997,118.43999999999994,1,1,0.0
9,2,1485.15,746.34,91.64999999999986,123.75999999999999,1,1,0.0
9,3,1439.7,528.82,132.45000000000005,185.4799999999999,1,1,1.0
9,4,1368.6,373.75,195.21000000000004,198.45000000000005,1,1,1.0
9,5,1244.4,233.9,299.0,206.1,1,1,1.0
10,1,1498.5,894.57,79.02999999999997,89.7299999999999,1,1,0.0
10,2,1473.8,742.08,103.04999999999995,137.91999999999996,1,1,0.0
10,3,1438.9,528.71,133.6099999999999,179.89,1,1,1.0
10,4,1367.3,382.7,197.78999999999996,194.2,1,1,1.0
10,5,1244.4,237.0,296.39999999999986,204.5,1,1,1.0
11,1,1505.4,891.02,72.13999999999987,101.58000000000004,1,1,0.0
11,2,1468.4,735.99,108.09999999999991,144.01,1,1,0.0
11,3,1438.9,535.89,133.9599999999998,180.90999999999997,1,1,1.0
11,4,1354.7,384.4,212.0999999999999,185.30000000000007,1,1,1.0
11,5,1243.38,235.98,300.02,199.92,1,1,1.0
12,1,1505.8,891.32,72.02999999999997,99.77999999999997,1,1,0.0
12,2,1476.2,737.76,98.51999999999998,136.20000000000005,1,1,0.0
12,3,1440.0,536.42,132.51,182.18000000000006,1,1,1.0
12,4,1349.5,384.4,216.0,185.30000000000007,1,1,1.0
12,5,1208.0,237.0,339.5,199.89999999999998,1,1,1.0
13,1,1534.1,894.97,43.40000000000009,107.23000000000002,1,1,0.0
13,2,1472.29,752.6,104.55999999999995,124.19999999999993,1,1,0.0
13,3,1439.3,530.27,132.85000000000014,182.63,1,1,1.0
13,4,1355.8,384.4,209.29999999999995,190.0,1,1,1.0
13,5,1221.62,235.47,325.68000000000006,204.03,1,1,1.0
14,1,1529.9,897.9,46.69999999999982,120.60000000000002,1,1,0.0
14,2,1461.08,745.86,115.06000000000017,124.19999999999993,1,1,0.0
14,3,1438.23,534.1,134.67000000000007,178.78999999999996,1,1,1.0
14,4,1358.4,384.4,206.69999999999982,190.0,1,1,1.0
14,5,1188.27,235.07,357.93000000000006,204.90000000000003,1,1,1.0
15,1,1508.8,894.15,68.73000000000002,113.95000000000005,1,1,0.0
15,2,1478.0,750.47,98.84999999999991,124.52999999999997,1,1,0.0
15,3,1438.94,538.3,133.96000000000004,171.4000000000001,1,1,1.0
15,4,1343.9,384.4,220.79999999999995,190.0,1,1,1.0
15,5,1208.42,230.47,337.78,211.03,1,1,1.0
16,1,1537.2,893.77,40.5,135.02999999999997,1,1,0.0
16,2,1428.47,670.21,149.23000000000002,212.78999999999996,1,1,1.0
16,3,1438.2,528.77,135.73000000000002,181.33000000000004,1,1,1.0
16,4,1339.1,384.4,226.80000000000018,192.10000000000002,1,1,1.0
16,5,1209.45,230.47,337.8499999999999,209.53,1,1,1.0
17,1,1551.3,897.32,26.700000000000045,121.67999999999995,1,1,0.0
17,2,1448.26,651.68,128.83999999999992,238.5200000000001,1,1,1.0
17,3,1436.5,531.04,135.6500000000001,161.76,1,1,1.0
17,4,1321.3,384.4,244.60000000000014,190.0,1,1,1.0
17,5,1207.91,228.9,337.28999999999996,210.6,1,1,1.0
18,1,1540.8,895.1,36.90000000000009,94.69999999999993,1,1,0.0
18,2,1401.54,675.68,175.16000000000008,205.5200000000001,1,1,1.0
18,3,1437.2,526.72,134.24,158.38,1,1,1.0
18,4,1338.6,384.4,226.10000000000014,186.89999999999998,1,1,1.0
18,5,1207.46,227.46,339.8399999999999,210.43999999999997,1,1,1.0
19,1,1521.6,855.6,55.81000000000017,124.79999999999995,1,1,0.0
19,2,1426.4,669.7,152.0,197.79999999999995,1,1,1.0
19,3,1436.1,527.75,136.41000000000008,165.75,1,1,1.0
19,4,1325.0,384.4,239.20000000000005,186.30000000000007,1,1,1.0
19,5,1234.4,227.69,311.29999999999995,212.31,1,1,1.0
20,1,1521.1,832.5,58.080000000000155,136.89999999999998,1,1,0.0
20,2,1437.53,672.8,138.76999999999998,193.4000000000001,1,1,1.0
20,3,1437.9,532.61,133.89999999999986,162.68999999999994,1,1,1.0
20,4,1342.3,384.4,223.20000000000005,186.30000000000007,1,1,1.0
20,5,1225.6,225.5,322.70000000000005,217.10000000000002,1,1,1.0
21,1,1522.9,835.9,53.799999999999955,133.5,1,1,0.0
21,2,1439.93,666.85,136.76999999999998,201.25,1,1,1.0
21,3,1429.2,538.11,143.30999999999995,192.18999999999994,1,1,1.0
21,4,1326.6,384.4,238.10000000000014,186.30000000000007,1,1,1.0
21,5,1228.7,223.2,318.5,218.3,1,1,1.0
22,1,1527.8,846.6,50.0,123.19999999999993,1,1,0.0
22,2,1429.0,659.1,147.70000000000005,212.79999999999995,1,1,1.0
22,3,1428.1,532.29,143.34000000000015,155.31000000000006,1,1,1.0
22,4,1371.5,384.4,193.5999999999999,189.70000000000005,1,1,1.0
22,5,1230.0,223.2,317.20000000000005,219.40000000000003,1,1,1.0
23,1,1529.19,860.47,48.6099999999999,110.02999999999997,1,1,0.0
23,2,1424.48,654.5,151.42000000000007,213.60000000000002,1,1,1.0
23,3,1431.3,532.23,140.5,141.26999999999998,1,1,1.0
23,4,1360.5,384.4,205.4000000000001,189.30000000000007,1,1,1.0
23,5,1230.0,225.4,317.20000000000005,217.20000000000002,1,1,1.0
24,1,1530.75,862.82,46.65000000000009,108.17999999999995,1,1,0.0
24,2,1431.7,656.63,145.89999999999986,221.66999999999996,1,1,1.0
24,3,1432.1,534.54,140.05000000000018,135.76,1,1,1.0
24,4,1373.28,386.53,192.22000000000003,189.26999999999998,1,1,1.0
24,5,1230.0,227.6,317.20000000000005,215.00000000000003,1,1,1.0
25,1,1529.69,864.95,48.1099999999999,105.25,1,1,0.0
25,2,1411.66,658.0,165.03999999999996,223.70000000000005,1,1,1.0
25,3,1431.4,533.68,141.4599999999998,137.62,1,1,1.0
25,4,1372.0,382.3,193.5,195.59999999999997,1,1,1.0
25,5,1235.7,227.6,311.5,212.4,1,1,1.0
26,1,1529.1,863.6,48.600000000000136,108.60000000000002,1,1,0.0
26,2,1428.5,659.7,149.05999999999995,207.5,1,1,1.0
26,3,1432.8,529.0,139.35000000000014,145.79999999999995,1,1,1.0
26,4,1368.9,384.4,195.79999999999995,192.70000000000005,1,1,1.0
26,5,1233.8,227.6,304.60000000000014,212.4,1,1,1.0
27,1,1527.6,854.1,51.580000000000155,117.39999999999998,1,1,0.0
27,2,1413.8,664.9,163.76,202.30000000000007,1,1,1.0
27,3,1433.9,530.84,138.25,152.15999999999997,1,1,1.0
27,4,1372.6,384.4,192.10000000000014,192.30000000000007,1,1,1.0
27,5,1239.5,230.52,303.0,212.58,1,1,1.0
28,1,1523.2,852.6,54.299999999999955,118.89999999999998,1,1,0.0
28,2,1444.05,665.33,132.6500000000001,202.26999999999998,1,1,1.0
28,3,1433.2,522.35,137.52999999999997,161.75,1,1,1.0
28,4,1365.3,390.2,200.20000000000005,182.59999999999997,1,1,1.0
28,5,1234.22,231.03,311.5,212.99999999999997,1,1,1.0
29,1,1519.8,855.7,58.100000000000136,118.79999999999995,1,1,0.0
29,2,1440.65,667.39,136.05999999999995,198.10000000000002,1,1,1.0
29,3,1430.4,524.41,141.39999999999986,166.69000000000005,1,1,1.0
29,4,1348.4,390.2,216.29999999999995,179.59999999999997,1,1,1.0
29,5,1217.5,229.5,327.20000000000005,213.0,1,1,1.0
30,1,1519.39,852.69,56.809999999999945,123.6099999999999,1,1,0.0
30,2,1426.1,669.1,151.46000000000004,198.10000000000002,1,1,1.0
30,3,1430.7,524.12,141.0999999999999,162.67999999999995,1,1,1.0
30,4,1328.0,383.38,235.80999999999995,200.82000000000005,1,1,1.0
30,5,1222.5,232.6,322.20000000000005,209.9,1,1,1.0
31,1,1517.26,862.48,61.039999999999964,122.01999999999998,1,1,0.0
31,2,1454.99,627.45,120.8599999999999,241.04999999999995,1,1,1.0
31,3,1431.6,521.4,140.56000000000017,167.89999999999998,1,1,1.0
31,4,1272.3,389.77,287.34000000000015,209.33000000000004,1,1,1.0
31,5,1222.5,232.6,322.20000000000005,209.9,1,1,1.0
32,1,1502.35,853.96,75.15000000000009,131.43999999999994,1,1,0.0
32,2,1444.7,620.75,132.89999999999986,254.95000000000005,1,1,1.0
32,3,1430.1,520.34,142.05000000000018,163.26,1,1,1.0
32,4,1260.4,417.31,291.7199999999998,192.39000000000004,1,1,1.0
32,5,1217.5,232.6,327.20000000000005,209.9,1,1,1.0
33,1,1501.92,865.47,75.98000000000002,120.42999999999995,1,1,0.0
33,2,1397.6,655.5,179.96000000000004,227.0,1,1,1.0
33,3,1424.8,527.08,148.06999999999994,161.51999999999998,1,1,1.0
33,4,1255.6,414.45,305.5400000000002,195.75000000000006,1,1,1.0
33,5,1217.5,232.6,332.9000000000001,209.9,1,1,1.0
34,1,1527.06,734.9,50.440000000000055,256.20000000000005,1,1,0.0
34,2,1375.6,634.66,202.20000000000005,295.74,1,1,1.0
34,3,1425.9,527.79,146.9699999999998,178.91000000000008,1,1,1.0
34,4,1294.2,408.06,268.6399999999999,213.44,1,1,1.0
34,5,1225.7,232.6,324.70000000000005,212.50000000000003,1,1,1.0
35,1,1535.28,733.3,40.789999999999964,256.0,1,1,0.0
35,2,1378.6,606.3,198.60000000000014,338.80000000000007,1,1,1.0
35,3,1422.3,522.12,150.60000000000014,188.48000000000002,1,1,1.0
35,4,1295.9,406.22,266.49,203.48000000000002,1,1,1.0
35,5,1193.0,229.53,358.9000000000001,217.07000000000002,1,1,1.0
36,1,1504.3,834.3,73.20000000000005,155.0,1,1,0.0
36,2,1402.1,642.02,174.70000000000005,318.38,1,1,1.0
36,3,1425.87,526.73,146.6300000000001,177.06999999999994,1,1,1.0
36,4,1299.0,416.75,255.30999999999995,209.25,1,1,1.0
36,5,1167.9,235.1,384.5,212.70000000000002,1,1,1.0
37,1,1509.2,810.51,68.30999999999995,180.89,1,1,0.0
37,2,1464.4,663.68,111.09999999999991,198.62,1,1,0.0
37,3,1430.1,510.75,142.4000000000001,203.35000000000002,1,1,1.0
37,4,1309.1,443.85,254.9000000000001,186.44999999999993,1,1,1.0
37,5,1174.8,237.15,380.60000000000014,211.74999999999997,1,1,1.0
38,1,1514.3,800.7,63.600000000000136,193.69999999999993,1,1,0.0
38,2,1455.1,679.3,121.30000000000018,131.74,1,1,0.0
38,3,1430.8,528.86,141.36000000000013,189.03999999999996,1,1,1.0
38,4,1308.6,431.95,255.01999999999998,202.55,1,1,1.0
38,5,1168.5,242.6,380.70000000000005,196.79999999999998,1,1,1.0
39,1,1513.3,801.75,64.12000000000012,193.04999999999995,1,1,0.0
39,2,1478.4,681.92,99.69999999999982,121.48000000000002,1,1,0.0
39,3,1430.7,519.98,142.15999999999985,193.62,1,1,1.0
39,4,1336.5,446.45,225.9000000000001,187.55,1,1,1.0
39,5,1168.5,239.77,384.29999999999995,201.12999999999997,1,1,1.0
40,1,1512.2,804.3,65.29999999999995,193.70000000000005,1,1,0.0
40,2,1503.3,690.7,73.10000000000014,134.88,1,1,0.0
40,3,1430.0,525.93,142.51,187.67000000000007,1,1,1.0
40,4,1324.4,443.62,223.29999999999995,183.98000000000002,1,1,1.0
40,5,1167.02,237.72,386.78,207.98,1,1,1.0
41,1,1514.3,804.3,66.19000000000005,192.0,1,1,0.0
41,2,1507.6,687.84,70.07000000000016,138.05999999999995,1,1,0.0
41,3,1430.7,527.0,142.15999999999985,185.89999999999998,1,1,1.0
41,4,1323.5,433.1,213.0999999999999,193.60000000000002,1,1,1.0
41,5,1178.32,237.65,376.48,209.95000000000002,1,1,1.0
42,1,1514.3,804.3,62.799999999999955,192.0,1,1,0.0
42,2,1509.8,692.82,66.60000000000014,139.57999999999993,1,1,0.0
42,3,1431.4,526.64,141.81999999999994,187.65999999999997,1,1,1.0
42,4,1316.7,428.94,211.77999999999997,196.06,1,1,1.0
42,5,1177.3,238.16,378.5,208.84,1,1,1.0
43,1,1514.3,804.3,64.10000000000014,192.0,1,1,0.0
43,2,1506.4,706.9,71.69999999999982,131.5,1,1,0.0
43,3,1429.3,527.71,143.21000000000004,189.78999999999996,1,1,1.0
43,4,1310.3,433.6,227.02999999999997,190.10000000000002,1,1,1.0
43,5,1177.3,238.16,378.5,212.64000000000001,1,1,1.0
44,1,1514.3,804.3,63.600000000000136,192.0,1,1,0.0
44,2,1514.2,704.1,62.299999999999955,129.10000000000002,1,1,0.0
44,3,1431.4,528.77,141.4599999999998,191.23000000000002,1,1,1.0
44,4,1311.2,431.04,228.26,194.75999999999993,1,1,1.0
44,5,1193.09,236.63,362.21000000000004,217.76999999999998,1,1,1.0
45,1,1514.3,786.7,62.799999999999955,207.0,1,1,0.0
45,2,1528.9,728.2,47.19999999999982,75.19999999999993,1,1,0.0
45,3,1431.4,527.35,141.1099999999999,189.04999999999995,1,1,1.0
45,4,1292.2,433.17,246.40999999999985,186.22999999999996,1,1,1.0
45,5,1204.62,234.9,351.22,218.49999999999997,1,1,1.0
46,1,1514.3,776.6,61.90000000000009,219.69999999999993,1,1,0.0
46,2,1533.6,728.2,42.90000000000009,72.09999999999991,1,1,0.0
46,3,1434.6,530.19,137.20000000000005,192.30999999999995,1,1,1.0
46,4,1310.4,434.6,232.0999999999999,184.29999999999995,1,1,1.0
46,5,1210.92,232.9,344.8799999999999,223.70000000000002,1,1,1.0
47,1,1512.17,768.62,66.18999999999983,226.39999999999998,1,1,0.0
47,2,1562.9,776.1,14.399999999999864,36.799999999999955,1,1,0.0
47,3,1434.3,527.71,137.9000000000001,191.28999999999996,1,1,1.0
47,4,1314.3,431.74,238.0,186.76,1,1,1.0
47,5,1242.41,231.02,309.8899999999999,220.98,1,1,1.0
48,1,1512.3,766.33,65.21000000000004,232.0999999999999,1,1,0.0
48,2,1574.4,781.6,4.2199999999998,31.299999999999955,1,1,0.0
48,3,1436.0,525.57,136.51,190.13,1,1,1.0
48,4,1261.3,441.97,295.93000000000006,183.82999999999993,1,1,1.0
48,5,1240.6,227.22,311.20000000000005,221.38000000000002,1,1,1.0
49,1,1513.3,765.26,64.0,232.10000000000002,1,1,0.0
49,2,1574.4,781.6,4.2199999999998,31.299999999999955,1,1,0.0
49,3,1432.5,522.38,140.0,185.22000000000003,1,1,1.0
49,4,1305.8,442.4,247.17000000000007,183.39999999999998,1,1,1.0
49,5,1240.6,227.82,311.70000000000005,222.07999999999998,1,1,1.0
50,1,1513.0,765.48,64.07999999999993,232.10000000000002,1,1,0.0
50,2,1574.4,781.6,4.2199999999998,31.299999999999955,1,1,0.0
50,3,1435.3,521.0,136.5,191.89999999999998,1,1,1.0
50,4,1303.5,445.5,251.5999999999999,190.60000000000002,1,1,1.0
50,5,1240.6,227.82,311.20000000000005,223.68,1,1,1.0
51,1,1511.74,764.2,66.19000000000005,232.0999999999999,1,1,0.0
51,2,1574.4,781.6,4.2199999999998,31.299999999999955,1,1,0.0
51,3,1435.7,526.29,137.20000000000005,186.91000000000008,1,1,1.0
51,4,1301.5,451.3,259.9000000000001,184.8,1,1,1.0
51,5,1243.7,227.82,305.79999999999995,223.18,1,1,1.0
52,1,1511.74,766.0,66.19000000000005,230.29999999999995,1,1,0.0
52,2,1574.4,781.6,4.2199999999998,31.299999999999955,1,1,0.0
52,3,1434.6,528.77,137.56000000000017,181.63,1,1,1.0
52,4,1296.3,447.5,266.4000000000001,188.60000000000002,1,1,1.0
52,5,1237.31,226.8,313.69000000000005,227.89999999999998,1,1,1.0
53,1,1510.89,766.76,66.18999999999983,232.10000000000002,1,1,0.0
53,2,1574.4,781.6,4.2199999999998,31.299999999999955,1,1,0.0
53,3,1434.2,526.28,138.29999999999995,187.62,1,1,1.0
53,4,1302.1,451.3,262.3000000000002,184.8,1,1,1.0
53,5,1229.99,221.52,320.51,238.28,1,1,1.0
54,1,1512.6,765.9,64.48000000000002,238.10000000000002,1,1,0.0
54,2,1574.4,781.6,4.2199999999998,31.299999999999955,1,1,0.0
54,3,1433.2,519.18,139.66999999999985,195.12,1,1,1.0
54,4,1290.6,446.7,273.4000000000001,191.09999999999997,1,1,1.0
54,5,1237.89,227.49,316.7099999999998,219.90999999999997,1,1,1.0
55,1,1512.2,766.76,64.46000000000004,232.53999999999996,1,1,0.0
55,2,1574.4,781.6,4.2199999999998,31.299999999999955,1,1,0.0
55,3,1433.5,519.89,139.3599999999999,188.71000000000004,1,1,1.0
55,4,1290.6,442.87,272.9000000000001,188.23000000000002,1,1,1.0
55,5,1221.97,237.09,329.03,212.80999999999997,1,1,1.0
56,1,1511.3,765.05,66.20000000000005,232.55000000000007,1,1,0.0
56,2,1574.4,781.6,4.2199999999998,31.299999999999955,1,1,0.0
56,3,1431.7,512.44,140.45000000000005,201.15999999999997,1,1,1.0
56,4,1297.25,443.72,265.0,187.39999999999998,1,1,1.0
56,5,1221.46,238.06,332.8399999999999,211.33999999999997,1,1,1.0
57,1,1507.9,765.48,70.0,232.12,1,1,0.0
57,2,1574.4,781.6,4.2199999999998,31.299999999999955,1,1,0.0
57,3,1430.7,526.29,141.0999999999999,185.91000000000008,1,1,1.0
57,4,1300.6,452.26,262.93000000000006,181.03999999999996,1,1,1.0
57,5,1230.37,236.52,323.93000000000006,214.17999999999998,1,1,1.0
58,1,1514.3,764.2,63.600000000000136,232.0999999999999,1,1,0.0
58,2,1574.4,781.6,4.2199999999998,31.299999999999955,1,1,0.0
58,3,1429.3,511.73,142.1500000000001,200.47000000000003,1,1,1.0
58,4,1294.8,449.7,268.30999999999995,183.09999999999997,1,1,1.0
58,5,1211.57,239.81,345.23,211.39,1,1,1.0
59,1,1514.3,764.2,63.0,227.0999999999999,1,1,0.0
59,2,1574.4,781.6,4.2199999999998,31.299999999999955,1,1,0.0
59,3,1432.5,515.99,139.66000000000008,196.90999999999997,1,1,1.0
59,4,1291.8,450.55,271.29999999999995,183.55,1,1,1.0
59,5,1157.42,237.77,398.3799999999999,211.83,1,1,1.0
60,1,1508.41,766.22,69.08999999999992,232.77999999999997,1,1,0.0
60,2,1574.4,781.6,4.2199999999998,31.299999999999955,1,1,0.0
60,3,1432.1,514.21,140.06000000000017,202.58999999999992,1,1,1.0
60,4,1294.2,448.45,268.90999999999985,187.75000000000006,1,1,1.0
60,5,1156.4,239.3,398.89999999999986,214.39999999999998,1,1,1.0
61,1,1469.6,766.22,107.90000000000009,224.77999999999997,1,1,0.0
61,2,1574.4,781.6,4.2199999999998,31.299999999999955,1,1,0.0
61,3,1428.91,515.63,142.49,198.26999999999998,1,1,1.0
61,4,1293.8,445.9,270.1600000000001,187.80000000000007,1,1,1.0
61,5,1173.4,236.74,385.79999999999995,217.45999999999998,1,1,1.0
62,1,1450.3,706.4,127.20000000000005,266.30000000000007,1,1,0.0
62,2,1574.4,781.6,4.2199999999998,31.299999999999955,1,1,0.0
62,3,1431.4,511.4,141.79999999999995,208.60000000000002,1,1,1.0
62,4,1293.8,452.3,269.70000000000005,184.40000000000003,1,1,1.0
62,5,1187.71,238.28,371.49,214.92,1,1,1.0
63,1,1489.2,720.53,87.79999999999995,256.97,1,1,0.0
63,2,1574.4,781.6,4.2199999999998,31.299999999999955,1,1,0.0
63,3,1430.6,529.5,142.30000000000018,181.60000000000002,1,1,1.0
63,4,1294.3,445.5,270.10000000000014,189.5,1,1,1.0
63,5,1235.83,235.69,324.8700000000001,219.61,1,1,1.0
64,1,1543.9,779.8,33.299999999999955,141.70000000000005,1,1,0.0
64,2,1574.4,781.6,4.2199999999998,31.299999999999955,1,1,0.0
64,3,1430.6,527.3,142.60000000000014,183.80000000000007,1,1,1.0
64,4,1294.3,435.6,269.20000000000005,200.60000000000002,1,1,1.0
64,5,1252.27,237.73,305.93000000000006,218.87000000000003,1,1,1.0
65,1,1531.75,773.84,46.63000000000011,150.45999999999992,1,1,0.0
65,2,1574.4,781.6,4.2199999999998,31.299999999999955,1,1,0.0
65,3,1430.6,526.3,142.4000000000001,184.80000000000007,1,1,1.0
65,4,1294.3,456.3,269.70000000000005,176.09999999999997,1,1,1.0
65,5,1198.95,238.25,357.64999999999986,210.55,1,1,1.0
66,1,1528.5,766.91,48.59999999999991,168.39,1,1,0.0
66,2,1574.4,781.6,4.2199999999998,31.299999999999955,1,1,0.0
66,3,1430.6,533.0,142.60000000000014,180.60000000000002,1,1,1.0
66,4,1295.15,457.2,270.9499999999998,176.90000000000003,1,1,1.0
66,5,1187.22,243.38,386.48,193.22000000000003,1,1,1.0
67,1,1527.6,760.52,48.22000000000003,169.68000000000006,1,1,0.0
67,2,1574.4,781.6,4.2199999999998,31.299999999999955,1,1,0.0
67,3,1430.6,525.9,142.60000000000014,185.20000000000005,1,1,1.0
67,4,1294.3,449.7,270.10000000000014,182.7,1,1,1.0
67,5,1191.6,253.94,393.0,189.56,1,1,1.0
68,1,1528.0,752.8,48.200000000000045,171.5,1,1,0.0
68,2,1574.4,781.6,4.2199999999998,31.299999999999955,1,1,0.0
68,3,1430.6,527.7,143.0,183.39999999999998,1,1,1.0
68,4,1298.93,433.5,265.47,198.89999999999998,1,1,1.0
68,5,1174.6,233.1,420.70000000000005,181.4,1,1,1.0
69,1,1526.7,767.33,49.11999999999989,149.26999999999998,1,1,0.0
69,2,1574.4,781.6,4.2199999999998,31.299999999999955,1,1,0.0
69,3,1430.6,527.0,142.30000000000018,184.10000000000002,1,1,1.0
69,4,1300.6,448.0,262.9000000000001,184.39999999999998,1,1,1.0
69,5,1218.7,166.87,389.31999999999994,223.43,1,1,1.0
70,1,1524.6,752.42,50.80000000000018,177.38,1,1,0.0
70,2,1574.4,781.6,4.2199999999998,31.299999999999955,1,1,0.0
70,3,1430.6,527.3,141.20000000000005,183.80000000000007,1,1,1.0
70,4,1296.3,449.7,267.20000000000005,182.7,1,1,1.0
70,5,1231.0,191.79,402.6400000000001,233.51000000000002,1,1,1.0
71,1,1528.9,766.48,47.77999999999997,165.01999999999998,1,1,0.0
71,2,1574.4,781.6,4.2199999999998,31.299999999999955,1,1,0.0
71,3,1430.6,523.4,141.9000000000001,187.30000000000007,1,1,1.0
71,4,1300.6,445.1,262.5,180.0,1,1,1.0
71,5,774.9,366.1,345.09000000000003,305.1,1,1,1.0
72,1,1527.6,765.63,49.5,155.26999999999998,1,1,0.0
72,2,1574.4,781.6,4.2199999999998,31.299999999999955,1,1,0.0
72,3,1437.9,529.1,134.5999999999999,182.0,1,1,1.0
72,4,1311.0,446.9,252.5,176.10000000000002,1,1,1.0
72,5,525.8,542.77,157.79000000000008,301.23,1,1,1.0
73,1,1527.6,763.5,48.80000000000018,151.10000000000002,1,1,0.0
73,2,1574.4,781.6,4.2199999999998,31.299999999999955,1,1,0.0
73,3,1436.1,525.93,137.12000000000012,195.07000000000005,1,1,1.0
73,4,1309.2,441.65,252.16999999999985,179.64999999999998,1,1,1.0
73,5,549.6,520.64,318.5,186.15999999999997,1,1,1.0
74,1,1525.5,764.21,50.539999999999964,152.89,1,1,0.0
74,2,1574.4,781.6,4.2199999999998,31.299999999999955,1,1,0.0
74,3,1437.9,536.2,136.0,181.29999999999995,1,1,1.0
74,4,1303.7,440.37,250.82999999999993,179.23000000000002,1,1,1.0
74,5,596.08,523.98,304.91999999999996,167.51999999999998,1,1,1.0
75,1,1525.0,765.28,51.3900000000001,146.42000000000007,1,1,0.0
75,2,1574.4,781.6,4.2199999999998,31.299999999999955,1,1,0.0
75,3,1437.9,538.0,137.0999999999999,173.10000000000002,1,1,1.0
75,4,1302.1,435.7,256.69000000000005,185.2,1,1,1.0
75,5,635.79,531.5,275.31000000000006,168.5,1,1,1.0
76,1,1524.4,765.63,53.12999999999988,139.87,1,1,0.0
76,2,1574.4,781.6,4.2199999999998,31.299999999999955,1,1,0.0
76,3,1437.9,538.0,135.29999999999995,179.10000000000002,1,1,1.0
76,4,1310.4,440.52,244.55999999999995,230.98000000000002,1,1,1.0
76,5,643.64,532.08,279.96000000000004,175.7199999999999,1,1,1.0
77,1,1526.1,766.48,50.15000000000009,147.12,1,1,0.0
77,2,1574.4,781.6,4.2199999999998,31.299999999999955,1,1,0.0
77,3,1436.83,533.74,134.57000000000016,185.55999999999995,1,1,1.0
77,4,1258.3,504.34,213.3900000000001,328.36000000000007,1,1,1.0
77,5,633.09,532.12,312.11,179.67999999999995,1,1,1.0
78,1,1525.3,765.2,51.38000000000011,145.39999999999998,1,1,0.0
78,2,1574.4,781.6,4.2199999999998,31.299999999999955,1,1,0.0
78,3,1436.83,537.97,134.97000000000003,181.32999999999993,1,1,1.0
78,4,1159.0,589.17,236.4000000000001,370.93000000000006,1,1,1.0
78,5,631.56,547.31,310.1400000000001,155.29000000000008,1,1,1.0
79,1,1525.7,764.78,51.82999999999993,144.12,1,1,0.0
79,2,1574.4,781.6,4.2199999999998,31.299999999999955,1,1,0.0
79,3,1435.59,528.4,137.31000000000017,192.60000000000002,1,1,1.0
79,4,1141.5,639.6,235.19000000000005,353.29999999999995,1,1,1.0
79,5,644.16,548.46,342.34000000000003,172.43999999999994,1,1,1.0
80,1,1524.4,765.21,52.27999999999997,144.08999999999992,1,1,0.0
80,2,1574.4,781.6,4.2199999999998,31.299999999999955,1,1,0.0
80,3,1435.2,536.91,138.01999999999998,183.09000000000003,1,1,1.0
80,4,1130.5,643.3,232.5999999999999,369.1,1,1,1.0
80,5,732.1,514.92,340.19999999999993,169.2800000000001,1,1,1.0
81,1,1521.9,766.06,55.62999999999988,143.24,1,1,0.0
81,2,1574.4,781.6,4.2199999999998,31.299999999999955,1,1,0.0
81,3,1434.5,542.23,138.3699999999999,175.26999999999998,1,1,1.0
81,4,1116.9,648.5,248.79999999999995,345.5,1,1,1.0
81,5,768.2,479.42,273.18000000000006,226.47999999999996,1,1,1.0
82,1,1523.1,767.33,53.580000000000155,154.37,1,1,0.0
82,2,1574.4,781.6,4.2199999999998,31.299999999999955,1,1,0.0
82,3,1435.59,534.42,138.01,183.7800000000001,1,1,1.0
82,4,1183.4,648.5,178.5999999999999,346.6,1,1,1.0
82,5,780.8,474.04,271.70000000000005,223.16000000000003,1,1,1.0
83,1,1520.6,767.76,55.65000000000009,161.14,1,1,0.0
83,2,1574.4,781.6,4.2199999999998,31.299999999999955,1,1,0.0
83,3,1437.4,540.46,136.17999999999984,181.64,1,1,1.0
83,4,1194.3,646.9,168.70000000000005,328.9,1,1,1.0
83,5,765.7,499.28,355.8799999999999,182.01999999999998,1,1,1.0
84,1,1522.3,766.06,53.950000000000045,163.74,1,1,0.0
84,2,1574.4,781.6,4.2199999999998,31.299999999999955,1,1,0.0
84,3,1435.2,539.39,137.30999999999995,182.01,1,1,1.0
84,4,1195.3,641.68,171.9000000000001,323.62,1,1,1.0
84,5,866.65,509.2,319.7500000000001,217.8,1,1,1.0
85,1,1516.5,768.19,59.319999999999936,156.90999999999997,1,1,0.0
85,2,1574.4,781.6,4.2199999999998,31.299999999999955,1,1,0.0
85,3,1434.2,542.23,139.37999999999988,181.97000000000003,1,1,1.0
85,4,1197.0,644.8,180.0999999999999,296.4000000000001,1,1,1.0
85,5,996.44,480.44,242.3599999999999,312.06,1,1,1.0
86,1,1516.9,767.28,60.19999999999982,159.51999999999998,1,1,0.0
86,2,1574.4,781.6,4.2199999999998,31.299999999999955,1,1,0.0
86,3,1436.3,536.6,136.9000000000001,176.60000000000002,1,1,1.0
86,4,1203.2,637.5,189.0999999999999,291.6,1,1,1.0
86,5,1014.2,469.39,226.0999999999999,312.11,1,1,1.0
87,1,1514.8,721.56,61.88000000000011,212.04000000000008,1,1,0.0
87,2,1574.4,781.6,4.2199999999998,31.299999999999955,1,1,0.0
87,3,1435.6,528.74,139.0400000000002,196.15999999999997,1,1,1.0
87,4,1204.2,635.46,186.56999999999994,305.53999999999996,1,1,1.0
87,5,1015.29,477.75,232.4000000000001,334.5,1,1,1.0
88,1,1519.9,758.03,55.5,187.57000000000005,1,1,0.0
88,2,1574.4,781.6,4.2199999999998,31.299999999999955,1,1,0.0
88,3,1439.1,535.5,134.5,175.60000000000002,1,1,1.0
88,4,1203.2,635.4,187.5,295.9,1,1,1.0
88,5,1018.4,496.5,236.10000000000002,269.1,1,1,1.0
89,1,1518.2,729.2,59.299999999999955,206.0999999999999,1,1,0.0
89,2,1574.4,781.6,4.2199999999998,31.299999999999955,1,1,0.0
89,3,1437.0,534.42,136.57999999999993,185.18000000000006,1,1,1.0
89,4,1204.2,636.91,183.39999999999986,291.2900000000001,1,1,1.0
89,5,1078.56,495.55,188.94000000000005,362.65000000000003,1,1,1.0
90,1,1515.64,743.83,61.039999999999964,198.76999999999998,1,1,0.0
90,2,1574.4,781.6,4.2199999999998,31.299999999999955,1,1,0.0
90,3,1436.7,533.0,136.16999999999985,185.89999999999998,1,1,1.0
90,4,1204.7,634.87,182.89999999999986,300.73,1,1,1.0
90,5,1111.51,493.3,146.08999999999992,383.7,1,1,1.0
91,1,1516.9,736.58,58.919999999999845,194.01999999999998,1,1,0.0
91,2,1574.4,781.6,4.2199999999998,31.299999999999955,1,1,0.0
91,3,1435.9,526.61,136.6099999999999,192.28999999999996,1,1,1.0
91,4,1213.1,627.57,180.72000000000003,303.8299999999999,1,1,1.0
91,5,1117.8,506.9,140.79999999999995,387.4,1,1,1.0
92,1,1519.02,764.78,57.23000000000002,150.51999999999998,1,1,0.0
92,2,1574.4,781.6,4.2199999999998,31.299999999999955,1,1,0.0
92,3,1435.6,527.68,138.0,191.22000000000003,1,1,1.0
92,4,1212.1,629.1,180.70000000000005,296.0,1,1,1.0
92,5,1117.8,522.59,148.60000000000014,314.11,1,1,1.0
93,1,1519.0,766.91,57.25,172.29000000000008,1,1,0.0
93,2,1574.4,781.6,4.2199999999998,31.299999999999955,1,1,0.0
93,3,1439.0,529.09,131.3800000000001,188.30999999999995,1,1,1.0
93,4,1210.6,630.1,174.9000000000001,275.19999999999993,1,1,1.0
93,5,1111.5,523.1,151.20000000000005,282.29999999999995,1,1,1.0
94,1,1521.1,767.76,55.15000000000009,172.64,1,1,0.0
94,2,1574.4,781.6,4.2199999999998,31.299999999999955,1,1,0.0
94,3,1439.4,535.84,135.24,180.76,1,1,1.0
94,4,1209.5,625.91,192.27999999999997,277.7900000000001,1,1,1.0
94,5,1111.5,523.1,170.70000000000005,270.19999999999993,1,1,1.0
95,1,1521.2,751.4,55.049999999999955,187.30000000000007,1,1,0.0
95,2,1574.4,781.6,4.2199999999998,31.299999999999955,1,1,0.0
95,3,1439.4,533.4,133.0999999999999,181.80000000000007,1,1,1.0
95,4,1212.6,619.69,190.70000000000005,280.30999999999995,1,1,1.0
95,5,1094.8,508.4,167.9000000000001,291.20000000000005,1,1,1.0
96,1,1520.7,745.7,55.549999999999955,192.5999999999999,1,1,0.0
96,2,1574.4,781.6,4.2199999999998,31.299999999999955,1,1,0.0
96,3,1437.98,539.75,135.58999999999992,189.35000000000002,1,1,1.0
96,4,1208.5,622.25,197.3599999999999,275.75,1,1,1.0
96,5,1058.26,538.2,325.03999999999996,182.79999999999995,1,1,1.0
97,1,1520.7,744.23,54.700000000000045,184.26999999999998,1,1,0.0
97,2,1574.4,781.6,4.2199999999998,31.299999999999955,1,1,0.0
97,3,1438.7,530.52,133.45000000000005,193.58000000000004,1,1,1.0
97,4,1212.1,623.3,199.0,276.20000000000005,1,1,1.0
97,5,1057.7,513.04,318.66999999999985,176.56000000000006,1,1,1.0
98,1,1522.0,740.88,53.82999999999993,191.01999999999998,1,1,0.0
98,2,1574.4,781.6,4.2199999999998,31.299999999999955,1,1,0.0
98,3,1439.4,540.1,135.58999999999992,190.39999999999998,1,1,1.0
98,4,1212.1,624.55,200.11000000000013,272.75,1,1,1.0
98,5,1096.9,502.6,263.1999999999998,218.5,1,1,1.0
99,1,1520.3,736.17,55.100000000000136,200.83000000000004,1,1,0.0
99,2,1574.4,781.6,4.2199999999998,31.299999999999955,1,1,0.0
99,3,1439.4,540.1,133.5,192.89999999999998,1,1,1.0
99,4,1212.1,644.2,227.80000000000018,246.89999999999998,1,1,1.0
99,5,1137.8,536.6,220.26,215.89999999999998,1,1,1.0
100,1,1520.5,737.33,56.180000000000064,190.37,1,1,0.0
100,2,1574.4,781.6,4.2199999999998,31.299999999999955,1,1,0.0
100,3,1438.3,535.84,135.26999999999998,206.0,1,1,1.0
100,4,1212.1,652.6,233.0,273.6,1,1,1.0
100,5,1146.17,540.29,207.69999999999982,214.30000000000007,1,1,1.0
101,1,1513.3,739.03,62.950000000000045,200.57000000000005,1,1,0.0
101,2,1574.4,781.6,4.2199999999998,31.299999999999955,1,1,0.0
101,3,1439.0,538.68,132.79999999999995,206.72000000000003,1,1,1.0
101,4,1207.9,657.3,232.0,291.4000000000001,1,1,1.0
101,5,1151.4,540.29,204.51,222.11,1,1,1.0
102,1,1522.5,744.15,52.90000000000009,200.14999999999998,1,1,0.0
102,2,1574.4,781.6,4.2199999999998,31.299999999999955,1,1,0.0
102,3,1438.7,534.07,133.80999999999995,199.02999999999997,1,1,1.0
102,4,1187.5,656.8,249.29999999999995,301.30000000000007,1,1,1.0
102,5,1149.8,536.59,205.60000000000014,220.20999999999992,1,1,1.0
103,1,1523.7,745.85,52.12999999999988,194.54999999999995,1,1,0.0
103,2,1574.4,781.6,4.2199999999998,31.299999999999955,1,1,0.0
103,3,1439.0,536.2,133.1500000000001,199.0999999999999,1,1,1.0
103,4,1198.5,652.6,230.5,308.1,1,1,1.0
103,5,1139.9,539.24,211.91999999999985,214.26,1,1,1.0
104,1,1500.3,745.42,76.38000000000011,187.38,1,1,0.0
104,2,1574.4,781.6,4.2199999999998,31.299999999999955,1,1,0.0
104,3,1439.0,535.13,132.44000000000005,198.37,1,1,1.0
104,4,1205.3,652.6,220.60000000000014,288.79999999999995,1,1,1.0
104,5,1134.68,525.59,217.5999999999999,225.79999999999995,1,1,1.0
105,1,1493.7,735.2,83.39999999999986,176.69999999999993,1,1,0.0
105,2,1574.4,781.6,4.2199999999998,31.299999999999955,1,1,0.0
105,3,1438.3,537.97,134.92000000000007,198.32999999999993,1,1,1.0
105,4,1205.8,652.1,215.4000000000001,270.4,1,1,1.0
105,5,1138.3,533.4,214.5,211.20000000000005,1,1,1.0
106,1,1520.5,746.28,55.32999999999993,184.82000000000005,1,1,0.0
106,2,1574.4,781.6,4.2199999999998,31.299999999999955,1,1,0.0
106,3,1436.9,528.74,136.66999999999985,211.15999999999997,1,1,1.0
106,4,1205.8,662.6,228.0,254.10000000000002,1,1,1.0
106,5,1143.0,535.5,207.70000000000005,212.79999999999995,1,1,1.0
107,1,1520.0,730.09,56.25,185.61,1,1,0.0
107,2,1574.4,781.6,4.2199999999998,31.299999999999955,1,1,0.0
107,3,1438.7,539.7,134.20000000000005,182.5999999999999,1,1,1.0
107,4,1203.2,672.0,237.39999999999986,294.4,1,1,1.0
107,5,1138.3,533.4,208.70000000000005,214.89999999999998,1,1,1.0
108,1,1521.7,729.15,54.549999999999955,199.35000000000002,1,1,0.0
108,2,1574.4,781.6,4.2199999999998,31.299999999999955,1,1,0.0
108,3,1437.3,538.68,135.55999999999995,181.5200000000001,1,1,1.0
108,4,1194.3,673.6,242.10000000000014,303.9,1,1,1.0
108,5,1143.53,504.1,204.47000000000003,242.10000000000002,1,1,1.0
109,1,1520.7,735.97,55.98000000000002,202.73000000000002,1,1,0.0
109,2,1574.4,781.6,4.2199999999998,31.299999999999955,1,1,0.0
109,3,1437.74,528.0,135.8599999999999,188.26999999999998,1,1,1.0
109,4,1167.6,684.02,269.45000000000005,308.68000000000006,1,1,1.0
109,5,1135.7,513.5,208.0999999999999,227.5,1,1,1.0
110,1,1522.0,731.28,55.09999999999991,210.82000000000005,1,1,0.0
110,2,1574.4,781.6,4.2199999999998,31.299999999999955,1,1,0.0
110,3,1435.8,535.13,137.42000000000007,183.97000000000003,1,1,1.0
110,4,1196.4,678.18,258.74,216.72000000000003,1,1,1.0
110,5,1113.2,485.8,230.5999999999999,245.8,1,1,1.0
111,1,1520.3,719.78,56.38000000000011,221.92000000000007,1,1,0.0
111,2,1574.4,781.6,4.2199999999998,31.299999999999955,1,1,0.0
111,3,1434.7,536.5,140.28999999999996,181.89999999999998,1,1,1.0
111,4,1144.0,673.58,310.1199999999999,241.01999999999998,1,1,1.0
111,5,1124.2,485.8,217.0,246.3,1,1,1.0
112,1,1517.3,725.74,58.51999999999998,227.05999999999995,1,1,0.0
112,2,1574.4,781.6,4.2199999999998,31.299999999999955,1,1,0.0
112,3,1434.7,534.78,139.89999999999986,185.01999999999998,1,1,1.0
112,4,1172.8,671.38,275.60000000000014,244.41999999999996,1,1,1.0
112,5,1161.9,477.4,179.29999999999995,229.10000000000002,1,1,1.0
113,1,1516.4,729.58,61.12999999999988,225.31999999999994,1,1,0.0
113,2,1574.4,781.6,4.2199999999998,31.299999999999955,1,1,0.0
113,3,1434.7,534.78,137.45000000000005,187.51999999999998,1,1,1.0
113,4,1204.1,668.31,243.2900000000002,256.7900000000001,1,1,1.0
113,5,1195.9,468.0,145.29999999999995,264.1,1,1,1.0
114,1,1519.0,727.45,58.52999999999997,223.64999999999998,1,1,0.0
114,2,1574.4,781.6,4.2199999999998,31.299999999999955,1,1,0.0
114,3,1434.7,534.07,138.51999999999998,185.42999999999995,1,1,1.0
114,4,1203.7,660.93,237.39999999999986,264.6700000000001,1,1,1.0
114,5,1193.8,443.4,147.4000000000001,301.80000000000007,1,1,1.0
115,1,1518.1,722.76,59.430000000000064,222.84000000000003,1,1,0.0
115,2,1574.4,781.6,4.2199999999998,31.299999999999955,1,1,0.0
115,3,1435.1,538.33,137.76,178.28999999999996,1,1,1.0
115,4,1204.2,661.5,236.89999999999986,267.79999999999995,1,1,1.0
115,5,1190.7,438.7,150.5,297.59999999999997,1,1,1.0
116,1,1518.6,728.3,58.5,221.10000000000002,1,1,0.0
116,2,1574.4,781.6,4.2199999999998,31.299999999999955,1,1,0.0
116,3,1435.8,540.1,136.71000000000004,179.69999999999993,1,1,1.0
116,4,1204.2,661.0,233.79999999999995,262.70000000000005,1,1,1.0
116,5,1190.7,448.1,150.5,291.9,1,1,1.0
117,1,1515.2,718.93,62.32999999999993,224.07000000000005,1,1,0.0
117,2,1574.4,781.6,4.2199999999998,31.299999999999955,1,1,0.0
117,3,1432.34,538.68,140.16000000000008,182.92000000000007,1,1,1.0
117,4,1206.3,658.9,228.0,254.70000000000005,1,1,1.0
117,5,1190.7,455.4,150.5,289.80000000000007,1,1,1.0
118,1,1517.8,730.01,58.01999999999998,197.69000000000005,1,1,0.0
118,2,1574.4,781.6,4.2199999999998,31.299999999999955,1,1,0.0
118,3,1434.4,535.13,138.81999999999994,182.57000000000005,1,1,1.0
118,4,1207.8,657.9,223.4000000000001,243.60000000000002,1,1,1.0
118,5,1190.7,447.6,152.0999999999999,297.6,1,1,1.0
119,1,1518.6,741.51,58.5,189.99,1,1,0.0
119,2,1574.4,781.6,4.2199999999998,31.299999999999955,1,1,0.0
119,3,1431.6,535.13,141.26,187.16999999999996,1,1,1.0
119,4,1187.5,654.8,244.70000000000005,267.70000000000005,1,1,1.0
119,5,1188.6,447.6,154.20000000000005,297.6,1,1,1.0
120,1,1518.6,733.41,58.5,211.69000000000005,1,1,0.0
120,2,1574.4,781.6,4.2199999999998,31.299999999999955,1,1,0.0
120,3,1430.6,540.1,141.9000000000001,178.29999999999995,1,1,1.0
120,4,1165.5,657.9,267.20000000000005,292.9,1,1,1.0
120,5,1188.6,435.6,154.20000000000005,309.6,1,1,1.0
