1,1,214.24,617.82,153.03999999999996,171.13,1,1,1.0
1,2,126.4,769.4,227.89000000000001,253.64,1,1,1.0
1,3,398.47,432.23,174.81999999999994,306.01,1,1,1.0
1,4,542.4,924.38,317.4,137.62,1,1,1.0
1,5,753.02,636.47,143.76999999999998,299.63,1,1,1.0
1,6,841.82,522.44,250.4699999999999,263.13,1,1,1.0
1,7,1089.48,459.9,216.1199999999999,281.46000000000004,1,1,1.0
1,8,1158.48,675.84,302.9100000000001,189.89,1,1,1.0
1,9,1432.27,562.5,141.97000000000003,369.28999999999996,1,1,1.0
2,1,258.76,605.78,128.2,196.01999999999998,1,1,1.0
2,2,127.3,770.0,226.99,253.03999999999996,1,1,1.0
2,3,390.95,469.19,154.45,332.3,1,1,1.0
2,4,481.0,923.3,358.0,138.72000000000003,1,1,1.0
2,5,704.7,636.47,198.39999999999998,316.53,1,1,1.0
2,6,845.6,522.4,254.19999999999993,266.20000000000005,1,1,1.0
2,7,1084.3,462.7,229.10000000000014,291.8,1,1,1.0
2,8,1199.9,647.2,270.5,210.19999999999993,1,1,1.0
2,9,1445.84,496.76,141.96000000000004,318.34000000000003,1,1,1.0
3,1,209.7,606.5,154.60000000000002,196.5,1,1,1.0
3,2,150.9,753.1,203.39000000000001,269.93999999999994,1,1,1.0
3,3,394.0,473.7,156.70000000000005,311.2,1,1,1.0
3,4,460.1,919.0,341.19999999999993,131.5,1,1,1.0
3,5,738.0,633.0,165.10000000000002,330.70000000000005,1,1,1.0
3,6,845.6,531.4,263.19999999999993,259.5,1,1,1.0
3,7,1069.6,517.6,248.70000000000005,230.10000000000002,1,1,1.0
3,8,1143.4,651.0,335.29999999999995,186.10000000000002,1,1,1.0
3,9,1418.7,504.9,163.70000000000005,293.0,1,1,1.0
4,1,190.9,672.7,155.29999999999998,185.5,1,1,1.0
4,2,193.6,802.1,148.1,277.4999999999999,1,1,1.0
4,3,397.01,568.64,232.78999999999996,229.86,1,1,1.0
4,4,464.4,923.3,329.6,132.4000000000001,1,1,1.0
4,5,724.2,634.5,177.5999999999999,327.29999999999995,1,1,1.0
4,6,851.6,525.4,264.69999999999993,271.5,1,1,1.0
4,7,1069.08,486.2,282.6200000000001,204.90000000000003,1,1,1.0
4,8,1133.6,657.8,347.4000000000001,183.10000000000002,1,1,1.0
4,9,1418.7,504.9,163.70000000000005,276.70000000000005,1,1,1.0
5,1,231.9,656.03,162.16,155.57000000000005,1,1,1.0
5,2,272.7,744.96,152.40000000000003,316.44000000000005,1,1,1.0
5,3,374.4,554.3,296.80000000000007,208.0,1,1,1.0
5,4,503.6,925.4,286.19999999999993,134.0000000000001,1,1,1.0
5,5,739.3,637.1,162.5,359.19999999999993,1,1,1.0
5,6,850.8,536.7,294.10000000000014,272.29999999999995,1,1,1.0
5,7,1022.88,435.02,292.5200000000001,248.68000000000006,1,1,1.0
5,8,1147.2,651.8,330.79999999999995,195.9000000000001,1,1,1.0
5,9,1418.7,481.4,162.0999999999999,290.30000000000007,1,1,1.0
6,1,230.5,656.03,165.7,158.87,1,1,1.0
6,2,265.8,758.8,183.8,271.79999999999995,1,1,1.0
6,3,426.4,552.8,281.70000000000005,197.4000000000001,1,1,1.0
6,4,457.5,919.3,326.5,143.0,1,1,1.0
6,5,775.7,730.0,140.5,322.79999999999995,1,1,1.0
6,6,850.8,536.7,291.20000000000005,276.79999999999995,1,1,1.0
6,7,963.8,447.4,309.29999999999995,210.80000000000007,1,1,1.0
6,8,1146.4,651.8,331.5999999999999,203.4000000000001,1,1,1.0
6,9,1418.7,501.3,163.70000000000005,264.90000000000003,1,1,1.0
7,1,230.8,653.5,158.62,158.10000000000002,1,1,1.0
7,2,347.7,577.6,133.40000000000003,301.66999999999996,1,1,1.0
7,3,419.6,552.8,277.9,195.9000000000001,1,1,1.0
7,4,478.4,922.3,284.80000000000007,137.10000000000014,1,1,1.0
7,5,754.3,766.4,149.30000000000007,312.80000000000007,1,1,1.0
7,6,852.53,535.4,264.77,281.9,1,1,1.0
7,7,854.39,404.0,357.2099999999999,187.29999999999995,1,1,1.0
7,8,1150.9,647.3,330.89999999999986,204.10000000000002,1,1,1.0
7,9,1418.7,449.8,163.70000000000005,316.40000000000003,1,1,1.0
8,1,230.1,658.19,159.67999999999998,149.80999999999995,1,1,1.0
8,2,318.58,513.8,116.72000000000003,192.20000000000005,1,1,1.0
8,3,424.1,593.5,253.10000000000002,194.39999999999998,1,1,1.0
8,4,478.4,922.3,281.6,140.79999999999995,1,1,1.0
8,5,749.9,769.5,150.60000000000002,296.5,1,1,1.0
8,6,847.8,527.7,264.0,281.29999999999995,1,1,1.0
8,7,739.55,398.57,369.85000000000014,140.32999999999998,1,1,1.0
8,8,1156.2,642.0,319.5999999999999,201.10000000000002,1,1,1.0
8,9,1418.7,476.9,163.70000000000005,289.30000000000007,1,1,1.0
9,1,229.0,654.22,158.61,158.88,1,1,1.0
9,2,255.8,508.2,166.3,150.2,1,1,0.0
9,3,424.1,593.5,249.29999999999995,198.89999999999998,1,1,1.0
9,4,431.3,912.19,323.3,147.6099999999999,1,1,1.0
9,5,749.9,773.9,150.0,297.80000000000007,1,1,1.0
9,6,838.8,527.7,262.5,276.79999999999995,1,1,1.0
9,7,656.36,394.1,319.24,199.04999999999995,1,1,1.0
9,8,1156.2,646.5,324.89999999999986,187.60000000000002,1,1,1.0
9,9,1418.7,453.4,169.89999999999986,295.5,1,1,1.0
10,1,230.5,651.01,156.39,191.49,1,1,1.0
10,2,200.5,532.1,192.10000000000002,187.0,1,1,0.0
10,3,424.1,593.5,256.1,198.89999999999998,1,1,1.0
10,4,336.06,933.96,287.34,132.83999999999992,1,1,1.0
10,5,729.8,780.2,170.10000000000002,298.39999999999986,1,1,1.0
10,6,847.8,524.7,238.4000000000001,288.79999999999995,1,1,1.0
10,7,665.4,367.0,250.5,270.5,1,1,1.0
10,8,1156.2,654.0,316.5999999999999,178.60000000000002,1,1,1.0
10,9,1406.9,485.0,175.5,244.10000000000002,1,1,1.0
11,1,219.2,676.37,143.36,219.42999999999995,1,1,1.0
11,2,210.5,522.1,172.10000000000002,192.0,1,1,0.0
11,3,424.1,564.9,217.69999999999993,238.0,1,1,1.0
11,4,292.43,950.57,229.67000000000002,133.2299999999999,1,1,1.0
11,5,655.7,866.9,264.29999999999995,233.0000000000001,1,1,1.0
11,6,847.8,524.7,238.4000000000001,281.29999999999995,1,1,1.0
11,7,678.4,355.2,227.60000000000002,299.50000000000006,1,1,1.0
11,8,1044.68,446.03,269.91999999999985,252.47000000000003,1,1,1.0
11,9,1422.3,488.6,165.79999999999995,252.5,1,1,1.0
12,1,170.7,713.47,171.49,213.63,1,1,1.0
12,2,215.7,522.1,166.90000000000003,197.60000000000002,1,1,0.0
12,3,424.1,569.1,207.19999999999993,243.60000000000002,1,1,1.0
12,4,207.9,955.3,323.9,143.9000000000001,1,1,1.0
12,5,662.0,860.6,251.70000000000005,224.19999999999993,1,1,1.0
12,6,853.8,518.7,227.9000000000001,294.0999999999999,1,1,1.0
12,7,664.4,334.7,237.10000000000002,285.59999999999997,1,1,1.0
12,8,1016.8,443.0,272.20000000000005,248.70000000000005,1,1,1.0
12,9,1428.0,493.6,156.5,242.79999999999995,1,1,1.0
13,1,211.3,687.58,153.86,207.31999999999994,1,1,1.0
13,2,187.3,531.5,200.3,174.39999999999998,1,1,0.0
13,3,424.1,573.2,204.10000000000002,239.5,1,1,1.0
13,4,207.9,955.3,321.80000000000007,136.60000000000014,1,1,1.0
13,5,668.3,888.9,263.6,195.89999999999998,1,1,1.0
13,6,853.8,518.7,227.9000000000001,297.9,1,1,1.0
13,7,669.8,328.1,217.20000000000005,317.5,1,1,1.0
13,8,985.15,382.72,245.85000000000002,278.0799999999999,1,1,1.0
13,9,1428.0,455.3,154.4000000000001,273.8,1,1,1.0
14,1,216.6,696.11,153.53,195.28999999999996,1,1,1.0
14,2,210.5,530.2,182.8,156.19999999999993,1,1,0.0
14,3,430.9,584.5,216.89999999999998,241.0,1,1,1.0
14,4,281.6,945.9,248.10000000000002,139.19999999999993,1,1,1.0
14,5,679.6,904.6,276.19999999999993,180.19999999999993,1,1,1.0
14,6,864.3,509.7,217.4000000000001,306.90000000000003,1,1,1.0
14,7,677.9,338.0,207.30000000000007,327.5,1,1,1.0
14,8,992.7,382.72,248.0999999999999,265.28,1,1,1.0
14,9,1428.0,445.3,154.4000000000001,283.8,1,1,1.0
15,1,216.6,699.58,153.53,170.91999999999996,1,1,1.0
15,2,213.0,526.4,181.60000000000002,154.39999999999998,1,1,0.0
15,3,422.6,580.7,230.60000000000002,238.79999999999995,1,1,1.0
15,4,280.2,940.2,247.90000000000003,144.89999999999986,1,1,1.0
15,5,679.6,907.1,279.29999999999995,166.39999999999998,1,1,1.0
15,6,869.6,502.9,211.30000000000007,300.1,1,1,1.0
15,7,668.9,333.5,212.70000000000005,353.70000000000005,1,1,1.0
15,8,991.2,394.8,243.5999999999999,256.2,1,1,1.0
15,9,1428.0,425.2,154.4000000000001,308.90000000000003,1,1,1.0
16,1,219.5,703.19,153.16000000000003,170.51,1,1,1.0
16,2,225.5,527.7,171.0,151.0999999999999,1,1,0.0
16,3,423.9,587.5,235.30000000000007,233.29999999999995,1,1,1.0
16,4,282.55,944.6,245.55,140.4999999999999,1,1,1.0
16,5,679.6,907.1,281.19999999999993,173.89999999999998,1,1,1.0
16,6,858.3,505.9,219.60000000000014,315.9,1,1,1.0
16,7,649.0,334.4,225.39999999999998,320.20000000000005,1,1,1.0
16,8,916.1,387.3,311.19999999999993,244.90000000000003,1,1,1.0
16,9,1441.2,425.2,117.29999999999995,214.09999999999997,1,1,0.0
17,10,1566.62,704.16,16.75,13.600000000000023,1,1,0.0
17,1,218.8,700.3,153.5,170.20000000000005,1,1,1.0
17,2,187.8,534.0,213.7,153.0,1,1,0.0
17,3,415.8,558.9,226.8,260.6,1,1,1.0
17,4,284.9,949.0,243.20000000000005,136.0999999999999,1,1,1.0
17,5,679.6,895.8,281.19999999999993,177.70000000000005,1,1,1.0
17,6,861.3,511.9,216.60000000000014,304.6,1,1,1.0
17,7,653.5,344.3,243.5,310.3,1,1,1.0
17,8,891.7,370.0,328.0999999999999,168.79999999999995,1,1,1.0
17,9,1473.2,440.3,69.59999999999991,43.89999999999998,1,1,0.0
18,10,1457.8,651.3,132.9000000000001,131.30000000000007,1,1,0.0
18,1,222.3,691.72,147.46999999999997,177.67999999999995,1,1,1.0
18,2,189.1,537.1,213.70000000000002,159.89999999999998,1,1,0.0
18,3,455.7,430.0,211.8,301.29999999999995,1,1,1.0
18,4,251.5,952.1,276.6,136.10000000000002,1,1,1.0
18,5,679.6,895.8,281.19999999999993,177.70000000000005,1,1,1.0
18,6,861.3,511.9,216.60000000000014,304.6,1,1,1.0
18,7,657.1,358.8,254.39999999999998,303.90000000000003,1,1,1.0
18,8,884.2,372.3,347.70000000000005,163.49999999999994,1,1,1.0
18,9,1510.32,410.67,22.600000000000136,13.229999999999961,1,1,0.0
19,10,1380.4,651.3,210.29999999999995,128.70000000000005,1,1,1.0
19,1,220.9,692.8,151.4,177.70000000000005,1,1,1.0
19,2,176.5,539.0,224.39999999999998,156.10000000000002,1,1,0.0
19,3,474.5,407.4,205.79999999999995,294.5,1,1,1.0
19,4,257.8,929.1,271.90000000000003,159.60000000000002,1,1,1.0
19,5,673.3,902.1,280.6,171.39999999999998,1,1,1.0
19,6,854.5,523.2,238.5,260.9,1,1,1.0
19,7,658.9,373.3,226.39999999999998,330.09999999999997,1,1,1.0
19,8,918.1,372.3,324.4,170.3,1,1,1.0
19,9,1510.2,410.64,22.730000000000018,14.04000000000002,1,1,0.0
20,10,1375.2,636.1,215.5,154.69999999999993,1,1,1.0
20,1,220.9,703.5,152.70000000000002,167.0,1,1,1.0
20,2,216.1,554.1,184.79999999999998,133.5,1,1,0.0
20,3,470.0,416.4,210.29999999999995,287.0,1,1,1.0
20,4,257.8,930.7,276.09999999999997,165.29999999999995,1,1,1.0
20,5,673.3,894.6,282.5,176.39999999999998,1,1,1.0
20,6,837.9,542.0,261.1,258.70000000000005,1,1,1.0
20,7,642.6,387.8,177.60000000000002,334.59999999999997,1,1,1.0
20,8,967.8,347.4,280.0,221.60000000000002,1,1,1.0
20,9,1510.08,410.61,22.860000000000127,14.849999999999966,1,1,0.0
21,10,1375.2,631.8,210.0999999999999,155.0,1,1,1.0
21,1,220.9,703.5,152.70000000000002,167.0,1,1,1.0
21,2,197.9,576.7,192.29999999999998,114.69999999999993,1,1,0.0
21,3,470.0,399.8,210.29999999999995,303.59999999999997,1,1,1.0
21,4,257.8,933.8,276.09999999999997,162.20000000000005,1,1,1.0
21,5,677.7,904.0,282.5,170.79999999999995,1,1,1.0
21,6,837.9,542.0,243.80000000000007,251.89999999999998,1,1,1.0
21,7,626.3,375.1,188.5,394.29999999999995,1,1,1.0
21,8,851.8,400.1,349.29999999999995,150.10000000000002,1,1,1.0
21,9,1509.95,410.59,23.0,15.640000000000043,1,1,0.0
22,10,1369.1,628.53,218.35000000000014,164.07000000000005,1,1,1.0
22,1,220.9,703.5,152.70000000000002,167.0,1,1,1.0
22,2,204.2,579.2,172.2,106.54999999999995,1,1,0.0
22,3,478.3,399.8,201.99999999999994,307.40000000000003,1,1,1.0
22,4,225.36,877.29,187.14,178.41000000000008,1,1,1.0
22,5,677.7,904.0,282.5,170.79999999999995,1,1,1.0
22,6,837.9,542.0,240.80000000000007,260.9,1,1,1.0
22,7,638.1,392.3,181.19999999999993,366.2,1,1,1.0
22,8,823.2,405.4,342.5,134.30000000000007,1,1,1.0
22,9,1509.83,410.56,23.1400000000001,16.44999999999999,1,1,0.0
23,10,1405.5,624.93,180.1400000000001,178.2700000000001,1,1,1.0
23,1,217.1,703.5,156.50000000000003,167.0,1,1,1.0
23,2,56.0,610.6,263.3,58.799999999999955,1,1,0.0
23,3,478.3,404.3,204.99999999999994,305.90000000000003,1,1,1.0
23,4,220.12,851.12,172.98000000000002,193.08000000000004,1,1,1.0
23,5,677.7,900.2,277.5,174.5999999999999,1,1,1.0
23,6,828.9,546.5,304.5000000000001,202.10000000000002,1,1,1.0
23,7,642.6,397.7,176.69999999999993,350.90000000000003,1,1,1.0
23,8,793.1,405.4,372.6,134.30000000000007,1,1,1.0
23,9,1509.71,410.53,23.269999999999982,17.260000000000048,1,1,0.0
24,10,1409.7,628.17,175.58999999999992,195.23000000000002,1,1,1.0
24,1,236.6,633.8,161.50000000000003,282.5,1,1,1.0
24,2,51.6,607.5,262.7,61.89999999999998,1,1,0.0
24,3,467.7,426.2,248.00000000000006,280.2,1,1,1.0
24,4,220.12,854.26,174.98000000000002,191.1400000000001,1,1,1.0
24,5,677.7,880.1,256.19999999999993,185.89999999999998,1,1,1.0
24,6,813.8,536.1,327.4000000000001,175.60000000000002,1,1,1.0
24,7,615.47,517.1,176.92999999999995,311.06999999999994,1,1,1.0
24,8,807.4,405.4,358.30000000000007,140.80000000000007,1,1,1.0
24,9,1509.59,410.5,23.40000000000009,18.069999999999993,1,1,0.0
25,10,1392.6,617.3,190.9000000000001,210.70000000000005,1,1,1.0
25,1,293.12,708.4,172.18,326.5000000000001,1,1,1.0
25,2,50.3,601.2,264.0,73.79999999999995,1,1,0.0
25,3,467.7,438.3,219.40000000000003,268.09999999999997,1,1,1.0
25,4,220.12,857.4,168.27999999999997,187.80000000000007,1,1,1.0
25,5,677.7,870.7,246.19999999999993,202.20000000000005,1,1,1.0
25,6,895.18,570.61,331.72000000000014,140.28999999999996,1,1,1.0
25,7,613.9,514.78,170.51999999999998,302.32000000000005,1,1,1.0
25,8,767.5,411.4,353.0,135.10000000000002,1,1,1.0
25,9,1509.47,410.47,23.529999999999973,18.879999999999995,1,1,0.0
26,10,1340.8,631.36,244.74,246.24,1,1,1.0
26,1,342.1,858.3,157.10999999999996,237.60000000000014,1,1,1.0
26,2,43.7,602.75,270.0,62.549999999999955,1,1,0.0
26,3,475.0,434.5,206.10000000000002,271.9,1,1,1.0
26,4,220.1,859.0,149.46,207.6500000000001,1,1,1.0
26,5,677.7,870.7,228.5999999999999,202.20000000000005,1,1,1.0
26,6,917.8,570.61,345.5,145.59000000000003,1,1,1.0
26,7,600.0,510.62,161.5,311.67999999999995,1,1,1.0
26,8,740.4,394.8,356.0000000000001,162.3,1,1,1.0
26,9,1509.34,410.44,23.670000000000073,19.680000000000007,1,1,0.0
27,10,1341.5,650.41,206.8699999999999,251.39,1,1,1.0
27,1,301.9,972.4,196.90000000000003,163.69999999999993,1,1,1.0
27,2,44.6,556.6,323.7,100.19999999999993,1,1,0.0
27,3,470.7,411.4,207.40000000000003,292.70000000000005,1,1,1.0
27,4,208.1,839.1,146.79999999999998,233.30000000000007,1,1,1.0
27,5,677.7,864.4,231.0999999999999,215.30000000000007,1,1,1.0
27,6,961.5,568.35,315.4000000000001,228.44999999999993,1,1,1.0
27,7,593.8,501.7,167.70000000000005,316.50000000000006,1,1,1.0
27,8,764.5,397.8,325.0999999999999,159.3,1,1,1.0
27,9,1509.22,410.42,23.799999999999955,20.47999999999996,1,1,0.0
28,10,1337.9,640.7,204.0999999999999,260.69999999999993,1,1,1.0
28,1,386.04,960.9,208.66000000000003,145.68999999999994,1,1,1.0
28,2,45.9,603.0,292.88,64.79999999999995,1,1,0.0
28,3,473.7,415.7,189.3,259.8,1,1,1.0
28,4,215.4,815.6,137.4,253.10000000000002,1,1,1.0
28,5,663.9,856.2,236.10000000000002,219.20000000000005,1,1,1.0
28,6,984.1,558.6,289.80000000000007,257.0,1,1,1.0
28,7,590.7,495.54,169.24,322.66,1,1,1.0
28,8,762.3,367.7,327.29999999999995,200.2,1,1,1.0
28,9,1509.1,410.39,23.930000000000064,21.29000000000002,1,1,0.0
29,10,1326.3,644.33,214.70000000000005,252.4699999999999,1,1,1.0
29,1,382.3,960.9,219.3,145.68999999999994,1,1,1.0
29,2,49.6,605.4,259.65999999999997,62.610000000000014,1,1,0.0
29,3,436.8,408.9,269.90000000000003,242.5,1,1,1.0
29,4,215.4,830.8,137.4,242.10000000000014,1,1,1.0
29,5,662.0,890.1,285.70000000000005,189.10000000000002,1,1,1.0
29,6,979.8,569.1,297.9000000000001,208.79999999999995,1,1,1.0
29,7,596.9,498.1,154.94000000000005,360.0,1,1,1.0
29,8,753.3,391.8,348.79999999999995,165.3,1,1,1.0
29,9,1508.98,410.36,24.059999999999945,22.099999999999966,1,1,0.0
30,10,1314.4,642.6,227.02999999999997,251.0,1,1,1.0
30,1,389.8,960.9,212.40000000000003,145.68999999999994,1,1,1.0
30,2,50.8,559.2,320.3,112.19999999999993,1,1,0.0
30,3,447.3,412.5,307.40000000000003,237.39999999999998,1,1,1.0
30,4,215.4,838.6,141.70000000000002,235.89999999999998,1,1,1.0
30,5,646.9,900.1,314.0,179.10000000000002,1,1,1.0
30,6,980.3,569.1,348.9000000000001,162.10000000000002,1,1,1.0
30,7,510.0,537.76,228.10000000000002,312.03999999999996,1,1,1.0
30,8,729.2,357.9,369.5,192.39999999999998,1,1,1.0
30,9,1508.85,410.33,24.200000000000045,22.910000000000025,1,1,0.0
31,10,1330.6,650.2,214.10000000000014,240.0,1,1,1.0
31,1,389.8,956.6,214.3,149.9899999999999,1,1,1.0
31,2,52.9,607.0,283.13,57.700000000000045,1,1,0.0
31,3,447.3,432.3,255.59999999999997,217.59999999999997,1,1,1.0
31,4,215.4,823.9,137.4,250.60000000000002,1,1,1.0
31,5,640.8,900.1,320.1,179.10000000000002,1,1,1.0
31,6,1017.2,573.4,360.0,163.80000000000007,1,1,1.0
31,7,454.2,680.28,250.95999999999998,251.12,1,1,1.0
31,8,646.31,382.0,363.49,163.77999999999997,1,1,1.0
31,9,1508.73,410.3,24.329999999999927,23.70999999999998,1,1,0.0
32,10,1338.8,652.3,201.55999999999995,244.20000000000005,1,1,1.0
32,1,377.2,953.4,220.59999999999997,154.39999999999998,1,1,1.0
32,2,39.9,603.8,288.07000000000005,68.70000000000005,1,1,0.0
32,3,447.3,409.7,294.8,240.2,1,1,1.0
32,4,215.4,802.4,137.4,265.30000000000007,1,1,1.0
32,5,687.7,889.4,257.5,214.89999999999998,1,1,1.0
32,6,1146.8,570.61,353.98,153.78999999999996,1,1,1.0
32,7,442.9,730.08,238.86,194.2199999999999,1,1,1.0
32,8,629.74,418.17,316.76,163.78000000000003,1,1,1.0
32,9,1508.61,410.27,24.460000000000036,24.52000000000004,1,1,0.0
33,10,1342.7,650.14,198.52999999999997,251.06000000000006,1,1,1.0
33,1,377.2,953.4,214.3,154.39999999999998,1,1,1.0
33,2,41.5,594.4,278.4,72.80000000000007,1,1,0.0
33,3,452.5,417.4,292.57000000000005,231.5,1,1,1.0
33,4,215.4,799.8,137.4,267.9000000000001,1,1,1.0
33,5,690.84,886.28,246.15999999999997,219.9000000000001,1,1,1.0
33,6,1261.3,525.4,307.4000000000001,153.79000000000008,1,1,1.0
33,7,415.7,741.3,259.00000000000006,206.30000000000007,1,1,1.0
33,8,639.5,435.5,261.79999999999995,166.79999999999995,1,1,1.0
33,9,1508.49,410.25,24.589999999999918,25.319999999999993,1,1,0.0
34,10,1310.0,674.3,235.56999999999994,214.4000000000001,1,1,1.0
34,1,381.6,953.4,206.79999999999995,154.39999999999998,1,1,1.0
34,2,44.7,600.7,271.5,69.39999999999998,1,1,0.0
34,3,451.5,423.22,289.82000000000005,229.07999999999993,1,1,1.0
34,4,191.33,731.2,135.27,292.0999999999999,1,1,1.0
34,5,635.6,886.28,310.19999999999993,221.42000000000007,1,1,1.0
34,6,1387.1,525.4,186.80000000000018,153.79000000000008,1,1,0.0
34,7,415.7,743.1,255.40000000000003,199.10000000000002,1,1,1.0
34,8,639.5,435.5,261.79999999999995,166.79999999999995,1,1,1.0
34,9,1508.36,410.22,24.74000000000001,26.129999999999995,1,1,0.0
35,10,1298.0,665.03,271.5,215.87,1,1,1.0
35,1,381.6,953.4,201.60000000000002,154.39999999999998,1,1,1.0
35,2,125.35,551.5,252.04999999999998,121.04999999999995,1,1,0.0
35,3,454.1,427.9,301.79999999999995,223.5,1,1,1.0
35,4,185.03,703.45,131.67,301.04999999999995,1,1,1.0
35,5,613.0,886.3,330.9,207.99,1,1,1.0
35,6,1507.7,603.0,66.20000000000005,76.19000000000005,1,1,0.0
35,7,400.3,743.1,270.8,183.69999999999993,1,1,1.0
35,8,628.2,430.9,294.19999999999993,171.39999999999998,1,1,1.0
35,9,1508.24,410.19,24.86999999999989,26.939999999999998,1,1,0.0
36,10,1265.02,635.8,289.18000000000006,215.4000000000001,1,1,1.0
36,1,375.1,953.4,208.10000000000002,154.39999999999998,1,1,1.0
36,2,206.0,542.2,173.60000000000002,132.79999999999995,1,1,0.0
36,3,451.1,421.7,289.4,225.90000000000003,1,1,1.0
36,4,185.03,659.0,131.67,339.20000000000005,1,1,1.0
36,5,646.9,893.8,297.0,185.4000000000001,1,1,1.0
36,6,1500.43,651.83,85.24000000000001,111.5,1,1,0.0
36,7,362.3,743.1,299.8,183.69999999999993,1,1,1.0
36,8,635.7,426.5,291.19999999999993,175.79999999999995,1,1,1.0
36,9,1508.12,410.16,25.0,27.739999999999952,1,1,0.0
37,10,1292.4,484.43,180.25,328.57,1,1,1.0
37,1,363.3,953.4,214.7,150.89999999999998,1,1,1.0
37,2,206.0,542.2,173.60000000000002,132.79999999999995,1,1,0.0
37,3,451.1,411.9,296.9,235.70000000000005,1,1,1.0
37,4,185.03,659.0,131.67,336.6,1,1,1.0
37,5,660.7,933.4,299.5,156.5000000000001,1,1,1.0
37,6,1493.17,700.67,104.25999999999999,146.79000000000008,1,1,0.0
37,7,380.4,751.4,279.9,175.39999999999998,1,1,1.0
37,8,636.45,426.5,291.19999999999993,172.0,1,1,1.0
37,9,1508.0,410.13,25.13000000000011,28.55000000000001,1,1,0.0
38,10,1317.3,442.23,232.96000000000004,223.06999999999994,1,1,1.0
38,1,341.5,966.9,201.20000000000005,154.80000000000007,1,1,1.0
38,2,206.0,547.2,175.5,127.79999999999995,1,1,0.0
38,3,451.1,408.9,288.6,238.70000000000005,1,1,1.0
38,4,185.03,667.9,124.36999999999998,283.20000000000005,1,1,1.0
38,5,660.7,958.5,310.19999999999993,169.0999999999999,1,1,1.0
38,6,1485.9,749.5,123.29999999999995,182.10000000000002,1,1,0.0
38,7,288.17,703.31,276.33,224.3900000000001,1,1,1.0
38,8,623.6,428.8,304.04999999999995,169.7,1,1,1.0
38,9,1507.87,410.11,25.27000000000021,29.349999999999966,1,1,0.0
39,10,1338.4,458.81,224.66999999999985,134.19,1,1,1.0
39,1,243.82,999.2,255.68,138.20000000000005,1,1,1.0
39,2,371.1,554.1,14.799999999999955,15.399999999999977,1,1,0.0
39,3,458.6,398.3,303.69999999999993,247.8,1,1,1.0
39,4,140.6,692.0,168.79999999999998,274.79999999999995,1,1,1.0
39,5,668.2,971.1,317.79999999999995,156.4999999999999,1,1,1.0
39,6,1468.6,729.6,144.5,202.0,1,1,0.0
39,7,252.0,642.73,263.70000000000005,234.37,1,1,1.0
39,8,623.6,428.8,301.0,169.7,1,1,1.0
39,9,1507.75,410.08,25.40000000000009,30.160000000000025,1,1,0.0
40,10,1336.2,437.7,226.8699999999999,150.8,1,1,1.0
40,1,349.35,966.5,226.85000000000002,147.3499999999999,1,1,1.0
40,2,364.8,554.1,21.099999999999966,15.399999999999977,1,1,0.0
40,3,471.4,399.8,320.30000000000007,247.8,1,1,1.0
40,4,108.2,679.4,198.10000000000002,270.70000000000005,1,1,1.0
40,5,668.2,971.1,322.79999999999995,151.4999999999999,1,1,1.0
40,6,1461.8,737.1,151.29999999999995,205.79999999999995,1,1,1.0
40,7,246.6,649.1,268.19999999999993,224.39999999999998,1,1,1.0
40,8,623.6,428.8,304.04999999999995,169.7,1,1,1.0
40,9,1507.63,410.05,25.529999999999973,30.96999999999997,1,1,0.0
41,10,1261.54,434.69,277.05999999999995,131.01000000000005,1,1,1.0
41,1,358.1,966.5,218.10000000000002,147.3499999999999,1,1,1.0
41,2,358.5,554.1,27.399999999999977,19.799999999999955,1,1,0.0
41,3,471.4,399.8,320.30000000000007,247.8,1,1,1.0
41,4,105.6,679.4,200.70000000000002,269.15,1,1,1.0
41,5,668.2,971.1,324.0999999999999,142.10000000000002,1,1,1.0
41,6,1453.8,746.1,159.29999999999995,219.19999999999993,1,1,1.0
41,7,239.8,649.1,274.99999999999994,224.39999999999998,1,1,1.0
41,8,638.7,423.2,279.9,175.3,1,1,1.0
41,9,1507.51,410.02,25.660000000000082,31.77000000000004,1,1,0.0
42,10,1261.54,434.69,272.1600000000001,136.51000000000005,1,1,1.0
42,1,358.1,966.5,209.79999999999995,147.3499999999999,1,1,1.0
42,2,372.3,554.1,13.599999999999966,19.799999999999955,1,1,0.0
42,3,471.4,399.8,320.30000000000007,247.8,1,1,1.0
42,4,103.0,679.4,203.3,267.6,1,1,1.0
42,5,673.22,883.82,319.0799999999999,191.08000000000004,1,1,1.0
42,6,1463.3,746.1,149.79999999999995,223.89999999999998,1,1,1.0
42,7,250.3,643.1,264.49999999999994,230.39999999999998,1,1,1.0
42,8,666.6,419.8,261.0,187.7,1,1,1.0
42,9,1507.38,409.99,25.799999999999955,32.579999999999984,1,1,0.0
43,10,1261.54,434.69,282.6600000000001,151.60999999999996,1,1,1.0
43,1,345.4,966.9,222.5,152.19999999999993,1,1,1.0
43,2,359.1,554.1,26.799999999999955,26.699999999999932,1,1,0.0
43,3,471.4,399.8,320.30000000000007,247.8,1,1,1.0
43,4,108.0,679.4,198.3,264.5,1,1,1.0
43,5,685.8,823.5,219.80000000000007,269.0,1,1,1.0
43,6,1452.8,727.9,160.29999999999995,253.39999999999998,1,1,1.0
43,7,239.7,651.4,275.09999999999997,222.10000000000002,1,1,1.0
43,8,666.6,419.8,261.0,187.7,1,1,1.0
43,9,1507.26,409.96,25.930000000000064,33.39000000000004,1,1,0.0
44,10,1261.54,434.69,290.96000000000004,147.81,1,1,1.0
44,1,354.6,975.2,215.5,143.89999999999986,1,1,1.0
44,2,359.1,554.1,32.5,26.699999999999932,1,1,0.0
44,3,471.4,399.8,320.30000000000007,247.8,1,1,1.0
44,4,108.0,680.7,198.3,263.19999999999993,1,1,1.0
44,5,705.9,828.5,175.80000000000007,305.4000000000001,1,1,1.0
44,6,1451.3,730.9,161.79999999999995,251.20000000000005,1,1,1.0
44,7,227.6,664.2,287.19999999999993,209.29999999999995,1,1,1.0
44,8,677.1,397.2,256.5,270.59999999999997,1,1,1.0
44,9,1507.14,409.94,26.059999999999945,34.19,1,1,0.0
45,10,1261.54,444.5,290.96000000000004,146.29999999999995,1,1,1.0
45,1,363.3,975.2,206.8,149.5999999999999,1,1,1.0
45,2,371.7,554.1,19.900000000000034,26.699999999999932,1,1,0.0
45,3,471.8,405.9,275.8,244.70000000000005,1,1,1.0
45,4,106.7,683.2,202.10000000000002,263.19999999999993,1,1,1.0
45,5,719.1,828.5,148.79999999999995,305.4000000000001,1,1,1.0
45,6,1473.9,734.8,139.19999999999982,227.0,1,1,1.0
45,7,247.9,646.1,266.9,218.39999999999998,1,1,1.0
45,8,698.2,394.2,191.69999999999993,345.2,1,1,1.0
45,9,1507.02,409.91,26.190000000000055,35.0,1,1,0.0
46,10,1364.8,467.86,202.76999999999998,146.29999999999995,1,1,1.0
46,1,363.3,971.7,213.3,153.0999999999999,1,1,1.0
46,2,355.4,554.1,36.200000000000045,26.699999999999932,1,1,0.0
46,3,459.2,414.1,248.90000000000003,241.79999999999995,1,1,1.0
46,4,103.25,685.1,205.55,263.5,1,1,1.0
46,5,719.1,794.0,161.39999999999998,316.0,1,1,1.0
46,6,1477.7,746.1,135.39999999999986,224.0,1,1,1.0
46,7,238.1,650.6,289.5,213.89999999999998,1,1,1.0
46,8,668.81,525.31,343.19000000000005,205.79000000000008,1,1,1.0
46,9,1506.89,409.88,26.339999999999918,35.80000000000001,1,1,0.0
47,10,1277.4,487.5,282.6999999999998,126.65999999999997,1,1,1.0
47,1,357.6,975.2,219.0,149.5999999999999,1,1,1.0
47,2,114.6,589.3,291.4,97.80000000000007,1,1,0.0
47,3,456.4,402.0,250.20000000000005,248.60000000000002,1,1,1.0
47,4,99.8,687.0,209.0,263.79999999999995,1,1,1.0
47,5,753.6,727.4,215.43999999999994,301.0000000000001,1,1,1.0
47,6,1479.95,746.1,133.14999999999986,223.25,1,1,1.0
47,7,232.8,664.9,294.8,199.60000000000002,1,1,1.0
47,8,815.0,532.1,351.5,175.64,1,1,1.0
47,9,1506.77,409.85,26.470000000000027,36.60999999999996,1,1,0.0
48,10,1277.4,487.5,269.89999999999986,137.20000000000005,1,1,1.0
48,1,349.3,975.2,227.3,147.0,1,1,1.0
48,2,116.1,589.3,296.79999999999995,91.0,1,1,0.0
48,3,459.4,416.3,247.20000000000005,225.3,1,1,1.0
48,4,156.3,683.2,152.5,280.19999999999993,1,1,1.0
48,5,753.6,727.4,229.29999999999995,295.30000000000007,1,1,1.0
48,6,1482.2,746.1,130.89999999999986,222.5,1,1,1.0
48,7,248.6,648.3,273.69999999999993,216.20000000000005,1,1,1.0
48,8,876.79,521.6,348.51,160.51999999999998,1,1,1.0
48,9,1506.65,409.82,26.59999999999991,37.420000000000016,1,1,0.0
49,10,1277.4,479.2,259.29999999999995,165.90000000000003,1,1,1.0
49,1,351.5,974.77,225.5,148.32999999999993,1,1,1.0
49,2,303.2,554.8,99.0,119.0,1,1,0.0
49,3,462.4,418.6,251.70000000000005,203.39999999999998,1,1,1.0
49,4,200.9,713.3,124.9,270.19000000000005,1,1,1.0
49,5,753.6,704.4,170.0,331.5000000000001,1,1,1.0
49,6,1482.2,746.1,130.89999999999986,222.5,1,1,1.0
49,7,242.6,647.5,287.0,217.0,1,1,1.0
49,8,876.79,521.6,359.80999999999995,160.51999999999998,1,1,1.0
49,9,1506.53,409.79,26.730000000000018,38.22999999999996,1,1,0.0
50,10,1277.4,479.2,252.5,159.90000000000003,1,1,1.0
50,1,341.9,976.93,232.10000000000002,145.2700000000001,1,1,1.0
50,2,303.2,595.6,91.5,88.19999999999993,1,1,0.0
50,3,512.9,422.4,327.0,161.20000000000005,1,1,1.0
50,4,180.81,765.4,163.79000000000002,172.25,1,1,1.0
50,5,729.7,604.88,151.5999999999999,344.32000000000005,1,1,1.0
50,6,1482.2,746.1,130.89999999999986,213.0,1,1,1.0
50,7,254.7,640.7,278.90000000000003,223.79999999999995,1,1,1.0
50,8,906.9,521.6,299.6,158.29999999999995,1,1,1.0
50,9,1506.4,409.77,26.86999999999989,39.03000000000003,1,1,0.0
51,10,1277.4,479.2,255.5,169.7,1,1,1.0
51,1,341.9,975.2,234.70000000000005,147.0,1,1,1.0
51,2,299.4,539.0,84.60000000000002,151.70000000000005,1,1,0.0
51,3,551.3,411.1,295.4000000000001,164.19999999999993,1,1,1.0
51,4,167.62,776.7,229.68,197.39999999999998,1,1,1.0
51,5,729.7,594.8,159.5999999999999,321.1,1,1,1.0
51,6,1482.2,746.1,130.89999999999986,222.5,1,1,1.0
51,7,244.9,649.7,288.70000000000005,214.79999999999995,1,1,1.0
51,8,906.9,514.1,340.30000000000007,165.79999999999995,1,1,1.0
51,9,1506.28,409.74,27.0,39.829999999999984,1,1,0.0
52,10,1277.4,479.2,260.79999999999995,159.2,1,1,1.0
52,1,341.9,987.4,227.30000000000007,137.39999999999998,1,1,1.0
52,2,299.4,536.8,82.70000000000005,151.4000000000001,1,1,0.0
52,3,590.5,424.7,261.5,180.7,1,1,1.0
52,4,247.99,768.54,170.61,267.05999999999995,1,1,1.0
52,5,729.7,599.2,161.5,316.69999999999993,1,1,1.0
52,6,1461.9,746.1,151.19999999999982,190.10000000000002,1,1,1.0
52,7,241.9,645.9,287.9,218.60000000000002,1,1,1.0
52,8,917.4,514.1,341.9,178.60000000000002,1,1,1.0
52,9,1506.16,409.71,27.12999999999988,40.64000000000004,1,1,0.0
53,10,1277.4,479.2,257.0,169.7,1,1,1.0
53,1,307.89,989.58,233.40999999999997,137.39999999999998,1,1,1.0
53,2,299.4,536.4,81.20000000000005,154.20000000000005,1,1,0.0
53,3,573.2,425.5,286.29999999999995,179.89999999999998,1,1,1.0
53,4,247.99,796.2,131.01,259.5,1,1,1.0
53,5,729.7,606.6,166.19999999999993,306.19999999999993,1,1,1.0
53,6,1463.5,746.1,149.5999999999999,193.89999999999998,1,1,1.0
53,7,235.1,674.6,294.69999999999993,183.89999999999998,1,1,1.0
53,8,979.9,518.6,289.19999999999993,187.69999999999993,1,1,1.0
53,9,1506.04,409.68,27.25999999999999,41.44999999999999,1,1,0.0
54,10,1277.4,479.2,257.79999999999995,156.90000000000003,1,1,1.0
54,1,292.6,985.2,217.29999999999995,138.70000000000005,1,1,1.0
54,2,299.4,536.0,97.80000000000001,144.0,1,1,0.0
54,3,574.0,427.0,314.9,198.0,1,1,1.0
54,4,232.9,816.9,151.1,224.89999999999998,1,1,1.0
54,5,729.7,596.7,168.79999999999995,318.0,1,1,1.0
54,6,1461.5,746.1,151.5999999999999,195.39999999999998,1,1,1.0
54,7,223.8,674.6,305.99999999999994,179.39999999999998,1,1,1.0
54,8,973.9,518.6,289.9,182.39999999999998,1,1,1.0
54,9,1505.91,409.65,27.399999999999864,42.26000000000005,1,1,0.0
55,10,1277.4,484.5,266.0999999999999,152.39999999999998,1,1,1.0
55,1,289.6,985.2,220.29999999999995,139.5999999999999,1,1,1.0
55,2,299.4,538.1,92.80000000000001,109.19999999999993,1,1,0.0
55,3,582.3,408.9,306.6,220.60000000000002,1,1,1.0
55,4,232.9,816.9,151.1,228.69999999999993,1,1,1.0
55,5,729.7,596.7,164.5999999999999,318.0,1,1,1.0
55,6,1463.0,746.1,150.0999999999999,191.60000000000002,1,1,1.0
55,7,250.9,643.7,278.9,210.29999999999995,1,1,1.0
55,8,973.9,518.6,296.69999999999993,196.69999999999993,1,1,1.0
55,9,1505.79,409.62,27.529999999999973,43.06999999999999,1,1,0.0
56,10,1277.4,484.5,264.5999999999999,141.89999999999998,1,1,1.0
56,1,285.7,985.2,224.2,139.5999999999999,1,1,1.0
56,2,325.1,537.3,77.09999999999997,103.70000000000005,1,1,0.0
56,3,594.4,436.8,290.0,195.7,1,1,1.0
56,4,231.6,822.6,152.4,256.4,1,1,1.0
56,5,729.7,604.2,169.5999999999999,310.5,1,1,1.0
56,6,1460.7,746.1,152.39999999999986,192.39999999999998,1,1,1.0
56,7,253.2,646.7,276.59999999999997,207.29999999999995,1,1,1.0
56,8,1010.1,518.6,279.30000000000007,214.79999999999995,1,1,1.0
56,9,1505.67,409.6,27.659999999999854,43.85999999999996,1,1,0.0
57,10,1280.4,484.5,289.5,161.5,1,1,1.0
57,1,309.3,985.2,203.2,139.5999999999999,1,1,1.0
57,2,314.4,533.6,97.80000000000001,107.39999999999998,1,1,0.0
57,3,591.4,432.3,279.4,200.2,1,1,1.0
57,4,217.8,813.8,166.2,262.60000000000014,1,1,1.0
57,5,729.7,614.2,181.5,300.5,1,1,1.0
57,6,1463.1,746.1,150.0,190.89999999999998,1,1,1.0
57,7,232.9,664.0,300.70000000000005,190.0,1,1,1.0
57,8,1024.4,506.5,232.5999999999999,232.89999999999998,1,1,1.0
57,9,1505.55,409.57,27.789999999999964,44.670000000000016,1,1,0.0
58,10,1370.8,525.2,199.10000000000014,131.19999999999993,1,1,1.0
58,1,317.9,985.2,194.60000000000002,139.5999999999999,1,1,1.0
58,2,314.4,532.0,86.5,109.0,1,1,0.0
58,3,571.8,413.5,333.70000000000005,210.70000000000005,1,1,1.0
58,4,217.4,813.8,148.4,272.10000000000014,1,1,1.0
58,5,717.14,598.5,260.06000000000006,232.05999999999995,1,1,1.0
58,6,1463.0,746.1,150.0999999999999,188.69999999999993,1,1,1.0
58,7,248.0,648.9,285.6,205.10000000000002,1,1,1.0
58,8,1016.9,501.2,241.60000000000002,283.40000000000003,1,1,1.0
58,9,1505.42,409.54,27.939999999999827,45.47999999999996,1,1,0.0
59,10,1314.3,510.1,255.60000000000014,148.0,1,1,1.0
59,1,309.2,985.2,203.3,139.5999999999999,1,1,1.0
59,2,314.4,531.5,86.5,109.5,1,1,0.0
59,3,582.3,423.3,288.5,182.09999999999997,1,1,1.0
59,4,204.6,808.8,153.00000000000003,292.70000000000005,1,1,1.0
59,5,715.26,662.5,180.84000000000003,320.02,1,1,1.0
59,6,1461.0,746.1,152.0999999999999,198.19999999999993,1,1,1.0
59,7,248.0,648.9,285.6,205.10000000000002,1,1,1.0
59,8,989.8,500.4,228.0,251.0,1,1,1.0
59,9,1505.3,409.51,28.069999999999936,46.29000000000002,1,1,0.0
60,10,1314.3,510.1,246.60000000000014,165.29999999999995,1,1,1.0
60,1,317.9,985.2,194.60000000000002,139.5999999999999,1,1,1.0
60,2,314.4,531.1,80.80000000000001,109.89999999999998,1,1,0.0
60,3,595.9,418.8,284.70000000000005,162.49999999999994,1,1,1.0
60,4,184.5,808.8,173.8,280.79999999999995,1,1,1.0
60,5,693.9,651.8,185.70000000000005,339.5,1,1,1.0
60,6,1461.3,746.1,151.79999999999995,209.10000000000002,1,1,1.0
60,7,232.2,669.2,301.40000000000003,184.79999999999995,1,1,1.0
60,8,967.2,491.4,222.0,264.5,1,1,1.0
60,9,1505.18,409.48,28.200000000000045,47.099999999999966,1,1,0.0
61,10,1314.3,505.9,247.4000000000001,172.5,1,1,1.0
61,1,311.0,985.2,201.5,139.5999999999999,1,1,1.0
61,2,305.6,529.4,89.59999999999997,116.60000000000002,1,1,0.0
61,3,592.9,396.9,300.5,184.39999999999998,1,1,1.0
61,4,208.4,802.5,149.9,287.0999999999999,1,1,1.0
61,5,720.9,674.4,148.80000000000007,343.9,1,1,1.0
61,6,1461.2,746.1,151.89999999999986,198.69999999999993,1,1,1.0
61,7,247.3,670.0,286.3,184.0,1,1,1.0
61,8,876.8,532.8,274.70000000000005,194.5,1,1,1.0
61,9,1505.06,409.45,28.330000000000155,47.900000000000034,1,1,0.0
62,10,1314.3,507.5,248.20000000000005,168.60000000000002,1,1,1.0
62,1,312.3,985.2,206.3,143.0999999999999,1,1,1.0
62,2,305.6,534.2,84.59999999999997,111.79999999999995,1,1,0.0
62,3,592.9,400.7,372.1,198.7,1,1,1.0
62,4,208.4,802.5,149.9,287.0999999999999,1,1,1.0
62,5,720.9,697.6,157.60000000000002,358.4,1,1,1.0
62,6,1460.0,746.1,153.0999999999999,203.39999999999998,1,1,1.0
62,7,229.2,676.8,304.40000000000003,177.20000000000005,1,1,1.0
62,8,799.9,551.6,364.4,168.89999999999998,1,1,1.0
62,9,1504.93,409.43,28.470000000000027,48.69999999999999,1,1,0.0
63,10,1316.03,507.07,246.06999999999994,167.72999999999996,1,1,1.0
63,1,315.3,985.2,208.99999999999994,143.0999999999999,1,1,1.0
63,2,305.6,532.9,84.59999999999997,108.10000000000002,1,1,0.0
63,3,736.07,390.1,374.33000000000004,164.09000000000003,1,1,1.0
63,4,216.6,805.2,133.50000000000003,275.0,1,1,1.0
63,5,703.9,738.4,187.20000000000005,322.6,1,1,1.0
63,6,1462.1,746.1,151.0,217.29999999999995,1,1,1.0
63,7,260.8,645.9,272.8,208.10000000000002,1,1,1.0
63,8,622.82,574.2,387.78,148.55999999999995,1,1,1.0
63,9,1504.81,409.4,28.600000000000136,49.51000000000005,1,1,0.0
64,10,1314.3,510.1,255.10000000000014,166.0,1,1,1.0
64,1,310.5,985.2,218.60000000000002,143.0999999999999,1,1,1.0
64,2,305.6,529.0,75.19999999999999,123.29999999999995,1,1,0.0
64,3,817.45,403.7,350.25,148.22999999999996,1,1,1.0
64,4,216.6,810.0,133.50000000000003,270.20000000000005,1,1,1.0
64,5,656.8,885.96,294.6,206.44000000000005,1,1,1.0
64,6,1461.3,746.1,151.79999999999995,217.29999999999995,1,1,1.0
64,7,256.3,645.9,277.3,208.10000000000002,1,1,1.0
64,8,613.78,569.68,326.02,148.56000000000006,1,1,1.0
64,9,1504.69,409.37,28.730000000000018,50.31999999999999,1,1,0.0
65,10,1313.0,513.1,256.9000000000001,163.0,1,1,1.0
65,1,318.9,985.2,210.20000000000005,143.0999999999999,1,1,1.0
65,2,305.6,531.1,78.29999999999995,131.19999999999993,1,1,0.0
65,3,840.05,440.62,359.25,148.23000000000002,1,1,1.0
65,4,216.6,810.0,133.50000000000003,268.4000000000001,1,1,1.0
65,5,656.8,891.0,288.9000000000001,197.0,1,1,1.0
65,6,1457.9,746.1,155.19999999999982,222.60000000000002,1,1,1.0
65,7,223.1,670.8,310.5,183.20000000000005,1,1,1.0
65,8,654.5,569.68,285.29999999999995,148.56000000000006,1,1,1.0
65,9,1504.57,409.34,28.860000000000127,51.13000000000005,1,1,0.0
66,10,1388.1,539.5,184.9000000000001,136.60000000000002,1,1,0.0
66,1,322.8,985.2,206.3,143.0999999999999,1,1,1.0
66,2,305.6,529.4,80.19999999999999,143.60000000000002,1,1,0.0
66,3,836.3,436.1,377.29999999999995,161.0,1,1,1.0
66,4,216.6,810.0,149.79999999999998,245.0999999999999,1,1,1.0
66,5,649.9,895.2,336.0,180.89999999999986,1,1,1.0
66,6,1461.2,746.1,151.89999999999986,209.79999999999995,1,1,1.0
66,7,254.7,642.2,278.90000000000003,211.79999999999995,1,1,1.0
66,8,654.5,569.68,285.29999999999995,143.32000000000005,1,1,1.0
66,9,1504.44,409.31,29.0,51.93000000000001,1,1,0.0
67,10,1302.2,550.0,270.79999999999995,130.60000000000002,1,1,1.0
67,1,315.0,985.2,214.10000000000002,143.0999999999999,1,1,1.0
67,2,296.2,527.2,81.40000000000003,162.0999999999999,1,1,0.0
67,3,836.3,421.0,344.10000000000014,167.85000000000002,1,1,1.0
67,4,219.8,810.0,157.89999999999998,242.0,1,1,1.0
67,5,645.5,898.4,340.4,177.69999999999993,1,1,1.0
67,6,1462.0,746.1,151.0999999999999,230.10000000000002,1,1,1.0
67,7,253.2,649.0,280.40000000000003,205.0,1,1,1.0
67,8,640.2,569.68,299.5999999999999,143.32000000000005,1,1,1.0
67,9,1504.32,409.29,29.13000000000011,52.72999999999996,1,1,0.0
68,10,1315.8,556.8,257.20000000000005,123.80000000000007,1,1,1.0
68,1,319.4,985.2,209.70000000000005,143.0999999999999,1,1,1.0
68,2,296.2,533.3,77.0,156.0,1,1,0.0
68,3,836.3,421.0,337.29999999999995,167.85000000000002,1,1,1.0
68,4,232.4,810.0,145.29999999999998,232.0,1,1,1.0
68,5,669.4,872.84,297.65999999999997,167.45999999999992,1,1,1.0
68,6,1456.7,746.1,156.39999999999986,206.79999999999995,1,1,1.0
68,7,232.1,649.0,301.5,205.0,1,1,1.0
68,8,604.8,562.9,332.70000000000005,147.80000000000007,1,1,1.0
68,9,1504.2,409.26,29.25999999999999,53.54000000000002,1,1,0.0
69,10,1315.8,551.2,257.20000000000005,129.39999999999998,1,1,1.0
69,1,327.7,985.2,201.40000000000003,143.0999999999999,1,1,1.0
69,2,296.2,537.6,70.10000000000002,142.29999999999995,1,1,0.0
69,3,838.6,380.3,328.9999999999999,208.55,1,1,1.0
69,4,232.4,807.5,154.1,234.5,1,1,1.0
69,5,703.9,859.0,279.5,213.29999999999995,1,1,1.0
69,6,1464.2,746.1,148.89999999999986,211.29999999999995,1,1,1.0
69,7,232.1,670.9,301.5,183.10000000000002,1,1,1.0
69,8,581.4,562.9,361.80000000000007,147.80000000000007,1,1,1.0
69,9,1466.6,396.62,72.88000000000011,80.57999999999998,1,1,0.0
70,10,1315.8,550.3,257.20000000000005,130.30000000000007,1,1,1.0
70,1,327.7,985.2,201.40000000000003,143.0999999999999,1,1,1.0
70,2,296.2,536.3,77.60000000000002,149.30000000000007,1,1,0.0
70,3,838.6,431.5,387.80000000000007,157.35000000000002,1,1,1.0
70,4,235.5,807.5,149.10000000000002,242.29999999999995,1,1,1.0
70,5,717.7,871.6,259.19999999999993,225.80000000000007,1,1,1.0
70,6,1471.0,746.1,142.0999999999999,213.5,1,1,1.0
70,7,232.1,670.9,305.29999999999995,183.10000000000002,1,1,1.0
70,8,530.9,573.4,323.70000000000005,148.60000000000002,1,1,1.0
70,9,1423.0,377.0,120.59999999999991,113.19999999999999,1,1,0.0
71,10,1315.8,554.7,264.70000000000005,140.19999999999993,1,1,1.0
71,1,326.0,985.2,198.70000000000005,143.0999999999999,1,1,1.0
71,2,296.2,537.2,78.19999999999999,147.0999999999999,1,1,0.0
71,3,846.1,417.9,328.30000000000007,177.70000000000005,1,1,1.0
71,4,186.5,811.9,198.10000000000002,248.89999999999998,1,1,1.0
71,5,729.0,827.6,228.70000000000005,269.80000000000007,1,1,1.0
71,6,1463.5,746.1,149.5999999999999,222.60000000000002,1,1,1.0
71,7,244.2,644.5,298.50000000000006,209.5,1,1,1.0
71,8,507.5,550.8,353.9,159.10000000000002,1,1,1.0
71,9,1423.0,376.7,120.59999999999991,121.40000000000003,1,1,0.0
72,10,1323.2,559.0,250.5,169.10000000000002,1,1,1.0
72,1,321.2,985.2,200.40000000000003,143.0999999999999,1,1,1.0
72,2,296.2,529.4,64.40000000000003,153.60000000000002,1,1,0.0
72,3,846.1,417.9,328.30000000000007,177.70000000000005,1,1,1.0
72,4,186.5,811.9,198.10000000000002,248.89999999999998,1,1,1.0
72,5,773.6,780.47,156.19999999999993,354.0,1,1,1.0
72,6,1437.1,746.1,176.0,239.19999999999993,1,1,1.0
72,7,256.3,644.5,286.40000000000003,209.5,1,1,1.0
72,8,565.5,554.6,295.9,150.60000000000002,1,1,1.0
72,9,1417.7,377.0,125.89999999999986,120.10000000000002,1,1,0.0
73,10,1326.3,564.3,252.5,145.70000000000005,1,1,1.0
73,1,320.3,985.2,201.3,143.0999999999999,1,1,1.0
73,2,296.2,538.1,63.80000000000001,148.0,1,1,0.0
73,3,846.1,417.9,340.4,177.70000000000005,1,1,1.0
73,4,186.5,811.9,198.10000000000002,248.89999999999998,1,1,1.0
73,5,765.44,678.3,145.79999999999995,365.10000000000014,1,1,1.0
73,6,1443.1,746.1,170.0,220.29999999999995,1,1,1.0
73,7,240.5,652.0,302.20000000000005,202.0,1,1,1.0
73,8,569.3,560.6,292.1,147.78999999999996,1,1,1.0
73,9,1417.7,370.1,125.89999999999986,124.79999999999995,1,1,0.0
74,10,1397.1,564.3,185.60000000000014,145.70000000000005,1,1,0.0
74,1,320.3,985.2,201.3,143.0999999999999,1,1,1.0
74,2,296.2,593.5,67.60000000000002,95.70000000000005,1,1,0.0
74,3,846.1,417.9,356.9999999999999,177.70000000000005,1,1,1.0
74,4,158.9,816.3,219.4,244.5,1,1,1.0
74,5,765.44,652.3,145.79999999999995,323.9000000000001,1,1,1.0
74,6,1432.6,746.1,180.5,211.29999999999995,1,1,1.0
74,7,252.6,642.2,290.1,211.79999999999995,1,1,1.0
74,8,569.3,560.6,283.1,147.78999999999996,1,1,1.0
74,9,1421.31,370.86,123.69000000000005,126.53999999999996,1,1,0.0
75,10,1321.7,595.2,261.0,135.0999999999999,1,1,1.0
75,1,253.1,985.2,257.6,140.5,1,1,1.0
75,2,275.5,600.0,88.30000000000001,89.20000000000005,1,1,0.0
75,3,846.1,423.2,356.19999999999993,172.40000000000003,1,1,1.0
75,4,158.9,816.3,219.4,244.5,1,1,1.0
75,5,761.0,617.1,157.79999999999995,351.6,1,1,1.0
75,6,1434.1,746.1,179.0,214.29999999999995,1,1,1.0
75,7,238.3,657.3,304.40000000000003,196.70000000000005,1,1,1.0
75,8,570.8,547.0,276.30000000000007,156.89999999999998,1,1,1.0
75,9,1436.88,369.78,109.2199999999998,127.32000000000005,1,1,0.0
76,10,1321.7,595.2,261.0,135.0999999999999,1,1,1.0
76,1,311.5,995.2,239.29999999999995,130.5,1,1,1.0
76,2,275.5,600.0,88.89999999999998,71.60000000000002,1,1,0.0
76,3,846.1,430.7,381.6,164.90000000000003,1,1,1.0
76,4,158.9,816.3,224.6,244.5,1,1,1.0
76,5,761.0,652.3,157.79999999999995,329.0,1,1,1.0
76,6,1422.0,746.1,191.0999999999999,209.0,1,1,1.0
76,7,232.3,675.4,310.40000000000003,178.60000000000002,1,1,1.0
76,8,570.8,552.3,273.30000000000007,151.60000000000002,1,1,1.0
76,9,1424.5,371.59,119.5,121.81,1,1,0.0
77,10,1321.7,590.0,261.0,140.29999999999995,1,1,1.0
77,1,338.5,995.2,212.29999999999995,135.70000000000005,1,1,1.0
77,2,291.8,600.0,92.09999999999997,91.70000000000005,1,1,0.0
77,3,857.4,417.9,327.6,177.70000000000005,1,1,1.0
77,4,166.2,816.3,212.10000000000002,244.5,1,1,1.0
77,5,821.9,575.06,150.89999999999998,323.34000000000003,1,1,1.0
77,6,1431.0,746.1,182.0999999999999,218.79999999999995,1,1,1.0
77,7,224.0,676.9,318.70000000000005,177.10000000000002,1,1,1.0
77,8,570.8,552.3,270.30000000000007,151.60000000000002,1,1,1.0
77,9,1414.0,371.7,131.79999999999995,125.0,1,1,0.0
78,10,1325.2,595.2,258.39999999999986,138.0999999999999,1,1,1.0
78,1,341.6,995.2,209.19999999999993,135.70000000000005,1,1,1.0
78,2,296.8,600.0,96.5,89.79999999999995,1,1,0.0
78,3,855.9,431.5,350.5000000000001,163.35000000000002,1,1,1.0
78,4,158.9,816.3,219.4,244.5,1,1,1.0
78,5,841.4,452.62,133.89999999999998,323.33000000000004,1,1,1.0
78,6,1412.2,746.1,200.89999999999986,217.29999999999995,1,1,1.0
78,7,227.8,673.9,314.90000000000003,180.10000000000002,1,1,1.0
78,8,570.8,552.3,270.30000000000007,151.60000000000002,1,1,1.0
78,9,1386.9,361.9,158.0999999999999,134.10000000000002,1,1,1.0
79,10,1321.7,595.2,261.0,135.0999999999999,1,1,1.0
79,1,344.2,999.1,213.09999999999997,131.80000000000007,1,1,1.0
79,2,296.8,600.0,100.89999999999998,90.39999999999998,1,1,0.0
79,3,895.1,396.6,314.80000000000007,207.29999999999995,1,1,1.0
79,4,159.4,816.3,218.9,244.5,1,1,1.0
79,5,860.87,362.1,197.92999999999995,248.07999999999993,1,1,1.0
79,6,1431.8,746.1,181.29999999999995,222.60000000000002,1,1,1.0
79,7,241.4,646.0,298.20000000000005,208.0,1,1,1.0
79,8,564.8,552.3,276.30000000000007,151.60000000000002,1,1,1.0
79,9,1359.0,358.9,187.0999999999999,149.5,1,1,1.0
80,10,1321.7,595.2,257.0999999999999,135.0999999999999,1,1,1.0
80,1,344.2,999.1,216.59999999999997,131.80000000000007,1,1,1.0
80,2,296.8,600.0,101.5,104.20000000000005,1,1,0.0
80,3,905.7,446.6,301.20000000000005,157.29999999999995,1,1,1.0
80,4,159.4,816.3,218.9,244.5,1,1,1.0
80,5,933.71,325.05,323.49,168.95,1,1,1.0
80,6,1434.8,746.1,178.29999999999995,218.79999999999995,1,1,1.0
80,7,241.4,646.0,301.30000000000007,208.0,1,1,1.0
80,8,525.6,552.3,311.0,145.60000000000002,1,1,1.0
80,9,1357.4,344.1,186.19999999999982,149.89999999999998,1,1,1.0
81,10,1329.2,588.7,253.5,132.5999999999999,1,1,1.0
81,1,340.3,999.1,220.49999999999994,131.80000000000007,1,1,1.0
81,2,241.5,485.7,115.30000000000001,196.50000000000006,1,1,0.0
81,3,902.27,442.7,280.1300000000001,188.40000000000003,1,1,1.0
81,4,166.7,818.2,211.60000000000002,242.5999999999999,1,1,1.0
81,5,1191.16,466.34,162.13999999999987,319.06,1,1,1.0
81,6,1434.8,746.1,178.29999999999995,218.79999999999995,1,1,1.0
81,7,236.9,676.1,302.0,177.89999999999998,1,1,1.0
81,8,541.4,532.0,295.20000000000005,153.79999999999995,1,1,1.0
81,9,1343.1,344.75,200.5,149.25,1,1,1.0
82,10,1333.0,595.2,249.70000000000005,126.09999999999991,1,1,1.0
82,1,336.4,999.1,224.39999999999998,131.80000000000007,1,1,1.0
82,2,241.5,482.6,151.10000000000002,199.60000000000002,1,1,0.0
82,3,928.1,419.77,257.9999999999999,181.52999999999997,1,1,1.0
82,4,164.8,821.65,213.5,238.5000000000001,1,1,1.0
82,5,1210.62,561.16,179.68000000000006,289.5400000000001,1,1,1.0
82,6,1452.1,746.1,161.0,230.89999999999998,1,1,1.0
82,7,246.7,676.1,292.2,177.89999999999998,1,1,1.0
82,8,551.9,539.5,290.4,146.29999999999995,1,1,1.0
82,9,1328.8,345.4,214.79999999999995,148.60000000000002,1,1,1.0
83,10,1366.9,610.3,221.79999999999995,121.5,1,1,1.0
83,1,341.2,999.1,219.59999999999997,131.80000000000007,1,1,1.0
83,2,257.2,483.2,164.3,249.8,1,1,0.0
83,3,926.6,406.6,259.30000000000007,200.10000000000002,1,1,1.0
83,4,162.9,825.1,215.4,234.39999999999998,1,1,1.0
83,5,1250.81,650.32,172.78999999999996,264.38,1,1,1.0
83,6,1436.3,746.1,176.79999999999995,239.19999999999993,1,1,1.0
83,7,256.5,646.7,282.4,207.29999999999995,1,1,1.0
83,8,546.6,539.5,293.0,150.10000000000002,1,1,1.0
83,9,1337.82,341.07,206.18000000000006,144.63,1,1,1.0
84,10,1386.49,594.48,196.91000000000008,121.5,1,1,1.0
84,1,341.2,999.1,219.59999999999997,131.80000000000007,1,1,1.0
84,2,243.4,487.0,192.49999999999997,246.0,1,1,0.0
84,3,911.7,405.8,273.29999999999995,207.90000000000003,1,1,1.0
84,4,162.9,825.1,215.4,234.39999999999998,1,1,1.0
84,5,1268.4,688.0,168.39999999999986,246.20000000000005,1,1,1.0
84,6,1431.0,746.1,182.0999999999999,239.19999999999993,1,1,1.0
84,7,238.4,650.5,300.5,203.5,1,1,1.0
84,8,502.9,528.9,320.1,160.70000000000005,1,1,1.0
84,9,1339.68,336.01,203.91999999999985,150.49,1,1,1.0
85,10,1379.7,596.0,203.70000000000005,135.79999999999995,1,1,1.0
85,1,341.2,999.1,219.59999999999997,131.80000000000007,1,1,1.0
85,2,231.5,493.3,213.2,228.40000000000003,1,1,0.0
85,3,907.2,399.8,277.79999999999995,204.09999999999997,1,1,1.0
85,4,162.9,825.1,215.4,234.39999999999998,1,1,1.0
85,5,1250.8,696.8,181.0,290.1,1,1,1.0
85,6,1449.1,746.1,164.0,236.89999999999998,1,1,1.0
85,7,248.9,641.5,290.0,212.5,1,1,1.0
85,8,490.1,521.4,312.6,158.39999999999998,1,1,1.0
85,9,1340.41,330.72,199.99,149.07999999999998,1,1,1.0
86,10,1379.7,577.9,203.70000000000005,137.30000000000007,1,1,1.0
86,1,341.2,999.1,219.59999999999997,131.80000000000007,1,1,1.0
86,2,225.8,502.1,223.3,224.60000000000002,1,1,0.0
86,3,906.4,382.5,274.80000000000007,241.70000000000005,1,1,1.0
86,4,162.9,825.1,215.4,234.39999999999998,1,1,1.0
86,5,1242.0,708.1,212.4000000000001,245.5,1,1,1.0
86,6,1460.4,731.4,152.69999999999982,238.80000000000007,1,1,1.0
86,7,239.1,684.5,299.79999999999995,169.5,1,1,1.0
86,8,483.3,521.4,298.3,154.60000000000002,1,1,1.0
86,9,1338.96,326.02,202.44000000000005,155.68,1,1,1.0
87,10,1327.0,577.9,256.4000000000001,137.30000000000007,1,1,1.0
87,1,341.2,999.1,219.59999999999997,131.80000000000007,1,1,1.0
87,2,231.5,479.7,226.60000000000002,232.59999999999997,1,1,0.0
87,3,900.4,381.0,276.30000000000007,223.60000000000002,1,1,1.0
87,4,162.9,825.1,215.4,234.39999999999998,1,1,1.0
87,5,1237.6,725.7,209.20000000000005,219.0999999999999,1,1,1.0
87,6,1460.4,730.5,152.69999999999982,239.70000000000005,1,1,1.0
87,7,225.5,690.5,313.4,163.5,1,1,1.0
87,8,483.3,517.6,302.09999999999997,156.89999999999998,1,1,1.0
87,9,1314.42,317.78,222.67999999999984,139.42000000000002,1,1,1.0
88,10,1327.0,571.8,256.4000000000001,136.60000000000002,1,1,1.0
88,1,341.2,999.1,219.59999999999997,131.80000000000007,1,1,1.0
88,2,230.2,463.2,233.40000000000003,232.8,1,1,0.0
88,3,900.4,387.8,277.19999999999993,216.8,1,1,1.0
88,4,162.9,825.1,219.70000000000002,234.39999999999998,1,1,1.0
88,5,1228.2,727.6,231.20000000000005,202.10000000000002,1,1,1.0
88,6,1450.6,730.9,162.5,252.89999999999998,1,1,1.0
88,7,201.0,690.5,337.9,163.5,1,1,1.0
88,8,494.6,517.6,302.1,156.89999999999998,1,1,1.0
88,9,1322.8,316.7,213.20000000000005,142.7,1,1,1.0
89,10,1327.0,577.9,253.4000000000001,130.5,1,1,1.0
89,1,341.2,999.1,219.59999999999997,131.80000000000007,1,1,1.0
89,2,226.4,488.1,251.99999999999997,203.5,1,1,0.0
89,3,895.1,387.8,281.6,231.90000000000003,1,1,1.0
89,4,198.7,825.1,179.60000000000002,241.30000000000007,1,1,1.0
89,5,1220.7,739.5,238.70000000000005,190.20000000000005,1,1,1.0
89,6,1446.1,732.2,167.0,251.5999999999999,1,1,1.0
89,7,201.4,686.7,337.5,167.29999999999995,1,1,1.0
89,8,496.9,517.6,304.30000000000007,151.60000000000002,1,1,1.0
89,9,1339.4,316.7,196.29999999999995,169.8,1,1,1.0
90,10,1327.0,574.9,251.5999999999999,133.5,1,1,1.0
90,1,341.2,999.1,219.59999999999997,131.80000000000007,1,1,1.0
90,2,293.7,484.1,225.7,168.19999999999993,1,1,1.0
90,3,895.1,393.8,278.9999999999999,232.7,1,1,1.0
90,4,216.3,821.2,167.0,252.70000000000005,1,1,1.0
90,5,1220.7,739.5,238.70000000000005,190.20000000000005,1,1,1.0
90,6,1461.2,734.8,151.89999999999986,246.0,1,1,1.0
90,7,223.3,686.7,315.59999999999997,167.29999999999995,1,1,1.0
90,8,500.7,538.7,255.3,172.69999999999993,1,1,1.0
90,9,1334.9,316.7,201.5,199.90000000000003,1,1,1.0
91,10,1327.0,577.9,251.20000000000005,130.5,1,1,1.0
91,1,341.2,999.1,219.59999999999997,131.80000000000007,1,1,1.0
91,2,314.4,480.1,214.89999999999998,167.69999999999993,1,1,1.0
91,3,891.2,393.8,283.20000000000005,232.7,1,1,1.0
91,4,225.7,821.3,157.60000000000002,258.9000000000001,1,1,1.0
91,5,1220.7,739.5,238.70000000000005,207.20000000000005,1,1,1.0
91,6,1472.5,737.0,140.5999999999999,237.79999999999995,1,1,1.0
91,7,242.1,646.8,296.79999999999995,207.20000000000005,1,1,1.0
91,8,508.2,534.9,253.09999999999997,181.70000000000005,1,1,1.0
91,9,1317.6,316.7,217.70000000000005,224.8,1,1,1.0
92,10,1323.1,571.4,255.10000000000014,137.0,1,1,1.0
92,1,341.2,999.1,219.59999999999997,131.80000000000007,1,1,1.0
92,2,307.8,464.5,211.77000000000004,173.10000000000002,1,1,1.0
92,3,895.1,396.83,279.30000000000007,210.27000000000004,1,1,1.0
92,4,236.4,821.3,146.9,238.20000000000005,1,1,1.0
92,5,1220.7,739.5,224.29999999999995,211.60000000000002,1,1,1.0
92,6,1449.1,737.0,164.0,222.0,1,1,1.0
92,7,242.1,649.8,296.79999999999995,204.20000000000005,1,1,1.0
92,8,487.9,493.5,218.39999999999998,275.1,1,1,1.0
92,9,1321.4,316.7,213.89999999999986,221.00000000000006,1,1,1.0
93,10,1324.8,577.9,255.10000000000014,130.5,1,1,1.0
93,1,341.2,999.1,219.59999999999997,131.80000000000007,1,1,1.0
93,2,323.7,467.64,195.00000000000006,173.10000000000002,1,1,1.0
93,3,887.44,405.17,288.65999999999985,210.43,1,1,1.0
93,4,207.51,807.49,233.59000000000003,209.90999999999997,1,1,1.0
93,5,1220.7,739.5,220.5,211.60000000000002,1,1,1.0
93,6,1442.3,739.6,170.79999999999995,220.89999999999998,1,1,1.0
93,7,244.4,643.8,294.5,210.20000000000005,1,1,1.0
93,8,531.6,492.7,232.0,224.66000000000003,1,1,1.0
93,9,1315.4,316.7,215.5999999999999,221.00000000000006,1,1,1.0
94,10,1327.0,567.9,256.4000000000001,140.5,1,1,1.0
94,1,337.7,999.1,223.09999999999997,131.80000000000007,1,1,1.0
94,2,323.7,476.4,243.40000000000003,164.34000000000003,1,1,1.0
94,3,884.23,412.6,295.3699999999999,170.60000000000002,1,1,1.0
94,4,286.01,854.6,295.78999999999996,142.10000000000002,1,1,1.0
94,5,1210.7,669.2,209.20000000000005,243.0,1,1,1.0
94,6,1434.0,740.0,179.0999999999999,208.39999999999998,1,1,1.0
94,7,238.4,672.4,300.5,181.60000000000002,1,1,1.0
94,8,507.5,479.9,260.6,241.20000000000005,1,1,1.0
94,9,1319.9,316.7,207.0999999999999,221.00000000000006,1,1,1.0
95,10,1327.0,577.9,253.4000000000001,130.5,1,1,1.0
95,1,341.2,999.1,219.59999999999997,131.80000000000007,1,1,1.0
95,2,333.5,437.5,225.39999999999998,207.39999999999998,1,1,1.0
95,3,878.0,417.9,299.4000000000001,161.80000000000007,1,1,1.0
95,4,512.06,742.2,288.24,199.24,1,1,1.0
95,5,1152.9,546.8,171.5999999999999,281.9000000000001,1,1,1.0
95,6,1495.8,737.0,117.29999999999995,240.0,1,1,1.0
95,7,238.4,651.3,300.5,202.70000000000005,1,1,1.0
95,8,504.5,491.2,254.60000000000002,229.90000000000003,1,1,1.0
95,9,1319.1,316.7,216.20000000000005,227.8,1,1,1.0
96,10,1327.0,572.3,256.4000000000001,136.10000000000002,1,1,1.0
96,1,354.7,999.1,206.09999999999997,131.80000000000007,1,1,1.0
96,2,348.2,437.5,252.09999999999997,179.39999999999998,1,1,1.0
96,3,874.67,417.9,304.5300000000001,157.5,1,1,1.0
96,4,618.81,645.5,228.59000000000003,269.57000000000005,1,1,1.0
96,5,1135.3,511.6,165.29999999999995,288.79999999999995,1,1,1.0
96,6,1484.5,699.7,123.40000000000009,244.89999999999998,1,1,1.0
96,7,255.0,641.5,283.9,212.5,1,1,1.0
96,8,518.8,483.7,240.30000000000007,217.09999999999997,1,1,1.0
96,9,1331.2,316.7,195.79999999999995,212.7,1,1,1.0
97,10,1323.97,577.03,250.73000000000002,131.37,1,1,1.0
97,1,354.7,1003.0,206.09999999999997,127.90000000000009,1,1,1.0
97,2,340.0,445.7,305.5,154.2,1,1,1.0
97,3,866.73,418.77,306.8699999999999,155.83000000000004,1,1,1.0
97,4,617.6,648.0,231.10000000000002,248.20000000000005,1,1,1.0
97,5,1143.5,499.0,145.79999999999995,349.1,1,1,1.0
97,6,1469.3,665.4,136.0,267.9,1,1,1.0
97,7,241.4,651.3,297.5,202.70000000000005,1,1,1.0
97,8,521.8,480.7,236.5,214.09999999999997,1,1,1.0
97,9,1337.2,316.7,190.20000000000005,204.40000000000003,1,1,1.0
98,10,1327.0,577.9,246.0,132.20000000000005,1,1,1.0
98,1,354.7,1003.0,206.09999999999997,122.20000000000005,1,1,1.0
98,2,360.1,445.7,295.0,154.2,1,1,1.0
98,3,865.0,417.9,303.29999999999995,159.70000000000005,1,1,1.0
98,4,614.5,648.0,234.20000000000005,241.29999999999995,1,1,1.0
98,5,1136.0,499.0,145.79999999999995,340.9,1,1,1.0
98,6,1469.7,658.9,133.0,275.5,1,1,1.0
98,7,233.9,648.3,305.0,205.70000000000005,1,1,1.0
98,8,530.8,480.7,232.20000000000005,260.8,1,1,1.0
98,9,1300.5,316.7,229.4000000000001,218.7,1,1,1.0
99,10,1334.5,543.3,238.4000000000001,141.70000000000005,1,1,1.0
99,1,354.7,1003.0,206.09999999999997,122.20000000000005,1,1,1.0
99,2,360.1,445.7,279.69999999999993,149.2,1,1,1.0
99,3,865.0,417.9,317.5999999999999,166.5,1,1,1.0
99,4,627.7,648.0,221.0,235.60000000000002,1,1,1.0
99,5,1143.5,505.9,138.29999999999995,330.4,1,1,1.0
99,6,1477.7,660.5,127.59999999999991,263.1,1,1,1.0
99,7,232.4,673.2,306.5,180.79999999999995,1,1,1.0
99,8,530.8,480.7,227.5,284.2,1,1,1.0
99,9,1304.1,319.5,224.10000000000014,246.0,1,1,1.0
100,10,1407.6,543.3,165.30000000000018,137.20000000000005,1,1,0.0
100,1,338.1,1003.0,222.69999999999993,125.70000000000005,1,1,1.0
100,2,361.69,444.4,284.91,146.10000000000002,1,1,1.0
100,3,907.2,427.7,263.29999999999995,168.00000000000006,1,1,1.0
100,4,615.1,654.9,241.39999999999998,233.10000000000002,1,1,1.0
100,5,1143.5,505.9,138.29999999999995,331.5,1,1,1.0
100,6,1477.7,657.9,130.0999999999999,273.80000000000007,1,1,1.0
100,7,245.2,677.7,293.7,176.29999999999995,1,1,1.0
100,8,530.8,476.2,223.0,272.09999999999997,1,1,1.0
100,9,1307.9,317.4,211.29999999999995,231.5,1,1,1.0
101,10,1361.6,474.3,211.30000000000018,166.3,1,1,0.0
101,1,338.1,999.1,222.69999999999993,129.60000000000002,1,1,1.0
101,2,367.6,445.27,288.9,142.23000000000002,1,1,1.0
101,3,907.2,420.1,255.0,175.60000000000002,1,1,1.0
101,4,611.3,654.9,248.70000000000005,240.0,1,1,1.0
101,5,1134.7,505.9,147.0999999999999,325.20000000000005,1,1,1.0
101,6,1477.7,657.9,130.0999999999999,286.6,1,1,1.0
101,7,239.2,680.7,299.7,173.29999999999995,1,1,1.0
101,8,535.3,463.4,216.20000000000005,284.9,1,1,1.0
101,9,1319.1,313.75,203.34000000000015,255.35000000000002,1,1,1.0
102,10,1361.6,473.3,205.70000000000005,163.59999999999997,1,1,0.0
102,1,325.9,999.1,234.89999999999998,129.60000000000002,1,1,1.0
102,2,367.6,445.7,288.9,140.90000000000003,1,1,1.0
102,3,899.7,418.6,267.70000000000005,177.10000000000002,1,1,1.0
102,4,611.3,654.9,248.70000000000005,240.0,1,1,1.0
102,5,1134.7,508.5,147.0999999999999,323.4,1,1,1.0
102,6,1477.7,663.9,128.39999999999986,280.6,1,1,1.0
102,7,255.8,646.8,283.09999999999997,207.20000000000005,1,1,1.0
102,8,530.6,463.4,220.89999999999998,278.9,1,1,1.0
102,9,1310.1,314.12,210.5300000000002,260.67999999999995,1,1,1.0
103,10,1361.6,473.3,206.10000000000014,156.8,1,1,0.0
103,1,328.1,999.1,232.69999999999993,129.60000000000002,1,1,1.0
103,2,357.6,444.83,289.79999999999995,139.57,1,1,1.0
103,3,899.7,404.7,262.5,193.3,1,1,1.0
103,4,611.3,663.7,248.70000000000005,231.19999999999993,1,1,1.0
103,5,1134.7,505.9,147.0999999999999,319.5,1,1,1.0
103,6,1480.7,669.9,127.09999999999991,274.6,1,1,1.0
103,7,240.7,652.8,298.2,201.20000000000005,1,1,1.0
103,8,544.3,444.6,194.4000000000001,333.9,1,1,1.0
103,9,1303.3,313.39,215.52999999999997,254.81000000000006,1,1,1.0
104,10,1369.1,469.0,199.0,161.10000000000002,1,1,0.0
104,1,336.8,999.1,223.99999999999994,129.60000000000002,1,1,1.0
104,2,373.73,441.37,294.37,137.42999999999995,1,1,1.0
104,3,899.7,406.5,262.5,191.89999999999998,1,1,1.0
104,4,609.4,663.7,250.60000000000002,227.39999999999998,1,1,1.0
104,5,1139.7,505.9,142.0999999999999,316.4,1,1,1.0
104,6,1480.7,669.9,127.09999999999991,274.6,1,1,1.0
104,7,256.5,642.2,282.4,211.79999999999995,1,1,1.0
104,8,546.9,449.9,197.80000000000007,309.80000000000007,1,1,1.0
104,9,1300.0,317.72,217.20000000000005,257.38,1,1,1.0
105,10,1414.3,498.9,151.20000000000005,117.60000000000002,1,1,0.0
105,1,328.5,999.1,232.29999999999995,129.60000000000002,1,1,1.0
105,2,363.8,443.97,308.59999999999997,137.23000000000002,1,1,1.0
105,3,925.47,381.13,233.23000000000002,219.47000000000003,1,1,1.0
105,4,609.4,663.7,248.10000000000002,227.39999999999998,1,1,1.0
105,5,1127.8,479.5,154.0,300.1,1,1,1.0
105,6,1480.7,669.9,127.09999999999991,274.6,1,1,1.0
105,7,245.2,650.5,293.7,203.5,1,1,1.0
105,8,544.3,453.3,200.4000000000001,303.8,1,1,1.0
105,9,1302.9,319.17,213.93999999999983,251.93,1,1,1.0
106,10,1414.3,498.9,155.60000000000014,126.30000000000007,1,1,0.0
106,1,322.4,999.1,238.39999999999998,129.60000000000002,1,1,1.0
106,2,357.33,443.1,297.77000000000004,141.10000000000002,1,1,1.0
106,3,921.5,382.4,240.70000000000005,215.60000000000002,1,1,1.0
106,4,613.8,663.7,241.80000000000007,221.69999999999993,1,1,1.0
106,5,1136.6,479.5,145.20000000000005,349.70000000000005,1,1,1.0
106,6,1476.8,669.9,131.0,272.4,1,1,1.0
106,7,239.9,647.5,296.9,206.5,1,1,1.0
106,8,548.82,482.3,154.4799999999999,385.91,1,1,1.0
106,9,1310.6,319.17,204.80000000000018,266.62999999999994,1,1,1.0
107,10,1378.1,461.2,189.60000000000014,149.50000000000006,1,1,0.0
107,1,335.0,999.1,225.79999999999995,129.60000000000002,1,1,1.0
107,2,364.26,441.8,290.64,144.09999999999997,1,1,1.0
107,3,910.2,386.43,254.20000000000005,215.86999999999995,1,1,1.0
107,4,634.5,642.4,209.79999999999995,251.20000000000005,1,1,1.0
107,5,1118.4,472.0,161.29999999999995,330.20000000000005,1,1,1.0
107,6,1474.2,669.9,133.5999999999999,287.20000000000005,1,1,1.0
107,7,236.1,673.9,302.79999999999995,183.20000000000005,1,1,1.0
107,8,541.3,530.5,157.5,365.6,1,1,1.0
107,9,1285.4,308.4,188.0999999999999,332.1,1,1,1.0
108,10,1372.1,461.2,195.20000000000005,160.8,1,1,0.0
108,1,273.1,999.1,287.69999999999993,121.80000000000007,1,1,1.0
108,2,356.9,439.64,282.9,144.56000000000006,1,1,1.0
108,3,906.37,398.97,257.9899999999999,201.18999999999994,1,1,1.0
108,4,640.8,656.8,203.5,219.80000000000007,1,1,1.0
108,5,1106.5,463.8,162.70000000000005,309.49999999999994,1,1,1.0
108,6,1469.9,711.8,134.8699999999999,204.80000000000007,1,1,1.0
108,7,223.3,688.2,315.59999999999997,165.79999999999995,1,1,1.0
108,8,523.2,530.5,175.5999999999999,309.79999999999995,1,1,1.0
108,9,1262.79,392.79,136.11000000000013,309.81,1,1,1.0
109,10,1372.1,456.44,195.20000000000005,157.35999999999996,1,1,0.0
109,1,233.0,1000.4,341.29999999999995,120.50000000000011,1,1,1.0
109,2,359.07,443.97,271.63000000000005,141.92999999999995,1,1,1.0
109,3,892.9,403.5,269.30000000000007,194.5,1,1,1.0
109,4,640.8,658.1,212.9000000000001,199.69999999999993,1,1,1.0
109,5,1017.3,462.5,206.70000000000005,273.79999999999995,1,1,1.0
109,6,1472.67,710.93,134.69999999999982,221.0100000000001,1,1,1.0
109,7,223.3,688.2,300.49999999999994,165.79999999999995,1,1,1.0
109,8,520.2,547.8,178.5999999999999,306.80000000000007,1,1,1.0
109,9,1255.0,431.2,151.4000000000001,285.7,1,1,1.0
110,10,1371.67,458.17,195.62999999999988,153.43,1,1,0.0
110,1,219.5,1000.4,354.79999999999995,120.50000000000011,1,1,1.0
110,2,372.06,445.27,296.44,136.73000000000002,1,1,1.0
110,3,883.9,403.5,288.1,180.89999999999998,1,1,1.0
110,4,647.7,685.6,212.29999999999995,185.39999999999998,1,1,1.0
110,5,1017.3,469.4,215.5,286.4,1,1,1.0
110,6,1466.3,703.6,141.5,243.10000000000002,1,1,1.0
110,7,221.8,692.7,312.49999999999994,161.29999999999995,1,1,1.0
110,8,538.3,637.47,142.9000000000001,352.03,1,1,1.0
110,9,1263.23,426.43,148.26999999999998,344.36999999999995,1,1,1.0
111,10,1373.83,459.9,194.76999999999998,150.0,1,1,0.0
111,1,232.6,997.8,341.69999999999993,123.10000000000014,1,1,1.0
111,2,358.2,443.46,317.00000000000006,140.74000000000007,1,1,1.0
111,3,894.4,408.8,277.6,170.3,1,1,1.0
111,4,628.9,693.1,238.60000000000002,190.5,1,1,1.0
111,5,1076.3,475.7,177.20000000000005,314.00000000000006,1,1,1.0
111,6,1470.2,713.1,134.5999999999999,202.89999999999998,1,1,1.0
111,7,224.1,692.7,305.69999999999993,161.29999999999995,1,1,1.0
111,8,481.8,707.5,168.8,284.29999999999995,1,1,1.0
111,9,1262.79,435.7,149.61000000000013,303.90000000000003,1,1,1.0
112,10,1372.53,457.74,191.67000000000007,155.55999999999995,1,1,0.0
112,1,226.9,997.8,347.4,123.10000000000014,1,1,1.0
112,2,371.36,441.57,310.53999999999996,141.03000000000003,1,1,1.0
112,3,881.6,399.0,286.6,202.70000000000005,1,1,1.0
112,4,630.2,679.3,242.29999999999995,177.30000000000007,1,1,1.0
112,5,1076.3,466.9,157.10000000000014,352.9,1,1,1.0
112,6,1466.3,683.6,138.0,279.69999999999993,1,1,1.0
112,7,221.85,692.7,307.94999999999993,161.29999999999995,1,1,1.0
112,8,444.1,757.2,228.39999999999998,243.5999999999999,1,1,1.0
112,9,1264.5,432.7,155.4000000000001,290.3,1,1,1.0
113,10,1372.1,459.9,194.30000000000018,151.30000000000007,1,1,0.0
113,1,226.9,995.2,347.4,125.70000000000005,1,1,1.0
113,2,361.57,440.7,326.43,142.2,1,1,1.0
113,3,862.8,411.1,293.29999999999995,198.10000000000002,1,1,1.0
113,4,633.3,666.1,234.20000000000005,174.19999999999993,1,1,1.0
113,5,1068.8,466.9,147.60000000000014,347.9,1,1,1.0
113,6,1454.2,688.8,148.79999999999995,254.9000000000001,1,1,1.0
113,7,219.6,692.7,310.19999999999993,161.29999999999995,1,1,1.0
113,8,438.8,749.7,233.7,251.0999999999999,1,1,1.0
113,9,1262.79,435.7,160.11000000000013,303.90000000000003,1,1,1.0
114,10,1372.97,459.47,194.73000000000002,164.23000000000002,1,1,0.0
114,1,262.2,990.0,312.09999999999997,130.9000000000001,1,1,1.0
114,2,356.3,440.6,314.7,139.69999999999993,1,1,1.0
114,3,865.1,407.3,266.9,202.7,1,1,1.0
114,4,623.9,609.6,255.5,243.29999999999995,1,1,1.0
114,5,1068.8,465.6,136.29999999999995,336.6,1,1,1.0
114,6,1467.0,687.3,140.79999999999995,254.10000000000002,1,1,1.0
114,7,219.6,692.7,310.19999999999993,161.29999999999995,1,1,1.0
114,8,454.6,749.7,217.89999999999998,248.0999999999999,1,1,1.0
114,9,1262.79,435.7,157.11000000000013,328.8,1,1,1.0
115,10,1372.1,461.2,196.0,160.40000000000003,1,1,0.0
115,1,306.2,980.8,262.40000000000003,124.40000000000009,1,1,1.0
115,2,366.83,440.27,303.67,140.02999999999997,1,1,1.0
115,3,865.9,396.7,266.1,257.00000000000006,1,1,1.0
115,4,702.3,572.0,165.20000000000005,311.0,1,1,1.0
115,5,1056.9,466.9,152.5999999999999,330.30000000000007,1,1,1.0
115,6,1461.0,687.3,142.0,280.5,1,1,1.0
115,7,219.6,692.7,313.29999999999995,161.29999999999995,1,1,1.0
115,8,454.6,744.4,217.89999999999998,253.39999999999998,1,1,1.0
115,9,1262.79,465.1,139.30999999999995,358.9,1,1,1.0
116,10,1372.1,461.2,196.5,162.09999999999997,1,1,0.0
116,1,246.0,990.4,246.3,144.0000000000001,1,1,1.0
116,2,359.9,439.4,328.20000000000005,139.60000000000002,1,1,1.0
116,3,868.2,399.7,263.79999999999995,225.90000000000003,1,1,1.0
116,4,670.9,548.77,191.60000000000002,291.53,1,1,1.0
116,5,1056.9,473.8,161.39999999999986,321.49999999999994,1,1,1.0
116,6,1455.0,739.3,152.79999999999995,256.4000000000001,1,1,1.0
116,7,219.6,692.7,315.5,161.29999999999995,1,1,1.0
116,8,470.4,731.6,202.10000000000002,285.0,1,1,1.0
116,9,1262.79,492.2,139.80999999999995,345.40000000000003,1,1,1.0
117,10,1480.6,482.3,88.80000000000018,153.59999999999997,1,1,0.0
117,1,262.57,977.3,237.13,140.52999999999997,1,1,1.0
117,2,363.03,439.93,325.47,139.96999999999997,1,1,1.0
117,3,911.2,364.3,196.70000000000005,313.49999999999994,1,1,1.0
117,4,670.9,552.5,180.30000000000007,266.5,1,1,1.0
117,5,1056.9,473.2,156.39999999999986,322.09999999999997,1,1,1.0
117,6,1459.52,685.0,144.48000000000002,218.76999999999998,1,1,1.0
117,7,224.9,692.7,310.20000000000005,161.29999999999995,1,1,1.0
117,8,374.7,770.8,297.8,220.9000000000001,1,1,1.0
117,9,1262.79,492.2,139.80999999999995,323.7,1,1,1.0
118,10,1428.6,439.3,142.10000000000014,195.49999999999994,1,1,0.0
118,1,289.2,966.8,231.90000000000003,140.5,1,1,1.0
118,2,361.73,437.93,325.06999999999994,135.67000000000002,1,1,1.0
118,3,878.8,386.2,230.60000000000014,309.7,1,1,1.0
118,4,670.9,563.8,180.30000000000007,255.20000000000005,1,1,1.0
118,5,1056.9,475.1,163.89999999999986,320.19999999999993,1,1,1.0
118,6,1444.5,685.0,159.5,201.39999999999998,1,1,1.0
118,7,224.9,692.7,303.4,153.0,1,1,1.0
118,8,224.0,831.8,293.29999999999995,129.76,1,1,1.0
118,9,1260.2,495.8,137.5999999999999,336.59999999999997,1,1,1.0
119,10,1422.1,438.0,145.70000000000005,196.39999999999998,1,1,0.0
119,1,309.6,972.0,211.5,136.5999999999999,1,1,1.0
119,2,366.06,436.9,323.04,137.5,1,1,1.0
119,3,901.9,406.5,196.69999999999993,346.4,1,1,1.0
119,4,670.9,566.3,195.39999999999998,250.20000000000005,1,1,1.0
119,5,1049.4,516.5,187.0999999999999,278.79999999999995,1,1,1.0
119,6,1452.0,685.0,152.0,197.60000000000002,1,1,1.0
119,7,224.9,679.1,303.4,165.10000000000002,1,1,1.0
119,8,236.8,825.8,266.9,135.76,1,1,1.0
119,9,1264.35,500.8,140.75,343.7,1,1,1.0
120,10,1423.93,439.3,146.97000000000003,200.7,1,1,0.0
120,1,301.0,975.1,216.20000000000005,137.39999999999998,1,1,1.0
120,2,369.17,436.9,321.03000000000003,138.80000000000007,1,1,1.0
120,3,875.0,424.6,188.4000000000001,363.19999999999993,1,1,1.0
120,4,670.9,578.9,190.39999999999998,247.0,1,1,1.0
120,5,1051.9,470.7,148.79999999999995,324.59999999999997,1,1,1.0
120,6,1471.6,685.0,132.4000000000001,216.39999999999998,1,1,1.0
120,7,244.2,644.4,284.09999999999997,199.80000000000007,1,1,1.0
120,8,236.8,800.2,215.7,159.0999999999999,1,1,1.0
120,9,1231.96,517.86,172.94000000000005,331.93999999999994,1,1,1.0
