1,1,35.55,606.35,270.75,93.55999999999995,1,1,0.0
1,2,109.15,686.85,287.59000000000003,161.75,1,1,1.0
1,3,206.55,751.6,224.14999999999998,272.37,1,1,1.0
1,4,260.28,860.1,239.62,186.30000000000007,1,1,1.0
1,5,262.88,1013.1,302.97,127.67999999999995,1,1,1.0
1,6,500.08,903.55,293.95,137.70000000000005,1,1,1.0
1,7,403.25,700.77,188.05999999999995,284.38,1,1,1.0
1,8,517.34,600.48,204.52999999999997,166.27999999999997,1,1,1.0
1,9,679.29,606.7,301.0400000000001,173.4799999999999,1,1,1.0
1,10,506.68,395.29,324.06,143.44,1,1,1.0
2,1,146.1,639.0,165.1,50.200000000000045,1,1,0.0
2,2,177.6,691.2,141.29999999999998,128.79999999999995,1,1,1.0
2,3,272.86,664.54,205.74,269.76,1,1,1.0
2,4,170.6,917.2,257.70000000000005,125.5,1,1,1.0
2,5,199.0,1023.6,272.7,101.49999999999989,1,1,1.0
2,6,533.2,894.0,260.8299999999999,134.5,1,1,1.0
2,7,375.8,759.4,218.09999999999997,247.39999999999998,1,1,1.0
2,8,521.1,600.48,200.76999999999998,162.51999999999998,1,1,1.0
2,9,674.4,603.1,307.70000000000005,186.39999999999998,1,1,1.0
2,10,503.1,395.29,325.9,143.44,1,1,1.0
3,1,215.4,515.8,140.6,162.9000000000001,1,1,0.0
3,2,355.55,495.1,119.34999999999997,218.39999999999998,1,1,1.0
3,3,306.77,680.9,248.43000000000006,168.0,1,1,1.0
3,4,165.3,871.0,228.3,152.10000000000002,1,1,1.0
3,5,246.6,1023.6,237.70000000000002,105.69999999999993,1,1,1.0
3,6,547.2,894.0,263.4,141.5,1,1,1.0
3,7,387.9,779.8,212.39999999999998,227.0,1,1,1.0
3,8,521.1,600.48,200.76999999999998,162.51999999999998,1,1,1.0
3,9,685.5,599.6,295.70000000000005,177.10000000000002,1,1,1.0
3,10,503.1,395.29,345.4,143.44,1,1,1.0
4,1,149.5,520.3,206.3,171.5,1,1,0.0
4,2,373.87,465.89,133.43,251.31000000000006,1,1,1.0
4,3,348.84,714.18,315.66,152.92000000000007,1,1,1.0
4,4,175.1,719.54,180.6,258.26,1,1,1.0
4,5,159.2,998.5,320.90000000000003,130.79999999999995,1,1,1.0
4,6,543.3,890.8,267.30000000000007,144.70000000000005,1,1,1.0
4,7,301.8,860.8,274.2,123.70000000000005,1,1,1.0
4,8,502.5,602.1,219.37,165.69999999999993,1,1,1.0
4,9,655.4,593.0,323.1,181.89999999999998,1,1,1.0
4,10,503.1,395.29,328.1,148.60999999999996,1,1,1.0
5,1,119.4,650.3,164.4,61.5,1,1,0.0
5,2,307.8,474.8,177.5,209.99999999999994,1,1,1.0
5,3,406.61,749.34,343.18999999999994,152.91999999999996,1,1,1.0
5,4,167.6,703.7,156.70000000000002,274.19999999999993,1,1,1.0
5,5,190.6,972.9,267.5,168.39999999999998,1,1,1.0
5,6,551.6,890.8,259.0,144.70000000000005,1,1,1.0
5,7,227.85,715.45,249.35,223.75,1,1,1.0
5,8,451.5,602.1,276.20000000000005,171.0,1,1,1.0
5,9,671.3,595.2,305.9000000000001,179.69999999999993,1,1,1.0
5,10,509.7,395.29,318.8,143.44,1,1,1.0
6,1,155.59,646.4,159.21,79.35000000000002,1,1,0.0
6,2,324.2,448.1,221.3,126.29999999999995,1,1,1.0
6,3,440.52,774.46,266.58000000000004,205.64,1,1,1.0
6,4,151.8,736.9,175.5,244.80000000000007,1,1,1.0
6,5,159.2,969.8,295.2,165.20000000000005,1,1,1.0
6,6,551.6,918.2,265.5,117.29999999999995,1,1,1.0
6,7,214.5,718.6,240.39999999999998,216.10000000000002,1,1,1.0
6,8,451.5,602.1,278.29999999999995,178.39999999999998,1,1,1.0
6,9,661.1,597.4,316.1,180.20000000000005,1,1,1.0
6,10,509.7,392.2,315.3,154.8,1,1,1.0
7,1,223.18,619.3,155.32,113.0,1,1,1.0
7,2,324.2,439.2,225.50000000000006,139.50000000000006,1,1,1.0
7,3,487.0,720.5,242.70000000000005,250.79999999999995,1,1,1.0
7,4,148.8,736.9,178.5,249.30000000000007,1,1,1.0
7,5,139.8,969.8,306.2,167.79999999999995,1,1,1.0
7,6,558.0,897.2,260.9,138.29999999999995,1,1,1.0
7,7,196.7,726.9,258.2,203.30000000000007,1,1,1.0
7,8,451.5,602.1,276.20000000000005,177.29999999999995,1,1,1.0
7,9,669.1,597.4,308.1,180.20000000000005,1,1,1.0
7,10,509.7,392.2,315.3,157.40000000000003,1,1,1.0
8,1,287.55,609.99,218.34999999999997,234.30999999999995,1,1,1.0
8,2,324.2,457.0,182.60000000000002,122.10000000000002,1,1,1.0
8,3,451.2,729.3,189.3,280.30000000000007,1,1,1.0
8,4,148.8,732.6,178.5,259.6,1,1,1.0
8,5,139.8,969.8,299.9,166.20000000000005,1,1,1.0
8,6,558.0,887.6,264.1,147.89999999999998,1,1,1.0
8,7,187.1,718.6,275.5,202.0,1,1,1.0
8,8,409.0,619.1,302.20000000000005,133.69999999999993,1,1,1.0
8,9,669.1,596.7,311.29999999999995,182.69999999999993,1,1,1.0
8,10,509.7,390.4,310.90000000000003,158.30000000000007,1,1,1.0
9,1,329.93,619.93,169.17000000000002,282.97,1,1,1.0
9,2,327.34,452.29,137.06,113.20999999999998,1,1,0.0
9,3,445.5,791.5,162.29999999999995,264.5999999999999,1,1,1.0
9,4,145.0,743.7,182.3,251.5,1,1,1.0
9,5,126.7,965.5,304.6,168.4000000000001,1,1,1.0
9,6,558.0,893.3,264.1,142.20000000000005,1,1,1.0
9,7,224.7,681.6,216.2,260.0,1,1,1.0
9,8,402.1,622.3,298.5,145.4000000000001,1,1,1.0
9,9,680.2,600.9,296.0999999999999,180.70000000000005,1,1,1.0
9,10,505.3,390.4,318.40000000000003,155.39999999999998,1,1,1.0
10,1,322.08,660.22,292.12000000000006,189.77999999999997,1,1,1.0
10,2,309.76,446.01,137.06,113.21000000000004,1,1,0.0
10,3,427.3,824.2,151.59999999999997,263.89999999999986,1,1,1.0
10,4,154.8,678.9,171.0,297.49,1,1,1.0
10,5,140.3,959.9,288.9,178.19999999999993,1,1,1.0
10,6,552.6,893.3,269.5,142.20000000000005,1,1,1.0
10,7,210.0,647.2,155.0,208.29999999999995,1,1,1.0
10,8,391.5,627.6,306.4,140.10000000000002,1,1,1.0
10,9,680.2,600.9,296.0999999999999,180.20000000000005,1,1,1.0
10,10,505.3,397.9,327.3,147.89999999999998,1,1,1.0
11,1,475.4,766.5,335.6,169.29999999999995,1,1,1.0
11,2,323.1,470.5,113.0,96.89999999999998,1,1,0.0
11,3,427.3,844.9,137.2,272.69999999999993,1,1,1.0
11,4,160.8,707.5,165.0,262.9,1,1,1.0
11,5,119.9,959.9,309.29999999999995,178.19999999999993,1,1,1.0
11,6,556.6,893.3,265.5,142.20000000000005,1,1,1.0
11,7,215.3,642.1,126.09999999999997,112.89999999999998,1,1,0.0
11,8,313.4,629.7,287.30000000000007,214.5,1,1,1.0
11,9,654.5,596.0,322.70000000000005,185.10000000000002,1,1,1.0
11,10,505.3,395.2,328.59999999999997,150.59999999999997,1,1,1.0
12,1,571.7,772.73,292.19999999999993,197.56999999999994,1,1,1.0
12,2,310.99,447.3,137.01,123.30000000000001,1,1,0.0
12,3,401.6,832.3,174.19999999999993,250.10000000000014,1,1,1.0
12,4,162.1,697.7,163.70000000000002,272.69999999999993,1,1,1.0
12,5,158.6,953.6,264.9,186.60000000000002,1,1,1.0
12,6,558.0,893.3,264.1,142.20000000000005,1,1,1.0
12,7,219.0,642.1,125.0,116.29999999999995,1,1,0.0
12,8,298.5,632.4,165.7,286.20000000000005,1,1,1.0
12,9,654.5,599.1,323.1,182.0,1,1,1.0
12,10,505.3,397.0,372.90000000000003,148.79999999999995,1,1,1.0
13,1,574.84,774.82,277.65999999999997,223.88,1,1,1.0
13,2,263.9,432.2,172.8,232.59999999999997,1,1,1.0
13,3,414.5,853.0,172.60000000000002,221.20000000000005,1,1,1.0
13,4,168.3,681.2,154.5,301.29999999999995,1,1,1.0
13,5,199.4,932.7,223.49999999999997,207.5,1,1,1.0
13,6,573.3,893.3,248.80000000000007,142.20000000000005,1,1,1.0
13,7,220.4,649.0,130.49999999999997,106.20000000000005,1,1,0.0
13,8,318.7,657.4,145.0,249.5,1,1,1.0
13,9,651.8,603.1,324.9000000000001,178.0,1,1,1.0
13,10,512.8,397.0,394.20000000000005,162.5,1,1,1.0
14,1,580.6,774.82,282.69999999999993,221.17999999999995,1,1,1.0
14,2,263.9,432.2,152.70000000000005,224.40000000000003,1,1,0.0
14,3,411.9,834.2,175.20000000000005,240.0,1,1,1.0
14,4,172.8,651.8,131.3,317.1,1,1,1.0
14,5,185.3,946.8,251.7,166.70000000000005,1,1,1.0
14,6,571.4,893.3,250.70000000000005,142.20000000000005,1,1,1.0
14,7,220.1,650.1,134.50000000000003,97.69999999999993,1,1,0.0
14,8,322.4,663.2,141.3,243.69999999999993,1,1,1.0
14,9,665.1,603.1,311.6,178.0,1,1,1.0
14,10,512.8,407.6,410.1,159.39999999999998,1,1,1.0
15,1,583.2,780.1,283.79999999999995,197.10000000000002,1,1,1.0
15,2,245.1,436.6,171.50000000000003,220.0,1,1,0.0
15,3,401.6,834.2,185.5,240.0,1,1,1.0
15,4,202.4,674.9,111.4,300.0,1,1,1.0
15,5,139.3,912.3,281.5,193.4000000000001,1,1,1.0
15,6,571.4,885.6,250.70000000000005,149.89999999999998,1,1,1.0
15,7,212.7,650.1,144.60000000000002,92.39999999999998,1,1,0.0
15,8,322.4,673.3,141.3,233.60000000000002,1,1,1.0
15,9,673.5,599.1,312.1,182.0,1,1,1.0
15,10,517.7,406.7,353.79999999999995,154.09999999999997,1,1,1.0
16,1,578.0,789.5,280.6,179.89999999999998,1,1,1.0
16,2,245.1,436.6,171.50000000000003,220.0,1,1,0.0
16,3,401.0,841.1,186.10000000000002,233.10000000000002,1,1,1.0
16,4,204.4,649.5,109.4,332.9,1,1,1.0
16,5,143.0,887.2,274.1,212.20000000000005,1,1,1.0
16,6,571.4,892.6,230.10000000000002,142.89999999999998,1,1,1.0
16,7,182.9,650.1,174.4,92.39999999999998,1,1,0.0
16,8,322.4,682.9,141.3,224.0,1,1,1.0
16,9,671.3,605.3,323.20000000000005,175.80000000000007,1,1,1.0
16,10,517.7,398.7,353.79999999999995,162.09999999999997,1,1,1.0
17,1,573.3,789.5,285.30000000000007,198.20000000000005,1,1,1.0
17,2,277.8,436.6,138.8,220.0,1,1,0.0
17,3,401.0,841.1,186.10000000000002,233.10000000000002,1,1,1.0
17,4,203.3,647.1,115.0,331.5,1,1,1.0
17,5,140.9,889.8,273.6,209.60000000000014,1,1,1.0
17,6,566.3,892.6,255.80000000000007,142.89999999999998,1,1,1.0
17,7,186.7,650.1,170.60000000000002,92.39999999999998,1,1,0.0
17,8,322.4,684.0,141.3,235.10000000000002,1,1,1.0
17,9,701.4,586.3,290.9,210.70000000000005,1,1,1.0
17,10,511.5,404.9,406.0,155.89999999999998,1,1,1.0
18,1,573.3,790.5,288.80000000000007,200.70000000000005,1,1,1.0
18,2,275.9,436.6,140.70000000000005,210.0,1,1,0.0
18,3,402.3,849.3,184.8,224.9000000000001,1,1,1.0
18,4,204.4,645.7,113.9,337.4,1,1,1.0
18,5,179.6,908.6,242.70000000000002,190.80000000000007,1,1,1.0
18,6,569.5,892.6,233.5,142.89999999999998,1,1,1.0
18,7,171.3,646.4,190.2,83.20000000000005,1,1,0.0
18,8,322.4,690.4,145.0,219.10000000000002,1,1,1.0
18,9,701.4,538.0,267.4,272.29999999999995,1,1,1.0
18,10,511.5,406.7,413.1,154.09999999999997,1,1,1.0
19,1,592.1,794.7,297.79999999999995,229.5,1,1,1.0
19,2,262.1,436.6,154.5,216.29999999999995,1,1,0.0
19,3,402.3,844.9,184.8,229.30000000000007,1,1,1.0
19,4,204.4,672.1,113.9,311.0,1,1,1.0
19,5,199.0,923.8,223.3,175.60000000000014,1,1,1.0
19,6,569.5,886.9,233.5,148.60000000000002,1,1,1.0
19,7,184.6,646.4,176.9,123.20000000000005,1,1,1.0
19,8,322.4,690.4,148.20000000000005,211.70000000000005,1,1,1.0
19,9,718.2,537.1,185.0999999999999,296.69999999999993,1,1,1.0
19,10,516.4,404.5,343.6,149.70000000000005,1,1,1.0
20,1,595.2,799.4,291.69999999999993,224.89999999999998,1,1,1.0
20,2,262.1,436.6,143.79999999999995,228.89999999999998,1,1,0.0
20,3,412.3,840.6,174.8,233.60000000000002,1,1,1.0
20,4,208.7,646.5,109.60000000000002,336.6,1,1,1.0
20,5,213.1,936.9,218.1,169.80000000000007,1,1,1.0
20,6,569.5,891.4,233.5,144.10000000000002,1,1,1.0
20,7,154.3,655.0,224.8,123.60000000000002,1,1,1.0
20,8,322.4,687.7,149.3,214.39999999999998,1,1,1.0
20,9,646.5,611.5,278.1,260.79999999999995,1,1,1.0
20,10,516.4,401.0,347.6,155.89999999999998,1,1,1.0
21,1,597.3,805.7,299.5,245.79999999999995,1,1,1.0
21,2,262.1,439.7,146.29999999999995,219.50000000000006,1,1,0.0
21,3,406.3,844.9,177.7,229.30000000000007,1,1,1.0
21,4,204.4,648.8,125.20000000000002,316.5,1,1,1.0
21,5,161.3,854.7,258.2,241.5,1,1,1.0
21,6,568.86,888.85,210.53999999999996,144.10000000000002,1,1,1.0
21,7,142.6,657.6,248.6,114.69999999999993,1,1,1.0
21,8,322.4,687.7,149.3,214.39999999999998,1,1,1.0
21,9,608.9,633.6,337.4,189.10000000000002,1,1,1.0
21,10,516.4,401.0,347.6,155.89999999999998,1,1,1.0
22,1,659.0,824.5,288.4,240.9000000000001,1,1,1.0
22,2,275.9,439.7,132.5,212.00000000000006,1,1,0.0
22,3,409.8,844.9,174.2,229.30000000000007,1,1,1.0
22,4,204.4,644.3,126.70000000000002,317.20000000000005,1,1,1.0
22,5,142.5,841.1,264.1,243.60000000000002,1,1,1.0
22,6,572.5,894.1,193.5,138.85000000000002,1,1,1.0
22,7,111.3,657.6,279.9,112.69999999999993,1,1,1.0
22,8,318.8,687.7,152.89999999999998,214.39999999999998,1,1,1.0
22,9,608.9,649.5,342.70000000000005,182.5,1,1,1.0
22,10,516.4,401.0,347.6,155.89999999999998,1,1,1.0
23,1,696.7,846.5,224.19999999999993,236.4000000000001,1,1,1.0
23,2,219.4,439.7,166.4,255.3,1,1,0.0
23,3,409.8,844.9,174.2,229.30000000000007,1,1,1.0
23,4,204.4,644.3,128.99999999999997,312.4000000000001,1,1,1.0
23,5,143.5,868.8,269.4,211.70000000000005,1,1,1.0
23,6,568.86,891.4,188.84000000000003,148.0000000000001,1,1,1.0
23,7,113.9,657.6,277.29999999999995,123.5,1,1,1.0
23,8,316.0,681.3,148.3,220.80000000000007,1,1,1.0
23,9,608.9,648.7,320.6,183.29999999999995,1,1,1.0
23,10,516.4,401.0,353.80000000000007,147.0,1,1,1.0
24,1,702.5,857.5,272.29999999999995,232.70000000000005,1,1,1.0
24,2,250.8,443.5,133.7,230.79999999999995,1,1,0.0
24,3,403.5,844.9,180.5,229.30000000000007,1,1,1.0
24,4,204.4,654.8,128.99999999999997,301.9000000000001,1,1,1.0
24,5,151.3,912.2,265.8,173.5,1,1,1.0
24,6,568.86,891.4,188.84000000000003,148.60000000000002,1,1,1.0
24,7,179.2,657.6,212.0,181.19999999999993,1,1,1.0
24,8,305.4,665.9,158.90000000000003,311.6,1,1,1.0
24,9,611.1,657.9,317.5,174.10000000000002,1,1,1.0
24,10,518.6,399.2,380.79999999999995,148.8,1,1,1.0
25,1,691.1,864.2,234.5,209.29999999999995,1,1,1.0
25,2,264.4,595.8,132.14000000000004,144.43000000000006,1,1,0.0
25,3,403.5,839.7,180.5,234.5,1,1,1.0
25,4,208.2,654.8,156.10000000000002,314.0,1,1,1.0
25,5,151.8,917.5,265.3,168.20000000000005,1,1,1.0
25,6,568.86,891.4,193.34000000000003,148.60000000000002,1,1,1.0
25,7,187.2,705.5,41.900000000000006,137.89999999999998,1,1,0.0
25,8,299.56,759.4,130.74,267.5000000000001,1,1,1.0
25,9,611.1,652.6,332.1,179.39999999999998,1,1,1.0
25,10,518.6,389.9,363.5,174.89999999999998,1,1,1.0
26,1,683.1,907.7,236.19999999999993,165.79999999999995,1,1,1.0
26,2,264.4,595.8,244.10000000000002,144.43000000000006,1,1,1.0
26,3,404.8,830.5,179.2,265.4000000000001,1,1,1.0
26,4,208.2,654.8,153.10000000000002,304.20000000000005,1,1,1.0
26,5,134.0,923.6,268.4,158.39999999999998,1,1,1.0
26,6,568.86,891.4,182.53999999999996,148.60000000000002,1,1,1.0
26,7,269.5,896.2,49.89999999999998,49.299999999999955,1,1,0.0
26,8,331.43,839.62,130.74,286.2800000000001,1,1,1.0
26,9,618.2,633.1,369.69999999999993,180.29999999999995,1,1,1.0
26,10,529.7,389.9,340.4,167.80000000000007,1,1,1.0
27,1,695.1,879.4,221.10000000000002,163.80000000000007,1,1,1.0
27,2,431.68,502.67,168.11999999999995,264.72999999999996,1,1,1.0
27,3,426.1,824.2,157.89999999999998,289.5999999999999,1,1,1.0
27,4,208.2,647.3,165.90000000000003,297.4000000000001,1,1,1.0
27,5,152.3,908.1,231.39999999999998,179.69999999999993,1,1,1.0
27,6,565.0,891.4,186.39999999999998,148.60000000000002,1,1,1.0
27,7,246.4,787.8,174.49999999999997,157.70000000000005,1,1,1.0
27,8,356.9,857.1,110.10000000000002,280.30000000000007,1,1,1.0
27,9,852.8,530.5,374.70000000000005,169.42999999999995,1,1,1.0
27,10,531.0,380.2,360.29999999999995,174.8,1,1,1.0
28,1,718.6,796.7,181.89999999999998,262.20000000000005,1,1,1.0
28,2,353.9,538.8,280.6,207.5,1,1,1.0
28,3,368.3,790.3,212.59999999999997,238.10000000000014,1,1,1.0
28,4,202.2,645.0,174.2,295.20000000000005,1,1,1.0
28,5,161.7,897.6,215.40000000000003,190.19999999999993,1,1,1.0
28,6,562.5,891.4,188.89999999999998,150.5000000000001,1,1,1.0
28,7,284.4,730.4,185.10000000000002,180.60000000000002,1,1,1.0
28,8,359.0,934.1,270.6,205.9999999999999,1,1,1.0
28,9,956.71,537.5,384.99,148.39999999999998,1,1,1.0
28,10,527.5,386.0,373.1,157.5,1,1,1.0
29,1,750.5,697.8,160.5,321.9000000000001,1,1,1.0
29,2,337.5,514.7,297.0,224.79999999999995,1,1,1.0
29,3,387.14,799.72,254.06000000000006,173.98000000000002,1,1,1.0
29,4,200.7,651.0,163.10000000000002,295.20000000000005,1,1,1.0
29,5,206.7,908.6,170.0,198.60000000000002,1,1,1.0
29,6,565.0,891.4,186.39999999999998,150.5000000000001,1,1,1.0
29,7,316.8,689.5,240.2,198.10000000000002,1,1,1.0
29,8,373.88,1012.7,330.62,114.64999999999986,1,1,1.0
29,9,984.8,522.8,344.10000000000014,179.70000000000005,1,1,1.0
29,10,525.2,386.0,371.4,157.5,1,1,1.0
30,1,759.4,602.7,158.39999999999998,362.5999999999999,1,1,1.0
30,2,339.0,499.6,272.9,229.39999999999998,1,1,1.0
30,3,369.6,815.4,259.0,152.70000000000005,1,1,1.0
30,4,201.45,651.0,168.65000000000003,292.95000000000005,1,1,1.0
30,5,261.2,877.2,141.26,264.0,1,1,1.0
30,6,551.3,892.7,249.80000000000007,149.20000000000005,1,1,1.0
30,7,387.46,703.84,300.14000000000004,134.36,1,1,1.0
30,8,376.0,1009.5,322.70000000000005,119.40000000000009,1,1,1.0
30,9,1116.76,480.7,282.24,186.09999999999997,1,1,1.0
30,10,525.2,386.0,336.0,157.5,1,1,1.0
31,1,790.8,538.6,317.5,234.69999999999993,1,1,1.0
31,2,334.5,499.6,278.20000000000005,236.19999999999993,1,1,1.0
31,3,347.6,828.0,303.6,140.10000000000002,1,1,1.0
31,4,202.2,651.0,174.2,290.70000000000005,1,1,1.0
31,5,269.0,861.5,133.45999999999998,288.5999999999999,1,1,1.0
31,6,565.0,900.4,239.89999999999998,141.5000000000001,1,1,1.0
31,7,435.27,711.81,314.53,174.19000000000005,1,1,1.0
31,8,400.4,1009.5,368.4,119.40000000000009,1,1,1.0
31,9,1134.2,477.5,260.29999999999995,189.29999999999995,1,1,1.0
31,10,525.2,391.3,378.0999999999999,148.2,1,1,1.0
32,1,807.5,526.7,282.0,171.19999999999993,1,1,1.0
32,2,333.7,495.8,281.3,227.90000000000003,1,1,1.0
32,3,339.4,830.9,311.80000000000007,143.5,1,1,1.0
32,4,202.2,651.0,174.2,290.70000000000005,1,1,1.0
32,5,258.6,855.7,141.29999999999995,294.39999999999986,1,1,1.0
32,6,565.0,900.4,246.89999999999998,136.39999999999998,1,1,1.0
32,7,425.2,709.2,335.3,181.5,1,1,1.0
32,8,605.99,955.8,323.21000000000004,168.31999999999994,1,1,1.0
32,9,1127.0,477.5,272.5999999999999,184.20000000000005,1,1,1.0
32,10,528.3,387.4,369.20000000000005,152.10000000000002,1,1,1.0
33,1,806.5,530.9,319.0999999999999,159.70000000000005,1,1,1.0
33,2,343.5,501.1,271.5,216.60000000000002,1,1,1.0
33,3,339.4,831.3,304.6,143.10000000000002,1,1,1.0
33,4,202.2,645.0,174.2,296.70000000000005,1,1,1.0
33,5,242.9,855.7,156.99999999999997,296.0999999999999,1,1,1.0
33,6,565.0,900.4,234.10000000000002,136.39999999999998,1,1,1.0
33,7,436.1,702.8,300.6,195.70000000000005,1,1,1.0
33,8,652.7,843.7,267.5,276.70000000000005,1,1,1.0
33,9,1123.8,477.5,292.4000000000001,178.5,1,1,1.0
33,10,541.5,390.0,350.70000000000005,143.29999999999995,1,1,1.0
34,1,802.3,535.6,347.4000000000001,155.0,1,1,1.0
34,2,335.2,509.4,279.8,199.30000000000007,1,1,1.0
34,3,339.4,832.4,289.80000000000007,144.60000000000002,1,1,1.0
34,4,202.2,645.0,174.2,296.70000000000005,1,1,1.0
34,5,221.3,879.5,173.39999999999998,270.5999999999999,1,1,1.0
34,6,565.0,900.4,225.79999999999995,136.39999999999998,1,1,1.0
34,7,442.2,699.6,305.50000000000006,216.60000000000002,1,1,1.0
34,8,742.5,804.4,177.70000000000005,323.4,1,1,1.0
34,9,1122.5,478.1,293.70000000000005,177.89999999999998,1,1,1.0
34,10,562.4,391.4,329.4,159.20000000000005,1,1,1.0
35,1,784.0,553.4,389.79999999999995,137.20000000000005,1,1,1.0
35,2,353.3,509.4,271.49999999999994,188.0,1,1,1.0
35,3,339.4,832.4,307.4,142.0,1,1,1.0
35,4,202.2,660.1,174.2,281.6,1,1,1.0
35,5,194.2,874.5,217.2,274.9000000000001,1,1,1.0
35,6,565.0,891.5,209.89999999999998,145.29999999999995,1,1,1.0
35,7,444.3,699.6,298.3,202.5,1,1,1.0
35,8,753.7,799.1,159.0999999999999,335.1,1,1,1.0
35,9,1123.8,478.1,314.70000000000005,177.89999999999998,1,1,1.0
35,10,565.0,398.0,326.79999999999995,152.60000000000002,1,1,1.0
36,1,784.0,553.4,339.0,137.20000000000005,1,1,1.0
36,2,359.33,470.22,236.87000000000006,160.07999999999993,1,1,1.0
36,3,339.4,832.4,295.5,142.0,1,1,1.0
36,4,202.2,645.0,174.2,298.9,1,1,1.0
36,5,194.2,874.5,214.60000000000002,271.4000000000001,1,1,1.0
36,6,565.0,891.5,205.39999999999998,145.29999999999995,1,1,1.0
36,7,431.6,705.4,333.6,185.80000000000007,1,1,1.0
36,8,740.4,797.0,172.39999999999998,325.5,1,1,1.0
36,9,1189.5,446.2,262.4000000000001,177.90000000000003,1,1,1.0
36,10,541.2,392.7,355.5999999999999,143.3,1,1,1.0
37,1,784.0,553.4,325.4000000000001,137.20000000000005,1,1,1.0
37,2,341.2,463.3,255.00000000000006,162.49999999999994,1,1,1.0
37,3,339.4,832.4,288.0,142.0,1,1,1.0
37,4,205.6,649.8,170.79999999999998,293.0,1,1,1.0
37,5,241.3,847.3,165.39999999999998,292.29999999999995,1,1,1.0
37,6,565.0,883.8,215.60000000000002,153.0,1,1,1.0
37,7,419.9,706.0,343.70000000000005,147.5,1,1,1.0
37,8,708.0,806.6,204.79999999999995,315.9,1,1,1.0
37,9,1202.6,434.1,245.5,192.5,1,1,1.0
37,10,535.4,383.0,384.30000000000007,151.20000000000005,1,1,1.0
38,1,797.1,542.9,289.30000000000007,182.80000000000007,1,1,1.0
38,2,342.9,457.4,233.70000000000005,178.89999999999998,1,1,1.0
38,3,342.5,836.2,299.20000000000005,143.39999999999998,1,1,1.0
38,4,209.0,645.0,167.39999999999998,296.70000000000005,1,1,1.0
38,5,261.2,824.8,145.5,314.79999999999995,1,1,1.0
38,6,561.8,883.8,239.80000000000007,153.0,1,1,1.0
38,7,502.8,672.0,277.2,181.5,1,1,1.0
38,8,666.0,806.6,264.29999999999995,288.30000000000007,1,1,1.0
38,9,1203.5,393.9,235.0,240.30000000000007,1,1,1.0
38,10,538.1,383.0,367.4,151.20000000000005,1,1,1.0
39,1,807.6,546.6,274.69999999999993,181.19999999999993,1,1,1.0
39,2,320.1,453.9,212.29999999999995,165.10000000000002,1,1,1.0
39,3,340.6,822.4,286.79999999999995,163.30000000000007,1,1,1.0
39,4,209.0,659.3,153.5,282.4000000000001,1,1,1.0
39,5,296.46,708.9,200.44,308.5,1,1,1.0
39,6,561.8,883.8,239.20000000000005,153.0,1,1,1.0
39,7,567.08,584.9,252.81999999999994,208.04000000000008,1,1,1.0
39,8,721.8,803.4,266.4000000000001,191.60000000000002,1,1,1.0
39,9,1199.7,409.8,243.89999999999986,232.09999999999997,1,1,1.0
39,10,538.1,390.1,375.79999999999995,152.5,1,1,1.0
40,1,798.2,552.9,335.89999999999986,189.0,1,1,1.0
40,2,326.8,440.8,200.90000000000003,178.2,1,1,1.0
40,3,345.0,822.4,282.4,163.30000000000007,1,1,1.0
40,4,209.0,663.6,150.10000000000002,278.1,1,1,1.0
40,5,336.23,664.42,169.57,299.68000000000006,1,1,1.0
40,6,559.25,892.9,201.54999999999995,145.16999999999996,1,1,1.0
40,7,576.6,565.2,278.9,177.79999999999995,1,1,1.0
40,8,746.77,826.8,253.13,226.11000000000013,1,1,1.0
40,9,1207.3,431.5,314.70000000000005,198.89999999999998,1,1,1.0
40,10,545.2,390.1,360.19999999999993,174.60000000000002,1,1,1.0
41,1,818.6,541.4,335.4,183.20000000000005,1,1,1.0
41,2,345.1,425.4,174.5,217.60000000000002,1,1,1.0
41,3,345.0,822.4,284.9,160.20000000000005,1,1,1.0
41,4,209.0,631.4,150.10000000000002,310.30000000000007,1,1,1.0
41,5,343.6,647.7,162.2,322.0999999999999,1,1,1.0
41,6,562.4,894.6,198.39999999999998,142.19999999999993,1,1,1.0
41,7,594.7,592.8,257.0999999999999,159.80000000000007,1,1,1.0
41,8,737.7,826.8,251.5999999999999,221.9000000000001,1,1,1.0
41,9,1220.7,420.7,317.89999999999986,181.00000000000006,1,1,1.0
41,10,548.7,384.8,336.9,186.49999999999994,1,1,1.0
42,1,932.2,450.3,263.0999999999999,263.3,1,1,1.0
42,2,329.2,425.23,181.90000000000003,206.97000000000003,1,1,1.0
42,3,345.0,825.4,284.9,157.20000000000005,1,1,1.0
42,4,209.0,663.0,150.10000000000002,273.4,1,1,1.0
42,5,339.4,623.6,166.40000000000003,338.9,1,1,1.0
42,6,564.3,894.6,196.5,142.19999999999993,1,1,1.0
42,7,592.6,592.8,295.9,181.60000000000002,1,1,1.0
42,8,737.7,825.7,248.89999999999998,223.0,1,1,1.0
42,9,1226.4,420.7,300.6999999999998,182.3,1,1,1.0
42,10,548.7,384.8,334.19999999999993,185.59999999999997,1,1,1.0
43,1,982.4,450.3,221.30000000000007,250.2,1,1,1.0
43,2,333.1,422.63,172.42999999999995,196.66999999999996,1,1,1.0
43,3,345.0,822.4,282.4,160.20000000000005,1,1,1.0
43,4,209.0,663.0,165.2,280.9,1,1,1.0
43,5,357.21,546.7,216.08999999999997,308.93999999999994,1,1,1.0
43,6,561.7,894.6,197.29999999999995,142.19999999999993,1,1,1.0
43,7,600.0,592.8,327.79999999999995,168.30000000000007,1,1,1.0
43,8,706.9,820.9,289.30000000000007,218.80000000000007,1,1,1.0
43,9,1227.3,395.2,287.10000000000014,211.3,1,1,1.0
43,10,543.8,384.8,354.6,161.3,1,1,1.0
44,1,981.4,430.9,211.80000000000007,258.1,1,1,1.0
44,2,314.3,429.23,182.63,224.47000000000003,1,1,1.0
44,3,345.0,818.0,287.20000000000005,164.60000000000002,1,1,1.0
44,4,209.0,647.2,165.2,296.69999999999993,1,1,1.0
44,5,349.4,569.7,229.10000000000002,258.69999999999993,1,1,1.0
44,6,561.7,889.5,199.0999999999999,147.29999999999995,1,1,1.0
44,7,611.7,592.8,327.79999999999995,152.4000000000001,1,1,1.0
44,8,718.6,826.2,276.0,232.0999999999999,1,1,1.0
44,9,1230.9,418.1,294.29999999999995,191.89999999999998,1,1,1.0
44,10,543.8,384.8,351.1,156.8,1,1,1.0
45,1,981.4,441.4,235.89999999999998,247.60000000000002,1,1,1.0
45,2,290.6,423.6,199.32999999999998,225.60000000000002,1,1,1.0
45,3,345.0,820.5,282.4,162.10000000000002,1,1,1.0
45,4,209.0,647.2,165.2,292.29999999999995,1,1,1.0
45,5,372.4,513.3,257.4,294.20000000000005,1,1,1.0
45,6,557.9,889.5,202.89999999999998,147.29999999999995,1,1,1.0
45,7,615.4,592.8,301.80000000000007,166.70000000000005,1,1,1.0
45,8,719.7,853.3,249.39999999999998,203.9000000000001,1,1,1.0
45,9,1230.9,418.1,302.0,191.89999999999998,1,1,1.0
45,10,545.1,384.8,351.79999999999995,170.09999999999997,1,1,1.0
46,1,977.2,441.4,238.5,247.60000000000002,1,1,1.0
46,2,291.5,454.37,196.57,199.63,1,1,1.0
46,3,345.0,824.9,291.20000000000005,157.70000000000005,1,1,1.0
46,4,209.0,651.0,165.2,288.5,1,1,1.0
46,5,437.8,468.2,183.59999999999997,327.8,1,1,1.0
46,6,557.9,895.2,202.89999999999998,141.5999999999999,1,1,1.0
46,7,615.4,614.6,324.30000000000007,215.5,1,1,1.0
46,8,730.9,838.4,231.30000000000007,242.69999999999993,1,1,1.0
46,9,1230.9,418.1,302.0,191.89999999999998,1,1,1.0
46,10,537.2,384.8,355.5,170.09999999999997,1,1,1.0
47,1,972.5,441.4,245.79999999999995,245.5,1,1,1.0
47,2,208.6,510.9,200.03,192.5,1,1,0.0
47,3,339.3,827.9,310.8,154.70000000000005,1,1,1.0
47,4,215.1,643.5,159.1,299.4,1,1,1.0
47,5,392.2,491.7,233.40000000000003,304.8,1,1,1.0
47,6,557.9,891.4,237.30000000000007,145.39999999999998,1,1,1.0
47,7,615.4,616.7,290.70000000000005,186.39999999999998,1,1,1.0
47,8,733.0,885.2,178.20000000000005,208.0999999999999,1,1,1.0
47,9,1220.7,420.0,329.39999999999986,190.0,1,1,1.0
47,10,537.2,384.8,389.0999999999999,170.09999999999997,1,1,1.0
48,1,980.9,432.5,258.30000000000007,256.5,1,1,1.0
48,2,203.4,481.5,177.4,255.0,1,1,0.0
48,3,354.4,794.2,325.1,154.5,1,1,1.0
48,4,212.37,653.0,161.39999999999998,290.29999999999995,1,1,1.0
48,5,399.5,494.3,197.79999999999995,306.40000000000003,1,1,1.0
48,6,557.9,896.8,235.39999999999998,140.0,1,1,1.0
48,7,615.4,622.0,284.9,181.10000000000002,1,1,1.0
48,8,719.2,883.6,194.69999999999993,209.69999999999993,1,1,1.0
48,9,1206.0,421.3,323.0999999999999,170.90000000000003,1,1,1.0
48,10,540.3,396.8,391.80000000000007,158.09999999999997,1,1,1.0
49,1,978.3,436.2,247.29999999999995,254.90000000000003,1,1,1.0
49,2,207.9,534.2,162.20000000000002,224.19999999999993,1,1,0.0
49,3,414.7,794.2,313.2,168.29999999999995,1,1,1.0
49,4,209.77,651.8,161.4,292.4000000000001,1,1,1.0
49,5,405.8,494.3,191.49999999999994,300.09999999999997,1,1,1.0
49,6,562.4,891.4,248.10000000000002,145.39999999999998,1,1,1.0
49,7,604.8,633.2,354.5,166.69999999999993,1,1,1.0
49,8,716.5,914.9,227.20000000000005,197.0000000000001,1,1,1.0
49,9,1202.2,424.5,304.0,187.5,1,1,1.0
49,10,537.6,393.7,390.1,161.2,1,1,1.0
50,1,1003.4,392.8,191.30000000000007,291.99999999999994,1,1,1.0
50,2,183.0,657.8,50.900000000000006,178.9000000000001,1,1,0.0
50,3,428.4,776.0,249.30000000000007,179.0,1,1,1.0
50,4,212.8,642.3,161.39999999999998,299.70000000000005,1,1,1.0
50,5,423.1,476.5,174.19999999999993,301.70000000000005,1,1,1.0
50,6,562.4,903.5,248.10000000000002,133.29999999999995,1,1,1.0
50,7,595.2,634.8,368.9,166.20000000000005,1,1,1.0
50,8,703.2,939.3,267.5999999999999,166.20000000000005,1,1,1.0
50,9,1260.85,439.16,273.35000000000014,248.73999999999995,1,1,1.0
50,10,541.6,403.9,372.79999999999995,151.0,1,1,1.0
51,1,1006.5,394.9,199.70000000000005,236.5,1,1,1.0
51,2,173.6,666.0,94.79999999999998,276.4,1,1,1.0
51,3,432.3,771.6,245.40000000000003,175.89999999999998,1,1,1.0
51,4,217.8,649.2,156.39999999999998,292.79999999999995,1,1,1.0
51,5,447.2,476.5,144.90000000000003,310.1,1,1,1.0
51,6,565.6,903.5,244.89999999999998,144.0999999999999,1,1,1.0
51,7,603.7,634.8,355.5999999999999,166.20000000000005,1,1,1.0
51,8,730.8,940.4,258.1,165.10000000000002,1,1,1.0
51,9,1326.5,432.1,191.79999999999995,323.4,1,1,1.0
51,10,543.8,401.2,372.80000000000007,159.90000000000003,1,1,1.0
52,1,998.1,384.4,198.69999999999993,255.89999999999998,1,1,1.0
52,2,180.4,712.2,127.79999999999998,328.0999999999999,1,1,1.0
52,3,432.3,757.8,245.40000000000003,189.70000000000005,1,1,1.0
52,4,211.5,654.9,162.7,291.5,1,1,1.0
52,5,416.8,482.8,175.3,316.40000000000003,1,1,1.0
52,6,573.9,903.5,236.60000000000002,157.5,1,1,1.0
52,7,602.1,634.8,360.1,166.20000000000005,1,1,1.0
52,8,733.46,945.17,258.0999999999999,159.80000000000007,1,1,1.0
52,9,1343.1,423.8,167.5,303.7,1,1,1.0
52,10,545.1,401.2,364.4,159.90000000000003,1,1,1.0
53,1,1008.0,392.8,190.4000000000001,226.59999999999997,1,1,1.0
53,2,184.1,790.7,162.00000000000003,278.39999999999986,1,1,1.0
53,3,440.5,757.8,239.10000000000002,203.5,1,1,1.0
53,4,215.3,646.7,158.89999999999998,299.69999999999993,1,1,1.0
53,5,365.0,484.9,233.89999999999998,304.9,1,1,1.0
53,6,555.8,890.1,254.70000000000005,152.39999999999998,1,1,1.0
53,7,606.9,626.3,340.70000000000005,191.20000000000005,1,1,1.0
53,8,733.46,940.9,252.74,164.07000000000005,1,1,1.0
53,9,1363.5,432.1,157.29999999999995,295.4,1,1,1.0
53,10,545.1,401.2,366.5,159.90000000000003,1,1,1.0
54,1,995.5,360.4,202.9000000000001,286.20000000000005,1,1,1.0
54,2,184.1,798.5,146.00000000000003,267.9000000000001,1,1,1.0
54,3,458.7,743.4,223.40000000000003,222.89999999999998,1,1,1.0
54,4,219.1,646.7,155.1,299.69999999999993,1,1,1.0
54,5,365.0,499.6,245.89999999999998,300.1,1,1,1.0
54,6,559.9,890.1,250.60000000000002,161.30000000000007,1,1,1.0
54,7,636.6,610.9,315.29999999999995,217.80000000000007,1,1,1.0
54,8,733.46,940.9,252.74,166.69999999999993,1,1,1.0
54,9,1369.2,435.9,151.5999999999999,312.0,1,1,1.0
54,10,546.9,403.0,352.0,158.10000000000002,1,1,1.0
55,1,997.1,360.4,190.80000000000007,318.6,1,1,1.0
55,2,184.1,794.3,148.6,278.9000000000001,1,1,1.0
55,3,469.4,743.4,212.70000000000005,222.89999999999998,1,1,1.0
55,4,219.1,644.2,155.1,302.19999999999993,1,1,1.0
55,5,350.9,495.9,250.10000000000002,287.1,1,1,1.0
55,6,565.0,890.1,245.5,161.30000000000007,1,1,1.0
55,7,669.0,644.9,330.79999999999995,219.89999999999998,1,1,1.0
55,8,728.1,940.9,253.79999999999995,167.80000000000007,1,1,1.0
55,9,1369.2,435.9,150.29999999999995,321.6,1,1,1.0
55,10,559.7,380.9,300.19999999999993,251.0,1,1,1.0
56,1,993.4,374.0,194.5000000000001,301.29999999999995,1,1,1.0
56,2,184.1,794.3,152.79999999999998,289.70000000000005,1,1,1.0
56,3,460.6,746.5,221.5,219.79999999999995,1,1,1.0
56,4,219.1,650.1,155.1,299.4,1,1,1.0
56,5,370.8,502.2,230.2,287.59999999999997,1,1,1.0
56,6,562.1,891.05,248.39999999999998,160.35000000000014,1,1,1.0
56,7,669.0,646.0,312.70000000000005,210.29999999999995,1,1,1.0
56,8,678.2,940.9,303.69999999999993,160.89999999999998,1,1,1.0
56,9,1369.2,435.9,150.29999999999995,316.6,1,1,1.0
56,10,569.0,384.0,281.20000000000005,266.9,1,1,1.0
57,1,984.0,410.1,236.9000000000001,265.19999999999993,1,1,1.0
57,2,184.1,794.3,149.20000000000002,291.9000000000001,1,1,1.0
57,3,457.5,746.5,224.60000000000002,219.79999999999995,1,1,1.0
57,4,219.1,655.5,155.1,294.0,1,1,1.0
57,5,348.8,499.1,261.59999999999997,286.0,1,1,1.0
57,6,559.2,892.0,251.29999999999995,159.4000000000001,1,1,1.0
57,7,660.5,652.4,348.6,200.70000000000005,1,1,1.0
57,8,673.4,950.5,311.70000000000005,151.29999999999995,1,1,1.0
57,9,1369.63,437.2,150.29999999999995,321.00000000000006,1,1,1.0
57,10,672.2,379.59,197.0,281.01000000000005,1,1,1.0
58,1,988.2,404.9,245.29999999999995,282.4,1,1,1.0
58,2,184.1,799.5,148.6,281.5,1,1,1.0
58,3,455.0,746.5,227.10000000000002,219.79999999999995,1,1,1.0
58,4,219.1,655.8,155.1,293.70000000000005,1,1,1.0
58,5,335.7,499.1,274.7,286.0,1,1,1.0
58,6,560.5,892.0,250.0,159.4000000000001,1,1,1.0
58,7,656.8,656.7,336.6,202.79999999999995,1,1,1.0
58,8,705.3,950.5,284.1,153.4000000000001,1,1,1.0
58,9,1369.2,441.1,150.29999999999995,313.29999999999995,1,1,1.0
58,10,678.8,359.7,183.30000000000007,306.2,1,1,1.0
59,1,988.2,392.3,238.0,294.99999999999994,1,1,1.0
59,2,184.1,799.5,148.6,282.79999999999995,1,1,1.0
59,3,450.6,746.5,231.5,219.79999999999995,1,1,1.0
59,4,209.1,656.1,165.1,293.4,1,1,1.0
59,5,374.9,499.1,235.5,286.0,1,1,1.0
59,6,563.0,892.0,243.20000000000005,159.4000000000001,1,1,1.0
59,7,654.7,660.4,337.0999999999999,202.30000000000007,1,1,1.0
59,8,664.9,966.4,261.30000000000007,147.60000000000002,1,1,1.0
59,9,1369.2,439.7,150.29999999999995,319.09999999999997,1,1,1.0
59,10,678.8,369.4,189.9000000000001,323.5,1,1,1.0
60,1,997.1,392.3,229.10000000000002,292.40000000000003,1,1,1.0
60,2,184.1,799.5,148.6,273.0999999999999,1,1,1.0
60,3,450.6,746.5,229.0,219.79999999999995,1,1,1.0
60,4,199.7,656.1,174.5,293.4,1,1,1.0
60,5,353.4,490.2,248.60000000000002,271.90000000000003,1,1,1.0
60,6,560.5,892.0,257.6,132.0,1,1,1.0
60,7,649.4,660.4,339.80000000000007,190.39999999999998,1,1,1.0
60,8,486.93,983.93,306.46999999999997,141.20000000000016,1,1,1.0
60,9,1369.2,439.7,150.29999999999995,283.40000000000003,1,1,1.0
60,10,663.9,369.4,204.80000000000007,315.4,1,1,1.0
61,1,997.1,397.0,229.10000000000002,287.70000000000005,1,1,1.0
61,2,184.1,799.5,148.6,281.5,1,1,1.0
61,3,450.6,746.5,229.0,219.79999999999995,1,1,1.0
61,4,214.1,646.1,160.1,303.4,1,1,1.0
61,5,356.5,490.2,241.29999999999995,271.90000000000003,1,1,1.0
61,6,561.7,892.0,253.89999999999998,163.9000000000001,1,1,1.0
61,7,649.4,663.6,341.4,190.60000000000002,1,1,1.0
61,8,310.56,996.68,286.23999999999995,135.91999999999996,1,1,1.0
61,9,1369.2,439.7,150.29999999999995,280.00000000000006,1,1,1.0
61,10,655.0,375.8,218.60000000000002,301.49999999999994,1,1,1.0
62,1,999.2,399.1,220.20000000000005,285.6,1,1,1.0
62,2,187.2,799.5,145.5,305.0,1,1,1.0
62,3,448.1,746.5,231.5,216.0,1,1,1.0
62,4,214.1,653.6,160.1,295.9,1,1,1.0
62,5,338.2,490.2,262.7,271.90000000000003,1,1,1.0
62,6,561.7,892.0,248.79999999999995,155.0,1,1,1.0
62,7,649.4,690.7,343.5,163.5,1,1,1.0
62,8,312.68,949.93,252.82,170.97000000000014,1,1,1.0
62,9,1363.5,439.7,156.0,281.50000000000006,1,1,1.0
62,10,646.1,378.0,227.5,293.5,1,1,1.0
63,1,999.2,397.7,220.20000000000005,287.00000000000006,1,1,1.0
63,2,187.2,799.5,145.5,261.5999999999999,1,1,1.0
63,3,448.1,746.5,231.5,216.0,1,1,1.0
63,4,219.1,642.9,155.1,306.6,1,1,1.0
63,5,353.9,490.2,247.0,271.90000000000003,1,1,1.0
63,6,559.2,899.7,259.5999999999999,147.29999999999995,1,1,1.0
63,7,646.7,697.6,349.69999999999993,156.60000000000002,1,1,1.0
63,8,322.8,949.93,225.7,185.87,1,1,1.0
63,9,1363.5,439.7,158.5,315.3,1,1,1.0
63,10,642.1,378.0,231.5,313.9,1,1,1.0
64,1,1008.1,396.4,214.39999999999998,288.30000000000007,1,1,1.0
64,2,187.2,795.8,130.3,274.20000000000005,1,1,1.0
64,3,487.7,740.2,186.90000000000003,267.5,1,1,1.0
64,4,219.1,648.6,155.1,297.1,1,1,1.0
64,5,323.5,490.2,277.4,271.90000000000003,1,1,1.0
64,6,568.1,896.8,242.39999999999998,150.20000000000005,1,1,1.0
64,7,646.7,697.6,339.79999999999995,169.29999999999995,1,1,1.0
64,8,310.0,920.7,232.70000000000005,224.70000000000005,1,1,1.0
64,9,1368.0,455.0,170.5999999999999,328.0,1,1,1.0
64,10,658.5,382.0,227.89999999999998,303.29999999999995,1,1,1.0
65,1,1008.1,404.9,214.39999999999998,279.80000000000007,1,1,1.0
65,2,174.6,817.5,160.29999999999998,266.5999999999999,1,1,1.0
65,3,472.6,740.2,201.39999999999998,233.5999999999999,1,1,1.0
65,4,207.8,657.3,166.39999999999998,288.4000000000001,1,1,1.0
65,5,359.6,490.2,241.29999999999995,271.90000000000003,1,1,1.0
65,6,563.0,894.6,247.5,152.39999999999998,1,1,1.0
65,7,646.7,692.8,339.79999999999995,174.10000000000002,1,1,1.0
65,8,269.1,967.4,269.29999999999995,169.5000000000001,1,1,1.0
65,9,1368.0,495.2,151.5,321.00000000000006,1,1,1.0
65,10,678.9,360.7,200.39999999999998,310.90000000000003,1,1,1.0
66,1,1008.1,404.9,214.39999999999998,275.1,1,1,1.0
66,2,154.2,831.9,173.3,239.10000000000002,1,1,1.0
66,3,472.6,746.5,201.39999999999998,227.29999999999995,1,1,1.0
66,4,217.2,644.2,157.0,301.5,1,1,1.0
66,5,369.0,490.2,227.70000000000005,271.90000000000003,1,1,1.0
66,6,563.0,894.6,247.5,152.39999999999998,1,1,1.0
66,7,649.9,692.8,348.0,177.80000000000007,1,1,1.0
66,8,284.5,972.7,261.9,137.5999999999999,1,1,1.0
66,9,1353.34,527.1,132.96000000000004,354.76,1,1,1.0
66,10,686.9,347.0,183.10000000000002,346.29999999999995,1,1,1.0
67,1,1008.1,404.9,218.60000000000002,275.1,1,1,1.0
67,2,156.8,821.4,168.59999999999997,256.9,1,1,1.0
67,3,466.3,746.5,213.99999999999994,227.29999999999995,1,1,1.0
67,4,217.2,654.9,157.0,290.80000000000007,1,1,1.0
67,5,336.6,490.2,260.1,271.90000000000003,1,1,1.0
67,6,563.0,894.6,252.0,152.39999999999998,1,1,1.0
67,7,647.2,678.5,300.0,214.89999999999998,1,1,1.0
67,8,279.7,991.3,238.50000000000006,118.5,1,1,1.0
67,9,1354.61,548.76,152.09000000000015,314.64,1,1,1.0
67,10,674.9,354.1,190.20000000000005,320.6,1,1,1.0
68,1,1008.1,404.9,218.60000000000002,270.9,1,1,1.0
68,2,156.8,821.4,168.59999999999997,265.30000000000007,1,1,1.0
68,3,463.2,746.5,217.09999999999997,222.89999999999998,1,1,1.0
68,4,217.2,644.2,157.0,301.5,1,1,1.0
68,5,358.6,486.0,235.0,272.4,1,1,1.0
68,6,563.0,894.6,251.29999999999995,152.39999999999998,1,1,1.0
68,7,637.1,664.7,306.9,215.39999999999998,1,1,1.0
68,8,277.0,991.3,249.70000000000005,118.5,1,1,1.0
68,9,1357.8,548.76,140.60000000000014,338.84000000000003,1,1,1.0
68,10,665.6,367.8,189.79999999999995,306.90000000000003,1,1,1.0
69,1,1008.1,405.9,221.19999999999993,269.9,1,1,1.0
69,2,153.7,821.4,171.7,282.6,1,1,1.0
69,3,463.2,746.5,217.09999999999997,222.89999999999998,1,1,1.0
69,4,217.2,644.2,157.0,301.5,1,1,1.0
69,5,333.5,486.0,260.1,272.4,1,1,1.0
69,6,563.0,894.6,253.20000000000005,152.39999999999998,1,1,1.0
69,7,637.1,673.2,287.19999999999993,238.19999999999993,1,1,1.0
69,8,287.6,991.3,248.10000000000002,121.70000000000005,1,1,1.0
69,9,1357.8,534.1,135.5,324.19999999999993,1,1,1.0
69,10,665.6,367.8,201.29999999999995,306.49999999999994,1,1,1.0
70,1,1008.1,405.9,219.60000000000002,269.9,1,1,1.0
70,2,157.4,821.4,167.99999999999997,275.80000000000007,1,1,1.0
70,3,451.9,749.0,231.5,212.20000000000005,1,1,1.0
70,4,210.3,650.5,163.89999999999998,295.20000000000005,1,1,1.0
70,5,327.7,482.9,260.09999999999997,275.5,1,1,1.0
70,6,558.5,894.6,257.70000000000005,152.39999999999998,1,1,1.0
70,7,636.0,673.2,270.20000000000005,269.5,1,1,1.0
70,8,315.2,977.5,227.40000000000003,135.5,1,1,1.0
70,9,1316.4,518.8,189.69999999999982,298.70000000000005,1,1,1.0
70,10,671.8,358.9,189.30000000000007,329.9,1,1,1.0
71,1,1008.1,405.9,225.39999999999998,265.70000000000005,1,1,1.0
71,2,157.4,821.4,167.99999999999997,275.80000000000007,1,1,1.0
71,3,441.2,737.1,266.09999999999997,212.79999999999995,1,1,1.0
71,4,207.2,671.8,167.0,273.9000000000001,1,1,1.0
71,5,349.2,482.9,238.59999999999997,275.5,1,1,1.0
71,6,558.5,894.6,257.70000000000005,152.39999999999998,1,1,1.0
71,7,630.2,686.5,299.4,222.70000000000005,1,1,1.0
71,8,311.5,964.2,220.5,157.79999999999995,1,1,1.0
71,9,1219.5,592.1,286.0,238.79999999999995,1,1,1.0
71,10,680.7,350.9,172.39999999999998,341.5,1,1,1.0
72,1,1008.1,406.9,221.69999999999993,264.70000000000005,1,1,1.0
72,2,157.4,821.4,158.49999999999997,268.5000000000001,1,1,1.0
72,3,441.2,741.5,266.09999999999997,200.20000000000005,1,1,1.0
72,4,204.6,649.2,169.6,296.5,1,1,1.0
72,5,325.1,482.9,262.69999999999993,275.5,1,1,1.0
72,6,558.5,902.9,258.4,144.10000000000002,1,1,1.0
72,7,663.1,709.9,290.9,229.60000000000002,1,1,1.0
72,8,311.5,968.5,217.29999999999995,153.5,1,1,1.0
72,9,1214.3,635.5,305.79999999999995,185.84000000000003,1,1,1.0
72,10,690.4,346.0,172.70000000000005,335.6,1,1,1.0
73,1,1008.1,411.6,215.89999999999998,251.10000000000002,1,1,1.0
73,2,180.3,821.4,145.09999999999997,268.5000000000001,1,1,1.0
73,3,435.5,744.6,271.79999999999995,199.60000000000002,1,1,1.0
73,4,204.6,646.1,169.6,299.6,1,1,1.0
73,5,343.9,482.9,243.89999999999998,280.20000000000005,1,1,1.0
73,6,558.5,902.9,257.1,140.30000000000007,1,1,1.0
73,7,676.9,727.0,302.70000000000005,236.89999999999998,1,1,1.0
73,8,311.5,988.2,202.39999999999998,135.89999999999986,1,1,1.0
73,9,1228.4,629.8,286.5999999999999,227.20000000000005,1,1,1.0
73,10,690.4,349.5,162.70000000000005,327.79999999999995,1,1,1.0
74,1,1001.8,414.2,212.79999999999995,249.00000000000006,1,1,1.0
74,2,180.3,798.1,145.09999999999997,293.4999999999999,1,1,1.0
74,3,435.5,744.6,261.79999999999995,209.60000000000002,1,1,1.0
74,4,190.8,643.6,183.39999999999998,300.4,1,1,1.0
74,5,358.0,482.9,229.79999999999995,275.5,1,1,1.0
74,6,556.6,902.9,262.79999999999995,140.30000000000007,1,1,1.0
74,7,676.9,716.9,298.9,226.30000000000007,1,1,1.0
74,8,316.3,988.2,193.89999999999998,135.89999999999986,1,1,1.0
74,9,1215.7,612.0,296.79999999999995,250.10000000000002,1,1,1.0
74,10,676.2,359.7,184.0,356.59999999999997,1,1,1.0
75,1,1001.8,414.2,212.79999999999995,245.90000000000003,1,1,1.0
75,2,195.1,848.2,156.00000000000003,236.02999999999997,1,1,1.0
75,3,435.5,744.6,268.70000000000005,197.69999999999993,1,1,1.0
75,4,195.8,653.0,178.39999999999998,284.5,1,1,1.0
75,5,324.0,482.9,263.79999999999995,275.5,1,1,1.0
75,6,552.1,902.9,265.4,140.30000000000007,1,1,1.0
75,7,679.0,714.2,296.79999999999995,229.0,1,1,1.0
75,8,328.0,988.2,186.39999999999998,127.39999999999986,1,1,1.0
75,9,1200.4,606.9,301.89999999999986,287.1,1,1,1.0
75,10,671.9,359.7,179.0,356.59999999999997,1,1,1.0
76,1,1001.8,415.8,215.4000000000001,244.3,1,1,1.0
76,2,188.3,817.3,154.39999999999998,258.0,1,1,1.0
76,3,431.7,744.6,272.50000000000006,192.69999999999993,1,1,1.0
76,4,208.2,641.7,166.0,306.5999999999999,1,1,1.0
76,5,346.5,482.9,241.29999999999995,271.80000000000007,1,1,1.0
76,6,543.8,902.9,275.0,140.30000000000007,1,1,1.0
76,7,681.7,711.5,287.69999999999993,241.79999999999995,1,1,1.0
76,8,316.0,988.2,195.2,122.59999999999991,1,1,1.0
76,9,1192.1,594.2,300.0,309.4,1,1,1.0
76,10,672.7,360.6,166.69999999999993,363.69999999999993,1,1,1.0
77,1,1001.8,416.3,218.9000000000001,243.8,1,1,1.0
77,2,181.0,822.5,161.7,263.29999999999995,1,1,1.0
77,3,431.7,744.6,272.50000000000006,192.69999999999993,1,1,1.0
77,4,205.9,661.2,168.29999999999998,284.5,1,1,1.0
77,5,348.6,482.9,239.19999999999993,271.80000000000007,1,1,1.0
77,6,548.3,902.9,268.6,140.30000000000007,1,1,1.0
77,7,677.5,705.7,289.20000000000005,235.89999999999998,1,1,1.0
77,8,276.4,988.2,234.8,131.5999999999999,1,1,1.0
77,9,1238.0,600.6,251.5999999999999,224.0,1,1,1.0
77,10,664.7,405.3,173.39999999999998,318.99999999999994,1,1,1.0
78,1,1001.8,414.7,215.4000000000001,248.90000000000003,1,1,1.0
78,2,172.1,824.6,170.6,266.4,1,1,1.0
78,3,431.7,744.6,272.50000000000006,197.69999999999993,1,1,1.0
78,4,208.4,649.3,165.79999999999998,296.4000000000001,1,1,1.0
78,5,327.7,482.9,264.8,271.80000000000007,1,1,1.0
78,6,551.5,902.9,264.1,140.30000000000007,1,1,1.0
78,7,677.5,707.3,304.1,231.10000000000002,1,1,1.0
78,8,290.7,988.2,171.60000000000002,140.5999999999999,1,1,1.0
78,9,1190.8,621.0,293.10000000000014,174.29999999999995,1,1,1.0
78,10,658.1,389.4,187.10000000000002,316.30000000000007,1,1,1.0
79,1,998.7,417.8,208.5999999999999,241.8,1,1,1.0
79,2,172.1,824.6,170.6,263.2499999999999,1,1,1.0
79,3,427.9,747.1,276.30000000000007,214.0,1,1,1.0
79,4,208.4,640.5,165.79999999999998,305.20000000000005,1,1,1.0
79,5,358.1,482.9,234.39999999999998,269.70000000000005,1,1,1.0
79,6,551.5,902.9,265.4,140.30000000000007,1,1,1.0
79,7,677.5,705.9,290.79999999999995,232.0,1,1,1.0
79,8,290.7,988.2,167.90000000000003,140.5999999999999,1,1,1.0
79,9,1148.1,636.3,340.9000000000001,153.9000000000001,1,1,1.0
79,10,647.9,400.9,202.62,323.0,1,1,1.0
80,1,998.7,417.8,208.5999999999999,241.8,1,1,1.0
80,2,172.1,824.6,170.6,260.1,1,1,1.0
80,3,427.9,747.1,268.80000000000007,214.0,1,1,1.0
80,4,208.4,653.7,165.79999999999998,294.5,1,1,1.0
80,5,331.4,482.9,261.1,274.4,1,1,1.0
80,6,551.5,902.9,264.1,140.30000000000007,1,1,1.0
80,7,674.3,702.5,294.0,230.60000000000002,1,1,1.0
80,8,294.4,988.2,167.90000000000003,140.5999999999999,1,1,1.0
80,9,1155.75,643.93,342.1500000000001,147.57000000000005,1,1,1.0
80,10,655.9,394.3,194.62,319.90000000000003,1,1,1.0
81,1,993.5,417.8,217.5,241.3,1,1,1.0
81,2,172.1,828.8,175.29999999999998,259.60000000000014,1,1,1.0
81,3,438.6,747.1,258.1,217.10000000000002,1,1,1.0
81,4,208.4,663.5,165.79999999999998,284.70000000000005,1,1,1.0
81,5,340.8,482.9,251.7,269.70000000000005,1,1,1.0
81,6,551.5,902.9,264.1,140.30000000000007,1,1,1.0
81,7,674.3,702.5,304.1,225.79999999999995,1,1,1.0
81,8,294.4,988.2,169.5,140.5999999999999,1,1,1.0
81,9,1097.1,628.6,385.5,145.69999999999993,1,1,1.0
81,10,653.2,395.2,200.0,319.00000000000006,1,1,1.0
82,1,993.5,417.8,222.70000000000005,241.3,1,1,1.0
82,2,172.1,828.8,175.29999999999998,266.9000000000001,1,1,1.0
82,3,438.6,740.8,255.60000000000002,219.60000000000002,1,1,1.0
82,4,208.4,673.3,165.79999999999998,274.9000000000001,1,1,1.0
82,5,348.1,482.9,244.39999999999998,269.70000000000005,1,1,1.0
82,6,551.5,902.9,264.70000000000005,140.30000000000007,1,1,1.0
82,7,674.8,700.9,289.80000000000007,227.39999999999998,1,1,1.0
82,8,294.4,988.2,172.20000000000005,140.5999999999999,1,1,1.0
82,9,965.78,621.0,388.02,155.79999999999995,1,1,1.0
82,10,656.3,393.9,200.4000000000001,316.30000000000007,1,1,1.0
83,1,993.5,417.8,217.5,241.3,1,1,1.0
83,2,172.1,828.8,175.29999999999998,262.70000000000005,1,1,1.0
83,3,438.6,746.5,268.19999999999993,203.89999999999998,1,1,1.0
83,4,204.6,656.2,169.6,292.0,1,1,1.0
83,5,358.6,482.9,233.89999999999998,269.70000000000005,1,1,1.0
83,6,551.5,902.9,264.70000000000005,140.30000000000007,1,1,1.0
83,7,670.5,702.0,284.0,226.29999999999995,1,1,1.0
83,8,294.4,988.2,169.5,140.5999999999999,1,1,1.0
83,9,962.0,600.0,332.5,194.70000000000005,1,1,1.0
83,10,662.5,389.5,203.10000000000002,327.29999999999995,1,1,1.0
84,1,993.5,417.8,223.79999999999995,234.99999999999994,1,1,1.0
84,2,171.6,814.1,175.79999999999998,267.4999999999999,1,1,1.0
84,3,438.6,746.5,268.19999999999993,206.39999999999998,1,1,1.0
84,4,204.6,639.9,169.6,308.30000000000007,1,1,1.0
84,5,366.4,488.7,226.10000000000002,259.7,1,1,1.0
84,6,551.5,902.9,263.5,140.30000000000007,1,1,1.0
84,7,672.6,701.5,298.4,226.79999999999995,1,1,1.0
84,8,294.4,988.2,169.5,140.5999999999999,1,1,1.0
84,9,1001.5,600.0,293.0,212.5,1,1,1.0
84,10,664.7,384.2,173.0,344.59999999999997,1,1,1.0
85,1,993.5,421.5,223.79999999999995,235.0,1,1,1.0
85,2,182.1,821.4,194.1,237.69999999999993,1,1,1.0
85,3,431.7,746.3,264.40000000000003,228.60000000000002,1,1,1.0
85,4,204.6,651.2,169.6,297.0,1,1,1.0
85,5,344.4,491.3,248.10000000000002,264.90000000000003,1,1,1.0
85,6,551.5,902.9,265.4,140.30000000000007,1,1,1.0
85,7,674.7,702.6,294.69999999999993,229.39999999999998,1,1,1.0
85,8,294.4,988.2,169.5,140.5999999999999,1,1,1.0
85,9,1009.1,600.0,298.1,215.70000000000005,1,1,1.0
85,10,670.5,388.6,192.39999999999998,332.69999999999993,1,1,1.0
86,1,993.5,421.5,220.0999999999999,235.0,1,1,1.0
86,2,175.8,858.0,195.2,174.9000000000001,1,1,1.0
86,3,431.7,752.8,264.40000000000003,222.10000000000002,1,1,1.0
86,4,190.2,651.2,184.0,280.0,1,1,1.0
86,5,326.6,491.3,265.9,263.3,1,1,1.0
86,6,547.7,902.9,267.9,140.30000000000007,1,1,1.0
86,7,673.6,701.5,298.5,230.5,1,1,1.0
86,8,244.5,995.6,219.39999999999998,130.4999999999999,1,1,1.0
86,9,1016.1,600.0,301.9,206.10000000000002,1,1,1.0
86,10,662.1,457.7,265.4,296.40000000000003,1,1,1.0
87,1,993.5,421.5,220.0999999999999,235.0,1,1,1.0
87,2,195.2,890.97,242.26,142.43000000000006,1,1,1.0
87,3,431.7,752.8,264.40000000000003,222.10000000000002,1,1,1.0
87,4,190.2,657.9,184.0,273.30000000000007,1,1,1.0
87,5,370.6,491.3,221.89999999999998,258.09999999999997,1,1,1.0
87,6,547.7,902.9,269.19999999999993,140.30000000000007,1,1,1.0
87,7,676.3,701.5,304.80000000000007,230.5,1,1,1.0
87,8,267.9,1011.0,192.3,115.09999999999991,1,1,1.0
87,9,1020.6,600.6,301.19999999999993,203.0,1,1,1.0
87,10,621.4,508.2,310.1,262.7,1,1,1.0
88,1,993.5,423.6,215.9000000000001,232.89999999999998,1,1,1.0
88,2,237.06,760.7,230.74,228.2199999999999,1,1,1.0
88,3,437.4,752.8,258.70000000000005,210.80000000000007,1,1,1.0
88,4,192.7,656.2,181.5,278.79999999999995,1,1,1.0
88,5,334.0,491.3,256.9,262.8,1,1,1.0
88,6,547.7,902.9,270.5999999999999,154.30000000000007,1,1,1.0
88,7,676.3,698.8,293.6,233.20000000000005,1,1,1.0
88,8,267.9,1009.4,171.60000000000002,116.69999999999993,1,1,1.0
88,9,1020.6,605.1,295.4999999999999,188.89999999999998,1,1,1.0
88,10,607.7,529.0,357.0,222.39999999999998,1,1,1.0
89,1,993.5,423.6,218.5,232.89999999999998,1,1,1.0
89,2,360.03,670.7,143.37,286.29999999999995,1,1,1.0
89,3,439.9,752.8,256.20000000000005,215.80000000000007,1,1,1.0
89,4,192.7,643.0,171.5,292.0,1,1,1.0
89,5,334.0,493.9,260.0,260.20000000000005,1,1,1.0
89,6,548.4,902.9,262.1,154.30000000000007,1,1,1.0
89,7,676.3,698.8,298.9000000000001,233.20000000000005,1,1,1.0
89,8,267.9,1009.4,171.60000000000002,116.69999999999993,1,1,1.0
89,9,991.3,605.1,321.60000000000014,203.60000000000002,1,1,1.0
89,10,617.9,525.5,346.4,194.89999999999998,1,1,1.0
90,1,985.1,414.2,244.69999999999993,244.40000000000003,1,1,1.0
90,2,300.9,627.26,201.70000000000005,286.31000000000006,1,1,1.0
90,3,426.7,752.8,265.59999999999997,183.80000000000007,1,1,1.0
90,4,197.1,643.0,162.00000000000003,292.0,1,1,1.0
90,5,351.3,493.9,242.7,260.20000000000005,1,1,1.0
90,6,554.1,895.0,255.10000000000002,162.20000000000005,1,1,1.0
90,7,676.3,700.4,253.20000000000005,231.60000000000002,1,1,1.0
90,8,274.3,1013.1,174.8,112.99999999999989,1,1,1.0
90,9,963.9,596.8,316.5000000000001,241.20000000000005,1,1,1.0
90,10,612.1,531.3,327.79999999999995,189.10000000000002,1,1,1.0
91,1,981.6,407.9,236.19999999999993,252.89999999999998,1,1,1.0
91,2,258.0,639.3,247.2,278.5,1,1,1.0
91,3,425.44,752.8,252.45999999999998,183.80000000000007,1,1,1.0
91,4,197.1,666.9,162.00000000000003,268.1,1,1,1.0
91,5,327.2,493.9,265.7,260.20000000000005,1,1,1.0
91,6,564.9,894.2,244.89999999999998,163.0,1,1,1.0
91,7,683.2,691.4,255.29999999999995,257.6,1,1,1.0
91,8,270.0,1013.1,181.2,112.99999999999989,1,1,1.0
91,9,944.1,607.0,336.30000000000007,239.29999999999995,1,1,1.0
91,10,614.8,537.9,322.9000000000001,176.70000000000005,1,1,1.0
92,1,988.2,381.2,222.79999999999995,282.59999999999997,1,1,1.0
92,2,300.9,622.6,208.70000000000005,287.9,1,1,1.0
92,3,425.44,732.7,267.56,207.79999999999995,1,1,1.0
92,4,197.1,669.4,162.00000000000003,265.6,1,1,1.0
92,5,348.7,492.3,243.7,262.8,1,1,1.0
92,6,564.9,895.2,244.89999999999998,153.29999999999995,1,1,1.0
92,7,689.6,688.2,232.39999999999998,275.69999999999993,1,1,1.0
92,8,214.8,1013.1,258.2,119.89999999999998,1,1,1.0
92,9,957.5,607.0,322.9000000000001,239.29999999999995,1,1,1.0
92,10,619.7,537.9,333.5,177.10000000000002,1,1,1.0
93,1,988.2,392.2,222.79999999999995,267.40000000000003,1,1,1.0
93,2,291.0,637.3,221.20000000000005,249.70000000000005,1,1,1.0
93,3,441.8,742.1,249.90000000000003,204.5,1,1,1.0
93,4,203.4,655.0,155.70000000000002,285.0,1,1,1.0
93,5,343.5,489.2,243.70000000000005,262.3,1,1,1.0
93,6,564.9,895.2,250.0,162.0,1,1,1.0
93,7,694.4,683.4,229.20000000000005,271.5,1,1,1.0
93,8,161.7,1006.2,307.6,126.79999999999995,1,1,1.0
93,9,934.6,622.9,345.80000000000007,152.60000000000002,1,1,1.0
93,10,621.9,527.3,308.70000000000005,210.30000000000007,1,1,1.0
94,1,983.5,392.2,223.79999999999995,267.90000000000003,1,1,1.0
94,2,276.3,625.2,242.2,253.39999999999998,1,1,1.0
94,3,441.8,748.4,246.09999999999997,198.20000000000005,1,1,1.0
94,4,203.4,645.6,160.70000000000002,294.4,1,1,1.0
94,5,343.5,488.7,250.5,262.8,1,1,1.0
94,6,563.6,892.0,246.89999999999998,167.79999999999995,1,1,1.0
94,7,691.2,686.1,244.0999999999999,263.0,1,1,1.0
94,8,161.7,982.3,276.8,152.79999999999995,1,1,1.0
94,9,989.4,619.1,331.80000000000007,156.39999999999998,1,1,1.0
94,10,616.6,519.3,312.69999999999993,213.4000000000001,1,1,1.0
95,1,983.5,392.2,223.79999999999995,263.7,1,1,1.0
95,2,298.3,622.1,227.49999999999994,256.5,1,1,1.0
95,3,437.9,748.4,250.0,199.5,1,1,1.0
95,4,203.4,641.2,167.6,298.79999999999995,1,1,1.0
95,5,350.3,488.7,236.90000000000003,257.59999999999997,1,1,1.0
95,6,564.9,892.0,244.89999999999998,167.79999999999995,1,1,1.0
95,7,717.8,701.5,235.0,291.6,1,1,1.0
95,8,161.7,982.3,284.2,128.4000000000001,1,1,1.0
95,9,1138.6,527.3,235.5,268.0,1,1,1.0
95,10,619.7,518.0,328.19999999999993,219.60000000000002,1,1,1.0
96,1,980.4,411.0,233.19999999999993,244.89999999999998,1,1,1.0
96,2,322.4,622.1,203.39999999999998,245.0,1,1,1.0
96,3,441.8,748.4,246.09999999999997,198.20000000000005,1,1,1.0
96,4,205.9,672.0,165.1,268.0,1,1,1.0
96,5,334.1,479.3,246.79999999999995,272.8,1,1,1.0
96,6,564.9,892.6,234.70000000000005,167.19999999999993,1,1,1.0
96,7,740.1,730.7,266.29999999999995,277.19999999999993,1,1,1.0
96,8,156.9,982.3,295.9,119.40000000000009,1,1,1.0
96,9,1174.9,492.9,236.19999999999982,298.6,1,1,1.0
96,10,644.0,510.5,294.6,290.79999999999995,1,1,1.0
97,1,980.4,411.0,233.19999999999993,244.89999999999998,1,1,1.0
97,2,325.5,622.1,208.70000000000005,240.79999999999995,1,1,1.0
97,3,441.8,748.4,246.09999999999997,198.20000000000005,1,1,1.0
97,4,205.9,645.0,165.1,298.1,1,1,1.0
97,5,344.0,484.5,236.89999999999998,267.6,1,1,1.0
97,6,571.9,892.6,224.5,167.19999999999993,1,1,1.0
97,7,733.7,735.0,239.79999999999995,274.70000000000005,1,1,1.0
97,8,139.4,963.2,313.4,117.29999999999995,1,1,1.0
97,9,1180.6,514.6,285.3000000000002,255.89999999999998,1,1,1.0
97,10,644.9,517.1,298.6,266.9,1,1,1.0
98,1,980.4,393.7,233.19999999999993,262.2,1,1,1.0
98,2,272.6,641.5,246.89999999999998,221.39999999999998,1,1,1.0
98,3,441.8,754.1,246.09999999999997,192.5,1,1,1.0
98,4,205.9,649.4,165.1,293.70000000000005,1,1,1.0
98,5,356.0,484.5,235.29999999999995,259.20000000000005,1,1,1.0
98,6,566.2,892.6,229.5999999999999,177.39999999999998,1,1,1.0
98,7,720.4,746.7,253.10000000000002,258.79999999999995,1,1,1.0
98,8,178.2,963.2,273.0,115.70000000000005,1,1,1.0
98,9,1232.2,510.1,264.29999999999995,245.69999999999993,1,1,1.0
98,10,657.7,513.1,294.69999999999993,290.79999999999995,1,1,1.0
99,1,983.5,401.0,234.0,264.29999999999995,1,1,1.0
99,2,251.7,629.5,267.8,228.20000000000005,1,1,1.0
99,3,448.3,754.1,239.59999999999997,196.0,1,1,1.0
99,4,205.9,655.1,165.1,288.0,1,1,1.0
99,5,335.1,484.5,254.69999999999993,262.29999999999995,1,1,1.0
99,6,571.9,892.6,223.20000000000005,166.60000000000002,1,1,1.0
99,7,696.5,760.5,281.6,234.5,1,1,1.0
99,8,178.2,957.9,273.0,129.0000000000001,1,1,1.0
99,9,1229.0,508.2,305.0999999999999,249.50000000000006,1,1,1.0
99,10,671.0,516.6,298.70000000000005,292.6,1,1,1.0
100,1,983.5,392.6,222.29999999999995,272.69999999999993,1,1,1.0
100,2,266.4,629.5,253.10000000000002,223.0,1,1,1.0
100,3,450.6,754.1,237.29999999999995,201.29999999999995,1,1,1.0
100,4,208.4,662.0,160.72,281.70000000000005,1,1,1.0
100,5,344.0,484.5,240.60000000000002,266.5,1,1,1.0
100,6,567.4,892.6,227.10000000000002,179.30000000000007,1,1,1.0
100,7,705.2,743.7,267.19999999999993,247.5,1,1,1.0
100,8,176.1,957.9,275.1,129.0000000000001,1,1,1.0
100,9,1208.6,513.0,292.20000000000005,234.5,1,1,1.0
100,10,685.17,517.5,255.33000000000004,312.1,1,1,1.0
101,1,1011.8,335.6,187.20000000000005,323.9,1,1,1.0
101,2,308.3,637.3,215.90000000000003,212.10000000000002,1,1,1.0
101,3,460.0,754.1,227.89999999999998,209.5,1,1,1.0
101,4,201.5,681.5,167.62,262.20000000000005,1,1,1.0
101,5,358.1,488.2,234.39999999999998,261.2,1,1,1.0
101,6,567.4,890.1,228.39999999999998,181.80000000000007,1,1,1.0
101,7,715.7,740.3,270.0,248.80000000000007,1,1,1.0
101,8,201.1,957.9,250.1,167.19999999999993,1,1,1.0
101,9,1308.0,464.84,249.72000000000003,180.66000000000003,1,1,1.0
101,10,679.4,509.5,265.5,295.79999999999995,1,1,1.0
102,1,972.0,351.8,292.4000000000001,225.09999999999997,1,1,1.0
102,2,254.9,631.2,269.30000000000007,218.19999999999993,1,1,1.0
102,3,461.9,754.1,226.0,215.19999999999993,1,1,1.0
102,4,207.2,681.5,161.92000000000002,262.20000000000005,1,1,1.0
102,5,351.8,491.9,241.2,261.70000000000005,1,1,1.0
102,6,567.4,890.1,228.39999999999998,184.30000000000007,1,1,1.0
102,7,711.4,737.7,267.20000000000005,247.29999999999995,1,1,1.0
102,8,204.8,957.9,246.39999999999998,155.5000000000001,1,1,1.0
102,9,1427.8,445.1,135.0,164.69999999999993,1,1,0.0
102,10,676.7,505.5,284.0999999999999,261.29999999999995,1,1,1.0
103,1,898.2,401.0,352.5999999999999,175.89999999999998,1,1,1.0
103,2,281.1,622.6,243.10000000000002,226.79999999999995,1,1,1.0
103,3,461.9,746.6,226.0,220.79999999999995,1,1,1.0
103,4,201.5,661.4,167.62,284.80000000000007,1,1,1.0
103,5,359.1,495.6,232.89999999999998,253.79999999999995,1,1,1.0
103,6,538.7,890.1,257.0999999999999,151.10000000000002,1,1,1.0
103,7,711.98,733.92,261.72,247.18000000000006,1,1,1.0
103,8,207.5,957.9,222.39999999999998,187.39999999999998,1,1,1.0
103,9,1499.2,466.8,51.59999999999991,61.99999999999994,1,1,0.0
103,10,664.7,485.6,271.29999999999995,290.9,1,1,1.0
104,1,873.1,401.0,325.9,182.20000000000005,1,1,1.0
104,2,302.0,633.1,222.20000000000005,216.29999999999995,1,1,1.0
104,3,464.4,746.6,223.5,218.29999999999995,1,1,1.0
104,4,212.8,658.9,156.32,287.30000000000007,1,1,1.0
104,5,337.6,495.6,254.39999999999998,258.5,1,1,1.0
104,6,564.2,879.9,220.0999999999999,161.30000000000007,1,1,1.0
104,7,713.93,731.46,259.7700000000001,250.74,1,1,1.0
104,8,222.9,852.2,158.1,291.5,1,1,1.0
104,9,1494.7,466.8,53.5,46.099999999999966,1,1,0.0
104,10,656.7,482.5,277.0999999999999,278.1,1,1,1.0
105,1,911.8,363.8,238.5,258.09999999999997,1,1,1.0
105,2,312.5,594.4,211.70000000000005,259.80000000000007,1,1,1.0
105,3,464.4,746.6,224.80000000000007,218.29999999999995,1,1,1.0
105,4,212.8,645.1,156.32,301.1,1,1,1.0
105,5,333.4,490.9,258.6,260.6,1,1,1.0
105,6,569.9,879.9,220.80000000000007,169.60000000000002,1,1,1.0
105,7,713.19,728.62,262.7099999999999,253.17999999999995,1,1,1.0
105,8,234.6,841.0,146.4,273.9000000000001,1,1,1.0
105,9,1508.7,479.5,40.59999999999991,20.69999999999999,1,1,0.0
105,10,659.3,484.6,266.5,294.6,1,1,1.0
106,1,951.6,341.3,197.60000000000002,305.2,1,1,1.0
106,2,317.2,591.8,197.09999999999997,251.30000000000007,1,1,1.0
106,3,464.4,746.6,223.5,218.29999999999995,1,1,1.0
106,4,212.8,641.3,160.09999999999997,304.9000000000001,1,1,1.0
106,5,351.2,490.9,240.8,260.6,1,1,1.0
106,6,569.9,887.6,225.30000000000007,161.89999999999998,1,1,1.0
106,7,723.22,727.6,261.48,260.0,1,1,1.0
106,8,236.2,841.0,144.8,267.5999999999999,1,1,1.0
106,9,1508.7,479.5,40.59999999999991,20.69999999999999,1,1,0.0
106,10,656.7,493.6,310.29999999999995,264.29999999999995,1,1,1.0
107,1,967.8,358.6,153.10000000000014,346.0,1,1,1.0
107,2,317.2,598.1,208.59999999999997,234.5,1,1,1.0
107,3,465.3,746.6,222.59999999999997,220.5,1,1,1.0
107,4,212.8,662.6,162.59999999999997,281.1,1,1,1.0
107,5,326.1,490.9,263.79999999999995,260.6,1,1,1.0
107,6,569.9,887.6,225.30000000000007,161.89999999999998,1,1,1.0
107,7,722.64,730.71,268.46000000000004,257.49,1,1,1.0
107,8,236.2,841.0,144.8,259.79999999999995,1,1,1.0
107,9,1508.7,479.5,40.59999999999991,20.69999999999999,1,1,0.0
107,10,650.1,497.6,301.29999999999995,250.60000000000002,1,1,1.0
108,1,996.06,392.61,173.53999999999996,331.89,1,1,1.0
108,2,310.9,601.2,216.60000000000002,231.39999999999998,1,1,1.0
108,3,466.3,739.1,217.8,234.60000000000002,1,1,1.0
108,4,212.8,655.7,162.59999999999997,288.0,1,1,1.0
108,5,352.8,488.3,237.09999999999997,260.59999999999997,1,1,1.0
108,6,569.9,887.6,235.5,161.89999999999998,1,1,1.0
108,7,720.9,734.5,258.0,255.10000000000002,1,1,1.0
108,8,238.3,841.0,136.3,242.0999999999999,1,1,1.0
108,9,1508.7,479.5,40.59999999999991,20.69999999999999,1,1,0.0
108,10,645.06,497.46,304.24,241.04000000000002,1,1,1.0
109,1,1039.5,438.7,157.29999999999995,292.59999999999997,1,1,1.0
109,2,270.1,616.4,245.19999999999993,209.89999999999998,1,1,1.0
109,3,459.4,729.1,217.80000000000007,249.60000000000002,1,1,1.0
109,4,209.0,670.8,166.39999999999998,272.9000000000001,1,1,1.0
109,5,386.3,470.5,203.59999999999997,278.4,1,1,1.0
109,6,569.9,887.6,235.5,161.89999999999998,1,1,1.0
109,7,716.1,734.5,259.9,249.39999999999998,1,1,1.0
109,8,238.3,850.3,134.7,232.33000000000015,1,1,1.0
109,9,1508.7,479.5,40.59999999999991,20.69999999999999,1,1,0.0
109,10,646.2,498.1,315.4,267.79999999999995,1,1,1.0
110,1,1039.5,435.1,157.29999999999995,322.4,1,1,1.0
110,2,246.0,600.2,260.9,211.39999999999998,1,1,1.0
110,3,448.1,754.8,225.29999999999995,205.10000000000002,1,1,1.0
110,4,200.2,668.9,175.2,272.85,1,1,1.0
110,5,386.3,489.9,203.59999999999997,262.1,1,1,1.0
110,6,561.6,887.6,243.79999999999995,161.89999999999998,1,1,1.0
110,7,712.4,734.5,262.1,252.70000000000005,1,1,1.0
110,8,238.3,856.4,136.3,230.60000000000002,1,1,1.0
110,9,1508.7,479.5,40.59999999999991,20.69999999999999,1,1,0.0
110,10,667.9,503.9,330.9,313.80000000000007,1,1,1.0
111,1,1039.5,443.9,177.20000000000005,367.0,1,1,1.0
111,2,256.5,600.2,245.7,208.79999999999995,1,1,1.0
111,3,443.7,754.8,220.90000000000003,190.0,1,1,1.0
111,4,191.4,667.0,183.99999999999997,272.79999999999995,1,1,1.0
111,5,343.9,489.9,250.70000000000005,259.5,1,1,1.0
111,6,561.6,879.3,243.79999999999995,170.20000000000005,1,1,1.0
111,7,709.2,723.9,254.79999999999995,245.0,1,1,1.0
111,8,221.8,856.4,150.7,239.0000000000001,1,1,1.0
111,9,1508.7,479.5,40.59999999999991,20.69999999999999,1,1,0.0
111,10,671.9,507.9,304.30000000000007,317.80000000000007,1,1,1.0
112,1,1076.65,541.75,207.04999999999995,364.35,1,1,1.0
112,2,262.8,610.1,242.89999999999998,198.89999999999998,1,1,1.0
112,3,439.9,753.1,231.0,194.19999999999993,1,1,1.0
112,4,202.7,673.3,172.7,270.4000000000001,1,1,1.0
112,5,330.8,490.9,259.09999999999997,254.30000000000007,1,1,1.0
112,6,561.6,883.1,243.79999999999995,166.39999999999998,1,1,1.0
112,7,689.5,737.2,274.5,231.69999999999993,1,1,1.0
112,8,175.6,856.4,196.9,239.5000000000001,1,1,1.0
112,9,1508.7,479.5,40.59999999999991,20.69999999999999,1,1,0.0
112,10,675.0,506.1,287.0,305.9,1,1,1.0
113,1,1079.3,543.3,202.79999999999995,346.1,1,1,1.0
113,2,283.2,610.1,232.59999999999997,203.10000000000002,1,1,1.0
113,3,439.9,754.8,239.80000000000007,192.5,1,1,1.0
113,4,208.35,665.15,167.04999999999998,278.55000000000007,1,1,1.0
113,5,344.92,495.61,251.8,242.78999999999996,1,1,1.0
113,6,562.9,883.1,242.5,166.39999999999998,1,1,1.0
113,7,676.2,747.8,294.19999999999993,221.10000000000002,1,1,1.0
113,8,198.4,860.7,177.29999999999998,245.29999999999995,1,1,1.0
113,9,1508.7,479.5,40.59999999999991,20.69999999999999,1,1,0.0
113,10,688.28,495.03,240.12,337.37,1,1,1.0
114,1,1084.0,550.6,200.70000000000005,313.69999999999993,1,1,1.0
114,2,283.2,613.2,228.40000000000003,203.0999999999999,1,1,1.0
114,3,439.0,748.5,246.39999999999998,205.29999999999995,1,1,1.0
114,4,214.0,657.0,161.39999999999998,286.70000000000005,1,1,1.0
114,5,354.9,495.61,240.30000000000007,251.68999999999994,1,1,1.0
114,6,562.9,878.0,248.20000000000005,177.9000000000001,1,1,1.0
114,7,669.8,752.5,299.0,216.39999999999998,1,1,1.0
114,8,198.4,858.0,177.29999999999998,241.5999999999999,1,1,1.0
114,9,1508.7,479.5,40.59999999999991,20.69999999999999,1,1,0.0
114,10,679.0,484.0,256.5,282.4,1,1,1.0
115,1,1090.3,550.1,192.79999999999995,300.6,1,1,1.0
115,2,261.7,608.0,246.2,205.70000000000005,1,1,1.0
115,3,448.7,744.1,231.7,215.10000000000002,1,1,1.0
115,4,214.0,657.0,161.39999999999998,281.0,1,1,1.0
115,5,342.3,495.61,252.90000000000003,257.99,1,1,1.0
115,6,543.1,893.9,262.9,162.0000000000001,1,1,1.0
115,7,675.6,742.4,296.79999999999995,226.5,1,1,1.0
115,8,203.2,858.0,172.5,241.5999999999999,1,1,1.0
115,9,1508.7,479.5,40.59999999999991,20.69999999999999,1,1,0.0
115,10,675.0,498.6,290.6,274.0,1,1,1.0
116,1,1097.1,561.6,206.4000000000001,289.1,1,1,1.0
116,2,255.9,608.0,251.99999999999997,200.5,1,1,1.0
116,3,448.7,744.1,226.7,215.10000000000002,1,1,1.0
116,4,184.5,663.3,190.89999999999998,274.70000000000005,1,1,1.0
116,5,362.7,495.61,232.50000000000006,253.78999999999996,1,1,1.0
116,6,538.6,904.7,267.4,151.20000000000005,1,1,1.0
116,7,682.0,736.6,289.5,232.29999999999995,1,1,1.0
116,8,211.7,855.9,164.0,255.39999999999998,1,1,1.0
116,9,1508.7,479.5,40.59999999999991,20.69999999999999,1,1,0.0
116,10,678.1,537.1,348.19999999999993,228.39999999999998,1,1,1.0
117,1,1101.8,555.3,201.70000000000005,301.70000000000005,1,1,1.0
117,2,295.7,603.8,212.2,204.70000000000005,1,1,1.0
117,3,440.5,747.2,238.70000000000005,207.5999999999999,1,1,1.0
117,4,203.3,663.3,172.09999999999997,278.5,1,1,1.0
117,5,361.1,495.61,234.10000000000002,251.18999999999994,1,1,1.0
117,6,538.6,909.2,267.4,148.5999999999999,1,1,1.0
117,7,685.7,735.0,285.79999999999995,230.70000000000005,1,1,1.0
117,8,206.9,855.9,168.79999999999998,264.4,1,1,1.0
117,9,1508.7,479.5,40.59999999999991,20.69999999999999,1,1,0.0
117,10,712.6,555.2,380.4999999999999,208.0999999999999,1,1,1.0
118,1,1103.9,552.7,199.5999999999999,287.5999999999999,1,1,1.0
118,2,287.3,607.5,220.59999999999997,201.0,1,1,1.0
118,3,440.5,747.2,245.0,207.5999999999999,1,1,1.0
118,4,193.3,663.3,182.09999999999997,279.80000000000007,1,1,1.0
118,5,363.7,495.61,231.50000000000006,251.18999999999994,1,1,1.0
118,6,538.6,909.2,274.4,151.79999999999995,1,1,1.0
118,7,694.7,730.2,230.0,277.0999999999999,1,1,1.0
118,8,206.9,855.9,168.79999999999998,258.6,1,1,1.0
118,9,1508.7,479.5,40.59999999999991,20.69999999999999,1,1,0.0
118,10,706.4,569.8,348.19999999999993,170.0,1,1,1.0
119,1,1097.1,559.0,215.30000000000018,279.20000000000005,1,1,1.0
119,2,302.5,607.5,205.39999999999998,201.0,1,1,1.0
119,3,440.5,747.2,241.89999999999998,207.5999999999999,1,1,1.0
119,4,215.9,642.6,159.49999999999997,299.19999999999993,1,1,1.0
119,5,368.4,499.8,226.80000000000007,253.8,1,1,1.0
119,6,526.5,901.5,286.5,159.5,1,1,1.0
119,7,702.1,724.4,229.0,270.0,1,1,1.0
119,8,186.2,861.7,189.5,243.79999999999995,1,1,1.0
119,9,1508.7,479.5,40.59999999999991,20.69999999999999,1,1,0.0
119,10,699.8,573.3,365.4000000000001,164.70000000000005,1,1,1.0
120,1,1086.2,575.2,256.5999999999999,249.89999999999998,1,1,1.0
120,2,296.7,607.5,217.50000000000006,198.39999999999998,1,1,1.0
120,3,440.5,747.2,241.29999999999995,207.5999999999999,1,1,1.0
120,4,215.9,648.9,159.49999999999997,287.9,1,1,1.0
120,5,368.4,499.8,226.80000000000007,253.8,1,1,1.0
120,6,480.0,911.1,303.0,133.30000000000007,1,1,1.0
120,7,705.8,720.2,226.9000000000001,288.5,1,1,1.0
120,8,235.6,849.0,140.1,286.79999999999995,1,1,1.0
120,9,1508.7,479.5,40.59999999999991,20.69999999999999,1,1,0.0
120,10,750.7,598.1,387.5999999999999,139.89999999999998,1,1,1.0
