1,1,296.2,604.7,348.3,176.79999999999995,1,1,1.0
1,2,285.6,808.3,267.69999999999993,156.0,1,1,1.0
1,3,570.0,665.6,296.1,175.0,1,1,1.0
1,4,745.1,850.2,333.80000000000007,167.89999999999998,1,1,1.0
1,5,1130.2,481.3,219.39999999999986,266.7,1,1,1.0
1,6,1142.6,721.4,344.3000000000002,143.5,1,1,1.0
1,7,1343.6,494.1,166.80000000000018,296.19999999999993,1,1,1.0
1,8,1466.2,345.7,83.09999999999991,277.40000000000003,1,1,1.0
2,1,305.9,597.8,335.80000000000007,180.20000000000005,1,1,1.0
2,2,296.6,808.3,246.79999999999995,156.0,1,1,1.0
2,3,573.8,659.3,291.70000000000005,162.5,1,1,1.0
2,4,760.2,845.7,313.39999999999986,176.19999999999993,1,1,1.0
2,5,1127.9,470.8,224.0,277.99999999999994,1,1,1.0
2,6,1154.5,721.4,333.70000000000005,143.5,1,1,1.0
2,7,1348.9,507.7,189.39999999999986,281.8,1,1,1.0
2,8,1466.8,344.4,87.79999999999995,280.0,1,1,1.0
3,1,305.9,595.0,324.0,199.70000000000005,1,1,1.0
3,2,302.4,807.8,231.60000000000002,145.5,1,1,1.0
3,3,581.3,661.8,288.0,159.30000000000007,1,1,1.0
3,4,750.4,854.0,259.20000000000005,180.70000000000005,1,1,1.0
3,5,1133.9,482.1,221.0,270.5,1,1,1.0
3,6,1134.4,725.2,353.79999999999995,141.0,1,1,1.0
3,7,1348.9,510.7,178.79999999999995,278.00000000000006,1,1,1.0
3,8,1466.8,344.4,91.25,280.6,1,1,1.0
4,1,306.6,595.0,315.0,199.70000000000005,1,1,1.0
4,2,304.5,810.4,225.79999999999995,146.0,1,1,1.0
4,3,584.4,662.4,277.4,160.60000000000002,1,1,1.0
4,4,751.9,817.8,235.80000000000007,240.29999999999995,1,1,1.0
4,5,1135.4,482.1,218.69999999999982,274.29999999999995,1,1,1.0
4,6,1201.6,709.5,286.60000000000014,156.70000000000005,1,1,1.0
4,7,1348.9,509.9,182.5999999999999,284.1,1,1,1.0
4,8,1466.8,344.4,94.70000000000005,256.80000000000007,1,1,1.0
4,9,1549.7,553.3,8.299999999999955,10.600000000000023,1,1,0.0
5,1,302.4,595.0,315.70000000000005,202.5,1,1,1.0
5,2,301.9,816.1,279.70000000000005,145.0,1,1,1.0
5,3,566.8,660.5,297.5,153.70000000000005,1,1,1.0
5,4,743.6,829.1,232.79999999999995,228.9999999999999,1,1,1.0
5,5,1142.9,493.4,212.69999999999982,247.20000000000005,1,1,1.0
5,6,1180.3,728.3,308.5,139.20000000000005,1,1,1.0
5,7,1348.9,512.2,196.19999999999982,290.0,1,1,1.0
5,8,1468.7,344.4,93.39999999999986,285.70000000000005,1,1,1.0
5,9,1549.35,550.99,8.410000000000082,11.909999999999968,1,1,0.0
6,1,302.4,595.0,287.9,192.79999999999995,1,1,1.0
6,2,297.7,805.6,283.90000000000003,157.60000000000002,1,1,1.0
6,3,568.7,588.9,325.69999999999993,235.30000000000007,1,1,1.0
6,4,732.3,835.1,249.4000000000001,214.69999999999993,1,1,1.0
6,5,1188.9,494.2,178.0,248.7,1,1,1.0
6,6,1199.1,735.8,292.20000000000005,137.4000000000001,1,1,1.0
6,7,1353.4,512.2,191.69999999999982,291.5,1,1,1.0
6,8,1462.4,324.3,99.69999999999982,300.09999999999997,1,1,1.0
6,9,1549.0,548.68,8.519999999999982,13.210000000000036,1,1,0.0
7,1,301.7,595.0,323.3,208.79999999999995,1,1,1.0
7,2,308.2,808.7,292.2,160.19999999999993,1,1,1.0
7,3,636.5,506.0,259.79999999999995,315.1,1,1,1.0
7,4,741.3,847.9,298.4000000000001,203.39999999999998,1,1,1.0
7,5,1188.2,494.2,179.5,247.2,1,1,1.0
7,6,1208.5,730.1,289.70000000000005,146.19999999999993,1,1,1.0
7,7,1356.4,513.7,187.89999999999986,290.79999999999995,1,1,1.0
7,8,1358.2,342.5,195.70000000000005,234.20000000000005,1,1,1.0
7,9,1548.65,546.37,8.629999999999882,14.519999999999982,1,1,0.0
8,1,301.7,595.0,314.3,204.0,1,1,1.0
8,2,311.9,800.3,289.0,171.20000000000005,1,1,1.0
8,3,642.8,508.5,264.20000000000005,291.29999999999995,1,1,1.0
8,4,736.0,857.7,323.29999999999995,169.5,1,1,1.0
8,5,1167.1,496.5,195.30000000000018,253.20000000000005,1,1,1.0
8,6,1201.6,725.1,292.8000000000002,153.10000000000002,1,1,1.0
8,7,1358.7,515.2,172.0,287.0,1,1,1.0
8,8,1329.9,334.9,221.5,189.70000000000005,1,1,1.0
8,9,1548.3,544.06,8.740000000000009,15.82000000000005,1,1,0.0
9,1,304.5,595.0,339.29999999999995,201.20000000000005,1,1,1.0
9,2,316.6,794.0,282.69999999999993,178.5,1,1,1.0
9,3,638.4,478.4,283.0,303.20000000000005,1,1,1.0
9,4,756.3,869.0,316.60000000000014,171.0,1,1,1.0
9,5,1167.1,498.0,186.30000000000018,274.29999999999995,1,1,1.0
9,6,1205.3,730.8,284.70000000000005,142.4000000000001,1,1,1.0
9,7,1353.4,515.2,182.5,284.0,1,1,1.0
9,8,1303.5,351.2,249.20000000000005,172.09999999999997,1,1,1.0
9,9,1547.95,541.74,8.849999999999909,17.139999999999986,1,1,0.0
10,1,308.0,594.3,333.70000000000005,193.60000000000002,1,1,1.0
10,2,310.8,797.1,288.49999999999994,175.39999999999998,1,1,1.0
10,3,750.8,444.5,269.20000000000005,246.67999999999995,1,1,1.0
10,4,749.5,861.5,308.29999999999995,169.5,1,1,1.0
10,5,1161.8,490.5,185.60000000000014,287.79999999999995,1,1,1.0
10,6,1214.2,730.8,280.79999999999995,140.5,1,1,1.0
10,7,1342.8,515.2,193.9000000000001,284.0,1,1,1.0
10,8,1309.8,346.2,239.79999999999995,168.90000000000003,1,1,1.0
10,9,1547.6,539.43,8.960000000000036,18.440000000000055,1,1,0.0
11,1,303.1,596.4,331.69999999999993,195.70000000000005,1,1,1.0
11,2,315.0,809.7,291.6,166.5,1,1,1.0
11,3,828.7,381.1,227.70000000000005,220.29999999999995,1,1,1.0
11,4,752.5,871.3,279.70000000000005,173.20000000000005,1,1,1.0
11,5,1137.7,482.2,223.29999999999995,292.3,1,1,1.0
11,6,1211.7,728.9,283.29999999999995,147.39999999999998,1,1,1.0
11,7,1342.8,512.9,188.60000000000014,286.30000000000007,1,1,1.0
11,8,1317.3,343.1,236.10000000000014,190.19999999999993,1,1,1.0
11,9,1547.25,537.12,9.069999999999936,19.75,1,1,0.0
12,1,298.9,598.5,330.30000000000007,183.89999999999998,1,1,1.0
12,2,306.6,810.7,293.69999999999993,158.69999999999993,1,1,1.0
12,3,757.7,475.3,230.89999999999998,230.3,1,1,1.0
12,4,726.9,832.9,236.0,228.89999999999998,1,1,1.0
12,5,1183.7,466.4,181.79999999999995,274.9,1,1,1.0
12,6,1198.5,735.2,298.4000000000001,145.5,1,1,1.0
12,7,1354.1,515.2,174.30000000000018,284.0,1,1,1.0
12,8,1310.4,343.1,243.0,188.89999999999998,1,1,1.0
12,9,1546.9,534.81,9.179999999999836,21.050000000000068,1,1,0.0
13,1,297.5,599.8,328.9,181.20000000000005,1,1,1.0
13,2,308.2,813.8,285.82,148.30000000000007,1,1,1.0
13,3,765.2,501.1,225.89999999999998,222.10000000000002,1,1,1.0
13,4,700.5,771.1,196.79999999999995,356.30000000000007,1,1,1.0
13,5,1183.7,449.8,173.5,313.40000000000003,1,1,1.0
13,6,1198.5,735.8,316.0,161.20000000000005,1,1,1.0
13,7,1350.3,515.2,206.70000000000005,287.79999999999995,1,1,1.0
13,8,1326.7,340.6,226.70000000000005,197.69999999999993,1,1,1.0
13,9,1546.55,532.5,9.289999999999964,22.360000000000014,1,1,0.0
14,1,303.7,599.8,339.40000000000003,193.0,1,1,1.0
14,2,309.8,811.2,291.49999999999994,153.0,1,1,1.0
14,3,765.2,508.0,225.89999999999998,213.89999999999998,1,1,1.0
14,4,703.5,664.9,137.29999999999995,371.30000000000007,1,1,1.0
14,5,1183.7,435.5,175.0,340.5,1,1,1.0
14,6,1214.2,732.7,310.29999999999995,159.29999999999995,1,1,1.0
14,7,1350.3,512.2,214.20000000000005,290.79999999999995,1,1,1.0
14,8,1317.3,340.6,236.10000000000014,191.39999999999998,1,1,1.0
14,9,1546.2,530.19,9.399999999999864,23.659999999999968,1,1,0.0
15,1,303.7,599.1,325.59999999999997,186.69999999999993,1,1,1.0
15,2,308.8,809.6,292.49999999999994,153.0,1,1,1.0
15,3,770.9,500.5,220.20000000000005,221.39999999999998,1,1,1.0
15,4,671.9,563.9,154.60000000000002,393.9,1,1,1.0
15,5,1183.7,473.2,168.20000000000005,308.8,1,1,1.0
15,6,1206.0,733.3,315.4000000000001,152.4000000000001,1,1,1.0
15,7,1350.3,512.2,202.9000000000001,290.79999999999995,1,1,1.0
15,8,1311.0,340.6,242.4000000000001,188.89999999999998,1,1,1.0
15,9,1545.85,527.88,9.509999999999991,24.970000000000027,1,1,0.0
16,1,302.3,598.4,324.90000000000003,181.80000000000007,1,1,1.0
16,2,303.0,807.5,298.29999999999995,155.10000000000002,1,1,1.0
16,3,819.9,501.8,188.70000000000005,225.09999999999997,1,1,1.0
16,4,669.6,468.2,156.10000000000002,350.2,1,1,1.0
16,5,1183.7,474.7,169.70000000000005,309.59999999999997,1,1,1.0
16,6,1203.5,739.6,300.9000000000001,238.39999999999998,1,1,1.0
16,7,1347.3,510.7,184.0,290.00000000000006,1,1,1.0
16,8,1311.0,340.6,241.0999999999999,188.89999999999998,1,1,1.0
16,9,1545.5,525.57,9.61999999999989,26.269999999999982,1,1,0.0
17,1,307.9,594.9,314.4,200.60000000000002,1,1,1.0
17,2,305.0,811.7,300.0,153.0,1,1,1.0
17,3,830.6,499.9,186.19999999999993,213.20000000000005,1,1,1.0
17,4,662.8,410.2,268.4000000000001,277.09999999999997,1,1,1.0
17,5,1183.7,479.2,171.0999999999999,308.09999999999997,1,1,1.0
17,6,1190.3,734.6,322.9000000000001,253.39999999999998,1,1,1.0
17,7,1347.3,510.7,196.0,290.00000000000006,1,1,1.0
17,8,1311.0,342.5,241.0999999999999,189.5,1,1,1.0
17,9,1545.15,523.26,9.730000000000018,27.58000000000004,1,1,0.0
18,1,307.9,594.9,324.1,195.0,1,1,1.0
18,2,317.6,757.8,284.29999999999995,209.5,1,1,1.0
18,3,819.3,509.9,210.70000000000005,205.70000000000005,1,1,1.0
18,4,704.2,361.2,293.30999999999995,207.8,1,1,1.0
18,5,1182.9,473.2,172.69999999999982,315.59999999999997,1,1,1.0
18,6,1223.6,728.3,282.70000000000005,226.4000000000001,1,1,1.0
18,7,1347.3,510.7,196.0,290.00000000000006,1,1,1.0
18,8,1311.0,339.4,241.0999999999999,191.30000000000007,1,1,1.0
18,9,1544.8,520.94,9.840000000000146,28.889999999999986,1,1,0.0
19,1,312.8,591.4,312.3,186.0,1,1,1.0
19,2,328.6,816.4,296.79999999999995,149.30000000000007,1,1,1.0
19,3,803.6,510.5,286.69999999999993,206.39999999999998,1,1,1.0
19,4,720.8,358.9,309.9000000000001,173.89999999999998,1,1,1.0
19,5,1182.9,477.0,172.69999999999982,311.0,1,1,1.0
19,6,1228.0,729.6,270.79999999999995,199.39999999999998,1,1,1.0
19,7,1347.3,513.7,181.70000000000005,287.79999999999995,1,1,1.0
19,8,1311.0,339.4,241.0999999999999,191.30000000000007,1,1,1.0
19,9,1544.45,518.63,9.950000000000045,30.200000000000045,1,1,0.0
20,1,327.4,590.0,328.9,195.70000000000005,1,1,1.0
20,2,352.7,790.7,315.09999999999997,175.5,1,1,1.0
20,3,803.6,520.5,294.9,175.10000000000002,1,1,1.0
20,4,717.8,358.9,312.9000000000001,167.10000000000002,1,1,1.0
20,5,1181.4,472.5,172.69999999999982,314.0,1,1,1.0
20,6,1231.1,725.8,258.9000000000001,201.9000000000001,1,1,1.0
20,7,1347.3,515.2,183.20000000000005,284.0,1,1,1.0
20,8,1311.0,323.1,241.0999999999999,207.60000000000002,1,1,1.0
20,9,1544.1,516.32,10.060000000000173,31.5,1,1,0.0
21,1,338.5,599.7,271.29999999999995,210.29999999999995,1,1,1.0
21,2,525.38,686.0,204.12,301.13,1,1,1.0
21,3,813.6,522.4,284.30000000000007,173.20000000000005,1,1,1.0
21,4,753.2,357.4,346.0999999999999,147.5,1,1,1.0
21,5,1182.9,472.5,168.19999999999982,314.0,1,1,1.0
21,6,1222.3,735.8,291.60000000000014,150.5,1,1,1.0
21,7,1347.3,512.9,189.20000000000005,283.30000000000007,1,1,1.0
21,8,1310.4,327.5,241.69999999999982,203.20000000000005,1,1,1.0
21,9,1543.75,514.01,10.170000000000073,32.81000000000006,1,1,0.0
22,1,337.1,605.9,264.4,228.39999999999998,1,1,1.0
22,2,586.1,669.8,151.79999999999995,298.0,1,1,1.0
22,3,813.0,523.7,278.0999999999999,173.19999999999993,1,1,1.0
22,4,842.1,372.5,343.1,133.2,1,1,1.0
22,5,1182.9,474.8,170.5,309.40000000000003,1,1,1.0
22,6,1206.0,735.2,312.9000000000001,161.0999999999999,1,1,1.0
22,7,1347.3,511.4,190.70000000000005,282.5,1,1,1.0
22,8,1313.85,324.35,238.25,202.25,1,1,1.0
22,9,1543.4,511.7,10.279999999999973,34.10999999999996,1,1,0.0
23,1,396.1,595.5,206.79999999999995,284.6,1,1,1.0
23,2,588.0,669.8,149.89999999999998,298.6,1,1,1.0
23,3,814.3,523.7,274.29999999999995,173.79999999999995,1,1,1.0
23,4,908.4,350.6,276.80000000000007,145.29999999999995,1,1,1.0
23,5,1182.9,479.3,170.5,304.90000000000003,1,1,1.0
23,6,1231.7,734.6,288.5,178.0,1,1,1.0
23,7,1347.3,511.4,193.70000000000005,281.70000000000005,1,1,1.0
23,8,1317.3,321.2,234.79999999999995,201.3,1,1,1.0
23,9,1543.05,509.39,10.3900000000001,35.41999999999996,1,1,0.0
24,1,439.8,574.7,173.49999999999994,265.79999999999995,1,1,1.0
24,2,588.0,657.2,158.0,320.5999999999999,1,1,1.0
24,3,811.8,523.7,265.5,173.79999999999995,1,1,1.0
24,4,924.2,333.3,261.0,161.09999999999997,1,1,1.0
24,5,1182.1,480.1,174.30000000000018,306.4,1,1,1.0
24,6,1226.0,734.6,294.20000000000005,226.39999999999998,1,1,1.0
24,7,1347.3,511.4,195.20000000000005,278.70000000000005,1,1,1.0
24,8,1316.0,321.2,231.70000000000005,195.00000000000006,1,1,1.0
24,9,1542.7,507.08,10.5,36.71999999999997,1,1,0.0
25,1,460.6,573.3,162.41999999999996,261.6,1,1,1.0
25,2,574.8,672.8,166.20000000000005,308.20000000000005,1,1,1.0
25,3,813.7,523.1,273.5999999999999,164.39999999999998,1,1,1.0
25,4,919.7,331.8,273.79999999999995,161.09999999999997,1,1,1.0
25,5,1180.6,473.3,167.5,300.40000000000003,1,1,1.0
25,6,1236.0,720.2,299.29999999999995,158.5,1,1,1.0
25,7,1347.3,511.4,191.4000000000001,273.4,1,1,1.0
25,8,1316.0,321.2,233.0,195.00000000000006,1,1,1.0
25,9,1534.4,552.4,26.59999999999991,36.80000000000007,1,1,0.0
26,1,482.1,563.6,138.10000000000002,293.5,1,1,1.0
26,2,587.4,696.7,151.70000000000005,286.79999999999995,1,1,1.0
26,3,812.4,523.1,270.5000000000001,164.39999999999998,1,1,1.0
26,4,912.2,341.6,273.0,154.29999999999995,1,1,1.0
26,5,1182.1,473.3,166.0,285.3,1,1,1.0
26,6,1245.4,716.4,301.1999999999998,134.70000000000005,1,1,1.0
26,7,1347.3,512.2,192.9000000000001,269.5999999999999,1,1,1.0
26,8,1314.7,321.2,235.5999999999999,193.09999999999997,1,1,1.0
26,9,1542.3,571.24,23.40000000000009,38.860000000000014,1,1,0.0
27,1,483.5,531.0,144.20000000000005,275.4,1,1,1.0
27,2,574.2,681.6,163.5999999999999,313.79999999999995,1,1,1.0
27,3,801.1,525.0,277.9999999999999,170.0,1,1,1.0
27,4,907.7,343.1,304.5999999999999,153.59999999999997,1,1,1.0
27,5,1213.0,447.7,163.0,310.2,1,1,1.0
27,6,1214.6,720.8,335.8000000000002,129.70000000000005,1,1,1.0
27,7,1365.4,513.7,174.79999999999995,268.0999999999999,1,1,1.0
27,8,1314.1,327.5,236.20000000000005,186.79999999999995,1,1,1.0
27,9,1537.94,558.57,23.399999999999864,33.42999999999995,1,1,0.0
28,1,485.6,526.8,135.10000000000002,266.4000000000001,1,1,1.0
28,2,579.2,674.1,164.79999999999995,294.9,1,1,1.0
28,3,799.2,518.1,269.29999999999995,181.89999999999998,1,1,1.0
28,4,910.0,355.9,309.79999999999995,150.60000000000002,1,1,1.0
28,5,1213.0,452.2,160.0,309.50000000000006,1,1,1.0
28,6,1214.0,722.7,334.5,128.39999999999998,1,1,1.0
28,7,1365.4,512.9,180.79999999999995,267.4,1,1,1.0
28,8,1318.5,317.5,229.29999999999995,194.89999999999998,1,1,1.0
28,9,1533.58,545.9,23.40000000000009,28.00999999999999,1,1,0.0
29,1,464.8,546.2,160.09999999999997,274.69999999999993,1,1,1.0
29,2,570.4,676.0,174.89999999999998,338.20000000000005,1,1,1.0
29,3,797.9,517.5,273.1,192.5,1,1,1.0
29,4,908.5,359.7,310.5,169.40000000000003,1,1,1.0
29,5,1214.5,455.2,156.20000000000005,312.50000000000006,1,1,1.0
29,6,1217.7,722.7,331.39999999999986,127.09999999999991,1,1,1.0
29,7,1365.4,511.4,178.5,266.6,1,1,1.0
29,8,1318.5,308.7,231.20000000000005,211.2,1,1,1.0
29,9,1539.43,556.17,19.529999999999973,22.75999999999999,1,1,0.0
30,1,446.1,592.7,175.29999999999995,236.5,1,1,1.0
30,2,591.7,689.8,163.0,342.0,1,1,1.0
30,3,801.0,514.4,272.5,206.30000000000007,1,1,1.0
30,4,910.0,355.2,297.70000000000005,158.09999999999997,1,1,1.0
30,5,1211.4,456.7,154.79999999999995,302.00000000000006,1,1,1.0
30,6,1207.6,724.6,345.3000000000002,127.69999999999993,1,1,1.0
30,7,1363.1,512.9,180.80000000000018,262.1,1,1,1.0
30,8,1310.3,335.1,239.4000000000001,182.29999999999995,1,1,1.0
30,9,1545.29,566.45,15.650000000000091,17.5,1,1,0.0
31,1,447.5,562.8,208.60000000000002,208.80000000000007,1,1,1.0
31,2,584.8,706.7,168.0,331.29999999999995,1,1,1.0
31,3,804.8,513.1,237.29999999999995,208.19999999999993,1,1,1.0
31,4,919.0,348.4,289.5,160.40000000000003,1,1,1.0
31,5,1212.9,462.7,154.0999999999999,298.3,1,1,1.0
31,6,1206.4,725.2,342.6999999999998,129.0,1,1,1.0
31,7,1363.1,514.4,168.70000000000005,260.6,1,1,1.0
31,8,1310.3,342.0,239.4000000000001,175.39999999999998,1,1,1.0
31,9,1551.14,576.72,11.779999999999973,12.259999999999991,1,1,0.0
32,1,437.1,544.1,211.39999999999998,228.89999999999998,1,1,1.0
32,2,591.7,708.0,166.0999999999999,330.0,1,1,1.0
32,3,808.6,518.1,218.39999999999998,220.19999999999993,1,1,1.0
32,4,913.7,346.9,294.79999999999995,160.40000000000003,1,1,1.0
32,5,1215.2,463.5,150.29999999999995,285.4,1,1,1.0
32,6,1225.8,725.8,328.4000000000001,123.40000000000009,1,1,1.0
32,7,1363.1,514.4,172.5,265.1,1,1,1.0
32,8,1307.8,337.0,241.9000000000001,180.39999999999998,1,1,1.0
32,9,1557.0,587.0,7.900000000000091,7.0,1,1,0.0
33,1,438.5,535.1,210.70000000000005,242.10000000000002,1,1,1.0
33,2,594.8,692.9,161.10000000000002,343.80000000000007,1,1,1.0
33,3,814.3,491.8,192.0,257.2,1,1,1.0
33,4,909.9,350.7,316.69999999999993,158.10000000000002,1,1,1.0
33,5,1215.2,459.7,152.5999999999999,321.59999999999997,1,1,1.0
33,6,1279.2,720.8,298.20000000000005,153.5,1,1,1.0
33,7,1363.9,512.9,183.79999999999995,252.30000000000007,1,1,1.0
33,8,1307.8,328.2,242.5,193.00000000000006,1,1,1.0
33,9,1555.74,582.44,8.440000000000055,9.019999999999982,1,1,0.0
34,1,438.5,528.9,209.29999999999995,250.39999999999998,1,1,1.0
34,2,591.0,681.0,153.60000000000002,316.79999999999995,1,1,1.0
34,3,818.7,465.4,187.0,286.70000000000005,1,1,1.0
34,4,908.4,353.7,300.9,176.2,1,1,1.0
34,5,1210.7,458.2,158.5999999999999,333.59999999999997,1,1,1.0
34,6,1255.3,721.4,322.10000000000014,144.10000000000002,1,1,1.0
34,7,1363.9,512.9,187.5999999999999,252.30000000000007,1,1,1.0
34,8,1314.1,333.9,238.10000000000014,193.0,1,1,1.0
34,9,1554.48,577.88,8.970000000000027,11.029999999999973,1,1,0.0
35,1,486.4,526.1,163.39999999999998,283.1,1,1,1.0
35,2,602.3,652.7,142.30000000000007,305.5,1,1,1.0
35,3,843.8,444.7,165.0,308.00000000000006,1,1,1.0
35,4,904.6,356.7,305.4999999999999,177.00000000000006,1,1,1.0
35,5,1207.0,459.0,162.29999999999995,339.6,1,1,1.0
35,6,1255.3,721.4,322.10000000000014,134.10000000000002,1,1,1.0
35,7,1363.9,512.9,174.0,252.30000000000007,1,1,1.0
35,8,1314.1,332.0,238.10000000000014,198.0,1,1,1.0
35,9,1553.22,573.32,9.509999999999991,13.049999999999955,1,1,0.0
36,1,505.1,539.3,142.60000000000002,319.9000000000001,1,1,1.0
36,2,599.8,626.3,144.80000000000007,327.5,1,1,1.0
36,3,860.1,429.0,135.5,251.5,1,1,1.0
36,4,899.3,356.7,311.60000000000014,180.8,1,1,1.0
36,5,1206.2,459.0,164.5999999999999,341.1,1,1,1.0
36,6,1252.8,719.5,324.60000000000014,129.70000000000005,1,1,1.0
36,7,1356.4,503.1,175.5,273.4,1,1,1.0
36,8,1312.2,327.0,240.0,206.10000000000002,1,1,1.0
36,9,1551.96,568.75,10.049999999999955,15.080000000000041,1,1,0.0
37,1,474.5,599.0,150.29999999999995,261.6,1,1,1.0
37,2,617.4,542.8,119.70000000000005,322.5,1,1,1.0
37,3,862.6,418.3,133.60000000000002,252.2,1,1,1.0
37,4,894.8,356.7,316.10000000000014,180.8,1,1,1.0
37,5,1207.7,446.9,160.79999999999995,357.0,1,1,1.0
37,6,1252.8,728.3,324.60000000000014,124.70000000000005,1,1,1.0
37,7,1353.4,494.1,184.5,282.4,1,1,1.0
37,8,1312.2,336.4,236.89999999999986,165.90000000000003,1,1,1.0
37,9,1550.69,564.19,10.589999999999918,17.089999999999918,1,1,0.0
38,1,471.7,580.9,167.00000000000006,267.20000000000005,1,1,1.0
38,2,510.9,464.9,218.0,236.5,1,1,1.0
38,3,862.6,424.6,130.5,242.10000000000002,1,1,1.0
38,4,891.8,356.7,319.79999999999995,182.3,1,1,1.0
38,5,1206.9,455.2,159.29999999999995,346.40000000000003,1,1,1.0
38,6,1244.0,734.6,308.29999999999995,181.19999999999993,1,1,1.0
38,7,1353.4,496.4,178.5,280.1,1,1,1.0
38,8,1308.4,309.4,235.0,182.90000000000003,1,1,1.0
38,9,1549.43,559.63,11.129999999999882,19.110000000000014,1,1,0.0
39,1,502.3,581.6,137.8,265.1,1,1,1.0
39,2,533.2,464.9,193.79999999999995,208.89999999999998,1,1,1.0
39,3,862.6,424.6,131.10000000000002,242.10000000000002,1,1,1.0
39,4,892.6,352.2,314.4,187.59999999999997,1,1,1.0
39,5,1206.1,452.2,163.10000000000014,342.59999999999997,1,1,1.0
39,6,1208.2,729.6,216.0,279.1,1,1,1.0
39,7,1354.2,465.5,158.89999999999986,317.79999999999995,1,1,1.0
39,8,1310.0,343.4,226.0,139.5,1,1,1.0
39,9,1548.17,555.07,11.669999999999845,21.120000000000005,1,1,0.0
40,1,496.7,575.4,133.59999999999997,281.0,1,1,1.0
40,2,510.6,464.9,210.69999999999993,207.60000000000002,1,1,1.0
40,3,828.7,383.2,192.5999999999999,250.8,1,1,1.0
40,4,897.1,349.2,299.30000000000007,196.59999999999997,1,1,1.0
40,5,1189.5,437.1,179.70000000000005,360.69999999999993,1,1,1.0
40,6,1203.2,716.4,207.20000000000005,306.1,1,1,1.0
40,7,1354.2,503.2,176.20000000000005,280.09999999999997,1,1,1.0
40,8,1303.2,331.9,233.29999999999995,141.60000000000002,1,1,1.0
40,9,1546.91,550.51,12.199999999999818,23.139999999999986,1,1,0.0
41,1,491.8,571.9,137.8,263.70000000000005,1,1,1.0
41,2,507.5,456.1,199.39999999999998,181.19999999999993,1,1,1.0
41,3,801.1,353.1,225.89999999999998,258.9,1,1,1.0
41,4,912.2,343.2,281.89999999999986,213.09999999999997,1,1,1.0
41,5,1183.5,433.3,181.20000000000005,367.49999999999994,1,1,1.0
41,6,1176.2,696.9,222.89999999999986,355.69999999999993,1,1,1.0
41,7,1348.9,514.5,181.5,268.0,1,1,1.0
41,8,1298.5,331.9,239.0,141.60000000000002,1,1,1.0
41,9,1545.65,545.95,12.740000000000009,25.159999999999968,1,1,0.0
42,1,493.2,571.9,133.59999999999997,271.30000000000007,1,1,1.0
42,2,508.8,455.5,196.2,179.89999999999998,1,1,1.0
42,3,872.1,432.8,176.19999999999993,250.8,1,1,1.0
42,4,952.1,313.1,266.9,253.79999999999995,1,1,1.0
42,5,1183.5,435.6,177.4000000000001,368.19999999999993,1,1,1.0
42,6,1176.2,695.0,204.70000000000005,354.5,1,1,1.0
42,7,1348.9,510.0,189.0,226.5,1,1,1.0
42,8,1298.5,331.9,239.0,141.60000000000002,1,1,1.0
42,9,1544.39,541.38,13.279999999999973,27.17999999999995,1,1,0.0
43,1,496.0,571.9,137.0,284.6,1,1,1.0
43,2,507.5,455.5,192.5,182.39999999999998,1,1,1.0
43,3,872.1,413.3,176.19999999999993,275.3,1,1,1.0
43,4,928.0,349.3,283.5,200.99999999999994,1,1,1.0
43,5,1183.5,447.7,175.9000000000001,360.59999999999997,1,1,1.0
43,6,1175.6,688.1,197.10000000000014,377.69999999999993,1,1,1.0
43,7,1350.4,507.0,187.5,222.70000000000005,1,1,1.0
43,8,1290.1,334.5,244.30000000000018,155.2,1,1,1.0
43,9,1543.13,536.82,13.809999999999945,29.199999999999932,1,1,0.0
44,1,494.6,574.7,138.39999999999998,293.5,1,1,1.0
44,2,501.2,457.4,191.3,167.30000000000007,1,1,1.0
44,3,872.1,413.3,176.19999999999993,279.7,1,1,1.0
44,4,933.5,332.0,278.0,208.5,1,1,1.0
44,5,1183.5,447.7,175.9000000000001,362.90000000000003,1,1,1.0
44,6,1190.7,691.2,173.20000000000005,344.5,1,1,1.0
44,7,1348.9,507.0,191.29999999999995,222.70000000000005,1,1,1.0
44,8,1301.1,336.6,233.30000000000018,151.0,1,1,1.0
44,9,1541.87,532.26,14.350000000000136,31.220000000000027,1,1,0.0
45,1,493.2,578.9,147.50000000000006,292.0,1,1,1.0
45,2,499.9,456.8,181.89999999999998,167.3,1,1,1.0
45,3,872.7,413.3,175.5999999999999,284.7,1,1,1.0
45,4,954.6,327.85,258.05000000000007,211.14999999999998,1,1,1.0
45,5,1182.7,456.7,173.70000000000005,354.7,1,1,1.0
45,6,1195.7,685.5,165.70000000000005,368.4000000000001,1,1,1.0
45,7,1351.2,509.3,189.0,222.7,1,1,1.0
45,8,1311.5,339.2,222.9000000000001,148.40000000000003,1,1,1.0
45,9,1540.61,527.7,14.8900000000001,33.229999999999905,1,1,0.0
46,1,493.9,578.9,148.20000000000005,266.30000000000007,1,1,1.0
46,2,461.6,453.7,225.89999999999998,167.90000000000003,1,1,1.0
46,3,872.1,422.7,171.19999999999993,275.3,1,1,1.0
46,4,944.5,323.7,269.29999999999995,213.8,1,1,1.0
46,5,1182.7,461.2,171.39999999999986,350.2,1,1,1.0
46,6,1198.2,685.5,153.20000000000005,362.0999999999999,1,1,1.0
46,7,1346.7,510.8,193.5,224.99999999999994,1,1,1.0
46,8,1304.2,350.1,230.20000000000005,140.09999999999997,1,1,1.0
46,9,1541.02,527.68,14.3900000000001,32.49000000000001,1,1,0.0
47,1,493.2,580.3,148.2,246.20000000000005,1,1,1.0
47,2,424.6,449.9,263.5,157.30000000000007,1,1,1.0
47,3,875.9,425.2,169.89999999999998,270.90000000000003,1,1,1.0
47,4,945.3,322.9,269.25,213.80000000000007,1,1,1.0
47,5,1181.2,457.4,175.89999999999986,354.0,1,1,1.0
47,6,1197.6,678.6,150.70000000000005,338.19999999999993,1,1,1.0
47,7,1351.2,510.8,190.5,224.2,1,1,1.0
47,8,1320.9,350.1,216.0999999999999,138.5,1,1,1.0
47,9,1541.43,527.67,13.889999999999873,31.74000000000001,1,1,0.0
48,1,487.0,582.4,162.0,246.89999999999998,1,1,1.0
48,2,383.8,453.7,323.8,126.50000000000006,1,1,1.0
48,3,876.5,427.7,172.4000000000001,265.90000000000003,1,1,1.0
48,4,938.5,322.9,273.0,211.5,1,1,1.0
48,5,1181.2,454.4,166.0999999999999,360.0,1,1,1.0
48,6,1197.6,678.6,155.10000000000014,313.69999999999993,1,1,1.0
48,7,1351.2,510.8,190.5,224.2,1,1,1.0
48,8,1318.8,350.1,220.29999999999995,142.2,1,1,1.0
48,9,1541.85,527.65,13.38000000000011,30.99000000000001,1,1,0.0
49,1,484.9,596.3,150.20000000000005,241.30000000000007,1,1,1.0
49,2,333.6,444.9,278.6,188.0,1,1,1.0
49,3,879.0,439.0,171.20000000000005,254.60000000000002,1,1,1.0
49,4,935.5,320.6,273.0,210.79999999999995,1,1,1.0
49,5,1181.2,454.4,166.0999999999999,358.5,1,1,1.0
49,6,1197.6,680.5,157.0,336.29999999999995,1,1,1.0
49,7,1351.2,510.8,189.70000000000005,226.49999999999994,1,1,1.0
49,8,1318.8,350.1,220.29999999999995,142.2,1,1,1.0
49,9,1542.26,527.63,12.8900000000001,30.25,1,1,0.0
50,1,489.1,599.1,151.60000000000002,269.1,1,1,1.0
50,2,224.3,505.2,290.59999999999997,184.2,1,1,1.0
50,3,879.0,432.1,175.5999999999999,261.5,1,1,1.0
50,4,939.3,318.3,271.5,214.59999999999997,1,1,1.0
50,5,1181.2,461.9,166.0999999999999,352.5,1,1,1.0
50,6,1197.6,680.5,157.0,345.0999999999999,1,1,1.0
50,7,1351.2,510.8,186.70000000000005,232.49999999999994,1,1,1.0
50,8,1318.8,350.1,220.29999999999995,142.2,1,1,1.0
50,9,1542.67,527.62,12.389999999999873,29.5,1,1,0.0
51,1,489.1,604.7,151.60000000000002,276.0,1,1,1.0
51,2,206.1,497.1,300.6,196.69999999999993,1,1,1.0
51,3,880.9,439.0,175.0000000000001,257.1,1,1,1.0
51,4,935.5,318.3,273.79999999999995,215.40000000000003,1,1,1.0
51,5,1181.2,474.7,164.5999999999999,339.7,1,1,1.0
51,6,1200.6,670.5,134.5,362.0999999999999,1,1,1.0
51,7,1351.2,512.3,187.5,231.80000000000007,1,1,1.0
51,8,1318.8,338.1,219.79999999999995,166.2,1,1,1.0
51,9,1543.09,527.6,11.88000000000011,28.75,1,1,0.0
52,1,489.8,611.0,151.59999999999997,271.79999999999995,1,1,1.0
52,2,203.0,497.1,303.7,216.19999999999993,1,1,1.0
52,3,863.3,390.6,190.10000000000014,311.79999999999995,1,1,1.0
52,4,937.0,317.5,272.29999999999995,217.70000000000005,1,1,1.0
52,5,1181.9,470.2,164.69999999999982,343.40000000000003,1,1,1.0
52,6,1202.1,666.0,125.5,371.0999999999999,1,1,1.0
52,7,1349.7,512.3,189.0,227.30000000000007,1,1,1.0
52,8,1318.8,338.1,219.79999999999995,178.19999999999993,1,1,1.0
52,9,1543.5,527.58,11.38000000000011,28.00999999999999,1,1,0.0
53,1,491.9,613.1,149.5,266.19999999999993,1,1,1.0
53,2,206.8,502.1,261.0,233.79999999999995,1,1,1.0
53,3,833.8,359.2,179.4000000000001,298.59999999999997,1,1,1.0
53,4,935.5,316.0,273.79999999999995,216.20000000000005,1,1,1.0
53,5,1181.9,470.2,164.69999999999982,343.40000000000003,1,1,1.0
53,6,1190.8,661.5,145.79999999999995,346.20000000000005,1,1,1.0
53,7,1350.5,510.0,188.20000000000005,227.29999999999995,1,1,1.0
53,8,1319.8,335.5,215.70000000000005,179.20000000000005,1,1,1.0
53,9,1543.5,528.94,11.38000000000011,31.6099999999999,1,1,0.0
54,1,493.3,613.1,148.09999999999997,274.5,1,1,1.0
54,2,193.0,497.1,248.39999999999998,245.69999999999993,1,1,1.0
54,3,817.5,363.6,146.10000000000002,309.29999999999995,1,1,1.0
54,4,935.5,316.8,273.79999999999995,214.59999999999997,1,1,1.0
54,5,1181.9,470.2,164.69999999999982,343.40000000000003,1,1,1.0
54,6,1199.1,666.1,203.80000000000018,279.1,1,1,1.0
54,7,1351.3,513.0,187.4000000000001,231.79999999999995,1,1,1.0
54,8,1319.8,335.5,211.0,179.20000000000005,1,1,1.0
54,9,1543.5,530.3,11.38000000000011,35.200000000000045,1,1,0.0
55,1,494.0,613.1,146.70000000000005,292.6,1,1,1.0
55,2,193.0,510.9,244.60000000000002,248.20000000000005,1,1,1.0
55,3,819.4,383.7,144.20000000000005,293.00000000000006,1,1,1.0
55,4,936.3,319.1,273.79999999999995,216.79999999999995,1,1,1.0
55,5,1181.9,462.7,163.89999999999986,350.90000000000003,1,1,1.0
55,6,1197.6,648.0,221.80000000000018,250.5,1,1,1.0
55,7,1350.5,513.0,188.20000000000005,234.79999999999995,1,1,1.0
55,8,1319.8,328.2,211.0,186.50000000000006,1,1,1.0
55,9,1542.15,533.0,14.539999999999964,37.950000000000045,1,1,0.0
56,1,494.0,613.1,146.70000000000005,276.0,1,1,1.0
56,2,197.4,514.0,240.20000000000002,245.10000000000002,1,1,1.0
56,3,821.9,391.9,148.0,274.1,1,1,1.0
56,4,934.8,325.9,276.10000000000014,210.80000000000007,1,1,1.0
56,5,1181.1,480.0,164.70000000000005,332.1,1,1,1.0
56,6,1199.1,683.4,228.60000000000014,278.4,1,1,1.0
56,7,1344.5,513.0,206.20000000000005,224.29999999999995,1,1,1.0
56,8,1312.0,328.2,220.4000000000001,191.2,1,1,1.0
56,9,1540.8,535.7,17.700000000000045,40.69999999999993,1,1,0.0
57,1,494.0,613.1,146.70000000000005,267.69999999999993,1,1,1.0
57,2,197.4,514.0,240.20000000000002,252.60000000000002,1,1,1.0
57,3,821.9,390.6,150.5,261.0,1,1,1.0
57,4,934.0,319.9,277.70000000000005,218.30000000000007,1,1,1.0
57,5,1181.9,495.8,166.19999999999982,316.3,1,1,1.0
57,6,1177.2,691.7,227.0999999999999,334.89999999999986,1,1,1.0
57,7,1344.5,513.0,206.20000000000005,224.29999999999995,1,1,1.0
57,8,1311.0,328.2,221.4000000000001,191.2,1,1,1.0
57,9,1535.6,540.4,22.90000000000009,29.700000000000045,1,1,0.0
58,1,493.2,613.1,148.3,271.5,1,1,1.0
58,2,197.4,516.5,238.9,250.10000000000002,1,1,1.0
58,3,816.2,378.7,150.5,271.00000000000006,1,1,1.0
58,4,934.0,319.9,276.20000000000005,216.80000000000007,1,1,1.0
58,5,1181.1,510.9,165.5,304.20000000000005,1,1,1.0
58,6,1177.2,690.2,218.0999999999999,343.20000000000005,1,1,1.0
58,7,1344.5,516.0,206.20000000000005,227.29999999999995,1,1,1.0
58,8,1311.0,325.6,221.4000000000001,201.10000000000002,1,1,1.0
58,9,1507.3,535.7,62.700000000000045,94.09999999999991,1,1,0.0
59,1,494.7,612.3,146.00000000000006,277.6,1,1,1.0
59,2,197.4,522.2,240.79999999999998,247.5,1,1,1.0
59,3,814.9,378.7,142.39999999999998,286.09999999999997,1,1,1.0
59,4,932.5,328.2,277.70000000000005,208.50000000000006,1,1,1.0
59,5,1176.6,511.7,180.5,303.40000000000003,1,1,1.0
59,6,1190.8,688.7,182.60000000000014,359.79999999999995,1,1,1.0
59,7,1341.5,513.7,212.20000000000005,228.0999999999999,1,1,1.0
59,8,1313.1,328.2,219.30000000000018,178.60000000000002,1,1,1.0
59,9,1502.1,515.3,65.30000000000018,101.90000000000009,1,1,0.0
60,1,493.9,614.6,146.80000000000007,271.5,1,1,1.0
60,2,241.3,531.0,210.09999999999997,240.0,1,1,1.0
60,3,734.5,402.6,229.70000000000005,279.79999999999995,1,1,1.0
60,4,927.2,328.2,283.0,206.2,1,1,1.0
60,5,1175.1,510.9,186.5,305.70000000000005,1,1,1.0
60,6,1187.8,681.2,170.5,359.79999999999995,1,1,1.0
60,7,1343.0,512.2,207.70000000000005,238.5999999999999,1,1,1.0
60,8,1313.6,328.2,221.9000000000001,165.0,1,1,1.0
60,9,1517.3,492.3,44.299999999999955,122.80000000000001,1,1,0.0
61,1,496.1,618.3,146.89999999999998,248.20000000000005,1,1,1.0
61,2,257.6,536.0,194.39999999999998,238.10000000000002,1,1,1.0
61,3,619.6,404.5,322.6,173.70000000000005,1,1,1.0
61,4,933.2,328.2,279.29999999999995,206.2,1,1,1.0
61,5,1181.9,497.3,166.0999999999999,326.8,1,1,1.0
61,6,1176.5,686.5,175.0,349.20000000000005,1,1,1.0
61,7,1343.0,512.2,207.70000000000005,243.89999999999998,1,1,1.0
61,8,1316.7,328.2,223.0,164.5,1,1,1.0
61,9,1510.0,472.4,46.90000000000009,101.39999999999998,1,1,0.0
62,1,491.6,617.5,149.89999999999998,255.0,1,1,1.0
62,2,253.8,537.3,198.2,233.0,1,1,1.0
62,3,574.4,414.5,378.5,181.20000000000005,1,1,1.0
62,4,930.9,334.2,286.9,197.2,1,1,1.0
62,5,1183.4,500.3,160.0999999999999,322.3,1,1,1.0
62,6,1144.1,690.3,193.80000000000018,355.20000000000005,1,1,1.0
62,7,1343.0,512.2,209.20000000000005,246.19999999999993,1,1,1.0
62,8,1316.7,328.2,223.0,165.5,1,1,1.0
62,9,1510.0,472.4,47.40000000000009,101.39999999999998,1,1,0.0
63,1,496.9,616.7,149.10000000000002,263.29999999999995,1,1,1.0
63,2,252.5,541.1,202.60000000000002,225.39999999999998,1,1,1.0
63,3,553.0,430.8,389.20000000000005,196.3,1,1,1.0
63,4,933.2,335.0,280.0999999999999,194.89999999999998,1,1,1.0
63,5,1181.9,499.5,159.29999999999995,320.79999999999995,1,1,1.0
63,6,1128.3,697.1,200.60000000000014,361.9999999999999,1,1,1.0
63,7,1343.0,512.2,209.20000000000005,242.39999999999998,1,1,1.0
63,8,1318.3,328.2,221.4000000000001,166.5,1,1,1.0
63,9,1510.0,460.9,49.5,118.10000000000002,1,1,0.0
64,1,500.7,616.7,142.3,269.29999999999995,1,1,1.0
64,2,225.5,535.4,223.3,233.60000000000002,1,1,1.0
64,3,623.3,425.8,315.1,238.99999999999994,1,1,1.0
64,4,925.7,337.3,286.0999999999999,192.59999999999997,1,1,1.0
64,5,1182.7,494.2,160.0,326.09999999999997,1,1,1.0
64,6,1153.9,695.6,175.0,362.69999999999993,1,1,1.0
64,7,1343.0,515.2,210.70000000000005,242.39999999999998,1,1,1.0
64,8,1318.3,328.2,221.4000000000001,166.5,1,1,1.0
64,9,1509.0,460.9,51.5,119.10000000000002,1,1,0.0
65,1,499.9,616.7,143.10000000000002,270.0999999999999,1,1,1.0
65,2,237.4,553.6,205.1,266.9,1,1,1.0
65,3,636.5,407.0,288.1,264.1,1,1,1.0
65,4,927.2,338.1,283.79999999999995,192.60000000000002,1,1,1.0
65,5,1181.9,504.0,163.79999999999995,316.29999999999995,1,1,1.0
65,6,1136.6,719.0,200.60000000000014,337.79999999999995,1,1,1.0
65,7,1343.0,513.7,207.70000000000005,243.89999999999998,1,1,1.0
65,8,1318.3,329.2,221.4000000000001,165.5,1,1,1.0
65,9,1518.4,466.1,42.09999999999991,113.89999999999998,1,1,0.0
66,1,499.9,617.5,143.10000000000002,269.29999999999995,1,1,1.0
66,2,246.8,568.0,175.59999999999997,313.4,1,1,1.0
66,3,663.5,419.6,178.79999999999995,320.6,1,1,1.0
66,4,924.9,338.9,284.6,192.60000000000002,1,1,1.0
66,5,1183.4,504.0,162.29999999999995,317.1,1,1,1.0
66,6,1132.1,719.0,207.4000000000001,309.9000000000001,1,1,1.0
66,7,1343.0,513.7,207.70000000000005,243.89999999999998,1,1,1.0
66,8,1323.0,330.2,220.4000000000001,163.5,1,1,1.0
66,9,1476.0,475.0,89.70000000000005,144.79999999999995,1,1,0.0
67,1,499.9,614.5,143.10000000000002,258.0,1,1,1.0
67,2,248.7,601.9,141.0,324.70000000000005,1,1,1.0
67,3,663.5,446.7,163.0,353.8,1,1,1.0
67,4,927.9,341.9,281.6,189.60000000000002,1,1,1.0
67,5,1175.1,496.5,171.4000000000001,322.29999999999995,1,1,1.0
67,6,1112.4,724.3,225.5999999999999,317.4000000000001,1,1,1.0
67,7,1343.0,513.7,206.20000000000005,246.89999999999998,1,1,1.0
67,8,1314.6,332.8,228.80000000000018,160.89999999999998,1,1,1.0
67,9,1514.3,476.3,50.100000000000136,122.80000000000001,1,1,0.0
68,1,496.9,614.5,144.60000000000002,258.0,1,1,1.0
68,2,247.4,620.7,178.1,306.5999999999999,1,1,1.0
68,3,670.3,507.7,160.70000000000005,429.90000000000003,1,1,1.0
68,4,919.6,348.6,289.9,182.89999999999998,1,1,1.0
68,5,1175.1,500.3,181.9000000000001,316.99999999999994,1,1,1.0
68,6,1107.2,719.0,226.29999999999995,309.0999999999999,1,1,1.0
68,7,1343.0,516.7,200.20000000000005,253.69999999999993,1,1,1.0
68,8,1314.6,332.8,228.30000000000018,165.09999999999997,1,1,1.0
68,9,1513.0,476.3,51.40000000000009,123.40000000000003,1,1,0.0
69,1,495.4,617.5,146.10000000000002,260.29999999999995,1,1,1.0
69,2,254.3,603.8,177.5,310.30000000000007,1,1,1.0
69,3,708.7,622.2,156.19999999999993,419.39999999999986,1,1,1.0
69,4,918.1,343.3,288.4,192.7,1,1,1.0
69,5,1171.3,512.4,185.70000000000005,298.12,1,1,1.0
69,6,1179.5,713.0,154.0,317.4000000000001,1,1,1.0
69,7,1352.8,513.7,190.4000000000001,245.39999999999998,1,1,1.0
69,8,1314.6,334.4,228.30000000000018,163.5,1,1,1.0
69,9,1510.5,476.3,56.40000000000009,140.99999999999994,1,1,0.0
70,1,493.9,617.5,146.80000000000007,237.70000000000005,1,1,1.0
70,2,236.7,612.6,195.10000000000002,300.9,1,1,1.0
70,3,706.4,659.1,190.89999999999998,398.4,1,1,1.0
70,4,916.6,343.3,289.9,192.7,1,1,1.0
70,5,1171.3,505.6,185.70000000000005,307.9,1,1,1.0
70,6,1181.8,719.0,157.0,312.9000000000001,1,1,1.0
70,7,1351.3,516.0,197.9000000000001,240.79999999999995,1,1,1.0
70,8,1314.6,334.4,228.30000000000018,168.70000000000005,1,1,1.0
70,9,1518.7,470.6,48.200000000000045,161.79999999999995,1,1,0.0
71,1,493.9,615.2,145.30000000000007,243.79999999999995,1,1,1.0
71,2,236.7,617.6,195.10000000000002,295.9,1,1,1.0
71,3,707.2,663.6,188.5999999999999,371.9999999999999,1,1,1.0
71,4,916.6,344.8,286.9,182.90000000000003,1,1,1.0
71,5,1171.3,513.8,168.4000000000001,301.20000000000005,1,1,1.0
71,6,1163.7,704.7,167.5999999999999,334.0,1,1,1.0
71,7,1352.8,516.0,196.4000000000001,240.79999999999995,1,1,1.0
71,8,1312.5,336.0,224.0999999999999,158.7,1,1,1.0
71,9,1520.6,476.9,46.30000000000018,158.60000000000002,1,1,0.0
72,1,490.1,613.7,143.10000000000002,261.0999999999999,1,1,1.0
72,2,233.6,617.6,198.20000000000002,278.29999999999995,1,1,1.0
72,3,715.5,663.6,189.29999999999995,386.30000000000007,1,1,1.0
72,4,915.8,350.8,291.4000000000001,173.90000000000003,1,1,1.0
72,5,1167.5,511.5,173.70000000000005,300.5,1,1,1.0
72,6,1128.3,697.2,209.0,312.9,1,1,1.0
72,7,1351.3,515.2,197.9000000000001,241.5999999999999,1,1,1.0
72,8,1318.8,336.0,223.0,154.0,1,1,1.0
72,9,1511.8,481.3,58.200000000000045,141.59999999999997,1,1,0.0
73,1,490.1,616.0,145.39999999999998,255.79999999999995,1,1,1.0
73,2,233.6,619.5,198.20000000000002,276.4,1,1,1.0
73,3,701.94,671.9,205.15999999999997,353.80000000000007,1,1,1.0
73,4,914.3,350.8,294.4000000000001,170.09999999999997,1,1,1.0
73,5,1159.2,514.5,181.20000000000005,299.79999999999995,1,1,1.0
73,6,1156.2,703.2,172.89999999999986,309.19999999999993,1,1,1.0
73,7,1348.2,519.7,198.70000000000005,235.5999999999999,1,1,1.0
73,8,1318.8,336.0,223.0,170.7,1,1,1.0
73,9,1486.1,483.2,78.90000000000009,125.90000000000003,1,1,0.0
74,1,493.9,618.3,144.60000000000002,238.4000000000001,1,1,1.0
74,2,256.8,620.1,175.0,306.6,1,1,1.0
74,3,701.9,687.7,179.60000000000002,373.39999999999986,1,1,1.0
74,4,908.3,353.8,316.20000000000005,173.09999999999997,1,1,1.0
74,5,1145.6,514.5,198.60000000000014,289.29999999999995,1,1,1.0
74,6,1153.2,703.2,175.89999999999986,322.0,1,1,1.0
74,7,1349.0,512.9,197.9000000000001,242.39999999999998,1,1,1.0
74,8,1315.7,336.0,226.0999999999999,162.89999999999998,1,1,1.0
74,9,1465.4,475.7,99.59999999999991,128.40000000000003,1,1,0.0
75,1,494.7,616.8,146.09999999999997,234.60000000000002,1,1,1.0
75,2,246.1,622.6,185.70000000000002,295.4,1,1,1.0
75,3,701.9,714.1,212.80000000000007,346.19999999999993,1,1,1.0
75,4,912.8,355.3,311.70000000000005,173.09999999999997,1,1,1.0
75,5,1150.9,516.8,194.0999999999999,290.80000000000007,1,1,1.0
75,6,1161.5,688.9,170.5999999999999,337.80000000000007,1,1,1.0
75,7,1345.2,514.4,199.39999999999986,236.39999999999998,1,1,1.0
75,8,1315.7,339.1,223.0,159.79999999999995,1,1,1.0
75,9,1446.6,468.8,116.5,127.80000000000001,1,1,0.0
76,1,498.5,610.8,149.79999999999995,249.60000000000002,1,1,1.0
76,2,247.4,622.6,184.4,297.9,1,1,1.0
76,3,701.9,714.1,215.10000000000002,347.69999999999993,1,1,1.0
76,4,914.3,356.1,302.70000000000005,177.60000000000002,1,1,1.0
76,5,1141.1,516.8,207.0,286.30000000000007,1,1,1.0
76,6,1141.9,700.2,169.0999999999999,328.0,1,1,1.0
76,7,1345.2,515.2,197.0999999999999,251.39999999999998,1,1,1.0
76,8,1305.8,342.2,228.20000000000005,159.3,1,1,1.0
76,9,1436.6,449.3,122.70000000000005,127.80000000000001,1,1,0.0
77,1,501.5,598.7,155.10000000000002,264.69999999999993,1,1,1.0
77,2,248.0,625.1,183.8,296.69999999999993,1,1,1.0
77,3,701.9,714.1,234.70000000000005,353.69999999999993,1,1,1.0
77,4,914.3,356.1,302.70000000000005,177.60000000000002,1,1,1.0
77,5,1120.0,515.3,225.0999999999999,273.5,1,1,1.0
77,6,1175.8,702.5,145.70000000000005,330.20000000000005,1,1,1.0
77,7,1345.2,516.7,195.5999999999999,254.39999999999998,1,1,1.0
77,8,1297.4,343.8,232.89999999999986,154.0,1,1,1.0
77,9,1428.4,434.9,129.0,139.70000000000005,1,1,0.0
78,1,461.6,655.2,215.29999999999995,231.5999999999999,1,1,1.0
78,2,248.0,625.7,183.8,296.0999999999999,1,1,1.0
78,3,699.6,720.1,250.60000000000002,340.19999999999993,1,1,1.0
78,4,914.3,356.1,302.70000000000005,177.60000000000002,1,1,1.0
78,5,1133.6,515.3,211.5,277.30000000000007,1,1,1.0
78,6,1215.0,653.6,186.4000000000001,326.4,1,1,1.0
78,7,1345.2,518.2,189.5999999999999,261.9,1,1,1.0
78,8,1319.4,319.7,207.79999999999995,160.3,1,1,1.0
78,9,1412.1,432.4,145.30000000000018,136.5,1,1,0.0
79,1,431.5,642.4,251.39999999999998,202.20000000000005,1,1,1.0
79,2,246.7,624.4,185.10000000000002,290.5,1,1,1.0
79,3,677.0,746.5,280.70000000000005,365.79999999999995,1,1,1.0
79,4,913.5,354.6,324.5999999999999,176.79999999999995,1,1,1.0
79,5,1134.4,517.6,211.5,266.69999999999993,1,1,1.0
79,6,1169.0,667.9,270.0999999999999,207.39999999999998,1,1,1.0
79,7,1345.2,509.2,184.29999999999995,272.40000000000003,1,1,1.0
79,8,1318.8,334.9,211.0,146.10000000000002,1,1,1.0
79,9,1375.7,441.8,178.5999999999999,112.69999999999999,1,1,0.0
80,1,420.2,652.2,301.8,180.29999999999995,1,1,1.0
80,2,246.1,624.4,185.70000000000002,290.5,1,1,1.0
80,3,667.2,760.8,278.4,331.9000000000001,1,1,1.0
80,4,912.0,354.6,323.79999999999995,187.29999999999995,1,1,1.0
80,5,1151.0,482.9,216.0,241.10000000000002,1,1,1.0
80,6,1103.4,702.6,368.89999999999986,142.60000000000002,1,1,1.0
80,7,1362.5,495.7,159.5,290.40000000000003,1,1,1.0
80,8,1311.0,319.2,217.79999999999995,144.0,1,1,1.0
80,9,1334.9,418.6,211.19999999999982,100.10000000000002,1,1,0.0
81,1,414.2,662.7,295.00000000000006,171.29999999999995,1,1,1.0
81,2,246.1,624.4,185.70000000000002,290.5,1,1,1.0
81,3,671.7,755.5,234.69999999999993,282.20000000000005,1,1,1.0
81,4,912.0,354.6,311.0,191.10000000000002,1,1,1.0
81,5,1190.2,447.5,185.79999999999995,296.79999999999995,1,1,1.0
81,6,955.7,591.1,326.70000000000005,181.0,1,1,1.0
81,7,1352.0,495.7,170.0,293.40000000000003,1,1,1.0
81,8,1314.1,315.0,210.5,138.8,1,1,1.0
81,9,1335.5,407.3,210.5999999999999,118.99999999999994,1,1,0.0
82,1,419.5,654.4,301.79999999999995,184.89999999999998,1,1,1.0
82,2,246.1,624.4,185.70000000000002,288.0,1,1,1.0
82,3,674.0,748.0,255.79999999999995,286.70000000000005,1,1,1.0
82,4,914.3,355.4,307.20000000000005,178.20000000000005,1,1,1.0
82,5,1204.5,452.8,158.70000000000005,320.09999999999997,1,1,1.0
82,6,652.0,559.5,378.70000000000005,135.79999999999995,1,1,1.0
82,7,1349.7,496.5,171.5,296.4,1,1,1.0
82,8,1312.0,302.4,207.4000000000001,162.90000000000003,1,1,1.0
82,9,1334.9,390.3,211.19999999999982,135.99999999999994,1,1,0.0
83,1,429.3,636.3,259.59999999999997,209.80000000000007,1,1,1.0
83,2,246.1,624.4,185.70000000000002,279.20000000000005,1,1,1.0
83,3,674.0,750.3,282.9,284.4000000000001,1,1,1.0
83,4,911.3,358.4,316.20000000000005,194.80000000000007,1,1,1.0
83,5,1188.7,455.0,178.29999999999995,315.6,1,1,1.0
83,6,633.9,566.3,347.1,147.80000000000007,1,1,1.0
83,7,1348.9,509.3,172.29999999999995,274.59999999999997,1,1,1.0
83,8,1312.0,310.8,207.4000000000001,156.59999999999997,1,1,1.0
83,9,1334.9,396.0,211.19999999999982,137.70000000000005,1,1,0.0
84,1,435.3,624.2,238.49999999999994,243.79999999999995,1,1,1.0
84,2,246.1,624.4,185.70000000000002,279.80000000000007,1,1,1.0
84,3,661.2,753.3,285.9,280.60000000000014,1,1,1.0
84,4,911.3,360.7,308.70000000000005,182.7,1,1,1.0
84,5,1181.9,452.7,186.5999999999999,317.09999999999997,1,1,1.0
84,6,615.1,568.6,355.4,148.5,1,1,1.0
84,7,1348.1,509.3,173.10000000000014,282.90000000000003,1,1,1.0
84,8,1312.0,310.8,207.4000000000001,151.89999999999998,1,1,1.0
84,9,1326.1,397.3,218.70000000000005,131.40000000000003,1,1,0.0
85,1,435.3,619.7,243.8,237.79999999999995,1,1,1.0
85,2,244.8,624.4,187.0,270.4,1,1,1.0
85,3,665.7,756.3,239.19999999999993,334.10000000000014,1,1,1.0
85,4,909.8,360.7,310.20000000000005,200.00000000000006,1,1,1.0
85,5,1176.6,452.65,193.41000000000008,314.85,1,1,1.0
85,6,656.5,536.2,320.79999999999995,183.89999999999998,1,1,1.0
85,7,1348.1,509.3,172.30000000000018,287.40000000000003,1,1,1.0
85,8,1315.7,310.8,203.70000000000005,151.89999999999998,1,1,1.0
85,9,1326.1,397.3,218.70000000000005,131.99999999999994,1,1,0.0
86,1,436.1,619.0,251.19999999999993,220.39999999999998,1,1,1.0
86,2,245.4,626.9,186.4,277.9,1,1,1.0
86,3,694.3,743.5,202.30000000000007,374.79999999999995,1,1,1.0
86,4,909.8,360.7,310.20000000000005,170.59999999999997,1,1,1.0
86,5,1172.8,451.1,199.5,311.9,1,1,1.0
86,6,605.3,565.6,378.0,145.5,1,1,1.0
86,7,1346.6,509.3,173.80000000000018,287.40000000000003,1,1,1.0
86,8,1319.9,310.8,199.5,151.89999999999998,1,1,1.0
86,9,1327.05,398.25,217.75,131.64999999999998,1,1,0.0
87,1,442.1,610.0,240.69999999999993,246.0,1,1,1.0
87,2,247.9,628.2,183.9,278.5,1,1,1.0
87,3,695.1,746.5,226.39999999999998,373.29999999999995,1,1,1.0
87,4,912.8,360.7,307.20000000000005,181.90000000000003,1,1,1.0
87,5,1177.3,448.8,192.70000000000005,321.7,1,1,1.0
87,6,638.5,559.6,341.0,162.79999999999995,1,1,1.0
87,7,1344.3,519.1,192.70000000000005,280.6,1,1,1.0
87,8,1319.9,315.5,202.0999999999999,140.39999999999998,1,1,1.0
87,9,1328.0,399.2,216.79999999999995,132.59999999999997,1,1,0.0
88,1,470.7,605.5,196.3,294.20000000000005,1,1,1.0
88,2,245.4,630.0,186.4,263.5,1,1,1.0
88,3,701.1,758.6,182.0,286.6,1,1,1.0
88,4,907.5,360.7,310.9000000000001,184.90000000000003,1,1,1.0
88,5,1189.4,463.1,180.5999999999999,309.69999999999993,1,1,1.0
88,6,649.0,558.1,329.0,174.10000000000002,1,1,1.0
88,7,1344.3,520.6,204.0,276.1,1,1,1.0
88,8,1315.2,315.5,208.39999999999986,133.60000000000002,1,1,1.0
88,9,1350.0,399.2,194.79999999999995,133.90000000000003,1,1,0.0
89,1,527.2,613.0,171.5,289.0,1,1,1.0
89,2,245.4,630.0,186.4,263.5,1,1,1.0
89,3,696.6,764.6,180.5,287.4,1,1,1.0
89,4,908.3,360.7,310.9000000000001,184.09999999999997,1,1,1.0
89,5,1186.4,468.4,183.5999999999999,301.4,1,1,1.0
89,6,621.9,560.4,358.4,182.30000000000007,1,1,1.0
89,7,1344.3,519.8,204.0,276.9000000000001,1,1,1.0
89,8,1327.2,315.5,196.39999999999986,154.5,1,1,1.0
89,9,1334.3,399.2,210.5,136.40000000000003,1,1,0.0
90,1,457.1,624.3,247.60000000000002,219.70000000000005,1,1,1.0
90,2,244.8,632.6,187.0,265.29999999999995,1,1,1.0
90,3,708.7,757.8,182.69999999999993,331.10000000000014,1,1,1.0
90,4,907.6,360.7,310.80000000000007,185.59999999999997,1,1,1.0
90,5,1181.9,461.6,194.89999999999986,303.69999999999993,1,1,1.0
90,6,619.6,559.6,363.69999999999993,184.60000000000002,1,1,1.0
90,7,1344.3,516.8,200.20000000000005,279.9000000000001,1,1,1.0
90,8,1302.1,307.7,218.4000000000001,166.0,1,1,1.0
90,9,1328.6,389.2,216.20000000000005,146.40000000000003,1,1,0.0
91,1,429.2,717.0,246.90000000000003,133.79999999999995,1,1,1.0
91,2,242.3,632.6,189.5,265.29999999999995,1,1,1.0
91,3,704.2,751.0,185.69999999999993,337.9000000000001,1,1,1.0
91,4,907.6,360.7,306.30000000000007,200.7,1,1,1.0
91,5,1175.9,469.2,193.39999999999986,297.59999999999997,1,1,1.0
91,6,651.3,555.1,330.5,201.89999999999998,1,1,1.0
91,7,1344.3,500.2,177.60000000000014,296.50000000000006,1,1,1.0
91,8,1294.3,318.1,227.20000000000005,162.39999999999998,1,1,1.0
91,9,1310.4,389.2,234.39999999999986,147.00000000000006,1,1,0.0
92,1,525.7,703.4,210.69999999999993,146.60000000000002,1,1,1.0
92,2,240.4,632.0,191.4,265.9,1,1,1.0
92,3,706.5,735.9,184.20000000000005,353.80000000000007,1,1,1.0
92,4,907.6,360.7,306.30000000000007,183.40000000000003,1,1,1.0
92,5,1175.9,479.7,193.39999999999986,285.59999999999997,1,1,1.0
92,6,653.6,552.8,327.5,174.80000000000007,1,1,1.0
92,7,1344.3,514.5,186.60000000000014,282.20000000000005,1,1,1.0
92,8,1276.0,318.1,245.5,178.09999999999997,1,1,1.0
92,9,1313.5,389.2,231.29999999999995,147.7,1,1,0.0
93,1,525.7,703.4,213.69999999999993,145.10000000000002,1,1,1.0
93,2,238.5,632.6,193.3,265.29999999999995,1,1,1.0
93,3,719.3,735.9,201.5,358.30000000000007,1,1,1.0
93,4,907.6,357.7,306.30000000000007,207.50000000000006,1,1,1.0
93,5,1175.9,478.9,191.89999999999986,283.4,1,1,1.0
93,6,615.2,546.8,362.9,171.80000000000007,1,1,1.0
93,7,1344.3,514.5,186.60000000000014,279.20000000000005,1,1,1.0
93,8,1284.4,318.1,237.0999999999999,184.89999999999998,1,1,1.0
93,9,1321.7,385.4,223.0999999999999,150.20000000000005,1,1,0.0
94,1,534.8,701.1,206.9000000000001,147.39999999999998,1,1,1.0
94,2,229.7,633.2,202.10000000000002,248.39999999999998,1,1,1.0
94,3,711.8,735.9,172.10000000000002,360.6,1,1,1.0
94,4,905.3,358.5,313.10000000000014,193.10000000000002,1,1,1.0
94,5,1169.9,476.6,197.89999999999986,286.5,1,1,1.0
94,6,637.1,546.0,339.5,171.10000000000002,1,1,1.0
94,7,1344.3,514.5,186.60000000000014,279.20000000000005,1,1,1.0
94,8,1295.4,318.1,226.0999999999999,176.0,1,1,1.0
94,9,1323.0,389.8,221.79999999999995,147.7,1,1,0.0
95,1,533.3,701.1,208.4000000000001,145.10000000000002,1,1,1.0
95,2,239.1,633.2,192.70000000000002,252.79999999999995,1,1,1.0
95,3,712.6,733.6,169.79999999999995,344.1,1,1,1.0
95,4,903.8,358.5,315.4000000000001,199.10000000000002,1,1,1.0
95,5,1174.4,475.8,194.89999999999986,290.3,1,1,1.0
95,6,610.7,546.0,359.9,171.10000000000002,1,1,1.0
95,7,1344.3,519.0,199.4000000000001,273.20000000000005,1,1,1.0
95,8,1297.0,318.1,224.5,177.0,1,1,1.0
95,9,1327.4,385.4,217.39999999999986,150.80000000000007,1,1,0.0
96,1,538.6,701.1,206.10000000000002,148.10000000000002,1,1,1.0
96,2,237.2,633.2,194.60000000000002,252.79999999999995,1,1,1.0
96,3,712.6,778.8,169.79999999999995,300.4000000000001,1,1,1.0
96,4,906.8,358.5,310.9000000000001,192.29999999999995,1,1,1.0
96,5,1168.4,465.3,203.19999999999982,299.99999999999994,1,1,1.0
96,6,695.1,517.4,260.4,299.9,1,1,1.0
96,7,1344.3,521.3,197.10000000000014,267.1,1,1,1.0
96,8,1300.7,318.1,220.79999999999995,175.39999999999998,1,1,1.0
96,9,1311.1,398.0,237.5,134.5,1,1,0.0
97,1,538.6,701.1,209.89999999999998,141.29999999999995,1,1,1.0
97,2,229.0,633.2,202.8,254.69999999999993,1,1,1.0
97,3,724.7,764.5,154.69999999999993,317.0,1,1,1.0
97,4,908.3,358.5,309.4000000000001,187.0,1,1,1.0
97,5,1182.0,460.8,178.29999999999995,312.8,1,1,1.0
97,6,718.5,487.3,190.29999999999995,389.49999999999994,1,1,1.0
97,7,1344.3,517.5,206.10000000000014,273.9,1,1,1.0
97,8,1299.7,324.4,222.29999999999995,170.70000000000005,1,1,1.0
97,9,1335.6,370.3,209.20000000000005,165.3,1,1,0.0
98,1,538.6,701.1,212.89999999999998,143.60000000000002,1,1,1.0
98,2,237.8,633.8,194.0,262.30000000000007,1,1,1.0
98,3,726.2,796.2,169.79999999999995,291.29999999999995,1,1,1.0
98,4,908.3,358.5,309.4000000000001,205.10000000000002,1,1,1.0
98,5,1185.0,454.0,176.79999999999995,319.6,1,1,1.0
98,6,722.3,502.4,157.80000000000007,353.30000000000007,1,1,1.0
98,7,1344.3,517.5,197.10000000000014,273.9,1,1,1.0
98,8,1318.0,324.4,206.0999999999999,127.30000000000001,1,1,1.0
98,9,1339.4,367.2,206.0,161.50000000000006,1,1,0.0
99,1,538.6,701.1,219.69999999999993,142.10000000000002,1,1,1.0
99,2,237.8,633.8,194.0,262.30000000000007,1,1,1.0
99,3,719.4,781.9,168.30000000000007,300.30000000000007,1,1,1.0
99,4,909.1,358.5,301.1,174.20000000000005,1,1,1.0
99,5,1185.0,440.4,179.79999999999995,333.20000000000005,1,1,1.0
99,6,679.3,527.3,304.0,250.0,1,1,1.0
99,7,1344.3,489.6,173.70000000000005,309.29999999999995,1,1,1.0
99,8,1314.9,324.4,209.19999999999982,119.5,1,1,1.0
99,9,1340.7,357.8,204.70000000000005,171.49999999999994,1,1,0.0
100,1,538.6,701.9,217.39999999999998,139.80000000000007,1,1,1.0
100,2,239.7,636.3,192.10000000000002,267.30000000000007,1,1,1.0
100,3,703.6,784.9,224.79999999999995,266.4,1,1,1.0
100,4,914.3,354.7,297.4000000000001,181.8,1,1,1.0
100,5,1193.3,434.4,176.79999999999995,343.0,1,1,1.0
100,6,691.4,593.6,360.5000000000001,151.29999999999995,1,1,1.0
100,7,1344.3,488.8,172.20000000000005,310.90000000000003,1,1,1.0
100,8,1314.9,324.4,211.29999999999995,94.90000000000003,1,1,1.0
100,9,1340.7,367.8,204.70000000000005,157.09999999999997,1,1,0.0
101,1,538.6,701.9,218.89999999999998,140.60000000000002,1,1,1.0
101,2,237.2,636.3,194.60000000000002,261.6,1,1,1.0
101,3,672.7,780.4,303.9,261.1,1,1,1.0
101,4,912.8,354.7,298.9000000000001,175.7,1,1,1.0
101,5,1193.3,439.7,179.10000000000014,337.7,1,1,1.0
101,6,786.3,569.5,367.29999999999995,151.29999999999995,1,1,1.0
101,7,1344.3,493.3,171.4000000000001,305.7,1,1,1.0
101,8,1330.6,324.4,195.60000000000014,133.10000000000002,1,1,1.0
101,9,1329.4,381.0,216.0,143.89999999999998,1,1,0.0
102,1,539.1,701.9,223.60000000000002,140.60000000000002,1,1,1.0
102,2,237.8,636.3,194.0,252.80000000000007,1,1,1.0
102,3,697.6,784.9,295.6,252.10000000000002,1,1,1.0
102,4,910.5,351.7,301.20000000000005,182.50000000000006,1,1,1.0
102,5,1197.1,447.2,175.30000000000018,327.90000000000003,1,1,1.0
102,6,937.0,478.3,279.9000000000001,223.7,1,1,1.0
102,7,1344.3,483.5,170.60000000000014,315.5,1,1,1.0
102,8,1314.9,324.4,207.5999999999999,164.0,1,1,1.0
102,9,1338.8,381.0,206.60000000000014,140.10000000000002,1,1,0.0
103,1,534.9,701.9,230.39999999999998,140.10000000000002,1,1,1.0
103,2,244.1,636.3,187.70000000000002,262.80000000000007,1,1,1.0
103,3,689.3,780.4,282.80000000000007,258.1,1,1,1.0
103,4,910.5,347.9,297.4000000000001,189.30000000000007,1,1,1.0
103,5,1194.8,447.2,177.60000000000014,327.90000000000003,1,1,1.0
103,6,956.6,478.3,276.1,235.8,1,1,1.0
103,7,1343.5,511.38,163.20000000000005,288.41999999999996,1,1,1.0
103,8,1311.2,331.8,211.79999999999995,157.59999999999997,1,1,1.0
103,9,1347.0,367.8,198.4000000000001,164.59999999999997,1,1,0.0
104,1,533.3,700.9,229.9000000000001,141.10000000000002,1,1,1.0
104,2,233.4,638.8,198.4,249.60000000000002,1,1,1.0
104,3,690.1,780.4,298.6,256.6,1,1,1.0
104,4,913.5,351.7,296.70000000000005,179.40000000000003,1,1,1.0
104,5,1192.5,451.7,179.9000000000001,324.90000000000003,1,1,1.0
104,6,972.4,491.1,290.4,218.5,1,1,1.0
104,7,1343.5,507.6,166.20000000000005,292.19999999999993,1,1,1.0
104,8,1312.3,331.8,210.70000000000005,157.59999999999997,1,1,1.0
104,9,1365.3,399.8,180.10000000000014,132.59999999999997,1,1,0.0
105,1,542.7,704.0,220.0,137.0,1,1,1.0
105,2,232.1,638.8,199.70000000000002,251.5,1,1,1.0
105,3,689.3,780.4,300.20000000000005,253.60000000000002,1,1,1.0
105,4,917.3,350.1,290.60000000000014,177.26,1,1,1.0
105,5,1180.4,451.7,192.79999999999995,319.59999999999997,1,1,1.0
105,6,1019.9,460.9,313.69999999999993,214.0,1,1,1.0
105,7,1343.5,483.5,177.5,320.79999999999995,1,1,1.0
105,8,1315.4,331.8,207.5999999999999,160.8,1,1,1.0
105,9,1368.4,399.8,177.0,123.80000000000001,1,1,0.0
106,1,541.7,704.0,220.0,138.0,1,1,1.0
106,2,230.8,638.8,201.0,245.80000000000007,1,1,1.0
106,3,689.3,773.6,300.20000000000005,261.19999999999993,1,1,1.0
106,4,925.6,349.3,282.30000000000007,188.59999999999997,1,1,1.0
106,5,1155.5,448.7,220.0,311.3,1,1,1.0
106,6,1031.2,450.3,298.5999999999999,224.59999999999997,1,1,1.0
106,7,1345.8,514.4,187.29999999999995,276.4,1,1,1.0
106,8,1306.0,331.8,217.0,148.89999999999998,1,1,1.0
106,9,1355.9,382.2,189.5,152.7,1,1,0.0
107,1,507.1,648.0,261.9,198.70000000000005,1,1,1.0
107,2,224.5,638.8,207.3,245.80000000000007,1,1,1.0
107,3,702.9,784.1,241.39999999999998,255.9999999999999,1,1,1.0
107,4,919.6,349.3,288.30000000000007,181.09999999999997,1,1,1.0
107,5,1163.8,475.8,220.0,284.2,1,1,1.0
107,6,1050.0,442.0,255.70000000000005,245.70000000000005,1,1,1.0
107,7,1345.0,515.9,169.29999999999995,271.9,1,1,1.0
107,8,1309.7,331.8,213.29999999999995,145.09999999999997,1,1,1.0
107,9,1355.9,386.6,189.5,145.79999999999995,1,1,0.0
108,1,462.1,671.0,231.10000000000002,164.70000000000005,1,1,1.0
108,2,220.7,641.3,211.10000000000002,242.0,1,1,1.0
108,3,710.4,781.8,236.89999999999998,269.60000000000014,1,1,1.0
108,4,915.8,346.3,305.70000000000005,166.8,1,1,1.0
108,5,1179.6,477.3,196.70000000000005,300.8,1,1,1.0
108,6,1048.5,432.2,239.0999999999999,244.2,1,1,1.0
108,7,1346.5,513.6,165.5,280.19999999999993,1,1,1.0
108,8,1303.3,331.8,217.20000000000005,132.5,1,1,1.0
108,9,1347.1,375.3,198.30000000000018,155.8,1,1,0.0
109,1,566.8,670.5,188.10000000000002,218.10000000000002,1,1,1.0
109,2,214.4,642.6,217.4,243.19999999999993,1,1,1.0
109,3,730.0,769.02,215.79999999999995,281.5799999999999,1,1,1.0
109,4,918.1,350.1,301.9,170.5,1,1,1.0
109,5,1159.3,453.2,198.9000000000001,334.7,1,1,1.0
109,6,1044.7,422.4,239.0999999999999,247.20000000000005,1,1,1.0
109,7,1346.5,515.1,164.0,279.5,1,1,1.0
109,8,1303.3,328.7,217.20000000000005,146.60000000000002,1,1,1.0
109,9,1363.4,377.2,182.0,155.2,1,1,0.0
110,1,560.0,654.8,186.0,248.5,1,1,1.0
110,2,199.3,641.3,232.5,238.20000000000005,1,1,1.0
110,3,737.5,771.3,255.0,278.5,1,1,1.0
110,4,918.1,350.9,302.69999999999993,172.70000000000005,1,1,1.0
110,5,1180.4,475.1,208.69999999999982,324.9,1,1,1.0
110,6,1056.8,420.1,229.29999999999995,251.0,1,1,1.0
110,7,1359.31,516.6,153.49,278.0,1,1,1.0
110,8,1303.3,328.7,217.70000000000005,143.5,1,1,1.0
110,9,1357.1,382.9,182.70000000000005,157.0,1,1,0.0
111,1,557.9,671.5,188.10000000000002,233.89999999999998,1,1,1.0
111,2,208.7,642.6,223.10000000000002,238.79999999999995,1,1,1.0
111,3,730.0,772.1,290.4,273.19999999999993,1,1,1.0
111,4,916.6,343.4,302.69999999999993,189.20000000000005,1,1,1.0
111,5,1220.3,479.6,173.29999999999995,343.79999999999995,1,1,1.0
111,6,1073.4,445.0,215.69999999999982,220.79999999999995,1,1,1.0
111,7,1366.1,514.3,148.20000000000005,278.0,1,1,1.0
111,8,1310.6,328.7,210.9000000000001,141.90000000000003,1,1,1.0
111,9,1338.3,386.7,206.5,139.40000000000003,1,1,0.0
112,1,558.4,689.4,186.60000000000002,216.0,1,1,1.0
112,2,208.7,642.6,223.10000000000002,240.10000000000002,1,1,1.0
112,3,733.8,772.1,309.20000000000005,285.30000000000007,1,1,1.0
112,4,915.8,343.4,306.5,193.70000000000005,1,1,1.0
112,5,1222.6,479.6,166.5,348.29999999999995,1,1,1.0
112,6,1070.4,437.5,239.0999999999999,235.10000000000002,1,1,1.0
112,7,1365.3,521.1,142.20000000000005,271.19999999999993,1,1,1.0
112,8,1340.4,332.9,189.5,94.80000000000001,1,1,1.0
112,9,1312.6,404.9,232.20000000000005,130.60000000000002,1,1,0.0
113,1,560.5,694.6,192.89999999999998,207.69999999999993,1,1,1.0
113,2,214.4,642.6,217.4,241.39999999999998,1,1,1.0
113,3,727.8,782.6,334.0,262.80000000000007,1,1,1.0
113,4,915.8,341.1,305.0,192.19999999999993,1,1,1.0
113,5,1221.1,484.9,149.20000000000005,350.5,1,1,1.0
113,6,1060.6,463.9,247.4000000000001,210.20000000000005,1,1,1.0
113,7,1359.3,527.1,145.9000000000001,273.5,1,1,1.0
113,8,1339.4,315.1,190.5,108.39999999999998,1,1,1.0
113,9,1317.0,384.8,227.79999999999995,142.49999999999994,1,1,0.0
114,1,564.7,703.5,181.39999999999998,194.60000000000002,1,1,1.0
114,2,215.0,640.7,216.8,243.89999999999998,1,1,1.0
114,3,729.3,781.1,299.29999999999995,259.80000000000007,1,1,1.0
114,4,915.0,351.7,305.79999999999995,181.59999999999997,1,1,1.0
114,5,1223.4,471.3,152.19999999999982,362.59999999999997,1,1,1.0
114,6,1053.1,436.8,270.0,244.09999999999997,1,1,1.0
114,7,1363.1,514.3,194.10000000000014,286.30000000000007,1,1,1.0
114,8,1333.6,301.5,192.60000000000014,102.60000000000002,1,1,1.0
114,9,1310.7,385.4,227.79999999999995,136.20000000000005,1,1,0.0
115,1,543.3,710.3,205.4000000000001,187.30000000000007,1,1,1.0
115,2,229.4,640.1,202.4,243.89999999999998,1,1,1.0
115,3,732.3,789.4,331.0,254.5000000000001,1,1,1.0
115,4,915.8,350.2,305.0,180.09999999999997,1,1,1.0
115,5,1211.3,517.3,162.79999999999995,313.6,1,1,1.0
115,6,1054.6,433.8,271.5,247.09999999999997,1,1,1.0
115,7,1343.5,512.0,187.29999999999995,245.60000000000002,1,1,1.0
115,8,1333.6,301.5,196.80000000000018,114.60000000000002,1,1,1.0
115,9,1327.0,337.0,220.29999999999995,189.0,1,1,0.0
116,1,534.4,675.3,197.0,238.0,1,1,1.0
116,2,225.6,640.1,206.20000000000002,245.19999999999993,1,1,1.0
116,3,731.5,787.1,295.5999999999999,254.4999999999999,1,1,1.0
116,4,915.8,350.2,304.20000000000005,182.3,1,1,1.0
116,5,1212.8,510.5,159.0,323.4,1,1,1.0
116,6,1054.6,416.5,298.60000000000014,262.9,1,1,1.0
116,7,1342.7,512.8,187.29999999999995,225.20000000000005,1,1,1.0
116,8,1333.6,301.5,196.30000000000018,110.39999999999998,1,1,1.0
116,9,1343.3,337.0,204.0,186.5,1,1,0.0
117,1,527.7,622.4,176.5,238.60000000000002,1,1,1.0
117,2,225.6,640.1,206.20000000000002,247.69999999999993,1,1,1.0
117,3,731.5,781.9,270.0,258.19999999999993,1,1,1.0
117,4,915.8,351.0,304.20000000000005,175.5,1,1,1.0
117,5,1212.0,508.3,157.5,327.09999999999997,1,1,1.0
117,6,1054.6,406.7,306.9000000000001,271.90000000000003,1,1,1.0
117,7,1342.7,512.0,185.79999999999995,225.20000000000005,1,1,1.0
117,8,1333.6,301.5,196.80000000000018,115.60000000000002,1,1,1.0
117,9,1337.0,342.0,210.29999999999995,179.60000000000002,1,1,0.0
118,1,526.7,622.9,178.0,239.10000000000002,1,1,1.0
118,2,225.0,640.1,206.8,247.69999999999993,1,1,1.0
118,3,733.0,779.6,282.1,267.30000000000007,1,1,1.0
118,4,913.5,351.0,305.0,184.5,1,1,1.0
118,5,1208.2,503.0,162.79999999999995,330.9,1,1,1.0
118,6,1059.9,393.1,310.5999999999999,289.29999999999995,1,1,1.0
118,7,1341.9,513.5,186.5999999999999,225.20000000000005,1,1,1.0
118,8,1333.6,301.5,195.80000000000018,105.69999999999999,1,1,1.0
118,9,1337.0,337.0,208.4000000000001,181.5,1,1,0.0
119,1,514.2,606.7,184.19999999999993,250.0999999999999,1,1,1.0
119,2,232.5,640.1,199.3,246.39999999999998,1,1,1.0
119,3,730.0,781.9,303.20000000000005,261.19999999999993,1,1,1.0
119,4,912.0,355.5,305.79999999999995,177.70000000000005,1,1,1.0
119,5,1208.2,488.7,162.79999999999995,343.7,1,1,1.0
119,6,1063.7,391.6,306.79999999999995,295.29999999999995,1,1,1.0
119,7,1341.9,513.5,186.5999999999999,229.0,1,1,1.0
119,8,1333.6,301.5,191.10000000000014,87.89999999999998,1,1,1.0
119,9,1335.1,334.5,205.20000000000005,180.89999999999998,1,1,0.0
120,1,502.7,662.7,211.90000000000003,254.29999999999995,1,1,1.0
120,2,232.5,640.1,199.3,246.39999999999998,1,1,1.0
120,3,726.2,790.1,249.0,254.4999999999999,1,1,1.0
120,4,915.0,354.7,302.79999999999995,173.2,1,1,1.0
120,5,1203.7,497.7,167.29999999999995,330.90000000000003,1,1,1.0
120,6,1068.2,405.9,293.29999999999995,282.5,1,1,1.0
120,7,1340.4,513.5,187.29999999999995,228.20000000000005,1,1,1.0
120,8,1333.6,301.5,189.5,85.80000000000001,1,1,1.0
120,9,1341.4,337.0,198.89999999999986,175.89999999999998,1,1,0.0
