1,1,226.22,641.18,203.67999999999998,243.47000000000003,1,1,1.0
1,2,538.29,663.9,183.48000000000002,251.88,1,1,1.0
1,3,732.13,802.3,262.98,241.55999999999995,1,1,1.0
1,4,917.9,347.48,302.1,180.02999999999997,1,1,1.0
1,5,1071.76,456.5,236.0,220.75,1,1,1.0
1,6,1198.8,484.83,175.10000000000014,343.59999999999997,1,1,1.0
1,7,1339.4,514.59,190.63999999999987,235.85000000000002,1,1,1.0
1,8,1313.0,366.45,227.74,154.46999999999997,1,1,1.0
1,9,1321.89,288.2,198.7099999999998,124.90000000000003,1,1,1.0
2,1,226.22,641.18,201.58,243.47000000000003,1,1,1.0
2,2,547.3,632.3,171.80000000000007,283.48,1,1,1.0
2,3,716.4,810.7,290.0,239.29999999999995,1,1,1.0
2,4,917.9,347.48,297.44999999999993,180.02999999999997,1,1,1.0
2,5,1068.1,451.7,241.80000000000018,225.50000000000006,1,1,1.0
2,6,1200.3,484.83,168.5,343.59999999999997,1,1,1.0
2,7,1339.4,514.59,190.63999999999987,235.85000000000002,1,1,1.0
2,8,1307.9,374.0,232.83999999999992,146.91999999999996,1,1,1.0
2,9,1325.0,288.2,195.5,131.0,1,1,1.0
3,1,226.22,641.18,203.17999999999998,243.47000000000003,1,1,1.0
3,2,547.3,656.7,171.80000000000007,253.69999999999993,1,1,1.0
3,3,744.28,783.79,218.92000000000007,291.01,1,1,1.0
3,4,917.9,347.48,292.0000000000001,180.02999999999997,1,1,1.0
3,5,1068.1,454.2,241.80000000000018,223.00000000000006,1,1,1.0
3,6,1200.3,511.5,194.9000000000001,316.92999999999995,1,1,1.0
3,7,1346.9,514.59,183.13999999999987,235.85000000000002,1,1,1.0
3,8,1307.9,367.4,232.82999999999993,153.51999999999998,1,1,1.0
3,9,1321.89,288.2,200.2099999999998,132.0,1,1,1.0
4,1,226.22,641.18,204.17999999999998,243.47000000000003,1,1,1.0
4,2,547.3,663.9,174.10000000000002,245.0,1,1,1.0
4,3,749.7,768.6,214.0,306.69999999999993,1,1,1.0
4,4,927.9,339.9,287.6,211.5,1,1,1.0
4,5,1066.8,434.7,279.5,248.00000000000006,1,1,1.0
4,6,1197.7,517.08,203.30999999999995,312.41999999999996,1,1,1.0
4,7,1346.9,514.59,183.13999999999987,235.85000000000002,1,1,1.0
4,8,1307.9,372.4,223.19999999999982,159.10000000000002,1,1,1.0
4,9,1321.89,288.2,201.90999999999985,115.10000000000002,1,1,1.0
5,1,234.1,641.18,193.20000000000002,242.92000000000007,1,1,1.0
5,2,540.7,648.8,181.5,247.30000000000007,1,1,1.0
5,3,737.94,784.81,225.76,273.3900000000001,1,1,1.0
5,4,923.5,339.9,289.70000000000005,225.89999999999998,1,1,1.0
5,5,1065.5,447.3,290.79999999999995,236.40000000000003,1,1,1.0
5,6,1196.7,518.0,216.5999999999999,310.42999999999995,1,1,1.0
5,7,1346.9,514.59,215.5,258.40999999999997,1,1,1.0
5,8,1307.9,374.8,221.29999999999995,156.7,1,1,1.0
5,9,1321.89,288.2,199.90999999999985,109.30000000000001,1,1,1.0
6,1,232.0,638.6,196.3,245.5,1,1,1.0
6,2,485.8,595.1,204.8,251.29999999999995,1,1,1.0
6,3,716.68,805.7,245.22000000000003,243.5999999999999,1,1,1.0
6,4,926.06,347.17,285.10000000000014,217.09999999999997,1,1,1.0
6,5,1066.8,447.3,289.5,234.3,1,1,1.0
6,6,1194.3,499.2,202.4000000000001,329.2,1,1,1.0
6,7,1362.0,493.5,159.70000000000005,294.6,1,1,1.0
6,8,1295.34,335.67,196.76,175.93,1,1,1.0
6,9,1321.89,289.8,199.90999999999985,104.19999999999999,1,1,1.0
7,1,241.9,638.6,187.49999999999997,245.5,1,1,1.0
7,2,541.3,666.2,177.9000000000001,235.19999999999993,1,1,1.0
7,3,636.1,794.4,294.29999999999995,248.89999999999998,1,1,1.0
7,4,923.5,348.7,285.0999999999999,203.90000000000003,1,1,1.0
7,5,1065.9,447.3,237.27999999999997,236.40000000000003,1,1,1.0
7,6,1204.1,470.5,181.30000000000018,353.4,1,1,1.0
7,7,1362.0,470.1,159.70000000000005,327.0,1,1,1.0
7,8,1297.67,360.14,204.12999999999988,151.76,1,1,1.0
7,9,1321.89,289.8,201.7099999999998,114.39999999999998,1,1,1.0
8,1,242.9,638.6,185.4,245.5,1,1,1.0
8,2,543.34,677.76,175.36,226.74,1,1,1.0
8,3,685.5,565.09,199.13,346.11,1,1,1.0
8,4,923.5,348.7,285.0999999999999,217.7,1,1,1.0
8,5,1068.7,433.5,224.89999999999986,251.20000000000005,1,1,1.0
8,6,1208.6,470.5,176.80000000000018,357.20000000000005,1,1,1.0
8,7,1336.8,398.3,172.10000000000014,336.99999999999994,1,1,1.0
8,8,1286.9,362.7,209.39999999999986,147.7,1,1,1.0
8,9,1321.89,289.8,202.30999999999995,115.39999999999998,1,1,1.0
9,1,249.7,638.6,179.7,245.5,1,1,1.0
9,2,546.41,691.83,178.39,211.06999999999994,1,1,1.0
9,3,660.9,533.58,253.71000000000004,271.62,1,1,1.0
9,4,926.6,348.7,281.9999999999999,215.8,1,1,1.0
9,5,1069.9,458.0,223.69999999999982,230.5,1,1,1.0
9,6,1213.1,452.7,167.80000000000018,375.00000000000006,1,1,1.0
9,7,1330.3,397.3,205.70000000000005,300.3,1,1,1.0
9,8,1285.9,341.6,222.5,160.5,1,1,1.0
9,9,1319.72,279.39,204.70000000000005,114.10000000000002,1,1,1.0
10,1,249.7,638.6,179.7,245.5,1,1,1.0
10,2,530.54,690.64,190.66000000000008,206.46000000000004,1,1,1.0
10,3,641.2,519.9,245.29999999999995,262.20000000000005,1,1,1.0
10,4,926.6,348.7,286.4,215.8,1,1,1.0
10,5,1068.1,432.3,223.4000000000001,259.99999999999994,1,1,1.0
10,6,1213.1,457.7,167.80000000000018,370.00000000000006,1,1,1.0
10,7,1364.3,397.76,160.4000000000001,290.03999999999996,1,1,1.0
10,8,1294.1,341.6,207.5,162.0,1,1,1.0
10,9,1318.7,286.2,204.70000000000005,106.23000000000002,1,1,1.0
11,1,251.3,638.6,180.09999999999997,249.69999999999993,1,1,1.0
11,2,481.8,692.4,237.40000000000003,205.20000000000005,1,1,1.0
11,3,628.0,525.3,261.1,258.1,1,1,1.0
11,4,931.0,341.8,282.0,220.8,1,1,1.0
11,5,1065.5,428.5,225.0,263.79999999999995,1,1,1.0
11,6,1218.4,457.7,162.5,370.00000000000006,1,1,1.0
11,7,1337.2,389.5,148.29999999999995,290.79999999999995,1,1,1.0
11,8,1290.9,334.8,210.69999999999982,174.8,1,1,1.0
11,9,1319.21,283.13,204.70000000000005,106.23000000000002,1,1,1.0
12,1,255.0,638.6,175.89999999999998,256.0,1,1,1.0
12,2,434.33,608.76,207.27000000000004,233.84000000000003,1,1,1.0
12,3,641.8,503.6,279.9000000000001,279.79999999999995,1,1,1.0
12,4,927.2,341.8,282.0,184.40000000000003,1,1,1.0
12,5,1065.5,456.32,239.82999999999993,239.78000000000003,1,1,1.0
12,6,1215.7,455.4,162.89999999999986,368.4,1,1,1.0
12,7,1298.0,379.0,193.5,304.29999999999995,1,1,1.0
12,8,1295.5,334.8,203.79999999999995,169.5,1,1,1.0
12,9,1318.7,279.04,205.70000000000005,110.35999999999996,1,1,1.0
13,10,1528.2,496.9,27.09999999999991,64.39999999999998,1,1,0.0
13,1,255.0,641.7,174.39999999999998,240.29999999999995,1,1,1.0
13,2,505.91,684.11,198.19,188.59000000000003,1,1,1.0
13,3,720.9,467.8,323.9,200.7,1,1,1.0
13,4,927.2,339.3,282.0,200.7,1,1,1.0
13,5,1065.55,460.15,254.4000000000001,233.0,1,1,1.0
13,6,1218.9,455.4,159.69999999999982,366.80000000000007,1,1,1.0
13,7,1310.1,374.1,185.20000000000005,277.6,1,1,1.0
13,8,1299.6,323.5,196.60000000000014,177.2,1,1,1.0
13,9,1321.25,278.89,198.04999999999995,112.41000000000003,1,1,1.0
14,10,1491.3,426.9,65.90000000000009,129.30000000000007,1,1,0.0
14,1,257.6,641.7,175.29999999999995,250.19999999999993,1,1,1.0
14,2,490.0,676.8,203.60000000000002,196.70000000000005,1,1,1.0
14,3,765.5,522.4,335.79999999999995,144.20000000000005,1,1,1.0
14,4,927.2,343.1,283.5,198.19999999999993,1,1,1.0
14,5,1064.7,405.36,230.1199999999999,289.53999999999996,1,1,1.0
14,6,1215.3,462.2,163.29999999999995,360.8,1,1,1.0
14,7,1305.07,403.42,197.33000000000015,222.47999999999996,1,1,1.0
14,8,1328.7,314.7,159.39999999999986,186.10000000000002,1,1,1.0
14,9,1319.23,275.2,200.56999999999994,113.0,1,1,1.0
15,10,1460.5,426.9,96.70000000000005,148.10000000000002,1,1,0.0
15,1,260.2,641.7,166.10000000000002,250.19999999999993,1,1,1.0
15,2,452.4,651.0,213.30000000000007,260.20000000000005,1,1,1.0
15,3,808.3,525.5,311.20000000000005,194.5,1,1,1.0
15,4,927.2,343.1,282.75,197.25,1,1,1.0
15,5,1082.1,374.35,202.8800000000001,309.25,1,1,1.0
15,6,1219.4,481.0,154.69999999999982,344.0,1,1,1.0
15,7,1301.27,410.27,216.02999999999997,215.43000000000006,1,1,1.0
15,8,1326.7,306.71,163.39999999999986,176.19,1,1,1.0
15,9,1320.26,276.22,200.03999999999996,112.47999999999996,1,1,1.0
16,10,1460.5,426.9,98.70000000000005,151.39999999999998,1,1,0.0
16,1,276.4,634.4,141.21000000000004,287.30000000000007,1,1,1.0
16,2,443.36,632.92,215.53999999999996,217.98000000000002,1,1,1.0
16,3,820.7,531.2,278.0999999999999,220.79999999999995,1,1,1.0
16,4,927.2,343.1,282.0,196.29999999999995,1,1,1.0
16,5,1082.0,414.8,202.0999999999999,268.7,1,1,1.0
16,6,1210.9,473.95,154.19999999999982,362.34999999999997,1,1,1.0
16,7,1305.72,361.7,206.29999999999995,278.7,1,1,1.0
16,8,1325.8,298.2,144.9000000000001,163.90000000000003,1,1,0.0
16,9,1318.19,253.2,206.21000000000004,143.7,1,1,1.0
17,10,1444.97,416.06,114.82999999999993,159.64000000000004,1,1,0.0
17,1,263.3,638.1,154.31,274.19999999999993,1,1,1.0
17,2,501.38,688.68,202.72000000000003,187.12,1,1,1.0
17,3,850.8,521.2,278.79999999999995,254.69999999999993,1,1,1.0
17,4,927.2,343.1,282.0,202.0,1,1,1.0
17,5,1076.3,451.2,243.60000000000014,239.8,1,1,1.0
17,6,1210.9,484.28,149.26,340.9200000000001,1,1,1.0
17,7,1305.3,357.44,206.10000000000014,290.06,1,1,1.0
17,8,1326.77,296.69,171.0999999999999,137.0,1,1,0.0
17,9,1315.47,258.87,206.43000000000006,110.73000000000002,1,1,0.0
18,10,1444.46,420.89,110.46000000000004,143.83000000000004,1,1,0.0
18,1,258.07,737.0,230.03000000000003,211.39999999999998,1,1,1.0
18,2,511.2,691.7,186.90000000000003,184.0999999999999,1,1,1.0
18,3,872.1,510.5,234.89999999999998,284.9,1,1,1.0
18,4,927.2,343.1,288.0999999999999,207.0,1,1,1.0
18,5,1080.3,456.47,257.45000000000005,225.02999999999997,1,1,1.0
18,6,1195.3,506.53,158.78999999999996,316.1700000000001,1,1,1.0
18,7,1303.16,380.02,228.74,245.48000000000002,1,1,1.0
18,8,1326.77,332.92,168.52999999999997,90.38,1,1,0.0
18,9,1321.2,280.4,192.5999999999999,72.70000000000005,1,1,0.0
19,10,1449.06,419.6,110.1400000000001,154.10000000000002,1,1,0.0
19,1,268.01,805.55,256.28999999999996,155.95000000000005,1,1,1.0
19,2,508.9,669.1,189.20000000000005,206.69999999999993,1,1,1.0
19,3,904.1,482.2,170.89999999999998,305.7,1,1,1.0
19,4,927.2,343.1,282.0,207.0,1,1,1.0
19,5,1070.9,457.33,266.8499999999999,229.46999999999997,1,1,1.0
19,6,1201.3,520.68,175.83000000000015,301.0200000000001,1,1,1.0
19,7,1296.54,378.74,223.16000000000008,230.36,1,1,1.0
19,8,1329.0,307.0,190.70000000000005,101.60000000000002,1,1,0.0
19,9,1327.2,287.2,124.70000000000005,48.80000000000001,1,1,0.0
20,10,1437.3,391.8,119.90000000000009,182.59999999999997,1,1,1.0
20,1,493.9,445.55,279.9,133.45,1,1,1.0
20,2,537.5,625.4,153.79999999999995,282.0,1,1,1.0
20,3,767.21,589.6,231.78999999999996,273.65,1,1,1.0
20,4,927.2,343.1,282.0,195.10000000000002,1,1,1.0
20,5,1060.2,453.12,234.0,236.27999999999997,1,1,1.0
20,6,1207.8,510.3,181.4000000000001,312.2,1,1,1.0
20,7,1296.72,389.16,224.27999999999997,237.94,1,1,1.0
20,8,1365.9,283.6,135.69999999999982,125.0,1,1,0.0
20,9,1314.0,287.2,74.29999999999995,68.69999999999999,1,1,0.0
21,10,1437.3,378.6,119.90000000000009,197.29999999999995,1,1,1.0
21,1,593.46,413.8,322.74,179.49999999999994,1,1,1.0
21,2,523.1,644.2,168.19999999999993,269.5,1,1,1.0
21,3,735.81,687.6,179.69000000000005,276.5,1,1,1.0
21,4,924.7,343.1,284.5,175.60000000000002,1,1,1.0
21,5,1061.6,435.77,229.0,259.53,1,1,1.0
21,6,1210.8,494.5,170.9000000000001,328.0,1,1,1.0
21,7,1303.3,386.6,216.0,246.19999999999993,1,1,1.0
21,8,1365.9,283.6,135.69999999999982,137.79999999999995,1,1,0.0
21,9,1322.9,287.2,50.09999999999991,84.60000000000002,1,1,0.0
22,10,1437.3,413.1,119.90000000000009,166.39999999999998,1,1,1.0
22,1,664.2,483.92,331.0,165.78000000000003,1,1,1.0
22,2,548.2,629.8,133.0999999999999,297.70000000000005,1,1,1.0
22,3,631.7,703.3,311.19999999999993,192.0,1,1,1.0
22,4,930.4,336.2,278.80000000000007,208.90000000000003,1,1,1.0
22,5,1064.5,435.35,226.0999999999999,263.35,1,1,1.0
22,6,1215.3,516.4,165.60000000000014,306.1,1,1,1.0
22,7,1303.3,411.0,216.0,227.79999999999995,1,1,1.0
22,8,1365.9,283.6,135.69999999999982,137.79999999999995,1,1,1.0
22,9,1321.05,289.4,52.15000000000009,78.70000000000005,1,1,0.0
23,10,1432.19,393.28,127.00999999999999,184.72000000000003,1,1,1.0
23,1,808.5,502.76,304.96000000000004,146.44000000000005,1,1,1.0
23,2,558.9,633.4,151.30000000000007,294.1,1,1,1.0
23,3,720.47,642.22,331.03,160.57999999999993,1,1,1.0
23,4,930.4,336.2,278.80000000000007,208.90000000000003,1,1,1.0
23,5,1060.7,423.17,224.0999999999999,278.83,1,1,1.0
23,6,1215.3,461.5,165.60000000000014,365.5,1,1,1.0
23,7,1310.1,411.38,206.60000000000014,231.01999999999998,1,1,1.0
23,8,1365.9,283.6,135.69999999999982,137.79999999999995,1,1,1.0
23,9,1323.6,291.1,39.30000000000018,61.39999999999998,1,1,0.0
24,10,1433.21,412.87,127.58999999999992,168.23000000000002,1,1,1.0
24,1,799.5,507.3,324.9000000000001,148.2,1,1,1.0
24,2,551.4,655.5,156.30000000000007,261.29999999999995,1,1,1.0
24,3,823.03,623.38,327.8700000000001,179.91999999999996,1,1,1.0
24,4,930.4,336.2,278.80000000000007,208.90000000000003,1,1,1.0
24,5,1060.7,457.33,239.97000000000003,242.96999999999997,1,1,1.0
24,6,1215.3,472.7,165.60000000000014,354.3,1,1,1.0
24,7,1304.99,413.94,209.6099999999999,230.95999999999998,1,1,1.0
24,8,1365.9,283.6,131.19999999999982,137.79999999999995,1,1,1.0
24,9,1326.74,294.65,38.66000000000008,46.35000000000002,1,1,0.0
25,10,1415.12,416.5,147.18000000000006,164.60000000000002,1,1,1.0
25,1,798.1,506.9,306.9999999999999,149.0,1,1,1.0
25,2,544.5,652.9,161.70000000000005,258.20000000000005,1,1,1.0
25,3,761.3,670.5,416.29999999999995,147.20000000000005,1,1,1.0
25,4,930.4,336.2,278.80000000000007,208.90000000000003,1,1,1.0
25,5,1056.9,456.9,242.91999999999985,243.0,1,1,1.0
25,6,1215.3,514.2,164.10000000000014,308.29999999999995,1,1,1.0
25,7,1304.56,414.25,206.84000000000015,223.14999999999998,1,1,1.0
25,8,1365.9,283.6,133.79999999999995,154.39999999999998,1,1,1.0
25,9,1329.54,299.11,56.559999999999945,72.30000000000001,1,1,0.0
26,10,1457.4,437.0,99.79999999999995,152.39999999999998,1,1,0.0
26,1,729.2,448.97,253.39999999999998,171.13,1,1,1.0
26,2,470.4,636.9,195.89999999999998,270.4,1,1,1.0
26,3,856.01,686.2,385.99,179.89999999999998,1,1,1.0
26,4,930.4,336.2,277.80000000000007,174.7,1,1,1.0
26,5,1130.9,439.23,169.3499999999999,281.97,1,1,1.0
26,6,1307.98,537.55,142.22000000000003,312.85,1,1,1.0
26,7,1309.68,406.05,198.51999999999998,233.55,1,1,1.0
26,8,1411.1,283.6,97.30000000000018,210.89999999999998,1,1,1.0
26,9,1332.3,296.98,97.70000000000005,150.51999999999998,1,1,0.0
27,10,1442.0,434.8,115.20000000000005,140.7,1,1,0.0
27,1,767.4,396.7,140.39999999999998,318.59999999999997,1,1,1.0
27,2,464.8,625.4,170.09999999999997,305.1,1,1,1.0
27,3,1274.84,688.29,234.76,204.01,1,1,1.0
27,4,930.4,324.9,278.80000000000007,169.3,1,1,1.0
27,5,1016.0,492.54,303.0,124.25999999999993,1,1,1.0
27,6,1363.74,579.0,199.46000000000004,265.4,1,1,1.0
27,7,1290.48,420.33,238.81999999999994,196.46999999999997,1,1,1.0
27,8,1411.1,283.6,86.80000000000018,210.89999999999998,1,1,1.0
27,9,1327.04,299.96,82.96000000000004,147.04000000000002,1,1,0.0
28,10,1447.6,411.74,108.40000000000009,165.55999999999995,1,1,0.0
28,1,706.2,443.2,182.39,305.59999999999997,1,1,1.0
28,2,460.4,635.4,174.5,292.6,1,1,1.0
28,3,1356.9,819.7,247.39999999999986,133.79999999999995,1,1,1.0
28,4,930.4,324.9,278.80000000000007,176.8,1,1,1.0
28,5,984.0,512.62,288.06999999999994,170.48000000000002,1,1,1.0
28,6,1363.74,574.2,208.46000000000004,269.4,1,1,1.0
28,7,1265.1,446.99,273.8000000000002,158.51,1,1,1.0
28,8,1386.8,284.03,112.38000000000011,204.10000000000002,1,1,1.0
28,9,1329.18,290.68,67.51999999999998,161.32,1,1,0.0
29,10,1450.6,417.88,107.20000000000005,128.62,1,1,0.0
29,1,704.6,450.0,183.99,298.79999999999995,1,1,1.0
29,2,439.7,660.5,197.7,263.70000000000005,1,1,1.0
29,3,1552.7,611.2,54.700000000000045,303.5799999999999,1,1,0.0
29,4,917.8,339.3,291.4000000000001,157.39999999999998,1,1,1.0
29,5,972.7,493.9,261.25,213.89999999999998,1,1,1.0
29,6,1353.9,560.1,224.29999999999995,276.0,1,1,1.0
29,7,1216.7,488.3,272.39999999999986,186.7,1,1,1.0
29,8,1395.3,283.6,108.60000000000014,242.5,1,1,1.0
29,9,1299.4,301.3,105.36999999999989,190.37,1,1,0.0
30,10,1443.76,416.04,112.24000000000001,131.75999999999993,1,1,1.0
30,1,711.4,450.0,177.19000000000005,300.9,1,1,1.0
30,2,453.5,649.2,183.89999999999998,273.69999999999993,1,1,1.0
30,3,1509.0,582.9,82.59999999999991,190.20000000000005,1,1,0.0
30,4,917.8,346.8,291.4000000000001,154.3,1,1,1.0
30,5,996.98,455.15,204.81999999999994,259.65,1,1,1.0
30,6,1353.9,523.1,209.19999999999982,332.6,1,1,1.0
30,7,1194.9,494.06,263.31999999999994,173.54000000000002,1,1,1.0
30,8,1340.3,283.6,136.5,198.0,1,1,1.0
30,9,1306.4,336.2,156.0999999999999,199.7,1,1,0.0
31,10,1443.15,413.83,110.34999999999991,130.87000000000006,1,1,1.0
31,1,711.4,450.5,178.70000000000005,294.6,1,1,1.0
31,2,453.5,635.39,183.89999999999998,280.01,1,1,1.0
31,3,1525.6,594.6,66.0,168.0,1,1,0.0
31,4,917.8,349.9,291.4000000000001,157.5,1,1,1.0
31,5,1008.19,547.63,260.21000000000004,203.66999999999996,1,1,1.0
31,6,1353.9,552.5,203.89999999999986,310.0,1,1,1.0
31,7,1199.6,494.95,276.9000000000001,170.45,1,1,1.0
31,8,1232.2,305.98,175.29999999999995,214.01999999999998,1,1,1.0
31,9,1480.5,541.65,80.26999999999998,85.95000000000005,1,1,0.0
32,10,1444.99,397.88,106.71000000000004,145.22000000000003,1,1,1.0
32,1,696.1,485.6,195.69999999999993,267.9,1,1,1.0
32,2,439.7,668.7,197.7,246.69999999999993,1,1,1.0
32,3,1536.1,581.8,55.5,180.80000000000007,1,1,0.0
32,4,912.8,356.8,302.10000000000014,150.59999999999997,1,1,1.0
32,5,955.8,574.3,309.79999999999995,148.0,1,1,1.0
32,6,1353.9,541.2,200.0999999999999,319.79999999999995,1,1,1.0
32,7,1220.3,471.29,275.6300000000001,194.10999999999996,1,1,1.0
32,8,1158.7,345.39,248.0,218.30000000000007,1,1,1.0
32,9,1462.8,540.0,99.77999999999997,86.0,1,1,0.0
33,10,1441.0,389.6,110.40000000000009,152.89999999999998,1,1,1.0
33,1,692.0,478.3,199.70000000000005,274.2,1,1,1.0
33,2,462.9,663.8,174.5,262.30000000000007,1,1,1.0
33,3,1516.5,600.6,75.09999999999991,184.5,1,1,0.0
33,4,890.8,359.3,324.10000000000014,183.3,1,1,1.0
33,5,938.98,592.9,325.81999999999994,130.30000000000007,1,1,1.0
33,6,1353.9,547.2,192.5999999999999,316.0999999999999,1,1,1.0
33,7,1218.6,505.17,270.0600000000002,167.43,1,1,1.0
33,8,1149.7,298.67,193.0,249.22999999999996,1,1,1.0
33,9,1532.4,536.2,28.159999999999854,63.59999999999991,1,1,0.0
34,10,1442.53,406.47,107.97000000000003,142.23000000000002,1,1,1.0
34,1,690.5,478.3,202.79999999999995,274.2,1,1,1.0
34,2,466.0,672.4,171.39999999999998,244.20000000000005,1,1,1.0
34,3,1471.3,543.3,120.29999999999995,225.9000000000001,1,1,0.0
34,4,878.9,363.1,295.19999999999993,182.0,1,1,1.0
34,5,938.98,593.32,330.4200000000001,126.88,1,1,1.0
34,6,1356.2,580.4,196.29999999999995,279.1,1,1,1.0
34,7,1203.7,505.6,287.0899999999999,168.79999999999995,1,1,1.0
34,8,1144.8,322.8,182.10000000000014,219.09999999999997,1,1,1.0
34,9,1519.72,502.53,34.049999999999955,59.120000000000005,1,1,0.0
35,10,1442.53,414.45,111.60000000000014,110.30000000000001,1,1,0.0
35,1,697.8,481.4,195.5,273.20000000000005,1,1,1.0
35,2,466.0,637.9,171.39999999999998,268.70000000000005,1,1,1.0
35,3,1383.42,440.77,198.57999999999993,275.13,1,1,1.0
35,4,873.9,381.3,300.19999999999993,153.8,1,1,1.0
35,5,926.4,578.2,315.30000000000007,155.19999999999993,1,1,1.0
35,6,1353.2,590.2,209.0999999999999,279.0999999999999,1,1,1.0
35,7,1186.6,477.7,230.20000000000005,195.8,1,1,1.0
35,8,1137.6,324.3,176.5,217.59999999999997,1,1,1.0
35,9,1507.03,468.87,39.940000000000055,54.629999999999995,1,1,0.0
36,10,1443.15,410.76,111.59999999999991,110.31000000000006,1,1,0.0
36,1,702.4,483.5,183.60000000000002,271.1,1,1,1.0
36,2,454.7,626.0,193.40000000000003,303.20000000000005,1,1,1.0
36,3,1392.3,427.2,190.20000000000005,277.40000000000003,1,1,1.0
36,4,873.9,379.4,301.44999999999993,154.45000000000005,1,1,1.0
36,5,918.68,556.73,310.41999999999996,154.06999999999994,1,1,1.0
36,6,1339.6,624.9,225.70000000000005,251.89999999999998,1,1,1.0
36,7,1162.1,469.61,258.1100000000001,268.59000000000003,1,1,1.0
36,8,1137.6,324.3,180.30000000000018,217.59999999999997,1,1,1.0
36,9,1494.35,435.2,45.830000000000155,50.150000000000034,1,1,0.0
37,10,1444.99,402.79,104.21000000000004,130.50999999999993,1,1,0.0
37,1,707.1,478.8,170.5,275.8,1,1,1.0
37,2,460.4,594.2,149.39999999999998,255.89999999999998,1,1,1.0
37,3,1287.99,421.9,283.30999999999995,233.5,1,1,1.0
37,4,873.9,377.5,302.69999999999993,155.10000000000002,1,1,1.0
37,5,875.2,510.1,231.5999999999999,252.5,1,1,1.0
37,6,1333.6,628.7,214.4000000000001,254.89999999999998,1,1,1.0
37,7,1181.5,478.37,210.1300000000001,244.13,1,1,1.0
37,8,1137.6,336.4,173.5,213.80000000000007,1,1,1.0
37,9,1481.67,401.53,51.72000000000003,45.670000000000016,1,1,0.0
38,10,1444.99,394.2,111.59999999999991,110.30000000000001,1,1,1.0
38,1,707.1,465.2,170.5,296.2,1,1,1.0
38,2,482.03,690.52,170.67000000000007,233.27999999999997,1,1,1.0
38,3,1308.6,415.61,248.20000000000005,240.28999999999996,1,1,1.0
38,4,873.9,377.5,302.69999999999993,159.5,1,1,1.0
38,5,631.1,709.0,299.4,224.64999999999998,1,1,1.0
38,6,1339.6,617.4,200.9000000000001,258.70000000000005,1,1,1.0
38,7,1124.36,443.37,261.9000000000001,262.9,1,1,1.0
38,8,1137.6,336.4,173.5,213.80000000000007,1,1,1.0
38,9,1468.98,367.87,57.6099999999999,41.18000000000001,1,1,0.0
39,10,1445.6,406.47,111.60000000000014,110.29999999999995,1,1,1.0
39,1,706.1,465.2,171.5,296.2,1,1,1.0
39,2,479.98,672.9,166.12,258.9,1,1,1.0
39,3,1341.0,389.6,200.9000000000001,270.6,1,1,1.0
39,4,873.9,374.4,302.69999999999993,183.89999999999998,1,1,1.0
39,5,631.1,764.0,346.0,187.70000000000005,1,1,1.0
39,6,1344.9,600.8,200.89999999999986,268.5,1,1,1.0
39,7,1133.95,448.47,248.29999999999995,266.6,1,1,1.0
39,8,1137.6,333.4,166.0,223.0,1,1,1.0
39,9,1456.3,334.2,63.5,36.69999999999999,1,1,0.0
40,10,1446.83,400.95,106.67000000000007,148.34999999999997,1,1,1.0
40,1,693.0,474.6,186.60000000000002,271.1,1,1,1.0
40,2,476.1,651.43,165.89999999999998,287.37,1,1,1.0
40,3,1322.93,399.62,214.16999999999985,263.38,1,1,1.0
40,4,891.48,359.93,280.72,225.36999999999995,1,1,1.0
40,5,660.5,781.3,313.6,176.4000000000001,1,1,1.0
40,6,1342.6,612.9,185.10000000000014,272.20000000000005,1,1,1.0
40,7,1170.0,447.6,211.4000000000001,270.5,1,1,1.0
40,8,1115.0,328.9,198.4000000000001,228.80000000000007,1,1,1.0
40,9,1415.7,315.0,104.09999999999991,87.80000000000001,1,1,0.0
41,10,1445.6,407.7,108.5,146.50000000000006,1,1,1.0
41,1,696.1,485.1,185.10000000000002,260.6,1,1,1.0
41,2,476.1,653.7,165.0,288.5999999999999,1,1,1.0
41,3,1321.4,403.2,217.5,258.90000000000003,1,1,1.0
41,4,988.2,352.4,159.5,285.6,1,1,1.0
41,5,658.6,783.0,318.1,183.5,1,1,1.0
41,6,1342.6,612.9,183.60000000000014,279.70000000000005,1,1,1.0
41,7,1184.3,460.4,197.10000000000014,300.5,1,1,1.0
41,8,1005.0,315.3,281.29999999999995,165.59999999999997,1,1,1.0
41,9,1332.0,293.6,187.79999999999995,127.59999999999997,1,1,1.0
42,10,1448.44,400.21,111.59999999999991,110.30000000000001,1,1,1.0
42,1,653.3,482.5,270.30000000000007,260.6,1,1,1.0
42,2,476.6,649.9,164.5,297.4,1,1,1.0
42,3,1325.93,406.01,212.8699999999999,258.49,1,1,1.0
42,4,934.2,352.4,165.79999999999995,320.0,1,1,1.0
42,5,660.3,774.38,305.1700000000001,198.22000000000003,1,1,1.0
42,6,1344.1,612.9,183.9000000000001,273.70000000000005,1,1,1.0
42,7,1162.45,498.8,179.04999999999995,343.47999999999996,1,1,1.0
42,8,790.25,331.88,356.6500000000001,165.60000000000002,1,1,1.0
42,9,1332.0,293.6,187.79999999999995,131.0,1,1,1.0
43,10,1448.44,402.7,104.46000000000004,145.40000000000003,1,1,0.0
43,1,546.63,583.8,295.66999999999996,136.10000000000002,1,1,1.0
43,2,476.1,649.9,161.89999999999998,303.1,1,1,1.0
43,3,1212.03,444.99,320.3700000000001,164.51,1,1,1.0
43,4,939.8,386.9,180.9000000000001,286.80000000000007,1,1,1.0
43,5,682.5,767.82,281.73,197.07999999999993,1,1,1.0
43,6,1347.7,592.1,179.20000000000005,286.19999999999993,1,1,1.0
43,7,1167.0,525.66,164.0,346.14,1,1,1.0
43,8,602.1,382.4,319.5,195.70000000000005,1,1,1.0
43,9,1332.0,293.6,193.9000000000001,147.7,1,1,1.0
44,10,1449.86,405.12,102.74000000000001,139.08000000000004,1,1,0.0
44,1,537.03,569.85,267.77,152.64999999999998,1,1,1.0
44,2,476.1,652.1,161.89999999999998,300.9,1,1,1.0
44,3,1097.63,446.17,350.4699999999998,143.82999999999998,1,1,1.0
44,4,872.0,376.2,246.20000000000005,266.09999999999997,1,1,1.0
44,5,682.5,765.95,285.28,198.54999999999995,1,1,1.0
44,6,1346.15,581.46,187.75,295.03999999999996,1,1,1.0
44,7,1167.0,546.3,164.0,330.6,1,1,1.0
44,8,492.36,438.64,260.25,150.47000000000003,1,1,1.0
44,9,1332.0,293.6,194.5,147.39999999999998,1,1,1.0
45,10,1447.38,403.35,107.31999999999994,147.64999999999998,1,1,0.0
45,1,515.7,580.3,268.19999999999993,132.20000000000005,1,1,1.0
45,2,476.1,660.2,161.89999999999998,284.0,1,1,1.0
45,3,1071.62,455.74,336.3800000000001,161.36,1,1,1.0
45,4,716.9,481.1,335.69999999999993,159.31999999999994,1,1,1.0
45,5,681.2,758.6,284.56999999999994,230.19999999999993,1,1,1.0
45,6,1350.9,606.8,183.5,272.30000000000007,1,1,1.0
45,7,1167.0,576.4,145.20000000000005,304.30000000000007,1,1,1.0
45,8,462.5,386.9,224.79999999999995,209.30000000000007,1,1,1.0
45,9,1332.0,293.6,197.0,146.89999999999998,1,1,1.0
46,10,1448.09,402.99,105.91000000000008,146.51,1,1,0.0
46,1,510.0,578.1,273.9,139.19999999999993,1,1,1.0
46,2,476.1,665.9,161.89999999999998,276.4,1,1,1.0
46,3,971.04,401.49,350.46000000000004,176.21000000000004,1,1,1.0
46,4,666.67,433.38,329.1,174.41999999999996,1,1,1.0
46,5,664.7,749.45,300.40999999999997,242.04999999999995,1,1,1.0
46,6,1353.46,612.93,181.44000000000005,263.57000000000005,1,1,1.0
46,7,1087.1,570.4,280.9000000000001,197.30000000000007,1,1,1.0
46,8,411.3,408.3,206.40000000000003,223.3,1,1,1.0
46,9,1334.45,307.46,191.45000000000005,135.54000000000002,1,1,1.0
47,10,1446.67,405.12,108.02999999999997,141.38,1,1,0.0
47,1,515.3,584.7,277.30000000000007,134.29999999999995,1,1,1.0
47,2,465.5,660.3,171.20000000000005,278.9000000000001,1,1,1.0
47,3,999.7,358.0,300.5,219.70000000000005,1,1,1.0
47,4,647.8,437.8,351.70000000000005,169.99999999999994,1,1,1.0
47,5,683.8,748.6,277.70000000000005,250.0,1,1,1.0
47,6,1350.39,606.29,185.01,269.21000000000004,1,1,1.0
47,7,1027.6,581.7,342.60000000000014,149.0999999999999,1,1,1.0
47,8,354.8,401.2,184.8,246.40000000000003,1,1,1.0
47,9,1333.84,311.87,189.66000000000008,128.02999999999997,1,1,1.0
48,10,1445.6,403.7,109.5,141.90000000000003,1,1,0.0
48,1,528.4,556.4,271.6,165.70000000000005,1,1,1.0
48,2,464.4,651.1,172.30000000000007,290.61,1,1,1.0
48,3,1005.0,350.5,279.20000000000005,244.89999999999998,1,1,1.0
48,4,625.2,434.7,374.29999999999995,173.09999999999997,1,1,1.0
48,5,691.7,744.03,262.4,225.26999999999998,1,1,1.0
48,6,1350.9,611.4,190.0999999999999,259.0,1,1,1.0
48,7,1011.0,583.2,308.70000000000005,147.5999999999999,1,1,1.0
48,8,344.6,433.12,168.01999999999998,280.38,1,1,1.0
48,9,1330.16,296.54,195.13999999999987,139.06,1,1,1.0
49,10,1445.6,406.9,111.60000000000014,138.5,1,1,0.0
49,1,534.1,557.3,270.69999999999993,169.60000000000002,1,1,1.0
49,2,473.6,651.3,163.10000000000002,301.1,1,1,1.0
49,3,1013.3,352.7,253.20000000000005,265.3,1,1,1.0
49,4,648.31,437.33,347.30000000000007,167.40000000000003,1,1,1.0
49,5,690.9,745.31,264.47,226.49,1,1,1.0
49,6,1350.9,611.4,193.69999999999982,262.4,1,1,1.0
49,7,1046.4,591.5,289.89999999999986,144.39999999999998,1,1,1.0
49,8,311.1,441.1,184.09999999999997,290.0,1,1,1.0
49,9,1328.93,308.81,196.3699999999999,131.08999999999997,1,1,1.0
50,10,1445.6,401.9,111.60000000000014,144.10000000000002,1,1,0.0
50,1,534.1,557.3,266.79999999999995,171.80000000000007,1,1,1.0
50,2,476.7,641.2,160.00000000000006,315.0,1,1,1.0
50,3,1009.9,345.2,257.0000000000001,254.00000000000006,1,1,1.0
50,4,647.8,440.4,347.30000000000007,167.39999999999998,1,1,1.0
50,5,692.3,752.23,268.47,234.56999999999994,1,1,1.0
50,6,1347.9,611.4,186.5,253.39999999999998,1,1,1.0
50,7,948.4,591.5,325.4,153.60000000000002,1,1,1.0
50,8,272.7,464.5,194.60000000000002,294.5,1,1,1.0
50,9,1330.77,302.06,193.93000000000006,139.64,1,1,1.0
51,10,1445.6,398.4,111.60000000000014,149.5,1,1,0.0
51,1,526.8,552.5,267.6,179.20000000000005,1,1,1.0
51,2,476.7,630.1,156.2,322.29999999999995,1,1,1.0
51,3,1013.3,345.2,268.70000000000005,253.2,1,1,1.0
51,4,623.9,440.4,371.20000000000005,163.60000000000002,1,1,1.0
51,5,698.3,695.9,232.4000000000001,265.0,1,1,1.0
51,6,1347.9,606.9,198.5999999999999,251.89999999999998,1,1,1.0
51,7,974.0,591.5,303.5999999999999,138.5,1,1,1.0
51,8,246.3,472.0,202.89999999999998,308.1,1,1,1.0
51,9,1330.77,303.9,196.43000000000006,139.10000000000002,1,1,1.0
52,10,1426.1,406.9,131.10000000000014,149.20000000000005,1,1,0.0
52,1,514.6,558.4,279.79999999999995,178.5,1,1,1.0
52,2,476.7,622.9,153.59999999999997,324.80000000000007,1,1,1.0
52,3,1013.3,358.0,230.29999999999995,249.39999999999998,1,1,1.0
52,4,638.3,440.4,339.20000000000005,167.70000000000005,1,1,1.0
52,5,705.2,711.6,231.19999999999993,273.79999999999995,1,1,1.0
52,6,1342.6,606.9,212.20000000000005,255.5,1,1,1.0
52,7,1086.3,581.7,268.20000000000005,156.5999999999999,1,1,1.0
52,8,268.2,483.3,167.40000000000003,319.3,1,1,1.0
52,9,1330.16,295.92,194.53999999999996,145.18,1,1,1.0
53,10,1426.1,406.9,131.10000000000014,146.70000000000005,1,1,0.0
53,1,475.4,573.9,326.0,150.39999999999998,1,1,1.0
53,2,464.4,631.2,165.89999999999998,312.79999999999995,1,1,1.0
53,3,1023.3,383.6,256.70000000000005,237.0,1,1,1.0
53,4,632.6,459.9,334.9,159.20000000000005,1,1,1.0
53,5,705.2,698.4,214.89999999999998,278.80000000000007,1,1,1.0
53,6,1339.6,601.28,223.20000000000005,245.32000000000005,1,1,1.0
53,7,1186.5,519.9,163.5,349.5,1,1,1.0
53,8,259.91,576.7,167.39999999999998,317.15,1,1,1.0
53,9,1327.91,298.38,197.99,136.22000000000003,1,1,1.0
54,10,1426.73,411.91,131.0999999999999,166.79000000000002,1,1,0.0
54,1,507.7,573.9,312.00000000000006,137.30000000000007,1,1,1.0
54,2,459.5,617.6,164.0,313.29999999999995,1,1,1.0
54,3,1002.8,396.4,292.10000000000014,212.5,1,1,1.0
54,4,647.7,453.6,308.5,157.29999999999995,1,1,1.0
54,5,697.7,716.0,241.89999999999998,264.1,1,1,1.0
54,6,1335.8,600.9,228.60000000000014,242.10000000000002,1,1,1.0
54,7,1004.9,571.1,326.30000000000007,174.0,1,1,1.0
54,8,224.8,606.68,188.45999999999998,318.32000000000005,1,1,1.0
54,9,1325.09,298.38,202.71000000000004,165.51999999999998,1,1,1.0
55,10,1389.1,421.3,168.73000000000002,142.99999999999994,1,1,1.0
55,1,491.1,573.9,334.29999999999995,137.30000000000007,1,1,1.0
55,2,462.62,633.11,153.58000000000004,311.89,1,1,1.0
55,3,1000.5,403.2,321.70000000000005,198.90000000000003,1,1,1.0
55,4,663.82,447.98,293.4,162.91999999999996,1,1,1.0
55,5,697.7,719.1,247.5,263.1,1,1,1.0
55,6,1336.82,605.21,225.98000000000002,244.28999999999996,1,1,1.0
55,7,922.0,590.7,259.20000000000005,266.69999999999993,1,1,1.0
55,8,269.77,629.25,142.43,319.65,1,1,1.0
55,9,1310.9,317.08,218.76,171.42000000000002,1,1,1.0
56,10,1389.1,403.9,168.73000000000002,179.89999999999998,1,1,1.0
56,1,505.0,511.6,271.1,208.79999999999995,1,1,1.0
56,2,465.8,608.39,150.90000000000003,341.90999999999997,1,1,1.0
56,3,993.1,403.2,269.19999999999993,195.3,1,1,1.0
56,4,662.8,451.0,304.70000000000005,159.89999999999998,1,1,1.0
56,5,703.4,681.4,176.5,314.6,1,1,1.0
56,6,1335.8,606.2,222.70000000000005,244.29999999999995,1,1,1.0
56,7,852.7,557.5,254.70000000000005,288.6,1,1,1.0
56,8,281.8,713.1,160.2,342.80000000000007,1,1,1.0
56,9,1305.57,319.54,219.79999999999995,164.0,1,1,1.0
57,10,1417.4,374.3,140.42999999999984,250.90000000000003,1,1,1.0
57,1,495.0,465.8,193.20000000000005,210.90000000000003,1,1,1.0
57,2,466.82,607.26,152.47999999999996,343.53999999999996,1,1,1.0
57,3,987.7,392.7,291.29999999999995,172.50000000000006,1,1,1.0
57,4,664.7,450.5,302.79999999999995,154.70000000000005,1,1,1.0
57,5,703.4,688.73,206.87,296.37,1,1,1.0
57,6,1338.87,608.72,220.6300000000001,245.88,1,1,1.0
57,7,876.1,571.8,259.9,174.80000000000007,1,1,1.0
57,8,255.66,812.09,210.29999999999998,243.30000000000007,1,1,1.0
57,9,1307.7,317.7,211.30999999999995,178.90000000000003,1,1,1.0
58,10,1466.38,418.79,108.51999999999998,255.50999999999993,1,1,1.0
58,1,459.7,460.5,251.90000000000003,177.10000000000002,1,1,1.0
58,2,472.54,596.62,144.66000000000003,354.78,1,1,1.0
58,3,981.7,430.4,276.20000000000005,155.10000000000002,1,1,1.0
58,4,664.7,450.5,306.5999999999999,154.70000000000005,1,1,1.0
58,5,708.2,680.86,181.79999999999995,295.74,1,1,1.0
58,6,1338.1,620.4,224.9000000000001,236.5,1,1,1.0
58,7,932.6,463.5,147.60000000000002,276.29999999999995,1,1,1.0
58,8,409.2,909.1,312.00000000000006,141.4999999999999,1,1,1.0
58,9,1312.6,318.31,203.34000000000015,197.69,1,1,1.0
59,10,1460.2,420.69,115.25,261.41,1,1,1.0
59,1,398.56,467.9,252.04000000000002,157.49,1,1,1.0
59,2,472.54,603.49,147.75999999999993,348.90999999999997,1,1,1.0
59,3,1023.1,440.9,266.4,144.60000000000002,1,1,1.0
59,4,649.6,450.5,321.69999999999993,152.79999999999995,1,1,1.0
59,5,710.0,674.15,191.91999999999996,300.25,1,1,1.0
59,6,1341.17,615.85,221.32999999999993,243.14999999999998,1,1,1.0
59,7,932.6,469.3,129.4999999999999,280.99999999999994,1,1,1.0
59,8,602.9,965.62,301.40999999999997,155.7800000000001,1,1,1.0
59,9,1313.8,321.2,199.46000000000004,218.59999999999997,1,1,1.0
60,10,1457.7,412.89,118.79999999999995,279.61,1,1,1.0
60,1,409.5,451.3,225.79999999999995,193.3,1,1,1.0
60,2,472.09,621.85,149.70999999999998,329.04999999999995,1,1,1.0
60,3,1049.5,440.9,279.9000000000001,155.89999999999998,1,1,1.0
60,4,628.9,450.5,338.6,152.79999999999995,1,1,1.0
60,5,709.6,696.07,233.97000000000003,269.63,1,1,1.0
60,6,1341.9,615.3,221.0999999999999,225.4000000000001,1,1,1.0
60,7,943.2,458.0,167.0999999999999,274.20000000000005,1,1,1.0
60,8,649.6,948.3,249.29999999999995,173.10000000000014,1,1,1.0
60,9,1321.4,317.96,181.88999999999987,240.74000000000007,1,1,1.0
61,10,1456.96,368.92,117.44000000000005,311.18,1,1,1.0
61,1,412.6,451.3,222.69999999999993,195.90000000000003,1,1,1.0
61,2,474.13,637.99,148.66999999999996,312.30999999999995,1,1,1.0
61,3,1057.0,465.0,279.20000000000005,147.60000000000002,1,1,1.0
61,4,607.5,460.27,339.9,171.0,1,1,1.0
61,5,696.7,707.43,261.69999999999993,270.6700000000001,1,1,1.0
61,6,1345.7,610.7,204.0,229.5,1,1,1.0
61,7,943.2,453.5,175.39999999999986,277.20000000000005,1,1,1.0
61,8,675.3,925.0,233.5,165.4000000000001,1,1,1.0
61,9,1320.1,298.06,165.70000000000005,257.23999999999995,1,1,1.0
62,10,1449.0,382.5,118.70000000000005,273.1,1,1,1.0
62,1,394.7,448.2,238.00000000000006,199.90000000000003,1,1,1.0
62,2,474.13,629.08,149.29999999999995,319.69999999999993,1,1,1.0
62,3,1052.5,442.8,322.70000000000005,169.8,1,1,1.0
62,4,586.8,467.5,358.0,157.79999999999995,1,1,1.0
62,5,695.4,716.17,267.80000000000007,260.63,1,1,1.0
62,6,1347.74,611.21,200.66000000000008,228.58999999999992,1,1,1.0
62,7,943.2,449.2,178.39999999999986,275.50000000000006,1,1,1.0
62,8,664.5,930.62,281.15999999999997,166.9799999999999,1,1,1.0
62,9,1326.8,295.3,163.09000000000015,252.49999999999994,1,1,1.0
63,10,1452.3,362.3,114.90000000000009,288.90000000000003,1,1,1.0
63,1,286.89,493.2,261.11,198.70999999999998,1,1,1.0
63,2,472.6,619.2,149.29999999999995,330.5999999999999,1,1,1.0
63,3,1053.6,468.6,320.3000000000002,150.79999999999995,1,1,1.0
63,4,587.82,467.5,360.5999999999999,157.79999999999995,1,1,1.0
63,5,697.5,722.05,268.83000000000004,261.05000000000007,1,1,1.0
63,6,1348.77,611.21,199.6300000000001,224.99,1,1,1.0
63,7,943.2,447.1,159.5999999999999,297.9,1,1,1.0
63,8,645.1,942.59,325.5,160.11,1,1,1.0
63,9,1313.0,294.79,173.81999999999994,256.71,1,1,1.0
64,10,1458.2,359.3,114.70000000000005,312.09999999999997,1,1,1.0
64,1,273.3,500.9,245.8,195.5,1,1,1.0
64,2,476.3,623.8,145.59999999999997,326.0,1,1,1.0
64,3,1056.79,438.7,315.4000000000001,173.90000000000003,1,1,1.0
64,4,597.5,467.5,349.9,157.79999999999995,1,1,1.0
64,5,698.0,723.75,266.25,246.04999999999995,1,1,1.0
64,6,1347.26,609.34,205.06999999999994,243.35000000000002,1,1,1.0
64,7,931.9,433.9,179.19999999999993,377.4,1,1,1.0
64,8,643.6,943.1,339.79999999999995,191.80000000000007,1,1,1.0
64,9,1298.2,298.09,179.30999999999995,245.70999999999998,1,1,1.0
65,10,1458.2,362.4,114.0,316.4,1,1,1.0
65,1,267.3,534.9,195.8,208.39999999999998,1,1,1.0
65,2,476.3,608.1,154.49999999999994,341.69999999999993,1,1,1.0
65,3,1079.6,413.1,292.0,199.5,1,1,1.0
65,4,608.9,467.5,336.0,165.0,1,1,1.0
65,5,689.6,727.3,261.19999999999993,255.5,1,1,1.0
65,6,1340.6,575.3,210.60000000000014,262.70000000000005,1,1,1.0
65,7,944.7,446.7,155.89999999999986,396.2,1,1,1.0
65,8,665.5,923.5,271.9,181.29999999999995,1,1,1.0
65,9,1293.6,298.6,177.76,247.29999999999995,1,1,1.0
66,10,1458.2,365.4,109.0,331.30000000000007,1,1,1.0
66,1,254.3,551.1,184.2,214.19999999999993,1,1,1.0
66,2,482.1,628.5,148.69999999999993,321.29999999999995,1,1,1.0
66,3,1084.1,410.8,287.5,201.8,1,1,1.0
66,4,606.9,467.5,338.0,161.10000000000002,1,1,1.0
66,5,684.9,742.4,248.89999999999998,230.39999999999998,1,1,1.0
66,6,1347.5,575.9,208.0,255.80000000000007,1,1,1.0
66,7,952.2,499.4,207.89999999999986,287.70000000000005,1,1,1.0
66,8,665.5,929.5,295.29999999999995,177.5999999999999,1,1,1.0
66,9,1294.1,298.6,175.72000000000003,253.19999999999993,1,1,1.0
67,10,1450.5,366.3,116.70000000000005,334.99999999999994,1,1,1.0
67,1,257.6,545.9,180.89999999999998,223.5,1,1,1.0
67,2,486.3,643.2,144.49999999999994,300.79999999999995,1,1,1.0
67,3,1083.3,413.8,309.4000000000001,198.8,1,1,1.0
67,4,589.3,467.5,362.5,162.60000000000002,1,1,1.0
67,5,676.4,742.4,257.4,206.5,1,1,1.0
67,6,1347.0,576.83,203.4000000000001,256.87,1,1,1.0
67,7,948.4,469.3,166.19999999999993,304.2,1,1,1.0
67,8,655.7,942.3,321.69999999999993,174.60000000000014,1,1,1.0
67,9,1296.2,298.6,172.5999999999999,250.39999999999998,1,1,1.0
68,10,1450.53,369.4,127.37000000000012,332.9,1,1,1.0
68,1,257.6,549.6,179.29999999999995,229.19999999999993,1,1,1.0
68,2,486.3,624.9,144.49999999999994,319.1,1,1,1.0
68,3,1083.3,419.1,309.4000000000001,193.5,1,1,1.0
68,4,586.2,470.6,365.5999999999999,159.0,1,1,1.0
68,5,650.0,745.5,301.70000000000005,203.39999999999998,1,1,1.0
68,6,1346.5,579.8,194.70000000000005,251.9000000000001,1,1,1.0
68,7,949.9,461.8,161.19999999999993,326.8,1,1,1.0
68,8,667.8,942.3,278.0,189.70000000000005,1,1,1.0
68,9,1294.5,293.98,169.27999999999997,250.41999999999996,1,1,1.0
69,10,1449.51,367.87,125.8900000000001,339.03,1,1,1.0
69,1,255.5,550.6,177.2,226.10000000000002,1,1,1.0
69,2,481.6,641.6,149.19999999999993,302.4,1,1,1.0
69,3,1083.3,419.1,309.4000000000001,193.5,1,1,1.0
69,4,586.5,470.6,363.4,159.0,1,1,1.0
69,5,632.4,744.2,327.20000000000005,206.0,1,1,1.0
69,6,1346.5,564.3,194.70000000000005,267.4000000000001,1,1,1.0
69,7,939.3,477.6,214.0,306.5,1,1,1.0
69,8,677.6,931.8,296.1,198.70000000000005,1,1,1.0
69,9,1297.0,293.98,161.0999999999999,248.41999999999996,1,1,1.0
70,10,1454.11,359.81,121.29000000000019,344.59,1,1,1.0
70,1,192.7,552.0,242.10000000000002,219.70000000000005,1,1,1.0
70,2,481.6,659.4,155.0,280.4,1,1,1.0
70,3,1083.3,419.1,313.20000000000005,193.5,1,1,1.0
70,4,622.09,470.09,325.4,160.01000000000005,1,1,1.0
70,5,631.1,744.2,328.5,204.0999999999999,1,1,1.0
70,6,1346.5,574.0,194.70000000000005,257.70000000000005,1,1,1.0
70,7,940.83,475.56,176.26999999999987,314.84,1,1,1.0
70,8,656.5,946.1,317.20000000000005,184.39999999999998,1,1,1.0
70,9,1292.9,293.98,172.8699999999999,263.22,1,1,1.0
71,10,1453.6,361.7,124.30000000000018,339.90000000000003,1,1,1.0
71,1,145.6,572.5,300.20000000000005,202.60000000000002,1,1,1.0
71,2,481.6,663.1,157.60000000000002,272.0,1,1,1.0
71,3,1083.3,423.6,299.60000000000014,189.0,1,1,1.0
71,4,622.6,470.6,325.4,158.5,1,1,1.0
71,5,626.7,744.2,332.9,204.0999999999999,1,1,1.0
71,6,1346.5,605.4,201.29999999999995,226.30000000000007,1,1,1.0
71,7,949.8,482.1,178.9000000000001,329.4,1,1,1.0
71,8,651.2,946.1,347.4,184.39999999999998,1,1,1.0
71,9,1289.4,287.9,186.29999999999995,292.5,1,1,1.0
72,10,1447.46,371.09,123.33999999999992,314.51000000000005,1,1,1.0
72,1,195.8,589.2,257.8,192.69999999999993,1,1,1.0
72,2,480.0,663.1,159.20000000000005,267.29999999999995,1,1,1.0
72,3,1083.3,424.4,301.10000000000014,188.20000000000005,1,1,1.0
72,4,622.6,470.6,325.4,156.39999999999998,1,1,1.0
72,5,626.7,745.5,332.9,200.29999999999995,1,1,1.0
72,6,1340.21,606.93,201.5,226.30000000000007,1,1,1.0
72,7,943.2,495.7,227.39999999999986,305.00000000000006,1,1,1.0
72,8,651.2,946.1,316.0,176.10000000000002,1,1,1.0
72,9,1310.8,289.94,180.75,294.06,1,1,1.0
73,10,1447.97,360.72,125.82999999999993,329.98,1,1,1.0
73,1,222.0,617.1,242.39999999999998,164.79999999999995,1,1,1.0
73,2,476.3,663.1,162.90000000000003,267.79999999999995,1,1,1.0
73,3,1088.6,428.2,295.8000000000002,188.90000000000003,1,1,1.0
73,4,639.6,470.6,303.4,157.5,1,1,1.0
73,5,632.4,748.6,325.9,195.89999999999998,1,1,1.0
73,6,1339.7,608.4,210.20000000000005,223.30000000000007,1,1,1.0
73,7,938.5,498.7,192.20000000000005,268.8,1,1,1.0
73,8,651.2,946.1,307.5,164.10000000000002,1,1,1.0
73,9,1310.3,294.51,169.71000000000004,286.39,1,1,1.0
74,10,1447.46,367.25,126.94000000000005,327.54999999999995,1,1,1.0
74,1,222.0,593.9,204.89999999999998,185.39999999999998,1,1,1.0
74,2,476.3,681.4,162.90000000000003,254.70000000000005,1,1,1.0
74,3,1088.6,425.2,280.0,191.90000000000003,1,1,1.0
74,4,639.6,470.6,300.79999999999995,158.0,1,1,1.0
74,5,644.2,763.7,316.5999999999999,177.69999999999993,1,1,1.0
74,6,1342.7,608.4,214.20000000000005,229.60000000000002,1,1,1.0
74,7,935.9,480.6,221.19999999999993,261.29999999999995,1,1,1.0
74,8,660.2,938.4,321.9,177.10000000000002,1,1,1.0
74,9,1311.9,294.74,167.0,281.26,1,1,1.0
75,10,1446.95,367.4,123.84999999999991,317.4,1,1,1.0
75,1,222.0,579.8,191.7,199.5,1,1,1.0
75,2,476.3,671.5,162.90000000000003,264.6,1,1,1.0
75,3,1084.8,425.2,307.20000000000005,191.90000000000003,1,1,1.0
75,4,635.2,470.6,296.5,160.0,1,1,1.0
75,5,645.9,773.7,317.9,172.0999999999999,1,1,1.0
75,6,1341.17,600.68,201.42999999999984,234.62,1,1,1.0
75,7,925.05,462.79,227.70000000000005,258.60999999999996,1,1,1.0
75,8,646.6,952.1,344.5,144.60000000000002,1,1,1.0
75,9,1310.95,295.77,170.0,277.70000000000005,1,1,1.0
76,10,1447.46,374.3,122.83999999999992,322.09999999999997,1,1,1.0
76,1,222.0,581.4,197.10000000000002,195.80000000000007,1,1,1.0
76,2,476.3,680.4,162.90000000000003,255.70000000000005,1,1,1.0
76,3,1089.3,444.8,274.10000000000014,191.09999999999997,1,1,1.0
76,4,625.8,470.6,307.80000000000007,158.5,1,1,1.0
76,5,651.6,775.4,315.92999999999995,172.10000000000002,1,1,1.0
76,6,1342.19,597.61,206.1099999999999,234.78999999999996,1,1,1.0
76,7,923.4,457.3,205.10000000000002,261.2,1,1,1.0
76,8,646.6,952.1,337.0,152.89999999999998,1,1,1.0
76,9,1322.7,313.6,138.5999999999999,255.10000000000002,1,1,1.0
77,10,1455.13,379.04,120.76999999999998,304.56,1,1,1.0
77,1,209.4,584.5,220.99999999999997,199.0,1,1,1.0
77,2,472.1,658.9,167.10000000000002,277.20000000000005,1,1,1.0
77,3,1089.3,490.8,274.10000000000014,197.09999999999997,1,1,1.0
77,4,612.6,470.6,326.69999999999993,156.89999999999998,1,1,1.0
77,5,654.2,755.5,317.29999999999995,191.60000000000002,1,1,1.0
77,6,1342.7,599.66,207.0999999999999,236.84000000000003,1,1,1.0
77,7,924.68,455.6,212.62,275.1,1,1,1.0
77,8,667.7,931.0,266.19999999999993,174.0,1,1,1.0
77,9,1329.0,308.7,140.5,255.59999999999997,1,1,1.0
78,10,1453.9,382.83,113.29999999999995,270.37000000000006,1,1,1.0
78,1,175.9,586.6,267.20000000000005,195.10000000000002,1,1,1.0
78,2,461.1,658.9,176.5,270.4,1,1,1.0
78,3,1156.4,463.7,195.69999999999982,271.7,1,1,1.0
78,4,612.6,470.6,331.69999999999993,158.5,1,1,1.0
78,5,636.6,773.1,265.79999999999995,191.60000000000002,1,1,1.0
78,6,1337.59,600.68,208.61000000000013,238.92000000000007,1,1,1.0
78,7,937.0,448.5,175.70000000000005,298.79999999999995,1,1,1.0
78,8,681.1,902.4,300.29999999999995,197.30000000000007,1,1,1.0
78,9,1334.0,310.5,141.20000000000005,243.10000000000002,1,1,1.0
79,10,1460.65,354.64,114.75,344.36,1,1,1.0
79,1,207.3,575.6,228.5,227.29999999999995,1,1,1.0
79,2,468.4,667.8,169.20000000000005,261.5,1,1,1.0
79,3,1149.6,456.9,188.10000000000014,292.80000000000007,1,1,1.0
79,4,612.6,470.6,327.9,158.5,1,1,1.0
79,5,592.0,785.7,194.89999999999998,294.5,1,1,1.0
79,6,1337.59,598.12,207.61000000000013,239.88,1,1,1.0
79,7,944.5,432.5,168.20000000000005,333.4,1,1,1.0
79,8,671.4,923.5,317.5,194.4000000000001,1,1,1.0
79,9,1334.0,310.5,141.20000000000005,243.10000000000002,1,1,1.0
80,10,1459.43,352.75,119.06999999999994,352.25,1,1,1.0
80,1,208.3,558.3,222.3,223.70000000000005,1,1,1.0
80,2,468.4,662.6,168.70000000000005,266.69999999999993,1,1,1.0
80,3,1146.6,456.9,257.8000000000002,270.20000000000005,1,1,1.0
80,4,612.6,470.6,327.9,158.0,1,1,1.0
80,5,564.4,793.2,177.89999999999998,287.5999999999999,1,1,1.0
80,6,1339.63,641.58,203.4699999999998,208.2199999999999,1,1,1.0
80,7,861.38,464.1,170.39999999999998,373.4,1,1,1.0
80,8,664.0,915.2,342.20000000000005,207.89999999999986,1,1,1.0
80,9,1334.0,314.1,141.70000000000005,239.5,1,1,1.0
81,10,1451.45,356.53,124.54999999999995,345.97,1,1,1.0
81,1,200.6,540.0,224.79999999999998,279.79999999999995,1,1,1.0
81,2,468.4,660.5,168.70000000000005,271.9,1,1,1.0
81,3,1191.8,424.5,185.79999999999995,291.29999999999995,1,1,1.0
81,4,622.6,470.6,317.9,158.0,1,1,1.0
81,5,523.0,815.8,225.0,243.60000000000014,1,1,1.0
81,6,1336.56,595.38,207.1400000000001,255.91999999999996,1,1,1.0
81,7,854.9,489.7,174.89999999999998,376.40000000000003,1,1,1.0
81,8,654.2,948.4,336.9,174.69999999999993,1,1,1.0
81,9,1334.0,315.5,145.5999999999999,253.20000000000005,1,1,1.0
82,10,1452.06,361.6,122.74000000000001,340.9,1,1,1.0
82,1,165.3,555.7,267.09999999999997,222.39999999999998,1,1,1.0
82,2,471.0,640.9,166.10000000000002,297.80000000000007,1,1,1.0
82,3,1188.8,424.5,148.9000000000001,311.70000000000005,1,1,1.0
82,4,622.6,470.6,317.9,158.0,1,1,1.0
82,5,455.8,905.6,259.49999999999994,179.39999999999998,1,1,1.0
82,6,1336.56,594.13,204.24,264.66999999999996,1,1,1.0
82,7,753.9,590.7,159.89999999999998,310.79999999999995,1,1,1.0
82,8,661.0,966.5,347.4,151.29999999999995,1,1,1.0
82,9,1286.9,309.9,193.29999999999995,256.9,1,1,1.0
83,10,1450.22,362.21,127.68000000000006,342.09,1,1,1.0
83,1,158.4,571.58,289.24,207.41999999999996,1,1,1.0
83,2,429.14,555.86,180.26,286.53999999999996,1,1,1.0
83,3,1176.7,432.8,192.5999999999999,307.2,1,1,1.0
83,4,622.6,470.6,317.9,158.0,1,1,1.0
83,5,403.1,938.9,243.79999999999995,150.0000000000001,1,1,1.0
83,6,1336.22,605.15,203.77999999999997,263.65,1,1,1.0
83,7,692.11,574.12,307.59000000000003,251.27999999999997,1,1,1.0
83,8,669.3,980.8,362.5,149.10000000000014,1,1,1.0
83,9,1301.3,310.4,181.4000000000001,245.10000000000002,1,1,1.0
84,10,1453.29,367.89,123.91000000000008,324.71000000000004,1,1,1.0
84,1,165.9,578.2,278.9,202.79999999999995,1,1,1.0
84,2,467.86,614.47,165.64,286.53999999999996,1,1,1.0
84,3,1173.7,435.8,158.89999999999986,305.7,1,1,1.0
84,4,615.7,470.6,324.79999999999995,150.29999999999995,1,1,1.0
84,5,353.5,938.9,295.9,155.69999999999993,1,1,1.0
84,6,1337.24,606.68,199.16000000000008,260.62,1,1,1.0
84,7,692.11,583.2,327.18999999999994,201.5,1,1,1.0
84,8,669.3,982.3,347.4000000000001,149.60000000000014,1,1,1.0
84,9,1312.6,321.6,169.60000000000014,240.79999999999995,1,1,1.0
85,10,1452.68,364.22,124.61999999999989,321.98,1,1,1.0
85,1,165.9,578.2,278.9,202.79999999999995,1,1,1.0
85,2,467.86,638.5,162.53999999999996,271.9,1,1,1.0
85,3,1173.7,434.5,160.20000000000005,296.5,1,1,1.0
85,4,615.7,473.7,324.79999999999995,151.8,1,1,1.0
85,5,258.1,941.4,334.79999999999995,132.5000000000001,1,1,1.0
85,6,1335.2,606.68,199.20000000000005,263.12,1,1,1.0
85,7,732.8,597.5,321.9000000000001,165.29999999999995,1,1,1.0
85,8,752.8,863.74,198.88,269.1600000000001,1,1,1.0
85,9,1300.0,323.1,181.20000000000005,245.60000000000002,1,1,1.0
86,10,1452.06,366.59,125.1400000000001,325.91,1,1,1.0
86,1,191.5,579.2,255.89999999999998,201.79999999999995,1,1,1.0
86,2,467.86,646.9,162.53999999999996,263.5,1,1,1.0
86,3,1175.2,432.0,156.5999999999999,299.0,1,1,1.0
86,4,613.8,464.0,331.1,156.89999999999998,1,1,1.0
86,5,192.1,894.3,328.0,141.29999999999995,1,1,1.0
86,6,1332.64,607.19,202.76,261.6099999999999,1,1,1.0
86,7,781.78,563.6,352.02,148.70999999999992,1,1,1.0
86,8,757.5,799.2,173.39999999999998,305.06999999999994,1,1,1.0
86,9,1294.3,323.6,185.9000000000001,248.89999999999998,1,1,1.0
87,10,1451.45,365.99,123.25,327.11,1,1,1.0
87,1,191.5,579.2,255.89999999999998,201.79999999999995,1,1,1.0
87,2,465.2,644.3,161.00000000000006,266.1,1,1,1.0
87,3,1175.2,432.0,155.70000000000005,299.0,1,1,1.0
87,4,637.7,467.1,304.0999999999999,153.79999999999995,1,1,1.0
87,5,168.9,894.3,344.30000000000007,138.79999999999995,1,1,1.0
87,6,1328.69,613.63,218.51,257.47,1,1,1.0
87,7,836.0,534.2,349.0,170.5999999999999,1,1,1.0
87,8,726.1,732.61,240.82999999999993,273.99,1,1,1.0
87,9,1320.7,317.3,165.39999999999986,255.2,1,1,1.0
88,10,1450.84,366.12,123.86000000000013,325.17999999999995,1,1,1.0
88,1,170.9,575.65,276.5,211.05000000000007,1,1,1.0
88,2,465.2,648.1,161.00000000000006,266.0,1,1,1.0
88,3,1175.2,432.0,155.70000000000005,299.0,1,1,1.0
88,4,607.6,471.1,334.19999999999993,158.5,1,1,1.0
88,5,171.1,893.9,331.4,139.19999999999993,1,1,1.0
88,6,1330.22,615.17,228.27999999999997,252.63,1,1,1.0
88,7,851.8,508.6,286.5,144.19999999999993,1,1,1.0
88,8,691.2,700.66,254.56999999999994,241.14,1,1,1.0
88,9,1320.7,315.34,161.8499999999999,252.05,1,1,1.0
89,10,1454.52,372.27,122.07999999999993,311.43000000000006,1,1,1.0
89,1,165.3,579.2,282.09999999999997,201.79999999999995,1,1,1.0
89,2,465.2,630.5,161.00000000000006,285.70000000000005,1,1,1.0
89,3,1182.7,433.7,147.29999999999995,294.3,1,1,1.0
89,4,625.2,473.7,316.5999999999999,156.90000000000003,1,1,1.0
89,5,190.9,893.0,315.4,133.20000000000005,1,1,1.0
89,6,1339.96,624.17,240.63999999999987,225.0300000000001,1,1,1.0
89,7,862.3,508.6,289.60000000000014,144.19999999999993,1,1,1.0
89,8,691.2,707.2,248.5999999999999,235.0999999999999,1,1,1.0
89,9,1325.8,324.62,154.22000000000003,248.88,1,1,1.0
90,10,1452.68,372.96,118.31999999999994,291.74000000000007,1,1,1.0
90,1,159.0,581.8,289.4,201.30000000000007,1,1,1.0
90,2,465.2,625.5,164.7,287.6,1,1,1.0
90,3,1176.3,442.5,154.60000000000014,285.5,1,1,1.0
90,4,629.0,470.1,305.9,155.39999999999998,1,1,1.0
90,5,177.7,892.6,326.5,133.60000000000002,1,1,1.0
90,6,1355.6,597.58,216.20000000000005,232.51999999999998,1,1,1.0
90,7,862.3,495.0,267.70000000000005,157.79999999999995,1,1,1.0
90,8,691.7,715.02,253.55999999999995,231.88,1,1,1.0
90,9,1324.8,324.99,165.87000000000012,244.90999999999997,1,1,1.0
91,10,1452.54,434.75,116.05999999999995,208.04999999999995,1,1,1.0
91,1,173.1,586.0,274.79999999999995,199.70000000000005,1,1,1.0
91,2,462.6,622.9,164.69999999999993,292.80000000000007,1,1,1.0
91,3,1182.7,449.3,144.20000000000005,278.7,1,1,1.0
91,4,631.5,473.7,290.20000000000005,157.90000000000003,1,1,1.0
91,5,162.4,892.6,341.79999999999995,135.69999999999993,1,1,1.0
91,6,1347.08,603.1,229.22000000000003,211.69999999999993,1,1,1.0
91,7,866.1,488.22,263.9,173.57999999999993,1,1,1.0
91,8,697.2,712.5,227.5,237.29999999999995,1,1,1.0
91,9,1194.92,398.49,294.5,186.10000000000002,1,1,1.0
92,10,1350.2,501.7,223.89999999999986,129.3,1,1,1.0
92,1,147.3,586.0,300.59999999999997,190.79999999999995,1,1,1.0
92,2,462.6,622.9,164.69999999999993,284.4,1,1,1.0
92,3,1169.51,483.96,148.69000000000005,277.84,1,1,1.0
92,4,640.1,462.4,281.04999999999995,167.20000000000005,1,1,1.0
92,5,167.0,892.17,337.6,134.42999999999995,1,1,1.0
92,6,1339.29,598.63,236.01,218.76999999999998,1,1,1.0
92,7,866.1,509.3,273.69999999999993,152.49999999999994,1,1,1.0
92,8,704.0,721.5,232.79999999999995,235.10000000000002,1,1,1.0
92,9,962.2,349.4,323.39999999999986,167.70000000000005,1,1,1.0
93,10,1245.46,450.46,289.8399999999999,129.3,1,1,1.0
93,1,157.4,588.3,283.20000000000005,204.20000000000005,1,1,1.0
93,2,411.8,683.6,244.3,188.10000000000002,1,1,1.0
93,3,840.15,548.1,308.55000000000007,206.17999999999995,1,1,1.0
93,4,622.1,447.3,304.69999999999993,180.8,1,1,1.0
93,5,168.03,891.32,330.97,136.17999999999995,1,1,1.0
93,6,1038.9,439.3,293.5999999999999,161.7,1,1,1.0
93,7,778.69,516.8,211.1099999999999,133.70000000000005,1,1,0.0
93,8,739.4,693.6,162.0,301.4,1,1,1.0
93,9,904.43,341.24,291.97000000000014,124.56,1,1,1.0
94,10,791.8,636.5,354.5,177.64,1,1,1.0
94,1,268.0,509.68,34.610000000000014,150.04000000000002,1,1,0.0
94,2,240.17,775.2,255.33,125.29999999999995,1,1,1.0
94,3,355.78,635.55,254.01999999999998,156.45000000000005,1,1,1.0
94,4,334.6,475.2,162.79999999999995,139.7,1,1,0.0
94,5,203.39,876.94,243.11,191.15999999999985,1,1,1.0
94,6,669.9,486.32,372.69999999999993,153.18,1,1,1.0
94,7,425.6,551.0,192.60000000000002,116.52999999999997,1,1,1.0
94,8,165.18,674.6,170.12,150.69999999999993,1,1,1.0
94,9,685.28,380.8,291.97,117.01999999999998,1,1,1.0
95,10,646.75,765.85,310.54999999999995,144.35000000000002,1,1,1.0
95,1,153.4,705.3,110.49999999999997,260.9000000000001,1,1,1.0
95,2,227.1,786.2,268.4,130.5,1,1,1.0
95,3,194.27,616.3,272.33000000000004,85.53000000000009,1,1,1.0
95,4,313.3,438.8,57.30000000000001,101.40000000000003,1,1,0.0
95,5,201.26,874.38,237.61,195.9899999999999,1,1,1.0
95,6,351.4,610.5,301.4,194.0,1,1,1.0
95,7,324.77,424.7,197.52999999999997,267.39000000000004,1,1,1.0
95,8,135.0,690.9,283.8,130.60000000000002,1,1,1.0
95,9,619.35,365.1,288.25,145.90999999999997,1,1,1.0
96,10,612.2,787.8,345.0999999999999,128.70000000000005,1,1,1.0
96,1,177.8,871.1,119.19999999999999,209.2800000000001,1,1,1.0
96,2,217.2,779.4,274.5,137.30000000000007,1,1,1.0
96,3,166.6,618.8,293.70000000000005,115.70000000000005,1,1,1.0
96,4,313.3,438.8,57.30000000000001,108.90000000000003,1,1,0.0
96,5,197.7,878.6,238.3,187.80000000000007,1,1,1.0
96,6,333.6,604.5,236.19999999999993,232.0,1,1,1.0
96,7,355.5,426.0,168.10000000000002,266.09000000000003,1,1,1.0
96,8,146.3,694.7,272.5,130.5999999999999,1,1,1.0
96,9,597.4,358.8,259.30000000000007,195.49999999999994,1,1,1.0
97,10,612.2,780.6,341.29999999999995,135.89999999999998,1,1,1.0
97,1,189.8,835.4,105.0,245.19999999999993,1,1,1.0
97,2,210.4,779.4,276.20000000000005,142.5,1,1,1.0
97,3,176.0,622.6,284.3,111.89999999999998,1,1,1.0
97,4,317.1,438.8,53.5,103.90000000000003,1,1,0.0
97,5,183.45,880.64,263.55,192.15999999999997,1,1,1.0
97,6,317.5,619.9,253.70000000000005,216.60000000000002,1,1,1.0
97,7,351.1,425.4,180.69999999999993,281.80000000000007,1,1,1.0
97,8,113.1,679.6,209.6,136.29999999999995,1,1,1.0
97,9,585.9,360.1,255.10000000000002,207.89999999999998,1,1,1.0
98,10,612.74,773.72,338.20000000000005,137.5,1,1,1.0
98,1,188.26,830.0,109.44,248.76999999999998,1,1,1.0
98,2,225.1,770.0,258.4,165.0,1,1,1.0
98,3,179.8,622.6,288.59999999999997,111.89999999999998,1,1,1.0
98,4,317.1,438.8,53.5,103.90000000000003,1,1,0.0
98,5,183.03,882.34,261.07000000000005,189.95999999999992,1,1,1.0
98,6,290.5,647.5,293.9,189.0,1,1,1.0
98,7,366.8,433.6,169.99999999999994,261.0,1,1,1.0
98,8,88.6,666.4,222.79999999999998,133.80000000000007,1,1,1.0
98,9,544.4,426.15,255.89,295.05000000000007,1,1,1.0
99,10,606.27,771.68,345.70000000000005,137.5,1,1,1.0
99,1,188.3,829.6,108.19999999999999,265.19999999999993,1,1,1.0
99,2,225.1,770.0,253.20000000000002,177.0,1,1,1.0
99,3,205.5,622.6,267.3,111.89999999999998,1,1,1.0
99,4,317.1,438.8,53.5,103.90000000000003,1,1,0.0
99,5,203.13,878.51,242.67000000000002,194.28999999999996,1,1,1.0
99,6,292.4,656.5,297.1,174.29999999999995,1,1,1.0
99,7,353.6,436.2,182.69999999999993,254.59999999999997,1,1,1.0
99,8,92.35,660.1,219.04999999999998,140.10000000000002,1,1,1.0
99,9,458.1,739.4,189.29999999999995,263.70000000000005,1,1,1.0
100,10,639.8,739.4,325.0,167.70000000000005,1,1,1.0
100,1,154.81,825.2,145.79000000000002,257.18000000000006,1,1,1.0
100,2,225.1,778.9,260.4,168.10000000000002,1,1,1.0
100,3,205.5,622.6,266.7,132.0,1,1,1.0
100,4,317.1,438.8,53.5,103.90000000000003,1,1,0.0
100,5,204.58,875.53,242.92,198.47000000000003,1,1,1.0
100,6,292.4,655.6,297.0,175.19999999999993,1,1,1.0
100,7,353.6,436.1,192.0,250.29999999999995,1,1,1.0
100,8,96.1,653.8,215.29999999999998,146.4000000000001,1,1,1.0
100,9,314.3,928.1,297.49999999999994,140.92999999999995,1,1,1.0
101,10,666.8,641.4,266.0,234.89999999999998,1,1,1.0
101,1,155.1,838.4,149.20000000000002,243.5000000000001,1,1,1.0
101,2,211.5,783.1,272.0,163.89999999999998,1,1,1.0
101,3,205.5,622.6,268.6,115.0,1,1,1.0
101,4,317.1,438.8,53.5,103.90000000000003,1,1,0.0
101,5,203.3,872.12,236.89999999999998,204.67999999999995,1,1,1.0
101,6,292.4,655.6,297.0,175.19999999999993,1,1,1.0
101,7,355.1,436.1,190.5,251.39999999999998,1,1,1.0
101,8,96.1,653.8,215.29999999999998,132.0,1,1,1.0
101,9,316.86,934.73,287.24,132.76999999999998,1,1,1.0
102,10,666.8,652.7,209.5,255.5999999999999,1,1,1.0
102,1,153.1,844.2,142.00000000000003,230.0,1,1,1.0
102,2,211.5,775.8,272.0,171.20000000000005,1,1,1.0
102,3,211.8,622.6,262.9,106.19999999999993,1,1,1.0
102,4,317.1,438.8,53.5,103.90000000000003,1,1,0.0
102,5,202.45,875.95,237.05,204.3499999999999,1,1,1.0
102,6,301.2,655.6,284.40000000000003,175.19999999999993,1,1,1.0
102,7,338.5,440.5,213.39999999999998,249.60000000000002,1,1,1.0
102,8,96.1,653.8,215.29999999999998,135.80000000000007,1,1,1.0
102,9,339.82,916.5,264.28000000000003,153.0,1,1,1.0
103,10,666.8,649.6,188.70000000000005,265.6,1,1,1.0
103,1,153.2,842.0,151.10000000000002,232.0,1,1,1.0
103,2,211.5,775.8,273.0,163.30000000000007,1,1,1.0
103,3,215.5,622.6,262.4,92.39999999999998,1,1,1.0
103,4,317.1,438.8,53.5,103.90000000000003,1,1,0.0
103,5,203.3,874.67,234.5,206.83000000000004,1,1,1.0
103,6,307.7,655.6,277.90000000000003,175.19999999999993,1,1,1.0
103,7,338.5,444.6,214.39999999999998,245.5,1,1,1.0
103,8,116.2,669.5,195.2,120.10000000000002,1,1,1.0
103,9,337.27,916.5,265.73,157.0999999999999,1,1,1.0
104,10,666.8,650.1,186.20000000000005,265.1,1,1,1.0
104,1,149.6,843.8,154.50000000000003,231.01,1,1,1.0
104,2,206.3,775.8,278.2,163.30000000000007,1,1,1.0
104,3,208.6,608.8,268.0,106.20000000000005,1,1,1.0
104,4,317.1,438.8,53.5,103.90000000000003,1,1,0.0
104,5,199.95,876.8,239.05,206.9000000000001,1,1,1.0
104,6,311.8,657.5,276.90000000000003,173.29999999999995,1,1,1.0
104,7,344.8,454.3,214.59999999999997,232.7,1,1,1.0
104,8,107.4,687.1,225.99999999999997,109.39999999999998,1,1,1.0
104,9,348.48,927.52,256.02,138.98000000000002,1,1,1.0
105,10,668.84,643.99,188.10000000000002,266.9,1,1,1.0
105,1,155.31,847.7,151.39,227.89999999999986,1,1,1.0
105,2,201.1,777.3,285.0,161.80000000000007,1,1,1.0
105,3,165.3,611.9,308.8,111.89999999999998,1,1,1.0
105,4,317.1,438.8,53.5,103.90000000000003,1,1,0.0
105,5,205.18,873.4,232.12,207.69999999999993,1,1,1.0
105,6,311.8,659.4,276.90000000000003,175.5,1,1,1.0
105,7,364.9,454.9,207.10000000000002,232.10000000000002,1,1,1.0
105,8,93.0,708.5,240.39999999999998,116.89999999999998,1,1,1.0
105,9,348.99,928.03,258.90999999999997,144.56999999999994,1,1,1.0
106,10,667.82,647.39,185.5999999999999,264.05000000000007,1,1,1.0
106,1,163.33,850.6,142.67,235.2299999999999,1,1,1.0
106,2,196.4,778.3,289.70000000000005,158.70000000000005,1,1,1.0
106,3,206.7,608.2,270.5,118.69999999999993,1,1,1.0
106,4,317.1,438.8,53.5,103.90000000000003,1,1,0.0
106,5,205.6,874.25,235.1,209.8499999999999,1,1,1.0
106,6,306.43,659.4,283.8,175.5,1,1,1.0
106,7,364.9,453.0,205.20000000000005,234.0,1,1,1.0
106,8,93.0,708.5,280.0,123.20000000000005,1,1,1.0
106,9,350.52,928.03,261.48,150.67000000000007,1,1,1.0
107,10,666.8,650.8,183.10000000000002,261.20000000000005,1,1,1.0
107,1,159.8,850.5,147.7,223.20000000000005,1,1,1.0
107,2,207.9,778.3,278.20000000000005,160.30000000000007,1,1,1.0
107,3,217.3,609.4,259.9,117.5,1,1,1.0
107,4,317.1,438.8,53.5,103.90000000000003,1,1,0.0
107,5,203.9,874.67,231.9,211.42999999999995,1,1,1.0
107,6,291.1,659.4,301.4,171.39999999999998,1,1,1.0
107,7,364.9,453.0,205.20000000000005,238.39999999999998,1,1,1.0
107,8,84.2,696.6,288.8,124.39999999999998,1,1,1.0
107,9,354.1,929.05,258.4,155.35000000000014,1,1,1.0
108,10,661.5,650.8,188.39999999999998,261.20000000000005,1,1,1.0
108,1,193.1,851.5,113.70000000000002,235.70000000000005,1,1,1.0
108,2,200.0,778.3,286.1,167.60000000000002,1,1,1.0
108,3,217.3,609.4,261.8,135.10000000000002,1,1,1.0
108,4,317.1,438.8,53.5,103.90000000000003,1,1,0.0
108,5,204.75,874.25,230.45,212.95000000000005,1,1,1.0
108,6,276.6,669.8,324.1,161.0,1,1,1.0
108,7,364.9,448.6,202.70000000000005,242.79999999999995,1,1,1.0
108,8,84.2,691.6,246.10000000000002,129.39999999999998,1,1,1.0
108,9,356.15,928.54,257.35,147.66000000000008,1,1,1.0
109,10,657.4,653.3,220.10000000000002,233.60000000000002,1,1,1.0
109,1,195.42,848.6,109.28,252.93999999999994,1,1,1.0
109,2,200.0,775.2,286.1,175.39999999999998,1,1,1.0
109,3,217.3,613.2,222.2,111.79999999999995,1,1,1.0
109,4,317.1,438.8,53.5,103.90000000000003,1,1,0.0
109,5,199.93,873.09,235.26999999999998,214.50999999999988,1,1,1.0
109,6,316.9,671.9,319.6,156.39999999999998,1,1,1.0
109,7,398.8,406.5,154.99999999999994,263.6,1,1,1.0
109,8,94.9,691.6,235.4,129.39999999999998,1,1,1.0
109,9,356.15,928.54,257.55000000000007,148.76,1,1,1.0
110,10,653.6,668.4,252.19999999999993,199.70000000000005,1,1,1.0
110,1,193.76,849.4,111.94,248.2700000000001,1,1,1.0
110,2,200.0,778.3,286.1,172.30000000000007,1,1,1.0
110,3,294.5,544.13,172.39999999999998,262.47,1,1,1.0
110,4,317.1,438.8,53.5,103.90000000000003,1,1,0.0
110,5,181.9,873.94,252.29999999999998,216.26,1,1,1.0
110,6,435.1,646.8,230.89999999999998,179.70000000000005,1,1,1.0
110,7,487.34,407.8,138.66000000000003,292.44,1,1,1.0
110,8,94.9,674.0,271.20000000000005,120.60000000000002,1,1,1.0
110,9,352.79,934.93,260.41,144.47000000000014,1,1,1.0
111,10,649.2,668.4,261.0,196.60000000000002,1,1,1.0
111,1,197.47,848.2,106.63000000000002,247.74,1,1,1.0
111,2,200.0,775.7,286.1,174.89999999999998,1,1,1.0
111,3,347.9,459.99,196.45000000000005,268.11,1,1,1.0
111,4,317.1,438.8,53.5,103.90000000000003,1,1,0.0
111,5,143.0,875.22,292.5,215.98000000000002,1,1,1.0
111,6,403.9,678.2,170.39999999999998,142.89999999999998,1,1,1.0
111,7,531.29,478.13,143.11,337.66999999999996,1,1,1.0
111,8,94.9,674.0,277.5,115.60000000000002,1,1,1.0
111,9,346.54,930.62,268.66,147.17999999999995,1,1,1.0
112,10,641.7,668.4,268.5,196.60000000000002,1,1,1.0
112,1,193.08,844.7,115.02000000000001,250.25,1,1,1.0
112,2,209.9,775.7,276.20000000000005,174.89999999999998,1,1,1.0
112,3,406.3,431.1,322.03000000000003,146.29999999999995,1,1,1.0
112,4,317.1,438.8,53.5,103.90000000000003,1,1,0.0
112,5,143.0,870.96,294.6,221.53999999999996,1,1,1.0
112,6,346.4,690.8,270.80000000000007,129.30000000000007,1,1,1.0
112,7,517.48,627.6,193.31999999999994,295.6,1,1,1.0
112,8,94.9,674.0,288.79999999999995,122.5,1,1,1.0
112,9,344.5,929.6,274.4,150.30000000000007,1,1,1.0
113,10,641.7,668.4,271.0,202.89999999999998,1,1,1.0
113,1,191.01,844.6,115.88999999999999,249.39999999999998,1,1,1.0
113,2,210.9,775.7,275.20000000000005,176.5,1,1,1.0
113,3,516.19,409.12,294.40999999999997,166.98000000000002,1,1,1.0
113,4,317.1,438.8,53.5,103.90000000000003,1,1,0.0
113,5,140.75,873.09,293.45,214.70999999999992,1,1,1.0
113,6,303.87,686.71,341.33000000000004,129.68999999999994,1,1,1.0
113,7,525.0,742.2,197.70000000000005,236.29999999999995,1,1,1.0
113,8,94.9,666.5,280.0,141.89999999999998,1,1,1.0
113,9,348.9,932.7,266.9,139.5,1,1,1.0
114,10,641.7,668.4,274.79999999999995,200.39999999999998,1,1,1.0
114,1,209.71,848.4,107.09,261.0000000000001,1,1,1.0
114,2,244.9,775.7,241.20000000000002,176.5,1,1,1.0
114,3,522.5,395.9,288.1,180.20000000000005,1,1,1.0
114,4,317.1,438.8,53.5,103.90000000000003,1,1,0.0
114,5,154.73,862.79,282.87,231.01,1,1,1.0
114,6,293.84,684.32,333.40000000000003,151.89999999999998,1,1,1.0
114,7,528.8,746.3,193.9000000000001,269.9000000000001,1,1,1.0
114,8,101.2,677.2,262.40000000000003,169.5,1,1,1.0
114,9,348.9,932.7,269.5,141.5,1,1,1.0
115,10,641.7,668.4,270.4,211.10000000000002,1,1,1.0
115,1,250.71,1010.08,245.59,132.2199999999999,1,1,1.0
115,2,252.2,779.9,233.90000000000003,168.60000000000002,1,1,1.0
115,3,539.5,404.1,271.1,172.0,1,1,1.0
115,4,317.1,438.8,53.5,103.90000000000003,1,1,0.0
115,5,192.23,860.64,253.87000000000003,207.95999999999992,1,1,1.0
115,6,285.5,667.0,347.20000000000005,150.0,1,1,1.0
115,7,565.8,789.0,172.0,256.0999999999999,1,1,1.0
115,8,123.2,680.3,215.90000000000003,240.5,1,1,1.0
115,9,348.9,939.0,269.5,135.0999999999999,1,1,1.0
116,10,641.7,668.4,270.4,211.10000000000002,1,1,1.0
116,1,363.6,1043.52,225.05999999999995,97.38000000000011,1,1,1.0
116,2,252.2,775.7,229.7,167.5999999999999,1,1,1.0
116,3,550.2,400.3,265.4,175.8,1,1,1.0
116,4,317.1,438.8,53.5,103.90000000000003,1,1,0.0
116,5,209.6,843.4,189.20000000000002,260.1,1,1,1.0
116,6,326.3,674.5,300.7,150.39999999999998,1,1,1.0
116,7,565.8,776.4,165.10000000000002,268.69999999999993,1,1,1.0
116,8,136.4,715.5,195.20000000000002,292.6,1,1,1.0
116,9,336.36,940.37,271.43999999999994,117.13,1,1,1.0
117,10,645.5,668.4,268.6,213.70000000000005,1,1,1.0
117,1,415.0,1002.0,309.79999999999995,131.6300000000001,1,1,1.0
117,2,225.0,773.6,256.9,172.79999999999995,1,1,1.0
117,3,550.2,400.3,265.4,180.8,1,1,1.0
117,4,317.1,438.8,53.5,103.90000000000003,1,1,0.0
117,5,205.86,811.55,160.94,322.04999999999995,1,1,1.0
117,6,328.2,674.5,298.8,150.39999999999998,1,1,1.0
117,7,574.6,776.4,162.39999999999998,243.0,1,1,1.0
117,8,136.4,711.1,181.4,294.5,1,1,1.0
117,9,332.5,909.5,252.0,158.20000000000005,1,1,1.0
118,10,653.7,663.4,259.0,224.89999999999998,1,1,1.0
118,1,591.0,929.3,306.5,159.20000000000005,1,1,1.0
118,2,228.1,757.4,251.20000000000002,205.70000000000005,1,1,1.0
118,3,550.2,404.7,263.5,178.3,1,1,1.0
118,4,317.1,438.8,53.5,103.90000000000003,1,1,0.0
118,5,236.95,839.35,146.35000000000002,296.44999999999993,1,1,1.0
118,6,333.2,674.5,289.90000000000003,149.20000000000005,1,1,1.0
118,7,562.25,776.91,161.89,247.68999999999994,1,1,1.0
118,8,157.1,701.1,145.6,287.5,1,1,1.0
118,9,371.62,945.39,208.77999999999997,165.20999999999992,1,1,1.0
119,10,653.7,663.4,259.0,224.89999999999998,1,1,1.0
119,1,595.2,938.4,319.5,153.10000000000002,1,1,1.0
119,2,257.9,775.2,221.40000000000003,168.0,1,1,1.0
119,3,557.7,404.7,259.79999999999995,181.40000000000003,1,1,1.0
119,4,240.5,438.8,130.10000000000002,220.09999999999997,1,1,0.0
119,5,230.82,869.72,171.2,282.70000000000005,1,1,1.0
119,6,356.73,672.46,263.77,152.83999999999992,1,1,1.0
119,7,548.3,765.1,163.80000000000007,256.19999999999993,1,1,1.0
119,8,157.1,684.8,146.20000000000002,269.9000000000001,1,1,1.0
119,9,377.52,937.21,196.58000000000004,186.99,1,1,1.0
120,10,656.8,663.4,249.0,227.39999999999998,1,1,1.0
120,1,595.2,938.4,319.5,153.10000000000002,1,1,1.0
120,2,256.9,770.5,222.40000000000003,156.0,1,1,1.0
120,3,568.4,389.0,249.10000000000002,197.10000000000002,1,1,1.0
120,4,244.9,438.8,125.70000000000002,221.40000000000003,1,1,0.0
120,5,250.3,878.5,127.89999999999998,268.9000000000001,1,1,1.0
120,6,335.19,671.43,284.81,155.87,1,1,1.0
120,7,548.3,765.1,155.0,253.10000000000002,1,1,1.0
120,8,130.1,674.8,188.29999999999998,248.5,1,1,1.0
120,9,362.57,918.3,218.63000000000005,208.0,1,1,1.0
