1,1,1455.0,907.2,123.70000000000005,99.89999999999998,1,1,0.0
1,2,1217.5,187.6,414.70000000000005,261.0,1,1,1.0
1,3,1480.4,518.9,92.19999999999982,183.30000000000007,1,1,0.0
1,4,1343.9,639.5,233.39999999999986,257.6,1,1,1.0
2,2,1197.4,212.7,436.6999999999998,252.90000000000003,1,1,1.0
2,3,1481.7,510.2,90.89999999999986,188.09999999999997,1,1,0.0
2,4,1334.0,655.3,243.9000000000001,254.4000000000001,1,1,1.0
2,1,1455.0,901.5,123.70000000000005,105.60000000000002,1,1,0.0
3,2,1196.1,215.2,419.10000000000014,245.40000000000003,1,1,1.0
3,3,1473.4,514.6,99.19999999999982,161.5,1,1,0.0
3,4,1332.7,655.3,246.5,241.80000000000007,1,1,1.0
3,1,1456.3,901.5,122.40000000000009,105.60000000000002,1,1,0.0
4,2,1193.6,245.3,414.0,205.89999999999998,1,1,1.0
4,3,1464.2,528.7,108.39999999999986,166.0999999999999,1,1,0.0
4,4,1311.3,623.9,245.29999999999995,261.9,1,1,1.0
4,1,1456.3,895.8,122.40000000000009,111.30000000000007,1,1,0.0
5,2,1197.3,241.5,414.70000000000005,216.60000000000002,1,1,1.0
5,3,1451.7,531.9,120.89999999999986,170.20000000000005,1,1,0.0
5,4,1296.2,609.4,225.89999999999986,272.6,1,1,1.0
5,1,1457.6,895.8,121.10000000000014,111.30000000000007,1,1,0.0
5,5,1543.03,776.01,34.539999999999964,104.29999999999995,1,1,0.0
6,2,1213.0,225.5,408.4000000000001,218.8,1,1,1.0
6,3,1472.6,531.9,100.0,188.0,1,1,0.0
6,4,1298.7,606.3,210.29999999999995,273.9000000000001,1,1,1.0
6,1,1457.2,896.7,121.5,110.89999999999998,1,1,0.0
6,5,1541.65,775.73,35.919999999999845,105.67999999999995,1,1,0.0
7,2,1246.2,202.9,375.20000000000005,237.6,1,1,1.0
7,3,1479.5,531.9,93.09999999999991,194.30000000000007,1,1,0.0
7,4,1304.4,606.3,208.39999999999986,274.5,1,1,1.0
7,1,1454.6,894.9,124.10000000000014,112.20000000000005,1,1,0.0
7,5,1540.26,775.44,37.309999999999945,107.06999999999994,1,1,0.0
8,2,1249.2,190.8,352.5999999999999,242.89999999999998,1,1,1.0
8,3,1480.8,533.8,91.79999999999995,194.30000000000007,1,1,0.0
8,4,1304.4,599.4,209.69999999999982,282.70000000000005,1,1,1.0
8,1,1454.6,894.9,124.10000000000014,112.20000000000005,1,1,0.0
8,5,1538.87,775.16,38.700000000000045,108.45000000000005,1,1,0.0
9,2,1194.2,175.8,403.0999999999999,260.2,1,1,1.0
9,3,1480.8,526.3,91.79999999999995,196.80000000000007,1,1,0.0
9,4,1304.4,606.3,209.69999999999982,275.80000000000007,1,1,1.0
9,1,1454.6,894.9,124.10000000000014,112.20000000000005,1,1,0.0
9,5,1537.48,774.87,40.08999999999992,109.83000000000004,1,1,0.0
10,2,1202.5,164.5,405.29999999999995,233.8,1,1,1.0
10,3,1482.0,526.3,90.59999999999991,173.60000000000002,1,1,0.0
10,4,1303.1,614.5,215.4000000000001,265.1,1,1,1.0
10,1,1454.6,894.9,124.10000000000014,112.20000000000005,1,1,0.0
10,5,1536.09,774.59,41.48000000000002,111.20999999999992,1,1,0.0
11,2,1207.8,163.0,410.5,224.8,1,1,1.0
11,3,1483.3,526.3,89.29999999999995,192.9000000000001,1,1,0.0
11,4,1302.5,593.8,209.70000000000005,295.80000000000007,1,1,1.0
11,1,1454.6,894.9,124.10000000000014,112.20000000000005,1,1,0.0
11,5,1534.7,774.3,42.86999999999989,112.60000000000002,1,1,0.0
12,2,1222.1,174.3,393.9000000000001,218.0,1,1,1.0
12,3,1484.6,528.2,88.0,206.39999999999998,1,1,0.0
12,4,1295.6,581.9,226.0,300.80000000000007,1,1,1.0
12,1,1454.6,894.1,124.10000000000014,113.0,1,1,0.0
12,5,1524.7,775.2,52.86999999999989,114.79999999999995,1,1,0.0
13,2,1243.2,180.3,335.89999999999986,218.0,1,1,1.0
13,3,1481.5,528.2,91.09999999999991,193.29999999999995,1,1,0.0
13,4,1298.7,581.9,216.5999999999999,300.80000000000007,1,1,1.0
13,1,1454.6,898.2,124.10000000000014,108.89999999999998,1,1,0.0
13,5,1518.2,761.2,59.36999999999989,169.79999999999995,1,1,0.0
14,2,1247.0,207.4,313.29999999999995,210.49999999999997,1,1,1.0
14,3,1470.2,525.7,102.39999999999986,194.89999999999998,1,1,0.0
14,4,1299.9,590.0,217.89999999999986,291.4,1,1,1.0
14,1,1454.6,892.3,124.10000000000014,114.80000000000007,1,1,0.0
14,5,1518.2,761.2,59.36999999999989,162.0,1,1,0.0
15,2,1250.0,239.0,305.0,210.5,1,1,1.0
15,3,1468.9,526.3,103.69999999999982,194.70000000000005,1,1,0.0
15,4,1301.8,583.1,215.4000000000001,305.19999999999993,1,1,1.0
15,1,1455.0,889.7,123.70000000000005,117.39999999999998,1,1,0.0
15,5,1516.9,761.2,60.669999999999845,162.0,1,1,0.0
16,2,1250.8,230.7,289.9000000000001,212.8,1,1,1.0
16,3,1468.3,535.1,104.29999999999995,184.39999999999998,1,1,0.0
16,4,1310.6,561.1,199.10000000000014,331.6,1,1,1.0
16,1,1455.0,899.3,123.70000000000005,103.0,1,1,0.0
16,5,1516.9,761.2,60.669999999999845,162.0,1,1,0.0
17,2,1242.5,229.9,301.20000000000005,222.6,1,1,1.0
17,3,1466.4,533.55,106.19999999999982,186.60000000000002,1,1,0.0
17,4,1301.2,590.0,217.89999999999986,302.70000000000005,1,1,1.0
17,1,1455.0,903.2,123.70000000000005,99.09999999999991,1,1,0.0
17,5,1516.9,761.2,60.669999999999845,166.39999999999998,1,1,0.0
18,2,1247.0,233.7,286.9000000000001,218.8,1,1,1.0
18,3,1464.5,532.0,108.09999999999991,188.79999999999995,1,1,0.0
18,4,1304.3,575.6,220.5,310.79999999999995,1,1,1.0
18,1,1455.0,901.9,123.70000000000005,100.39999999999998,1,1,0.0
18,5,1521.0,767.5,56.569999999999936,162.79999999999995,1,1,0.0
19,2,1243.2,232.2,290.70000000000005,224.8,1,1,1.0
19,3,1445.7,514.4,126.89999999999986,205.10000000000002,1,1,0.0
19,4,1310.0,594.4,219.20000000000005,290.70000000000005,1,1,1.0
19,1,1455.0,903.2,123.70000000000005,99.09999999999991,1,1,0.0
19,5,1521.0,767.5,56.569999999999936,162.79999999999995,1,1,0.0
20,2,1234.9,232.2,305.79999999999995,233.90000000000003,1,1,1.0
20,3,1455.7,515.0,116.89999999999986,203.20000000000005,1,1,0.0
20,4,1308.8,596.9,219.10000000000014,288.20000000000005,1,1,1.0
20,1,1455.9,903.2,122.79999999999995,102.59999999999991,1,1,0.0
20,5,1521.0,767.5,56.569999999999936,162.79999999999995,1,1,0.0
21,2,1249.2,226.2,287.70000000000005,232.40000000000003,1,1,1.0
21,3,1455.7,523.8,116.89999999999986,195.0,1,1,0.0
21,4,1309.4,593.8,221.0,288.80000000000007,1,1,1.0
21,1,1455.0,910.2,123.70000000000005,95.59999999999991,1,1,0.0
21,5,1521.7,767.5,55.86999999999989,162.79999999999995,1,1,0.0
22,2,1248.4,226.9,287.6999999999998,225.70000000000002,1,1,1.0
22,3,1468.3,523.2,104.29999999999995,197.5,1,1,0.0
22,4,1310.7,586.3,221.0,295.70000000000005,1,1,1.0
22,1,1455.9,909.7,122.79999999999995,95.69999999999993,1,1,0.0
22,5,1522.3,767.5,55.26999999999998,164.10000000000002,1,1,0.0
23,2,1248.4,226.9,291.5,225.70000000000002,1,1,1.0
23,3,1467.0,518.2,105.59999999999991,202.5,1,1,0.0
23,4,1306.9,592.0,224.79999999999995,290.0,1,1,1.0
23,1,1455.0,911.0,123.70000000000005,91.29999999999995,1,1,0.0
23,5,1522.3,767.5,55.26999999999998,158.39999999999998,1,1,0.0
24,2,1250.7,223.9,293.70000000000005,221.9,1,1,1.0
24,3,1471.4,510.0,101.19999999999982,210.70000000000005,1,1,0.0
24,4,1310.7,591.4,232.89999999999986,274.30000000000007,1,1,1.0
24,1,1455.0,910.2,123.70000000000005,92.09999999999991,1,1,0.0
24,5,1517.9,781.9,59.669999999999845,148.39999999999998,1,1,0.0
25,2,1253.7,223.9,290.70000000000005,221.9,1,1,1.0
25,3,1453.3,511.3,119.29999999999995,189.90000000000003,1,1,0.0
25,4,1301.3,591.4,257.4000000000001,238.5,1,1,1.0
25,1,1455.9,910.2,122.79999999999995,92.09999999999991,1,1,0.0
25,5,1517.3,775.0,60.26999999999998,155.29999999999995,1,1,0.0
26,2,1249.2,222.4,303.5,224.20000000000002,1,1,1.0
26,3,1455.1,515.7,117.5,189.29999999999995,1,1,0.0
26,4,1307.6,591.4,253.0,236.0,1,1,1.0
26,1,1460.7,909.76,117.55999999999995,92.94000000000005,1,1,0.0
26,5,1520.4,774.4,57.169999999999845,152.80000000000007,1,1,0.0
27,2,1250.7,220.9,310.29999999999995,224.20000000000002,1,1,1.0
27,3,1469.5,515.7,103.09999999999991,189.29999999999995,1,1,0.0
27,4,1309.4,595.2,255.5999999999999,236.5999999999999,1,1,1.0
27,1,1469.9,901.4,108.3599999999999,105.20000000000005,1,1,0.0
27,5,1522.3,773.8,55.26999999999998,148.30000000000007,1,1,0.0
28,2,1260.5,224.7,299.70000000000005,221.2,1,1,1.0
28,3,1470.7,513.2,101.89999999999986,190.5,1,1,0.0
28,4,1310.0,594.6,255.5999999999999,235.29999999999995,1,1,1.0
28,1,1454.2,913.6,124.05999999999995,90.79999999999995,1,1,0.0
28,5,1517.9,773.8,59.669999999999845,182.30000000000007,1,1,0.0
29,2,1256.0,221.7,312.5,220.40000000000003,1,1,1.0
29,3,1470.1,517.0,102.5,186.70000000000005,1,1,0.0
29,4,1309.7,595.25,256.20000000000005,234.0,1,1,1.0
29,1,1454.2,927.6,124.05999999999995,76.79999999999995,1,1,0.0
29,5,1519.2,773.8,58.36999999999989,182.30000000000007,1,1,0.0
30,2,1253.0,214.2,338.9000000000001,231.7,1,1,1.0
30,3,1475.1,518.9,97.5,184.20000000000005,1,1,0.0
30,4,1309.4,595.9,256.79999999999995,232.70000000000005,1,1,1.0
30,1,1454.2,931.9,124.05999999999995,72.5,1,1,0.0
30,5,1521.4,773.8,56.169999999999845,182.30000000000007,1,1,0.0
31,2,1232.7,218.7,360.70000000000005,228.7,1,1,1.0
31,3,1468.8,510.1,103.79999999999995,194.29999999999995,1,1,0.0
31,4,1308.8,595.9,259.9000000000001,227.70000000000005,1,1,1.0
31,1,1454.2,911.2,124.05999999999995,93.19999999999993,1,1,0.0
31,5,1517.0,773.8,60.569999999999936,184.0,1,1,0.0
32,2,1241.7,217.2,311.0,237.0,1,1,1.0
32,3,1470.1,505.7,102.5,200.00000000000006,1,1,0.0
32,4,1308.8,595.9,259.9000000000001,225.80000000000007,1,1,1.0
32,1,1455.9,912.7,122.3599999999999,91.69999999999993,1,1,0.0
32,5,1518.7,773.8,58.86999999999989,170.9000000000001,1,1,0.0
33,2,1228.1,217.2,327.60000000000014,239.3,1,1,1.0
33,3,1472.0,526.4,100.59999999999991,178.70000000000005,1,1,0.0
33,4,1308.8,595.9,259.29999999999995,229.60000000000002,1,1,1.0
33,1,1455.9,934.5,122.3599999999999,69.89999999999998,1,1,0.0
33,5,1500.4,773.8,77.16999999999985,170.9000000000001,1,1,0.0
34,2,1244.7,218.0,314.79999999999995,235.5,1,1,1.0
34,3,1477.0,527.0,95.59999999999991,178.70000000000005,1,1,0.0
34,4,1308.8,595.9,259.29999999999995,229.60000000000002,1,1,1.0
34,1,1457.2,934.5,121.05999999999995,71.20000000000005,1,1,0.0
34,5,1510.4,773.8,67.16999999999985,170.9000000000001,1,1,0.0
35,2,1242.4,220.3,315.5999999999999,237.0,1,1,1.0
35,3,1471.9,525.7,100.69999999999982,180.0,1,1,0.0
35,4,1310.1,592.1,258.60000000000014,229.0,1,1,1.0
35,1,1455.0,934.5,123.25999999999999,71.20000000000005,1,1,0.0
35,5,1508.7,773.8,68.86999999999989,172.60000000000002,1,1,0.0
36,2,1234.9,221.1,323.0999999999999,235.4,1,1,1.0
36,3,1476.3,526.4,96.29999999999995,178.0,1,1,0.0
36,4,1310.1,592.1,258.60000000000014,229.0,1,1,1.0
36,1,1454.1,934.5,124.16000000000008,71.20000000000005,1,1,0.0
36,5,1508.7,773.8,68.86999999999989,175.20000000000005,1,1,0.0
37,2,1246.2,222.6,307.29999999999995,232.4,1,1,1.0
37,3,1475.0,527.0,97.59999999999991,176.10000000000002,1,1,0.0
37,4,1311.4,592.1,258.5999999999999,227.69999999999993,1,1,1.0
37,1,1454.1,934.5,124.16000000000008,71.20000000000005,1,1,0.0
37,5,1509.1,773.8,68.47000000000003,177.80000000000007,1,1,0.0
38,2,1251.5,214.3,304.29999999999995,236.89999999999998,1,1,1.0
38,3,1475.6,525.7,97.0,176.79999999999995,1,1,0.0
38,4,1315.2,592.1,254.79999999999995,232.10000000000002,1,1,1.0
38,1,1454.1,934.5,124.16000000000008,71.20000000000005,1,1,0.0
38,5,1504.3,773.8,73.26999999999998,156.0,1,1,0.0
39,2,1253.8,222.6,296.0,239.1,1,1,1.0
39,3,1475.6,525.8,97.0,178.60000000000002,1,1,0.0
39,4,1308.3,592.1,259.79999999999995,224.60000000000002,1,1,1.0
39,1,1454.1,934.5,124.16000000000008,71.20000000000005,1,1,0.0
39,5,1503.0,773.8,74.56999999999994,186.5,1,1,0.0
40,2,1250.0,218.1,304.29999999999995,246.6,1,1,1.0
40,3,1473.1,525.8,99.5,182.4000000000001,1,1,0.0
40,4,1308.3,592.1,259.79999999999995,224.60000000000002,1,1,1.0
40,1,1454.1,929.7,124.16000000000008,76.0,1,1,0.0
40,5,1500.8,773.8,76.76999999999998,172.5,1,1,0.0
41,2,1249.2,220.4,308.0999999999999,243.49999999999997,1,1,1.0
41,3,1476.9,532.7,95.69999999999982,169.79999999999995,1,1,0.0
41,4,1316.5,592.1,252.20000000000005,222.69999999999993,1,1,1.0
41,1,1454.1,925.8,124.16000000000008,79.90000000000009,1,1,0.0
41,5,1486.8,773.8,90.76999999999998,170.80000000000007,1,1,0.0
42,2,1250.0,220.4,307.29999999999995,244.29999999999998,1,1,1.0
42,3,1476.3,529.6,96.29999999999995,172.19999999999993,1,1,0.0
42,4,1316.5,592.1,252.20000000000005,227.69999999999993,1,1,1.0
42,1,1454.1,927.5,124.16000000000008,78.20000000000005,1,1,0.0
42,5,1500.3,773.8,77.26999999999998,165.60000000000002,1,1,0.0
43,2,1248.5,221.9,310.29999999999995,244.29999999999998,1,1,1.0
43,3,1475.0,534.6,97.59999999999991,164.0,1,1,0.0
43,4,1317.1,592.1,250.34000000000015,227.69999999999993,1,1,1.0
43,1,1453.2,923.6,125.05999999999995,82.10000000000002,1,1,0.0
43,5,1502.0,773.8,75.56999999999994,170.80000000000007,1,1,0.0
44,2,1248.5,218.1,309.5,245.79999999999998,1,1,1.0
44,3,1473.1,531.5,99.5,172.79999999999995,1,1,0.0
44,4,1317.1,593.4,231.5,239.0,1,1,1.0
44,1,1452.3,926.2,125.96000000000004,79.5,1,1,0.0
44,5,1501.1,773.8,76.47000000000003,173.4000000000001,1,1,0.0
45,2,1248.5,216.6,309.5,240.50000000000003,1,1,1.0
45,3,1477.5,532.8,95.09999999999991,167.70000000000005,1,1,0.0
45,4,1287.0,608.5,288.0,216.39999999999998,1,1,1.0
45,1,1454.0,926.2,124.25999999999999,79.5,1,1,0.0
45,5,1510.7,773.8,66.86999999999989,161.60000000000002,1,1,0.0
46,2,1251.5,218.9,306.5,238.20000000000002,1,1,1.0
46,3,1476.2,534.7,96.39999999999986,175.19999999999993,1,1,0.0
46,4,1293.3,591.5,227.70000000000005,245.29999999999995,1,1,1.0
46,1,1454.0,926.2,124.25999999999999,79.5,1,1,0.0
46,5,1508.1,773.8,69.47000000000003,151.10000000000002,1,1,0.0
47,2,1253.0,221.9,305.0,231.4,1,1,1.0
47,3,1476.8,528.4,95.79999999999995,177.70000000000005,1,1,0.0
47,4,1295.8,591.5,219.5,266.6,1,1,1.0
47,1,1454.0,926.2,124.25999999999999,79.5,1,1,0.0
47,5,1515.1,780.8,62.47000000000003,149.30000000000007,1,1,0.0
48,2,1253.1,221.9,304.9000000000001,231.4,1,1,1.0
48,3,1485.0,532.8,87.59999999999991,181.5,1,1,0.0
48,4,1295.8,567.0,219.5,286.1,1,1,1.0
48,1,1454.0,926.2,124.25999999999999,79.5,1,1,0.0
48,5,1486.3,774.7,91.26999999999998,158.5,1,1,0.0
49,2,1253.5,220.4,304.5,228.4,1,1,1.0
49,3,1487.5,531.5,85.09999999999991,185.29999999999995,1,1,0.0
49,4,1312.1,532.5,193.1500000000001,312.4,1,1,1.0
49,1,1454.0,926.2,124.25999999999999,79.5,1,1,0.0
49,5,1489.4,773.4,88.16999999999985,159.80000000000007,1,1,0.0
50,2,1250.8,218.9,307.20000000000005,229.9,1,1,1.0
50,3,1478.7,531.5,93.89999999999986,186.20000000000005,1,1,0.0
50,4,1286.4,450.9,155.39999999999986,352.6,1,1,1.0
50,1,1454.0,918.8,124.25999999999999,86.90000000000009,1,1,0.0
50,5,1513.4,774.3,64.16999999999985,162.82000000000005,1,1,0.0
51,2,1251.5,222.6,303.49,226.20000000000002,1,1,1.0
51,3,1481.2,531.5,91.39999999999986,183.70000000000005,1,1,0.0
51,4,1286.4,447.1,154.0999999999999,351.4,1,1,1.0
51,1,1454.0,914.9,124.25999999999999,90.80000000000007,1,1,0.0
51,5,1510.9,774.3,66.66999999999985,162.82000000000005,1,1,0.0
52,2,1255.3,221.1,301.20000000000005,223.20000000000002,1,1,1.0
52,3,1478.7,532.8,93.89999999999986,184.10000000000002,1,1,0.0
52,4,1290.8,459.0,147.79999999999995,339.5,1,1,1.0
52,1,1454.0,914.9,124.25999999999999,90.80000000000007,1,1,0.0
52,5,1509.6,774.3,67.97000000000003,162.82000000000005,1,1,0.0
53,2,1259.8,221.9,297.5,223.20000000000002,1,1,1.0
53,3,1476.8,527.1,95.79999999999995,178.5,1,1,0.0
53,4,1290.8,450.8,147.79999999999995,345.8,1,1,1.0
53,1,1454.0,914.9,124.25999999999999,90.80000000000007,1,1,0.0
53,5,1508.3,774.3,69.26999999999998,162.82000000000005,1,1,0.0
54,2,1254.6,221.9,302.70000000000005,226.20000000000002,1,1,1.0
54,3,1478.7,524.0,93.89999999999986,182.89999999999998,1,1,0.0
54,4,1295.8,465.9,149.70000000000005,330.70000000000005,1,1,1.0
54,1,1454.0,914.9,124.25999999999999,90.80000000000007,1,1,0.0
54,5,1508.3,774.3,69.26999999999998,162.82000000000005,1,1,0.0
55,2,1251.6,222.7,302.70000000000005,223.90000000000003,1,1,1.0
55,3,1479.3,525.9,93.29999999999995,180.39999999999998,1,1,0.0
55,4,1304.0,471.6,141.5,328.79999999999995,1,1,1.0
55,1,1454.0,921.9,124.25999999999999,83.80000000000007,1,1,0.0
55,5,1508.3,780.6,69.26999999999998,147.69999999999993,1,1,0.0
56,2,1214.7,228.7,340.39999999999986,214.90000000000003,1,1,1.0
56,3,1479.9,522.8,92.69999999999982,190.4000000000001,1,1,0.0
56,4,1303.4,463.4,144.0,337.0,1,1,1.0
56,1,1454.0,923.21,124.25999999999999,83.79999999999995,1,1,0.0
56,5,1508.3,774.9,69.26999999999998,153.39999999999998,1,1,0.0
57,2,1205.7,234.7,347.89999999999986,211.90000000000003,1,1,1.0
57,3,1480.5,525.3,92.09999999999991,178.5,1,1,0.0
57,4,1300.9,465.9,154.69999999999982,337.0,1,1,1.0
57,1,1454.0,923.21,124.25999999999999,83.79999999999995,1,1,0.0
57,5,1508.3,774.3,69.26999999999998,155.30000000000007,1,1,0.0
58,2,1211.0,231.7,338.79999999999995,217.90000000000003,1,1,1.0
58,3,1479.9,525.3,92.69999999999982,181.0,1,1,0.0
58,4,1312.8,451.5,215.60000000000014,335.1,1,1,1.0
58,1,1454.0,923.21,124.25999999999999,83.79999999999995,1,1,0.0
58,5,1508.3,774.3,69.26999999999998,157.80000000000007,1,1,0.0
59,2,1209.5,230.2,340.29999999999995,219.40000000000003,1,1,1.0
59,3,1479.9,525.3,92.69999999999982,179.70000000000005,1,1,0.0
59,4,1360.5,407.5,204.29999999999995,158.70000000000005,1,1,1.0
59,1,1454.0,923.21,124.25999999999999,83.79999999999995,1,1,0.0
59,5,1508.3,774.3,69.26999999999998,159.10000000000002,1,1,0.0
60,2,1237.4,232.5,318.39999999999986,211.10000000000002,1,1,1.0
60,3,1479.9,527.8,92.69999999999982,182.9000000000001,1,1,0.0
60,4,1484.2,393.1,80.59999999999991,105.89999999999998,1,1,0.0
60,1,1454.0,916.2,124.25999999999999,90.80999999999995,1,1,0.0
60,5,1508.3,774.3,69.26999999999998,156.60000000000002,1,1,0.0
61,2,1241.1,233.3,311.70000000000005,211.8,1,1,1.0
61,3,1480.5,525.3,92.09999999999991,184.80000000000007,1,1,0.0
61,4,1514.3,393.1,46.100000000000136,45.599999999999966,1,1,0.0
61,1,1454.0,916.2,124.25999999999999,90.80999999999995,1,1,0.0
61,5,1508.3,774.3,69.26999999999998,158.5,1,1,0.0
62,2,1238.1,234.8,316.20000000000005,208.8,1,1,1.0
62,3,1479.2,527.2,93.39999999999986,177.89999999999998,1,1,0.0
62,4,1510.5,398.1,53.0,72.59999999999997,1,1,0.0
62,1,1454.0,916.2,124.25999999999999,90.80999999999995,1,1,0.0
62,5,1508.3,768.6,69.26999999999998,161.69999999999993,1,1,0.0
63,2,1241.1,235.6,316.20000000000005,209.50000000000003,1,1,1.0
63,3,1479.2,527.8,93.39999999999986,179.80000000000007,1,1,0.0
63,4,1503.0,382.4,60.5,61.30000000000001,1,1,0.0
63,1,1454.0,916.3,124.25999999999999,90.71000000000004,1,1,0.0
63,5,1508.3,768.6,69.26999999999998,174.29999999999995,1,1,0.0
64,2,1239.6,231.1,315.4000000000001,215.50000000000003,1,1,1.0
64,3,1479.2,530.4,93.39999999999986,182.20000000000005,1,1,0.0
64,4,1503.6,390.6,59.90000000000009,73.79999999999995,1,1,0.0
64,1,1454.0,926.2,124.25999999999999,80.80999999999995,1,1,0.0
64,5,1508.3,768.6,69.26999999999998,164.89999999999998,1,1,0.0
65,2,1234.3,235.6,320.70000000000005,212.50000000000003,1,1,1.0
65,3,1477.9,530.4,94.69999999999982,182.80000000000007,1,1,0.0
65,4,1548.2,412.6,15.299999999999955,38.0,1,1,0.0
65,1,1454.0,926.2,124.25999999999999,80.80999999999995,1,1,0.0
65,5,1508.9,768.6,68.66999999999985,164.89999999999998,1,1,0.0
66,2,1234.3,234.8,320.70000000000005,214.8,1,1,1.0
66,3,1477.9,531.0,94.69999999999982,182.20000000000005,1,1,0.0
66,4,1548.2,412.6,15.299999999999955,38.0,1,1,0.0
66,1,1454.0,926.2,124.25999999999999,80.80999999999995,1,1,0.0
66,5,1508.3,775.5,69.26999999999998,165.5,1,1,0.0
67,2,1245.6,233.3,311.70000000000005,211.0,1,1,1.0
67,3,1475.3,529.8,97.29999999999995,185.9000000000001,1,1,0.0
67,4,1548.2,412.6,15.299999999999955,38.0,1,1,0.0
67,1,1454.0,926.2,124.25999999999999,80.80999999999995,1,1,0.0
67,5,1503.3,775.5,74.26999999999998,168.60000000000002,1,1,0.0
68,2,1257.7,235.5,295.79999999999995,211.8,1,1,1.0
68,3,1484.1,535.5,88.5,194.0,1,1,0.0
68,4,1548.2,412.6,15.299999999999955,38.0,1,1,0.0
68,1,1454.0,926.2,124.25999999999999,80.80999999999995,1,1,0.0
68,5,1503.3,772.4,74.26999999999998,177.39999999999998,1,1,0.0
69,2,1256.2,234.7,298.79999999999995,209.60000000000002,1,1,1.0
69,3,1470.9,528.6,101.69999999999982,180.19999999999993,1,1,0.0
69,4,1548.2,412.6,15.299999999999955,38.0,1,1,0.0
69,1,1454.0,926.2,124.25999999999999,80.80999999999995,1,1,0.0
69,5,1505.8,772.4,71.76999999999998,169.20000000000005,1,1,0.0
70,2,1259.2,236.9,288.29999999999995,209.70000000000002,1,1,1.0
70,3,1478.5,528.6,94.09999999999991,185.19999999999993,1,1,0.0
70,4,1548.2,412.6,15.299999999999955,38.0,1,1,0.0
70,1,1454.0,937.5,124.25999999999999,69.50999999999999,1,1,0.0
70,5,1505.8,772.4,71.76999999999998,173.0,1,1,0.0
71,2,1257.7,236.2,288.29999999999995,209.60000000000002,1,1,1.0
71,3,1477.9,530.5,94.69999999999982,175.79999999999995,1,1,0.0
71,4,1548.2,412.6,15.299999999999955,38.0,1,1,0.0
71,1,1453.1,925.3,125.16000000000008,81.71000000000004,1,1,0.0
71,5,1488.8,772.4,88.76999999999998,162.30000000000007,1,1,0.0
72,2,1264.5,236.2,270.20000000000005,212.7,1,1,1.0
72,3,1472.9,531.8,99.69999999999982,165.0,1,1,0.0
72,4,1548.2,412.6,15.299999999999955,38.0,1,1,0.0
72,1,1450.5,922.5,127.75999999999999,84.50999999999999,1,1,0.0
72,5,1481.3,774.9,96.26999999999998,161.10000000000002,1,1,0.0
73,2,1260.0,239.2,279.20000000000005,199.90000000000003,1,1,1.0
73,3,1470.4,519.2,102.19999999999982,176.39999999999998,1,1,0.0
73,4,1548.2,412.6,15.299999999999955,38.0,1,1,0.0
73,1,1450.5,922.6,127.75999999999999,84.40999999999997,1,1,0.0
73,5,1483.2,766.7,94.36999999999989,169.89999999999998,1,1,0.0
74,2,1257.7,239.2,289.0,199.90000000000003,1,1,1.0
74,3,1470.4,521.7,102.19999999999982,172.79999999999995,1,1,0.0
74,4,1548.2,412.6,15.299999999999955,38.0,1,1,0.0
74,1,1450.5,927.0,127.75999999999999,80.00999999999999,1,1,0.0
74,5,1470.7,773.0,106.86999999999989,176.79999999999995,1,1,0.0
75,2,1256.9,237.7,289.0,198.40000000000003,1,1,1.0
75,3,1478.6,525.5,94.0,183.20000000000005,1,1,0.0
75,4,1548.2,412.6,15.299999999999955,38.0,1,1,0.0
75,1,1450.5,928.7,127.75999999999999,78.30999999999995,1,1,0.0
75,5,1452.5,769.2,125.06999999999994,192.5,1,1,0.0
76,2,1254.6,230.9,286.8000000000002,206.70000000000002,1,1,1.0
76,3,1484.9,528.0,87.69999999999982,202.70000000000005,1,1,0.0
76,4,1548.2,412.6,15.299999999999955,38.0,1,1,0.0
76,1,1452.2,921.3,126.06999999999994,85.71000000000004,1,1,0.0
76,5,1476.4,769.2,101.16999999999985,157.29999999999995,1,1,0.0
77,2,1258.4,217.3,283.0,223.3,1,1,1.0
77,3,1484.9,528.0,87.69999999999982,177.0,1,1,0.0
77,4,1548.2,412.6,15.299999999999955,38.0,1,1,0.0
77,1,1452.2,918.7,126.06999999999994,88.30999999999995,1,1,0.0
77,5,1514.1,769.2,63.47000000000003,160.39999999999998,1,1,0.0
78,2,1258.4,235.4,289.79999999999995,205.99999999999997,1,1,1.0
78,3,1484.9,527.4,87.69999999999982,170.10000000000002,1,1,0.0
78,4,1548.2,412.6,15.299999999999955,38.0,1,1,0.0
78,1,1454.4,918.7,123.86999999999989,88.30999999999995,1,1,0.0
78,5,1514.1,769.2,63.47000000000003,161.69999999999993,1,1,0.0
79,2,1253.1,234.6,292.10000000000014,207.6,1,1,1.0
79,3,1486.8,527.4,85.79999999999995,170.10000000000002,1,1,0.0
79,4,1548.2,412.6,15.299999999999955,38.0,1,1,0.0
79,1,1454.4,918.7,123.86999999999989,88.30999999999995,1,1,0.0
79,5,1512.8,769.2,64.76999999999998,164.79999999999995,1,1,0.0
80,2,1246.3,239.2,302.70000000000005,203.8,1,1,1.0
80,3,1486.2,526.1,86.39999999999986,165.10000000000002,1,1,0.0
80,4,1548.2,412.6,15.299999999999955,38.0,1,1,0.0
80,1,1454.4,918.7,123.86999999999989,88.30999999999995,1,1,0.0
80,5,1512.8,769.2,64.76999999999998,180.5,1,1,0.0
81,2,1249.3,230.2,296.70000000000005,216.60000000000002,1,1,1.0
81,3,1483.6,523.6,89.0,174.5,1,1,0.0
81,4,1548.2,412.6,15.299999999999955,38.0,1,1,0.0
81,1,1454.4,918.7,123.86999999999989,88.30999999999995,1,1,0.0
81,5,1512.8,769.2,64.76999999999998,181.0999999999999,1,1,0.0
82,2,1249.3,231.0,295.9000000000001,218.0,1,1,1.0
82,3,1483.0,524.2,89.59999999999991,172.0,1,1,0.0
82,4,1548.2,412.6,15.299999999999955,38.0,1,1,0.0
82,1,1454.4,918.2,123.8599999999999,88.80999999999995,1,1,0.0
82,5,1512.8,769.2,64.76999999999998,168.5999999999999,1,1,0.0
83,2,1248.55,230.6,296.6500000000001,218.4,1,1,1.0
83,3,1481.7,526.1,90.89999999999986,167.60000000000002,1,1,0.0
83,4,1548.2,412.6,15.299999999999955,38.0,1,1,0.0
83,1,1453.5,918.2,124.75999999999999,88.80999999999995,1,1,0.0
83,5,1510.9,769.2,66.66999999999985,161.5999999999999,1,1,0.0
84,2,1247.8,230.2,297.4000000000001,217.3,1,1,1.0
84,3,1483.0,524.8,89.59999999999991,169.5,1,1,0.0
84,4,1548.2,412.6,15.299999999999955,38.0,1,1,0.0
84,1,1453.5,918.2,124.75999999999999,88.80999999999995,1,1,0.0
84,5,1510.3,765.4,67.26999999999998,171.10000000000002,1,1,0.0
85,2,1247.8,224.2,295.9000000000001,220.3,1,1,1.0
85,3,1484.3,527.3,88.29999999999995,167.60000000000002,1,1,0.0
85,4,1548.2,412.6,15.299999999999955,38.0,1,1,0.0
85,1,1452.6,918.2,125.66000000000008,88.80999999999995,1,1,0.0
85,5,1510.3,764.1,67.26999999999998,159.19999999999993,1,1,0.0
86,2,1246.3,223.4,297.4000000000001,224.1,1,1,1.0
86,3,1482.4,523.5,90.19999999999982,170.20000000000005,1,1,0.0
86,4,1548.2,412.6,15.299999999999955,38.0,1,1,0.0
86,1,1452.6,918.2,125.66000000000008,88.80999999999995,1,1,0.0
86,5,1510.3,764.1,67.26999999999998,174.89999999999998,1,1,0.0
87,2,1247.1,223.4,298.10000000000014,224.9,1,1,1.0
87,3,1485.6,525.3,87.0,204.9000000000001,1,1,0.0
87,4,1548.2,412.6,15.299999999999955,38.0,1,1,0.0
87,1,1452.6,918.2,125.66000000000008,88.80999999999995,1,1,0.0
87,5,1509.7,765.4,67.86999999999989,175.5,1,1,0.0
88,2,1250.1,225.7,295.10000000000014,222.60000000000002,1,1,1.0
88,3,1481.8,526.6,90.79999999999995,169.10000000000002,1,1,0.0
88,4,1548.2,412.6,15.299999999999955,38.0,1,1,0.0
88,1,1452.6,918.2,125.66000000000008,88.80999999999995,1,1,0.0
88,5,1509.7,765.4,67.86999999999989,177.39999999999998,1,1,0.0
89,2,1253.9,224.2,307.0999999999999,222.60000000000002,1,1,1.0
89,3,1479.3,534.1,93.29999999999995,159.10000000000002,1,1,0.0
89,4,1548.2,412.6,15.299999999999955,38.0,1,1,0.0
89,1,1452.6,918.2,125.66000000000008,88.80999999999995,1,1,0.0
89,5,1509.7,765.4,67.86999999999989,171.10000000000002,1,1,0.0
90,2,1252.4,223.4,302.5999999999999,218.9,1,1,1.0
90,3,1442.9,547.9,129.69999999999982,157.20000000000005,1,1,0.0
90,4,1548.2,412.6,15.299999999999955,38.0,1,1,0.0
90,1,1452.6,918.2,125.66000000000008,88.80999999999995,1,1,0.0
90,5,1509.7,765.4,67.86999999999989,171.10000000000002,1,1,0.0
91,2,1250.9,221.9,326.6999999999998,234.70000000000002,1,1,1.0
91,3,1447.9,540.4,124.68999999999983,174.10000000000002,1,1,0.0
91,4,1548.2,412.6,15.299999999999955,38.0,1,1,0.0
91,1,1453.5,918.2,124.76999999999998,88.80999999999995,1,1,0.0
91,5,1509.7,765.4,67.86999999999989,162.89999999999998,1,1,0.0
92,2,1258.4,223.4,350.0999999999999,215.1,1,1,1.0
92,3,1476.8,533.5,95.78999999999996,179.10000000000002,1,1,0.0
92,4,1548.2,412.6,15.299999999999955,38.0,1,1,0.0
92,1,1453.5,918.2,124.76999999999998,88.80999999999995,1,1,0.0
92,5,1509.7,761.0,67.86999999999989,167.29999999999995,1,1,0.0
93,2,1247.1,224.2,338.0,245.2,1,1,1.0
93,3,1485.6,529.1,86.99000000000001,185.39999999999998,1,1,0.0
93,4,1548.2,412.6,15.299999999999955,38.0,1,1,0.0
93,1,1453.5,918.2,124.76999999999998,88.80999999999995,1,1,0.0
93,5,1509.7,761.0,67.86999999999989,157.29999999999995,1,1,0.0
94,2,1246.3,231.0,298.9000000000001,258.0,1,1,1.0
94,3,1480.6,527.2,92.0,186.0,1,1,0.0
94,4,1548.2,412.6,15.299999999999955,38.0,1,1,0.0
94,1,1453.5,918.2,124.76999999999998,88.80999999999995,1,1,0.0
94,5,1509.7,761.0,67.86999999999989,157.29999999999995,1,1,0.0
95,2,1244.8,228.7,304.20000000000005,255.8,1,1,1.0
95,3,1470.6,546.0,102.0,168.5,1,1,0.0
95,4,1548.2,412.6,15.299999999999955,38.0,1,1,0.0
95,1,1453.5,918.2,124.76999999999998,88.80999999999995,1,1,0.0
95,5,1509.7,761.0,67.86999999999989,157.29999999999995,1,1,0.0
96,2,1243.3,225.7,308.70000000000005,257.3,1,1,1.0
96,3,1454.9,541.6,117.69999999999982,181.69999999999993,1,1,0.0
96,4,1548.2,412.6,15.299999999999955,38.0,1,1,0.0
96,1,1453.5,918.2,124.76999999999998,88.80999999999995,1,1,0.0
96,5,1509.7,761.0,67.86999999999989,157.29999999999995,1,1,0.0
97,2,1250.1,227.9,300.4000000000001,246.1,1,1,1.0
97,3,1468.1,546.6,104.5,160.39999999999998,1,1,0.0
97,4,1548.2,412.6,15.299999999999955,38.0,1,1,0.0
97,1,1453.5,918.2,124.76999999999998,88.80999999999995,1,1,0.0
97,5,1509.7,761.0,67.86999999999989,157.29999999999995,1,1,0.0
98,2,1250.1,221.9,302.70000000000005,228.70000000000002,1,1,1.0
98,3,1476.3,552.9,96.29999999999995,157.89999999999998,1,1,0.0
98,4,1548.2,412.6,15.299999999999955,38.0,1,1,0.0
98,1,1453.5,918.2,124.76999999999998,88.80999999999995,1,1,0.0
98,5,1507.2,756.6,70.36999999999989,166.69999999999993,1,1,0.0
99,2,1250.1,228.7,295.20000000000005,221.90000000000003,1,1,1.0
99,3,1480.7,554.8,91.89999999999986,157.9000000000001,1,1,0.0
99,4,1548.2,412.6,15.299999999999955,38.0,1,1,0.0
99,1,1453.5,918.2,124.76999999999998,88.80999999999995,1,1,0.0
99,5,1507.2,756.6,70.36999999999989,169.19999999999993,1,1,0.0
100,2,1253.1,228.7,289.9000000000001,222.7,1,1,1.0
100,3,1486.4,536.6,86.19999999999982,173.0,1,1,0.0
100,4,1548.2,412.6,15.299999999999955,38.0,1,1,0.0
100,1,1453.5,918.2,124.76999999999998,88.80999999999995,1,1,0.0
100,5,1507.2,757.9,70.36999999999989,167.89999999999998,1,1,0.0
101,2,1255.4,228.7,288.39999999999986,219.60000000000002,1,1,1.0
101,3,1482.0,542.3,90.59999999999991,164.80000000000007,1,1,0.0
101,4,1548.2,412.6,15.299999999999955,38.0,1,1,0.0
101,1,1453.5,918.2,124.76999999999998,88.80999999999995,1,1,0.0
101,5,1507.2,751.0,70.36999999999989,168.5,1,1,0.0
102,2,1237.3,227.2,308.79999999999995,221.10000000000002,1,1,1.0
102,3,1473.8,540.5,98.79999999999995,163.5,1,1,0.0
102,4,1548.2,412.6,15.299999999999955,38.0,1,1,0.0
102,1,1453.5,918.2,124.76999999999998,88.80999999999995,1,1,0.0
102,5,1507.2,751.0,70.36999999999989,167.20000000000005,1,1,0.0
103,2,1235.0,225.7,317.9000000000001,222.60000000000002,1,1,1.0
103,3,1475.7,542.4,96.29999999999995,163.5,1,1,0.0
103,4,1548.2,412.6,15.299999999999955,38.0,1,1,0.0
103,1,1453.5,918.2,124.76999999999998,88.80999999999995,1,1,0.0
103,5,1507.2,751.0,70.36999999999989,182.29999999999995,1,1,0.0
104,2,1241.8,225.7,309.60000000000014,221.10000000000002,1,1,1.0
104,3,1478.9,538.0,93.09999999999991,178.70000000000005,1,1,0.0
104,4,1548.2,412.6,15.299999999999955,38.0,1,1,0.0
104,1,1453.5,918.2,124.76999999999998,88.80999999999995,1,1,0.0
104,5,1507.2,751.0,70.36999999999989,182.29999999999995,1,1,0.0
105,2,1249.3,225.7,301.29999999999995,217.40000000000003,1,1,1.0
105,3,1480.2,542.4,91.79999999999995,176.70000000000005,1,1,0.0
105,4,1548.2,412.6,15.299999999999955,38.0,1,1,0.0
105,1,1453.5,918.2,124.76999999999998,88.80999999999995,1,1,0.0
105,5,1506.6,751.0,70.97000000000003,176.70000000000005,1,1,0.0
106,2,1252.3,228.0,294.5,222.60000000000002,1,1,1.0
106,3,1482.1,538.6,89.90000000000009,176.79999999999995,1,1,0.0
106,4,1548.2,412.6,15.299999999999955,38.0,1,1,0.0
106,1,1453.5,918.2,124.76999999999998,88.80999999999995,1,1,0.0
106,5,1506.6,751.0,70.97000000000003,174.10000000000002,1,1,0.0
107,2,1247.0,225.0,301.29999999999995,220.3,1,1,1.0
107,3,1478.3,541.7,93.70000000000005,177.5,1,1,0.0
107,4,1548.2,412.6,15.299999999999955,38.0,1,1,0.0
107,1,1453.5,918.2,124.76999999999998,88.80999999999995,1,1,0.0
107,5,1506.0,751.0,71.56999999999994,170.39999999999998,1,1,0.0
108,2,1248.5,227.3,302.79999999999995,221.0,1,1,1.0
108,3,1473.3,534.2,98.70000000000005,182.5,1,1,0.0
108,4,1548.2,412.6,15.299999999999955,38.0,1,1,0.0
108,1,1453.5,918.2,124.76999999999998,88.80999999999995,1,1,0.0
108,5,1506.0,752.3,71.56999999999994,169.10000000000002,1,1,0.0
109,2,1236.4,221.3,316.39999999999986,264.7,1,1,1.0
109,3,1470.2,525.4,101.79999999999995,196.30000000000007,1,1,0.0
109,4,1548.2,412.6,15.299999999999955,38.0,1,1,0.0
109,1,1453.5,918.2,124.76999999999998,88.80999999999995,1,1,0.0
109,5,1506.0,752.3,71.56999999999994,172.20000000000005,1,1,0.0
110,2,1240.2,220.5,314.0999999999999,276.0,1,1,1.0
110,3,1466.4,526.7,105.59999999999991,192.5,1,1,0.0
110,4,1548.2,412.6,15.299999999999955,38.0,1,1,0.0
110,1,1453.5,918.2,124.76999999999998,88.80999999999995,1,1,0.0
110,5,1506.0,752.3,71.56999999999994,177.63,1,1,0.0
111,2,1241.7,223.5,313.39999999999986,273.0,1,1,1.0
111,3,1467.7,526.0,104.29999999999995,192.60000000000002,1,1,0.0
111,4,1548.2,412.6,15.299999999999955,38.0,1,1,0.0
111,1,1453.5,918.2,124.76999999999998,88.80999999999995,1,1,0.0
111,5,1506.0,752.3,71.56999999999994,183.07000000000005,1,1,0.0
112,2,1247.0,223.5,306.5999999999999,234.60000000000002,1,1,1.0
112,3,1467.7,524.1,104.29999999999995,194.5,1,1,0.0
112,4,1548.2,412.6,15.299999999999955,38.0,1,1,0.0
112,1,1453.5,918.2,124.76999999999998,88.80999999999995,1,1,0.0
112,5,1506.0,752.3,71.56999999999994,188.5,1,1,0.0
113,2,1241.7,222.0,312.70000000000005,218.8,1,1,1.0
113,3,1469.0,529.1,103.0,190.10000000000002,1,1,0.0
113,4,1548.2,412.6,15.299999999999955,38.0,1,1,0.0
113,1,1453.5,918.2,124.76999999999998,88.80999999999995,1,1,0.0
113,5,1506.0,757.3,71.56999999999994,183.5,1,1,0.0
114,2,1240.9,223.5,310.49,212.8,1,1,1.0
114,3,1469.6,530.4,102.40000000000009,188.80000000000007,1,1,0.0
114,4,1548.2,412.6,15.299999999999955,38.0,1,1,0.0
114,1,1453.5,918.2,124.76999999999998,88.80999999999995,1,1,0.0
114,5,1506.0,757.3,71.56999999999994,178.5,1,1,0.0
115,2,1248.4,223.5,303.6999999999998,213.60000000000002,1,1,1.0
115,3,1469.6,527.9,102.40000000000009,193.20000000000005,1,1,0.0
115,4,1548.2,412.6,15.299999999999955,38.0,1,1,0.0
115,1,1453.5,918.2,124.76999999999998,88.80999999999995,1,1,0.0
115,5,1506.0,757.3,71.56999999999994,178.5,1,1,0.0
116,2,1252.2,219.0,300.70000000000005,249.0,1,1,1.0
116,3,1455.2,510.9,116.79999999999995,208.30000000000007,1,1,0.0
116,4,1548.2,412.6,15.299999999999955,38.0,1,1,0.0
116,1,1453.5,918.2,124.76999999999998,88.80999999999995,1,1,0.0
116,5,1506.0,757.3,71.56999999999994,178.5,1,1,0.0
117,2,1249.9,219.0,303.79999999999995,229.39999999999998,1,1,1.0
117,3,1457.7,509.7,114.29999999999995,210.09999999999997,1,1,0.0
117,4,1548.2,412.6,15.299999999999955,38.0,1,1,0.0
117,1,1453.5,918.2,124.76999999999998,88.80999999999995,1,1,0.0
117,5,1506.0,756.0,71.56999999999994,181.10000000000002,1,1,0.0
118,2,1251.8,220.5,299.25,228.64999999999998,1,1,1.0
118,3,1464.6,529.8,107.40000000000009,191.9000000000001,1,1,0.0
118,4,1548.2,412.6,15.299999999999955,38.0,1,1,0.0
118,1,1453.5,918.2,124.76999999999998,88.80999999999995,1,1,0.0
118,5,1506.0,752.2,71.56999999999994,184.89999999999998,1,1,0.0
119,2,1253.7,222.0,294.70000000000005,227.89999999999998,1,1,1.0
119,3,1455.2,506.6,116.79999999999995,217.60000000000002,1,1,0.0
119,4,1548.2,412.6,15.299999999999955,38.0,1,1,0.0
119,1,1453.5,918.2,124.76999999999998,88.80999999999995,1,1,0.0
119,5,1506.0,752.2,71.56999999999994,184.89999999999998,1,1,0.0
120,2,1250.7,220.5,299.20000000000005,226.39999999999998,1,1,1.0
120,3,1445.2,510.4,126.79999999999995,212.5,1,1,0.0
120,4,1548.2,412.6,15.299999999999955,38.0,1,1,0.0
120,1,1453.5,918.2,124.76999999999998,88.80999999999995,1,1,0.0
120,5,1504.7,752.2,72.86999999999989,184.89999999999998,1,1,0.0
