1,1,206.2,642.0,170.10000000000002,295.6,1,1,1.0
1,2,245.6,842.2,135.20000000000002,292.39999999999986,1,1,1.0
1,3,286.0,601.1,227.0,206.39999999999998,1,1,1.0
1,4,363.6,496.7,232.0,257.40000000000003,1,1,1.0
1,5,437.7,744.9,246.50000000000006,209.39999999999998,1,1,1.0
1,6,433.23,906.27,299.1,134.0,1,1,1.0
1,7,697.1,742.0,254.79999999999995,289.20000000000005,1,1,1.0
1,8,721.6,595.7,389.30000000000007,140.69999999999993,1,1,1.0
1,9,1094.9,573.4,247.0999999999999,267.70000000000005,1,1,1.0
2,1,206.2,663.5,170.10000000000002,275.4,1,1,1.0
2,2,240.6,843.5,140.20000000000002,289.9000000000001,1,1,1.0
2,3,299.2,606.8,207.5,201.30000000000007,1,1,1.0
2,4,355.4,500.5,244.0,253.60000000000002,1,1,1.0
2,5,435.2,743.7,245.90000000000003,206.79999999999995,1,1,1.0
2,6,423.7,919.0,302.7,137.70000000000005,1,1,1.0
2,7,715.9,837.4,332.69999999999993,211.39999999999998,1,1,1.0
2,8,720.1,596.5,381.1,137.60000000000002,1,1,1.0
2,9,1170.3,629.3,240.10000000000014,270.80000000000007,1,1,1.0
3,1,179.2,666.7,197.10000000000002,275.29999999999995,1,1,1.0
3,2,241.9,841.0,140.20000000000002,278.0,1,1,1.0
3,3,299.2,608.7,213.2,200.69999999999993,1,1,1.0
3,4,369.2,500.5,231.50000000000006,253.60000000000002,1,1,1.0
3,5,436.5,743.0,244.0,204.89999999999998,1,1,1.0
3,6,387.6,943.1,308.4,127.69999999999993,1,1,1.0
3,7,694.5,931.0,376.0999999999999,152.4000000000001,1,1,1.0
3,8,717.1,594.2,364.4999999999999,136.89999999999998,1,1,1.0
3,9,1244.4,630.6,197.39999999999986,282.6,1,1,1.0
4,1,168.5,672.4,206.0,269.6,1,1,1.0
4,2,238.1,851.7,143.29999999999998,250.0999999999999,1,1,1.0
4,3,302.9,573.6,202.0,235.19999999999993,1,1,1.0
4,4,379.4,500.5,223.20000000000005,253.60000000000002,1,1,1.0
4,5,425.8,741.7,264.09999999999997,216.89999999999998,1,1,1.0
4,6,271.0,646.0,207.7,357.0,1,1,1.0
4,7,683.8,929.7,354.79999999999995,144.29999999999995,1,1,1.0
4,8,711.8,590.4,354.70000000000005,139.20000000000005,1,1,1.0
4,9,1316.0,650.7,166.0,268.0999999999999,1,1,1.0
5,1,168.5,657.1,168.39999999999998,284.9,1,1,1.0
5,2,238.7,874.3,142.8,225.20000000000005,1,1,1.0
5,3,315.5,591.2,189.39999999999998,227.5999999999999,1,1,1.0
5,4,373.6,501.8,229.0,252.3,1,1,1.0
5,5,430.8,743.6,258.49999999999994,215.0,1,1,1.0
5,6,280.4,636.6,174.8,336.6,1,1,1.0
5,7,682.5,919.6,342.29999999999995,154.9999999999999,1,1,1.0
5,8,713.3,588.9,353.9000000000001,140.70000000000005,1,1,1.0
5,9,1309.7,642.5,159.70000000000005,322.4,1,1,1.0
6,1,212.5,630.3,103.0,233.80000000000007,1,1,1.0
6,2,238.0,876.8,143.5,219.70000000000005,1,1,1.0
6,3,306.7,571.1,185.0,246.39999999999998,1,1,1.0
6,4,372.4,479.8,228.30000000000007,274.3,1,1,1.0
6,5,429.3,743.6,260.8,208.69999999999993,1,1,1.0
6,6,265.2,638.7,187.90000000000003,339.69999999999993,1,1,1.0
6,7,687.5,913.9,385.0999999999999,159.39999999999998,1,1,1.0
6,8,708.8,589.7,363.70000000000005,142.19999999999993,1,1,1.0
6,9,1309.7,648.8,155.89999999999986,317.1,1,1,1.0
7,1,196.2,639.1,107.40000000000003,198.60000000000002,1,1,1.0
7,2,236.7,874.3,144.10000000000002,216.5,1,1,1.0
7,3,330.6,561.1,176.2,247.60000000000002,1,1,1.0
7,4,368.6,469.8,232.10000000000002,284.3,1,1,1.0
7,5,433.8,743.6,256.3,207.89999999999998,1,1,1.0
7,6,280.4,624.6,170.60000000000002,354.4,1,1,1.0
7,7,689.4,912.0,348.6,163.79999999999995,1,1,1.0
7,8,789.4,567.1,336.6,143.69999999999993,1,1,1.0
7,9,1309.7,648.8,151.5,317.1,1,1,1.0
8,1,189.9,643.5,115.6,173.5,1,1,1.0
8,2,240.4,873.7,141.1,217.89999999999986,1,1,1.0
8,3,340.0,559.8,188.10000000000002,242.0,1,1,1.0
8,4,371.1,471.7,225.19999999999993,269.2,1,1,1.0
8,5,436.1,744.4,252.39999999999998,207.10000000000002,1,1,1.0
8,6,295.1,617.9,151.79999999999995,358.80000000000007,1,1,1.0
8,7,689.4,903.2,342.9,170.0999999999999,1,1,1.0
8,8,830.1,512.1,297.4,230.29999999999995,1,1,1.0
8,9,1309.7,648.8,149.5999999999999,296.4000000000001,1,1,1.0
9,1,186.8,643.5,118.69999999999999,187.10000000000002,1,1,1.0
9,2,239.8,872.4,141.7,222.69999999999993,1,1,1.0
9,3,326.2,566.7,199.40000000000003,225.0999999999999,1,1,1.0
9,4,410.0,448.5,190.10000000000002,277.29999999999995,1,1,1.0
9,5,430.1,751.1,250.89999999999998,188.60000000000002,1,1,1.0
9,6,293.0,628.8,163.8,349.20000000000005,1,1,1.0
9,7,688.8,908.2,312.70000000000005,165.0999999999999,1,1,1.0
9,8,848.9,469.9,261.30000000000007,334.30000000000007,1,1,1.0
9,9,1309.7,648.8,149.5999999999999,295.70000000000005,1,1,1.0
10,1,190.6,638.5,146.20000000000002,194.29999999999995,1,1,1.0
10,2,238.5,869.9,143.0,224.39999999999998,1,1,1.0
10,3,334.3,547.9,191.3,249.0,1,1,1.0
10,4,378.6,479.3,234.69999999999993,235.2,1,1,1.0
10,5,430.1,749.6,283.29999999999995,189.29999999999995,1,1,1.0
10,6,289.8,630.9,170.2,347.1,1,1,1.0
10,7,683.1,910.7,344.19999999999993,175.20000000000005,1,1,1.0
10,8,849.7,469.9,250.70000000000005,343.30000000000007,1,1,1.0
10,9,1309.7,645.0,147.70000000000005,292.0,1,1,1.0
11,1,189.3,639.7,117.5,196.19999999999993,1,1,1.0
11,2,238.5,870.5,143.0,225.29999999999995,1,1,1.0
11,3,338.1,545.4,193.19999999999993,244.0,1,1,1.0
11,4,379.9,486.8,242.20000000000005,223.90000000000003,1,1,1.0
11,5,431.6,748.8,281.79999999999995,190.10000000000002,1,1,1.0
11,6,293.5,623.6,162.8,347.79999999999995,1,1,1.0
11,7,686.2,906.9,333.5999999999999,169.0000000000001,1,1,1.0
11,8,842.9,474.5,259.0000000000001,318.4,1,1,1.0
11,9,1305.3,645.0,152.10000000000014,295.1,1,1,1.0
12,1,189.3,627.7,124.0,206.29999999999995,1,1,1.0
12,2,240.4,864.2,144.20000000000002,247.29999999999995,1,1,1.0
12,3,335.0,493.4,156.10000000000002,274.0,1,1,1.0
12,4,374.2,487.4,244.09999999999997,230.80000000000007,1,1,1.0
12,5,434.6,748.0,276.5,193.89999999999998,1,1,1.0
12,6,294.0,631.4,163.8,340.30000000000007,1,1,1.0
12,7,686.2,903.1,329.19999999999993,170.30000000000007,1,1,1.0
12,8,841.4,474.5,259.69999999999993,319.9,1,1,1.0
12,9,1305.3,643.7,152.10000000000014,286.4,1,1,1.0
13,1,193.1,642.8,123.70000000000002,196.9000000000001,1,1,1.0
13,2,238.5,864.2,143.0,255.5,1,1,1.0
13,3,335.0,502.7,151.0,259.00000000000006,1,1,1.0
13,4,384.9,488.7,240.89999999999998,229.50000000000006,1,1,1.0
13,5,436.9,746.5,270.4,197.70000000000005,1,1,1.0
13,6,294.5,614.2,162.89999999999998,362.69999999999993,1,1,1.0
13,7,688.7,905.0,295.9,169.70000000000005,1,1,1.0
13,8,836.9,475.3,267.19999999999993,322.09999999999997,1,1,1.0
13,9,1305.3,643.7,152.10000000000014,286.4,1,1,1.0
14,1,193.7,643.4,124.30000000000001,197.60000000000002,1,1,1.0
14,2,244.2,866.7,137.3,245.5,1,1,1.0
14,3,325.2,518.5,158.2,239.39999999999998,1,1,1.0
14,4,405.6,490.0,222.69999999999993,223.20000000000005,1,1,1.0
14,5,436.9,746.5,268.9,201.39999999999998,1,1,1.0
14,6,295.5,616.3,161.39999999999998,365.5,1,1,1.0
14,7,681.2,911.3,283.9,163.4000000000001,1,1,1.0
14,8,835.4,475.3,283.0000000000001,303.99999999999994,1,1,1.0
14,9,1307.8,638.0,145.20000000000005,277.0,1,1,1.0
15,1,194.4,642.8,143.1,200.70000000000005,1,1,1.0
15,2,239.2,866.7,142.3,243.0,1,1,1.0
15,3,327.7,504.7,132.5,231.8,1,1,1.0
15,4,400.0,459.9,227.0,251.39999999999998,1,1,1.0
15,5,437.7,746.5,270.40000000000003,202.20000000000005,1,1,1.0
15,6,292.3,633.3,164.59999999999997,345.4000000000001,1,1,1.0
15,7,681.2,903.1,278.9,162.19999999999993,1,1,1.0
15,8,833.9,476.1,278.5000000000001,283.6,1,1,1.0
15,9,1309.1,634.9,143.9000000000001,280.1,1,1,1.0
16,10,1446.4,789.7,161.39999999999986,165.39999999999998,1,1,1.0
16,1,198.1,646.0,110.6,196.20000000000005,1,1,1.0
16,2,199.0,866.7,182.5,239.89999999999986,1,1,1.0
16,3,322.7,507.2,138.10000000000002,231.2,1,1,1.0
16,4,408.8,448.0,203.8,265.79999999999995,1,1,1.0
16,5,439.2,748.0,267.40000000000003,199.20000000000005,1,1,1.0
16,6,286.6,648.3,170.29999999999995,329.6,1,1,1.0
16,7,678.1,875.5,315.29999999999995,176.5999999999999,1,1,1.0
16,8,843.7,476.1,268.70000000000005,287.4,1,1,1.0
16,9,1309.7,634.3,143.29999999999995,285.1,1,1,1.0
17,10,1430.0,798.5,179.70000000000005,168.5,1,1,1.0
17,1,200.7,634.0,151.5,208.60000000000002,1,1,1.0
17,2,214.7,881.1,166.8,226.80000000000007,1,1,1.0
17,3,338.4,512.2,121.10000000000002,257.5999999999999,1,1,1.0
17,4,437.7,411.6,183.09999999999997,282.1,1,1,1.0
17,5,441.5,749.5,265.1,195.39999999999998,1,1,1.0
17,6,228.8,651.5,228.09999999999997,288.1,1,1,1.0
17,7,681.9,862.3,314.0,194.20000000000005,1,1,1.0
17,8,839.2,478.4,284.5,298.70000000000005,1,1,1.0
17,9,1309.7,634.3,143.89999999999986,287.6,1,1,1.0
18,10,1389.2,812.9,220.5,160.39999999999998,1,1,1.0
18,1,209.3,637.8,141.59999999999997,199.30000000000007,1,1,0.0
18,2,222.9,888.6,160.49999999999997,220.60000000000002,1,1,1.0
18,3,349.7,511.0,128.60000000000002,261.9,1,1,1.0
18,4,412.5,411.6,229.60000000000002,276.4,1,1,1.0
18,5,443.8,749.5,261.99999999999994,199.20000000000005,1,1,1.0
18,6,232.6,642.1,224.29999999999998,283.69999999999993,1,1,1.0
18,7,688.2,852.3,285.69999999999993,213.0,1,1,1.0
18,8,842.2,477.6,279.20000000000005,298.0,1,1,1.0
18,9,1307.2,633.0,147.0,287.6,1,1,1.0
19,10,1387.3,812.9,222.4000000000001,160.39999999999998,1,1,1.0
19,1,205.7,637.5,146.10000000000002,199.60000000000002,1,1,0.0
19,2,235.5,878.6,147.2,226.80000000000007,1,1,1.0
19,3,365.4,558.1,118.5,210.39999999999998,1,1,1.0
19,4,411.2,462.5,263.50000000000006,234.89999999999998,1,1,1.0
19,5,444.6,748.7,262.0,203.79999999999995,1,1,1.0
19,6,231.3,651.5,225.09999999999997,269.29999999999995,1,1,1.0
19,7,704.5,836.6,241.79999999999995,243.80000000000007,1,1,1.0
19,8,846.0,477.6,271.5999999999999,297.19999999999993,1,1,1.0
19,9,1307.2,629.2,147.0,317.79999999999995,1,1,1.0
20,10,1386.7,812.9,223.0,162.30000000000007,1,1,1.0
20,1,212.0,628.5,128.89999999999998,208.60000000000002,1,1,0.0
20,2,241.8,861.7,150.3,253.79999999999995,1,1,1.0
20,3,369.2,550.6,117.80000000000001,216.60000000000002,1,1,1.0
20,4,426.3,462.5,275.99999999999994,173.39999999999998,1,1,1.0
20,5,446.1,748.7,261.29999999999995,205.29999999999995,1,1,1.0
20,6,215.6,662.0,238.70000000000002,267.20000000000005,1,1,1.0
20,7,710.2,835.3,236.0999999999999,259.5,1,1,1.0
20,8,846.0,478.4,290.4000000000001,232.39999999999998,1,1,1.0
20,9,1307.2,629.2,149.5,292.69999999999993,1,1,1.0
21,10,1386.7,814.8,224.29999999999995,160.4000000000001,1,1,1.0
21,1,202.1,636.6,138.79999999999998,201.39999999999998,1,1,0.0
21,2,233.0,918.2,247.60000000000002,202.29999999999995,1,1,1.0
21,3,371.1,546.9,119.69999999999999,219.70000000000005,1,1,1.0
21,4,431.3,534.7,309.3,125.09999999999991,1,1,1.0
21,5,443.1,748.7,263.5,204.5,1,1,1.0
21,6,203.6,670.4,252.29999999999998,268.70000000000005,1,1,1.0
21,7,720.9,830.3,225.39999999999998,246.29999999999995,1,1,1.0
21,8,862.6,470.9,284.30000000000007,267.80000000000007,1,1,1.0
21,9,1307.2,625.4,148.20000000000005,282.70000000000005,1,1,1.0
22,10,1384.8,814.8,226.20000000000005,160.4000000000001,1,1,1.0
22,1,206.6,636.6,132.50000000000003,207.69999999999993,1,1,0.0
22,2,217.3,929.5,270.2,182.79999999999995,1,1,1.0
22,3,371.7,546.9,115.90000000000003,226.0,1,1,1.0
22,4,374.8,555.4,302.99999999999994,132.70000000000005,1,1,1.0
22,5,444.6,747.2,265.0,206.0,1,1,1.0
22,6,226.1,653.1,230.29999999999998,280.19999999999993,1,1,1.0
22,7,710.9,841.0,231.60000000000002,296.5,1,1,1.0
22,8,855.1,474.7,297.80000000000007,264.00000000000006,1,1,1.0
22,9,1307.2,626.7,148.20000000000005,283.29999999999995,1,1,1.0
23,10,1384.8,816.1,226.20000000000005,162.79999999999995,1,1,1.0
23,1,208.4,636.6,130.70000000000002,195.89999999999998,1,1,0.0
23,2,226.1,927.6,262.0,178.39999999999998,1,1,1.0
23,3,373.0,548.2,113.30000000000001,226.5999999999999,1,1,1.0
23,4,377.9,478.8,293.6,218.09999999999997,1,1,1.0
23,5,443.1,747.2,265.0,204.5,1,1,1.0
23,6,241.2,643.1,215.2,280.19999999999993,1,1,1.0
23,7,711.5,857.3,224.10000000000002,231.20000000000005,1,1,1.0
23,8,843.0,480.0,327.20000000000005,226.29999999999995,1,1,1.0
23,9,1307.2,628.0,145.0999999999999,282.0,1,1,1.0
24,10,1384.8,838.7,223.70000000000005,152.79999999999995,1,1,1.0
24,1,203.9,638.4,135.20000000000002,195.0,1,1,0.0
24,2,224.2,933.9,253.8,173.39999999999998,1,1,1.0
24,3,370.5,548.2,143.39999999999998,224.69999999999993,1,1,1.0
24,4,452.6,474.4,249.0,245.10000000000002,1,1,1.0
24,5,442.3,748.7,264.2,206.79999999999995,1,1,1.0
24,6,253.1,644.4,203.29999999999998,285.20000000000005,1,1,1.0
24,7,710.9,868.6,220.30000000000007,215.4999999999999,1,1,1.0
24,8,846.8,477.0,310.60000000000014,233.10000000000002,1,1,1.0
24,9,1307.2,628.0,145.70000000000005,288.9,1,1,1.0
25,10,1384.8,817.3,218.70000000000005,172.30000000000007,1,1,1.0
25,1,206.6,481.4,180.4,232.60000000000002,1,1,0.0
25,2,224.2,933.9,254.40000000000003,175.89999999999998,1,1,1.0
25,3,367.3,490.4,150.3,265.6,1,1,1.0
25,4,449.5,455.6,249.60000000000002,264.5,1,1,1.0
25,5,443.1,749.5,263.4,203.0,1,1,1.0
25,6,249.3,649.4,206.5,280.80000000000007,1,1,1.0
25,7,710.9,879.9,219.70000000000005,208.0000000000001,1,1,1.0
25,8,857.3,464.2,306.79999999999995,233.8,1,1,1.0
25,9,1309.1,626.7,140.70000000000005,280.19999999999993,1,1,1.0
26,10,1383.5,812.3,216.20000000000005,176.0,1,1,1.0
26,1,316.6,463.0,68.09999999999997,131.89999999999998,1,1,0.0
26,2,224.8,929.5,248.8,191.0,1,1,1.0
26,3,388.7,486.6,155.3,241.79999999999995,1,1,1.0
26,4,445.7,455.6,250.90000000000003,262.6,1,1,1.0
26,5,441.6,752.5,260.4,201.5,1,1,1.0
26,6,253.7,637.5,202.10000000000002,292.70000000000005,1,1,1.0
26,7,708.4,879.3,220.89999999999998,224.29999999999995,1,1,1.0
26,8,883.7,490.6,308.29999999999995,241.29999999999995,1,1,1.0
26,9,1309.1,623.6,141.30000000000018,283.29999999999995,1,1,1.0
27,10,1384.1,802.3,215.60000000000014,186.60000000000002,1,1,1.0
27,1,313.6,475.6,72.29999999999995,83.5,1,1,0.0
27,2,224.8,931.4,249.5,182.19999999999993,1,1,1.0
27,3,403.8,475.3,139.59999999999997,259.40000000000003,1,1,1.0
27,4,445.1,456.2,252.10000000000002,255.7,1,1,1.0
27,5,434.8,742.7,240.8,209.0,1,1,1.0
27,6,255.6,640.6,200.20000000000002,295.79999999999995,1,1,1.0
27,7,704.0,867.4,225.29999999999995,255.69999999999993,1,1,1.0
27,8,931.9,502.7,272.19999999999993,309.8,1,1,1.0
27,9,1309.1,623.6,142.60000000000014,290.19999999999993,1,1,1.0
28,10,1385.4,794.1,211.79999999999995,196.69999999999993,1,1,1.0
28,1,295.3,475.6,130.39999999999998,112.79999999999995,1,1,0.0
28,2,224.8,928.9,253.3,179.0000000000001,1,1,1.0
28,3,418.2,470.9,128.3,274.5,1,1,1.0
28,4,435.1,458.1,264.0,256.29999999999995,1,1,1.0
28,5,422.7,727.7,298.09999999999997,195.39999999999998,1,1,1.0
28,6,237.4,647.5,218.4,288.9,1,1,1.0
28,7,705.9,859.2,223.39999999999998,285.89999999999986,1,1,1.0
28,8,938.7,490.6,264.5999999999999,336.19999999999993,1,1,1.0
28,9,1309.1,622.3,143.20000000000005,293.4000000000001,1,1,1.0
29,10,1386.7,794.1,210.5,199.79999999999995,1,1,1.0
29,1,329.3,475.6,106.89999999999998,85.60000000000002,1,1,0.0
29,2,227.3,925.8,272.09999999999997,177.10000000000014,1,1,1.0
29,3,421.9,479.7,164.80000000000007,265.7,1,1,1.0
29,4,443.9,466.9,257.70000000000005,251.30000000000007,1,1,1.0
29,5,422.7,733.7,298.09999999999997,189.39999999999998,1,1,1.0
29,6,239.3,660.1,216.5,276.29999999999995,1,1,1.0
29,7,713.4,858.6,218.39999999999998,287.1,1,1,1.0
29,8,937.9,490.6,265.4,333.19999999999993,1,1,1.0
29,9,1309.1,620.4,143.80000000000018,309.1,1,1,1.0
30,10,1384.8,814.2,215.5,182.79999999999995,1,1,1.0
30,1,307.3,474.6,92.80000000000001,97.10000000000002,1,1,0.0
30,2,220.4,943.4,253.29999999999998,163.89999999999998,1,1,1.0
30,3,428.2,450.2,216.90000000000003,221.09999999999997,1,1,1.0
30,4,443.3,471.3,256.40000000000003,242.49999999999994,1,1,1.0
30,5,417.5,728.5,277.70000000000005,191.60000000000002,1,1,1.0
30,6,239.3,660.1,216.5,275.0,1,1,1.0
30,7,717.8,862.4,211.5,290.80000000000007,1,1,1.0
30,8,947.7,485.3,254.0999999999999,352.09999999999997,1,1,1.0
30,9,1309.1,616.0,143.80000000000018,308.5,1,1,1.0
31,10,1391.7,836.0,211.70000000000005,167.29999999999995,1,1,1.0
31,1,307.3,479.3,145.7,100.80000000000001,1,1,0.0
31,2,231.7,937.7,242.60000000000002,164.5999999999999,1,1,1.0
31,3,447.7,455.9,247.59999999999997,196.60000000000002,1,1,1.0
31,4,430.1,497.0,321.1,204.89999999999998,1,1,1.0
31,5,431.8,713.4,262.7,224.0,1,1,1.0
31,6,236.2,662.6,219.60000000000002,272.5,1,1,1.0
31,7,714.0,859.9,211.5,269.4,1,1,1.0
31,8,943.2,488.3,258.5999999999999,333.3,1,1,1.0
31,9,1309.1,616.0,142.5,285.9,1,1,1.0
32,10,1406.8,827.4,205.4000000000001,141.39999999999998,1,1,1.0
32,1,315.1,450.6,152.59999999999997,132.10000000000002,1,1,1.0
32,2,241.7,942.1,232.60000000000002,160.80000000000007,1,1,1.0
32,3,460.3,428.9,263.2,213.60000000000002,1,1,1.0
32,4,436.4,501.4,353.70000000000005,179.80000000000007,1,1,1.0
32,5,439.3,711.9,255.2,227.80000000000007,1,1,1.0
32,6,248.8,643.1,207.0,287.0,1,1,1.0
32,7,721.5,854.9,205.89999999999998,251.80000000000007,1,1,1.0
32,8,937.9,488.3,260.9,337.8,1,1,1.0
32,9,1309.1,617.3,141.20000000000005,284.6,1,1,1.0
33,10,1405.5,825.2,200.4000000000001,143.5999999999999,1,1,1.0
33,1,297.6,452.6,188.89999999999998,130.10000000000002,1,1,1.0
33,2,256.1,942.1,218.79999999999995,154.4999999999999,1,1,1.0
33,3,468.5,430.2,236.79999999999995,224.2,1,1,1.0
33,4,518.0,482.6,315.4,182.89999999999998,1,1,1.0
33,5,446.1,742.0,248.39999999999998,188.70000000000005,1,1,1.0
33,6,236.9,653.78,214.49999999999997,269.4200000000001,1,1,1.0
33,7,721.5,854.9,202.79999999999995,260.0000000000001,1,1,1.0
33,8,948.4,480.8,253.39999999999998,335.49999999999994,1,1,1.0
33,9,1309.1,621.1,141.20000000000005,285.79999999999995,1,1,1.0
34,10,1375.4,831.2,234.89999999999986,146.39999999999998,1,1,1.0
34,1,315.0,457.4,175.2,138.30000000000007,1,1,1.0
34,2,257.4,942.7,218.20000000000005,153.89999999999986,1,1,1.0
34,3,471.6,413.9,282.69999999999993,205.30000000000007,1,1,1.0
34,4,550.7,495.2,287.69999999999993,178.50000000000006,1,1,1.0
34,5,436.3,737.5,258.2,176.60000000000002,1,1,1.0
34,6,238.8,641.8,215.7,281.4000000000001,1,1,1.0
34,7,729.6,874.4,193.39999999999998,288.19999999999993,1,1,1.0
34,8,936.3,489.8,265.5,317.49999999999994,1,1,1.0
34,9,1309.1,621.1,140.60000000000014,277.6,1,1,1.0
35,10,1385.4,819.9,219.69999999999982,177.80000000000007,1,1,1.0
35,1,319.2,459.5,192.5,160.29999999999995,1,1,1.0
35,2,262.4,938.9,212.60000000000002,158.30000000000007,1,1,1.0
35,3,490.4,400.7,293.4,176.40000000000003,1,1,1.0
35,4,560.1,493.3,277.69999999999993,179.09999999999997,1,1,1.0
35,5,445.7,735.0,274.50000000000006,192.29999999999995,1,1,1.0
35,6,247.6,647.5,208.20000000000002,281.4,1,1,1.0
35,7,723.3,880.7,201.0,248.5999999999999,1,1,1.0
35,8,943.1,489.8,258.69999999999993,318.99999999999994,1,1,1.0
35,9,1309.1,623.0,140.60000000000014,275.70000000000005,1,1,1.0
36,10,1382.9,817.4,228.0,180.30000000000007,1,1,1.0
36,1,333.0,503.4,223.70000000000005,203.30000000000007,1,1,1.0
36,2,261.8,935.8,213.2,162.0,1,1,1.0
36,3,513.0,396.9,304.70000000000005,190.20000000000005,1,1,1.0
36,4,557.6,495.8,279.6,177.2,1,1,1.0
36,5,465.8,723.6,254.40000000000003,212.5,1,1,1.0
36,6,230.6,649.4,222.70000000000002,281.4,1,1,1.0
36,7,724.6,876.3,198.39999999999998,246.70000000000005,1,1,1.0
36,8,943.1,486.8,254.19999999999993,306.2,1,1,1.0
36,9,1309.1,623.0,139.30000000000018,277.6,1,1,1.0
37,10,1382.9,816.8,223.5999999999999,180.9000000000001,1,1,1.0
37,1,429.14,622.2,301.26,118.0,1,1,1.0
37,2,242.3,942.7,237.7,146.89999999999986,1,1,1.0
37,3,556.3,388.7,324.80000000000007,126.80000000000001,1,1,1.0
37,4,565.1,493.9,277.1,176.0,1,1,1.0
37,5,463.9,728.6,256.30000000000007,210.60000000000002,1,1,1.0
37,6,238.2,649.4,213.8,280.1,1,1,1.0
37,7,724.6,871.3,199.0,251.10000000000014,1,1,1.0
37,8,934.1,509.4,269.9999999999999,261.70000000000005,1,1,1.0
37,9,1309.1,621.1,138.0,288.9,1,1,1.0
38,10,1382.9,831.2,223.5999999999999,174.0,1,1,1.0
38,1,636.36,662.4,302.84000000000003,138.5,1,1,1.0
38,2,249.2,954.0,278.50000000000006,135.5999999999999,1,1,1.0
38,3,550.6,409.4,337.4,129.30000000000007,1,1,1.0
38,4,571.4,497.0,277.1,174.20000000000005,1,1,1.0
38,5,461.4,732.4,257.5,198.60000000000002,1,1,1.0
38,6,243.9,653.2,208.70000000000002,276.9,1,1,1.0
38,7,731.5,866.9,189.60000000000002,292.5000000000001,1,1,1.0
38,8,971.8,510.9,260.9000000000001,296.4,1,1,1.0
38,9,1309.1,621.1,138.60000000000014,283.9,1,1,1.0
39,10,1388.6,823.7,215.4000000000001,184.5999999999999,1,1,1.0
39,1,664.2,672.5,322.5999999999999,181.70000000000005,1,1,1.0
39,2,267.4,943.3,321.20000000000005,157.0,1,1,1.0
39,3,550.0,417.6,338.0,129.29999999999995,1,1,1.0
39,4,569.5,495.7,277.70000000000005,174.8,1,1,1.0
39,5,455.7,723.0,264.50000000000006,213.70000000000005,1,1,1.0
39,6,242.0,652.6,209.3,283.19999999999993,1,1,1.0
39,7,721.5,864.4,205.89999999999998,279.9,1,1,1.0
39,8,992.9,501.9,247.30000000000007,329.5,1,1,1.0
39,9,1309.1,619.8,139.20000000000005,303.4000000000001,1,1,1.0
40,10,1384.2,814.3,228.5999999999999,176.4000000000001,1,1,1.0
40,1,676.2,667.3,326.29999999999995,190.10000000000002,1,1,1.0
40,2,291.3,952.1,326.8,151.9999999999999,1,1,1.0
40,3,597.7,422.0,348.69999999999993,124.29999999999995,1,1,1.0
40,4,566.4,497.6,278.30000000000007,170.39999999999998,1,1,1.0
40,5,458.2,729.3,262.00000000000006,199.20000000000005,1,1,1.0
40,6,248.9,640.0,196.70000000000002,298.29999999999995,1,1,1.0
40,7,722.8,868.2,200.80000000000007,257.89999999999986,1,1,1.0
40,8,983.1,510.2,257.1,306.90000000000003,1,1,1.0
40,9,1309.1,619.8,139.20000000000005,303.4000000000001,1,1,1.0
41,10,1384.2,806.8,219.20000000000005,173.20000000000005,1,1,1.0
41,1,678.3,669.4,297.0,185.39999999999998,1,1,1.0
41,2,338.4,975.3,338.1,137.60000000000014,1,1,1.0
41,3,810.0,331.6,238.70000000000005,226.0,1,1,1.0
41,4,566.4,497.6,275.80000000000007,172.89999999999998,1,1,1.0
41,5,461.3,733.1,258.90000000000003,196.69999999999993,1,1,1.0
41,6,248.3,643.8,160.3,296.4000000000001,1,1,1.0
41,7,710.9,868.8,208.89999999999998,257.9000000000001,1,1,1.0
41,8,982.3,518.5,261.70000000000005,267.70000000000005,1,1,1.0
41,9,1309.1,622.9,139.20000000000005,285.20000000000005,1,1,1.0
42,10,1384.2,812.5,219.20000000000005,167.5,1,1,1.0
42,1,675.7,671.5,269.79999999999995,169.70000000000005,1,1,1.0
42,2,397.4,973.4,288.5,132.0000000000001,1,1,1.0
42,3,816.3,375.6,286.4000000000001,179.5,1,1,1.0
42,4,571.4,492.6,271.4,182.29999999999995,1,1,1.0
42,5,462.6,734.4,257.6,196.0,1,1,1.0
42,6,257.7,601.8,154.0,346.6,1,1,1.0
42,7,696.5,866.3,276.0,239.70000000000005,1,1,1.0
42,8,983.1,517.0,306.1,241.29999999999995,1,1,1.0
42,9,1309.1,616.0,141.10000000000014,289.6,1,1,1.0
43,10,1382.3,812.5,221.10000000000014,165.60000000000002,1,1,1.0
43,1,658.0,663.7,284.4,175.39999999999998,1,1,1.0
43,2,406.2,960.8,267.8,137.79999999999995,1,1,1.0
43,3,864.0,356.8,294.5,150.59999999999997,1,1,1.0
43,4,577.7,487.6,293.4,182.29999999999995,1,1,1.0
43,5,462.6,739.4,257.6,191.0,1,1,1.0
43,6,269.6,535.9,142.09999999999997,325.20000000000005,1,1,1.0
43,7,686.5,871.3,285.4,225.29999999999995,1,1,1.0
43,8,991.4,520.8,260.9,260.1,1,1,1.0
43,9,1309.1,617.9,141.10000000000014,287.70000000000005,1,1,1.0
44,10,1381.0,811.2,224.29999999999995,168.19999999999993,1,1,1.0
44,1,663.8,655.9,281.20000000000005,179.5,1,1,1.0
44,2,411.9,962.1,305.4,136.4999999999999,1,1,1.0
44,3,883.5,363.1,319.0,153.10000000000002,1,1,1.0
44,4,582.7,432.3,290.29999999999995,227.59999999999997,1,1,1.0
44,5,461.4,738.8,258.80000000000007,193.5,1,1,1.0
44,6,265.8,546.5,183.59999999999997,315.29999999999995,1,1,1.0
44,7,682.1,882.6,288.5,207.10000000000002,1,1,1.0
44,8,1034.4,511.0,231.5,313.6,1,1,1.0
44,9,1309.1,617.3,141.10000000000014,283.30000000000007,1,1,1.0
45,10,1381.0,812.5,221.79999999999995,167.5,1,1,1.0
45,1,654.9,667.9,290.1,165.39999999999998,1,1,1.0
45,2,405.6,962.7,328.0,138.39999999999986,1,1,1.0
45,3,913.0,372.5,305.79999999999995,129.89999999999998,1,1,1.0
45,4,585.8,401.5,294.80000000000007,270.29999999999995,1,1,1.0
45,5,461.4,740.1,258.80000000000007,192.19999999999993,1,1,1.0
45,6,262.0,513.8,210.0,282.1,1,1,1.0
45,7,674.6,889.5,296.0,193.29999999999995,1,1,1.0
45,8,1034.4,493.7,215.69999999999982,306.00000000000006,1,1,1.0
45,9,1309.1,618.6,141.70000000000005,284.5,1,1,1.0
46,10,1381.0,812.5,221.79999999999995,168.10000000000002,1,1,1.0
46,1,647.0,661.1,296.4,163.79999999999995,1,1,1.0
46,2,454.6,958.9,316.69999999999993,126.50000000000011,1,1,1.0
46,3,942.5,375.0,286.29999999999995,149.39999999999998,1,1,1.0
46,4,634.8,386.3,302.30000000000007,261.59999999999997,1,1,1.0
46,5,461.4,735.7,258.80000000000007,196.5999999999999,1,1,1.0
46,6,252.0,496.2,180.39999999999998,282.09999999999997,1,1,1.0
46,7,672.7,886.4,292.19999999999993,196.39999999999998,1,1,1.0
46,8,1041.9,490.7,213.5,319.50000000000006,1,1,1.0
46,9,1309.1,618.6,140.4000000000001,284.5,1,1,1.0
47,10,1386.0,813.8,216.79999999999995,169.30000000000007,1,1,1.0
47,1,630.8,670.5,312.30000000000007,145.0,1,1,1.0
47,2,454.6,955.1,288.4,134.69999999999993,1,1,1.0
47,3,933.7,375.7,277.5999999999999,153.09999999999997,1,1,1.0
47,4,644.2,374.4,277.19999999999993,246.5,1,1,1.0
47,5,471.4,743.9,248.80000000000007,194.10000000000002,1,1,1.0
47,6,253.9,525.7,204.29999999999998,232.5,1,1,1.0
47,7,670.2,906.5,258.29999999999995,166.9000000000001,1,1,1.0
47,8,1027.6,508.8,269.20000000000005,238.09999999999997,1,1,1.0
47,9,1311.0,608.6,139.0999999999999,305.19999999999993,1,1,1.0
48,10,1390.4,813.8,212.39999999999986,172.4000000000001,1,1,1.0
48,1,635.5,672.6,361.79999999999995,148.69999999999993,1,1,1.0
48,2,455.9,955.1,282.1,135.9999999999999,1,1,1.0
48,3,957.6,378.8,286.9999999999999,145.59999999999997,1,1,1.0
48,4,633.5,378.2,298.0,246.40000000000003,1,1,1.0
48,5,494.0,750.2,226.20000000000005,181.5,1,1,1.0
48,6,262.1,502.5,227.5,252.60000000000002,1,1,1.0
48,7,675.2,909.0,255.79999999999995,163.0999999999999,1,1,1.0
48,8,1029.1,512.6,267.70000000000005,244.89999999999998,1,1,1.0
48,9,1311.0,598.6,137.20000000000005,332.79999999999995,1,1,1.0
49,10,1389.1,818.8,213.10000000000014,161.70000000000005,1,1,1.0
49,1,642.3,671.0,386.9000000000001,150.29999999999995,1,1,1.0
49,2,458.4,956.4,301.6,136.0000000000001,1,1,1.0
49,3,979.6,410.2,301.9999999999999,172.59999999999997,1,1,1.0
49,4,654.2,378.8,346.9,189.90000000000003,1,1,1.0
49,5,494.0,748.9,226.20000000000005,182.80000000000007,1,1,1.0
49,6,270.9,495.6,218.70000000000005,268.29999999999995,1,1,1.0
49,7,670.2,904.0,261.4,163.0999999999999,1,1,1.0
49,8,1037.4,514.9,230.0,249.39999999999998,1,1,1.0
49,9,1311.0,608.0,133.4000000000001,307.1,1,1,1.0
50,10,1381.6,811.3,221.9000000000001,163.5,1,1,1.0
50,1,646.0,671.5,372.70000000000005,155.60000000000002,1,1,1.0
50,2,460.9,955.2,311.1,137.89999999999986,1,1,1.0
50,3,1003.5,412.7,294.4000000000001,196.50000000000006,1,1,1.0
50,4,725.8,366.2,319.9000000000001,173.00000000000006,1,1,1.0
50,5,508.4,748.9,211.80000000000007,189.10000000000002,1,1,1.0
50,6,289.1,502.5,148.39999999999998,289.70000000000005,1,1,1.0
50,7,658.3,907.8,306.0,151.70000000000005,1,1,1.0
50,8,1047.2,513.4,210.39999999999986,322.5,1,1,1.0
50,9,1311.0,609.9,133.4000000000001,305.20000000000005,1,1,1.0
51,10,1381.6,815.1,219.4000000000001,161.0,1,1,1.0
51,1,649.1,670.5,377.4,155.60000000000002,1,1,1.0
51,2,466.6,961.5,302.9,130.29999999999995,1,1,1.0
51,3,1061.9,425.9,267.39999999999986,226.0,1,1,1.0
51,4,792.4,346.1,345.0000000000001,166.10000000000002,1,1,1.0
51,5,509.7,731.9,210.50000000000006,213.70000000000005,1,1,1.0
51,6,333.7,488.69,115.69999999999999,212.51000000000005,1,1,1.0
51,7,662.1,907.8,339.19999999999993,144.79999999999995,1,1,1.0
51,8,1039.7,514.2,219.39999999999986,320.9,1,1,1.0
51,9,1311.0,609.9,133.4000000000001,305.20000000000005,1,1,1.0
52,10,1379.7,806.9,217.5,186.20000000000005,1,1,1.0
52,1,657.5,665.2,351.20000000000005,164.0,1,1,1.0
52,2,474.8,952.1,304.7,134.69999999999993,1,1,1.0
52,3,1087.6,448.5,273.10000000000014,202.10000000000002,1,1,1.0
52,4,792.4,346.7,343.1,154.8,1,1,1.0
52,5,501.5,728.2,218.70000000000005,221.19999999999993,1,1,1.0
52,6,303.6,524.5,149.59999999999997,125.20000000000005,1,1,0.0
52,7,673.4,915.3,341.1,154.9000000000001,1,1,1.0
52,8,1028.4,518.0,231.5,293.0,1,1,1.0
52,9,1311.0,609.3,132.79999999999995,293.20000000000005,1,1,1.0
53,10,1379.1,805.0,218.10000000000014,188.10000000000002,1,1,1.0
53,1,655.9,660.5,322.4,168.20000000000005,1,1,1.0
53,2,464.8,942.1,283.3,143.4999999999999,1,1,1.0
53,3,1102.0,456.7,255.5999999999999,214.00000000000006,1,1,1.0
53,4,797.4,343.6,381.80000000000007,146.0,1,1,1.0
53,5,498.4,737.6,221.80000000000007,213.69999999999993,1,1,1.0
53,6,292.9,535.2,173.5,116.39999999999998,1,1,0.0
53,7,665.2,916.6,360.5999999999999,145.39999999999998,1,1,1.0
53,8,1010.3,524.0,252.60000000000014,250.10000000000002,1,1,1.0
53,9,1311.0,606.8,134.0999999999999,294.4000000000001,1,1,1.0
54,10,1379.1,805.0,218.10000000000014,189.39999999999998,1,1,1.0
54,1,659.6,654.7,341.19999999999993,183.39999999999998,1,1,1.0
54,2,467.3,952.1,269.49999999999994,154.89999999999998,1,1,1.0
54,3,1102.0,474.9,251.20000000000005,205.80000000000007,1,1,1.0
54,4,865.2,343.6,324.89999999999986,139.09999999999997,1,1,1.0
54,5,499.0,737.0,221.20000000000005,217.39999999999998,1,1,1.0
54,6,297.9,535.3,170.40000000000003,115.70000000000005,1,1,0.0
54,7,674.0,926.6,321.0,138.4999999999999,1,1,1.0
54,8,1002.8,527.8,275.20000000000005,250.10000000000002,1,1,1.0
54,9,1311.0,608.1,134.0999999999999,294.4,1,1,1.0
55,10,1379.1,806.9,218.10000000000014,196.89999999999998,1,1,1.0
55,1,662.7,649.5,338.5999999999999,186.5,1,1,1.0
55,2,467.9,952.7,272.1,153.0,1,1,1.0
55,3,1102.0,487.4,251.79999999999995,205.89999999999998,1,1,1.0
55,4,871.5,356.2,328.0,136.5,1,1,1.0
55,5,501.5,744.5,218.70000000000005,206.79999999999995,1,1,1.0
55,6,244.5,541.6,213.10000000000002,119.5,1,1,0.0
55,7,670.2,920.3,292.0999999999999,139.79999999999995,1,1,1.0
55,8,995.3,531.6,275.9000000000001,250.10000000000002,1,1,1.0
55,9,1311.0,606.8,137.20000000000005,295.70000000000005,1,1,1.0
56,10,1370.9,806.9,226.29999999999995,185.60000000000002,1,1,1.0
56,1,666.4,642.7,327.1,193.29999999999995,1,1,1.0
56,2,462.9,952.7,274.6,138.5999999999999,1,1,1.0
56,3,1119.6,501.9,305.10000000000014,153.70000000000005,1,1,1.0
56,4,871.5,355.5,326.70000000000005,146.0,1,1,1.0
56,5,501.5,744.5,218.70000000000005,206.79999999999995,1,1,1.0
56,6,244.5,552.2,206.8,110.19999999999993,1,1,0.0
56,7,664.5,902.1,289.6,154.89999999999998,1,1,1.0
56,8,990.8,535.4,272.9000000000001,232.70000000000005,1,1,1.0
56,9,1311.0,606.8,135.9000000000001,298.20000000000005,1,1,1.0
57,10,1375.9,809.4,222.5999999999999,177.39999999999998,1,1,1.0
57,1,668.0,642.7,340.20000000000005,188.0999999999999,1,1,1.0
57,2,449.1,957.7,266.4,132.29999999999995,1,1,1.0
57,3,1181.8,516.3,291.29999999999995,158.20000000000005,1,1,1.0
57,4,879.7,361.2,297.0999999999999,141.60000000000002,1,1,1.0
57,5,501.5,721.9,218.70000000000005,229.39999999999998,1,1,1.0
57,6,242.0,554.7,209.3,107.09999999999991,1,1,0.0
57,7,723.5,871.3,209.29999999999995,265.4000000000001,1,1,1.0
57,8,999.1,536.2,267.6,257.5,1,1,1.0
57,9,1311.0,619.4,133.4000000000001,281.20000000000005,1,1,1.0
58,10,1372.1,807.5,221.4000000000001,185.60000000000002,1,1,1.0
58,1,665.4,642.7,340.20000000000005,186.0,1,1,1.0
58,2,449.7,959.0,263.90000000000003,132.9000000000001,1,1,1.0
58,3,1218.2,540.8,266.20000000000005,141.20000000000005,1,1,1.0
58,4,894.8,355.5,329.70000000000005,147.89999999999998,1,1,1.0
58,5,503.4,726.9,216.80000000000007,224.39999999999998,1,1,1.0
58,6,238.9,552.8,217.4,110.20000000000005,1,1,0.0
58,7,736.7,829.9,160.89999999999998,306.19999999999993,1,1,1.0
58,8,999.1,533.2,267.6,283.9,1,1,1.0
58,9,1311.0,638.9,144.70000000000005,261.70000000000005,1,1,1.0
59,10,1372.1,830.1,230.20000000000005,159.89999999999998,1,1,1.0
59,1,667.0,634.3,350.6,193.4000000000001,1,1,1.0
59,2,446.6,958.4,274.5,138.5000000000001,1,1,1.0
59,3,1218.2,549.0,267.39999999999986,129.89999999999998,1,1,1.0
59,4,887.9,383.1,321.5000000000001,144.79999999999995,1,1,1.0
59,5,502.2,723.1,188.50000000000006,230.69999999999993,1,1,1.0
59,6,246.5,551.6,211.7,109.5,1,1,0.0
59,7,687.7,713.2,191.79999999999995,346.0,1,1,1.0
59,8,998.3,537.0,263.79999999999995,260.5,1,1,1.0
59,9,1260.8,620.7,274.0,215.19999999999993,1,1,1.0
60,10,1372.1,807.5,226.4000000000001,172.5,1,1,1.0
60,1,669.6,632.2,363.69999999999993,195.0,1,1,1.0
60,2,447.2,958.4,289.7,137.19999999999993,1,1,1.0
60,3,1215.7,549.0,270.0,129.89999999999998,1,1,1.0
60,4,887.9,380.6,320.19999999999993,144.79999999999995,1,1,1.0
60,5,502.1,728.1,187.29999999999995,225.10000000000002,1,1,1.0
60,6,250.3,552.9,211.7,112.0,1,1,0.0
60,7,593.6,653.0,208.29999999999995,293.20000000000005,1,1,1.0
60,8,996.8,534.7,272.10000000000014,240.89999999999998,1,1,1.0
60,9,1249.5,602.5,216.9000000000001,240.29999999999995,1,1,1.0
61,10,1379.6,799.3,217.0,189.5,1,1,1.0
61,1,664.4,636.9,380.4,187.20000000000005,1,1,1.0
61,2,449.7,957.8,289.09999999999997,136.5,1,1,1.0
61,3,1217.6,550.2,263.70000000000005,134.39999999999998,1,1,1.0
61,4,887.9,377.5,299.5000000000001,143.5,1,1,1.0
61,5,502.1,728.1,218.69999999999993,225.10000000000002,1,1,1.0
61,6,249.7,550.4,199.7,115.10000000000002,1,1,0.0
61,7,556.7,571.6,198.5,259.29999999999995,1,1,1.0
61,8,998.3,534.7,260.79999999999995,259.69999999999993,1,1,1.0
61,9,1226.9,632.6,237.0,192.0,1,1,1.0
62,10,1377.1,803.7,220.80000000000018,182.0,1,1,1.0
62,1,660.7,640.0,369.39999999999986,183.60000000000002,1,1,1.0
62,2,463.5,952.8,345.0,139.0,1,1,1.0
62,3,1219.5,553.3,266.79999999999995,136.30000000000007,1,1,1.0
62,4,877.9,375.0,351.6,145.39999999999998,1,1,1.0
62,5,503.4,745.7,217.39999999999998,204.39999999999998,1,1,1.0
62,6,252.2,551.0,197.2,114.5,1,1,0.0
62,7,553.7,540.0,210.5,279.6,1,1,1.0
62,8,1004.3,533.2,253.29999999999995,283.79999999999995,1,1,1.0
62,9,1218.7,632.6,256.5,188.19999999999993,1,1,1.0
63,10,1372.1,808.1,225.80000000000018,176.29999999999995,1,1,1.0
63,1,658.6,640.0,341.69999999999993,182.0,1,1,1.0
63,2,462.9,954.1,343.1,134.60000000000002,1,1,1.0
63,3,1220.8,553.9,262.4000000000001,137.60000000000002,1,1,1.0
63,4,877.9,377.5,347.19999999999993,137.89999999999998,1,1,1.0
63,5,486.4,743.8,240.60000000000002,201.20000000000005,1,1,1.0
63,6,297.4,552.3,131.20000000000005,110.60000000000002,1,1,0.0
63,7,552.2,546.0,226.29999999999995,263.1,1,1,1.0
63,8,1005.8,526.4,251.0,286.1,1,1,1.0
63,9,1218.7,637.6,268.39999999999986,182.60000000000002,1,1,1.0
64,10,1372.1,808.1,225.80000000000018,176.29999999999995,1,1,1.0
64,1,661.2,640.0,357.4,191.39999999999998,1,1,1.0
64,2,464.8,951.0,336.8,139.0,1,1,1.0
64,3,1220.8,553.9,262.4000000000001,137.60000000000002,1,1,1.0
64,4,871.0,381.3,347.29999999999995,135.40000000000003,1,1,1.0
64,5,477.6,746.3,253.79999999999995,191.20000000000005,1,1,1.0
64,6,288.6,595.6,108.69999999999999,62.89999999999998,1,1,0.0
64,7,495.7,585.2,291.09999999999997,216.39999999999998,1,1,1.0
64,8,1005.0,521.9,250.29999999999995,303.4,1,1,1.0
64,9,1216.2,641.4,270.89999999999986,177.5,1,1,1.0
65,10,1369.6,805.6,229.60000000000014,179.39999999999998,1,1,1.0
65,1,663.8,636.3,344.30000000000007,191.4000000000001,1,1,1.0
65,2,471.7,951.0,344.3,137.0999999999999,1,1,1.0
65,3,1223.3,555.2,257.4000000000001,135.69999999999993,1,1,1.0
65,4,871.0,365.6,330.29999999999995,151.10000000000002,1,1,1.0
65,5,473.2,750.7,258.90000000000003,182.39999999999998,1,1,1.0
65,6,266.6,605.6,99.29999999999995,92.39999999999998,1,1,0.0
65,7,513.8,595.0,265.5,205.79999999999995,1,1,1.0
65,8,1012.5,513.6,237.5,312.5,1,1,1.0
65,9,1215.6,638.9,270.9000000000001,188.80000000000007,1,1,1.0
66,10,1369.6,803.1,227.10000000000014,181.89999999999998,1,1,1.0
66,1,664.3,637.3,351.1,187.80000000000007,1,1,1.0
66,2,483.0,947.2,341.79999999999995,137.70000000000005,1,1,1.0
66,3,1225.2,555.2,261.79999999999995,137.5999999999999,1,1,1.0
66,4,886.1,380.7,322.1,134.7,1,1,1.0
66,5,475.7,747.6,272.09999999999997,172.89999999999998,1,1,1.0
66,6,253.4,604.3,103.70000000000002,108.10000000000002,1,1,0.0
66,7,489.6,598.8,270.9,187.70000000000005,1,1,1.0
66,8,1008.7,515.9,242.0999999999999,305.70000000000005,1,1,1.0
66,9,1209.9,628.9,246.39999999999986,249.60000000000002,1,1,1.0
67,10,1369.6,803.1,227.10000000000014,181.89999999999998,1,1,1.0
67,1,668.5,637.3,342.20000000000005,190.4000000000001,1,1,1.0
67,2,481.1,945.9,332.4,139.0000000000001,1,1,1.0
67,3,1227.7,555.2,257.39999999999986,139.5,1,1,1.0
67,4,877.3,380.7,332.79999999999995,136.00000000000006,1,1,1.0
67,5,473.9,747.6,280.80000000000007,171.0,1,1,1.0
67,6,249.6,595.5,105.6,116.89999999999998,1,1,0.0
67,7,432.3,598.0,308.59999999999997,168.89999999999998,1,1,1.0
67,8,1004.2,518.9,248.89999999999986,308.80000000000007,1,1,1.0
67,9,1230.0,631.4,218.20000000000005,246.5,1,1,1.0
68,10,1369.6,803.1,227.10000000000014,184.39999999999998,1,1,1.0
68,1,663.3,645.1,293.5,233.39999999999998,1,1,1.0
68,2,481.7,943.4,325.50000000000006,139.60000000000002,1,1,1.0
68,3,1227.7,557.7,268.0999999999999,137.5999999999999,1,1,1.0
68,4,873.5,378.2,359.79999999999995,136.59999999999997,1,1,1.0
68,5,476.4,750.1,267.0,164.10000000000002,1,1,1.0
68,6,257.1,606.8,96.19999999999999,98.70000000000005,1,1,0.0
68,7,336.6,628.1,330.5,156.89999999999998,1,1,1.0
68,8,1008.7,517.4,244.39999999999986,299.80000000000007,1,1,1.0
68,9,1231.3,638.9,213.10000000000014,251.5,1,1,1.0
69,10,1367.7,802.5,226.5,185.60000000000002,1,1,1.0
69,1,659.6,652.9,294.1,224.0,1,1,1.0
69,2,479.2,947.8,321.09999999999997,142.10000000000014,1,1,1.0
69,3,1227.7,557.7,277.5,136.29999999999995,1,1,1.0
69,4,880.4,379.5,326.5000000000001,134.70000000000005,1,1,1.0
69,5,469.5,751.4,275.79999999999995,164.10000000000002,1,1,1.0
69,6,257.1,599.3,98.09999999999997,106.20000000000005,1,1,0.0
69,7,262.0,688.4,269.5,168.20000000000005,1,1,1.0
69,8,1008.7,510.6,244.39999999999986,286.29999999999995,1,1,1.0
69,9,1219.4,662.8,296.5999999999999,156.60000000000002,1,1,1.0
70,10,1367.7,806.3,226.5,184.9000000000001,1,1,1.0
70,1,669.5,645.6,330.20000000000005,193.10000000000002,1,1,1.0
70,2,478.6,944.0,326.1,145.9000000000001,1,1,1.0
70,3,1230.2,554.6,288.20000000000005,132.5,1,1,1.0
70,4,876.6,358.2,310.19999999999993,156.00000000000006,1,1,1.0
70,5,465.7,751.4,279.59999999999997,161.0,1,1,1.0
70,6,264.6,599.3,104.39999999999998,102.40000000000009,1,1,0.0
70,7,239.4,724.6,206.99999999999997,124.5,1,1,1.0
70,8,1009.5,512.9,230.79999999999995,285.5,1,1,1.0
70,9,1227.6,664.1,275.8000000000002,155.29999999999995,1,1,1.0
71,10,1367.7,805.7,226.5,185.5,1,1,1.0
71,1,668.5,636.2,331.20000000000005,202.5,1,1,1.0
71,2,478.6,945.3,339.29999999999995,145.20000000000005,1,1,1.0
71,3,1222.7,550.8,284.39999999999986,136.30000000000007,1,1,1.0
71,4,873.4,334.3,334.1,175.5,1,1,1.0
71,5,470.1,752.7,306.6,151.5,1,1,1.0
71,6,270.9,606.2,105.60000000000002,91.69999999999993,1,1,0.0
71,7,228.1,715.6,206.20000000000002,137.29999999999995,1,1,1.0
71,8,1011.8,503.1,215.70000000000005,284.79999999999995,1,1,1.0
71,9,1216.3,666.6,304.70000000000005,144.0,1,1,1.0
72,10,1367.7,805.7,225.89999999999986,184.89999999999998,1,1,1.0
72,1,673.2,633.6,320.19999999999993,202.0,1,1,1.0
72,2,481.1,945.3,360.1,143.9000000000001,1,1,1.0
72,3,1189.4,523.8,286.29999999999995,165.80000000000007,1,1,1.0
72,4,869.6,341.8,347.9,168.0,1,1,1.0
72,5,472.0,757.1,255.20000000000005,155.79999999999995,1,1,1.0
72,6,254.6,598.0,125.70000000000002,94.89999999999998,1,1,0.0
72,7,199.4,715.6,249.99999999999997,137.29999999999995,1,1,1.0
72,8,1007.3,507.6,219.4000000000001,286.29999999999995,1,1,1.0
72,9,1342.5,671.0,252.5999999999999,139.0,1,1,1.0
73,10,1370.8,805.1,222.79999999999995,186.10000000000002,1,1,1.0
73,1,673.2,633.6,341.0999999999999,202.0,1,1,1.0
73,2,499.9,949.1,352.0,140.10000000000002,1,1,1.0
73,3,1180.6,543.9,259.3000000000002,241.70000000000005,1,1,1.0
73,4,871.5,367.5,328.4000000000001,142.89999999999998,1,1,1.0
73,5,510.8,657.3,261.59999999999997,306.5,1,1,1.0
73,6,263.4,604.3,142.60000000000002,64.80000000000007,1,1,0.0
73,7,222.0,725.4,227.39999999999998,127.5,1,1,1.0
73,8,989.2,515.1,236.70000000000005,268.19999999999993,1,1,1.0
73,9,1444.9,664.1,150.19999999999982,125.79999999999995,1,1,0.0
74,10,1371.4,810.1,227.19999999999982,174.19999999999993,1,1,1.0
74,1,662.2,630.0,290.9,219.20000000000005,1,1,1.0
74,2,567.7,980.5,302.4,145.70000000000005,1,1,1.0
74,3,1265.4,543.9,148.79999999999995,306.30000000000007,1,1,1.0
74,4,881.5,360.6,309.5999999999999,144.79999999999995,1,1,1.0
74,5,468.9,720.0,308.5,170.29999999999995,1,1,1.0
74,6,228.2,601.8,165.2,61.60000000000002,1,1,0.0
74,7,135.3,727.7,263.59999999999997,107.09999999999991,1,1,1.0
74,8,983.2,520.4,253.20000000000005,258.4,1,1,1.0
74,9,1458.7,633.9,133.89999999999986,143.39999999999998,1,1,0.0
75,10,1357.6,809.5,239.10000000000014,176.70000000000005,1,1,1.0
75,1,662.2,632.1,319.69999999999993,208.69999999999993,1,1,1.0
75,2,582.8,929.0,284.20000000000005,170.79999999999995,1,1,1.0
75,3,1247.2,542.6,160.70000000000005,312.69999999999993,1,1,1.0
75,4,910.4,322.3,251.80000000000007,217.59999999999997,1,1,1.0
75,5,486.5,723.8,248.60000000000002,177.20000000000005,1,1,1.0
75,6,221.9,597.4,189.70000000000002,77.89999999999998,1,1,0.0
75,7,111.2,719.4,292.2,115.39999999999998,1,1,1.0
75,8,978.7,534.0,262.20000000000005,241.79999999999995,1,1,1.0
75,9,1515.2,632.6,78.70000000000005,169.79999999999995,1,1,0.0
76,10,1370.2,795.7,218.29999999999995,194.29999999999995,1,1,1.0
76,1,663.8,629.0,346.9000000000001,201.29999999999995,1,1,1.0
76,2,602.9,920.8,267.9,174.0,1,1,1.0
76,3,1241.5,537.6,163.9000000000001,314.6,1,1,1.0
76,4,855.8,309.7,252.4000000000001,275.40000000000003,1,1,1.0
76,5,492.8,721.9,240.90000000000003,159.0,1,1,1.0
76,6,233.2,599.3,184.7,70.30000000000007,1,1,0.0
76,7,103.7,717.9,302.7,118.39999999999998,1,1,1.0
76,8,978.7,531.7,264.5,253.0999999999999,1,1,1.0
76,9,1489.5,792.1,123.20000000000005,213.79999999999995,1,1,0.0
77,10,1370.2,785.7,212.5999999999999,200.5,1,1,1.0
77,1,662.8,629.0,363.10000000000014,196.60000000000002,1,1,1.0
77,2,625.5,923.3,248.39999999999998,174.0,1,1,1.0
77,3,1236.5,536.3,170.0999999999999,304.6,1,1,1.0
77,4,734.6,357.4,316.4999999999999,220.20000000000005,1,1,1.0
77,5,494.7,721.9,238.7,151.5,1,1,1.0
77,6,227.5,601.8,189.10000000000002,68.40000000000009,1,1,0.0
77,7,103.7,717.1,302.7,119.19999999999993,1,1,1.0
77,8,981.7,537.0,265.29999999999995,231.20000000000005,1,1,1.0
77,9,1487.6,794.0,125.10000000000014,215.60000000000002,1,1,0.0
78,10,1370.2,774.4,201.89999999999986,212.39999999999998,1,1,1.0
78,1,667.0,624.3,334.29999999999995,206.5,1,1,1.0
78,2,643.1,927.1,233.29999999999995,171.4999999999999,1,1,1.0
78,3,1259.7,494.2,162.5999999999999,290.8,1,1,1.0
78,4,668.1,448.5,307.69999999999993,144.20000000000005,1,1,1.0
78,5,493.4,721.9,240.0,152.80000000000007,1,1,1.0
78,6,237.5,596.8,178.39999999999998,69.60000000000002,1,1,0.0
78,7,103.7,717.1,302.7,119.19999999999993,1,1,1.0
78,8,989.2,537.0,261.5999999999999,290.70000000000005,1,1,1.0
78,9,1531.0,784.0,81.70000000000005,186.0,1,1,0.0
79,10,1373.3,776.9,198.20000000000005,212.39999999999998,1,1,1.0
79,1,667.0,620.1,302.9,212.79999999999995,1,1,1.0
79,2,660.7,927.1,226.39999999999998,168.39999999999998,1,1,1.0
79,3,1113.2,447.6,298.20000000000005,184.39999999999998,1,1,1.0
79,4,639.2,409.5,308.0999999999999,176.89999999999998,1,1,1.0
79,5,498.4,721.9,235.0,152.80000000000007,1,1,1.0
79,6,234.4,596.2,182.79999999999998,73.29999999999995,1,1,0.0
79,7,106.0,717.1,298.9,117.69999999999993,1,1,1.0
79,8,962.1,528.0,286.4,250.0,1,1,1.0
79,9,1525.4,784.0,87.29999999999995,157.70000000000005,1,1,0.0
80,10,1368.3,779.4,206.29999999999995,209.20000000000005,1,1,1.0
80,1,672.2,618.0,273.5999999999999,214.89999999999998,1,1,1.0
80,2,662.0,929.0,229.5,167.79999999999995,1,1,1.0
80,3,1021.0,406.4,325.29999999999995,160.5,1,1,1.0
80,4,646.1,405.1,308.29999999999995,179.39999999999998,1,1,1.0
80,5,495.3,718.8,238.09999999999997,153.4000000000001,1,1,1.0
80,6,231.9,591.8,183.4,75.20000000000005,1,1,0.0
80,7,105.2,714.1,299.7,119.89999999999998,1,1,1.0
80,8,974.9,540.1,325.6,213.0,1,1,1.0
80,9,1535.5,808.5,77.20000000000005,103.10000000000002,1,1,0.0
81,10,1373.3,785.1,203.20000000000005,199.69999999999993,1,1,1.0
81,1,675.9,615.9,269.4,219.10000000000002,1,1,1.0
81,2,660.7,935.3,237.5999999999999,162.79999999999995,1,1,1.0
81,3,989.5,381.5,301.5,143.10000000000002,1,1,1.0
81,4,654.3,391.3,307.6,189.99999999999994,1,1,1.0
81,5,495.3,720.4,238.09999999999997,151.30000000000007,1,1,1.0
81,6,239.4,596.2,175.9,68.89999999999998,1,1,0.0
81,7,108.2,714.1,296.7,120.69999999999993,1,1,1.0
81,8,1005.8,559.7,324.10000000000014,201.69999999999993,1,1,1.0
81,9,1414.3,662.8,183.96000000000004,164.66000000000008,1,1,1.0
82,10,1366.4,789.5,216.39999999999986,196.60000000000002,1,1,1.0
82,1,671.1,614.3,267.4,219.70000000000005,1,1,1.0
82,2,660.1,918.3,243.39999999999998,156.0,1,1,1.0
82,3,987.7,374.3,299.70000000000005,141.3,1,1,1.0
82,4,652.4,409.7,312.6,173.50000000000006,1,1,1.0
82,5,494.3,718.3,239.09999999999997,148.70000000000005,1,1,1.0
82,6,233.2,592.4,184.60000000000002,74.0,1,1,0.0
82,7,109.7,714.9,293.7,120.70000000000005,1,1,1.0
82,8,1035.2,585.3,286.39999999999986,203.9000000000001,1,1,1.0
82,9,1368.5,605.1,221.5999999999999,189.10000000000002,1,1,1.0
83,10,1364.5,790.8,218.29999999999995,195.9000000000001,1,1,1.0
83,1,668.0,620.6,266.9,208.19999999999993,1,1,1.0
83,2,651.3,915.2,298.0,151.0,1,1,1.0
83,3,975.9,362.6,310.6,146.7,1,1,1.0
83,4,661.2,391.9,308.19999999999993,190.70000000000005,1,1,1.0
83,5,495.4,718.3,238.0,148.70000000000005,1,1,1.0
83,6,233.8,593.0,182.7,74.70000000000005,1,1,0.0
83,7,142.1,687.0,263.6,151.60000000000002,1,1,1.0
83,8,1048.8,597.4,281.79999999999995,177.5,1,1,1.0
83,9,1250.4,605.7,334.5999999999999,145.79999999999995,1,1,1.0
84,10,1366.4,787.7,216.39999999999986,199.5999999999999,1,1,1.0
84,1,664.9,624.3,271.0,200.30000000000007,1,1,1.0
84,2,639.4,911.4,332.5,161.69999999999993,1,1,1.0
84,3,982.2,363.5,299.79999999999995,143.10000000000002,1,1,1.0
84,4,661.2,400.7,318.29999999999995,176.90000000000003,1,1,1.0
84,5,495.4,718.3,238.0,148.70000000000005,1,1,1.0
84,6,238.2,595.5,178.3,70.89999999999998,1,1,0.0
84,7,151.9,684.0,255.29999999999998,155.39999999999998,1,1,1.0
84,8,1048.8,602.7,295.4000000000001,174.5,1,1,1.0
84,9,1310.7,609.5,269.29999999999995,142.60000000000002,1,1,1.0
85,10,1366.4,785.2,216.39999999999986,203.39999999999998,1,1,1.0
85,1,661.2,621.7,292.0,202.89999999999998,1,1,1.0
85,2,626.2,906.4,374.5999999999999,168.0000000000001,1,1,1.0
85,3,967.7,352.6,314.29999999999995,153.09999999999997,1,1,1.0
85,4,649.2,422.7,340.29999999999995,161.2,1,1,1.0
85,5,498.0,718.3,235.39999999999998,155.0,1,1,1.0
85,6,233.2,595.5,183.3,71.5,1,1,0.0
85,7,146.6,683.2,262.1,158.5,1,1,1.0
85,8,1051.8,604.2,274.29999999999995,166.19999999999993,1,1,1.0
85,9,1334.6,602.0,246.60000000000014,150.10000000000002,1,1,1.0
86,10,1367.7,785.2,213.79999999999995,203.39999999999998,1,1,1.0
86,1,657.5,619.1,334.4,196.60000000000002,1,1,1.0
86,2,621.8,906.4,387.20000000000005,168.60000000000002,1,1,1.0
86,3,967.7,357.1,312.5,146.79999999999995,1,1,1.0
86,4,651.1,424.0,334.0,160.5,1,1,1.0
86,5,493.8,694.2,239.59999999999997,188.5,1,1,1.0
86,6,237.0,596.1,175.7,70.89999999999998,1,1,0.0
86,7,160.9,677.2,249.29999999999998,162.19999999999993,1,1,1.0
86,8,1049.5,603.4,293.20000000000005,167.80000000000007,1,1,1.0
86,9,1318.9,629.0,258.5,196.60000000000002,1,1,1.0
87,10,1369.0,786.5,213.79999999999995,200.79999999999995,1,1,1.0
87,1,798.7,544.3,354.39999999999986,177.9000000000001,1,1,1.0
87,2,618.0,908.3,382.79999999999995,165.4000000000001,1,1,1.0
87,3,964.1,358.9,315.19999999999993,144.10000000000002,1,1,1.0
87,4,617.2,422.1,360.4,160.5,1,1,1.0
87,5,501.6,700.0,233.89999999999998,189.0,1,1,1.0
87,6,237.0,599.2,174.39999999999998,67.79999999999995,1,1,0.0
87,7,156.4,686.2,251.49999999999997,154.0,1,1,1.0
87,8,1048.7,599.6,294.0,172.39999999999998,1,1,1.0
87,9,1333.3,580.0,178.79999999999995,310.9,1,1,1.0
88,10,1375.3,816.0,213.79999999999995,182.0,1,1,1.0
88,1,1029.15,463.3,347.4499999999998,122.59999999999997,1,1,1.0
88,2,624.3,908.3,294.20000000000005,167.9000000000001,1,1,1.0
88,3,961.5,359.8,316.9000000000001,138.5,1,1,1.0
88,4,623.5,406.4,347.79999999999995,161.10000000000002,1,1,1.0
88,5,506.3,700.0,229.2,189.0,1,1,1.0
88,6,231.3,597.9,180.09999999999997,69.10000000000002,1,1,0.0
88,7,163.2,677.9,244.7,157.80000000000007,1,1,1.0
88,8,1049.5,589.8,272.9000000000001,185.20000000000005,1,1,1.0
88,9,1355.9,595.7,212.69999999999982,307.19999999999993,1,1,1.0
89,10,1375.3,833.6,225.10000000000014,165.69999999999993,1,1,1.0
89,1,1213.76,460.8,333.6400000000001,125.69999999999999,1,1,1.0
89,2,636.9,908.3,281.6,173.60000000000014,1,1,1.0
89,3,957.1,358.5,318.19999999999993,142.89999999999998,1,1,1.0
89,4,629.2,407.7,338.29999999999995,188.7,1,1,1.0
89,5,504.2,694.2,231.3,194.79999999999995,1,1,1.0
89,6,240.1,596.0,170.04,69.70000000000005,1,1,0.0
89,7,164.0,680.9,248.39999999999998,167.60000000000002,1,1,1.0
89,8,1048.7,580.8,255.5999999999999,221.30000000000007,1,1,1.0
89,9,1318.2,571.2,239.0999999999999,278.5999999999999,1,1,1.0
90,10,1369.0,823.6,227.5999999999999,173.19999999999993,1,1,1.0
90,1,1446.1,451.4,108.80000000000018,103.10000000000002,1,1,0.0
90,2,638.2,908.3,284.0999999999999,173.60000000000014,1,1,1.0
90,3,963.4,355.4,311.30000000000007,146.0,1,1,1.0
90,4,627.9,407.1,334.6,189.29999999999995,1,1,1.0
90,5,495.3,695.8,273.2,160.70000000000005,1,1,1.0
90,6,232.6,599.7,176.29999999999998,66.0,1,1,0.0
90,7,145.2,705.8,270.2,134.4000000000001,1,1,1.0
90,8,1098.4,559.7,240.5999999999999,252.89999999999998,1,1,1.0
90,9,1316.9,576.2,246.0999999999999,258.19999999999993,1,1,1.0
91,10,1367.7,817.3,226.39999999999986,178.20000000000005,1,1,1.0
91,1,1458.53,479.8,100.5,99.05000000000001,1,1,0.0
91,2,639.5,908.3,282.79999999999995,174.9000000000001,1,1,1.0
91,3,957.1,356.7,317.6,146.60000000000002,1,1,1.0
91,4,629.8,407.1,333.30000000000007,186.19999999999993,1,1,1.0
91,5,593.2,662.3,278.9,176.4000000000001,1,1,1.0
91,6,233.2,594.7,173.8,71.59999999999991,1,1,0.0
91,7,136.2,708.1,278.40000000000003,141.89999999999998,1,1,1.0
91,8,1110.5,507.7,182.5,292.8,1,1,1.0
91,9,1328.8,574.3,236.79999999999995,267.6,1,1,1.0
92,10,1364.6,817.3,231.30000000000018,178.80000000000007,1,1,1.0
92,1,1470.95,508.2,92.20000000000005,95.00000000000006,1,1,0.0
92,2,642.0,908.3,273.4,172.4000000000001,1,1,1.0
92,3,951.4,354.2,322.0000000000001,147.8,1,1,1.0
92,4,656.2,406.5,313.79999999999995,196.89999999999998,1,1,1.0
92,5,623.5,614.7,330.79999999999995,155.39999999999998,1,1,1.0
92,6,239.5,594.1,168.10000000000002,72.79999999999995,1,1,0.0
92,7,155.0,708.1,259.6,146.39999999999998,1,1,1.0
92,8,1108.2,506.2,183.29999999999995,294.3,1,1,1.0
92,9,1330.1,577.4,235.5,277.70000000000005,1,1,1.0
93,10,1380.9,817.3,215.0,171.30000000000007,1,1,1.0
93,1,1483.38,536.6,83.89999999999986,90.94999999999993,1,1,0.0
93,2,653.3,908.3,251.4000000000001,162.4000000000001,1,1,1.0
93,3,931.3,352.9,330.20000000000005,160.39999999999998,1,1,1.0
93,4,670.6,404.6,263.6,206.29999999999995,1,1,1.0
93,5,616.2,617.8,363.19999999999993,147.60000000000002,1,1,1.0
93,6,233.2,599.8,178.2,65.80000000000007,1,1,0.0
93,7,184.4,728.4,248.29999999999998,182.60000000000002,1,1,1.0
93,8,1104.4,489.6,184.79999999999995,307.9,1,1,1.0
93,9,1360.9,569.9,200.29999999999995,296.5,1,1,1.0
94,10,1362.1,813.5,237.60000000000014,175.10000000000002,1,1,1.0
94,1,1495.8,565.0,75.60000000000014,86.89999999999998,1,1,0.0
94,2,657.1,907.0,245.10000000000002,162.4000000000001,1,1,1.0
94,3,918.8,361.7,268.60000000000014,215.59999999999997,1,1,1.0
94,4,670.6,409.0,254.19999999999993,206.89999999999998,1,1,1.0
94,5,742.8,603.2,282.70000000000005,207.19999999999993,1,1,1.0
94,6,238.2,594.8,178.2,69.5,1,1,0.0
94,7,207.8,752.5,172.2,254.20000000000005,1,1,1.0
94,8,1072.8,483.6,214.10000000000014,292.79999999999995,1,1,1.0
94,9,1270.5,591.2,288.20000000000005,244.39999999999998,1,1,1.0
95,10,1364.6,821.0,236.4000000000001,177.60000000000002,1,1,1.0
95,1,1508.23,593.4,67.29999999999995,82.85000000000002,1,1,0.0
95,2,657.1,907.0,242.60000000000002,162.4000000000001,1,1,1.0
95,3,889.3,349.8,230.20000000000005,233.8,1,1,1.0
95,4,663.1,409.7,259.19999999999993,200.50000000000006,1,1,1.0
95,5,741.8,598.5,287.9000000000001,233.39999999999998,1,1,1.0
95,6,166.0,567.8,235.89999999999998,132.9000000000001,1,1,0.0
95,7,228.1,786.4,130.79999999999998,292.6,1,1,1.0
95,8,1081.8,474.6,207.29999999999995,315.4,1,1,1.0
95,9,1171.9,691.7,356.6999999999998,165.19999999999993,1,1,1.0
96,10,1362.1,816.0,240.20000000000005,159.39999999999998,1,1,1.0
96,1,1520.65,621.8,59.0,78.80000000000007,1,1,0.0
96,2,662.2,907.0,236.89999999999998,161.79999999999995,1,1,1.0
96,3,891.8,344.1,186.9000000000001,265.19999999999993,1,1,1.0
96,4,670.6,416.0,260.5,187.29999999999995,1,1,1.0
96,5,739.2,597.5,286.79999999999995,224.5,1,1,1.0
96,6,166.0,616.8,161.8,198.20000000000005,1,1,1.0
96,7,229.6,790.2,131.6,294.0999999999999,1,1,1.0
96,8,1099.1,475.4,183.20000000000005,283.70000000000005,1,1,1.0
96,9,1145.5,694.8,371.79999999999995,153.30000000000007,1,1,1.0
97,10,1362.1,813.5,238.9000000000001,166.29999999999995,1,1,1.0
97,1,1533.08,650.2,50.700000000000045,74.75,1,1,0.0
97,2,662.8,903.2,235.0,163.70000000000005,1,1,1.0
97,3,949.6,345.3,129.69999999999993,334.99999999999994,1,1,1.0
97,4,676.9,419.1,259.20000000000005,191.10000000000002,1,1,1.0
97,5,730.3,603.8,295.70000000000005,205.10000000000002,1,1,1.0
97,6,200.5,621.8,158.10000000000002,195.10000000000002,1,1,1.0
97,7,225.1,787.9,136.9,298.69999999999993,1,1,1.0
97,8,1072.7,466.4,211.0999999999999,316.1,1,1,1.0
97,9,1144.2,695.5,369.29999999999995,153.89999999999998,1,1,1.0
98,10,1359.6,823.5,241.4000000000001,162.60000000000002,1,1,1.0
98,1,1545.5,678.6,42.40000000000009,70.69999999999993,1,1,0.0
98,2,663.4,901.9,233.70000000000005,165.0000000000001,1,1,1.0
98,3,959.0,406.8,154.79999999999995,378.40000000000003,1,1,1.0
98,4,672.5,417.8,266.1,186.09999999999997,1,1,1.0
98,5,734.5,609.6,299.9000000000001,198.19999999999993,1,1,1.0
98,6,203.0,615.5,155.60000000000002,178.20000000000005,1,1,1.0
98,7,216.8,793.9,183.0,284.4,1,1,1.0
98,8,1086.3,466.4,201.29999999999995,328.9,1,1,1.0
98,9,1156.8,695.4,358.0,152.70000000000005,1,1,1.0
99,10,1383.5,834.2,225.0,128.0,1,1,1.0
99,1,1528.9,588.9,59.0,175.5,1,1,0.0
99,2,657.7,905.0,239.39999999999998,164.4000000000001,1,1,1.0
99,3,954.0,417.5,157.9000000000001,379.0,1,1,1.0
99,4,677.5,420.3,266.1,188.59999999999997,1,1,1.0
99,5,703.1,621.6,305.19999999999993,147.0,1,1,1.0
99,6,204.9,603.6,153.70000000000002,190.10000000000002,1,1,1.0
99,7,232.6,820.3,181.50000000000003,287.4000000000001,1,1,1.0
99,8,1100.6,466.4,186.20000000000005,323.6,1,1,1.0
99,9,1163.3,692.9,336.4000000000001,156.5,1,1,1.0
100,10,1406.1,800.3,203.0,146.20000000000005,1,1,1.0
100,1,1485.2,524.9,101.20000000000005,236.5,1,1,0.0
100,2,662.1,905.0,233.69999999999993,205.20000000000005,1,1,1.0
100,3,954.0,417.5,163.5999999999999,332.5,1,1,1.0
100,4,672.5,419.0,273.6,182.39999999999998,1,1,1.0
100,5,693.7,545.7,275.4,229.69999999999993,1,1,1.0
100,6,204.3,613.0,154.3,217.10000000000002,1,1,1.0
100,7,235.7,824.1,179.2,292.6,1,1,1.0
100,8,1100.6,469.4,183.20000000000005,320.6,1,1,1.0
100,9,1165.6,689.1,335.4000000000001,162.19999999999993,1,1,1.0
101,10,1404.8,812.9,204.29999999999995,133.60000000000002,1,1,1.0
101,1,1470.1,485.7,110.30000000000018,233.40000000000003,1,1,1.0
101,2,645.1,926.3,273.29999999999995,202.70000000000005,1,1,1.0
101,3,878.0,469.6,208.79999999999995,323.79999999999995,1,1,1.0
101,4,666.2,419.0,277.4,190.60000000000002,1,1,1.0
101,5,742.4,509.6,214.70000000000005,265.29999999999995,1,1,1.0
101,6,203.0,621.8,155.60000000000002,182.60000000000002,1,1,1.0
101,7,238.0,823.3,177.7,277.5,1,1,1.0
101,8,1110.4,469.4,178.69999999999982,335.70000000000005,1,1,1.0
101,9,1169.4,689.7,334.0999999999999,160.29999999999995,1,1,1.0
102,10,1381.6,811.0,229.4000000000001,126.70000000000005,1,1,1.0
102,1,1467.1,473.7,113.30000000000018,248.59999999999997,1,1,1.0
102,2,720.5,839.6,191.0,306.4,1,1,1.0
102,3,771.9,629.72,265.2900000000001,202.57999999999993,1,1,1.0
102,4,666.2,416.5,274.29999999999995,185.60000000000002,1,1,1.0
102,5,813.0,502.8,164.5,234.90000000000003,1,1,1.0
102,6,211.2,634.4,175.7,183.89999999999998,1,1,1.0
102,7,238.0,839.1,234.2,266.19999999999993,1,1,1.0
102,8,1116.4,469.4,172.69999999999982,328.20000000000005,1,1,1.0
102,9,1148.0,688.4,354.20000000000005,164.70000000000005,1,1,1.0
103,10,1395.5,811.0,215.5,127.89999999999998,1,1,1.0
103,1,1424.1,494.0,156.30000000000018,260.70000000000005,1,1,1.0
103,2,748.1,849.6,159.60000000000002,332.19999999999993,1,1,1.0
103,3,723.5,632.2,292.29999999999995,193.79999999999995,1,1,1.0
103,4,676.8,417.7,263.1,180.59999999999997,1,1,1.0
103,5,847.6,448.4,148.69999999999993,269.4,1,1,1.0
103,6,237.6,623.2,146.1,215.79999999999995,1,1,1.0
103,7,225.9,858.7,246.29999999999998,254.89999999999986,1,1,1.0
103,8,1117.9,470.9,167.39999999999986,322.9,1,1,1.0
103,9,1146.1,692.2,348.60000000000014,150.19999999999993,1,1,1.0
104,10,1395.5,813.5,215.5,125.39999999999998,1,1,1.0
104,1,1433.9,517.3,151.0,222.30000000000007,1,1,1.0
104,2,763.8,855.3,148.30000000000007,297.60000000000014,1,1,1.0
104,3,719.7,625.3,294.19999999999993,197.60000000000002,1,1,1.0
104,4,666.8,419.0,276.9000000000001,160.5,1,1,1.0
104,5,832.4,464.1,208.39999999999998,244.79999999999995,1,1,1.0
104,6,231.3,603.1,153.09999999999997,158.69999999999993,1,1,1.0
104,7,225.9,858.7,211.6,247.39999999999986,1,1,1.0
104,8,1117.9,468.6,168.89999999999986,337.19999999999993,1,1,1.0
104,9,1156.7,685.3,334.20000000000005,164.0,1,1,1.0
105,10,1391.1,813.5,219.9000000000001,130.39999999999998,1,1,1.0
105,1,1464.8,491.7,115.60000000000014,218.50000000000006,1,1,1.0
105,2,766.3,847.1,153.30000000000007,298.9,1,1,1.0
105,3,607.3,617.8,238.9000000000001,207.60000000000002,1,1,1.0
105,4,654.2,423.4,297.0,144.20000000000005,1,1,1.0
105,5,840.8,462.5,278.5,188.79999999999995,1,1,1.0
105,6,237.0,609.4,146.2,141.70000000000005,1,1,1.0
105,7,225.9,858.7,250.79999999999998,242.89999999999986,1,1,1.0
105,8,1117.9,467.8,165.89999999999986,347.8,1,1,1.0
105,9,1164.3,675.9,320.9000000000001,179.10000000000002,1,1,1.0
106,10,1382.3,813.5,227.4000000000001,130.39999999999998,1,1,1.0
106,1,1464.8,486.4,114.10000000000014,226.80000000000007,1,1,1.0
106,2,765.0,847.1,155.20000000000005,294.4999999999999,1,1,1.0
106,3,604.1,567.0,198.10000000000002,224.5,1,1,1.0
106,4,654.2,432.2,297.5999999999999,138.50000000000006,1,1,1.0
106,5,825.1,454.1,318.30000000000007,171.60000000000002,1,1,1.0
106,6,234.5,606.9,149.89999999999998,150.5,1,1,1.0
106,7,221.4,862.5,255.29999999999998,239.0999999999999,1,1,1.0
106,8,1119.4,471.6,165.89999999999986,350.78,1,1,1.0
106,9,1165.6,675.9,316.5,181.60000000000002,1,1,1.0
107,10,1389.8,814.1,221.20000000000005,131.10000000000002,1,1,1.0
107,1,1421.1,481.9,158.5,228.30000000000007,1,1,1.0
107,2,757.5,858.4,162.10000000000002,303.9,1,1,1.0
107,3,599.7,575.8,171.69999999999993,242.70000000000005,1,1,1.0
107,4,606.4,423.4,345.4,147.30000000000007,1,1,1.0
107,5,831.4,462.0,301.5000000000001,147.0,1,1,1.0
107,6,233.9,600.6,149.9,155.5,1,1,1.0
107,7,221.4,862.5,199.49999999999997,218.79999999999995,1,1,1.0
107,8,1105.8,462.6,181.79999999999995,304.79999999999995,1,1,1.0
107,9,1177.5,672.8,303.29999999999995,207.30000000000007,1,1,1.0
108,10,1387.9,813.5,223.0999999999999,132.29999999999995,1,1,1.0
108,1,1421.1,500.0,157.0,200.39999999999998,1,1,1.0
108,2,760.6,845.8,157.69999999999993,304.60000000000014,1,1,1.0
108,3,601.6,568.3,174.19999999999993,255.9000000000001,1,1,1.0
108,4,598.9,410.8,350.4,159.90000000000003,1,1,1.0
108,5,844.0,474.5,302.5,134.0,1,1,1.0
108,6,235.8,600.6,148.59999999999997,163.69999999999993,1,1,1.0
108,7,238.0,850.4,152.7,240.69999999999993,1,1,1.0
108,8,1050.8,470.1,239.79999999999995,279.19999999999993,1,1,1.0
108,9,1158.4,678.5,324.29999999999995,173.29999999999995,1,1,1.0
109,10,1387.9,813.5,223.0999999999999,131.0,1,1,1.0
109,1,1436.9,472.9,141.19999999999982,227.5,1,1,1.0
109,2,762.5,858.4,152.70000000000005,270.6,1,1,1.0
109,3,606.0,558.3,161.0,278.5,1,1,1.0
109,4,593.9,406.4,358.5,147.30000000000007,1,1,1.0
109,5,846.6,477.6,272.19999999999993,149.19999999999993,1,1,1.0
109,6,235.8,606.9,148.0,193.20000000000005,1,1,1.0
109,7,239.5,853.4,147.39999999999998,237.69999999999993,1,1,1.0
109,8,1066.6,464.1,225.5,322.1,1,1,1.0
109,9,1164.3,674.1,315.9000000000001,185.19999999999993,1,1,1.0
110,10,1387.9,811.3,223.0999999999999,132.55000000000007,1,1,1.0
110,1,1454.2,480.4,125.39999999999986,244.89999999999998,1,1,1.0
110,2,756.8,856.5,162.20000000000005,275.0,1,1,1.0
110,3,589.0,555.8,164.20000000000005,253.4000000000001,1,1,1.0
110,4,518.5,414.5,292.0,137.89999999999998,1,1,1.0
110,5,846.6,477.6,288.9,133.5,1,1,1.0
110,6,233.9,598.1,151.1,200.69999999999993,1,1,1.0
110,7,230.5,830.8,156.39999999999998,264.10000000000014,1,1,1.0
110,8,1075.6,470.9,209.0,338.6,1,1,1.0
110,9,1162.4,678.5,317.79999999999995,167.60000000000002,1,1,1.0
111,10,1387.9,809.1,223.0999999999999,134.10000000000002,1,1,1.0
111,1,1479.1,492.5,94.10000000000014,193.60000000000002,1,1,0.0
111,2,765.6,857.8,146.5,272.4000000000001,1,1,1.0
111,3,589.0,557.1,181.20000000000005,284.79999999999995,1,1,1.0
111,4,485.2,407.6,253.09999999999997,154.85000000000002,1,1,1.0
111,5,838.8,477.1,296.70000000000005,133.5,1,1,1.0
111,6,233.3,603.1,151.09999999999997,193.19999999999993,1,1,1.0
111,7,174.7,867.0,210.7,253.5,1,1,1.0
111,8,1067.3,470.9,215.0,320.5,1,1,1.0
111,9,1115.0,687.3,358.29999999999995,137.4000000000001,1,1,1.0
112,10,1387.3,807.8,223.70000000000005,136.0,1,1,1.0
112,1,1485.1,469.2,61.40000000000009,30.80000000000001,1,1,0.0
112,2,765.0,862.8,147.70000000000005,266.79999999999995,1,1,1.0
112,3,600.3,553.3,181.9000000000001,295.5,1,1,1.0
112,4,463.9,437.7,232.30000000000007,139.2,1,1,1.0
112,5,806.9,474.5,275.19999999999993,187.39999999999998,1,1,1.0
112,6,231.4,605.6,152.99999999999997,186.89999999999998,1,1,1.0
112,7,174.7,916.0,217.5,209.0,1,1,1.0
112,8,1070.3,469.4,212.79999999999995,325.80000000000007,1,1,1.0
112,9,1119.1,687.9,354.20000000000005,140.60000000000002,1,1,1.0
113,10,1386.0,807.8,224.4000000000001,136.0,1,1,1.0
113,1,1485.1,469.2,61.40000000000009,30.80000000000001,1,1,0.0
113,2,763.1,860.3,150.79999999999995,276.79999999999995,1,1,1.0
113,3,604.7,556.4,174.39999999999998,297.4,1,1,1.0
113,4,447.6,439.6,248.0,139.19999999999993,1,1,1.0
113,5,815.2,515.8,242.29999999999995,289.0,1,1,1.0
113,6,230.1,597.4,154.29999999999998,206.39999999999998,1,1,1.0
113,7,152.1,934.8,283.79999999999995,138.20000000000005,1,1,1.0
113,8,1083.9,466.4,204.5,328.0,1,1,1.0
113,9,1139.2,686.0,340.39999999999986,149.39999999999998,1,1,1.0
114,10,1394.2,808.4,215.5999999999999,141.70000000000005,1,1,1.0
114,1,1485.1,469.2,61.40000000000009,30.80000000000001,1,1,0.0
114,2,719.8,807.6,194.70000000000005,309.9999999999999,1,1,1.0
114,3,608.5,552.6,155.5,299.9,1,1,1.0
114,4,425.7,447.8,270.50000000000006,139.2,1,1,1.0
114,5,850.8,517.9,217.70000000000005,267.0,1,1,1.0
114,6,231.4,604.35,152.99999999999997,190.04999999999995,1,1,1.0
114,7,164.2,920.5,271.7,154.0,1,1,1.0
114,8,1086.2,466.4,200.70000000000005,344.6,1,1,1.0
114,9,1146.7,680.3,326.5999999999999,170.20000000000005,1,1,1.0
115,10,1384.7,808.4,225.0999999999999,155.5,1,1,1.0
115,1,1485.1,469.2,61.40000000000009,30.80000000000001,1,1,0.0
115,2,670.8,817.0,251.20000000000005,324.5,1,1,1.0
115,3,606.6,541.3,136.69999999999993,319.4000000000001,1,1,1.0
115,4,413.8,437.8,247.2,142.90000000000003,1,1,1.0
115,5,850.8,522.1,240.70000000000005,281.1,1,1,1.0
115,6,230.8,602.5,153.59999999999997,195.60000000000002,1,1,1.0
115,7,213.2,846.7,209.10000000000002,241.39999999999986,1,1,1.0
115,8,1093.7,461.9,195.5,349.1,1,1,1.0
115,9,1139.8,678.4,333.5,179.60000000000002,1,1,1.0
116,10,1383.4,807.8,226.39999999999986,159.9000000000001,1,1,1.0
116,1,1485.1,469.2,61.40000000000009,30.80000000000001,1,1,0.0
116,2,670.2,847.1,275.0,281.80000000000007,1,1,1.0
116,3,612.9,526.9,125.39999999999998,327.5,1,1,1.0
116,4,413.2,435.3,252.2,141.59999999999997,1,1,1.0
116,5,850.8,528.3,248.0,263.9000000000001,1,1,1.0
116,6,232.1,598.7,152.29999999999998,199.39999999999998,1,1,1.0
116,7,208.0,781.1,145.0,298.69999999999993,1,1,1.0
116,8,1092.2,461.9,197.0,340.80000000000007,1,1,1.0
116,9,1148.6,674.6,322.20000000000005,175.19999999999993,1,1,1.0
117,10,1382.1,809.1,221.4000000000001,167.39999999999998,1,1,1.0
117,1,1485.1,469.2,61.40000000000009,30.80000000000001,1,1,0.0
117,2,679.6,860.9,293.19999999999993,219.60000000000002,1,1,1.0
117,3,610.4,541.3,164.89999999999998,316.20000000000005,1,1,1.0
117,4,415.1,436.6,249.0,141.60000000000002,1,1,1.0
117,5,847.7,523.1,243.79999999999995,261.29999999999995,1,1,1.0
117,6,231.5,606.9,157.89999999999998,146.0,1,1,1.0
117,7,215.5,766.8,128.5,300.20000000000005,1,1,1.0
117,8,1096.0,463.4,197.70000000000005,294.1,1,1,1.0
117,9,1142.9,678.4,326.0,163.20000000000005,1,1,1.0
118,10,1370.2,831.1,234.5999999999999,147.89999999999998,1,1,1.0
118,1,1485.1,469.2,61.40000000000009,30.80000000000001,1,1,0.0
118,2,638.2,932.5,349.5999999999999,138.0,1,1,1.0
118,3,560.8,561.4,288.0,176.80000000000007,1,1,1.0
118,4,397.5,430.9,266.6,147.30000000000007,1,1,1.0
118,5,851.4,521.0,239.10000000000002,288.5,1,1,1.0
118,6,231.5,598.1,161.7,170.5,1,1,1.0
118,7,180.84,765.29,160.16,270.1100000000001,1,1,1.0
118,8,1096.8,461.1,201.4000000000001,311.5,1,1,1.0
118,9,1140.4,678.4,329.0999999999999,156.30000000000007,1,1,1.0
119,10,1405.4,714.9,199.39999999999986,232.70000000000005,1,1,1.0
119,1,1485.1,469.2,61.40000000000009,30.80000000000001,1,1,0.0
119,2,535.2,928.7,322.5999999999999,140.5,1,1,1.0
119,3,674.5,622.9,238.29999999999995,292.4,1,1,1.0
119,4,388.1,421.5,276.6,156.10000000000002,1,1,1.0
119,5,849.8,526.2,228.70000000000005,275.5,1,1,1.0
119,6,237.2,600.6,148.5,192.5,1,1,1.0
119,7,140.9,760.0,204.6,261.1,1,1,1.0
119,8,1096.0,462.6,205.20000000000005,343.19999999999993,1,1,1.0
119,9,1134.1,687.2,333.5,149.39999999999998,1,1,1.0
120,10,1413.6,680.4,196.9000000000001,278.5,1,1,1.0
120,1,1485.1,469.2,61.40000000000009,30.80000000000001,1,1,0.0
120,2,550.9,927.4,311.30000000000007,141.80000000000007,1,1,1.0
120,3,752.4,634.2,145.30000000000007,307.5,1,1,1.0
120,4,397.5,409.6,296.70000000000005,225.10000000000002,1,1,1.0
120,5,845.6,531.4,252.80000000000007,263.0,1,1,1.0
120,6,225.3,606.9,160.39999999999998,208.20000000000005,1,1,1.0
120,7,128.8,764.5,218.2,256.6,1,1,1.0
120,8,1097.5,462.6,198.4000000000001,344.69999999999993,1,1,1.0
120,9,1146.7,685.9,325.29999999999995,157.0,1,1,1.0
