1,1,1526.19,767.1,52.0,134.94999999999993,1,1,0.0
1,2,1502.23,537.12,66.30999999999995,179.41999999999996,1,1,0.0
1,3,1335.63,385.74,229.81999999999994,223.78999999999996,1,1,1.0
1,4,1337.6,631.76,160.1400000000001,344.51,1,1,1.0
1,5,1023.14,512.86,227.57000000000005,186.94999999999993,1,1,1.0
1,6,1228.88,188.77,351.6399999999999,209.79,1,1,1.0
2,1,1530.7,767.1,47.49000000000001,130.39999999999998,1,1,0.0
2,2,1502.23,539.4,66.30999999999995,171.89999999999998,1,1,0.0
2,3,1335.63,388.0,229.81999999999994,221.52999999999997,1,1,1.0
2,4,1341.4,602.9,160.69999999999982,373.37,1,1,1.0
2,5,1023.14,509.1,227.57000000000005,190.70999999999992,1,1,1.0
2,6,1216.8,172.5,375.5,250.7,1,1,1.0
3,1,1528.4,767.1,49.789999999999964,130.39999999999998,1,1,0.0
3,2,1502.23,539.4,66.30999999999995,196.0,1,1,0.0
3,3,1335.63,388.0,229.81999999999994,221.52999999999997,1,1,1.0
3,4,1341.4,638.1,158.19999999999982,333.19999999999993,1,1,1.0
3,5,1029.4,502.8,221.29999999999995,197.00999999999993,1,1,1.0
3,6,1213.0,176.3,368.0,246.89999999999998,1,1,1.0
4,1,1530.7,767.1,47.49000000000001,130.39999999999998,1,1,0.0
4,2,1502.23,540.2,66.30999999999995,171.0999999999999,1,1,0.0
4,3,1335.63,391.8,229.81999999999994,217.72999999999996,1,1,1.0
4,4,1341.4,656.94,178.29999999999995,306.8599999999999,1,1,1.0
4,5,1039.3,478.2,224.5,206.40000000000003,1,1,1.0
4,6,1243.1,176.3,329.5,248.2,1,1,1.0
5,1,1536.7,767.1,41.49000000000001,130.39999999999998,1,1,0.0
5,2,1502.23,540.2,66.30999999999995,156.79999999999995,1,1,0.0
5,3,1334.1,393.4,231.35000000000014,216.13,1,1,1.0
5,4,1341.4,656.94,193.39999999999986,282.3599999999999,1,1,1.0
5,5,1039.3,481.9,224.5,197.5,1,1,1.0
5,6,1234.3,172.5,338.29999999999995,252.0,1,1,1.0
6,1,1548.8,767.1,29.3900000000001,130.39999999999998,1,1,0.0
6,2,1493.2,544.7,75.33999999999992,152.29999999999995,1,1,0.0
6,3,1334.1,393.4,231.35000000000014,216.13,1,1,1.0
6,4,1341.4,656.94,211.0,271.05999999999995,1,1,1.0
6,5,1033.0,479.8,236.0,199.09999999999997,1,1,1.0
6,6,1249.4,172.5,323.1999999999998,252.0,1,1,1.0
7,1,1546.9,767.1,31.289999999999964,130.39999999999998,1,1,0.0
7,2,1500.0,536.4,68.53999999999996,160.60000000000002,1,1,0.0
7,3,1333.58,393.9,231.35000000000014,211.39999999999998,1,1,1.0
7,4,1341.4,658.8,209.69999999999982,272.30000000000007,1,1,1.0
7,5,1087.42,425.9,216.07999999999993,217.94000000000005,1,1,1.0
7,6,1201.7,181.9,370.89999999999986,242.6,1,1,1.0
8,1,1545.0,767.1,33.190000000000055,130.39999999999998,1,1,0.0
8,2,1500.0,536.4,68.53999999999996,156.10000000000002,1,1,0.0
8,3,1338.8,388.7,226.1300000000001,205.09999999999997,1,1,1.0
8,4,1341.4,658.8,216.0,272.9000000000001,1,1,1.0
8,5,1030.91,502.3,224.49,216.36999999999995,1,1,1.0
8,6,1224.3,178.1,348.29999999999995,246.4,1,1,1.0
9,1,1545.0,767.1,33.190000000000055,109.69999999999993,1,1,0.0
9,2,1500.0,536.4,68.53999999999996,156.10000000000002,1,1,0.0
9,3,1338.8,390.3,226.1300000000001,205.09999999999997,1,1,1.0
9,4,1338.3,660.1,226.0,257.19999999999993,1,1,1.0
9,5,1026.72,538.4,233.87999999999988,188.64,1,1,1.0
9,6,1224.3,178.1,340.10000000000014,246.4,1,1,1.0
10,1,1545.0,777.8,33.190000000000055,99.0,1,1,0.0
10,2,1500.0,536.4,68.53999999999996,162.10000000000002,1,1,0.0
10,3,1344.0,387.2,220.93000000000006,221.8,1,1,1.0
10,4,1335.2,660.1,227.79999999999995,262.9,1,1,1.0
10,5,1026.72,540.5,230.77999999999997,182.89999999999998,1,1,1.0
10,6,1220.5,178.1,340.29999999999995,246.4,1,1,1.0
11,1,1545.0,775.9,33.190000000000055,100.89999999999998,1,1,0.0
11,2,1475.9,536.4,92.63999999999987,151.60000000000002,1,1,0.0
11,3,1344.0,387.2,220.93000000000006,200.3,1,1,1.0
11,4,1332.7,662.0,225.29999999999995,267.29999999999995,1,1,1.0
11,5,1023.1,540.5,232.80000000000007,182.89999999999998,1,1,1.0
11,6,1224.1,178.1,330.20000000000005,246.4,1,1,1.0
12,1,1545.0,775.9,33.190000000000055,93.39999999999998,1,1,0.0
12,2,1481.9,527.4,86.63999999999987,172.70000000000005,1,1,0.0
12,3,1335.6,389.8,229.33000000000015,197.7,1,1,1.0
12,4,1331.4,662.0,220.29999999999995,273.0,1,1,1.0
12,5,1016.8,542.6,239.10000000000014,180.79999999999995,1,1,1.0
12,6,1221.0,178.1,333.29999999999995,246.4,1,1,1.0
13,1,1545.0,775.9,33.190000000000055,99.70000000000005,1,1,0.0
13,2,1489.4,537.9,79.13999999999987,162.20000000000005,1,1,0.0
13,3,1335.6,389.8,229.33000000000015,198.7,1,1,1.0
13,4,1330.1,662.0,221.60000000000014,273.0,1,1,1.0
13,5,1021.5,542.6,234.4000000000001,180.79999999999995,1,1,1.0
13,6,1227.8,175.5,346.4000000000001,249.0,1,1,1.0
14,1,1543.12,782.18,33.180000000000064,99.70000000000005,1,1,0.0
14,2,1489.4,537.9,82.89999999999986,162.20000000000005,1,1,0.0
14,3,1342.4,398.2,222.52999999999997,190.3,1,1,1.0
14,4,1330.1,662.0,210.30000000000018,276.79999999999995,1,1,1.0
14,5,1021.5,540.0,236.5,183.39999999999998,1,1,1.0
14,6,1252.4,178.6,334.39999999999986,245.9,1,1,1.0
15,1,1545.6,782.18,30.700000000000045,99.70000000000005,1,1,0.0
15,2,1489.4,537.9,82.89999999999986,162.20000000000005,1,1,0.0
15,3,1341.4,400.3,223.52999999999997,228.49999999999994,1,1,1.0
15,4,1330.1,662.0,208.4000000000001,278.1,1,1,1.0
15,5,1021.5,531.6,236.5,191.79999999999995,1,1,1.0
15,6,1229.4,174.9,351.0999999999999,247.49999999999997,1,1,1.0
16,1,1541.8,782.18,34.5,99.70000000000005,1,1,0.0
16,2,1489.4,537.9,82.89999999999986,162.20000000000005,1,1,0.0
16,3,1332.0,400.3,232.93000000000006,201.8,1,1,1.0
16,4,1329.45,662.0,207.5,279.04999999999995,1,1,1.0
16,5,1034.1,491.8,218.10000000000014,233.2,1,1,1.0
16,6,1238.8,167.6,341.70000000000005,251.70000000000002,1,1,1.0
17,1,1541.8,778.4,34.5,103.48000000000002,1,1,0.0
17,2,1489.4,537.9,82.89999999999986,162.20000000000005,1,1,0.0
17,3,1313.7,390.9,244.89999999999986,238.5,1,1,1.0
17,4,1328.8,662.0,206.60000000000014,280.0,1,1,1.0
17,5,1027.3,517.4,218.10000000000014,202.39999999999998,1,1,1.0
17,6,1238.8,178.1,341.70000000000005,247.50000000000003,1,1,1.0
18,1,1542.45,778.4,33.84999999999991,103.48000000000002,1,1,0.0
18,2,1489.4,537.9,82.89999999999986,162.20000000000005,1,1,0.0
18,3,1313.7,390.9,244.89999999999986,202.39999999999998,1,1,1.0
18,4,1328.8,662.0,213.5,281.9,1,1,1.0
18,5,1022.1,522.1,224.89999999999998,197.69999999999993,1,1,1.0
18,6,1259.3,182.3,321.20000000000005,240.7,1,1,1.0
19,1,1543.1,778.4,33.200000000000045,103.48000000000002,1,1,0.0
19,2,1489.4,532.6,82.89999999999986,167.5,1,1,0.0
19,3,1313.2,402.9,245.39999999999986,203.5,1,1,1.0
19,4,1328.8,662.0,211.60000000000014,285.70000000000005,1,1,1.0
19,5,1026.8,525.8,220.20000000000005,194.0,1,1,1.0
19,6,1261.9,187.5,324.39999999999986,244.39999999999998,1,1,1.0
20,1,1543.1,778.4,33.200000000000045,103.48000000000002,1,1,0.0
20,2,1489.4,539.4,82.89999999999986,160.70000000000005,1,1,0.0
20,3,1302.7,402.9,255.89999999999986,191.5,1,1,1.0
20,4,1336.3,662.0,204.10000000000014,285.70000000000005,1,1,1.0
20,5,1022.6,519.5,224.39999999999998,200.29999999999995,1,1,1.0
20,6,1208.5,187.5,390.4000000000001,264.3,1,1,1.0
21,1,1543.1,778.4,33.200000000000045,106.0,1,1,0.0
21,2,1489.4,534.1,82.89999999999986,166.0,1,1,0.0
21,3,1291.7,402.9,266.89999999999986,191.5,1,1,1.0
21,4,1342.0,651.3,195.9000000000001,303.9000000000001,1,1,1.0
21,5,1029.4,511.7,217.5999999999999,211.2,1,1,1.0
21,6,1197.5,197.4,376.79999999999995,239.20000000000002,1,1,1.0
22,1,1543.1,778.4,33.200000000000045,108.5,1,1,0.0
22,2,1489.4,537.1,82.89999999999986,163.0,1,1,0.0
22,3,1332.5,402.9,226.0999999999999,191.5,1,1,1.0
22,4,1342.0,656.3,188.4000000000001,298.9000000000001,1,1,1.0
22,5,764.46,459.25,303.6399999999999,189.25,1,1,1.0
22,6,1231.5,159.7,352.70000000000005,265.40000000000003,1,1,1.0
23,1,1543.1,778.4,33.200000000000045,111.60000000000002,1,1,0.0
23,2,1489.4,525.0,82.89999999999986,175.10000000000002,1,1,0.0
23,3,1345.1,389.3,213.5,205.09999999999997,1,1,1.0
23,4,1342.0,659.4,168.9000000000001,292.0,1,1,1.0
23,5,683.46,415.3,267.8399999999999,209.33999999999997,1,1,1.0
23,6,1208.0,186.9,373.0999999999999,238.20000000000002,1,1,1.0
24,1,1546.2,778.4,30.09999999999991,111.60000000000002,1,1,0.0
24,2,1489.4,532.5,82.89999999999986,157.79999999999995,1,1,0.0
24,3,1345.1,392.4,213.5,202.0,1,1,1.0
24,4,1344.5,659.4,163.29999999999995,292.0,1,1,1.0
24,5,676.6,389.6,255.89999999999998,235.0,1,1,1.0
24,6,1193.3,196.3,382.0,228.8,1,1,1.0
25,1,1546.2,778.4,30.09999999999991,119.10000000000002,1,1,0.0
25,2,1489.4,535.5,82.89999999999986,155.60000000000002,1,1,0.0
25,3,1341.4,399.2,218.19999999999982,204.7,1,1,1.0
25,4,1344.5,662.5,158.29999999999995,291.4,1,1,1.0
25,5,676.6,383.3,260.9,241.3,1,1,1.0
25,6,1187.0,214.1,391.4000000000001,232.50000000000003,1,1,1.0
26,1,1546.2,778.4,30.09999999999991,114.70000000000005,1,1,0.0
26,2,1489.4,541.5,82.89999999999986,140.60000000000002,1,1,0.0
26,3,1337.2,402.3,222.89999999999986,194.7,1,1,1.0
26,4,1347.6,668.2,160.20000000000005,292.5999999999999,1,1,1.0
26,5,667.8,382.0,278.5,237.60000000000002,1,1,1.0
26,6,1195.9,219.3,376.6999999999998,224.09999999999997,1,1,1.0
27,1,1546.2,778.4,30.09999999999991,110.30000000000007,1,1,0.0
27,2,1496.2,541.5,76.09999999999991,140.60000000000002,1,1,0.0
27,3,1337.2,406.0,219.79999999999995,227.10000000000002,1,1,1.0
27,4,1347.6,670.7,161.5,290.0999999999999,1,1,1.0
27,5,667.8,386.7,278.5,229.8,1,1,1.0
27,6,1181.2,221.92,391.39999999999986,224.1,1,1,1.0
28,1,1546.2,778.4,30.09999999999991,109.0,1,1,0.0
28,2,1503.7,541.5,68.59999999999991,140.60000000000002,1,1,0.0
28,3,1327.3,398.7,231.79999999999995,240.7,1,1,1.0
28,4,1353.9,670.7,170.89999999999986,290.0999999999999,1,1,1.0
28,5,670.9,388.8,272.80000000000007,237.09999999999997,1,1,1.0
28,6,1193.8,196.8,389.79999999999995,226.7,1,1,1.0
29,1,1546.2,778.4,30.09999999999991,101.5,1,1,0.0
29,2,1503.7,551.65,68.59999999999991,130.45000000000005,1,1,0.0
29,3,1327.3,395.0,233.9000000000001,215.10000000000002,1,1,1.0
29,4,1353.9,668.2,170.89999999999986,292.5999999999999,1,1,1.0
29,5,655.2,432.8,241.39999999999998,262.7,1,1,1.0
29,6,1188.6,156.0,397.60000000000014,267.5,1,1,1.0
30,1,1546.2,778.4,30.09999999999991,106.5,1,1,0.0
30,2,1503.7,561.8,68.59999999999991,120.30000000000007,1,1,0.0
30,3,1323.1,395.0,238.10000000000014,243.89999999999998,1,1,1.0
30,4,1357.0,661.9,170.29999999999995,298.9,1,1,1.0
30,5,650.0,386.8,194.29999999999995,317.09999999999997,1,1,1.0
30,6,1172.4,156.0,413.79999999999995,224.60000000000002,1,1,1.0
31,1,1546.2,774.0,30.09999999999991,106.5,1,1,0.0
31,2,1489.4,548.3,82.89999999999986,133.80000000000007,1,1,0.0
31,3,1323.1,387.2,238.10000000000014,234.40000000000003,1,1,1.0
31,4,1362.0,648.1,160.9000000000001,312.69999999999993,1,1,1.0
31,5,653.6,395.1,192.19999999999993,313.9,1,1,1.0
31,6,1193.9,149.7,453.5,230.90000000000003,1,1,1.0
32,1,1546.2,774.0,30.09999999999991,108.70000000000005,1,1,0.0
32,2,1499.9,548.3,72.39999999999986,133.80000000000007,1,1,0.0
32,3,1327.3,378.3,230.79999999999995,216.09999999999997,1,1,1.0
32,4,1362.0,629.9,160.9000000000001,330.9,1,1,1.0
32,5,654.3,400.2,198.80000000000007,308.8,1,1,1.0
32,6,1226.8,184.2,369.29999999999995,232.0,1,1,1.0
33,1,1546.2,774.0,30.09999999999991,110.89999999999998,1,1,0.0
33,2,1484.8,548.3,87.5,133.80000000000007,1,1,0.0
33,3,1329.9,371.0,229.19999999999982,228.60000000000002,1,1,1.0
33,4,1357.0,612.3,157.0999999999999,356.0,1,1,1.0
33,5,654.3,405.3,203.9000000000001,290.59999999999997,1,1,1.0
33,6,1213.2,181.6,368.20000000000005,219.4,1,1,1.0
34,1,1546.85,774.0,29.450000000000045,110.89999999999998,1,1,0.0
34,2,1493.8,539.3,78.5,142.80000000000007,1,1,0.0
34,3,1314.2,383.6,246.5,220.19999999999993,1,1,1.0
34,4,1357.0,645.6,157.0999999999999,322.69999999999993,1,1,1.0
34,5,654.3,408.2,207.20000000000005,300.8,1,1,1.0
34,6,1243.6,163.3,326.8000000000002,252.89999999999998,1,1,1.0
35,1,1547.5,774.0,28.799999999999955,110.89999999999998,1,1,0.0
35,2,1499.8,539.3,72.5,142.80000000000007,1,1,0.0
35,3,1341.4,388.8,218.79999999999995,205.09999999999997,1,1,1.0
35,4,1357.0,630.5,157.0999999999999,337.79999999999995,1,1,1.0
35,5,654.3,402.0,207.20000000000005,303.4,1,1,1.0
35,6,1247.3,152.3,316.29999999999995,271.75,1,1,1.0
36,1,1544.4,774.0,31.899999999999864,110.89999999999998,1,1,0.0
36,2,1497.9,539.3,74.39999999999986,146.20000000000005,1,1,0.0
36,3,1341.4,390.4,218.79999999999995,203.5,1,1,1.0
36,4,1357.0,611.7,157.0999999999999,356.5999999999999,1,1,1.0
36,5,654.3,402.0,201.4000000000001,298.70000000000005,1,1,1.0
36,6,1257.2,143.9,310.5999999999999,267.6,1,1,1.0
37,1,1544.4,778.4,31.899999999999864,106.5,1,1,0.0
37,2,1496.0,539.3,76.29999999999995,149.60000000000002,1,1,0.0
37,3,1336.7,390.4,223.5,203.5,1,1,1.0
37,4,1357.0,618.6,157.0999999999999,349.69999999999993,1,1,1.0
37,5,647.8,403.1,210.80000000000007,275.80999999999995,1,1,1.0
37,6,1233.7,148.1,338.79999999999995,250.29999999999998,1,1,1.0
38,1,1542.5,778.4,33.799999999999955,106.5,1,1,0.0
38,2,1496.0,551.4,76.29999999999995,137.5,1,1,0.0
38,3,1336.7,391.4,223.5,205.10000000000002,1,1,1.0
38,4,1357.0,630.5,157.0999999999999,337.79999999999995,1,1,1.0
38,5,626.4,402.7,236.60000000000002,269.7,1,1,1.0
38,6,1233.7,152.8,345.0999999999999,254.5,1,1,1.0
39,1,1539.65,778.4,36.649999999999864,120.30000000000007,1,1,0.0
39,2,1497.5,551.4,74.79999999999995,137.5,1,1,0.0
39,3,1336.7,391.4,223.5,202.0,1,1,1.0
39,4,1355.1,620.75,159.0,347.54999999999995,1,1,1.0
39,5,632.9,406.3,222.80000000000007,264.3,1,1,1.0
39,6,1233.7,157.5,345.0999999999999,248.2,1,1,1.0
40,1,1536.8,778.4,39.5,134.10000000000002,1,1,0.0
40,2,1497.5,543.1,74.79999999999995,145.79999999999995,1,1,0.0
40,3,1336.7,385.1,223.0,210.39999999999998,1,1,1.0
40,4,1353.2,611.0,160.89999999999986,357.29999999999995,1,1,1.0
40,5,649.6,404.5,208.60000000000002,266.1,1,1,1.0
40,6,1233.7,150.2,351.89999999999986,278.5,1,1,1.0
41,1,1536.8,778.4,39.5,102.10000000000002,1,1,0.0
41,2,1497.5,543.1,74.79999999999995,145.79999999999995,1,1,0.0
41,3,1341.4,381.4,218.29999999999995,223.0,1,1,1.0
41,4,1353.2,624.8,160.89999999999986,343.5,1,1,1.0
41,5,653.2,407.4,209.39999999999998,263.20000000000005,1,1,1.0
41,6,1207.5,164.3,375.0,242.89999999999998,1,1,1.0
42,1,1536.8,778.4,39.5,102.10000000000002,1,1,0.0
42,2,1497.5,533.3,74.79999999999995,155.60000000000002,1,1,0.0
42,3,1341.4,385.6,218.79999999999995,220.39999999999998,1,1,1.0
42,4,1353.2,621.7,160.89999999999986,346.5999999999999,1,1,1.0
42,5,653.2,409.6,213.79999999999995,261.0,1,1,1.0
42,6,1205.4,176.8,429.39999999999986,237.7,1,1,1.0
43,1,1536.8,778.4,39.5,102.10000000000002,1,1,0.0
43,2,1497.5,537.1,74.79999999999995,151.79999999999995,1,1,0.0
43,3,1341.4,385.6,218.79999999999995,213.60000000000002,1,1,1.0
43,4,1345.7,644.3,168.39999999999986,324.0,1,1,1.0
43,5,654.7,409.6,211.5999999999999,261.0,1,1,1.0
43,6,1248.3,174.7,394.29999999999995,242.40000000000003,1,1,1.0
44,1,1540.9,778.4,35.399999999999864,102.10000000000002,1,1,0.0
44,2,1497.5,537.1,74.79999999999995,151.79999999999995,1,1,0.0
44,3,1341.4,390.8,218.79999999999995,212.09999999999997,1,1,1.0
44,4,1345.7,639.9,168.39999999999986,328.4,1,1,1.0
44,5,650.0,409.6,214.10000000000002,261.0,1,1,1.0
44,6,1248.3,170.0,368.10000000000014,233.5,1,1,1.0
45,1,1545.0,778.4,31.299999999999955,102.10000000000002,1,1,0.0
45,2,1497.5,537.1,74.79999999999995,151.79999999999995,1,1,0.0
45,3,1341.4,393.9,218.79999999999995,202.20000000000005,1,1,1.0
45,4,1345.7,639.9,168.39999999999986,328.4,1,1,1.0
45,5,654.4,410.7,215.89999999999998,259.90000000000003,1,1,1.0
45,6,1225.3,170.0,366.5,235.60000000000002,1,1,1.0
46,1,1545.0,778.4,31.299999999999955,67.60000000000002,1,1,0.0
46,2,1497.5,537.1,74.79999999999995,151.79999999999995,1,1,0.0
46,3,1341.4,396.5,218.79999999999995,199.60000000000002,1,1,1.0
46,4,1345.7,639.9,168.39999999999986,328.4,1,1,1.0
46,5,631.9,412.2,244.89999999999998,256.59999999999997,1,1,1.0
46,6,1184.5,163.7,410.4000000000001,241.90000000000003,1,1,1.0
47,1,1545.0,778.4,31.299999999999955,54.39999999999998,1,1,0.0
47,2,1496.0,537.1,76.29999999999995,151.79999999999995,1,1,0.0
47,3,1335.6,396.5,224.60000000000014,193.79999999999995,1,1,1.0
47,4,1345.7,638.6,168.39999999999986,329.69999999999993,1,1,1.0
47,5,651.9,407.5,216.89999999999998,268.20000000000005,1,1,1.0
47,6,1220.1,173.6,368.0,233.6,1,1,1.0
48,1,1547.51,778.4,31.299999999999955,54.39999999999998,1,1,0.0
48,2,1498.3,537.1,74.0,151.79999999999995,1,1,0.0
48,3,1335.6,400.2,224.60000000000014,208.40000000000003,1,1,1.0
48,4,1345.7,639.9,168.39999999999986,328.4,1,1,1.0
48,5,651.9,398.8,206.0,301.59999999999997,1,1,1.0
48,6,1192.9,173.6,395.1999999999998,233.6,1,1,1.0
49,1,1552.5,778.4,26.309999999999945,54.39999999999998,1,1,0.0
49,2,1499.9,537.1,72.39999999999986,165.89999999999998,1,1,0.0
49,3,1335.6,400.2,224.60000000000014,196.40000000000003,1,1,1.0
49,4,1345.7,653.1,168.39999999999986,315.19999999999993,1,1,1.0
49,5,671.1,479.5,209.29999999999995,259.4,1,1,1.0
49,6,1177.7,171.0,404.0999999999999,236.2,1,1,1.0
50,1,1552.5,778.4,26.309999999999945,64.39999999999998,1,1,0.0
50,2,1499.9,537.1,72.39999999999986,165.89999999999998,1,1,0.0
50,3,1338.2,403.9,222.0,190.10000000000002,1,1,1.0
50,4,1345.7,650.0,168.39999999999986,318.29999999999995,1,1,1.0
50,5,650.17,493.11,320.73,191.89,1,1,1.0
50,6,1142.1,165.8,449.10000000000014,241.39999999999998,1,1,1.0
51,1,1552.5,792.2,26.309999999999945,50.59999999999991,1,1,0.0
51,2,1499.9,519.8,72.39999999999986,183.20000000000005,1,1,0.0
51,3,1340.3,403.9,219.9000000000001,190.10000000000002,1,1,1.0
51,4,1345.7,652.5,168.39999999999986,315.79999999999995,1,1,1.0
51,5,987.75,483.31,276.25,197.08999999999997,1,1,1.0
51,6,1231.6,165.8,354.4000000000001,241.39999999999998,1,1,1.0
52,1,1551.74,792.2,27.069999999999936,51.74000000000001,1,1,0.0
52,2,1501.5,519.8,70.79999999999995,179.0,1,1,0.0
52,3,1340.3,403.9,219.9000000000001,210.5,1,1,1.0
52,4,1345.7,636.8,173.39999999999986,328.4000000000001,1,1,1.0
52,5,1013.9,474.9,243.89999999999998,223.70000000000005,1,1,1.0
52,6,1223.8,159.5,355.9000000000001,301.1,1,1,1.0
53,1,1550.98,792.2,27.829999999999927,52.879999999999995,1,1,0.0
53,2,1496.8,517.7,75.5,181.0999999999999,1,1,0.0
53,3,1342.4,389.8,218.29999999999995,258.09999999999997,1,1,1.0
53,4,1345.7,636.8,166.5,328.4000000000001,1,1,1.0
53,5,1024.1,488.0,257.70000000000005,217.89999999999998,1,1,1.0
53,6,1239.5,145.4,331.79999999999995,272.79999999999995,1,1,1.0
54,1,1550.22,792.2,28.589999999999918,54.01999999999998,1,1,0.0
54,2,1498.4,524.0,73.89999999999986,174.79999999999995,1,1,0.0
54,3,1342.4,384.1,217.0,268.79999999999995,1,1,1.0
54,4,1349.45,639.95,162.75,325.25,1,1,1.0
54,5,1133.1,514.2,197.4000000000001,274.9,1,1,1.0
54,6,1226.4,145.4,400.89999999999986,271.20000000000005,1,1,1.0
55,1,1549.46,792.2,29.34999999999991,55.15999999999997,1,1,0.0
55,2,1498.4,534.5,73.89999999999986,164.29999999999995,1,1,0.0
55,3,1342.4,384.1,217.0,249.29999999999995,1,1,1.0
55,4,1353.2,643.1,159.0,322.1,1,1,1.0
55,5,1177.8,567.3,197.0,280.30000000000007,1,1,1.0
55,6,1189.2,184.6,431.29999999999995,232.00000000000003,1,1,1.0
56,1,1548.7,792.2,30.1099999999999,56.299999999999955,1,1,0.0
56,2,1498.4,532.4,73.89999999999986,166.39999999999998,1,1,0.0
56,3,1340.5,386.6,218.29999999999995,225.5,1,1,1.0
56,4,1358.9,641.8,159.5999999999999,323.4000000000001,1,1,1.0
56,5,1197.18,617.27,216.81999999999994,256.23,1,1,1.0
56,6,1195.0,157.4,396.20000000000005,250.79999999999998,1,1,1.0
57,1,1541.2,792.2,37.6099999999999,74.5,1,1,0.0
57,2,1498.4,527.2,73.89999999999986,171.5999999999999,1,1,0.0
57,3,1340.5,362.1,175.5999999999999,263.79999999999995,1,1,1.0
57,4,1358.9,641.8,177.19999999999982,315.20000000000005,1,1,1.0
57,5,1263.11,687.59,191.09000000000015,282.30999999999995,1,1,1.0
57,6,1196.0,162.6,395.20000000000005,224.1,1,1,1.0
58,1,1556.3,792.2,22.50999999999999,74.5,1,1,0.0
58,2,1485.8,555.5,86.5,143.29999999999995,1,1,0.0
58,3,1298.43,377.8,176.8699999999999,275.09999999999997,1,1,1.0
58,4,1337.5,641.8,206.79999999999995,303.30000000000007,1,1,1.0
58,5,1352.07,836.73,220.6300000000001,190.76999999999998,1,1,1.0
58,6,1194.4,165.7,381.0999999999999,228.3,1,1,1.0
59,1,1563.8,792.2,15.009999999999991,74.5,1,1,0.0
59,2,1483.7,529.9,88.59999999999991,168.89999999999998,1,1,0.0
59,3,1298.43,388.5,163.66999999999985,282.0,1,1,1.0
59,4,1351.9,666.3,224.39999999999986,252.4000000000001,1,1,1.0
59,5,1352.07,853.1,224.23000000000002,176.89999999999998,1,1,1.0
59,6,1194.4,173.5,398.39999999999986,239.3,1,1,1.0
60,1,1542.75,792.2,36.059999999999945,88.0,1,1,0.0
60,2,1473.8,538.8,98.5,160.0,1,1,0.0
60,3,1298.43,388.5,200.06999999999994,266.29999999999995,1,1,1.0
60,4,1343.1,657.5,233.20000000000005,209.10000000000002,1,1,1.0
60,5,1336.1,862.9,240.20000000000005,167.10000000000002,1,1,1.0
60,6,1214.8,188.2,378.0,249.7,1,1,1.0
61,1,1521.7,792.2,57.1099999999999,101.5,1,1,0.0
61,2,1482.7,532.0,89.59999999999991,166.79999999999995,1,1,0.0
61,3,1298.43,422.4,193.16999999999985,236.20000000000005,1,1,1.0
61,4,1343.1,665.7,233.20000000000005,191.5,1,1,1.0
61,5,1337.6,871.6,240.9000000000001,156.19999999999993,1,1,1.0
61,6,1245.7,191.9,347.5999999999999,245.99999999999997,1,1,1.0
62,1,1511.7,825.5,67.1099999999999,68.20000000000005,1,1,0.0
62,2,1493.7,538.8,78.59999999999991,160.0,1,1,0.0
62,3,1337.4,410.5,213.89999999999986,165.20000000000005,1,1,1.0
62,4,1343.1,675.1,233.20000000000005,192.79999999999995,1,1,1.0
62,5,1344.1,871.6,234.4000000000001,153.9999999999999,1,1,1.0
62,6,1260.9,185.6,318.29999999999995,241.29999999999998,1,1,1.0
63,1,1511.7,819.8,67.1099999999999,73.90000000000009,1,1,0.0
63,2,1487.4,545.1,84.89999999999986,153.69999999999993,1,1,0.0
63,3,1392.6,399.8,169.4000000000001,146.99999999999994,1,1,1.0
63,4,1345.6,680.8,230.70000000000005,179.60000000000002,1,1,1.0
63,5,1372.4,885.0,206.0999999999999,139.9000000000001,1,1,1.0
63,6,1260.9,185.6,318.29999999999995,240.29999999999998,1,1,1.0
64,1,1519.2,819.8,59.6099999999999,73.90000000000009,1,1,0.0
64,2,1470.7,525.7,101.59999999999991,173.0999999999999,1,1,0.0
64,3,1468.6,397.3,97.80000000000018,105.5,1,1,0.0
64,4,1341.8,682.1,234.5,184.60000000000002,1,1,1.0
64,5,1418.2,913.0,160.29999999999995,111.90000000000009,1,1,0.0
64,6,1262.5,188.7,316.70000000000005,241.90000000000003,1,1,1.0
65,1,1521.7,819.8,57.1099999999999,73.90000000000009,1,1,0.0
65,2,1479.1,532.0,93.20000000000005,166.79999999999995,1,1,0.0
65,3,1476.1,387.3,90.30000000000018,114.19999999999999,1,1,0.0
65,4,1341.8,682.1,234.5,178.89999999999998,1,1,1.0
65,5,1428.4,913.0,150.0999999999999,99.20000000000005,1,1,0.0
65,6,1265.6,192.4,312.60000000000014,238.20000000000002,1,1,1.0
66,1,1523.9,825.15,54.919999999999845,68.55000000000007,1,1,0.0
66,2,1475.4,532.0,95.84999999999991,166.79999999999995,1,1,0.0
66,3,1476.1,387.3,90.30000000000018,97.19999999999999,1,1,0.0
66,4,1344.3,682.1,232.0,178.89999999999998,1,1,1.0
66,5,1407.3,917.4,171.20000000000005,110.80000000000007,1,1,1.0
66,6,1265.6,189.3,308.9000000000001,241.3,1,1,1.0
67,1,1526.1,830.5,52.72000000000003,63.200000000000045,1,1,0.0
67,2,1486.95,526.7,85.34999999999991,162.15999999999997,1,1,0.0
67,3,1473.0,393.0,93.40000000000009,105.30000000000001,1,1,0.0
67,4,1344.3,682.1,232.0,178.89999999999998,1,1,1.0
67,5,1407.3,894.9,171.20000000000005,131.10000000000002,1,1,1.0
67,6,1265.6,190.3,306.8000000000002,246.09999999999997,1,1,1.0
68,1,1533.6,830.5,45.22000000000003,63.200000000000045,1,1,0.0
68,2,1489.0,526.7,83.29999999999995,174.19999999999993,1,1,0.0
68,3,1473.0,417.5,93.40000000000009,101.5,1,1,0.0
68,4,1344.3,682.1,232.0,178.89999999999998,1,1,1.0
68,5,1417.8,883.4,160.70000000000005,146.19999999999993,1,1,1.0
68,6,1265.6,190.3,306.8000000000002,246.09999999999997,1,1,1.0
69,1,1533.6,834.9,45.22000000000003,58.80000000000007,1,1,0.0
69,2,1497.4,531.4,74.89999999999986,158.5,1,1,0.0
69,3,1500.6,417.5,65.80000000000018,101.5,1,1,0.0
69,4,1344.3,682.1,232.0,178.89999999999998,1,1,1.0
69,5,1417.4,861.4,161.0999999999999,170.69999999999993,1,1,1.0
69,6,1268.7,190.3,303.70000000000005,246.09999999999997,1,1,1.0
70,1,1533.6,855.6,45.22000000000003,38.10000000000002,1,1,0.0
70,2,1490.6,520.9,81.70000000000005,162.20000000000005,1,1,0.0
70,3,1513.2,413.1,53.200000000000045,105.89999999999998,1,1,0.0
70,4,1344.3,682.1,232.0,178.89999999999998,1,1,1.0
70,5,1421.8,894.9,156.70000000000005,137.89999999999998,1,1,1.0
70,6,1268.7,186.6,303.70000000000005,249.79999999999998,1,1,1.0
71,1,1522.3,839.3,56.51999999999998,54.40000000000009,1,1,0.0
71,2,1490.6,530.3,81.70000000000005,152.80000000000007,1,1,0.0
71,3,1557.2,413.1,9.200000000000045,105.89999999999998,1,1,0.0
71,4,1338.0,680.2,238.29999999999995,180.79999999999995,1,1,1.0
71,5,1416.7,894.9,161.79999999999995,139.0000000000001,1,1,1.0
71,6,1268.7,186.6,303.70000000000005,249.79999999999998,1,1,1.0
72,1,1522.3,839.3,56.51999999999998,45.30000000000007,1,1,0.0
72,2,1483.3,530.3,89.0,161.70000000000005,1,1,0.0
72,3,1557.2,413.1,9.200000000000045,105.89999999999998,1,1,0.0
72,4,1339.9,680.2,236.39999999999986,180.79999999999995,1,1,1.0
72,5,1408.0,894.9,170.5,138.60000000000002,1,1,1.0
72,6,1268.7,190.3,300.0,246.09999999999997,1,1,1.0
73,1,1522.3,839.3,56.51999999999998,36.200000000000045,1,1,0.0
73,2,1483.3,518.3,89.0,183.60000000000002,1,1,0.0
73,3,1557.2,413.1,9.200000000000045,105.89999999999998,1,1,0.0
73,4,1343.0,680.2,233.29999999999995,180.79999999999995,1,1,1.0
73,5,1412.0,873.5,166.5,156.0,1,1,1.0
73,6,1265.0,190.3,303.70000000000005,246.09999999999997,1,1,1.0
74,1,1522.3,839.3,56.51999999999998,41.200000000000045,1,1,0.0
74,2,1480.2,518.3,92.09999999999991,183.60000000000002,1,1,0.0
74,3,1557.2,413.1,9.200000000000045,105.89999999999998,1,1,0.0
74,4,1343.0,680.2,233.29999999999995,180.79999999999995,1,1,1.0
74,5,1409.8,873.5,168.70000000000005,139.29999999999995,1,1,1.0
74,6,1247.2,191.9,321.5,244.49999999999997,1,1,1.0
75,1,1529.5,839.3,49.319999999999936,41.200000000000045,1,1,0.0
75,2,1477.6,522.0,94.70000000000005,179.89999999999998,1,1,0.0
75,3,1557.2,413.1,9.200000000000045,105.89999999999998,1,1,0.0
75,4,1343.0,680.2,233.29999999999995,180.79999999999995,1,1,1.0
75,5,1393.4,875.3,185.0999999999999,124.80000000000007,1,1,1.0
75,6,1269.2,189.8,299.5,256.5,1,1,1.0
76,1,1536.7,839.3,42.11999999999989,41.200000000000045,1,1,0.0
76,2,1480.2,522.0,92.09999999999991,179.89999999999998,1,1,0.0
76,3,1557.2,413.1,9.200000000000045,105.89999999999998,1,1,0.0
76,4,1343.0,680.2,233.9000000000001,187.69999999999993,1,1,1.0
76,5,1377.0,866.9,200.4000000000001,153.20000000000005,1,1,1.0
76,6,1262.9,186.7,305.79999999999995,257.0,1,1,1.0
77,1,1535.53,839.3,43.289999999999964,41.200000000000045,1,1,0.0
77,2,1482.8,522.0,89.5,179.89999999999998,1,1,0.0
77,3,1557.2,413.1,9.200000000000045,105.89999999999998,1,1,0.0
77,4,1343.0,676.4,235.79999999999995,196.5,1,1,1.0
77,5,1377.7,877.8,199.70000000000005,155.4000000000001,1,1,1.0
77,6,1267.6,189.8,301.10000000000014,247.59999999999997,1,1,1.0
78,1,1534.36,839.3,44.460000000000036,41.200000000000045,1,1,0.0
78,2,1482.8,522.0,89.5,179.89999999999998,1,1,0.0
78,3,1557.2,413.1,9.200000000000045,105.89999999999998,1,1,0.0
78,4,1343.0,676.4,236.45000000000005,194.0,1,1,1.0
78,5,1375.9,880.7,201.5,155.39999999999986,1,1,1.0
78,6,1256.1,192.9,312.60000000000014,244.49999999999997,1,1,1.0
79,1,1533.19,839.3,45.62999999999988,41.200000000000045,1,1,0.0
79,2,1482.8,522.0,89.5,179.89999999999998,1,1,0.0
79,3,1557.2,413.1,9.200000000000045,105.89999999999998,1,1,0.0
79,4,1343.0,676.4,237.0999999999999,191.5,1,1,1.0
79,5,1375.9,845.5,201.5,190.20000000000005,1,1,1.0
79,6,1258.2,190.8,310.5,246.59999999999997,1,1,1.0
80,1,1532.01,839.3,46.809999999999945,41.200000000000045,1,1,0.0
80,2,1482.8,522.0,89.5,179.89999999999998,1,1,0.0
80,3,1557.2,413.1,9.200000000000045,105.89999999999998,1,1,0.0
80,4,1343.0,674.5,237.0999999999999,192.14999999999998,1,1,1.0
80,5,1375.9,843.3,201.5,192.4000000000001,1,1,1.0
80,6,1261.3,194.5,310.5,242.89999999999998,1,1,1.0
81,1,1530.84,839.3,47.98000000000002,41.200000000000045,1,1,0.0
81,2,1482.8,522.0,89.5,179.89999999999998,1,1,0.0
81,3,1557.2,413.1,9.200000000000045,105.89999999999998,1,1,0.0
81,4,1343.0,672.6,237.0999999999999,192.79999999999995,1,1,1.0
81,5,1375.9,841.5,201.5,194.20000000000005,1,1,1.0
81,6,1262.35,194.25,309.45000000000005,242.35000000000002,1,1,1.0
82,1,1529.67,839.3,49.149999999999864,41.200000000000045,1,1,0.0
82,2,1482.8,520.4,89.5,181.5,1,1,0.0
82,3,1557.2,413.1,9.200000000000045,105.89999999999998,1,1,0.0
82,4,1343.0,672.6,237.0999999999999,186.5,1,1,1.0
82,5,1375.9,855.3,201.5,180.4000000000001,1,1,1.0
82,6,1263.4,194.0,308.39999999999986,241.8,1,1,1.0
83,1,1528.5,839.3,50.319999999999936,41.200000000000045,1,1,0.0
83,2,1482.8,522.0,89.5,179.89999999999998,1,1,0.0
83,3,1557.2,413.1,9.200000000000045,105.89999999999998,1,1,0.0
83,4,1343.0,672.6,237.0999999999999,183.39999999999998,1,1,1.0
83,5,1375.9,872.2,201.5,161.70000000000005,1,1,1.0
83,6,1234.1,194.0,337.70000000000005,241.8,1,1,1.0
84,1,1528.5,835.53,50.319999999999936,44.97000000000003,1,1,0.0
84,2,1482.8,541.9,89.5,160.0,1,1,0.0
84,3,1557.2,413.1,9.200000000000045,105.89999999999998,1,1,0.0
84,4,1343.0,670.1,237.0999999999999,185.89999999999998,1,1,1.0
84,5,1375.9,865.1,201.5,168.80000000000007,1,1,1.0
84,6,1234.1,187.7,337.70000000000005,248.10000000000002,1,1,1.0
85,1,1528.5,831.77,50.319999999999936,48.73000000000002,1,1,0.0
85,2,1480.7,522.02,91.09999999999991,181.98000000000002,1,1,0.0
85,3,1557.2,413.1,9.200000000000045,105.89999999999998,1,1,0.0
85,4,1343.0,667.6,237.0999999999999,188.39999999999998,1,1,1.0
85,5,1375.9,884.7,201.5,149.20000000000005,1,1,1.0
85,6,1217.4,193.5,350.1999999999998,242.3,1,1,1.0
86,1,1528.5,828.0,50.319999999999936,52.5,1,1,0.0
86,2,1480.7,522.02,91.09999999999991,179.38,1,1,0.0
86,3,1557.2,413.1,9.200000000000045,105.89999999999998,1,1,0.0
86,4,1343.0,670.1,237.0999999999999,185.89999999999998,1,1,1.0
86,5,1375.9,868.7,201.5,166.70000000000005,1,1,1.0
86,6,1240.4,193.5,327.1999999999998,242.3,1,1,1.0
87,1,1531.95,823.0,46.86999999999989,53.75,1,1,0.0
87,2,1480.7,522.02,91.09999999999991,179.38,1,1,0.0
87,3,1557.2,413.1,9.200000000000045,105.89999999999998,1,1,0.0
87,4,1343.0,670.1,237.0999999999999,202.89999999999998,1,1,1.0
87,5,1375.9,854.9,201.5,180.5000000000001,1,1,1.0
87,6,1240.4,192.5,327.1999999999998,243.3,1,1,1.0
88,1,1535.4,818.0,43.419999999999845,55.0,1,1,0.0
88,2,1480.7,522.02,91.09999999999991,179.38,1,1,0.0
88,3,1557.2,413.1,9.200000000000045,105.89999999999998,1,1,0.0
88,4,1343.0,670.1,237.0999999999999,179.69999999999993,1,1,1.0
88,5,1375.9,854.5,201.5,180.9000000000001,1,1,1.0
88,6,1259.8,194.6,323.0,241.20000000000002,1,1,1.0
89,1,1540.51,818.0,38.309999999999945,55.0,1,1,0.0
89,2,1480.7,513.6,91.09999999999991,187.79999999999995,1,1,0.0
89,3,1557.2,413.1,9.200000000000045,105.89999999999998,1,1,0.0
89,4,1343.0,670.1,237.0999999999999,179.69999999999993,1,1,1.0
89,5,1375.9,849.4,201.5,186.0000000000001,1,1,1.0
89,6,1265.0,191.5,306.79999999999995,241.7,1,1,1.0
90,1,1545.63,818.0,33.18999999999983,55.0,1,1,0.0
90,2,1485.9,518.8,85.89999999999986,182.60000000000002,1,1,0.0
90,3,1557.2,413.1,9.200000000000045,105.89999999999998,1,1,0.0
90,4,1343.0,670.1,237.0999999999999,179.69999999999993,1,1,1.0
90,5,1375.9,849.0,201.5,187.9000000000001,1,1,1.0
90,6,1260.8,189.4,313.10000000000014,263.70000000000005,1,1,1.0
91,1,1550.74,818.0,28.079999999999927,55.0,1,1,0.0
91,2,1485.4,534.0,86.39999999999986,167.39999999999998,1,1,0.0
91,3,1557.2,413.1,9.200000000000045,105.89999999999998,1,1,0.0
91,4,1343.0,670.1,237.0999999999999,186.60000000000002,1,1,1.0
91,5,1375.9,850.5,201.5,183.0999999999999,1,1,1.0
91,6,1264.5,189.4,312.0,265.29999999999995,1,1,1.0
92,1,1555.86,818.0,22.960000000000036,55.0,1,1,0.0
92,2,1485.4,527.7,86.39999999999986,173.69999999999993,1,1,0.0
92,3,1557.2,413.1,9.200000000000045,105.89999999999998,1,1,0.0
92,4,1343.63,670.1,236.4699999999998,192.47000000000003,1,1,1.0
92,5,1375.9,865.4,201.5,169.69999999999993,1,1,1.0
92,6,1264.5,194.1,312.0,260.6,1,1,1.0
93,1,1560.97,818.0,17.84999999999991,55.0,1,1,0.0
93,2,1485.4,527.7,86.39999999999986,170.0,1,1,0.0
93,3,1557.2,413.1,9.200000000000045,105.89999999999998,1,1,0.0
93,4,1344.27,670.1,235.82999999999993,198.32999999999993,1,1,1.0
93,5,1375.54,882.8,201.5,152.66000000000008,1,1,1.0
93,6,1257.2,194.1,319.29999999999995,260.6,1,1,1.0
94,1,1566.09,818.0,12.730000000000018,55.0,1,1,0.0
94,2,1485.4,528.2,86.39999999999986,169.5,1,1,0.0
94,3,1557.2,413.1,9.200000000000045,105.89999999999998,1,1,0.0
94,4,1344.9,670.1,235.19999999999982,204.19999999999993,1,1,1.0
94,5,1375.54,879.9,201.5,156.69999999999993,1,1,1.0
94,6,1261.9,194.1,319.79999999999995,260.1,1,1,1.0
95,1,1571.2,818.0,7.619999999999891,55.0,1,1,0.0
95,2,1485.4,530.8,86.39999999999986,166.9000000000001,1,1,0.0
95,3,1557.2,413.1,9.200000000000045,105.89999999999998,1,1,0.0
95,4,1344.9,670.1,235.19999999999982,200.39999999999998,1,1,1.0
95,5,1375.54,837.4,191.36000000000013,190.5000000000001,1,1,1.0
95,6,1261.9,190.4,319.79999999999995,263.79999999999995,1,1,1.0
96,1,1571.2,818.0,7.619999999999891,55.0,1,1,0.0
96,2,1482.3,530.8,89.5,166.9000000000001,1,1,0.0
96,3,1557.2,413.1,9.200000000000045,105.89999999999998,1,1,0.0
96,4,1333.0,677.0,247.0999999999999,182.20000000000005,1,1,1.0
96,5,1375.54,857.7,197.86000000000013,176.0,1,1,1.0
96,6,1261.9,188.3,319.79999999999995,256.5,1,1,1.0
97,1,1571.2,818.0,7.619999999999891,55.0,1,1,0.0
97,2,1482.3,530.8,89.5,171.60000000000002,1,1,0.0
97,3,1557.2,413.1,9.200000000000045,105.89999999999998,1,1,0.0
97,4,1333.0,677.0,247.0999999999999,196.0,1,1,1.0
97,5,1375.54,868.2,191.36000000000013,165.5,1,1,1.0
97,6,1259.8,185.2,315.60000000000014,259.6,1,1,1.0
98,1,1571.2,818.0,7.619999999999891,55.0,1,1,0.0
98,2,1483.4,530.8,88.39999999999986,171.60000000000002,1,1,0.0
98,3,1557.2,413.1,9.200000000000045,105.89999999999998,1,1,0.0
98,4,1341.8,661.9,238.29999999999995,228.70000000000005,1,1,1.0
98,5,1375.54,863.5,195.36000000000013,130.60000000000002,1,1,1.0
98,6,1261.4,185.2,309.79999999999995,259.6,1,1,1.0
99,1,1571.2,818.0,7.619999999999891,55.0,1,1,0.0
99,2,1483.4,533.4,88.39999999999986,169.0,1,1,0.0
99,3,1557.2,413.1,9.200000000000045,105.89999999999998,1,1,0.0
99,4,1347.5,656.9,232.5999999999999,238.10000000000002,1,1,1.0
99,5,1375.54,872.6,200.86000000000013,138.19999999999993,1,1,1.0
99,6,1261.4,161.1,304.5999999999999,280.0,1,1,1.0
100,1,1571.2,818.0,7.619999999999891,55.0,1,1,0.0
100,2,1483.4,533.4,88.39999999999986,163.80000000000007,1,1,0.0
100,3,1557.2,413.1,9.200000000000045,105.89999999999998,1,1,0.0
100,4,1347.5,655.0,228.79999999999995,231.20000000000005,1,1,1.0
100,5,1434.0,900.9,144.5999999999999,112.80000000000007,1,1,0.0
100,6,1264.0,168.4,306.70000000000005,272.70000000000005,1,1,1.0
101,1,1571.2,818.0,7.619999999999891,55.0,1,1,0.0
101,2,1483.4,533.4,88.39999999999986,158.60000000000002,1,1,0.0
101,3,1557.2,413.1,9.200000000000045,105.89999999999998,1,1,0.0
101,4,1347.5,655.0,231.29999999999995,236.20000000000005,1,1,1.0
101,5,1382.8,909.6,195.79999999999995,112.5,1,1,1.0
101,6,1264.0,175.2,311.9000000000001,265.90000000000003,1,1,1.0
102,1,1571.2,818.0,7.619999999999891,55.0,1,1,0.0
102,2,1483.4,528.2,88.39999999999986,163.79999999999995,1,1,0.0
102,3,1557.2,413.1,9.200000000000045,105.89999999999998,1,1,0.0
102,4,1347.5,655.0,228.20000000000005,236.20000000000005,1,1,1.0
102,5,1375.2,909.6,203.39999999999986,122.30000000000007,1,1,1.0
102,6,1264.0,180.4,311.9000000000001,260.70000000000005,1,1,1.0
103,1,1571.2,818.0,7.619999999999891,55.0,1,1,0.0
103,2,1483.4,528.2,88.39999999999986,173.19999999999993,1,1,0.0
103,3,1557.2,413.1,9.200000000000045,105.89999999999998,1,1,0.0
103,4,1347.5,655.0,227.5999999999999,241.20000000000005,1,1,1.0
103,5,1375.2,906.0,203.39999999999986,128.4000000000001,1,1,1.0
103,6,1264.0,183.0,315.0,258.1,1,1,1.0
104,1,1571.2,818.0,7.619999999999891,55.0,1,1,0.0
104,2,1483.4,528.2,88.39999999999986,173.19999999999993,1,1,0.0
104,3,1557.2,413.1,9.200000000000045,105.89999999999998,1,1,0.0
104,4,1347.5,655.0,227.5999999999999,236.79999999999995,1,1,1.0
104,5,1375.2,876.6,194.29999999999995,157.80000000000007,1,1,1.0
104,6,1242.3,183.0,336.70000000000005,255.75,1,1,1.0
105,1,1571.2,818.0,7.619999999999891,55.0,1,1,0.0
105,2,1483.4,528.2,88.39999999999986,169.0,1,1,0.0
105,3,1557.2,413.1,9.200000000000045,105.89999999999998,1,1,0.0
105,4,1347.5,655.0,229.5,236.79999999999995,1,1,1.0
105,5,1375.2,871.9,197.20000000000005,162.5000000000001,1,1,1.0
105,6,1220.6,183.0,358.4000000000001,253.39999999999998,1,1,1.0
106,1,1571.2,818.0,7.619999999999891,55.0,1,1,0.0
106,2,1483.4,528.2,88.39999999999986,179.5,1,1,0.0
106,3,1557.2,413.1,9.200000000000045,105.89999999999998,1,1,0.0
106,4,1347.5,655.0,229.5,234.89999999999998,1,1,1.0
106,5,1375.2,894.4,197.20000000000005,127.30000000000007,1,1,1.0
106,6,1234.2,185.6,338.5,250.79999999999998,1,1,1.0
107,1,1571.2,818.0,7.619999999999891,55.0,1,1,0.0
107,2,1482.6,528.2,89.20000000000005,179.5,1,1,0.0
107,3,1557.2,413.1,9.200000000000045,105.89999999999998,1,1,0.0
107,4,1347.5,653.1,229.5,236.79999999999995,1,1,1.0
107,5,1451.5,885.3,126.40000000000009,121.90000000000009,1,1,0.0
107,6,1234.2,185.6,333.29999999999995,250.79999999999998,1,1,1.0
108,1,1571.2,818.0,7.619999999999891,55.0,1,1,0.0
108,2,1481.8,528.2,90.0,179.5,1,1,0.0
108,3,1557.2,413.1,9.200000000000045,105.89999999999998,1,1,0.0
108,4,1347.5,653.1,229.5,243.10000000000002,1,1,1.0
108,5,1441.0,890.8,136.9000000000001,112.80000000000007,1,1,0.0
108,6,1226.4,185.6,341.0999999999999,250.79999999999998,1,1,1.0
109,1,1571.2,818.0,7.619999999999891,55.0,1,1,0.0
109,2,1482.8,528.2,89.0,179.5,1,1,0.0
109,3,1557.2,413.1,9.200000000000045,105.89999999999998,1,1,0.0
109,4,1348.8,655.0,228.20000000000005,241.20000000000005,1,1,1.0
109,5,1497.0,896.3,80.90000000000009,107.30000000000007,1,1,0.0
109,6,1207.6,185.6,359.9000000000001,250.79999999999998,1,1,1.0
110,1,1571.2,818.0,7.619999999999891,55.0,1,1,0.0
110,2,1482.8,521.4,89.0,186.30000000000007,1,1,0.0
110,3,1557.2,413.1,9.200000000000045,105.89999999999998,1,1,0.0
110,4,1348.8,656.3,228.20000000000005,239.9000000000001,1,1,1.0
110,5,1487.6,911.6,90.30000000000018,92.0,1,1,0.0
110,6,1242.7,185.6,339.5,250.79999999999998,1,1,1.0
111,1,1571.2,818.0,7.619999999999891,55.0,1,1,0.0
111,2,1482.8,521.4,89.0,186.30000000000007,1,1,0.0
111,3,1557.2,413.1,9.200000000000045,105.89999999999998,1,1,0.0
111,4,1348.8,656.3,228.20000000000005,239.9000000000001,1,1,1.0
111,5,1478.5,897.4,99.40000000000009,106.20000000000005,1,1,0.0
111,6,1239.6,186.1,344.20000000000005,250.29999999999998,1,1,1.0
112,1,1571.2,818.0,7.619999999999891,55.0,1,1,0.0
112,2,1482.8,521.4,89.0,186.30000000000007,1,1,0.0
112,3,1557.2,413.1,9.200000000000045,105.89999999999998,1,1,0.0
112,4,1348.8,656.3,228.20000000000005,239.9000000000001,1,1,1.0
112,5,1463.2,906.5,114.70000000000005,97.10000000000002,1,1,0.0
112,6,1244.8,186.1,339.0,250.29999999999998,1,1,1.0
113,1,1571.2,818.0,7.619999999999891,55.0,1,1,0.0
113,2,1482.8,521.4,89.0,186.30000000000007,1,1,0.0
113,3,1557.2,413.1,9.200000000000045,105.89999999999998,1,1,0.0
113,4,1348.8,656.3,228.20000000000005,239.9000000000001,1,1,1.0
113,5,1463.2,906.15,114.70000000000005,97.45000000000005,1,1,0.0
113,6,1257.4,184.0,328.5,252.39999999999998,1,1,1.0
114,1,1571.2,818.0,7.619999999999891,55.0,1,1,0.0
114,2,1482.8,521.4,89.0,186.30000000000007,1,1,0.0
114,3,1557.2,413.1,9.200000000000045,105.89999999999998,1,1,0.0
114,4,1348.8,656.9,228.20000000000005,244.30000000000007,1,1,1.0
114,5,1463.2,905.8,114.70000000000005,97.80000000000007,1,1,0.0
114,6,1260.5,184.0,320.20000000000005,252.39999999999998,1,1,1.0
115,1,1571.2,818.0,7.619999999999891,55.0,1,1,0.0
115,2,1482.8,521.4,89.0,186.30000000000007,1,1,0.0
115,3,1557.2,413.1,9.200000000000045,105.89999999999998,1,1,0.0
115,4,1348.8,654.4,228.20000000000005,243.70000000000005,1,1,1.0
115,5,1457.7,905.8,120.20000000000005,97.80000000000007,1,1,0.0
115,6,1262.6,174.6,314.4000000000001,261.79999999999995,1,1,1.0
116,1,1571.2,818.0,7.619999999999891,55.0,1,1,0.0
116,2,1482.8,521.4,89.0,186.30000000000007,1,1,0.0
116,3,1557.2,413.1,9.200000000000045,105.89999999999998,1,1,0.0
116,4,1348.8,655.7,215.60000000000014,263.69999999999993,1,1,1.0
116,5,1457.7,915.6,120.20000000000005,88.0,1,1,0.0
116,6,1264.2,145.3,352.5999999999999,290.09999999999997,1,1,1.0
117,1,1571.2,818.0,7.619999999999891,55.0,1,1,0.0
117,2,1482.8,521.4,89.0,186.30000000000007,1,1,0.0
117,3,1557.2,413.1,9.200000000000045,105.89999999999998,1,1,0.0
117,4,1348.8,646.3,195.5,295.1,1,1,1.0
117,5,1491.1,911.6,86.80000000000018,92.0,1,1,0.0
117,6,1264.2,144.25,351.29999999999995,291.15,1,1,1.0
118,1,1571.2,818.0,7.619999999999891,55.0,1,1,0.0
118,2,1482.8,521.4,89.0,186.30000000000007,1,1,0.0
118,3,1557.2,413.1,9.200000000000045,105.89999999999998,1,1,0.0
118,4,1344.4,652.0,222.5,283.1,1,1,1.0
118,5,1456.6,918.5,121.30000000000018,85.10000000000002,1,1,0.0
118,6,1264.2,143.2,350.0,292.2,1,1,1.0
119,1,1571.2,818.0,7.619999999999891,55.0,1,1,0.0
119,2,1482.8,521.4,89.0,186.30000000000007,1,1,0.0
119,3,1557.2,413.1,9.200000000000045,105.89999999999998,1,1,0.0
119,4,1344.4,662.0,211.79999999999995,276.9,1,1,1.0
119,5,1455.5,920.0,122.40000000000009,83.60000000000002,1,1,0.0
119,6,1262.1,143.2,345.8000000000002,292.2,1,1,1.0
120,1,1571.2,818.0,7.619999999999891,55.0,1,1,0.0
120,2,1482.8,528.2,89.0,179.5,1,1,0.0
120,3,1557.2,413.1,9.200000000000045,105.89999999999998,1,1,0.0
120,4,1344.4,648.8,221.79999999999995,290.1,1,1,1.0
120,5,1455.5,920.0,122.40000000000009,83.60000000000002,1,1,0.0
120,6,1266.8,162.0,370.9000000000001,276.5,1,1,1.0
