1,1,1183.7,446.8,155.0,318.40000000000003,1,1,1.0
1,2,1202.5,662.9,230.0,298.0,1,1,1.0
1,3,1430.0,525.6,143.70000000000005,189.10000000000002,1,1,1.0
1,4,1517.7,726.0,60.899999999999864,227.39999999999998,1,1,0.0
2,1,1167.65,439.91,177.54999999999995,300.8999999999999,1,1,1.0
2,2,1203.4,660.6,222.69999999999982,300.6,1,1,1.0
2,3,1425.8,536.2,147.9000000000001,184.69999999999993,1,1,1.0
2,4,1515.65,719.7,60.899999999999864,219.89999999999998,1,1,0.0
3,1,1085.7,475.6,252.20000000000005,210.39999999999998,1,1,1.0
3,2,1200.8,679.61,228.54999999999995,229.59000000000003,1,1,1.0
3,3,1430.9,532.1,142.79999999999995,187.89999999999998,1,1,1.0
3,4,1517.7,752.4,60.899999999999864,206.70000000000005,1,1,0.0
4,1,1047.3,471.1,279.29999999999995,220.19999999999993,1,1,1.0
4,2,1196.4,677.05,238.91999999999985,227.25,1,1,1.0
4,3,1432.45,539.04,140.89999999999986,180.66000000000008,1,1,1.0
4,4,1521.5,765.5,57.09999999999991,164.70000000000005,1,1,0.0
5,1,1064.6,478.12,252.97000000000003,254.27999999999997,1,1,1.0
5,2,1190.8,678.5,284.60000000000014,206.70000000000005,1,1,1.0
5,3,1434.0,539.6,139.70000000000005,181.10000000000002,1,1,1.0
5,4,1520.2,763.0,58.399999999999864,165.29999999999995,1,1,0.0
6,1,1060.1,499.8,237.0,240.49999999999994,1,1,1.0
6,2,1204.1,658.8,269.0,244.60000000000002,1,1,1.0
6,3,1438.3,542.29,135.4000000000001,181.31000000000006,1,1,1.0
6,4,1518.9,764.9,59.69999999999982,187.30000000000007,1,1,0.0
7,1,1057.1,495.2,249.80000000000018,254.8,1,1,1.0
7,2,1213.18,643.63,260.70000000000005,235.07000000000005,1,1,1.0
7,3,1437.1,542.13,136.60000000000014,178.57000000000005,1,1,1.0
7,4,1518.9,764.9,59.69999999999982,186.0,1,1,0.0
8,1,1022.4,524.6,277.69999999999993,235.89999999999998,1,1,1.0
8,2,1183.5,641.3,291.4000000000001,244.5,1,1,1.0
8,3,1437.4,541.98,136.29999999999995,178.72000000000003,1,1,1.0
8,4,1520.8,742.3,57.799999999999955,186.60000000000002,1,1,0.0
9,1,1066.1,524.6,282.10000000000014,236.69999999999993,1,1,1.0
9,2,1164.8,642.6,311.79999999999995,241.29999999999995,1,1,1.0
9,3,1437.29,541.83,136.41000000000008,176.4699999999999,1,1,1.0
9,4,1519.5,750.5,59.09999999999991,179.0,1,1,0.0
10,1,1020.9,542.7,301.1,196.0,1,1,1.0
10,2,1162.7,644.3,313.89999999999986,238.70000000000005,1,1,1.0
10,3,1437.17,541.67,136.52999999999997,177.63,1,1,1.0
10,4,1518.9,751.1,59.69999999999982,198.5,1,1,0.0
11,1,1054.1,503.5,323.70000000000005,201.29999999999995,1,1,1.0
11,2,1160.4,644.3,316.1999999999998,231.30000000000007,1,1,1.0
11,3,1437.06,541.52,136.6400000000001,177.77999999999997,1,1,1.0
11,4,1519.3,751.1,59.299999999999955,197.19999999999993,1,1,0.0
12,1,1094.0,499.7,277.0,275.2,1,1,1.0
12,2,1162.7,647.2,312.20000000000005,229.39999999999998,1,1,1.0
12,3,1436.95,541.37,136.75,177.63,1,1,1.0
12,4,1531.4,762.1,47.19999999999982,177.10000000000002,1,1,0.0
13,1,1081.2,496.7,288.29999999999995,256.3,1,1,1.0
13,2,1159.8,644.9,313.4000000000001,219.60000000000002,1,1,1.0
13,3,1436.83,541.21,136.87000000000012,174.89,1,1,1.0
13,4,1543.5,773.1,35.09999999999991,157.0,1,1,0.0
14,1,1078.8,502.7,292.20000000000005,266.8,1,1,1.0
14,2,1161.5,644.9,311.70000000000005,217.89999999999998,1,1,1.0
14,3,1436.72,541.06,136.98000000000002,173.6400000000001,1,1,1.0
14,4,1549.8,773.1,28.799999999999955,147.60000000000002,1,1,0.0
15,1,1079.7,504.9,287.5,271.0,1,1,1.0
15,2,1163.8,651.1,312.29999999999995,212.29999999999995,1,1,1.0
15,3,1436.6,540.9,137.10000000000014,174.5,1,1,1.0
15,4,1549.8,773.1,28.799999999999955,147.60000000000002,1,1,0.0
16,1,1075.4,504.9,295.5999999999999,256.0,1,1,1.0
16,2,1155.1,654.2,323.60000000000014,207.5,1,1,1.0
16,3,1436.49,540.75,137.21000000000004,173.95000000000005,1,1,1.0
16,4,1549.8,773.1,28.799999999999955,147.60000000000002,1,1,0.0
17,1,1080.3,503.42,286.48,265.97999999999996,1,1,1.0
17,2,1179.9,648.4,293.29999999999995,209.80000000000007,1,1,1.0
17,3,1436.38,540.6,137.31999999999994,174.10000000000002,1,1,1.0
17,4,1539.3,744.55,37.75,111.60000000000002,1,1,0.0
18,1,1085.5,504.1,280.25,267.5,1,1,1.0
18,2,1158.5,647.2,314.70000000000005,219.0,1,1,1.0
18,3,1436.26,540.44,137.44000000000005,176.76,1,1,1.0
18,4,1528.8,716.0,46.700000000000045,75.60000000000002,1,1,0.0
19,1,1086.9,502.87,282.1299999999999,257.92999999999995,1,1,1.0
19,2,1162.0,644.9,313.29999999999995,219.70000000000005,1,1,1.0
19,3,1436.15,540.29,137.54999999999995,175.81000000000006,1,1,1.0
19,4,1531.6,714.7,43.90000000000009,89.19999999999993,1,1,0.0
20,1,1089.2,502.45,279.39999999999986,234.45,1,1,1.0
20,2,1165.5,648.4,307.70000000000005,218.5,1,1,1.0
20,3,1437.9,540.14,135.79999999999995,177.36,1,1,1.0
20,4,1532.2,714.7,43.299999999999955,91.69999999999993,1,1,0.0
21,1,1085.5,496.4,284.79999999999995,266.20000000000005,1,1,1.0
21,2,1160.3,653.0,310.60000000000014,208.10000000000002,1,1,1.0
21,3,1441.5,539.98,132.20000000000005,174.72000000000003,1,1,1.0
21,4,1526.2,713.4,49.299999999999955,93.0,1,1,0.0
22,1,1079.8,496.4,290.5,259.9,1,1,1.0
22,2,1159.1,651.8,315.3000000000002,205.20000000000005,1,1,1.0
22,3,1443.2,539.83,130.5,176.26999999999998,1,1,1.0
22,4,1521.5,707.1,54.0,102.39999999999998,1,1,0.0
23,1,1081.2,502.7,289.0999999999999,248.40000000000003,1,1,1.0
23,2,1169.3,646.18,299.29999999999995,207.72000000000003,1,1,1.0
23,3,1442.94,539.68,130.76,175.0200000000001,1,1,1.0
23,4,1523.6,701.4,51.90000000000009,109.20000000000005,1,1,0.0
24,1,1090.5,502.7,279.79999999999995,254.2,1,1,1.0
24,2,1165.0,645.83,299.4200000000001,209.76999999999998,1,1,1.0
24,3,1442.68,539.52,131.01999999999998,175.18000000000006,1,1,1.0
24,4,1524.1,701.4,51.40000000000009,103.10000000000002,1,1,0.0
25,1,1090.3,502.87,279.1500000000001,257.13,1,1,1.0
25,2,1183.2,645.83,285.14999999999986,206.37,1,1,1.0
25,3,1442.42,539.37,131.27999999999997,175.33000000000004,1,1,1.0
25,4,1527.9,701.4,47.59999999999991,109.39999999999998,1,1,0.0
26,1,1093.0,503.3,275.4000000000001,260.49999999999994,1,1,1.0
26,2,1203.1,646.6,261.5,208.39999999999998,1,1,1.0
26,3,1442.16,539.22,131.53999999999996,175.48000000000002,1,1,1.0
26,4,1525.3,701.4,50.200000000000045,114.5,1,1,0.0
27,1,1094.9,503.3,273.5,254.3,1,1,1.0
27,2,1210.6,638.59,250.08000000000015,204.30999999999995,1,1,1.0
27,3,1441.91,539.06,131.78999999999996,175.6400000000001,1,1,1.0
27,4,1526.0,701.4,49.5,88.70000000000005,1,1,0.0
28,1,1096.8,496.4,271.60000000000014,263.30000000000007,1,1,1.0
28,2,1212.7,621.7,257.39999999999986,212.19999999999993,1,1,1.0
28,3,1441.65,538.91,132.04999999999995,175.79000000000008,1,1,1.0
28,4,1519.7,701.4,55.799999999999955,88.10000000000002,1,1,0.0
29,1,1099.3,494.5,267.79999999999995,272.5,1,1,1.0
29,2,1216.5,611.98,251.5999999999999,262.12,1,1,1.0
29,3,1442.0,538.76,131.70000000000005,175.94000000000005,1,1,1.0
29,4,1520.5,701.4,55.0,95.80000000000007,1,1,0.0
30,1,1101.18,498.9,264.1199999999999,265.6,1,1,1.0
30,2,1204.4,622.9,277.3499999999999,245.80000000000007,1,1,1.0
30,3,1441.73,538.6,131.97000000000003,174.79999999999995,1,1,1.0
30,4,1527.78,698.91,46.299999999999955,88.70000000000005,1,1,0.0
31,1,1100.6,496.4,270.3000000000002,268.1,1,1,1.0
31,2,1196.8,621.7,289.9000000000001,239.29999999999995,1,1,1.0
31,3,1441.46,538.45,132.24,174.3499999999999,1,1,1.0
31,4,1529.2,705.2,46.299999999999955,81.09999999999991,1,1,0.0
32,1,1100.6,496.4,266.5,273.80000000000007,1,1,1.0
32,2,1197.4,624.0,284.6999999999998,237.60000000000002,1,1,1.0
32,3,1442.4,536.2,131.29999999999995,174.39999999999998,1,1,1.0
32,4,1529.2,705.2,46.299999999999955,112.5,1,1,0.0
33,1,1103.7,489.5,263.39999999999986,280.70000000000005,1,1,1.0
33,2,1202.6,615.3,279.5,258.5,1,1,1.0
33,3,1440.0,542.5,133.70000000000005,168.60000000000002,1,1,1.0
33,4,1519.2,705.2,56.299999999999955,114.39999999999998,1,1,0.0
34,1,1105.6,489.5,259.60000000000014,276.29999999999995,1,1,1.0
34,2,1207.1,607.2,273.3000000000002,268.69999999999993,1,1,1.0
34,3,1409.7,535.5,164.0,177.20000000000005,1,1,1.0
34,4,1522.3,705.2,53.200000000000045,126.89999999999998,1,1,0.0
35,1,1103.7,489.5,258.39999999999986,286.29999999999995,1,1,1.0
35,2,1207.8,606.0,273.20000000000005,252.20000000000005,1,1,1.0
35,3,1411.2,533.8,162.5,175.1500000000001,1,1,1.0
35,4,1519.8,707.9,55.700000000000045,126.10000000000002,1,1,0.0
36,1,1088.0,494.5,276.5999999999999,242.39999999999998,1,1,1.0
36,2,1207.8,608.3,272.60000000000014,257.4000000000001,1,1,1.0
36,3,1405.88,534.4,166.39999999999986,184.67000000000007,1,1,1.0
36,4,1526.0,712.1,49.5,121.89999999999998,1,1,0.0
37,1,1074.8,494.5,291.10000000000014,265.0,1,1,1.0
37,2,1167.8,634.4,333.4000000000001,200.70000000000005,1,1,1.0
37,3,1416.4,536.74,157.29999999999995,186.86,1,1,1.0
37,4,1530.4,705.1,45.09999999999991,125.0,1,1,0.0
38,1,1066.6,509.6,293.60000000000014,185.89999999999998,1,1,1.0
38,2,1101.8,665.1,405.20000000000005,146.19999999999993,1,1,1.0
38,3,1415.6,536.6,158.10000000000014,182.19999999999993,1,1,1.0
38,4,1528.5,699.8,47.0,93.70000000000005,1,1,0.0
39,1,1084.8,509.6,272.29999999999995,184.60000000000002,1,1,1.0
39,2,1100.1,670.3,380.9000000000001,140.5,1,1,1.0
39,3,1435.6,536.47,138.10000000000014,180.02999999999997,1,1,1.0
39,4,1528.5,692.3,47.0,88.80000000000007,1,1,0.0
40,1,1084.2,519.6,276.70000000000005,179.60000000000002,1,1,1.0
40,2,1108.2,671.5,368.20000000000005,140.5,1,1,1.0
40,3,1435.44,536.34,138.26,179.36,1,1,1.0
40,4,1526.08,700.46,48.0,80.74000000000001,1,1,0.0
41,1,1079.2,524.6,284.20000000000005,174.0,1,1,1.0
41,2,1109.3,670.9,363.60000000000014,141.10000000000002,1,1,1.0
41,3,1436.0,537.0,137.70000000000005,177.20000000000005,1,1,1.0
41,4,1521.2,704.02,54.299999999999955,110.39999999999998,1,1,0.0
42,1,1071.7,524.6,290.39999999999986,172.69999999999993,1,1,1.0
42,2,1114.5,670.3,358.4000000000001,141.70000000000005,1,1,1.0
42,3,1438.8,536.84,134.9000000000001,196.26,1,1,1.0
42,4,1513.9,711.7,61.59999999999991,107.29999999999995,1,1,0.0
43,1,1093.7,512.0,275.29999999999995,186.0,1,1,1.0
43,2,1124.9,670.9,353.1999999999998,139.60000000000002,1,1,1.0
43,3,1439.3,536.69,134.4000000000001,195.81999999999994,1,1,1.0
43,4,1503.5,707.5,72.0,116.70000000000005,1,1,0.0
44,1,1110.7,456.1,239.5,224.89999999999998,1,1,1.0
44,2,1124.9,672.35,350.29999999999995,142.04999999999995,1,1,1.0
44,3,1438.99,536.53,134.71000000000004,205.17000000000007,1,1,1.0
44,4,1512.9,702.8,62.59999999999991,121.40000000000009,1,1,0.0
45,1,1152.1,414.0,241.4000000000001,243.10000000000002,1,1,1.0
45,2,1127.5,673.2,348.79999999999995,144.5999999999999,1,1,1.0
45,3,1439.4,537.1,134.29999999999995,206.69999999999993,1,1,1.0
45,4,1523.5,701.2,52.0,118.29999999999995,1,1,0.0
46,1,1212.4,487.5,278.39999999999986,184.10000000000002,1,1,1.0
46,2,1127.54,664.68,351.96000000000004,148.22000000000003,1,1,1.0
46,3,1439.06,542.9,134.6400000000001,197.60000000000002,1,1,1.0
46,4,1520.3,703.4,55.200000000000045,129.20000000000005,1,1,0.0
47,1,1201.8,517.7,304.10000000000014,156.19999999999993,1,1,1.0
47,2,1126.93,662.13,350.77,151.26999999999998,1,1,1.0
47,3,1441.8,542.5,131.9000000000001,198.5,1,1,1.0
47,4,1518.6,703.4,56.90000000000009,143.0,1,1,0.0
48,1,1202.6,515.4,303.3000000000002,152.5,1,1,1.0
48,2,1131.21,667.59,346.69000000000005,142.90999999999997,1,1,1.0
48,3,1442.9,542.09,130.79999999999995,197.89999999999998,1,1,1.0
48,4,1518.9,703.4,56.59999999999991,143.0,1,1,0.0
49,1,1207.1,512.3,294.3000000000002,161.60000000000002,1,1,1.0
49,2,1130.1,669.8,347.4000000000001,145.10000000000002,1,1,1.0
49,3,1442.4,539.6,131.29999999999995,215.69999999999993,1,1,1.0
49,4,1533.4,703.4,42.09999999999991,161.80000000000007,1,1,0.0
50,1,1205.6,513.1,297.3000000000002,166.79999999999995,1,1,1.0
50,2,1130.45,667.17,346.14999999999986,144.23000000000002,1,1,1.0
50,3,1447.9,542.0,125.79999999999995,213.29999999999995,1,1,1.0
50,4,1522.0,703.4,53.5,161.80000000000007,1,1,0.0
51,1,1198.1,511.6,325.3000000000002,182.29999999999995,1,1,1.0
51,2,1126.1,670.83,350.4000000000001,142.87,1,1,1.0
51,3,1446.4,541.57,127.29999999999995,214.92999999999995,1,1,1.0
51,4,1534.0,703.4,41.5,161.80000000000007,1,1,0.0
52,1,1198.1,512.3,325.20000000000005,163.10000000000002,1,1,1.0
52,2,1134.2,670.4,342.70000000000005,139.89999999999998,1,1,1.0
52,3,1445.65,538.7,128.04999999999995,214.39999999999998,1,1,1.0
52,4,1533.4,703.4,42.09999999999991,146.70000000000005,1,1,0.0
53,1,1204.1,483.3,324.5,170.90000000000003,1,1,1.0
53,2,1119.7,671.0,356.0,149.60000000000002,1,1,1.0
53,3,1444.9,540.2,128.79999999999995,203.5,1,1,1.0
53,4,1513.3,714.7,62.200000000000045,169.29999999999995,1,1,0.0
54,1,1204.1,478.0,330.8000000000002,169.0,1,1,1.0
54,2,1130.7,669.8,347.29999999999995,149.30000000000007,1,1,1.0
54,3,1443.4,537.9,130.29999999999995,169.70000000000005,1,1,1.0
54,4,1510.8,706.5,66.0,221.20000000000005,1,1,0.0
55,1,1196.9,478.9,305.5999999999999,168.10000000000002,1,1,1.0
55,2,1130.7,665.2,347.29999999999995,157.79999999999995,1,1,1.0
55,3,1449.5,542.42,124.20000000000005,170.08000000000004,1,1,1.0
55,4,1505.1,702.7,71.70000000000005,253.5999999999999,1,1,0.0
56,1,1197.8,445.7,312.60000000000014,197.00000000000006,1,1,1.0
56,2,1130.7,669.8,347.29999999999995,142.9000000000001,1,1,1.0
56,3,1463.5,549.4,108.90000000000009,162.5,1,1,1.0
56,4,1505.1,694.69,71.70000000000005,265.69999999999993,1,1,0.0
57,1,1295.9,400.7,264.0,198.40000000000003,1,1,1.0
57,2,1128.48,668.52,351.22,147.88,1,1,1.0
57,3,1454.7,528.4,119.0,206.30000000000007,1,1,1.0
57,4,1503.6,700.4,73.20000000000005,244.60000000000002,1,1,0.0
58,1,1350.2,396.2,205.5999999999999,206.7,1,1,1.0
58,2,1123.2,669.8,356.5,148.0,1,1,1.0
58,3,1453.16,531.0,120.53999999999996,207.70000000000005,1,1,1.0
58,4,1508.9,695.1,67.89999999999986,249.89999999999998,1,1,0.0
59,1,1377.7,378.4,185.29999999999995,177.5,1,1,1.0
59,2,1127.8,670.4,350.20000000000005,149.70000000000005,1,1,1.0
59,3,1452.68,534.42,120.58999999999992,202.68000000000006,1,1,1.0
59,4,1509.27,690.04,67.09999999999991,250.70000000000005,1,1,0.0
60,1,1381.2,368.48,182.51,178.91999999999996,1,1,1.0
60,2,1123.7,671.6,354.89999999999986,145.0,1,1,1.0
60,3,1445.2,539.3,126.78999999999996,165.30000000000007,1,1,1.0
60,4,1509.7,695.1,67.09999999999991,249.89999999999998,1,1,0.0
61,1,1375.0,373.1,189.0999999999999,173.60000000000002,1,1,1.0
61,2,1119.0,673.3,355.5999999999999,143.9000000000001,1,1,1.0
61,3,1422.2,538.74,151.5,186.26,1,1,1.0
61,4,1475.0,702.6,101.79999999999995,243.19999999999993,1,1,0.0
62,1,1372.7,369.18,189.95000000000005,169.11999999999995,1,1,1.0
62,2,1123.6,671.0,354.5,142.70000000000005,1,1,1.0
62,3,1434.4,538.18,139.29999999999995,188.22000000000003,1,1,1.0
62,4,1462.9,702.6,113.89999999999986,240.89999999999998,1,1,0.0
63,1,1374.21,370.69,189.5,174.00000000000006,1,1,1.0
63,2,1167.6,671.6,311.10000000000014,141.5,1,1,1.0
63,3,1442.7,538.4,131.0,180.89999999999998,1,1,1.0
63,4,1482.5,702.6,95.29999999999995,227.69999999999993,1,1,0.0
64,1,1354.0,366.2,210.4000000000001,162.09999999999997,1,1,1.0
64,2,1165.9,673.9,310.5,141.5,1,1,1.0
64,3,1445.2,534.8,128.5,190.10000000000002,1,1,1.0
64,4,1484.0,702.6,93.79999999999995,226.69999999999993,1,1,0.0
65,1,1360.4,374.54,201.17999999999984,163.25999999999993,1,1,1.0
65,2,1175.7,670.42,295.49,154.18000000000006,1,1,1.0
65,3,1445.8,537.9,127.90000000000009,185.87,1,1,1.0
65,4,1494.5,704.1,84.29999999999995,223.69999999999993,1,1,0.0
66,1,1343.8,378.1,220.5,155.79999999999995,1,1,1.0
66,2,1169.3,667.5,299.0,153.0,1,1,1.0
66,3,1445.3,537.9,128.4000000000001,170.39999999999998,1,1,1.0
66,4,1502.6,704.1,76.30000000000018,223.79999999999995,1,1,0.0
67,1,1343.2,373.0,221.0999999999999,158.5,1,1,1.0
67,2,1184.3,667.5,282.29999999999995,161.10000000000002,1,1,1.0
67,3,1443.9,539.3,129.79999999999995,172.60000000000002,1,1,1.0
67,4,1501.3,704.1,75.5,247.69999999999993,1,1,0.0
68,1,1365.8,378.1,198.5,156.39999999999998,1,1,1.0
68,2,1184.9,666.9,282.29999999999995,155.30000000000007,1,1,1.0
68,3,1445.4,539.6,128.29999999999995,170.5,1,1,1.0
68,4,1511.8,704.1,65.0,229.79999999999995,1,1,0.0
69,1,1372.5,380.9,191.79999999999995,155.80000000000007,1,1,1.0
69,2,1195.9,646.1,270.0999999999999,177.19999999999993,1,1,1.0
69,3,1445.3,538.08,128.4000000000001,197.81999999999994,1,1,1.0
69,4,1511.8,704.1,65.0,241.69999999999993,1,1,0.0
70,1,1371.04,367.38,192.20000000000005,157.60000000000002,1,1,1.0
70,2,1173.3,632.2,297.9000000000001,191.69999999999993,1,1,1.0
70,3,1446.0,536.56,127.70000000000005,198.54000000000008,1,1,1.0
70,4,1511.8,700.7,65.0,245.0999999999999,1,1,0.0
71,1,1361.3,372.01,201.58000000000015,164.69000000000005,1,1,1.0
71,2,1177.9,657.0,291.0,160.0,1,1,1.0
71,3,1445.9,534.5,127.79999999999995,198.70000000000005,1,1,1.0
71,4,1511.8,704.1,65.0,241.69999999999993,1,1,0.0
72,1,1365.4,377.61,198.18999999999983,157.68999999999994,1,1,1.0
72,2,1177.9,659.9,297.39999999999986,157.10000000000002,1,1,1.0
72,3,1444.2,540.67,129.5,183.33000000000004,1,1,1.0
72,4,1511.8,702.4,65.0,243.39999999999998,1,1,0.0
73,1,1405.4,384.7,156.79999999999995,146.40000000000003,1,1,1.0
73,2,1211.1,670.4,285.60000000000014,148.39999999999998,1,1,1.0
73,3,1445.1,542.02,128.60000000000014,179.27999999999997,1,1,1.0
73,4,1511.8,699.8,65.0,211.0,1,1,0.0
74,1,1403.56,375.08,159.6400000000001,157.82,1,1,1.0
74,2,1242.1,629.9,294.5,270.5,1,1,1.0
74,3,1446.6,538.6,127.10000000000014,214.60000000000002,1,1,1.0
74,4,1511.8,696.6,66.5,219.10000000000002,1,1,0.0
75,1,1396.6,376.7,166.6300000000001,160.2,1,1,1.0
75,2,1325.0,654.8,154.5999999999999,320.20000000000005,1,1,1.0
75,3,1445.1,543.3,128.60000000000014,170.0,1,1,1.0
75,4,1510.95,686.41,66.5,226.19000000000005,1,1,0.0
76,1,1376.7,372.9,184.79999999999995,164.20000000000005,1,1,1.0
76,2,1327.7,648.4,154.5,324.20000000000005,1,1,1.0
76,3,1445.1,534.3,128.60000000000014,176.0,1,1,1.0
76,4,1511.8,689.4,66.5,211.20000000000005,1,1,0.0
77,1,1380.1,376.05,185.26,160.40000000000003,1,1,1.0
77,2,1348.5,662.3,148.20000000000005,328.80000000000007,1,1,1.0
77,3,1445.9,534.3,127.79999999999995,176.0,1,1,1.0
77,4,1511.8,692.8,66.5,209.30000000000007,1,1,0.0
78,1,1375.5,363.15,188.08999999999992,169.45000000000005,1,1,1.0
78,2,1345.6,673.9,157.5,307.70000000000005,1,1,1.0
78,3,1445.9,534.3,127.79999999999995,177.5,1,1,1.0
78,4,1511.8,694.3,66.5,205.5,1,1,0.0
79,1,1374.4,366.7,188.0999999999999,172.40000000000003,1,1,1.0
79,2,1345.6,673.9,158.10000000000014,307.1,1,1,1.0
79,3,1445.9,534.3,127.79999999999995,177.95000000000005,1,1,1.0
79,4,1511.8,697.3,66.5,203.30000000000007,1,1,0.0
80,1,1374.4,370.8,189.89999999999986,167.7,1,1,1.0
80,2,1345.6,675.1,158.10000000000014,314.19999999999993,1,1,1.0
80,3,1445.9,534.3,127.79999999999995,178.4000000000001,1,1,1.0
80,4,1511.8,699.6,66.5,201.0,1,1,0.0
81,1,1359.4,382.9,204.89999999999986,155.60000000000002,1,1,1.0
81,2,1345.6,676.3,158.10000000000014,321.80000000000007,1,1,1.0
81,3,1444.2,530.47,127.36999999999989,183.52999999999997,1,1,1.0
81,4,1511.8,703.4,66.5,197.20000000000005,1,1,0.0
82,1,1352.5,376.5,211.79999999999995,160.79999999999995,1,1,1.0
82,2,1345.6,676.3,158.10000000000014,316.5,1,1,1.0
82,3,1444.2,524.09,129.07999999999993,185.40999999999997,1,1,1.0
82,4,1501.2,703.4,77.09999999999991,197.20000000000005,1,1,0.0
83,1,1357.1,382.9,207.20000000000005,149.20000000000005,1,1,1.0
83,2,1345.6,676.3,158.10000000000014,302.6,1,1,1.0
83,3,1444.3,528.58,129.4000000000001,182.81999999999994,1,1,1.0
83,4,1510.2,703.4,68.09999999999991,197.20000000000005,1,1,0.0
84,1,1348.6,381.55,213.92000000000007,156.55,1,1,1.0
84,2,1345.6,675.1,156.9000000000001,303.19999999999993,1,1,1.0
84,3,1444.3,538.8,129.4000000000001,183.70000000000005,1,1,1.0
84,4,1510.2,703.4,68.09999999999991,214.89999999999998,1,1,0.0
85,1,1354.8,381.2,209.5,164.2,1,1,1.0
85,2,1345.6,674.5,155.70000000000005,303.79999999999995,1,1,1.0
85,3,1443.9,541.8,129.79999999999995,178.5,1,1,1.0
85,4,1513.3,705.3,65.0,185.0,1,1,0.0
86,1,1352.5,380.0,211.79999999999995,164.20000000000005,1,1,1.0
86,2,1345.6,674.5,157.4000000000001,303.79999999999995,1,1,1.0
86,3,1444.3,541.8,129.4000000000001,173.0,1,1,1.0
86,4,1511.15,686.28,66.29999999999995,226.72000000000003,1,1,0.0
87,1,1359.4,380.0,204.89999999999986,167.70000000000005,1,1,1.0
87,2,1345.6,674.5,157.4000000000001,329.9,1,1,1.0
87,3,1445.1,542.6,128.60000000000014,170.69999999999993,1,1,1.0
87,4,1504.68,689.52,73.20000000000005,230.58000000000004,1,1,0.0
88,1,1358.8,381.7,205.5,163.09999999999997,1,1,1.0
88,2,1347.3,679.1,155.70000000000005,312.5,1,1,1.0
88,3,1445.1,542.6,128.60000000000014,168.39999999999998,1,1,1.0
88,4,1508.9,697.7,69.39999999999986,215.0,1,1,0.0
89,1,1361.7,381.7,202.5999999999999,161.40000000000003,1,1,1.0
89,2,1344.4,684.9,160.89999999999986,307.30000000000007,1,1,1.0
89,3,1441.7,543.4,132.0,168.5,1,1,1.0
89,4,1508.9,697.7,69.39999999999986,210.39999999999998,1,1,0.0
90,1,1357.1,381.7,207.20000000000005,161.40000000000003,1,1,1.0
90,2,1347.9,684.9,188.0999999999999,320.6,1,1,1.0
90,3,1440.7,537.01,133.0,171.19000000000005,1,1,1.0
90,4,1509.5,697.7,68.79999999999995,217.89999999999998,1,1,0.0
91,1,1358.8,381.7,205.5,162.00000000000006,1,1,1.0
91,2,1347.3,687.2,212.4000000000001,318.29999999999995,1,1,1.0
91,3,1440.1,539.14,134.45000000000005,174.15999999999997,1,1,1.0
91,4,1509.5,694.0,68.79999999999995,237.39999999999998,1,1,0.0
92,1,1356.0,380.0,208.29999999999995,152.70000000000005,1,1,1.0
92,2,1347.3,687.2,169.0,324.69999999999993,1,1,1.0
92,3,1440.8,538.29,132.9000000000001,172.11,1,1,1.0
92,4,1509.5,693.9,68.79999999999995,237.10000000000002,1,1,0.0
93,1,1350.7,380.0,214.29999999999995,151.0,1,1,1.0
93,2,1343.8,693.6,164.4000000000001,299.19999999999993,1,1,1.0
93,3,1440.9,541.7,132.79999999999995,171.19999999999993,1,1,1.0
93,4,1506.15,695.63,71.29999999999995,218.76999999999998,1,1,0.0
94,1,1346.6,380.0,217.70000000000005,153.89999999999998,1,1,1.0
94,2,1374.5,688.4,143.0,335.6,1,1,1.0
94,3,1443.5,539.6,130.20000000000005,174.39999999999998,1,1,1.0
94,4,1507.0,695.2,71.29999999999995,232.0,1,1,0.0
95,1,1346.6,380.0,218.4000000000001,151.60000000000002,1,1,1.0
95,2,1371.0,691.3,147.70000000000005,335.0,1,1,1.0
95,3,1440.57,530.62,131.0,178.89999999999998,1,1,1.0
95,4,1508.9,697.7,69.39999999999986,230.29999999999995,1,1,0.0
96,1,1344.4,378.03,219.89999999999986,160.07000000000005,1,1,1.0
96,2,1373.9,694.8,143.0999999999999,315.30000000000007,1,1,1.0
96,3,1441.9,530.2,131.79999999999995,180.79999999999995,1,1,1.0
96,4,1507.6,700.8,70.70000000000005,212.30000000000007,1,1,0.0
97,1,1348.5,377.32,216.1500000000001,165.88000000000005,1,1,1.0
97,2,1358.4,720.3,219.89999999999986,288.1,1,1,1.0
97,3,1434.7,527.7,139.0,187.19999999999993,1,1,1.0
97,4,1510.1,702.1,68.20000000000005,213.10000000000002,1,1,0.0
98,1,1359.9,375.9,204.39999999999986,172.5,1,1,1.0
98,2,1379.8,843.6,198.5,185.60000000000002,1,1,1.0
98,3,1436.2,527.65,136.22000000000003,183.64999999999998,1,1,1.0
98,4,1510.1,702.1,68.20000000000005,192.89999999999998,1,1,0.0
99,1,1379.6,375.9,184.70000000000005,184.10000000000002,1,1,1.0
99,2,1444.6,910.1,133.70000000000005,115.60000000000002,1,1,0.0
99,3,1436.2,528.47,137.93000000000006,181.13,1,1,1.0
99,4,1505.2,702.1,71.81999999999994,211.79999999999995,1,1,0.0
100,1,1382.5,370.4,181.79999999999995,197.70000000000005,1,1,1.0
100,2,1433.6,906.6,144.70000000000005,117.10000000000002,1,1,0.0
100,3,1437.0,528.1,135.8499999999999,182.10000000000002,1,1,1.0
100,4,1509.25,702.53,68.20000000000005,208.57000000000005,1,1,0.0
101,1,1382.5,381.1,181.79999999999995,191.60000000000002,1,1,1.0
101,2,1437.6,903.1,140.70000000000005,111.69999999999993,1,1,0.0
101,3,1438.2,538.8,135.5,173.60000000000002,1,1,1.0
101,4,1503.7,699.1,73.29999999999995,198.69999999999993,1,1,0.0
102,1,1375.0,382.3,189.29999999999995,193.3,1,1,1.0
102,2,1446.3,914.2,132.0,94.79999999999995,1,1,0.0
102,3,1437.0,534.97,136.27999999999997,178.02999999999997,1,1,1.0
102,4,1505.6,701.25,71.85000000000014,211.95000000000005,1,1,0.0
103,1,1370.4,382.3,193.89999999999986,197.40000000000003,1,1,1.0
103,2,1488.0,910.2,90.29999999999995,97.39999999999998,1,1,0.0
103,3,1438.6,533.26,134.25,175.74,1,1,1.0
103,4,1503.3,698.39,73.73000000000002,201.01,1,1,0.0
104,1,1349.0,392.7,216.70000000000005,184.7,1,1,1.0
104,2,1519.2,881.8,59.09999999999991,58.40000000000009,1,1,0.0
104,3,1436.7,530.28,135.72000000000003,181.22000000000003,1,1,1.0
104,4,1507.8,700.94,70.06999999999994,186.65999999999997,1,1,0.0
105,1,1329.1,391.5,236.30000000000018,171.5,1,1,1.0
105,2,1525.6,914.6,52.700000000000045,47.60000000000002,1,1,0.0
105,3,1431.1,531.18,142.60000000000014,180.82000000000005,1,1,1.0
105,4,1504.2,699.0,73.70000000000005,216.70000000000005,1,1,0.0
106,1,1303.9,360.3,260.39999999999986,193.40000000000003,1,1,1.0
106,2,1525.6,915.0,52.700000000000045,47.200000000000045,1,1,0.0
106,3,1430.7,531.61,143.0,180.18999999999994,1,1,1.0
106,4,1501.3,696.9,75.70000000000005,215.89999999999998,1,1,0.0
107,1,1310.3,319.8,243.60000000000014,230.40000000000003,1,1,1.0
107,2,1523.1,910.2,55.200000000000045,50.799999999999955,1,1,0.0
107,3,1430.75,532.21,143.79999999999995,180.39,1,1,1.0
107,4,1490.2,699.04,88.09999999999991,220.66000000000008,1,1,0.0
108,5,1510.0,497.2,56.0,50.30000000000001,1,1,0.0
108,1,1329.6,327.9,234.10000000000014,231.39999999999998,1,1,1.0
108,2,1523.9,910.8,54.399999999999864,51.40000000000009,1,1,0.0
108,3,1423.1,542.6,150.60000000000014,168.29999999999995,1,1,1.0
108,4,1485.35,699.47,92.10000000000014,213.82999999999993,1,1,0.0
109,5,1449.8,464.62,117.70000000000005,129.67999999999995,1,1,0.0
109,1,1357.0,335.4,244.9000000000001,229.10000000000002,1,1,1.0
109,2,1522.7,910.0,55.59999999999991,54.200000000000045,1,1,0.0
109,3,1420.97,571.37,150.5999999999999,144.20000000000005,1,1,1.0
109,4,1486.6,698.61,91.2800000000002,227.89,1,1,0.0
110,5,1367.0,452.72,201.25,198.88,1,1,1.0
110,1,1319.6,330.8,269.0,210.2,1,1,1.0
110,2,1522.7,910.8,55.59999999999991,52.200000000000045,1,1,0.0
110,3,1421.8,594.3,151.91000000000008,114.40000000000009,1,1,1.0
110,4,1491.9,702.62,86.39999999999986,211.08000000000004,1,1,0.0
111,5,1311.6,505.4,255.9000000000001,192.80000000000007,1,1,1.0
111,1,1310.3,320.4,250.5,218.30000000000007,1,1,1.0
111,2,1525.1,912.8,53.200000000000045,50.200000000000045,1,1,0.0
111,3,1423.1,584.3,150.61000000000013,125.90000000000009,1,1,1.0
111,4,1492.35,701.06,85.10000000000014,205.24,1,1,0.0
112,5,1278.3,508.12,260.53999999999996,212.08000000000004,1,1,1.0
112,1,1305.7,312.9,249.89999999999986,240.80000000000007,1,1,1.0
112,2,1525.1,911.2,53.200000000000045,52.59999999999991,1,1,0.0
112,3,1423.7,551.1,150.0,154.69999999999993,1,1,1.0
112,4,1494.4,704.89,82.61999999999989,206.11,1,1,0.0
113,5,1272.7,519.3,255.79999999999995,208.30000000000007,1,1,1.0
113,1,1313.8,318.1,242.9000000000001,237.89999999999998,1,1,1.0
113,2,1524.7,911.2,53.59999999999991,44.19999999999993,1,1,0.0
113,3,1431.9,551.7,141.79999999999995,165.19999999999993,1,1,1.0
113,4,1502.0,703.19,76.29999999999995,197.6099999999999,1,1,0.0
114,5,1273.5,563.07,265.44000000000005,185.32999999999993,1,1,1.0
114,1,1316.1,312.9,239.4000000000001,247.70000000000005,1,1,1.0
114,2,1526.3,911.2,52.0,44.19999999999993,1,1,0.0
114,3,1431.9,553.6,141.79999999999995,160.29999999999995,1,1,1.0
114,4,1500.12,706.6,76.90000000000009,204.39999999999998,1,1,0.0
115,5,1274.7,568.9,271.03,176.10000000000002,1,1,1.0
115,1,1316.1,319.3,239.4000000000001,241.3,1,1,1.0
115,2,1526.3,911.2,52.0,47.0,1,1,0.0
115,3,1433.1,553.6,140.60000000000014,164.60000000000002,1,1,1.0
115,4,1497.19,706.17,79.39999999999986,221.33000000000004,1,1,0.0
116,5,1273.2,572.46,273.5999999999999,168.24,1,1,1.0
116,1,1316.1,328.6,238.20000000000005,232.60000000000002,1,1,1.0
116,2,1526.3,911.2,52.0,49.799999999999955,1,1,0.0
116,3,1431.9,553.6,141.79999999999995,152.19999999999993,1,1,1.0
116,4,1505.5,696.4,71.09999999999991,211.70000000000005,1,1,0.0
117,5,1276.4,569.36,268.27,171.64,1,1,1.0
117,1,1325.4,339.0,253.79999999999995,226.20000000000005,1,1,1.0
117,2,1526.3,911.2,52.0,49.799999999999955,1,1,0.0
117,3,1431.9,551.7,141.79999999999995,154.0999999999999,1,1,1.0
117,4,1502.0,699.8,76.29999999999995,212.30000000000007,1,1,0.0
118,5,1254.64,568.3,290.5,198.60000000000002,1,1,1.0
118,1,1327.1,341.8,265.9000000000001,221.7,1,1,1.0
118,2,1526.3,911.2,52.0,49.799999999999955,1,1,0.0
118,3,1429.4,557.4,144.29999999999995,161.0,1,1,1.0
118,4,1499.67,701.08,78.19999999999982,204.19999999999993,1,1,0.0
119,5,1126.2,588.51,366.98,183.49,1,1,1.0
119,1,1319.6,345.8,270.5,218.3,1,1,1.0
119,2,1526.3,913.6,52.0,50.19999999999993,1,1,0.0
119,3,1434.4,550.5,139.29999999999995,162.29999999999995,1,1,1.0
119,4,1500.1,696.4,78.20000000000005,203.60000000000002,1,1,0.0
120,5,1096.5,593.15,389.78,177.95000000000005,1,1,1.0
120,1,1325.4,347.0,275.6999999999998,214.20000000000005,1,1,1.0
120,2,1526.3,934.9,52.0,50.60000000000002,1,1,0.0
120,3,1434.4,550.5,139.29999999999995,166.10000000000002,1,1,1.0
120,4,1500.1,696.4,78.20000000000005,231.30000000000007,1,1,0.0
