1,1,238.6,457.4,137.9,223.89999999999998,1,1,0.0
1,2,129.8,675.1,188.89999999999998,246.29999999999995,1,1,1.0
1,3,326.6,669.7,294.19999999999993,154.5999999999999,1,1,1.0
1,4,229.7,768.3,253.60000000000002,152.9000000000001,1,1,1.0
1,5,248.3,841.0,133.2,304.5999999999999,1,1,1.0
1,6,343.3,940.2,249.40000000000003,192.5999999999999,1,1,1.0
1,7,567.1,400.8,252.89999999999998,185.3,1,1,1.0
1,8,660.0,662.5,246.29999999999995,233.0,1,1,1.0
1,9,547.5,758.1,169.29999999999995,251.69999999999993,1,1,1.0
1,10,603.3,946.4,358.4000000000001,139.89999999999998,1,1,1.0
2,1,230.72,456.1,138.79999999999998,225.60000000000002,1,1,0.0
2,2,134.5,671.4,174.3,250.5,1,1,1.0
2,3,311.5,668.2,308.5,153.79999999999995,1,1,1.0
2,4,219.7,767.9,261.90000000000003,153.70000000000005,1,1,1.0
2,5,248.3,852.3,133.2,293.9000000000001,1,1,1.0
2,6,340.2,935.5,251.50000000000006,187.4000000000001,1,1,1.0
2,7,556.7,423.0,263.29999999999995,165.20000000000005,1,1,1.0
2,8,659.3,656.9,246.30000000000007,242.80000000000007,1,1,1.0
2,9,549.8,752.1,169.20000000000005,263.1,1,1,1.0
2,10,596.5,945.6,362.9,148.89999999999998,1,1,1.0
3,1,192.8,476.6,174.2,214.29999999999995,1,1,0.0
3,2,132.4,667.2,164.9,256.79999999999995,1,1,1.0
3,3,310.7,665.9,307.00000000000006,156.89999999999998,1,1,1.0
3,4,218.1,761.1,261.4,158.89999999999998,1,1,1.0
3,5,245.8,825.3,135.7,321.5,1,1,1.0
3,6,336.0,937.6,255.20000000000005,181.60000000000002,1,1,1.0
3,7,553.9,435.5,261.30000000000007,154.10000000000002,1,1,1.0
3,8,635.7,662.5,271.29999999999995,240.70000000000005,1,1,1.0
3,9,544.5,751.4,173.10000000000002,257.0,1,1,1.0
3,10,614.6,947.9,280.79999999999995,141.30000000000007,1,1,1.0
4,1,198.9,479.2,169.79999999999998,210.8,1,1,0.0
4,2,131.8,666.6,162.39999999999998,256.1,1,1,1.0
4,3,311.5,665.9,306.20000000000005,162.20000000000005,1,1,1.0
4,4,264.7,718.2,216.90000000000003,199.69999999999993,1,1,1.0
4,5,247.7,829.7,133.8,320.89999999999986,1,1,1.0
4,6,336.0,933.4,255.20000000000005,185.80000000000007,1,1,1.0
4,7,549.7,436.2,262.9,154.8,1,1,1.0
4,8,627.4,656.3,278.20000000000005,235.80000000000007,1,1,1.0
4,9,544.5,741.6,174.60000000000002,296.9,1,1,1.0
4,10,621.4,948.7,275.5,142.0,1,1,1.0
5,1,194.1,477.9,178.1,212.10000000000002,1,1,0.0
5,2,192.1,657.2,113.4,289.5999999999999,1,1,1.0
5,3,324.3,671.9,309.2,169.0,1,1,1.0
5,4,282.9,762.2,209.40000000000003,146.89999999999998,1,1,1.0
5,5,228.2,849.8,153.3,298.9000000000001,1,1,1.0
5,6,329.2,926.6,259.90000000000003,196.80000000000007,1,1,1.0
5,7,543.5,439.0,267.0,151.29999999999995,1,1,1.0
5,8,628.1,654.2,285.79999999999995,226.0999999999999,1,1,1.0
5,9,546.0,749.1,172.39999999999998,299.19999999999993,1,1,1.0
5,10,630.4,952.5,266.5,143.5,1,1,1.0
6,1,123.9,480.1,246.1,228.69999999999993,1,1,0.0
6,2,190.6,651.9,125.50000000000003,268.5,1,1,1.0
6,3,310.7,670.4,323.59999999999997,159.89999999999998,1,1,1.0
6,4,343.2,786.1,176.09999999999997,146.60000000000002,1,1,1.0
6,5,221.3,866.1,160.2,280.69999999999993,1,1,1.0
6,6,336.0,931.8,245.79999999999995,191.60000000000014,1,1,1.0
6,7,543.5,441.1,267.4,151.29999999999995,1,1,1.0
6,8,627.4,659.1,294.80000000000007,219.10000000000002,1,1,1.0
6,9,503.0,755.1,215.39999999999998,257.0,1,1,1.0
6,10,636.4,952.5,261.30000000000007,147.29999999999995,1,1,1.0
7,1,144.8,476.6,225.7,240.89999999999998,1,1,0.0
7,2,190.6,665.5,125.50000000000003,273.70000000000005,1,1,1.0
7,3,316.0,631.2,319.79999999999995,176.5,1,1,1.0
7,4,399.7,720.8,173.59999999999997,221.5,1,1,1.0
7,5,215.0,870.5,165.89999999999998,276.29999999999995,1,1,1.0
7,6,342.3,930.2,237.90000000000003,188.0,1,1,1.0
7,7,544.9,441.1,265.6,151.29999999999995,1,1,1.0
7,8,623.9,660.5,296.9,212.10000000000002,1,1,1.0
7,9,501.5,761.9,216.89999999999998,250.20000000000005,1,1,1.0
7,10,636.4,950.2,258.30000000000007,145.0999999999999,1,1,1.0
8,1,144.8,470.5,225.7,247.0,1,1,0.0
8,2,195.9,722.8,120.20000000000002,307.60000000000014,1,1,1.0
8,3,291.9,620.7,297.20000000000005,165.89999999999998,1,1,1.0
8,4,329.4,744.6,267.80000000000007,180.5,1,1,1.0
8,5,199.9,878.7,180.4,268.0999999999999,1,1,1.0
8,6,335.5,928.1,244.70000000000005,186.9999999999999,1,1,1.0
8,7,549.1,437.6,264.0,151.29999999999995,1,1,1.0
8,8,632.2,663.3,289.29999999999995,209.30000000000007,1,1,1.0
8,9,486.4,774.7,232.0,221.5999999999999,1,1,1.0
8,10,635.6,951.7,259.1,145.0999999999999,1,1,1.0
9,1,161.0,468.9,205.3,244.39999999999998,1,1,0.0
9,2,195.1,783.1,81.79999999999998,326.4,1,1,1.0
9,3,310.7,577.7,276.90000000000003,176.5,1,1,1.0
9,4,364.6,636.6,307.9,226.0,1,1,1.0
9,5,211.2,863.0,171.0,283.79999999999995,1,1,1.0
9,6,296.3,923.9,279.7,186.5000000000001,1,1,1.0
9,7,549.8,434.8,265.4000000000001,152.7,1,1,1.0
9,8,623.9,664.7,296.9,204.39999999999998,1,1,1.0
9,9,500.0,773.2,219.20000000000005,240.39999999999998,1,1,1.0
9,10,634.1,953.2,259.1,144.39999999999986,1,1,1.0
10,1,159.4,468.9,206.9,244.39999999999998,1,1,0.0
10,2,198.1,838.9,122.50000000000003,302.19999999999993,1,1,1.0
10,3,310.7,573.2,251.3,221.69999999999993,1,1,1.0
10,4,436.2,609.6,252.59999999999997,242.29999999999995,1,1,1.0
10,5,249.6,795.2,122.79999999999998,309.39999999999986,1,1,1.0
10,6,296.3,923.9,269.8,186.5000000000001,1,1,1.0
10,7,544.9,435.5,271.6,152.0,1,1,1.0
10,8,627.4,664.7,293.4,204.39999999999998,1,1,1.0
10,9,454.0,779.2,265.20000000000005,214.79999999999995,1,1,1.0
10,10,652.9,946.4,253.10000000000002,164.0000000000001,1,1,1.0
11,1,165.8,465.8,202.59999999999997,242.3,1,1,0.0
11,2,195.1,846.4,125.50000000000003,291.69999999999993,1,1,1.0
11,3,287.3,493.3,209.89999999999998,275.99999999999994,1,1,1.0
11,4,473.9,560.6,302.20000000000005,226.60000000000002,1,1,1.0
11,5,225.5,733.4,129.5,315.4,1,1,1.0
11,6,273.3,880.9,266.59999999999997,204.39999999999998,1,1,1.0
11,7,545.6,435.5,274.4,152.0,1,1,1.0
11,8,629.5,666.1,292.70000000000005,200.89999999999998,1,1,1.0
11,9,455.5,801.1,250.10000000000002,242.60000000000002,1,1,1.0
11,10,703.4,868.8,228.30000000000007,231.10000000000014,1,1,1.0
12,1,166.3,464.8,203.09999999999997,242.3,1,1,0.0
12,2,198.1,869.0,154.1,263.0999999999999,1,1,1.0
12,3,343.1,479.0,169.89999999999998,296.29999999999995,1,1,1.0
12,4,477.7,557.5,321.00000000000006,234.10000000000002,1,1,1.0
12,5,221.0,718.3,130.2,327.5,1,1,1.0
12,6,273.3,866.2,244.09999999999997,221.70000000000005,1,1,1.0
12,7,543.5,433.75,275.5,152.35000000000002,1,1,1.0
12,8,630.2,668.2,291.29999999999995,199.5,1,1,1.0
12,9,412.5,871.2,278.79999999999995,204.0999999999999,1,1,1.0
12,10,703.4,864.3,217.70000000000005,269.5,1,1,1.0
13,1,163.7,470.6,198.90000000000003,236.5,1,1,0.0
13,2,198.9,886.3,157.79999999999998,242.79999999999995,1,1,1.0
13,3,328.0,506.1,237.79999999999995,251.10000000000002,1,1,1.0
13,4,481.5,533.6,317.20000000000005,266.19999999999993,1,1,1.0
13,5,214.2,729.5,139.3,316.29999999999995,1,1,1.0
13,6,285.3,830.6,225.3,253.10000000000002,1,1,1.0
13,7,548.4,432.0,270.30000000000007,151.29999999999995,1,1,1.0
13,8,630.2,668.9,291.29999999999995,198.80000000000007,1,1,1.0
13,9,400.4,876.5,290.9,192.0,1,1,1.0
13,10,701.9,879.4,214.70000000000005,254.39999999999998,1,1,1.0
14,1,133.9,460.7,213.49999999999997,243.3,1,1,0.0
14,2,198.9,887.8,156.29999999999998,236.79999999999995,1,1,1.0
14,3,336.3,591.2,268.7,168.29999999999995,1,1,1.0
14,4,495.3,521.0,303.40000000000003,293.9,1,1,1.0
14,5,205.9,725.82,174.70000000000002,321.4799999999999,1,1,1.0
14,6,283.7,851.5,224.3,224.4000000000001,1,1,1.0
14,7,549.8,432.0,268.80000000000007,151.29999999999995,1,1,1.0
14,8,630.2,670.3,290.5999999999999,198.80000000000007,1,1,1.0
14,9,391.4,883.3,308.9,185.20000000000005,1,1,1.0
14,10,701.1,880.2,213.19999999999993,237.79999999999995,1,1,1.0
15,1,131.3,468.5,215.59999999999997,243.89999999999998,1,1,0.0
15,2,196.6,899.1,171.4,217.9999999999999,1,1,1.0
15,3,334.0,594.2,241.60000000000002,166.0999999999999,1,1,1.0
15,4,510.4,547.4,259.4,288.20000000000005,1,1,1.0
15,5,193.1,733.4,187.50000000000003,294.30000000000007,1,1,1.0
15,6,285.8,851.5,222.2,224.4000000000001,1,1,1.0
15,7,551.2,432.7,267.4,152.00000000000006,1,1,1.0
15,8,627.4,673.1,292.70000000000005,196.69999999999993,1,1,1.0
15,9,391.4,887.8,313.4,180.70000000000005,1,1,1.0
15,10,694.3,882.4,219.20000000000005,232.60000000000002,1,1,1.0
16,1,111.9,468.5,231.29999999999998,236.10000000000002,1,1,0.0
16,2,216.2,965.4,227.2,147.89999999999998,1,1,1.0
16,3,334.0,591.2,215.20000000000005,175.89999999999998,1,1,1.0
16,4,509.8,548.7,259.99999999999994,280.5999999999999,1,1,1.0
16,5,172.8,750.7,207.8,268.69999999999993,1,1,1.0
16,6,291.6,852.0,217.0,220.79999999999995,1,1,1.0
16,7,552.6,433.4,267.4,154.10000000000002,1,1,1.0
16,8,623.2,668.2,281.5999999999999,190.5,1,1,1.0
16,9,397.4,901.6,301.4,157.10000000000002,1,1,1.0
16,10,711.7,877.1,197.29999999999995,242.39999999999998,1,1,1.0
17,1,111.9,466.4,229.70000000000002,239.20000000000005,1,1,0.0
17,2,229.8,1006.1,206.09999999999997,110.19999999999993,1,1,1.0
17,3,329.4,592.7,287.70000000000005,174.39999999999998,1,1,1.0
17,4,505.4,546.8,264.4,275.0,1,1,1.0
17,5,141.9,754.5,238.70000000000002,264.9,1,1,1.0
17,6,291.6,852.7,217.0,215.89999999999986,1,1,1.0
17,7,552.6,433.4,267.4,154.10000000000002,1,1,1.0
17,8,621.8,668.2,275.4000000000001,188.39999999999998,1,1,1.0
17,9,404.2,899.0,303.50000000000006,158.20000000000005,1,1,1.0
17,10,719.2,855.2,189.0,265.0999999999999,1,1,1.0
18,1,114.0,466.4,227.60000000000002,239.20000000000005,1,1,0.0
18,2,236.6,1005.3,208.29999999999998,115.5,1,1,1.0
18,3,330.9,598.0,283.9,169.89999999999998,1,1,1.0
18,4,510.4,523.6,259.4,309.5,1,1,1.0
18,5,157.7,745.5,222.90000000000003,270.9,1,1,1.0
18,6,295.3,850.0,213.3,217.0,1,1,1.0
18,7,552.6,433.4,267.4,154.10000000000002,1,1,1.0
18,8,630.8,675.8,267.80000000000007,178.70000000000005,1,1,1.0
18,9,388.4,897.5,330.6,146.9000000000001,1,1,1.0
18,10,711.7,866.5,195.69999999999993,255.29999999999995,1,1,1.0
19,1,177.3,464.85,163.3,239.69999999999993,1,1,0.0
19,2,239.6,1004.5,205.29999999999998,117.79999999999995,1,1,1.0
19,3,327.9,598.0,233.39999999999998,170.70000000000005,1,1,1.0
19,4,487.8,477.1,187.2,320.19999999999993,1,1,1.0
19,5,171.3,740.2,209.3,276.19999999999993,1,1,1.0
19,6,266.5,850.0,242.10000000000002,214.9000000000001,1,1,1.0
19,7,553.8,433.4,266.20000000000005,152.89999999999998,1,1,1.0
19,8,635.0,691.1,279.6,173.79999999999995,1,1,1.0
19,9,390.7,895.2,332.09999999999997,134.0999999999999,1,1,1.0
19,10,689.1,878.6,219.79999999999995,228.10000000000002,1,1,1.0
20,1,175.2,464.85,165.40000000000003,239.69999999999993,1,1,0.0
20,2,236.6,1009.8,209.79999999999998,114.79999999999995,1,1,1.0
20,3,339.2,591.2,222.90000000000003,177.5,1,1,1.0
20,4,415.6,479.6,281.4,230.39999999999998,1,1,1.0
20,5,217.3,701.8,163.3,317.6,1,1,1.0
20,6,285.3,851.6,221.2,213.30000000000007,1,1,1.0
20,7,560.2,434.0,259.79999999999995,152.29999999999995,1,1,1.0
20,8,639.2,695.3,273.29999999999995,175.80000000000007,1,1,1.0
20,9,386.9,888.3,344.20000000000005,138.70000000000005,1,1,1.0
20,10,687.6,891.4,224.29999999999995,214.5000000000001,1,1,1.0
21,1,144.8,464.85,195.8,239.69999999999993,1,1,0.0
21,2,263.0,1019.6,277.6,104.30000000000007,1,1,1.0
21,3,339.2,591.2,222.90000000000003,170.0,1,1,1.0
21,4,396.1,479.6,326.0,197.69999999999993,1,1,1.0
21,5,229.4,667.1,151.20000000000002,346.29999999999995,1,1,1.0
21,6,305.2,837.5,202.3,225.29999999999995,1,1,1.0
21,7,560.2,437.5,259.79999999999995,150.5,1,1,1.0
21,8,637.8,695.3,276.80000000000007,175.80000000000007,1,1,1.0
21,9,389.9,888.3,342.70000000000005,137.20000000000005,1,1,1.0
21,10,682.3,892.9,231.10000000000002,199.39999999999998,1,1,1.0
22,1,165.7,464.85,174.90000000000003,239.69999999999993,1,1,0.0
22,2,342.1,1034.7,271.6,99.0,1,1,1.0
22,3,344.5,595.0,217.60000000000002,166.20000000000005,1,1,1.0
22,4,399.3,467.0,337.2,214.70000000000005,1,1,1.0
22,5,231.7,680.7,148.90000000000003,327.4,1,1,1.0
22,6,323.0,797.7,162.60000000000002,269.29999999999995,1,1,1.0
22,7,560.2,434.0,259.79999999999995,154.60000000000002,1,1,1.0
22,8,634.3,695.3,280.30000000000007,170.20000000000005,1,1,1.0
22,9,374.1,885.3,357.0,140.20000000000005,1,1,1.0
22,10,689.8,877.8,220.60000000000002,214.5,1,1,1.0
23,1,136.4,464.85,202.1,241.75,1,1,0.0
23,2,396.4,1000.8,309.20000000000005,120.79999999999995,1,1,1.0
23,3,379.2,591.2,231.90000000000003,243.89999999999998,1,1,1.0
23,4,421.9,467.0,314.6,214.70000000000005,1,1,1.0
23,5,234.7,686.0,149.7,312.29999999999995,1,1,1.0
23,6,342.4,715.0,144.20000000000005,308.0,1,1,1.0
23,7,560.2,434.6,260.4,153.39999999999998,1,1,1.0
23,8,644.7,693.2,263.0999999999999,167.79999999999995,1,1,1.0
23,9,386.9,884.5,345.0,140.20000000000005,1,1,1.0
23,10,707.9,831.9,211.5,289.0000000000001,1,1,1.0
24,1,161.5,466.4,194.10000000000002,286.80000000000007,1,1,0.0
24,2,416.7,998.5,294.2,134.4000000000001,1,1,1.0
24,3,426.7,634.9,219.09999999999997,240.10000000000002,1,1,1.0
24,4,381.1,497.4,322.1,166.70000000000005,1,1,1.0
24,5,232.4,671.7,112.9,327.4,1,1,1.0
24,6,344.5,715.0,142.10000000000002,308.0,1,1,1.0
24,7,552.7,436.3,267.9,149.99999999999994,1,1,1.0
24,8,647.5,688.3,263.6,175.10000000000002,1,1,1.0
24,9,377.1,885.3,357.0,137.9000000000001,1,1,1.0
24,10,698.1,850.7,215.29999999999995,282.20000000000005,1,1,1.0
25,1,149.5,537.6,199.39999999999998,243.29999999999995,1,1,1.0
25,2,423.5,1010.6,298.70000000000005,123.10000000000002,1,1,1.0
25,3,422.2,640.2,232.59999999999997,232.5,1,1,1.0
25,4,356.6,509.1,296.4,128.0,1,1,1.0
25,5,226.4,650.6,120.4,331.19999999999993,1,1,1.0
25,6,341.9,732.8,142.60000000000002,296.0,1,1,1.0
25,7,559.6,435.1,259.79999999999995,151.19999999999993,1,1,1.0
25,8,632.0,686.9,281.9,202.89999999999998,1,1,1.0
25,9,365.0,871.7,363.0,147.0,1,1,1.0
25,10,690.6,861.2,219.0,273.20000000000005,1,1,1.0
26,1,149.5,645.5,163.3,134.39999999999998,1,1,1.0
26,2,423.5,994.0,296.4,133.70000000000005,1,1,1.0
26,3,424.5,640.2,234.79999999999995,226.5,1,1,1.0
26,4,337.1,511.0,253.69999999999993,123.60000000000002,1,1,1.0
26,5,226.4,647.6,119.6,325.9,1,1,1.0
26,6,347.1,701.4,143.09999999999997,315.9,1,1,1.0
26,7,564.2,430.5,254.0,159.29999999999995,1,1,1.0
26,8,633.7,687.7,277.9,203.29999999999995,1,1,1.0
26,9,380.1,886.0,341.9,131.89999999999998,1,1,1.0
26,10,710.2,865.7,205.39999999999998,271.71000000000004,1,1,1.0
27,1,151.6,645.0,153.9,132.79999999999995,1,1,1.0
27,2,466.5,966.9,294.79999999999995,161.60000000000002,1,1,1.0
27,3,419.2,689.2,237.8,157.89999999999998,1,1,1.0
27,4,324.5,509.7,215.39999999999998,113.59999999999997,1,1,1.0
27,5,222.6,652.1,123.4,321.4,1,1,1.0
27,6,345.0,675.8,135.8,343.1,1,1,1.0
27,7,567.7,416.6,250.5,171.5,1,1,1.0
27,8,639.5,687.2,283.6,188.0999999999999,1,1,1.0
27,9,379.3,887.5,313.3,137.20000000000005,1,1,1.0
27,10,631.8,834.0,272.5,286.0999999999999,1,1,1.0
28,1,166.8,645.0,138.7,208.20000000000005,1,1,1.0
28,2,481.6,960.9,275.19999999999993,169.10000000000002,1,1,1.0
28,3,478.0,570.1,227.29999999999995,224.29999999999995,1,1,1.0
28,4,324.5,495.9,219.79999999999995,126.10000000000002,1,1,1.0
28,5,176.6,678.5,170.9,281.4,1,1,1.0
28,6,350.8,639.2,152.5,329.5,1,1,1.0
28,7,574.6,411.9,243.60000000000002,172.70000000000005,1,1,1.0
28,8,651.0,673.6,275.20000000000005,190.69999999999993,1,1,1.0
28,9,390.6,878.5,302.0,161.29999999999995,1,1,1.0
28,10,692.8,832.5,192.60000000000002,292.0999999999999,1,1,1.0
29,1,175.2,670.0,102.10000000000002,285.20000000000005,1,1,1.0
29,2,483.9,951.1,278.20000000000005,171.39999999999998,1,1,1.0
29,3,557.9,471.4,148.89999999999998,337.30000000000007,1,1,1.0
29,4,315.0,489.6,191.60000000000002,149.10000000000002,1,1,0.0
29,5,162.3,678.5,189.7,281.4,1,1,1.0
29,6,355.0,600.5,129.5,322.70000000000005,1,1,1.0
29,7,582.7,410.2,236.0999999999999,174.40000000000003,1,1,1.0
29,8,651.5,671.5,273.1,189.10000000000002,1,1,1.0
29,9,305.5,877.7,280.1,201.29999999999995,1,1,1.0
29,10,683.8,834.0,182.80000000000007,286.0999999999999,1,1,1.0
30,1,189.3,736.3,119.59999999999997,289.70000000000005,1,1,1.0
30,2,492.2,958.7,254.09999999999997,175.0999999999999,1,1,1.0
30,3,572.2,458.6,134.5999999999999,354.6,1,1,1.0
30,4,306.3,502.6,130.89999999999998,137.89999999999998,1,1,0.0
30,5,159.3,680.8,217.59999999999997,279.1,1,1,1.0
30,6,373.3,553.4,160.90000000000003,307.0,1,1,1.0
30,7,575.8,409.0,242.4000000000001,175.60000000000002,1,1,1.0
30,8,640.0,671.5,282.5,189.10000000000002,1,1,1.0
30,9,246.7,948.5,285.40000000000003,156.9000000000001,1,1,1.0
30,10,688.3,834.0,178.30000000000007,278.5999999999999,1,1,1.0
31,1,165.2,754.4,142.2,261.80000000000007,1,1,1.0
31,2,505.0,950.4,245.79999999999995,183.39999999999998,1,1,1.0
31,3,574.4,496.3,136.89999999999998,321.40000000000003,1,1,1.0
31,4,257.3,509.5,120.19999999999999,168.39999999999998,1,1,0.0
31,5,208.3,683.1,174.59999999999997,293.4,1,1,1.0
31,6,394.8,505.8,187.49999999999994,290.8,1,1,1.0
31,7,564.8,424.0,252.80000000000007,168.10000000000002,1,1,1.0
31,8,636.6,672.5,284.29999999999995,194.39999999999998,1,1,1.0
31,9,214.3,962.8,284.59999999999997,156.20000000000005,1,1,1.0
31,10,692.1,835.3,177.60000000000002,276.0,1,1,1.0
32,1,162.2,763.4,143.7,250.5,1,1,1.0
32,2,505.0,950.4,242.79999999999995,183.39999999999998,1,1,1.0
32,3,572.9,475.2,139.20000000000005,343.3,1,1,1.0
32,4,128.1,491.3,224.29999999999998,214.90000000000003,1,1,0.0
32,5,164.6,684.6,218.29999999999998,285.1,1,1,1.0
32,6,437.7,479.1,141.90000000000003,297.6,1,1,1.0
32,7,571.7,422.8,245.89999999999998,169.3,1,1,1.0
32,8,635.3,672.5,279.9000000000001,212.20000000000005,1,1,1.0
32,9,202.2,960.5,265.1,163.79999999999995,1,1,1.0
32,10,691.5,834.7,178.20000000000005,274.70000000000005,1,1,1.0
33,1,162.2,760.4,154.40000000000003,253.5,1,1,1.0
33,2,508.0,951.9,239.0,183.39999999999998,1,1,1.0
33,3,574.4,447.3,131.70000000000005,354.59999999999997,1,1,1.0
33,4,165.1,485.0,182.29999999999998,221.20000000000005,1,1,0.0
33,5,166.1,686.9,216.79999999999998,278.30000000000007,1,1,1.0
33,6,415.7,464.4,160.3,321.20000000000005,1,1,1.0
33,7,576.3,407.8,240.10000000000002,185.99999999999994,1,1,1.0
33,8,591.9,704.9,314.9,209.60000000000002,1,1,1.0
33,9,177.3,981.5,303.59999999999997,138.29999999999995,1,1,1.0
33,10,690.2,837.8,182.0,272.9000000000001,1,1,1.0
34,1,162.2,757.4,157.60000000000002,264.0,1,1,1.0
34,2,508.0,948.0,278.20000000000005,163.20000000000005,1,1,1.0
34,3,574.4,496.3,134.70000000000005,305.59999999999997,1,1,1.0
34,4,149.4,478.8,199.29999999999998,244.99999999999994,1,1,0.0
34,5,194.7,683.1,188.2,281.29999999999995,1,1,1.0
34,6,414.1,480.1,164.5,307.6,1,1,1.0
34,7,623.7,389.3,214.69999999999993,299.99999999999994,1,1,1.0
34,8,470.5,774.0,322.70000000000005,157.20000000000005,1,1,1.0
34,9,129.8,1015.4,320.2,114.19999999999993,1,1,1.0
34,10,691.5,837.8,180.70000000000005,279.20000000000005,1,1,1.0
35,1,147.9,752.8,170.20000000000002,261.1,1,1,1.0
35,2,537.4,931.0,203.60000000000002,159.0999999999999,1,1,1.0
35,3,575.9,469.2,134.0,330.40000000000003,1,1,1.0
35,4,134.3,483.8,216.3,246.90000000000003,1,1,0.0
35,5,211.3,686.1,171.59999999999997,278.29999999999995,1,1,1.0
35,6,414.6,471.7,170.29999999999995,312.3,1,1,1.0
35,7,700.1,412.4,143.5,340.6,1,1,1.0
35,8,397.8,814.8,307.49999999999994,153.5,1,1,1.0
35,9,126.8,975.0,324.7,150.79999999999995,1,1,1.0
35,10,702.2,769.4,143.5999999999999,356.4,1,1,1.0
36,1,143.3,755.1,175.39999999999998,255.79999999999995,1,1,1.0
36,2,590.1,947.4,324.19999999999993,148.0000000000001,1,1,1.0
36,3,572.1,381.0,286.19999999999993,240.79999999999995,1,1,1.0
36,4,152.5,480.0,196.2,245.0,1,1,0.0
36,5,216.6,687.6,166.29999999999998,279.1,1,1,1.0
36,6,419.8,482.2,156.7,302.8,1,1,1.0
36,7,650.1,533.4,209.5,300.6,1,1,1.0
36,8,336.1,805.4,320.0,140.89999999999998,1,1,1.0
36,9,126.8,977.3,323.2,139.5,1,1,1.0
36,10,680.22,724.8,232.77999999999997,296.1,1,1,1.0
37,1,142.5,755.1,165.60000000000002,255.79999999999995,1,1,1.0
37,2,601.4,948.2,312.1,136.70000000000005,1,1,1.0
37,3,615.1,397.6,351.0,143.60000000000002,1,1,1.0
37,4,191.4,476.2,145.99999999999997,245.66000000000003,1,1,0.0
37,5,224.1,689.9,159.6,288.1,1,1,1.0
37,6,416.1,458.1,168.19999999999993,327.9,1,1,1.0
37,7,574.1,633.4,247.5,271.6,1,1,1.0
37,8,352.4,816.4,245.10000000000002,145.60000000000002,1,1,1.0
37,9,123.0,977.7,327.0,136.79999999999995,1,1,1.0
37,10,667.7,712.9,212.5999999999999,276.0,1,1,1.0
38,1,142.5,755.1,161.8,255.79999999999995,1,1,1.0
38,2,670.7,844.2,258.5999999999999,249.70000000000005,1,1,1.0
38,3,745.5,383.3,271.9,250.59999999999997,1,1,1.0
38,4,225.3,451.1,129.09999999999997,262.0,1,1,0.0
38,5,227.1,653.7,148.29999999999998,331.0999999999999,1,1,1.0
38,6,414.5,481.1,169.29999999999995,266.19999999999993,1,1,1.0
38,7,560.1,693.4,170.5,334.6,1,1,1.0
38,8,365.0,726.9,211.60000000000002,230.39999999999998,1,1,1.0
38,9,117.0,984.2,330.0,125.0,1,1,1.0
38,10,655.8,687.8,220.70000000000005,303.6,1,1,1.0
39,1,146.3,758.2,155.7,251.89999999999998,1,1,1.0
39,2,748.3,756.8,220.9000000000001,347.70000000000005,1,1,1.0
39,3,772.6,399.1,244.79999999999995,235.5,1,1,1.0
39,4,237.3,601.8,169.5,106.0,1,1,0.0
39,5,230.9,701.2,151.99999999999997,299.4,1,1,1.0
39,6,340.7,476.9,196.50000000000006,247.89999999999998,1,1,1.0
39,7,328.12,923.4,337.48,150.60000000000002,1,1,1.0
39,8,445.6,675.6,143.60000000000002,311.0,1,1,1.0
39,9,117.0,998.0,306.1,108.20000000000005,1,1,1.0
39,10,668.4,694.1,205.0,306.69999999999993,1,1,1.0
40,1,145.5,758.2,147.5,252.5999999999999,1,1,1.0
40,2,766.4,746.2,176.39999999999998,334.20000000000005,1,1,1.0
40,3,787.7,413.4,241.70000000000005,236.30000000000007,1,1,1.0
40,4,249.6,595.0,197.00000000000003,103.89999999999998,1,1,0.0
40,5,240.7,628.9,145.2,347.6,1,1,1.0
40,6,318.7,464.9,177.7,149.5,1,1,1.0
40,7,273.1,922.4,352.5,133.60000000000002,1,1,1.0
40,8,479.1,579.8,187.5,321.5,1,1,1.0
40,9,113.2,998.8,303.0,107.40000000000009,1,1,1.0
40,10,691.6,600.5,162.29999999999995,331.9,1,1,1.0
41,1,131.2,758.2,161.8,259.4,1,1,1.0
41,2,774.7,734.9,205.0,350.0000000000001,1,1,1.0
41,3,812.6,427.7,235.69999999999993,213.00000000000006,1,1,1.0
41,4,244.8,605.0,235.07,117.89999999999998,1,1,1.0
41,5,246.0,660.5,141.39999999999998,266.29999999999995,1,1,1.0
41,6,295.7,468.0,195.5,138.60000000000002,1,1,1.0
41,7,243.1,893.4,336.5,156.60000000000002,1,1,1.0
41,8,493.2,607.0,186.50000000000006,271.29999999999995,1,1,1.0
41,9,138.1,995.0,278.79999999999995,111.20000000000005,1,1,1.0
41,10,672.8,613.1,162.9000000000001,316.19999999999993,1,1,1.0
42,1,132.7,755.9,164.10000000000002,265.5,1,1,1.0
42,2,774.7,759.8,168.0999999999999,322.79999999999995,1,1,1.0
42,3,838.2,426.3,195.0,196.3,1,1,1.0
42,4,264.2,598.7,290.00000000000006,116.69999999999993,1,1,1.0
42,5,238.5,701.9,169.7,277.6,1,1,1.0
42,6,312.4,477.4,152.10000000000002,98.80000000000007,1,1,0.0
42,7,225.1,875.4,348.5,163.60000000000002,1,1,1.0
42,8,508.4,587.6,172.89999999999998,282.4,1,1,1.0
42,9,163.8,989.7,261.3,164.70000000000005,1,1,1.0
42,10,672.8,599.9,174.80000000000007,323.1,1,1,1.0
43,1,165.1,757.4,131.70000000000002,264.0,1,1,1.0
43,2,784.5,710.8,128.20000000000005,350.70000000000005,1,1,1.0
43,3,838.2,425.5,194.20000000000005,199.39999999999998,1,1,1.0
43,4,295.0,510.8,297.5,215.90000000000003,1,1,1.0
43,5,246.8,750.2,265.7,164.5,1,1,1.0
43,6,312.4,474.2,119.70000000000005,83.19999999999999,1,1,0.0
43,7,244.1,871.4,334.5,175.60000000000002,1,1,1.0
43,8,550.8,550.4,161.4000000000001,308.1,1,1,1.0
43,9,148.0,994.2,245.39999999999998,127.79999999999995,1,1,1.0
43,10,690.4,594.2,167.20000000000005,301.19999999999993,1,1,1.0
44,1,159.1,757.4,137.70000000000002,261.80000000000007,1,1,1.0
44,2,788.3,642.2,117.60000000000002,367.29999999999995,1,1,1.0
44,3,831.4,423.2,237.19999999999993,204.7,1,1,1.0
44,4,356.5,480.7,204.60000000000002,261.09999999999997,1,1,1.0
44,5,368.9,795.4,304.80000000000007,195.39999999999998,1,1,1.0
44,6,312.4,478.9,96.70000000000005,71.20000000000005,1,1,0.0
44,7,229.1,860.4,347.5,196.60000000000002,1,1,1.0
44,8,560.7,478.7,157.29999999999995,290.3,1,1,1.0
44,9,142.0,993.4,273.3,118.10000000000002,1,1,1.0
44,10,682.9,566.6,157.70000000000005,326.29999999999995,1,1,1.0
45,1,153.8,759.7,149.0,252.0,1,1,1.0
45,2,798.1,521.6,171.79999999999995,319.9,1,1,1.0
45,3,827.7,423.2,206.20000000000005,198.7,1,1,1.0
45,4,393.5,446.2,167.0,285.50000000000006,1,1,1.0
45,5,459.3,853.4,333.49999999999994,165.30000000000007,1,1,1.0
45,6,339.1,478.9,55.299999999999955,66.0,1,1,0.0
45,7,254.1,862.4,324.5,202.60000000000002,1,1,1.0
45,8,558.6,481.3,158.89999999999998,288.2,1,1,1.0
45,9,161.6,991.9,271.79999999999995,136.19999999999993,1,1,1.0
45,10,656.5,599.3,177.79999999999995,301.1,1,1,1.0
46,1,153.8,758.2,173.09999999999997,246.69999999999993,1,1,1.0
46,2,704.7,385.2,188.29999999999995,306.3,1,1,1.0
46,3,829.2,423.2,207.70000000000005,196.40000000000003,1,1,1.0
46,4,398.5,441.2,155.70000000000005,320.00000000000006,1,1,1.0
46,5,580.6,888.8,394.6,134.4000000000001,1,1,1.0
46,6,319.2,478.9,73.10000000000002,66.5,1,1,0.0
46,7,251.1,873.4,319.5,190.60000000000002,1,1,1.0
46,8,569.1,484.4,142.10000000000002,285.1,1,1,1.0
46,9,139.7,989.6,299.0,115.89999999999998,1,1,1.0
46,10,647.7,607.5,201.5999999999999,302.9,1,1,1.0
47,1,162.1,753.7,198.70000000000002,239.0999999999999,1,1,1.0
47,2,694.2,399.5,199.5999999999999,276.9,1,1,1.0
47,3,826.9,423.2,220.5000000000001,194.09999999999997,1,1,1.0
47,4,398.5,477.6,146.29999999999995,301.79999999999995,1,1,1.0
47,5,628.1,900.9,286.79999999999995,144.89999999999998,1,1,1.0
47,6,319.2,483.6,72.10000000000002,64.39999999999998,1,1,0.0
47,7,250.1,875.4,320.5,194.60000000000002,1,1,1.0
47,8,535.6,484.4,188.19999999999993,221.80000000000007,1,1,1.0
47,9,127.6,992.6,311.1,112.89999999999998,1,1,1.0
47,10,647.7,609.4,203.5,307.30000000000007,1,1,1.0
48,1,162.9,737.9,200.9,250.39999999999998,1,1,1.0
48,2,694.2,390.5,209.39999999999998,281.4,1,1,1.0
48,3,834.4,423.2,217.5000000000001,193.3,1,1,1.0
48,4,391.6,476.3,153.19999999999993,306.2,1,1,1.0
48,5,644.7,899.4,264.0999999999999,144.89999999999998,1,1,1.0
48,6,337.0,493.0,55.89999999999998,51.299999999999955,1,1,0.0
48,7,259.1,882.4,314.5,177.60000000000002,1,1,1.0
48,8,534.6,474.4,190.79999999999995,232.80000000000007,1,1,1.0
48,9,122.3,991.8,323.9,116.70000000000005,1,1,1.0
48,10,647.7,609.4,208.5,302.9,1,1,1.0
49,1,175.7,740.9,188.10000000000002,261.70000000000005,1,1,1.0
49,2,698.0,389.7,208.60000000000002,283.00000000000006,1,1,1.0
49,3,834.4,423.2,200.89999999999998,194.09999999999997,1,1,1.0
49,4,390.3,478.2,153.90000000000003,306.8,1,1,1.0
49,5,652.2,886.6,257.4,143.39999999999998,1,1,1.0
49,6,320.8,489.3,72.09999999999997,58.099999999999966,1,1,0.0
49,7,272.1,878.4,301.5,181.60000000000002,1,1,1.0
49,8,527.8,474.9,198.60000000000002,232.30000000000007,1,1,1.0
49,9,122.3,989.5,319.4,118.20000000000005,1,1,1.0
49,10,662.1,603.1,194.10000000000002,311.69999999999993,1,1,1.0
50,1,175.7,740.9,188.10000000000002,285.1,1,1,1.0
50,2,679.2,369.4,169.39999999999998,270.9,1,1,1.0
50,3,834.4,423.2,202.39999999999998,194.90000000000003,1,1,1.0
50,4,383.4,465.0,160.80000000000007,323.79999999999995,1,1,1.0
50,5,656.7,883.6,252.89999999999998,147.89999999999998,1,1,1.0
50,6,331.3,489.8,65.30000000000001,56.599999999999966,1,1,0.0
50,7,270.1,878.4,303.5,181.60000000000002,1,1,1.0
50,8,534.6,480.7,179.79999999999995,241.7,1,1,1.0
50,9,126.8,989.5,314.9,118.20000000000005,1,1,1.0
50,10,676.5,586.1,181.0,326.19999999999993,1,1,1.0
51,1,175.7,740.9,188.10000000000002,252.70000000000005,1,1,1.0
51,2,708.6,383.0,141.5,279.9,1,1,1.0
51,3,835.2,420.2,199.29999999999995,200.90000000000003,1,1,1.0
51,4,385.9,477.3,150.80000000000007,308.40000000000003,1,1,1.0
51,5,659.7,880.6,238.5999999999999,159.89999999999998,1,1,1.0
51,6,333.9,493.5,64.30000000000001,50.799999999999955,1,1,0.0
51,7,274.1,877.4,299.5,182.60000000000002,1,1,1.0
51,8,532.5,482.8,190.79999999999995,256.3,1,1,1.0
51,9,123.0,976.7,318.7,121.20000000000005,1,1,1.0
51,10,677.1,615.0,180.39999999999998,297.29999999999995,1,1,1.0
52,1,173.4,740.9,192.70000000000002,285.9,1,1,1.0
52,2,708.6,395.8,137.0,273.90000000000003,1,1,1.0
52,3,840.5,423.2,218.9000000000001,197.09999999999997,1,1,1.0
52,4,385.9,473.6,158.30000000000007,312.1,1,1,1.0
52,5,640.1,886.6,297.4,141.80000000000007,1,1,1.0
52,6,328.1,496.1,70.09999999999997,52.39999999999998,1,1,0.0
52,7,280.1,877.4,293.5,182.60000000000002,1,1,1.0
52,8,540.9,484.4,182.39999999999998,254.70000000000005,1,1,1.0
52,9,130.5,984.2,311.2,113.70000000000005,1,1,1.0
52,10,677.1,615.0,180.39999999999998,294.79999999999995,1,1,1.0
53,1,167.4,745.4,198.70000000000002,219.60000000000002,1,1,1.0
53,2,717.6,386.0,130.29999999999995,283.70000000000005,1,1,1.0
53,3,828.4,416.4,342.5000000000001,207.70000000000005,1,1,1.0
53,4,395.0,459.5,149.20000000000005,314.1,1,1,1.0
53,5,620.5,861.0,347.9,165.9000000000001,1,1,1.0
53,6,341.7,499.3,58.60000000000002,46.599999999999966,1,1,0.0
53,7,280.1,879.4,293.5,180.60000000000002,1,1,1.0
53,8,528.9,482.3,198.10000000000002,259.40000000000003,1,1,1.0
53,9,136.5,982.7,305.2,116.0,1,1,1.0
53,10,680.9,615.0,177.89999999999998,294.79999999999995,1,1,1.0
54,1,147.8,792.1,252.2,137.5,1,1,1.0
54,2,715.3,402.6,164.20000000000005,261.79999999999995,1,1,1.0
54,3,844.2,462.4,344.0,176.80000000000007,1,1,1.0
54,4,395.0,462.7,149.20000000000005,307.90000000000003,1,1,1.0
54,5,630.3,783.1,309.0,257.4,1,1,1.0
54,6,335.4,500.9,63.900000000000034,45.5,1,1,0.0
54,7,270.1,868.4,299.5,209.60000000000002,1,1,1.0
54,8,519.5,483.9,213.29999999999995,257.80000000000007,1,1,1.0
54,9,168.9,982.7,270.5,144.5999999999999,1,1,1.0
54,10,681.5,608.7,180.39999999999998,303.0,1,1,1.0
55,1,187.0,740.9,271.8,161.60000000000002,1,1,1.0
55,2,688.2,393.6,214.69999999999993,228.60000000000002,1,1,1.0
55,3,892.4,446.6,362.1,194.89999999999998,1,1,1.0
55,4,395.0,467.2,149.20000000000005,303.40000000000003,1,1,1.0
55,5,642.4,812.8,277.1,232.20000000000005,1,1,1.0
55,6,333.3,499.3,65.0,50.19999999999999,1,1,0.0
55,7,336.1,815.4,192.5,274.6,1,1,1.0
55,8,517.4,483.9,209.60000000000002,259.4,1,1,1.0
55,9,132.0,987.2,300.6,116.0,1,1,1.0
55,10,681.5,613.7,175.39999999999998,295.5,1,1,1.0
56,1,207.3,713.8,239.39999999999998,163.10000000000002,1,1,1.0
56,2,722.9,462.9,288.5,201.5,1,1,1.0
56,3,1017.5,479.0,264.0999999999999,306.4,1,1,1.0
56,4,396.5,454.5,147.70000000000005,311.6,1,1,1.0
56,5,651.4,860.3,268.1,187.70000000000005,1,1,1.0
56,6,339.1,498.3,58.69999999999999,46.49999999999994,1,1,0.0
56,7,376.1,770.4,219.5,264.6,1,1,1.0
56,8,538.3,483.9,188.70000000000005,259.4,1,1,1.0
56,9,122.2,997.7,317.90000000000003,114.5,1,1,1.0
56,10,682.8,613.7,174.10000000000002,293.0,1,1,1.0
57,1,198.3,734.1,245.39999999999998,129.19999999999993,1,1,1.0
57,2,735.7,508.1,274.9,210.60000000000002,1,1,1.0
57,3,1086.1,441.3,211.30000000000018,358.40000000000003,1,1,1.0
57,4,380.7,447.8,133.40000000000003,312.3,1,1,1.0
57,5,663.5,864.8,250.0,180.9000000000001,1,1,1.0
57,6,331.8,498.8,67.59999999999997,53.30000000000001,1,1,0.0
57,7,395.1,713.4,212.5,275.6,1,1,1.0
57,8,477.6,536.2,267.19999999999993,180.39999999999998,1,1,1.0
57,9,99.6,996.2,317.1,117.5,1,1,1.0
57,10,684.1,603.7,173.39999999999998,304.29999999999995,1,1,1.0
58,1,190.8,737.1,229.5,185.0,1,1,1.0
58,2,739.5,510.4,271.9,180.39999999999998,1,1,1.0
58,3,1087.6,446.6,211.30000000000018,327.5,1,1,1.0
58,4,386.0,431.0,194.5,295.9,1,1,1.0
58,5,653.7,831.6,262.79999999999995,217.10000000000002,1,1,1.0
58,6,337.0,498.8,60.80000000000001,49.099999999999966,1,1,0.0
58,7,424.1,710.4,250.5,208.60000000000002,1,1,1.0
58,8,377.7,607.4,263.50000000000006,182.0,1,1,1.0
58,9,93.6,985.7,319.29999999999995,129.5,1,1,1.0
58,10,684.1,603.1,173.39999999999998,301.79999999999995,1,1,1.0
59,1,282.7,720.5,167.7,277.0,1,1,1.0
59,2,735.0,514.2,269.6,203.0,1,1,1.0
59,3,1085.3,455.6,212.79999999999995,307.19999999999993,1,1,1.0
59,4,398.8,446.1,185.49999999999994,275.5,1,1,1.0
59,5,651.4,796.9,274.1,257.1,1,1,1.0
59,6,340.1,498.8,57.69999999999999,46.49999999999994,1,1,0.0
59,7,461.1,645.4,229.5,283.6,1,1,1.0
59,8,396.5,601.6,228.0,217.10000000000002,1,1,1.0
59,9,93.6,977.5,305.0,130.9000000000001,1,1,1.0
59,10,683.5,600.0,175.29999999999995,303.6,1,1,1.0
60,1,298.5,743.9,162.39999999999998,271.70000000000005,1,1,1.0
60,2,750.1,511.2,254.5,224.09999999999997,1,1,1.0
60,3,1083.8,454.1,215.79999999999995,299.69999999999993,1,1,1.0
60,4,404.1,451.4,181.0,271.0,1,1,1.0
60,5,655.9,791.6,293.0,268.4,1,1,1.0
60,6,331.3,498.8,66.5,60.19999999999999,1,1,0.0
60,7,529.1,608.4,170.5,294.6,1,1,1.0
60,8,278.8,650.8,329.49999999999994,138.5,1,1,1.0
60,9,89.8,977.5,291.4,137.70000000000005,1,1,1.0
60,10,683.5,600.0,175.29999999999995,303.6,1,1,1.0
61,1,266.1,758.2,209.2,245.29999999999995,1,1,1.0
61,2,743.3,511.2,260.5,226.40000000000003,1,1,1.0
61,3,1083.8,466.2,230.10000000000014,283.09999999999997,1,1,1.0
61,4,396.6,449.2,188.5,268.7,1,1,1.0
61,5,659.7,823.2,256.0999999999999,229.29999999999995,1,1,1.0
61,6,342.3,492.4,52.0,65.5,1,1,0.0
61,7,569.1,506.4,130.5,359.6,1,1,1.0
61,8,136.5,645.1,313.2,132.19999999999993,1,1,1.0
61,9,95.1,971.5,289.1,152.0,1,1,1.0
61,10,684.8,599.4,174.0,302.30000000000007,1,1,1.0
62,1,263.8,762.0,212.3,233.20000000000005,1,1,1.0
62,2,853.3,487.8,140.70000000000005,331.2,1,1,1.0
62,3,1092.1,457.2,218.80000000000018,292.09999999999997,1,1,1.0
62,4,402.6,446.2,181.69999999999993,269.50000000000006,1,1,1.0
62,5,659.7,839.8,252.29999999999995,209.70000000000005,1,1,1.0
62,6,337.7,490.1,55.400000000000034,70.69999999999993,1,1,0.0
62,7,567.1,469.4,143.5,333.6,1,1,1.0
62,8,118.7,638.8,285.5,164.70000000000005,1,1,1.0
62,9,106.4,971.5,280.79999999999995,150.5,1,1,1.0
62,10,686.1,583.7,170.79999999999995,316.69999999999993,1,1,1.0
63,1,266.1,760.5,210.0,242.20000000000005,1,1,1.0
63,2,774.9,596.3,162.60000000000002,280.0,1,1,1.0
63,3,1095.1,454.9,218.80000000000018,295.20000000000005,1,1,1.0
63,4,408.6,438.7,175.69999999999993,280.00000000000006,1,1,1.0
63,5,656.7,839.0,261.4,214.29999999999995,1,1,1.0
63,6,318.0,470.4,76.80000000000001,78.20000000000005,1,1,0.0
63,7,574.1,440.4,142.5,364.6,1,1,1.0
63,8,135.4,647.2,254.1,199.19999999999993,1,1,1.0
63,9,94.3,973.8,295.9,137.70000000000005,1,1,1.0
63,10,684.8,576.8,148.20000000000005,338.0,1,1,1.0
64,1,255.6,822.3,274.79999999999995,171.4000000000001,1,1,1.0
64,2,601.6,692.0,335.9,206.89999999999998,1,1,1.0
64,3,1086.8,462.4,235.4000000000001,242.5,1,1,1.0
64,4,413.9,438.7,163.60000000000002,283.00000000000006,1,1,1.0
64,5,660.5,845.8,271.20000000000005,211.29999999999995,1,1,1.0
64,6,256.9,448.9,164.20000000000005,284.4,1,1,1.0
64,7,575.1,460.4,152.5,341.6,1,1,1.0
64,8,136.4,713.2,161.6,303.79999999999995,1,1,1.0
64,9,94.3,976.1,311.0,129.39999999999998,1,1,1.0
64,10,688.6,530.3,145.69999999999993,322.30000000000007,1,1,1.0
65,1,285.7,836.6,286.90000000000003,156.29999999999995,1,1,1.0
65,2,593.5,699.5,337.20000000000005,188.89999999999998,1,1,1.0
65,3,1084.5,465.4,241.5,238.70000000000005,1,1,1.0
65,4,400.3,447.0,184.7,270.20000000000005,1,1,1.0
65,5,678.6,875.9,232.79999999999995,267.9,1,1,1.0
65,6,301.3,501.0,109.39999999999998,331.6,1,1,1.0
65,7,561.1,497.4,166.5,299.6,1,1,1.0
65,8,131.1,746.7,192.50000000000003,297.5,1,1,1.0
65,9,94.3,980.6,308.7,127.89999999999998,1,1,1.0
65,10,670.4,497.7,230.39999999999998,290.2,1,1,1.0
66,1,288.0,838.1,280.1,147.29999999999995,1,1,1.0
66,2,554.9,772.6,269.6,173.79999999999995,1,1,1.0
66,3,1077.0,470.7,251.29999999999995,232.59999999999997,1,1,1.0
66,4,385.2,451.5,196.8,284.5,1,1,1.0
66,5,678.6,853.3,232.79999999999995,295.0,1,1,1.0
66,6,299.9,537.8,116.40000000000003,318.4000000000001,1,1,1.0
66,7,554.1,494.4,166.5,300.6,1,1,1.0
66,8,133.2,736.8,190.40000000000003,323.60000000000014,1,1,1.0
66,9,94.3,980.6,311.7,126.39999999999998,1,1,1.0
66,10,651.6,504.0,308.9,218.0,1,1,1.0
67,1,272.9,835.8,273.30000000000007,173.70000000000005,1,1,1.0
67,2,505.9,765.1,314.1,165.5,1,1,1.0
67,3,1069.5,471.5,261.0999999999999,265.0,1,1,1.0
67,4,386.7,467.2,195.3,256.7,1,1,1.0
67,5,690.7,863.1,220.69999999999993,292.69999999999993,1,1,1.0
67,6,268.2,703.62,151.8,285.08000000000004,1,1,1.0
67,7,539.1,496.4,183.5,298.6,1,1,1.0
67,8,125.9,736.3,164.20000000000002,328.29999999999995,1,1,1.0
67,9,94.3,983.6,311.7,123.39999999999998,1,1,1.0
67,10,756.5,503.4,328.29999999999995,158.30000000000007,1,1,1.0
68,1,330.2,859.2,243.90000000000003,211.29999999999995,1,1,1.0
68,2,511.1,750.8,307.4,179.80000000000007,1,1,1.0
68,3,1073.3,465.5,246.79999999999995,293.6,1,1,1.0
68,4,407.8,465.4,174.2,271.30000000000007,1,1,1.0
68,5,723.9,804.3,260.6,289.0,1,1,1.0
68,6,276.5,723.1,133.10000000000002,253.79999999999995,1,1,1.0
68,7,532.1,497.4,190.5,297.6,1,1,1.0
68,8,124.9,742.6,159.99999999999997,271.79999999999995,1,1,1.0
68,9,94.3,983.6,311.7,123.39999999999998,1,1,1.0
68,10,846.3,540.4,322.60000000000014,206.70000000000005,1,1,1.0
69,1,334.7,862.7,250.3,214.89999999999986,1,1,1.0
69,2,529.9,746.3,281.1,179.0,1,1,1.0
69,3,1077.8,464.7,240.79999999999995,311.00000000000006,1,1,1.0
69,4,408.6,453.9,167.39999999999998,284.30000000000007,1,1,1.0
69,5,708.1,803.5,274.1,258.20000000000005,1,1,1.0
69,6,266.8,716.9,140.7,298.9,1,1,1.0
69,7,525.1,499.4,196.5,293.6,1,1,1.0
69,8,124.4,737.4,157.29999999999998,269.20000000000005,1,1,1.0
69,9,141.0,992.6,263.5,115.19999999999993,1,1,1.0
69,10,869.5,527.2,310.70000000000005,225.5,1,1,1.0
70,1,334.7,868.5,267.09999999999997,206.5,1,1,1.0
70,2,511.1,787.7,269.79999999999995,157.19999999999993,1,1,1.0
70,3,1094.4,451.1,219.5999999999999,288.4,1,1,1.0
70,4,407.1,449.3,168.89999999999998,291.90000000000003,1,1,1.0
70,5,683.2,829.9,277.9,209.19999999999993,1,1,1.0
70,6,271.0,714.1,131.60000000000002,280.9,1,1,1.0
70,7,525.1,499.4,196.5,297.6,1,1,1.0
70,8,134.3,735.8,150.09999999999997,264.5,1,1,1.0
70,9,137.2,991.8,267.3,116.79999999999995,1,1,1.0
70,10,870.8,515.3,289.29999999999995,209.80000000000007,1,1,1.0
71,1,325.3,887.9,259.3,192.30000000000007,1,1,1.0
71,2,519.4,762.1,263.0,151.89999999999998,1,1,1.0
71,3,1123.1,433.0,191.70000000000005,305.0,1,1,1.0
71,4,405.6,484.0,153.79999999999995,258.70000000000005,1,1,1.0
71,5,682.4,838.9,324.70000000000005,190.39999999999998,1,1,1.0
71,6,271.0,713.4,132.3,303.1,1,1,1.0
71,7,527.1,498.4,195.5,301.6,1,1,1.0
71,8,127.0,732.7,153.2,266.0,1,1,1.0
71,9,141.7,997.1,262.8,113.80000000000007,1,1,1.0
71,10,868.3,515.3,276.70000000000005,206.0,1,1,1.0
72,1,324.3,887.9,258.7,196.0000000000001,1,1,1.0
72,2,525.4,753.1,263.0,160.89999999999998,1,1,1.0
72,3,1113.3,441.3,205.29999999999995,304.99999999999994,1,1,1.0
72,4,405.6,456.7,176.39999999999998,289.00000000000006,1,1,1.0
72,5,680.9,831.4,279.5,210.0000000000001,1,1,1.0
72,6,240.4,712.0,161.49999999999997,319.79999999999995,1,1,1.0
72,7,469.1,584.4,271.5,220.60000000000002,1,1,1.0
72,8,131.2,732.7,141.2,261.29999999999995,1,1,1.0
72,9,132.7,998.6,277.8,114.60000000000002,1,1,1.0
72,10,872.1,524.7,281.69999999999993,199.69999999999993,1,1,1.0
73,1,324.8,877.4,259.2,210.19999999999993,1,1,1.0
73,2,517.1,777.2,268.29999999999995,130.79999999999995,1,1,1.0
73,3,1099.0,453.4,231.70000000000005,283.9,1,1,1.0
73,4,398.1,438.7,183.89999999999998,303.2,1,1,1.0
73,5,714.8,810.3,210.9000000000001,252.20000000000005,1,1,1.0
73,6,236.9,712.0,161.49999999999997,289.20000000000005,1,1,1.0
73,7,372.1,614.4,331.5,179.60000000000002,1,1,1.0
73,8,125.4,728.5,152.79999999999998,271.79999999999995,1,1,1.0
73,9,131.2,997.1,285.3,113.10000000000002,1,1,1.0
73,10,861.4,547.9,310.6,163.89999999999998,1,1,1.0
74,1,325.4,878.0,258.6,209.5999999999999,1,1,1.0
74,2,508.8,769.6,269.8,142.19999999999993,1,1,1.0
74,3,1109.5,463.9,243.79999999999995,240.20000000000005,1,1,1.0
74,4,386.0,456.8,196.0,274.59999999999997,1,1,1.0
74,5,738.9,796.7,183.80000000000007,267.29999999999995,1,1,1.0
74,6,246.6,714.8,131.00000000000003,301.70000000000005,1,1,1.0
74,7,287.1,645.4,312.5,213.60000000000002,1,1,1.0
74,8,114.4,728.5,160.70000000000002,265.5,1,1,1.0
74,9,131.2,996.3,283.8,116.20000000000005,1,1,1.0
74,10,858.3,547.9,330.70000000000005,162.0,1,1,1.0
75,1,325.4,880.5,258.6,204.5999999999999,1,1,1.0
75,2,503.5,760.6,272.1,138.39999999999998,1,1,1.0
75,3,1108.0,467.7,252.79999999999995,237.2,1,1,1.0
75,4,368.7,460.6,214.09999999999997,251.19999999999993,1,1,1.0
75,5,742.7,805.7,176.19999999999993,256.79999999999995,1,1,1.0
75,6,221.6,716.9,148.4,274.6,1,1,1.0
75,7,254.1,649.4,303.5,225.60000000000002,1,1,1.0
75,8,114.4,728.5,155.99999999999997,265.5,1,1,1.0
75,9,131.2,997.8,282.3,112.40000000000009,1,1,1.0
75,10,869.6,540.4,299.30000000000007,165.70000000000005,1,1,1.0
76,1,324.1,880.5,259.9,198.29999999999995,1,1,1.0
76,2,519.3,660.3,188.5,267.30000000000007,1,1,1.0
76,3,1130.6,510.7,255.80000000000018,185.2,1,1,1.0
76,4,373.2,445.5,230.7,254.20000000000005,1,1,1.0
76,5,741.9,805.7,178.5,247.79999999999995,1,1,1.0
76,6,198.0,717.6,172.0,274.6,1,1,1.0
76,7,245.1,651.4,294.5,228.60000000000002,1,1,1.0
76,8,113.4,728.5,158.6,263.4,1,1,1.0
76,9,128.9,996.3,286.79999999999995,110.90000000000009,1,1,1.0
76,10,869.6,532.2,291.1,168.89999999999998,1,1,1.0
77,1,322.8,879.2,261.2,199.5999999999999,1,1,1.0
77,2,566.0,638.4,132.0,297.5,1,1,1.0
77,3,1150.9,493.4,221.89999999999986,202.5,1,1,1.0
77,4,388.1,427.4,298.19999999999993,178.89999999999998,1,1,1.0
77,5,743.4,805.7,173.20000000000005,250.79999999999995,1,1,1.0
77,6,185.5,717.6,181.7,310.69999999999993,1,1,1.0
77,7,259.1,644.4,256.5,238.60000000000002,1,1,1.0
77,8,124.4,728.5,146.6,266.0,1,1,1.0
77,9,122.1,995.5,295.9,114.70000000000005,1,1,1.0
77,10,721.2,561.6,288.0999999999999,209.60000000000002,1,1,1.0
78,1,324.7,873.5,268.09999999999997,201.5,1,1,1.0
78,2,563.0,635.4,148.60000000000002,292.20000000000005,1,1,1.0
78,3,1153.2,409.0,194.79999999999995,291.4,1,1,1.0
78,4,369.9,446.9,307.6,154.39999999999998,1,1,1.0
78,5,743.4,807.2,175.5,247.79999999999995,1,1,1.0
78,6,196.6,717.6,170.6,301.69999999999993,1,1,1.0
78,7,260.1,640.4,255.5,240.60000000000002,1,1,1.0
78,8,123.4,728.5,148.6,266.5,1,1,1.0
78,9,118.3,997.0,298.2,111.70000000000005,1,1,1.0
78,10,639.8,661.1,210.5,300.0,1,1,1.0
79,1,328.5,871.0,261.79999999999995,203.4000000000001,1,1,1.0
79,2,563.0,641.4,144.79999999999995,292.20000000000005,1,1,1.0
79,3,719.4,470.6,286.1,226.29999999999995,1,1,1.0
79,4,364.9,445.0,308.80000000000007,156.89999999999998,1,1,1.0
79,5,746.4,810.2,174.80000000000007,256.0999999999999,1,1,1.0
79,6,209.1,717.6,166.4,291.29999999999995,1,1,1.0
79,7,272.1,640.4,233.5,240.60000000000002,1,1,1.0
79,8,125.0,724.8,151.7,272.30000000000007,1,1,1.0
79,9,156.7,995.4,256.0,112.50000000000011,1,1,1.0
79,10,535.8,822.4,241.4000000000001,235.10000000000002,1,1,1.0
80,1,322.2,874.1,269.40000000000003,204.10000000000002,1,1,1.0
80,2,561.5,637.6,144.79999999999995,267.4,1,1,1.0
80,3,675.1,487.8,279.79999999999995,182.90000000000003,1,1,1.0
80,4,371.8,445.6,295.59999999999997,158.19999999999993,1,1,1.0
80,5,751.7,811.0,173.29999999999995,264.29999999999995,1,1,1.0
80,6,228.5,718.3,142.10000000000002,273.20000000000005,1,1,1.0
80,7,272.1,641.4,249.5,235.60000000000002,1,1,1.0
80,8,127.1,722.7,149.6,264.5,1,1,1.0
80,9,149.2,996.2,262.7,119.20000000000005,1,1,1.0
80,10,432.6,863.8,328.0,162.10000000000014,1,1,1.0
81,1,327.2,879.1,272.59999999999997,210.9999999999999,1,1,1.0
81,2,558.5,629.3,132.0,284.0,1,1,1.0
81,3,673.3,466.1,253.60000000000002,200.10000000000002,1,1,1.0
81,4,365.5,445.6,325.1,163.19999999999993,1,1,1.0
81,5,750.9,811.0,174.10000000000002,262.0,1,1,1.0
81,6,232.7,717.6,140.0,276.69999999999993,1,1,1.0
81,7,277.1,639.4,265.5,233.60000000000002,1,1,1.0
81,8,130.8,720.6,148.0,329.9,1,1,1.0
81,9,149.2,996.2,269.5,120.70000000000005,1,1,1.0
81,10,360.3,804.3,314.40000000000003,193.70000000000005,1,1,1.0
82,1,327.2,879.1,268.8,207.19999999999993,1,1,1.0
82,2,559.3,636.8,135.0,268.20000000000005,1,1,1.0
82,3,668.8,464.3,259.9000000000001,200.99999999999994,1,1,1.0
82,4,373.7,448.7,323.09999999999997,161.40000000000003,1,1,1.0
82,5,746.4,811.0,176.30000000000007,261.20000000000005,1,1,1.0
82,6,252.8,764.8,117.09999999999997,244.10000000000002,1,1,1.0
82,7,304.1,652.4,285.5,178.60000000000002,1,1,1.0
82,8,131.8,722.2,149.59999999999997,326.20000000000005,1,1,1.0
82,9,149.2,994.7,268.0,114.70000000000005,1,1,1.0
82,10,364.1,818.6,296.29999999999995,160.60000000000002,1,1,1.0
83,1,323.4,877.8,278.30000000000007,206.60000000000014,1,1,1.0
83,2,563.1,636.8,141.0,268.20000000000005,1,1,1.0
83,3,672.4,472.4,254.5,192.89999999999998,1,1,1.0
83,4,377.5,447.4,339.4,162.10000000000002,1,1,1.0
83,5,741.1,808.7,180.10000000000002,263.5,1,1,1.0
83,6,254.9,728.0,130.99999999999997,269.79999999999995,1,1,1.0
83,7,324.1,636.4,281.5,148.60000000000002,1,1,1.0
83,8,126.0,723.2,151.2,310.0,1,1,1.0
83,9,149.2,994.7,266.5,113.89999999999986,1,1,1.0
83,10,361.8,811.1,257.90000000000003,163.60000000000002,1,1,1.0
84,1,351.7,929.9,306.50000000000006,155.10000000000002,1,1,1.0
84,2,566.1,633.0,139.5,274.29999999999995,1,1,1.0
84,3,646.2,477.9,287.0,190.10000000000002,1,1,1.0
84,4,383.2,416.0,345.7,187.20000000000005,1,1,1.0
84,5,742.6,734.1,177.0,348.6,1,1,1.0
84,6,247.3,716.2,141.39999999999998,293.4,1,1,1.0
84,7,318.1,636.4,291.5,150.60000000000002,1,1,1.0
84,8,134.9,724.2,142.29999999999998,321.0,1,1,1.0
84,9,150.7,997.0,268.8,111.59999999999991,1,1,1.0
84,10,303.0,821.7,260.9,211.70000000000005,1,1,1.0
85,1,371.2,938.0,287.00000000000006,160.20000000000005,1,1,1.0
85,2,573.7,633.8,134.19999999999993,278.1,1,1,1.0
85,3,638.1,460.7,285.19999999999993,208.2,1,1,1.0
85,4,385.1,406.0,350.1,198.5,1,1,1.0
85,5,757.7,700.2,146.79999999999995,372.70000000000005,1,1,1.0
85,6,255.6,725.9,147.00000000000003,245.5,1,1,1.0
85,7,295.1,644.4,305.5,142.60000000000002,1,1,1.0
85,8,141.72,723.1,148.48,298.0,1,1,1.0
85,9,151.5,1003.8,216.8,104.0,1,1,1.0
85,10,220.1,845.1,282.0,207.80000000000007,1,1,1.0
86,1,373.7,942.4,314.00000000000006,152.0000000000001,1,1,1.0
86,2,569.9,631.5,144.80000000000007,280.4,1,1,1.0
86,3,667.0,464.3,261.70000000000005,201.90000000000003,1,1,1.0
86,4,388.2,402.2,347.7,199.2,1,1,1.0
86,5,766.7,600.0,258.39999999999986,289.0,1,1,1.0
86,6,255.6,723.8,141.4,246.9000000000001,1,1,1.0
86,7,223.1,611.4,283.5,108.60000000000002,1,1,1.0
86,8,144.3,716.8,134.39999999999998,287.6,1,1,1.0
86,9,147.7,991.7,218.3,117.59999999999991,1,1,1.0
86,10,208.0,859.4,294.1,202.5000000000001,1,1,1.0
87,1,526.3,860.8,262.5,211.0,1,1,1.0
87,2,573.7,631.5,133.5,290.20000000000005,1,1,1.0
87,3,667.0,465.2,262.6,199.2,1,1,1.0
87,4,392.6,403.5,340.79999999999995,196.60000000000002,1,1,1.0
87,5,842.1,520.9,293.80000000000007,248.30000000000007,1,1,1.0
87,6,223.7,723.8,175.40000000000003,266.30000000000007,1,1,1.0
87,7,180.1,600.4,316.5,114.60000000000002,1,1,1.0
87,8,159.0,710.0,118.69999999999999,281.79999999999995,1,1,1.0
87,9,182.4,991.7,175.29999999999998,150.79999999999995,1,1,1.0
87,10,212.5,855.6,283.6,209.30000000000007,1,1,1.0
88,1,645.0,782.3,234.89999999999998,244.29999999999995,1,1,1.0
88,2,555.6,639.0,296.29999999999995,171.89999999999998,1,1,1.0
88,3,667.0,466.1,262.6,198.29999999999995,1,1,1.0
88,4,391.3,402.9,338.99999999999994,199.70000000000005,1,1,1.0
88,5,906.9,459.1,270.5000000000001,237.0,1,1,1.0
88,6,207.0,735.6,192.10000000000002,264.19999999999993,1,1,1.0
88,7,175.1,587.4,275.5,233.60000000000002,1,1,1.0
88,8,159.0,704.2,130.7,299.0999999999999,1,1,1.0
88,9,152.3,1013.5,213.7,99.59999999999991,1,1,1.0
88,10,220.0,847.3,273.1,215.29999999999995,1,1,1.0
89,1,671.4,781.7,208.5,256.79999999999995,1,1,1.0
89,2,562.4,647.3,282.70000000000005,163.60000000000002,1,1,1.0
89,3,666.1,469.7,263.69999999999993,193.8,1,1,1.0
89,4,386.3,421.1,345.3,182.79999999999995,1,1,1.0
89,5,938.5,411.8,223.79999999999995,254.90000000000003,1,1,1.0
89,6,207.0,734.2,192.10000000000002,271.19999999999993,1,1,1.0
89,7,174.1,560.4,232.50000000000003,301.6,1,1,1.0
89,8,159.5,706.8,132.8,295.5,1,1,1.0
89,9,147.8,1010.5,277.0,102.59999999999991,1,1,1.0
89,10,239.6,845.0,248.20000000000002,205.5,1,1,1.0
90,1,671.4,781.7,209.10000000000002,256.79999999999995,1,1,1.0
90,2,560.1,643.6,279.69999999999993,167.29999999999995,1,1,1.0
90,3,667.9,470.6,261.1,199.19999999999993,1,1,1.0
90,4,385.0,421.1,343.4,179.69999999999993,1,1,1.0
90,5,958.4,400.0,212.0000000000001,265.79999999999995,1,1,1.0
90,6,186.9,739.1,214.99999999999997,274.6,1,1,1.0
90,7,183.1,599.4,190.50000000000003,325.6,1,1,1.0
90,8,157.9,713.1,105.1,279.79999999999995,1,1,0.0
90,9,130.5,1004.5,292.8,113.09999999999991,1,1,1.0
90,10,237.3,912.8,224.09999999999997,135.4000000000001,1,1,1.0
91,1,671.4,784.2,209.10000000000002,254.29999999999995,1,1,1.0
91,2,560.9,652.6,291.70000000000005,165.10000000000002,1,1,1.0
91,3,648.9,476.9,286.20000000000005,191.10000000000002,1,1,1.0
91,4,385.0,418.0,334.0,182.79999999999995,1,1,1.0
91,5,962.9,434.4,208.39999999999998,236.80000000000007,1,1,1.0
91,6,195.9,749.5,205.29999999999998,270.4,1,1,1.0
91,7,171.1,610.4,210.50000000000003,317.6,1,1,1.0
91,8,178.3,710.5,65.29999999999998,267.70000000000005,1,1,0.0
91,9,146.3,1015.0,278.5,113.09999999999991,1,1,1.0
91,10,141.6,948.2,309.29999999999995,100.75,1,1,1.0
92,1,671.4,784.2,209.10000000000002,254.29999999999995,1,1,1.0
92,2,560.9,646.5,300.80000000000007,181.79999999999995,1,1,1.0
92,3,584.7,511.3,330.5,163.90000000000003,1,1,1.0
92,4,385.0,423.0,340.9,177.79999999999995,1,1,1.0
92,5,958.4,432.6,221.0000000000001,232.29999999999995,1,1,1.0
92,6,202.9,787.0,201.1,209.29999999999995,1,1,1.0
92,7,166.1,613.4,215.50000000000003,326.6,1,1,1.0
92,8,164.7,695.3,83.60000000000002,266.70000000000005,1,1,0.0
92,9,178.7,1031.6,247.60000000000002,110.10000000000014,1,1,1.0
92,10,144.6,936.1,261.1,112.89999999999998,1,1,1.0
93,1,671.4,784.2,209.10000000000002,249.89999999999986,1,1,1.0
93,2,558.6,639.0,314.4,186.20000000000005,1,1,1.0
93,3,353.22,747.3,224.67999999999995,279.60000000000014,1,1,1.0
93,4,375.0,431.2,360.29999999999995,162.09999999999997,1,1,1.0
93,5,961.1,432.6,248.9999999999999,229.60000000000002,1,1,1.0
93,6,186.2,787.7,235.10000000000002,211.39999999999998,1,1,1.0
93,7,218.1,558.4,167.50000000000003,307.6,1,1,1.0
93,8,183.0,675.9,123.69999999999999,258.4,1,1,0.0
93,9,254.1,987.1,173.70000000000002,167.39999999999998,1,1,1.0
93,10,149.9,936.9,259.6,112.89999999999998,1,1,1.0
94,1,672.0,784.2,208.5,246.79999999999995,1,1,1.0
94,2,562.4,639.0,309.1,186.20000000000005,1,1,1.0
94,3,329.7,764.5,246.40000000000003,269.5999999999999,1,1,1.0
94,4,382.5,429.3,380.4,149.59999999999997,1,1,1.0
94,5,955.7,438.0,261.5999999999999,220.60000000000002,1,1,1.0
94,6,209.1,798.8,230.9,266.29999999999995,1,1,1.0
94,7,299.1,596.4,161.5,333.6,1,1,1.0
94,8,214.6,664.1,92.1,280.1,1,1,1.0
94,9,235.3,1001.4,197.0,145.60000000000002,1,1,1.0
94,10,207.2,929.4,200.0,121.10000000000002,1,1,0.0
95,1,672.0,782.3,208.5,248.70000000000005,1,1,1.0
95,2,557.1,622.4,292.5,202.80000000000007,1,1,1.0
95,3,331.5,770.8,249.10000000000002,262.4000000000001,1,1,1.0
95,4,423.9,426.2,371.0,151.40000000000003,1,1,1.0
95,5,953.0,440.7,275.20000000000005,216.09999999999997,1,1,1.0
95,6,207.7,862.7,138.60000000000002,119.79999999999995,1,1,1.0
95,7,316.1,629.4,165.5,370.6,1,1,1.0
95,8,209.2,655.1,112.90000000000003,230.29999999999995,1,1,1.0
95,9,274.5,951.9,129.2,184.60000000000002,1,1,1.0
95,10,212.5,955.0,187.2,158.0,1,1,0.0
96,1,672.0,766.6,258.1,267.4999999999999,1,1,1.0
96,2,544.4,668.4,154.5,345.1,1,1,1.0
96,3,336.9,741.0,233.80000000000007,315.70000000000005,1,1,1.0
96,4,440.9,416.2,371.6,162.00000000000006,1,1,1.0
96,5,946.7,441.6,296.0,215.19999999999993,1,1,1.0
96,6,214.0,832.1,228.10000000000002,176.79999999999995,1,1,1.0
96,7,316.1,614.4,161.5,309.6,1,1,1.0
96,8,167.6,656.9,148.1,258.30000000000007,1,1,1.0
96,9,334.8,947.2,212.8,184.79999999999995,1,1,1.0
96,10,212.5,991.9,126.19999999999999,121.10000000000002,1,1,0.0
97,1,662.6,773.5,294.5,239.89999999999998,1,1,1.0
97,2,547.4,727.9,135.70000000000005,335.30000000000007,1,1,1.0
97,3,330.6,756.4,241.89999999999998,278.6,1,1,1.0
97,4,455.3,394.9,340.90000000000003,179.5,1,1,1.0
97,5,966.6,486.8,266.19999999999993,293.90000000000003,1,1,1.0
97,6,224.0,661.1,163.10000000000002,242.79999999999995,1,1,1.0
97,7,317.1,615.4,269.5,197.60000000000002,1,1,1.0
97,8,170.3,671.4,131.89999999999998,289.9,1,1,1.0
97,9,323.5,984.1,230.10000000000002,152.39999999999998,1,1,1.0
97,10,221.5,931.7,167.7,172.29999999999995,1,1,1.0
98,1,654.4,750.3,327.80000000000007,239.30000000000007,1,1,1.0
98,2,524.0,734.7,150.79999999999995,314.20000000000005,1,1,1.0
98,3,313.4,747.4,259.1,220.70000000000005,1,1,1.0
98,4,461.6,393.0,340.29999999999995,181.39999999999998,1,1,1.0
98,5,968.4,485.9,273.4,254.10000000000002,1,1,1.0
98,6,216.5,637.7,156.39999999999998,181.19999999999993,1,1,1.0
98,7,557.1,498.4,326.5,189.60000000000002,1,1,1.0
98,8,179.3,718.4,141.0,238.39999999999998,1,1,1.0
98,9,317.5,1006.7,239.20000000000005,127.79999999999995,1,1,1.0
98,10,206.4,928.7,190.29999999999998,151.89999999999986,1,1,1.0
99,1,646.2,766.0,337.29999999999995,214.79999999999995,1,1,1.0
99,2,487.8,737.0,185.49999999999994,302.0999999999999,1,1,1.0
99,3,257.3,747.4,326.09999999999997,218.0,1,1,1.0
99,4,461.6,393.6,327.1,178.89999999999998,1,1,1.0
99,5,976.5,487.7,256.29999999999995,249.59999999999997,1,1,1.0
99,6,209.0,634.4,153.10000000000002,179.5,1,1,1.0
99,7,662.1,486.4,197.5,303.6,1,1,1.0
99,8,176.6,694.9,141.9,285.4,1,1,1.0
99,9,309.2,1010.5,255.59999999999997,114.70000000000005,1,1,1.0
99,10,158.2,929.5,249.8,152.5999999999999,1,1,1.0
100,1,649.3,770.4,306.6,201.60000000000002,1,1,1.0
100,2,371.0,853.0,288.0,173.29999999999995,1,1,1.0
100,3,212.1,790.8,339.69999999999993,146.60000000000002,1,1,1.0
100,4,458.5,406.2,320.20000000000005,164.40000000000003,1,1,1.0
100,5,966.6,494.0,303.30000000000007,240.60000000000002,1,1,1.0
100,6,209.0,598.6,175.60000000000002,93.60000000000002,1,1,0.0
100,7,606.1,510.4,266.5,267.6,1,1,1.0
100,8,177.5,696.7,136.5,284.9,1,1,1.0
100,9,309.2,1014.3,245.09999999999997,110.90000000000009,1,1,1.0
100,10,150.7,930.3,255.8,152.60000000000014,1,1,1.0
101,1,644.9,779.2,279.6,181.5,1,1,1.0
101,2,313.0,884.6,297.0,107.79999999999995,1,1,1.0
101,3,175.0,793.5,348.79999999999995,133.0,1,1,1.0
101,4,454.1,409.3,317.69999999999993,165.7,1,1,1.0
101,5,961.2,494.9,308.70000000000005,241.5,1,1,1.0
101,6,216.5,586.9,179.8,233.60000000000002,1,1,1.0
101,7,439.1,641.4,296.5,187.60000000000002,1,1,1.0
101,8,191.1,724.9,105.70000000000002,248.20000000000005,1,1,1.0
101,9,295.6,990.2,258.69999999999993,140.29999999999995,1,1,1.0
101,10,149.9,954.4,242.99999999999997,127.00000000000011,1,1,1.0
102,1,638.0,776.7,276.5,171.39999999999998,1,1,1.0
102,2,252.7,830.4,324.90000000000003,132.60000000000002,1,1,1.0
102,3,152.4,759.1,293.6,164.69999999999993,1,1,1.0
102,4,454.1,400.5,319.6,172.0,1,1,1.0
102,5,958.5,494.9,332.20000000000005,228.80000000000007,1,1,1.0
102,6,203.2,599.4,173.10000000000002,239.39999999999998,1,1,1.0
102,7,486.1,649.4,245.5,206.60000000000002,1,1,1.0
102,8,188.4,695.8,84.9,303.5,1,1,1.0
102,9,277.5,942.0,188.60000000000002,199.0,1,1,1.0
102,10,192.8,965.7,151.89999999999998,139.79999999999995,1,1,1.0
103,1,638.6,761.0,258.9,280.0,1,1,1.0
103,2,212.7,850.7,300.90000000000003,143.19999999999993,1,1,1.0
103,3,162.3,767.2,290.9,176.5,1,1,1.0
103,4,454.1,397.4,314.6,181.39999999999998,1,1,1.0
103,5,1028.1,510.3,278.9000000000001,236.90000000000003,1,1,1.0
103,6,217.8,606.9,158.5,191.10000000000002,1,1,1.0
103,7,507.1,661.4,223.5,297.6,1,1,1.0
103,8,190.2,682.2,78.57999999999998,300.79999999999995,1,1,0.0
103,9,233.0,1006.8,231.60000000000002,135.70000000000005,1,1,1.0
103,10,160.4,976.3,201.6,120.20000000000005,1,1,1.0
104,1,702.0,772.3,202.39999999999998,302.60000000000014,1,1,1.0
104,2,208.2,856.0,317.50000000000006,135.60000000000002,1,1,1.0
104,3,174.1,759.1,274.6,174.69999999999993,1,1,1.0
104,4,454.7,407.4,331.00000000000006,177.10000000000002,1,1,1.0
104,5,1027.2,513.0,287.0,194.39999999999998,1,1,1.0
104,6,214.4,611.1,161.9,186.89999999999998,1,1,1.0
104,7,418.1,902.2,238.5,213.79999999999995,1,1,1.0
104,8,187.5,688.5,70.39999999999998,296.29999999999995,1,1,0.0
104,9,214.2,1003.7,234.60000000000002,138.79999999999995,1,1,1.0
104,10,190.5,976.3,171.5,128.5,1,1,1.0
105,1,647.3,774.2,259.0,279.39999999999986,1,1,1.0
105,2,207.4,843.2,304.0,144.5999999999999,1,1,1.0
105,3,170.5,753.7,260.1,162.0,1,1,1.0
105,4,454.1,408.0,331.6,172.10000000000002,1,1,1.0
105,5,1024.5,504.9,280.70000000000005,195.30000000000007,1,1,1.0
105,6,171.5,600.3,212.3,220.20000000000005,1,1,1.0
105,7,396.1,936.4,278.5,197.60000000000002,1,1,1.0
105,8,183.9,688.5,59.5,252.0,1,1,0.0
105,9,200.6,1003.1,251.20000000000002,140.89999999999998,1,1,1.0
105,10,198.0,971.1,151.89999999999998,135.19999999999993,1,1,1.0
106,1,639.8,775.4,265.20000000000005,264.30000000000007,1,1,1.0
106,2,203.6,844.0,314.6,138.60000000000002,1,1,1.0
106,3,191.3,771.8,237.5,127.60000000000002,1,1,1.0
106,4,463.5,379.1,322.20000000000005,201.0,1,1,1.0
106,5,1019.1,503.1,274.30000000000007,198.0,1,1,1.0
106,6,192.3,600.3,199.8,191.80000000000007,1,1,1.0
106,7,373.1,956.4,277.5,182.60000000000002,1,1,1.0
106,8,174.9,674.0,72.1,247.5,1,1,0.0
106,9,205.9,985.4,236.20000000000002,160.10000000000002,1,1,1.0
106,10,204.0,950.0,115.0,138.9000000000001,1,1,1.0
107,1,641.1,775.4,263.29999999999995,261.19999999999993,1,1,1.0
107,2,193.1,830.4,317.6,148.39999999999998,1,1,1.0
107,3,213.9,715.7,251.99999999999997,155.69999999999993,1,1,1.0
107,4,462.2,374.1,323.50000000000006,209.79999999999995,1,1,1.0
107,5,1023.6,461.5,192.89999999999998,267.6,1,1,1.0
107,6,166.5,600.3,226.39999999999998,180.9000000000001,1,1,1.0
107,7,393.1,959.4,265.5,160.60000000000002,1,1,1.0
107,8,204.7,674.0,52.19999999999999,271.0,1,1,0.0
107,9,203.6,988.0,245.20000000000002,160.5,1,1,1.0
107,10,204.8,916.8,116.5,164.60000000000014,1,1,1.0
108,1,636.1,772.3,269.6,253.60000000000014,1,1,1.0
108,2,189.3,843.2,321.4,135.5999999999999,1,1,1.0
108,3,170.5,710.3,323.4,173.80000000000007,1,1,1.0
108,4,462.2,369.1,323.50000000000006,215.39999999999998,1,1,1.0
108,5,1058.9,430.8,145.79999999999995,284.7,1,1,1.0
108,6,166.5,597.0,226.39999999999998,184.20000000000005,1,1,1.0
108,7,385.1,971.4,296.5,147.60000000000002,1,1,1.0
108,8,184.8,668.6,68.5,204.10000000000002,1,1,0.0
108,9,206.6,989.5,242.20000000000002,162.79999999999995,1,1,1.0
108,10,204.8,916.8,116.5,179.70000000000005,1,1,1.0
109,1,624.2,766.0,280.19999999999993,245.5,1,1,1.0
109,2,187.8,843.2,318.4,138.5999999999999,1,1,1.0
109,3,186.8,710.3,317.09999999999997,180.10000000000002,1,1,1.0
109,4,469.7,365.3,316.00000000000006,219.2,1,1,1.0
109,5,1057.1,425.4,152.10000000000014,298.20000000000005,1,1,1.0
109,6,145.7,547.8,249.7,238.4000000000001,1,1,1.0
109,7,355.1,975.4,333.5,147.60000000000002,1,1,1.0
109,8,184.8,668.6,100.09999999999997,214.89999999999998,1,1,0.0
109,9,206.6,996.3,249.00000000000003,150.79999999999995,1,1,1.0
109,10,201.0,912.3,115.0,172.9000000000001,1,1,1.0
110,1,625.5,782.3,302.79999999999995,219.80000000000007,1,1,1.0
110,2,173.5,842.4,340.20000000000005,137.89999999999998,1,1,1.0
110,3,192.2,710.3,316.2,172.0,1,1,1.0
110,4,469.7,381.0,316.00000000000006,203.5,1,1,1.0
110,5,1049.9,422.7,159.29999999999995,289.09999999999997,1,1,1.0
110,6,135.7,544.3,256.40000000000003,235.20000000000005,1,1,1.0
110,7,375.1,972.4,313.5,130.60000000000002,1,1,1.0
110,8,200.2,677.6,73.0,145.29999999999995,1,1,0.0
110,9,207.4,1007.6,223.29999999999998,152.30000000000007,1,1,1.0
110,10,174.6,887.4,203.20000000000002,155.60000000000002,1,1,1.0
111,1,631.8,782.3,305.30000000000007,215.4000000000001,1,1,1.0
111,2,190.8,847.7,307.09999999999997,119.0,1,1,1.0
111,3,194.9,698.5,315.29999999999995,183.79999999999995,1,1,1.0
111,4,469.7,392.9,316.00000000000006,195.39999999999998,1,1,1.0
111,5,992.9,408.2,191.89999999999998,299.09999999999997,1,1,1.0
111,6,194.0,542.0,192.2,234.20000000000005,1,1,1.0
111,7,358.1,975.4,328.5,132.60000000000002,1,1,1.0
111,8,213.8,766.2,274.59999999999997,116.29999999999995,1,1,0.0
111,9,210.4,1041.5,237.6,101.79999999999995,1,1,1.0
111,10,257.5,922.1,271.79999999999995,118.60000000000002,1,1,1.0
112,1,623.6,774.8,307.19999999999993,227.9000000000001,1,1,1.0
112,2,166.7,855.2,248.3,127.39999999999998,1,1,1.0
112,3,213.0,644.2,259.2,235.39999999999998,1,1,1.0
112,4,465.9,392.9,319.80000000000007,191.0,1,1,1.0
112,5,701.7,533.9,267.0,242.10000000000002,1,1,1.0
112,6,135.6,622.0,198.1,200.89999999999998,1,1,1.0
112,7,364.1,978.4,331.1,142.60000000000002,1,1,1.0
112,8,374.8,720.99,243.8,166.01,1,1,1.0
112,9,141.1,1005.9,295.0,137.39999999999998,1,1,1.0
112,10,424.8,787.3,262.7,187.80000000000007,1,1,1.0
113,1,636.8,766.6,285.20000000000005,238.0,1,1,1.0
113,2,150.1,822.0,268.70000000000005,141.0,1,1,1.0
113,3,182.3,643.3,304.4,212.80000000000007,1,1,1.0
113,4,465.9,396.7,319.80000000000007,182.2,1,1,1.0
113,5,698.1,541.1,267.9,234.89999999999998,1,1,1.0
113,6,125.6,625.3,203.1,191.80000000000007,1,1,1.0
113,7,381.1,980.4,320.5,120.60000000000002,1,1,1.0
113,8,382.1,708.3,241.0,176.0,1,1,1.0
113,9,124.5,991.0,288.8,144.0,1,1,1.0
113,10,476.1,761.7,255.10000000000002,208.79999999999995,1,1,1.0
114,1,607.9,754.0,304.0,251.89999999999998,1,1,1.0
114,2,148.6,839.3,269.4,116.20000000000005,1,1,1.0
114,3,179.6,663.2,316.1,198.29999999999995,1,1,1.0
114,4,502.3,376.6,354.99999999999994,174.69999999999993,1,1,1.0
114,5,678.2,572.7,281.5,199.69999999999993,1,1,1.0
114,6,131.4,617.0,203.20000000000002,205.10000000000002,1,1,1.0
114,7,390.1,962.4,311.5,134.60000000000002,1,1,1.0
114,8,408.3,703.8,222.90000000000003,194.10000000000002,1,1,1.0
114,9,118.5,972.9,300.8,114.10000000000002,1,1,1.0
114,10,472.3,767.0,262.7,205.79999999999995,1,1,1.0
115,1,655.6,743.3,247.5,273.9000000000001,1,1,1.0
115,2,148.6,839.3,268.6,115.40000000000009,1,1,1.0
115,3,160.6,611.7,287.20000000000005,249.79999999999995,1,1,1.0
115,4,502.3,386.6,364.99999999999994,158.39999999999998,1,1,1.0
115,5,678.2,583.6,281.5,181.60000000000002,1,1,1.0
115,6,131.4,622.8,203.20000000000002,172.60000000000002,1,1,1.0
115,7,345.1,965.4,341.5,122.60000000000002,1,1,1.0
115,8,365.8,704.7,228.3,218.5,1,1,1.0
115,9,126.0,957.1,246.60000000000002,113.80000000000007,1,1,1.0
115,10,541.6,679.6,188.10000000000002,291.69999999999993,1,1,1.0
116,1,699.6,746.4,198.5,311.0000000000001,1,1,1.0
116,2,152.4,831.0,250.4,117.70000000000005,1,1,1.0
116,3,217.6,685.8,271.79999999999995,136.80000000000007,1,1,1.0
116,4,499.8,396.6,353.7,148.39999999999998,1,1,1.0
116,5,679.1,589.9,284.19999999999993,170.80000000000007,1,1,1.0
116,6,118.1,625.3,219.00000000000003,197.60000000000002,1,1,1.0
116,7,254.1,988.4,310.5,152.60000000000002,1,1,1.0
116,8,303.4,755.3,225.60000000000002,225.80000000000007,1,1,1.0
116,9,145.6,958.6,221.00000000000003,109.99999999999989,1,1,1.0
116,10,504.0,609.6,228.0,269.79999999999995,1,1,1.0
117,1,645.6,752.7,252.5,274.5999999999999,1,1,1.0
117,2,166.0,811.4,236.0,143.30000000000007,1,1,1.0
117,3,274.6,590.9,174.09999999999997,119.60000000000002,1,1,0.0
117,4,499.8,398.5,364.99999999999994,149.0,1,1,1.0
117,5,677.3,614.3,287.80000000000007,156.30000000000007,1,1,1.0
117,6,175.6,650.3,144.00000000000003,191.80000000000007,1,1,1.0
117,7,232.1,998.4,328.5,134.60000000000002,1,1,1.0
117,8,322.4,835.8,178.60000000000002,171.5,1,1,1.0
117,9,191.6,934.5,150.1,132.79999999999995,1,1,1.0
117,10,487.4,597.5,228.0,196.79999999999995,1,1,1.0
118,1,565.9,857.6,283.20000000000005,153.39999999999998,1,1,1.0
118,2,157.8,822.7,248.0,121.5,1,1,1.0
118,3,369.5,543.0,27.69999999999999,31.899999999999977,1,1,0.0
118,4,499.8,396.6,342.49999999999994,150.89999999999998,1,1,1.0
118,5,679.1,613.4,287.79999999999995,155.39999999999998,1,1,1.0
118,6,200.6,644.5,162.29999999999998,187.60000000000002,1,1,1.0
118,7,216.1,1005.4,352.5,123.60000000000002,1,1,1.0
118,8,326.6,859.3,176.2,148.9000000000001,1,1,1.0
118,9,229.3,888.5,108.59999999999997,249.5,1,1,1.0
118,10,510.8,593.0,205.40000000000003,180.20000000000005,1,1,1.0
119,1,500.6,879.6,295.79999999999995,136.39999999999998,1,1,1.0
119,2,144.2,690.1,245.8,167.39999999999998,1,1,1.0
119,3,56.6,529.4,312.59999999999997,150.39999999999998,1,1,0.0
119,4,504.8,396.6,334.7,162.19999999999993,1,1,1.0
119,5,661.9,614.3,305.9,153.60000000000002,1,1,1.0
119,6,225.6,672.0,249.00000000000003,173.39999999999998,1,1,1.0
119,7,261.1,1005.4,314.5,123.60000000000002,1,1,1.0
119,8,353.1,853.0,137.89999999999998,155.20000000000005,1,1,1.0
119,9,218.7,830.5,154.60000000000002,281.9000000000001,1,1,1.0
119,10,509.3,590.7,204.59999999999997,213.39999999999998,1,1,1.0
120,1,488.0,906.0,296.5,133.20000000000005,1,1,1.0
120,2,120.1,690.1,275.9,163.60000000000002,1,1,1.0
120,3,35.8,526.7,324.4,164.89999999999998,1,1,0.0
120,4,509.2,398.5,321.09999999999997,148.89999999999998,1,1,1.0
120,5,645.6,612.5,321.29999999999995,151.79999999999995,1,1,1.0
120,6,321.4,678.7,254.89999999999998,225.89999999999998,1,1,1.0
120,7,239.1,1003.4,331.5,133.60000000000002,1,1,1.0
120,8,329.6,838.5,193.10000000000002,197.70000000000005,1,1,1.0
120,9,222.5,801.9,139.5,278.9,1,1,1.0
120,10,510.8,594.5,206.90000000000003,188.5,1,1,1.0
