1,1,1453.28,915.77,127.16000000000008,94.24000000000001,1,1,0.0
1,2,1503.72,742.5,73.83999999999992,190.89999999999998,1,1,1.0
1,3,1444.51,528.92,129.98000000000002,187.2800000000001,1,1,0.0
1,4,1252.24,222.42,301.1099999999999,221.54,1,1,1.0
2,1,1453.28,915.77,127.16000000000008,94.24000000000001,1,1,0.0
2,2,1503.72,743.8,73.83999999999992,189.60000000000002,1,1,1.0
2,3,1457.1,515.1,117.3900000000001,204.29999999999995,1,1,0.0
2,4,1257.3,224.3,296.04999999999995,219.65999999999997,1,1,1.0
3,1,1453.28,915.77,127.16000000000008,94.24000000000001,1,1,0.0
3,2,1503.72,746.9,73.83999999999992,186.5,1,1,1.0
3,3,1459.0,520.1,115.49000000000001,196.60000000000002,1,1,0.0
3,4,1257.3,226.8,275.29999999999995,228.5,1,1,1.0
4,1,1453.28,915.77,127.16000000000008,94.24000000000001,1,1,0.0
4,2,1500.2,746.9,77.3599999999999,186.5,1,1,1.0
4,3,1463.2,520.1,111.28999999999996,198.69999999999993,1,1,0.0
4,4,1247.9,228.7,308.5999999999999,218.40000000000003,1,1,1.0
5,1,1453.28,915.77,127.16000000000008,94.24000000000001,1,1,0.0
5,2,1546.9,801.4,30.659999999999854,132.0,1,1,0.0
5,3,1465.8,520.1,108.69000000000005,195.60000000000002,1,1,0.0
5,4,1238.5,228.7,318.5999999999999,214.7,1,1,1.0
6,1,1453.28,915.77,127.16000000000008,94.24000000000001,1,1,0.0
6,2,1515.5,764.8,62.059999999999945,156.4000000000001,1,1,0.0
6,3,1465.8,523.2,108.69000000000005,188.79999999999995,1,1,0.0
6,4,1228.5,226.2,322.9000000000001,217.2,1,1,1.0
7,1,1453.28,915.77,127.16000000000008,94.24000000000001,1,1,0.0
7,2,1512.0,764.8,65.55999999999995,156.4000000000001,1,1,0.0
7,3,1473.1,511.17,104.00999999999999,208.72999999999996,1,1,0.0
7,4,1231.6,227.5,316.70000000000005,215.89999999999998,1,1,1.0
8,1,1453.28,915.77,127.16000000000008,94.24000000000001,1,1,0.0
8,2,1520.7,764.8,56.8599999999999,151.60000000000002,1,1,0.0
8,3,1467.3,517.4,109.80999999999995,204.10000000000002,1,1,0.0
8,4,1229.1,227.5,319.8000000000002,215.89999999999998,1,1,1.0
9,1,1453.28,915.77,127.16000000000008,94.24000000000001,1,1,0.0
9,2,1531.2,764.8,46.3599999999999,151.60000000000002,1,1,0.0
9,3,1467.3,517.4,109.80999999999995,199.89999999999998,1,1,0.0
9,4,1229.1,228.8,322.9000000000001,214.59999999999997,1,1,1.0
10,1,1458.9,908.8,121.53999999999996,101.21000000000004,1,1,0.0
10,2,1528.6,764.8,48.960000000000036,151.60000000000002,1,1,0.0
10,3,1467.3,523.2,109.80999999999995,194.0999999999999,1,1,0.0
10,4,1226.6,228.8,325.4000000000001,214.59999999999997,1,1,1.0
11,1,1458.9,908.8,121.53999999999996,101.21000000000004,1,1,0.0
11,2,1536.0,764.8,41.559999999999945,151.60000000000002,1,1,0.0
11,3,1463.6,523.2,113.50999999999999,194.0999999999999,1,1,0.0
11,4,1230.4,228.8,319.0999999999999,214.59999999999997,1,1,1.0
12,1,1458.9,908.8,121.53999999999996,101.21000000000004,1,1,0.0
12,2,1536.0,764.8,41.559999999999945,130.70000000000005,1,1,0.0
12,3,1463.6,529.5,113.50999999999999,187.79999999999995,1,1,0.0
12,4,1230.4,228.8,319.0999999999999,214.59999999999997,1,1,1.0
13,1,1455.4,908.8,125.03999999999996,101.21000000000004,1,1,0.0
13,2,1536.0,767.9,41.559999999999945,127.60000000000002,1,1,0.0
13,3,1470.9,508.6,106.20999999999981,208.69999999999993,1,1,0.0
13,4,1230.4,228.8,319.0999999999999,214.59999999999997,1,1,1.0
14,1,1453.7,908.8,126.74000000000001,101.21000000000004,1,1,0.0
14,2,1536.0,770.1,41.559999999999945,125.39999999999998,1,1,0.0
14,3,1470.9,502.8,106.20999999999981,214.49999999999994,1,1,0.0
14,4,1230.4,228.8,319.0999999999999,214.59999999999997,1,1,1.0
15,1,1453.7,913.2,126.74000000000001,96.80999999999995,1,1,0.0
15,2,1525.1,770.1,52.460000000000036,162.0,1,1,0.0
15,3,1464.1,514.3,113.00999999999999,203.0,1,1,0.0
15,4,1230.4,228.8,319.0999999999999,214.59999999999997,1,1,1.0
16,1,1453.7,913.2,126.74000000000001,97.19999999999993,1,1,0.0
16,2,1516.4,735.7,61.159999999999854,196.39999999999998,1,1,0.0
16,3,1464.1,518.5,113.00999999999999,198.79999999999995,1,1,0.0
16,4,1230.4,228.8,319.0999999999999,214.59999999999997,1,1,1.0
17,1,1453.7,913.2,126.74000000000001,97.19999999999993,1,1,0.0
17,2,1511.6,735.7,65.96000000000004,201.5999999999999,1,1,1.0
17,3,1464.1,523.2,113.00999999999999,194.0999999999999,1,1,0.0
17,4,1238.6,228.8,310.9000000000001,214.59999999999997,1,1,1.0
18,1,1453.7,913.2,126.74000000000001,97.19999999999993,1,1,0.0
18,2,1511.6,738.3,67.70000000000005,199.0,1,1,1.0
18,3,1466.2,523.2,110.90999999999985,194.0999999999999,1,1,0.0
18,4,1238.6,226.3,310.9000000000001,219.59999999999997,1,1,1.0
19,1,1453.7,913.2,126.74000000000001,97.19999999999993,1,1,0.0
19,2,1511.6,738.3,67.70000000000005,199.0,1,1,1.0
19,3,1461.5,523.2,115.6099999999999,194.0999999999999,1,1,0.0
19,4,1238.6,230.1,310.9000000000001,215.79999999999998,1,1,1.0
20,1,1453.7,913.2,126.74000000000001,97.19999999999993,1,1,0.0
20,2,1511.6,738.3,67.70000000000005,199.0,1,1,1.0
20,3,1470.4,523.2,106.70999999999981,194.0999999999999,1,1,0.0
20,4,1238.6,227.6,310.9000000000001,221.4,1,1,1.0
21,1,1453.7,913.2,126.74000000000001,97.19999999999993,1,1,0.0
21,2,1511.6,738.3,67.70000000000005,199.0,1,1,1.0
21,3,1445.8,535.8,131.30999999999995,181.5,1,1,0.0
21,4,1234.8,227.6,314.70000000000005,223.29999999999998,1,1,1.0
22,1,1453.7,913.2,126.74000000000001,97.19999999999993,1,1,0.0
22,2,1506.4,738.3,72.89999999999986,199.0,1,1,1.0
22,3,1468.8,535.8,108.30999999999995,181.5,1,1,0.0
22,4,1238.6,227.6,309.0,225.79999999999998,1,1,1.0
23,1,1453.7,913.2,126.74000000000001,97.19999999999993,1,1,0.0
23,2,1506.4,749.8,72.89999999999986,187.5,1,1,1.0
23,3,1447.9,535.8,129.2099999999998,181.5,1,1,0.0
23,4,1238.6,225.1,309.0,228.29999999999998,1,1,1.0
24,1,1453.7,913.2,126.74000000000001,97.19999999999993,1,1,0.0
24,2,1506.4,749.8,72.89999999999986,181.20000000000005,1,1,1.0
24,3,1429.1,535.8,148.01,181.5,1,1,0.0
24,4,1242.4,222.6,307.0999999999999,232.1,1,1,1.0
25,1,1453.7,916.7,126.74000000000001,93.69999999999993,1,1,0.0
25,2,1506.4,745.1,72.89999999999986,185.89999999999998,1,1,1.0
25,3,1455.3,535.8,121.80999999999995,181.5,1,1,0.0
25,4,1243.7,222.6,305.79999999999995,232.1,1,1,1.0
26,1,1453.7,916.7,126.74000000000001,93.69999999999993,1,1,0.0
26,2,1506.4,745.1,72.89999999999986,185.89999999999998,1,1,1.0
26,3,1466.8,542.1,110.30999999999995,175.19999999999993,1,1,0.0
26,4,1242.75,222.6,308.29999999999995,232.1,1,1,1.0
27,1,1453.7,916.7,126.74000000000001,93.69999999999993,1,1,0.0
27,2,1506.4,745.1,72.89999999999986,185.89999999999998,1,1,1.0
27,3,1478.8,542.1,98.30999999999995,175.19999999999993,1,1,0.0
27,4,1241.8,222.6,310.79999999999995,232.1,1,1,1.0
28,1,1453.7,916.7,126.74000000000001,93.69999999999993,1,1,0.0
28,2,1506.4,745.1,72.89999999999986,185.89999999999998,1,1,1.0
28,3,1478.8,539.5,98.30999999999995,177.79999999999995,1,1,0.0
28,4,1243.1,222.6,309.5,234.6,1,1,1.0
29,1,1453.7,916.7,126.74000000000001,93.69999999999993,1,1,0.0
29,2,1506.4,745.1,72.89999999999986,185.89999999999998,1,1,1.0
29,3,1473.6,539.5,103.50999999999999,177.79999999999995,1,1,0.0
29,4,1245.6,222.6,304.5,242.1,1,1,1.0
30,1,1453.7,916.7,126.74000000000001,93.69999999999993,1,1,0.0
30,2,1506.4,745.1,72.89999999999986,185.89999999999998,1,1,1.0
30,3,1473.6,545.3,103.50999999999999,172.0,1,1,0.0
30,4,1248.7,222.6,301.39999999999986,230.20000000000002,1,1,1.0
31,1,1453.7,916.7,126.74000000000001,93.69999999999993,1,1,0.0
31,2,1506.4,745.1,72.89999999999986,185.89999999999998,1,1,1.0
31,3,1473.6,542.2,103.50999999999999,175.0999999999999,1,1,0.0
31,4,1239.9,222.6,314.0,230.20000000000002,1,1,1.0
32,5,1479.85,341.28,84.40000000000009,138.82000000000005,1,1,0.0
32,1,1458.9,916.7,121.53999999999996,93.69999999999993,1,1,0.0
32,2,1506.4,745.1,72.89999999999986,206.29999999999995,1,1,1.0
32,3,1473.6,544.8,103.50999999999999,172.5,1,1,0.0
32,4,1229.2,217.6,321.5999999999999,233.29999999999998,1,1,1.0
33,5,1419.5,375.4,144.75,136.3,1,1,0.0
33,1,1471.5,922.4,108.94000000000005,88.0,1,1,0.0
33,2,1506.4,745.1,72.89999999999986,206.29999999999995,1,1,1.0
33,3,1473.6,549.0,103.50999999999999,168.29999999999995,1,1,0.0
33,4,1229.2,215.7,321.5999999999999,235.2,1,1,1.0
34,5,1419.5,375.4,144.75,131.90000000000003,1,1,0.0
34,1,1461.5,922.4,118.94000000000005,88.0,1,1,0.0
34,2,1506.4,745.1,72.89999999999986,206.29999999999995,1,1,1.0
34,3,1480.4,537.5,96.70999999999981,173.5,1,1,0.0
34,4,1233.0,215.7,317.79999999999995,235.2,1,1,1.0
35,5,1406.1,375.4,158.1500000000001,114.10000000000002,1,1,0.0
35,1,1458.4,922.4,122.03999999999996,88.0,1,1,0.0
35,2,1506.4,745.1,72.89999999999986,210.5,1,1,1.0
35,3,1480.4,534.4,96.70999999999981,181.80000000000007,1,1,0.0
35,4,1226.1,215.7,324.70000000000005,235.2,1,1,1.0
36,5,1406.1,375.4,158.1500000000001,116.30000000000001,1,1,0.0
36,1,1452.3,922.4,128.1300000000001,88.0,1,1,0.0
36,2,1501.2,745.1,78.09999999999991,216.29999999999995,1,1,1.0
36,3,1480.4,534.4,96.70999999999981,186.5,1,1,0.0
36,4,1234.3,215.7,314.0,237.10000000000002,1,1,1.0
37,5,1421.7,375.4,142.54999999999995,116.30000000000001,1,1,0.0
37,1,1452.3,922.4,128.1300000000001,88.0,1,1,0.0
37,2,1515.9,866.5,63.399999999999864,42.0,1,1,0.0
37,3,1480.4,539.1,96.70999999999981,172.89999999999998,1,1,0.0
37,4,1234.3,209.4,318.4000000000001,243.4,1,1,1.0
38,5,1429.0,375.4,135.25,157.0,1,1,0.0
38,1,1452.3,901.7,128.1300000000001,108.69999999999993,1,1,0.0
38,2,1519.5,757.4,59.799999999999955,133.30000000000007,1,1,0.0
38,3,1480.4,533.9,96.70999999999981,173.39999999999998,1,1,0.0
38,4,1238.1,212.5,314.60000000000014,240.3,1,1,1.0
39,5,1454.1,375.4,110.15000000000009,138.80000000000007,1,1,0.0
39,1,1452.3,897.7,128.1300000000001,112.69999999999993,1,1,0.0
39,2,1514.4,774.1,64.89999999999986,107.19999999999993,1,1,0.0
39,3,1480.4,537.3,96.70999999999981,170.0,1,1,0.0
39,4,1223.0,212.5,329.70000000000005,240.3,1,1,1.0
40,5,1454.1,375.4,110.15000000000009,126.80000000000001,1,1,0.0
40,1,1453.03,894.1,128.1300000000001,114.85000000000002,1,1,0.0
40,2,1535.5,774.1,43.799999999999955,91.60000000000002,1,1,0.0
40,3,1480.4,540.7,96.70999999999981,166.5999999999999,1,1,0.0
40,4,1236.8,212.5,312.79999999999995,240.3,1,1,1.0
41,5,1433.2,375.4,131.04999999999995,131.0,1,1,0.0
41,1,1452.3,894.4,128.1300000000001,116.0,1,1,0.0
41,2,1535.5,762.1,43.799999999999955,114.10000000000002,1,1,0.0
41,3,1478.83,538.03,96.71000000000004,173.47000000000003,1,1,0.0
41,4,1236.8,217.5,312.79999999999995,235.3,1,1,1.0
42,5,1424.8,375.4,139.45000000000005,126.80000000000001,1,1,0.0
42,1,1452.3,893.7,128.1300000000001,116.69999999999993,1,1,0.0
42,2,1535.5,762.1,43.799999999999955,114.10000000000002,1,1,0.0
42,3,1478.83,542.7,96.71000000000004,163.5999999999999,1,1,0.0
42,4,1233.7,217.5,314.5999999999999,235.3,1,1,1.0
43,5,1424.8,375.4,139.45000000000005,126.80000000000001,1,1,0.0
43,1,1452.3,893.7,128.1300000000001,116.69999999999993,1,1,0.0
43,2,1535.5,762.1,43.799999999999955,114.10000000000002,1,1,0.0
43,3,1482.0,542.7,93.53999999999996,163.5999999999999,1,1,0.0
43,4,1235.0,218.8,317.0999999999999,234.0,1,1,1.0
44,5,1399.2,375.4,165.04999999999995,115.30000000000001,1,1,0.0
44,1,1452.3,895.9,128.1300000000001,114.5,1,1,0.0
44,2,1535.5,762.1,43.799999999999955,114.10000000000002,1,1,0.0
44,3,1482.0,547.4,93.53999999999996,158.89999999999998,1,1,0.0
44,4,1231.2,218.8,320.89999999999986,234.0,1,1,1.0
45,5,1419.3,362.8,144.95000000000005,127.89999999999998,1,1,0.0
45,1,1452.3,893.4,128.1300000000001,117.0,1,1,0.0
45,2,1535.5,762.1,43.799999999999955,114.10000000000002,1,1,0.0
45,3,1482.0,547.4,93.53999999999996,158.89999999999998,1,1,0.0
45,4,1243.8,222.6,308.29999999999995,230.20000000000002,1,1,1.0
46,5,1390.5,362.8,173.75,127.89999999999998,1,1,0.0
46,1,1452.3,891.2,128.1300000000001,119.19999999999993,1,1,0.0
46,2,1535.5,774.5,43.799999999999955,95.20000000000005,1,1,0.0
46,3,1482.0,547.4,93.53999999999996,158.89999999999998,1,1,0.0
46,4,1236.3,222.6,315.79999999999995,230.20000000000002,1,1,1.0
47,5,1409.7,362.8,154.54999999999995,145.8,1,1,0.0
47,1,1452.3,893.4,128.1300000000001,117.0,1,1,0.0
47,2,1535.5,774.5,43.799999999999955,95.20000000000005,1,1,0.0
47,3,1482.0,547.4,93.53999999999996,158.89999999999998,1,1,0.0
47,4,1238.8,220.7,313.29999999999995,232.10000000000002,1,1,1.0
48,5,1433.7,362.8,130.54999999999995,131.0,1,1,0.0
48,1,1452.3,890.8,128.1300000000001,119.60000000000002,1,1,0.0
48,2,1535.5,774.5,43.799999999999955,95.20000000000005,1,1,0.0
48,3,1482.0,547.4,93.53999999999996,158.89999999999998,1,1,0.0
48,4,1238.8,222.0,313.29999999999995,230.8,1,1,1.0
49,5,1454.6,362.8,109.65000000000009,140.2,1,1,0.0
49,1,1452.3,892.3,128.1300000000001,118.10000000000002,1,1,0.0
49,2,1535.5,774.5,43.799999999999955,95.20000000000005,1,1,0.0
49,3,1482.0,547.4,93.53999999999996,158.89999999999998,1,1,0.0
49,4,1241.9,226.4,310.1999999999998,226.4,1,1,1.0
50,5,1462.9,362.8,101.34999999999991,140.2,1,1,0.0
50,1,1453.6,894.8,126.84000000000015,115.60000000000002,1,1,0.0
50,2,1535.5,774.5,43.799999999999955,95.20000000000005,1,1,0.0
50,3,1482.0,547.4,93.53999999999996,158.89999999999998,1,1,0.0
50,4,1241.9,228.3,305.79999999999995,224.5,1,1,1.0
51,5,1462.9,362.8,101.34999999999991,124.09999999999997,1,1,0.0
51,1,1453.6,894.7,126.84000000000015,115.69999999999993,1,1,0.0
51,2,1535.5,774.5,43.799999999999955,95.20000000000005,1,1,0.0
51,3,1482.0,547.4,93.53999999999996,158.89999999999998,1,1,0.0
51,4,1229.35,230.2,318.35000000000014,222.60000000000002,1,1,1.0
52,5,1462.9,362.8,101.34999999999991,127.59999999999997,1,1,0.0
52,1,1453.6,895.8,126.84000000000015,114.60000000000002,1,1,0.0
52,2,1535.5,774.5,43.799999999999955,95.20000000000005,1,1,0.0
52,3,1482.0,547.4,93.53999999999996,158.89999999999998,1,1,0.0
52,4,1216.8,232.1,330.9000000000001,220.70000000000002,1,1,1.0
53,5,1468.1,362.8,96.15000000000009,134.09999999999997,1,1,0.0
53,1,1453.6,887.4,126.84000000000015,123.0,1,1,0.0
53,2,1535.5,774.5,43.799999999999955,95.20000000000005,1,1,0.0
53,3,1482.0,547.4,93.53999999999996,158.89999999999998,1,1,0.0
53,4,1216.8,232.1,330.9000000000001,220.70000000000002,1,1,1.0
54,5,1469.8,362.8,94.45000000000005,134.09999999999997,1,1,0.0
54,1,1453.6,893.2,126.84000000000015,117.19999999999993,1,1,0.0
54,2,1535.5,774.5,43.799999999999955,95.20000000000005,1,1,0.0
54,3,1482.0,547.4,93.53999999999996,158.89999999999998,1,1,0.0
54,4,1243.2,232.1,304.5,220.70000000000002,1,1,1.0
55,5,1455.0,362.8,109.25,134.09999999999997,1,1,0.0
55,1,1453.6,892.9,126.84000000000015,117.5,1,1,0.0
55,2,1535.5,774.5,43.799999999999955,95.20000000000005,1,1,0.0
55,3,1482.0,547.4,93.53999999999996,158.89999999999998,1,1,0.0
55,4,1220.6,232.1,322.70000000000005,214.4,1,1,1.0
56,5,1455.0,373.3,109.25,123.59999999999997,1,1,0.0
56,1,1468.4,896.3,112.02999999999997,114.10000000000002,1,1,0.0
56,2,1535.5,774.5,43.799999999999955,95.20000000000005,1,1,0.0
56,3,1482.0,547.4,93.53999999999996,158.89999999999998,1,1,0.0
56,4,1220.6,228.3,324.60000000000014,218.2,1,1,1.0
57,5,1455.0,373.3,109.25,123.59999999999997,1,1,0.0
57,1,1482.8,889.8,97.63000000000011,120.60000000000002,1,1,0.0
57,2,1535.5,774.5,43.799999999999955,95.20000000000005,1,1,0.0
57,3,1482.0,547.4,93.53999999999996,158.89999999999998,1,1,0.0
57,4,1216.2,228.3,329.0,218.2,1,1,1.0
58,5,1455.0,373.3,109.25,123.59999999999997,1,1,0.0
58,1,1480.62,901.16,97.63000000000011,108.80000000000007,1,1,0.0
58,2,1535.5,774.5,43.799999999999955,95.20000000000005,1,1,0.0
58,3,1482.0,547.4,93.53999999999996,158.89999999999998,1,1,0.0
58,4,1226.9,228.3,318.29999999999995,213.2,1,1,1.0
59,5,1455.0,373.3,109.25,123.59999999999997,1,1,0.0
59,1,1495.4,893.75,84.59999999999991,122.75,1,1,0.0
59,2,1535.5,774.5,43.799999999999955,95.20000000000005,1,1,0.0
59,3,1482.0,547.4,93.53999999999996,158.89999999999998,1,1,0.0
59,4,1213.7,228.3,331.5,215.7,1,1,1.0
60,5,1468.1,373.3,96.15000000000009,123.59999999999997,1,1,0.0
60,1,1498.0,893.75,82.0,122.75,1,1,0.0
60,2,1535.5,774.5,43.799999999999955,95.20000000000005,1,1,0.0
60,3,1482.0,547.4,93.53999999999996,158.89999999999998,1,1,0.0
60,4,1225.0,228.3,320.20000000000005,215.7,1,1,1.0
61,5,1468.1,373.3,96.15000000000009,123.59999999999997,1,1,0.0
61,1,1498.0,895.1,82.0,121.39999999999998,1,1,0.0
61,2,1535.5,774.5,43.799999999999955,95.20000000000005,1,1,0.0
61,3,1482.0,547.4,93.53999999999996,158.89999999999998,1,1,0.0
61,4,1233.8,230.2,311.4000000000001,213.8,1,1,1.0
62,5,1468.1,373.3,96.15000000000009,154.99999999999994,1,1,0.0
62,1,1498.0,895.1,82.0,121.39999999999998,1,1,0.0
62,2,1535.5,774.5,43.799999999999955,95.20000000000005,1,1,0.0
62,3,1482.0,547.4,93.53999999999996,158.89999999999998,1,1,0.0
62,4,1238.8,230.2,306.4000000000001,213.8,1,1,1.0
63,5,1468.1,373.3,96.15000000000009,122.69999999999999,1,1,0.0
63,1,1498.0,895.1,82.0,121.39999999999998,1,1,0.0
63,2,1535.5,774.5,43.799999999999955,95.20000000000005,1,1,0.0
63,3,1482.0,547.4,93.53999999999996,158.89999999999998,1,1,0.0
63,4,1233.45,230.2,311.75,213.8,1,1,1.0
64,5,1468.1,373.3,96.15000000000009,110.89999999999998,1,1,0.0
64,1,1491.0,895.1,89.0,121.39999999999998,1,1,0.0
64,2,1535.5,779.2,43.799999999999955,90.5,1,1,0.0
64,3,1482.0,527.0,93.53999999999996,179.29999999999995,1,1,0.0
64,4,1228.1,230.2,317.10000000000014,213.8,1,1,1.0
65,5,1468.1,373.3,96.15000000000009,100.89999999999998,1,1,0.0
65,1,1441.7,922.1,138.29999999999995,105.69999999999993,1,1,0.0
65,2,1529.7,752.7,49.59999999999991,117.0,1,1,0.0
65,3,1482.0,518.1,93.53999999999996,188.19999999999993,1,1,0.0
65,4,1221.8,230.2,329.10000000000014,222.0,1,1,1.0
66,5,1468.1,373.3,96.15000000000009,109.19999999999999,1,1,0.0
66,1,1439.5,922.1,140.5,110.10000000000002,1,1,0.0
66,2,1509.7,785.0,69.59999999999991,84.70000000000005,1,1,0.0
66,3,1465.3,551.6,110.24000000000001,154.69999999999993,1,1,0.0
66,4,1219.3,230.2,331.60000000000014,222.0,1,1,1.0
67,5,1455.9,373.3,108.34999999999991,109.59999999999997,1,1,0.0
67,1,1426.9,922.1,153.0999999999999,110.10000000000002,1,1,0.0
67,2,1530.0,763.9,49.299999999999955,105.80000000000007,1,1,0.0
67,3,1465.3,546.4,110.24000000000001,146.30000000000007,1,1,0.0
67,4,1222.4,230.2,328.5,222.0,1,1,1.0
68,5,1455.0,373.3,109.25,109.59999999999997,1,1,0.0
68,1,1426.9,922.1,153.0999999999999,110.10000000000002,1,1,0.0
68,2,1530.0,773.7,49.299999999999955,96.0,1,1,0.0
68,3,1465.3,546.4,110.24000000000001,162.5,1,1,0.0
68,4,1224.9,230.2,326.0,222.0,1,1,1.0
69,5,1455.0,373.3,109.25,110.80000000000001,1,1,0.0
69,1,1425.2,918.6,154.79999999999995,113.60000000000002,1,1,0.0
69,2,1530.0,799.5,49.299999999999955,70.20000000000005,1,1,0.0
69,3,1461.1,546.4,114.44000000000005,185.5,1,1,0.0
69,4,1224.9,227.1,326.0,225.1,1,1,1.0
70,5,1455.0,373.3,109.25,112.0,1,1,0.0
70,1,1420.8,918.6,159.20000000000005,113.60000000000002,1,1,0.0
70,2,1535.8,771.5,43.5,107.60000000000002,1,1,0.0
70,3,1466.3,546.4,109.24000000000001,189.70000000000005,1,1,0.0
70,4,1228.7,227.1,322.20000000000005,225.1,1,1,1.0
71,5,1455.0,373.3,109.25,113.19999999999999,1,1,0.0
71,1,1420.8,918.6,159.20000000000005,113.60000000000002,1,1,0.0
71,2,1518.4,771.5,60.899999999999864,133.0,1,1,0.0
71,3,1460.0,546.4,115.53999999999996,164.60000000000002,1,1,0.0
71,4,1227.15,228.65,322.79999999999995,222.29999999999998,1,1,1.0
72,5,1455.0,373.3,109.25,114.39999999999998,1,1,0.0
72,1,1420.8,918.6,159.20000000000005,113.60000000000002,1,1,0.0
72,2,1517.3,752.6,62.0,115.89999999999998,1,1,0.0
72,3,1465.2,552.7,110.33999999999992,158.29999999999995,1,1,0.0
72,4,1225.6,230.2,323.4000000000001,219.5,1,1,1.0
73,5,1450.2,373.3,114.04999999999995,114.39999999999998,1,1,0.0
73,1,1420.8,918.6,159.20000000000005,113.60000000000002,1,1,0.0
73,2,1527.8,775.5,51.5,86.5,1,1,0.0
73,3,1457.9,532.3,117.63999999999987,158.80000000000007,1,1,1.0
73,4,1223.7,230.2,325.29999999999995,219.5,1,1,1.0
74,5,1445.4,373.3,118.84999999999991,114.39999999999998,1,1,0.0
74,1,1427.3,918.6,152.70000000000005,113.60000000000002,1,1,0.0
74,2,1523.5,759.5,55.799999999999955,93.79999999999995,1,1,0.0
74,3,1457.9,532.3,117.63999999999987,178.70000000000005,1,1,1.0
74,4,1230.6,230.2,318.4000000000001,219.5,1,1,1.0
75,5,1445.4,373.3,118.84999999999991,114.39999999999998,1,1,0.0
75,1,1421.6,918.6,158.4000000000001,113.60000000000002,1,1,0.0
75,2,1519.9,759.1,59.399999999999864,101.79999999999995,1,1,0.0
75,3,1464.2,532.3,111.33999999999992,158.30000000000007,1,1,0.0
75,4,1230.6,225.8,318.4000000000001,221.39999999999998,1,1,1.0
76,5,1445.4,373.3,118.84999999999991,114.39999999999998,1,1,0.0
76,1,1421.6,918.6,158.4000000000001,113.60000000000002,1,1,0.0
76,2,1504.3,755.6,75.0,121.79999999999995,1,1,0.0
76,3,1463.7,532.3,111.83999999999992,158.30000000000007,1,1,0.0
76,4,1241.9,225.8,307.0999999999999,221.39999999999998,1,1,1.0
77,5,1445.4,373.3,118.84999999999991,114.39999999999998,1,1,0.0
77,1,1421.6,918.6,158.4000000000001,113.60000000000002,1,1,0.0
77,2,1490.1,759.1,89.20000000000005,113.10000000000002,1,1,0.0
77,3,1463.7,532.3,111.83999999999992,155.4000000000001,1,1,0.0
77,4,1241.9,229.6,304.0,220.1,1,1,1.0
78,5,1445.4,373.3,118.84999999999991,114.39999999999998,1,1,0.0
78,1,1421.6,918.6,158.4000000000001,113.60000000000002,1,1,0.0
78,2,1478.8,764.9,100.5,147.5,1,1,0.0
78,3,1463.7,532.3,111.83999999999992,152.5,1,1,0.0
78,4,1241.3,229.6,304.60000000000014,220.1,1,1,1.0
79,5,1453.2,373.3,111.04999999999995,114.39999999999998,1,1,0.0
79,1,1421.6,918.6,158.4000000000001,113.60000000000002,1,1,0.0
79,2,1478.8,776.2,100.5,124.19999999999993,1,1,0.0
79,3,1463.7,532.3,111.83999999999992,152.5,1,1,0.0
79,4,1241.3,229.6,308.4000000000001,220.1,1,1,1.0
80,5,1453.2,373.3,111.04999999999995,124.0,1,1,0.0
80,1,1418.1,918.6,161.9000000000001,113.60000000000002,1,1,0.0
80,2,1463.9,781.7,115.39999999999986,103.39999999999998,1,1,0.0
80,3,1463.7,532.3,111.83999999999992,152.5,1,1,0.0
80,4,1209.3,234.6,340.4000000000001,208.79999999999998,1,1,1.0
81,5,1453.2,373.3,111.04999999999995,121.80000000000001,1,1,0.0
81,1,1418.1,918.6,161.9000000000001,113.60000000000002,1,1,0.0
81,2,1463.9,766.4,115.39999999999986,120.14999999999998,1,1,0.0
81,3,1463.7,532.3,111.83999999999992,152.5,1,1,0.0
81,4,1209.3,237.7,340.4000000000001,205.7,1,1,1.0
82,5,1453.2,373.3,111.04999999999995,119.59999999999997,1,1,0.0
82,1,1418.1,918.6,161.9000000000001,113.60000000000002,1,1,0.0
82,2,1463.9,768.2,115.39999999999986,119.79999999999995,1,1,0.0
82,3,1437.5,532.3,138.03999999999996,152.5,1,1,0.0
82,4,1209.3,233.3,340.4000000000001,213.89999999999998,1,1,1.0
83,5,1453.2,363.7,111.04999999999995,129.2,1,1,0.0
83,1,1418.1,918.6,161.9000000000001,113.60000000000002,1,1,0.0
83,2,1468.3,769.1,111.0,118.89999999999998,1,1,0.0
83,3,1434.4,528.6,141.13999999999987,156.19999999999993,1,1,0.0
83,4,1208.35,233.3,343.25,213.89999999999998,1,1,1.0
84,5,1453.2,363.7,111.04999999999995,129.2,1,1,0.0
84,1,1418.1,918.6,161.9000000000001,113.60000000000002,1,1,0.0
84,2,1468.3,769.0,111.0,119.0,1,1,0.0
84,3,1440.7,528.6,134.83999999999992,156.19999999999993,1,1,0.0
84,4,1207.4,233.3,346.0999999999999,213.89999999999998,1,1,1.0
85,5,1453.2,367.6,111.04999999999995,141.89999999999998,1,1,0.0
85,1,1418.1,918.6,161.9000000000001,113.60000000000002,1,1,0.0
85,2,1468.3,762.7,111.0,130.75,1,1,0.0
85,3,1443.3,528.6,132.24,156.19999999999993,1,1,0.0
85,4,1207.4,233.3,346.0999999999999,213.89999999999998,1,1,1.0
86,5,1453.2,369.4,111.04999999999995,140.10000000000002,1,1,0.0
86,1,1418.1,913.1,161.9000000000001,119.10000000000002,1,1,0.0
86,2,1473.75,762.7,105.54999999999995,131.63,1,1,0.0
86,3,1445.9,534.9,129.63999999999987,149.89999999999998,1,1,1.0
86,4,1216.8,229.5,336.70000000000005,217.7,1,1,1.0
87,5,1453.2,368.1,111.04999999999995,141.39999999999998,1,1,0.0
87,1,1418.1,907.3,161.9000000000001,124.90000000000009,1,1,0.0
87,2,1479.2,762.7,100.09999999999991,132.5,1,1,0.0
87,3,1434.9,534.9,140.63999999999987,165.60000000000002,1,1,1.0
87,4,1216.8,229.5,336.70000000000005,217.7,1,1,1.0
88,5,1453.2,372.4,111.04999999999995,137.10000000000002,1,1,0.0
88,1,1418.1,908.4,161.9000000000001,123.80000000000007,1,1,0.0
88,2,1479.2,762.7,100.09999999999991,132.5,1,1,0.0
88,3,1424.4,534.9,151.13999999999987,165.60000000000002,1,1,1.0
88,4,1216.8,229.5,336.70000000000005,217.7,1,1,1.0
89,5,1453.2,370.7,111.04999999999995,138.8,1,1,0.0
89,1,1418.1,909.5,161.9000000000001,122.70000000000005,1,1,0.0
89,2,1479.2,762.7,100.09999999999991,132.5,1,1,0.0
89,3,1419.7,539.6,155.83999999999992,165.60000000000002,1,1,1.0
89,4,1216.8,234.5,334.79999999999995,212.7,1,1,1.0
90,5,1453.2,369.4,111.04999999999995,140.10000000000002,1,1,0.0
90,1,1407.2,906.4,172.79999999999995,125.80000000000007,1,1,0.0
90,2,1479.2,762.7,100.09999999999991,132.5,1,1,0.0
90,3,1423.9,539.6,151.63999999999987,165.60000000000002,1,1,1.0
90,4,1213.0,234.5,338.5999999999999,212.7,1,1,1.0
91,5,1453.2,372.9,111.04999999999995,136.60000000000002,1,1,0.0
91,1,1407.2,907.8,172.79999999999995,127.0,1,1,0.0
91,2,1476.1,762.7,103.20000000000005,132.5,1,1,0.0
91,3,1438.6,539.6,136.94000000000005,165.60000000000002,1,1,1.0
91,4,1216.8,234.5,334.79999999999995,212.7,1,1,1.0
92,5,1453.2,375.0,111.04999999999995,134.5,1,1,0.0
92,1,1407.2,907.2,172.79999999999995,127.59999999999991,1,1,0.0
92,2,1476.1,771.4,103.20000000000005,123.80000000000007,1,1,0.0
92,3,1438.6,545.4,136.94000000000005,159.80000000000007,1,1,1.0
92,4,1216.8,234.5,334.79999999999995,212.7,1,1,1.0
93,5,1453.2,372.9,111.04999999999995,136.60000000000002,1,1,0.0
93,1,1401.5,893.0,178.5,137.0,1,1,0.0
93,2,1476.1,771.4,103.20000000000005,123.80000000000007,1,1,0.0
93,3,1438.6,545.4,136.94000000000005,159.80000000000007,1,1,1.0
93,4,1216.8,234.5,334.79999999999995,212.7,1,1,1.0
94,5,1453.2,372.0,111.04999999999995,137.5,1,1,0.0
94,1,1401.5,907.2,178.5,122.79999999999995,1,1,0.0
94,2,1476.1,771.4,103.20000000000005,123.80000000000007,1,1,0.0
94,3,1438.6,545.4,136.94000000000005,159.80000000000007,1,1,1.0
94,4,1216.8,234.5,334.79999999999995,212.7,1,1,1.0
95,5,1453.2,375.1,111.04999999999995,140.5,1,1,0.0
95,1,1401.5,907.2,178.5,122.79999999999995,1,1,0.0
95,2,1473.9,771.4,105.39999999999986,123.80000000000007,1,1,0.0
95,3,1438.6,545.4,136.94000000000005,159.80000000000007,1,1,1.0
95,4,1216.8,234.5,334.79999999999995,212.7,1,1,1.0
96,5,1453.2,375.1,111.04999999999995,143.10000000000002,1,1,0.0
96,1,1401.5,907.2,178.5,122.79999999999995,1,1,0.0
96,2,1470.0,771.4,109.29999999999995,123.80000000000007,1,1,0.0
96,3,1438.6,545.4,136.94000000000005,159.80000000000007,1,1,1.0
96,4,1244.4,234.5,307.1999999999998,212.7,1,1,1.0
97,5,1453.2,375.1,111.04999999999995,141.14999999999998,1,1,0.0
97,1,1401.5,907.2,178.5,122.79999999999995,1,1,0.0
97,2,1470.0,771.4,109.29999999999995,123.80000000000007,1,1,0.0
97,3,1438.6,545.4,136.94000000000005,159.80000000000007,1,1,1.0
97,4,1245.0,234.5,304.0999999999999,210.2,1,1,1.0
98,5,1453.2,375.1,111.04999999999995,139.19999999999993,1,1,0.0
98,1,1399.8,907.2,180.20000000000005,124.5,1,1,0.0
98,2,1479.6,771.4,99.70000000000005,123.80000000000007,1,1,0.0
98,3,1438.6,545.4,136.94000000000005,159.80000000000007,1,1,1.0
98,4,1245.0,234.5,304.0999999999999,210.2,1,1,1.0
99,5,1453.2,375.1,111.04999999999995,143.60000000000002,1,1,0.0
99,1,1399.8,910.3,180.20000000000005,121.40000000000009,1,1,0.0
99,2,1477.0,771.4,102.29999999999995,123.80000000000007,1,1,0.0
99,3,1438.6,545.4,136.94000000000005,159.80000000000007,1,1,1.0
99,4,1245.0,234.5,304.0999999999999,210.2,1,1,1.0
100,5,1453.2,375.1,111.04999999999995,141.0,1,1,0.0
100,1,1399.8,910.3,180.20000000000005,121.40000000000009,1,1,0.0
100,2,1477.0,771.4,102.29999999999995,123.80000000000007,1,1,0.0
100,3,1438.6,545.4,136.94000000000005,159.80000000000007,1,1,1.0
100,4,1245.0,234.5,304.0999999999999,210.2,1,1,1.0
101,5,1453.2,375.1,111.04999999999995,139.69999999999993,1,1,0.0
101,1,1406.8,910.3,173.20000000000005,121.40000000000009,1,1,0.0
101,2,1477.0,771.4,102.29999999999995,123.80000000000007,1,1,0.0
101,3,1433.9,545.4,141.63999999999987,159.80000000000007,1,1,1.0
101,4,1241.9,234.5,307.1999999999998,210.2,1,1,1.0
102,5,1453.2,375.1,111.04999999999995,138.0,1,1,0.0
102,1,1406.3,910.3,173.70000000000005,121.40000000000009,1,1,0.0
102,2,1473.1,771.4,106.20000000000005,123.80000000000007,1,1,0.0
102,3,1430.8,545.4,144.74,159.80000000000007,1,1,1.0
102,4,1239.4,234.5,309.6999999999998,210.2,1,1,1.0
103,5,1453.2,375.1,111.04999999999995,138.0,1,1,0.0
103,1,1406.3,910.3,173.70000000000005,121.40000000000009,1,1,0.0
103,2,1470.9,771.4,108.39999999999986,123.80000000000007,1,1,0.0
103,3,1430.8,545.4,144.74,159.80000000000007,1,1,1.0
103,4,1235.0,234.5,314.0999999999999,210.2,1,1,1.0
104,5,1453.2,375.1,111.04999999999995,138.0,1,1,0.0
104,1,1406.3,910.3,173.70000000000005,121.40000000000009,1,1,0.0
104,2,1470.9,771.4,108.39999999999986,123.80000000000007,1,1,0.0
104,3,1430.8,545.4,144.74,159.80000000000007,1,1,1.0
104,4,1235.0,234.5,314.0999999999999,210.2,1,1,1.0
105,5,1453.2,375.1,111.04999999999995,138.0,1,1,0.0
105,1,1406.3,910.3,173.70000000000005,121.40000000000009,1,1,0.0
105,2,1470.9,771.4,108.39999999999986,123.80000000000007,1,1,0.0
105,3,1430.8,545.4,144.74,159.80000000000007,1,1,1.0
105,4,1235.0,234.5,314.0999999999999,210.2,1,1,1.0
106,5,1453.2,375.1,111.04999999999995,138.0,1,1,0.0
106,1,1406.3,910.3,173.70000000000005,121.40000000000009,1,1,0.0
106,2,1472.6,771.4,106.70000000000005,123.80000000000007,1,1,0.0
106,3,1430.8,545.4,144.74,159.80000000000007,1,1,1.0
106,4,1229.3,234.5,319.79999999999995,210.2,1,1,1.0
107,5,1453.2,375.1,111.04999999999995,138.0,1,1,0.0
107,1,1410.7,910.3,169.29999999999995,121.40000000000009,1,1,0.0
107,2,1475.3,771.4,104.0,123.80000000000007,1,1,0.0
107,3,1430.8,545.4,144.74,159.80000000000007,1,1,1.0
107,4,1229.3,234.5,319.79999999999995,210.2,1,1,1.0
108,5,1453.2,381.2,111.04999999999995,147.2,1,1,0.0
108,1,1416.4,897.6,163.5999999999999,128.89999999999998,1,1,0.0
108,2,1470.1,771.4,109.20000000000005,123.80000000000007,1,1,0.0
108,3,1427.7,545.4,147.83999999999992,159.80000000000007,1,1,1.0
108,4,1229.3,234.5,319.79999999999995,210.2,1,1,1.0
109,5,1453.2,381.2,111.04999999999995,131.09999999999997,1,1,0.0
109,1,1459.1,899.8,120.90000000000009,126.70000000000005,1,1,0.0
109,2,1475.3,771.4,104.0,123.80000000000007,1,1,0.0
109,3,1427.7,545.4,147.83999999999992,159.80000000000007,1,1,1.0
109,4,1245.6,234.5,303.5,210.2,1,1,1.0
110,5,1434.4,376.4,129.8499999999999,135.89999999999998,1,1,0.0
110,1,1455.6,899.4,124.40000000000009,127.10000000000002,1,1,0.0
110,2,1470.9,771.4,108.39999999999986,135.60000000000002,1,1,0.0
110,3,1427.7,545.4,147.83999999999992,159.80000000000007,1,1,1.0
110,4,1241.2,234.5,307.89999999999986,210.2,1,1,1.0
111,5,1378.1,393.8,186.1500000000001,179.49999999999994,1,1,1.0
111,1,1448.6,899.0,131.4000000000001,127.5,1,1,0.0
111,2,1470.5,771.4,108.79999999999995,136.89999999999998,1,1,0.0
111,3,1427.7,545.4,147.83999999999992,159.80000000000007,1,1,1.0
111,4,1238.7,234.5,310.39999999999986,210.2,1,1,1.0
112,5,1373.7,393.8,190.54999999999995,179.49999999999994,1,1,1.0
112,1,1441.2,899.4,138.79999999999995,127.10000000000002,1,1,0.0
112,2,1470.5,771.4,108.79999999999995,136.89999999999998,1,1,0.0
112,3,1433.5,550.1,142.03999999999996,155.10000000000002,1,1,1.0
112,4,1245.0,222.6,304.0999999999999,222.1,1,1,1.0
113,5,1375.45,394.24,190.53999999999996,175.55999999999995,1,1,1.0
113,1,1441.2,899.0,138.79999999999995,129.70000000000005,1,1,0.0
113,2,1475.7,771.4,103.59999999999991,111.60000000000002,1,1,0.0
113,3,1433.5,550.1,142.03999999999996,155.10000000000002,1,1,1.0
113,4,1224.9,222.6,324.1999999999998,222.1,1,1,1.0
114,5,1375.45,394.24,190.53999999999996,177.76,1,1,1.0
114,1,1435.1,899.0,144.9000000000001,129.70000000000005,1,1,0.0
114,2,1471.3,771.4,108.0,111.60000000000002,1,1,0.0
114,3,1433.5,550.1,142.03999999999996,155.10000000000002,1,1,1.0
114,4,1224.9,218.2,324.1999999999998,226.5,1,1,1.0
115,5,1375.45,394.24,190.53999999999996,176.05999999999995,1,1,1.0
115,1,1429.4,900.5,150.5999999999999,128.20000000000005,1,1,0.0
115,2,1472.2,771.4,107.09999999999991,119.60000000000002,1,1,0.0
115,3,1433.5,550.1,142.03999999999996,155.10000000000002,1,1,1.0
115,4,1221.1,218.2,328.0,226.5,1,1,1.0
116,5,1380.2,394.24,185.78999999999996,176.05999999999995,1,1,1.0
116,1,1440.7,897.6,139.29999999999995,131.10000000000002,1,1,0.0
116,2,1472.2,771.4,107.09999999999991,116.89999999999998,1,1,0.0
116,3,1433.5,550.1,142.03999999999996,155.10000000000002,1,1,1.0
116,4,1218.6,210.0,330.5,234.7,1,1,1.0
117,5,1385.0,394.24,180.99,176.05999999999995,1,1,1.0
117,1,1488.2,918.1,91.79999999999995,88.39999999999998,1,1,0.0
117,2,1472.2,771.4,107.09999999999991,117.60000000000002,1,1,0.0
117,3,1433.5,550.1,142.03999999999996,155.10000000000002,1,1,1.0
117,4,1216.1,210.0,333.0,234.7,1,1,1.0
118,5,1361.0,394.24,204.99,172.55999999999995,1,1,1.0
118,1,1517.9,895.0,62.09999999999991,82.70000000000005,1,1,0.0
118,2,1472.2,771.4,107.09999999999991,119.10000000000002,1,1,0.0
118,3,1433.5,550.1,142.03999999999996,155.10000000000002,1,1,1.0
118,4,1221.1,221.3,331.8000000000002,223.39999999999998,1,1,1.0
119,5,1357.1,394.24,208.8900000000001,186.55999999999995,1,1,1.0
119,1,1517.9,907.2,62.09999999999991,75.29999999999995,1,1,0.0
119,2,1472.2,765.2,107.09999999999991,125.29999999999995,1,1,0.0
119,3,1433.5,550.1,142.03999999999996,155.10000000000002,1,1,1.0
119,4,1218.6,227.0,334.3000000000002,217.7,1,1,1.0
120,5,1357.1,400.8,208.9000000000001,179.99999999999994,1,1,1.0
120,1,1513.5,910.7,66.5,85.19999999999993,1,1,0.0
120,2,1474.7,765.2,104.59999999999991,125.29999999999995,1,1,0.0
120,3,1437.2,550.1,138.33999999999992,155.10000000000002,1,1,1.0
120,4,1211.1,235.8,341.8000000000002,208.89999999999998,1,1,1.0
