1,1,1132.32,452.89,179.68000000000006,270.83000000000004,1,1,1.0
1,2,1346.19,649.49,165.48000000000002,317.47,1,1,1.0
1,3,1497.92,538.9,71.74000000000001,146.5,1,1,0.0
1,4,1364.01,381.8,190.49,179.45,1,1,1.0
1,5,1235.64,201.8,304.41999999999985,238.19,1,1,1.0
1,6,1539.36,784.43,42.3900000000001,133.96000000000004,1,1,0.0
2,1,1080.3,562.1,190.29999999999995,190.26,1,1,1.0
2,2,1346.19,614.2,165.48000000000002,352.76,1,1,1.0
2,3,1497.92,538.9,71.74000000000001,165.89999999999998,1,1,0.0
2,4,1364.5,381.8,187.9000000000001,179.45,1,1,1.0
2,5,1245.7,201.8,294.3599999999999,238.19,1,1,1.0
2,6,1539.36,780.42,42.3900000000001,137.97000000000003,1,1,0.0
3,1,1075.8,572.7,196.29999999999995,179.69999999999993,1,1,1.0
3,2,1339.9,607.9,155.5,365.4,1,1,1.0
3,3,1497.92,538.9,71.74000000000001,146.0,1,1,0.0
3,4,1372.9,381.8,178.39999999999986,179.45,1,1,1.0
3,5,1245.7,195.5,294.3599999999999,240.7,1,1,1.0
3,6,1539.36,776.41,42.3900000000001,141.98000000000002,1,1,0.0
4,1,1075.8,563.7,199.29999999999995,188.69999999999993,1,1,1.0
4,2,1335.38,619.62,171.81999999999994,343.78,1,1,1.0
4,3,1477.0,538.9,92.66000000000008,146.0,1,1,0.0
4,4,1363.0,381.8,180.0,179.45,1,1,1.0
4,5,1245.7,193.6,298.79999999999995,242.6,1,1,1.0
4,6,1539.36,772.4,42.3900000000001,145.99,1,1,0.0
5,1,1071.3,562.9,198.5,191.0,1,1,1.0
5,2,1335.38,615.1,171.81999999999994,348.29999999999995,1,1,1.0
5,3,1495.3,538.9,74.36000000000013,146.0,1,1,0.0
5,4,1363.0,381.8,170.0999999999999,200.90000000000003,1,1,1.0
5,5,1245.7,192.3,298.79999999999995,243.89999999999998,1,1,1.0
5,6,1539.36,772.4,42.3900000000001,127.94000000000005,1,1,0.0
6,1,1071.3,542.6,194.0,214.29999999999995,1,1,1.0
6,2,1322.7,654.9,178.20000000000005,313.9,1,1,1.0
6,3,1491.1,538.9,78.56000000000017,146.0,1,1,0.0
6,4,1363.0,381.8,170.0999999999999,211.90000000000003,1,1,1.0
6,5,1245.7,174.1,298.79999999999995,263.4,1,1,1.0
6,6,1539.36,772.4,42.3900000000001,109.89999999999998,1,1,0.0
7,1,1071.3,561.4,195.5,195.5,1,1,1.0
7,2,1337.2,654.9,163.70000000000005,320.20000000000005,1,1,1.0
7,3,1491.1,538.9,78.56000000000017,146.0,1,1,0.0
7,4,1381.3,381.8,151.79999999999995,186.8,1,1,1.0
7,5,1245.7,174.1,296.29999999999995,263.4,1,1,1.0
7,6,1533.87,772.4,47.88000000000011,112.68000000000006,1,1,0.0
8,1,1071.3,565.9,204.5,191.0,1,1,1.0
8,2,1337.2,654.9,163.70000000000005,320.20000000000005,1,1,1.0
8,3,1491.1,538.9,78.56000000000017,146.0,1,1,0.0
8,4,1379.2,388.6,161.70000000000005,180.0,1,1,1.0
8,5,1245.7,177.9,296.29999999999995,262.70000000000005,1,1,1.0
8,6,1528.37,772.4,53.38000000000011,115.47000000000003,1,1,0.0
9,1,1071.3,566.7,195.5,190.19999999999993,1,1,1.0
9,2,1337.2,658.5,163.70000000000005,316.6,1,1,1.0
9,3,1465.5,538.9,104.16000000000008,146.0,1,1,0.0
9,4,1379.2,388.6,161.70000000000005,173.69999999999993,1,1,1.0
9,5,1245.7,174.1,296.29999999999995,266.5,1,1,1.0
9,6,1522.88,772.4,58.86999999999989,118.25,1,1,0.0
10,1,1074.3,566.7,192.5,189.39999999999998,1,1,1.0
10,2,1337.2,663.9,163.70000000000005,311.20000000000005,1,1,1.0
10,3,1476.0,543.1,93.66000000000008,141.79999999999995,1,1,0.0
10,4,1376.1,388.6,164.80000000000018,173.69999999999993,1,1,1.0
10,5,1245.7,178.5,296.29999999999995,262.1,1,1,1.0
10,6,1517.39,772.4,64.3599999999999,121.02999999999997,1,1,0.0
11,1,1070.5,559.9,196.29999999999995,200.0,1,1,1.0
11,2,1337.2,667.5,163.70000000000005,307.6,1,1,1.0
11,3,1476.0,543.1,93.66000000000008,141.79999999999995,1,1,0.0
11,4,1376.1,388.6,164.80000000000018,173.69999999999993,1,1,1.0
11,5,1245.7,189.8,296.29999999999995,250.8,1,1,1.0
11,6,1511.89,772.4,69.8599999999999,123.82000000000005,1,1,0.0
12,1,1070.5,568.2,197.0999999999999,191.69999999999993,1,1,1.0
12,2,1337.2,671.1,163.70000000000005,304.0,1,1,1.0
12,3,1493.3,543.1,79.5,141.79999999999995,1,1,0.0
12,4,1376.1,388.6,164.80000000000018,173.69999999999993,1,1,1.0
12,5,1245.7,184.1,296.29999999999995,258.4,1,1,1.0
12,6,1506.4,772.4,75.34999999999991,126.60000000000002,1,1,0.0
13,1,1070.5,559.2,195.5999999999999,200.69999999999993,1,1,1.0
13,2,1328.2,671.1,185.39999999999986,304.0,1,1,1.0
13,3,1493.3,543.1,79.5,153.79999999999995,1,1,0.0
13,4,1376.1,388.6,164.80000000000018,173.69999999999993,1,1,1.0
13,5,1245.7,199.2,296.29999999999995,243.3,1,1,1.0
13,6,1506.4,805.4,75.34999999999991,99.89999999999998,1,1,0.0
14,1,1070.5,559.2,195.5999999999999,200.69999999999993,1,1,1.0
14,2,1328.2,671.1,170.89999999999986,304.0,1,1,1.0
14,3,1493.3,532.6,79.5,164.29999999999995,1,1,0.0
14,4,1376.1,388.6,164.80000000000018,173.69999999999993,1,1,1.0
14,5,1245.7,188.5,296.29999999999995,254.0,1,1,1.0
14,6,1506.4,823.2,75.34999999999991,114.0,1,1,0.0
15,1,1070.5,559.2,195.5999999999999,200.69999999999993,1,1,1.0
15,2,1328.2,671.1,211.5999999999999,309.4,1,1,1.0
15,3,1493.3,533.6,79.5,163.29999999999995,1,1,0.0
15,4,1376.1,388.6,164.80000000000018,173.69999999999993,1,1,1.0
15,5,1252.6,208.0,286.9000000000001,234.5,1,1,1.0
15,6,1552.4,760.4,29.34999999999991,176.80000000000007,1,1,0.0
16,1,1070.5,559.2,195.5999999999999,206.69999999999993,1,1,1.0
16,2,1328.2,671.1,211.5999999999999,311.19999999999993,1,1,1.0
16,3,1493.3,541.5,79.5,155.39999999999998,1,1,0.0
16,4,1376.1,388.6,164.80000000000018,173.69999999999993,1,1,1.0
16,5,1252.6,208.0,290.0,232.60000000000002,1,1,1.0
16,6,1533.6,760.4,48.1400000000001,176.80000000000007,1,1,0.0
17,1,1070.5,546.4,195.5999999999999,219.5,1,1,1.0
17,2,1328.2,671.1,211.5999999999999,311.19999999999993,1,1,1.0
17,3,1498.5,541.5,74.29999999999995,155.39999999999998,1,1,0.0
17,4,1376.1,388.6,164.80000000000018,173.69999999999993,1,1,1.0
17,5,1229.4,206.7,313.1999999999998,233.90000000000003,1,1,1.0
17,6,1528.9,760.4,52.83999999999992,159.89999999999998,1,1,0.0
18,1,1075.8,566.0,190.29999999999995,205.20000000000005,1,1,1.0
18,2,1328.2,671.1,211.5999999999999,311.19999999999993,1,1,1.0
18,3,1498.5,543.1,74.29999999999995,161.10000000000002,1,1,0.0
18,4,1376.1,388.6,164.80000000000018,173.69999999999993,1,1,1.0
18,5,1229.4,204.2,313.1999999999998,232.60000000000002,1,1,1.0
18,6,1524.2,760.4,57.539999999999964,143.0,1,1,0.0
19,1,1075.8,561.5,197.10000000000014,209.70000000000005,1,1,1.0
19,2,1328.2,671.1,210.70000000000005,311.19999999999993,1,1,1.0
19,3,1494.8,543.1,78.0,141.69999999999993,1,1,0.0
19,4,1376.1,388.6,179.9000000000001,173.69999999999993,1,1,1.0
19,5,1229.4,207.3,313.1999999999998,229.5,1,1,1.0
19,6,1519.5,760.4,62.25,126.10000000000002,1,1,0.0
20,1,1075.8,561.5,193.29999999999995,201.39999999999998,1,1,1.0
20,2,1328.2,671.1,210.70000000000005,311.19999999999993,1,1,1.0
20,3,1488.5,543.1,84.29999999999995,150.60000000000002,1,1,0.0
20,4,1376.1,388.6,164.80000000000018,173.69999999999993,1,1,1.0
20,5,1243.2,204.2,303.79999999999995,232.60000000000002,1,1,1.0
20,6,1511.2,773.0,70.54999999999995,109.79999999999995,1,1,0.0
21,1,1071.3,550.2,197.79999999999995,203.69999999999993,1,1,1.0
21,2,1328.2,671.1,210.70000000000005,311.19999999999993,1,1,1.0
21,3,1488.5,536.3,84.29999999999995,175.20000000000005,1,1,0.0
21,4,1380.3,388.6,160.60000000000014,180.0,1,1,1.0
21,5,1230.0,206.7,317.0,232.0,1,1,1.0
21,6,1505.9,773.0,75.84999999999991,100.64999999999998,1,1,0.0
22,1,1066.0,534.4,200.79999999999995,221.0,1,1,1.0
22,2,1328.2,671.1,210.70000000000005,311.19999999999993,1,1,1.0
22,3,1488.5,530.0,84.29999999999995,181.5,1,1,0.0
22,4,1365.6,384.3,183.80000000000018,184.3,1,1,1.0
22,5,1230.0,206.7,317.0,232.0,1,1,1.0
22,6,1509.1,778.2,72.65000000000009,97.79999999999995,1,1,0.0
23,1,1066.0,537.4,199.29999999999995,218.0,1,1,1.0
23,2,1328.2,671.1,210.70000000000005,311.19999999999993,1,1,1.0
23,3,1488.5,530.0,84.29999999999995,175.70000000000005,1,1,0.0
23,4,1348.9,388.6,192.0,167.39999999999998,1,1,1.0
23,5,1223.7,206.7,325.20000000000005,232.0,1,1,1.0
23,6,1515.4,778.2,66.34999999999991,97.79999999999995,1,1,0.0
24,1,1066.0,544.2,199.29999999999995,211.19999999999993,1,1,1.0
24,2,1328.2,671.1,210.70000000000005,311.19999999999993,1,1,1.0
24,3,1488.5,530.0,84.29999999999995,175.70000000000005,1,1,0.0
24,4,1343.7,396.5,197.20000000000005,198.70000000000005,1,1,1.0
24,5,1227.5,204.2,321.4000000000001,234.5,1,1,1.0
24,6,1512.3,778.2,69.45000000000005,97.79999999999995,1,1,0.0
25,1,1068.3,530.6,194.0,230.79999999999995,1,1,1.0
25,2,1328.2,674.7,180.0,307.5999999999999,1,1,1.0
25,3,1488.5,530.0,84.29999999999995,175.70000000000005,1,1,0.0
25,4,1343.7,392.3,215.0,205.99999999999994,1,1,1.0
25,5,1227.5,205.5,321.4000000000001,233.2,1,1,1.0
25,6,1517.5,778.2,64.25,97.79999999999995,1,1,0.0
26,1,1068.3,530.6,190.20000000000005,230.79999999999995,1,1,1.0
26,2,1335.4,674.7,172.79999999999995,298.5999999999999,1,1,1.0
26,3,1488.5,530.0,84.29999999999995,175.70000000000005,1,1,0.0
26,4,1343.7,396.0,216.0,197.10000000000002,1,1,1.0
26,5,1236.9,205.5,312.0,233.2,1,1,1.0
26,6,1525.35,778.72,54.850000000000136,97.79999999999995,1,1,0.0
27,1,1068.3,527.6,186.4000000000001,233.79999999999995,1,1,1.0
27,2,1344.4,669.3,163.79999999999995,301.30000000000007,1,1,1.0
27,3,1493.7,530.0,79.09999999999991,175.70000000000005,1,1,0.0
27,4,1343.7,396.0,216.0,197.10000000000002,1,1,1.0
27,5,1245.7,205.5,291.89999999999986,233.2,1,1,1.0
27,6,1525.35,778.72,54.850000000000136,107.17999999999995,1,1,0.0
28,1,1074.3,543.4,180.4000000000001,221.0,1,1,1.0
28,2,1344.4,675.6,176.5,289.6,1,1,1.0
28,3,1493.7,530.0,79.09999999999991,175.70000000000005,1,1,0.0
28,4,1335.9,396.0,223.79999999999995,197.10000000000002,1,1,1.0
28,5,1249.5,205.5,288.0999999999999,243.2,1,1,1.0
28,6,1525.35,776.0,54.850000000000136,109.89999999999998,1,1,0.0
29,1,1068.3,523.9,186.4000000000001,229.20000000000005,1,1,1.0
29,2,1336.3,677.4,187.29999999999995,287.80000000000007,1,1,1.0
29,3,1493.7,530.0,79.09999999999991,175.70000000000005,1,1,0.0
29,4,1291.9,396.0,261.0,198.10000000000002,1,1,1.0
29,5,1243.2,206.8,297.5,239.39999999999998,1,1,1.0
29,6,1525.35,773.28,54.850000000000136,112.62,1,1,0.0
30,1,1068.3,510.3,186.4000000000001,251.09999999999997,1,1,1.0
30,2,1347.2,682.8,204.39999999999986,282.4000000000001,1,1,1.0
30,3,1493.7,530.0,79.09999999999991,175.70000000000005,1,1,0.0
30,4,1328.5,412.2,233.29999999999995,182.40000000000003,1,1,1.0
30,5,1246.05,204.6,294.6500000000001,246.6,1,1,1.0
30,6,1525.35,770.56,54.850000000000136,115.34000000000003,1,1,0.0
31,1,1068.3,514.1,186.4000000000001,247.29999999999995,1,1,1.0
31,2,1337.3,675.6,203.4000000000001,286.0,1,1,1.0
31,3,1493.7,530.0,79.09999999999991,175.70000000000005,1,1,0.0
31,4,1333.7,405.9,227.5999999999999,188.70000000000005,1,1,1.0
31,5,1248.9,202.4,291.79999999999995,253.79999999999998,1,1,1.0
31,6,1525.35,767.83,54.850000000000136,118.06999999999994,1,1,0.0
32,1,1056.2,521.6,194.0,230.79999999999995,1,1,1.0
32,2,1341.8,675.6,197.10000000000014,295.0,1,1,1.0
32,3,1493.7,530.0,79.09999999999991,175.70000000000005,1,1,0.0
32,4,1339.5,405.9,219.70000000000005,188.70000000000005,1,1,1.0
32,5,1242.0,202.4,298.70000000000005,253.79999999999998,1,1,1.0
32,6,1525.35,765.11,54.850000000000136,120.78999999999996,1,1,0.0
33,1,1075.8,508.8,194.70000000000005,239.09999999999997,1,1,1.0
33,2,1341.8,677.4,197.10000000000014,293.20000000000005,1,1,1.0
33,3,1493.7,530.0,79.09999999999991,175.70000000000005,1,1,0.0
33,4,1312.3,399.1,243.20000000000005,192.39999999999998,1,1,1.0
33,5,1237.0,202.4,303.70000000000005,256.29999999999995,1,1,1.0
33,6,1525.35,762.39,54.850000000000136,123.50999999999999,1,1,0.0
34,1,1075.8,517.8,190.9000000000001,230.10000000000002,1,1,1.0
34,2,1341.8,677.4,188.10000000000014,293.20000000000005,1,1,1.0
34,3,1493.7,530.0,79.09999999999991,175.70000000000005,1,1,0.0
34,4,1312.3,388.6,245.29999999999995,202.89999999999998,1,1,1.0
34,5,1237.0,202.4,299.9000000000001,256.29999999999995,1,1,1.0
34,6,1525.35,759.67,54.850000000000136,126.23000000000002,1,1,0.0
35,1,1077.3,523.1,189.4000000000001,229.29999999999995,1,1,1.0
35,2,1341.8,677.4,187.20000000000005,293.20000000000005,1,1,1.0
35,3,1493.7,530.0,79.09999999999991,175.70000000000005,1,1,0.0
35,4,1304.5,388.6,253.0999999999999,207.10000000000002,1,1,1.0
35,5,1237.0,202.4,299.9000000000001,262.0,1,1,1.0
35,6,1525.35,756.94,54.850000000000136,128.95999999999992,1,1,0.0
36,1,1075.8,514.1,190.9000000000001,230.0,1,1,1.0
36,2,1341.8,677.4,196.20000000000005,293.20000000000005,1,1,1.0
36,3,1493.7,530.0,79.09999999999991,175.70000000000005,1,1,0.0
36,4,1281.0,388.6,276.5999999999999,208.69999999999993,1,1,1.0
36,5,1237.0,202.4,299.9000000000001,255.70000000000002,1,1,1.0
36,6,1525.35,754.22,54.850000000000136,131.67999999999995,1,1,0.0
37,1,1082.6,493.0,184.10000000000014,244.29999999999995,1,1,1.0
37,2,1341.8,677.4,194.4000000000001,293.20000000000005,1,1,1.0
37,3,1493.7,530.0,79.09999999999991,175.70000000000005,1,1,0.0
37,4,1303.5,388.6,254.0999999999999,208.69999999999993,1,1,1.0
37,5,1237.0,202.4,299.9000000000001,264.5,1,1,1.0
37,6,1525.35,751.5,54.850000000000136,134.39999999999998,1,1,0.0
38,1,1089.4,465.1,212.69999999999982,254.89999999999998,1,1,1.0
38,2,1341.8,677.4,183.5,293.20000000000005,1,1,1.0
38,3,1493.7,530.0,79.09999999999991,175.70000000000005,1,1,0.0
38,4,1303.5,398.0,254.0999999999999,199.29999999999995,1,1,1.0
38,5,1232.0,202.4,309.9000000000001,268.9,1,1,1.0
38,6,1525.35,754.1,54.850000000000136,131.79999999999995,1,1,0.0
39,1,1062.3,456.8,224.0,240.59999999999997,1,1,1.0
39,2,1341.8,677.4,178.10000000000014,293.20000000000005,1,1,1.0
39,3,1493.7,530.0,79.09999999999991,175.70000000000005,1,1,0.0
39,4,1331.2,410.0,226.39999999999986,225.0,1,1,1.0
39,5,1232.0,199.3,313.0,275.8,1,1,1.0
39,6,1525.35,756.7,54.850000000000136,129.19999999999993,1,1,0.0
40,1,1017.1,529.1,239.10000000000002,195.39999999999998,1,1,1.0
40,2,1341.8,677.4,190.79999999999995,286.9,1,1,1.0
40,3,1493.7,530.0,79.09999999999991,175.70000000000005,1,1,0.0
40,4,1331.2,410.0,227.89999999999986,214.0,1,1,1.0
40,5,1232.0,199.3,313.0,287.09999999999997,1,1,1.0
40,6,1525.35,750.9,54.850000000000136,135.0,1,1,0.0
41,1,1017.1,552.5,239.10000000000002,176.5,1,1,1.0
41,2,1327.3,672.9,191.70000000000005,284.20000000000005,1,1,1.0
41,3,1493.7,530.0,79.09999999999991,175.70000000000005,1,1,0.0
41,4,1333.3,410.0,225.79999999999995,210.29999999999995,1,1,1.0
41,5,1232.0,201.2,313.0,277.7,1,1,1.0
41,6,1525.35,754.0,54.850000000000136,131.89999999999998,1,1,0.0
42,1,1017.1,557.0,239.10000000000002,172.0,1,1,1.0
42,2,1327.3,672.9,191.70000000000005,284.20000000000005,1,1,1.0
42,3,1493.7,530.0,79.09999999999991,172.60000000000002,1,1,0.0
42,4,1333.3,411.0,225.79999999999995,211.89999999999998,1,1,1.0
42,5,1232.0,201.2,313.0,270.2,1,1,1.0
42,6,1526.5,754.0,53.700000000000045,131.89999999999998,1,1,0.0
43,1,1017.1,530.6,239.10000000000002,198.39999999999998,1,1,1.0
43,2,1324.6,672.9,198.9000000000001,284.20000000000005,1,1,1.0
43,3,1493.7,530.0,79.09999999999991,172.60000000000002,1,1,0.0
43,4,1327.0,405.8,232.0999999999999,217.09999999999997,1,1,1.0
43,5,1236.4,201.2,308.5999999999999,270.2,1,1,1.0
43,6,1527.65,754.0,52.549999999999955,131.89999999999998,1,1,0.0
44,1,1025.4,522.3,230.79999999999995,206.70000000000005,1,1,1.0
44,2,1328.2,672.9,195.29999999999995,284.20000000000005,1,1,1.0
44,3,1493.7,530.0,79.09999999999991,172.60000000000002,1,1,0.0
44,4,1327.0,405.8,232.0999999999999,217.09999999999997,1,1,1.0
44,5,1236.4,201.2,308.5999999999999,272.7,1,1,1.0
44,6,1528.8,754.0,51.40000000000009,131.89999999999998,1,1,0.0
45,1,1025.4,530.6,230.79999999999995,198.39999999999998,1,1,1.0
45,2,1328.2,672.9,193.5,284.20000000000005,1,1,1.0
45,3,1493.7,530.0,79.09999999999991,172.60000000000002,1,1,0.0
45,4,1332.2,407.37,226.89999999999986,217.10000000000002,1,1,1.0
45,5,1236.4,201.2,308.5999999999999,260.1,1,1,1.0
45,6,1529.95,754.0,50.25,131.89999999999998,1,1,0.0
46,1,1029.2,530.6,224.0,198.39999999999998,1,1,1.0
46,2,1328.2,672.9,193.5,284.20000000000005,1,1,1.0
46,3,1493.7,535.2,79.09999999999991,167.39999999999998,1,1,0.0
46,4,1329.6,403.99,230.30000000000018,217.85000000000002,1,1,1.0
46,5,1242.1,193.7,302.9000000000001,251.90000000000003,1,1,1.0
46,6,1531.1,754.0,49.100000000000136,131.89999999999998,1,1,0.0
47,1,1029.2,533.6,224.0,195.39999999999998,1,1,1.0
47,2,1328.2,672.9,200.70000000000005,284.20000000000005,1,1,1.0
47,3,1493.7,535.2,79.09999999999991,167.39999999999998,1,1,0.0
47,4,1327.0,400.6,233.70000000000005,218.60000000000002,1,1,1.0
47,5,1245.9,193.7,299.0999999999999,241.2,1,1,1.0
47,6,1531.97,754.0,48.23000000000002,131.89999999999998,1,1,0.0
48,1,1029.2,534.4,224.0,194.60000000000002,1,1,1.0
48,2,1337.2,672.9,199.79999999999995,284.20000000000005,1,1,1.0
48,3,1493.7,535.2,79.09999999999991,167.39999999999998,1,1,0.0
48,4,1327.0,400.6,233.70000000000005,210.19999999999993,1,1,1.0
48,5,1245.9,193.7,299.0999999999999,235.5,1,1,1.0
48,6,1532.83,754.0,47.37000000000012,131.89999999999998,1,1,0.0
49,1,1029.2,525.4,224.0,203.60000000000002,1,1,1.0
49,2,1340.8,672.9,189.0,291.4,1,1,1.0
49,3,1493.7,535.2,79.09999999999991,167.39999999999998,1,1,0.0
49,4,1327.0,388.0,233.20000000000005,226.5,1,1,1.0
49,5,1239.0,202.5,306.0,223.60000000000002,1,1,1.0
49,6,1533.7,754.0,46.5,131.89999999999998,1,1,0.0
50,1,1031.5,532.9,221.70000000000005,196.10000000000002,1,1,1.0
50,2,1340.8,672.9,187.20000000000005,291.4,1,1,1.0
50,3,1493.7,535.2,79.09999999999991,167.39999999999998,1,1,0.0
50,4,1327.0,388.0,233.20000000000005,233.79999999999995,1,1,1.0
50,5,1245.3,203.8,299.70000000000005,261.9,1,1,1.0
50,6,1533.7,760.8,46.5,125.10000000000002,1,1,0.0
51,1,1031.5,540.4,221.70000000000005,188.60000000000002,1,1,1.0
51,2,1340.8,672.9,191.70000000000005,291.4,1,1,1.0
51,3,1493.7,535.2,79.09999999999991,167.39999999999998,1,1,0.0
51,4,1327.0,381.2,230.0999999999999,228.00000000000006,1,1,1.0
51,5,1240.3,198.8,308.5,266.9,1,1,1.0
51,6,1533.7,767.6,46.5,118.29999999999995,1,1,0.0
52,1,1031.5,512.5,221.70000000000005,216.5,1,1,1.0
52,2,1340.8,672.9,193.5,291.4,1,1,1.0
52,3,1493.7,535.2,79.09999999999991,167.39999999999998,1,1,0.0
52,4,1327.0,381.2,230.0999999999999,228.00000000000006,1,1,1.0
52,5,1242.8,198.8,302.9000000000001,275.09999999999997,1,1,1.0
52,6,1533.7,767.6,46.5,118.29999999999995,1,1,0.0
53,1,1031.5,527.6,221.70000000000005,201.39999999999998,1,1,1.0
53,2,1340.8,668.4,184.5,307.70000000000005,1,1,1.0
53,3,1493.7,535.2,79.09999999999991,164.29999999999995,1,1,0.0
53,4,1327.0,381.2,230.0999999999999,234.8,1,1,1.0
53,5,1234.7,200.7,311.0,269.40000000000003,1,1,1.0
53,6,1533.7,767.6,46.5,118.29999999999995,1,1,0.0
54,1,1036.8,526.1,216.4000000000001,202.10000000000002,1,1,1.0
54,2,1335.4,675.7,177.19999999999982,293.19999999999993,1,1,1.0
54,3,1493.7,535.2,79.09999999999991,158.5,1,1,0.0
54,4,1327.0,388.5,233.20000000000005,232.70000000000005,1,1,1.0
54,5,1238.5,200.7,303.4000000000001,270.7,1,1,1.0
54,6,1533.7,767.6,46.5,118.29999999999995,1,1,0.0
55,1,1036.8,531.4,216.4000000000001,196.80000000000007,1,1,1.0
55,2,1335.4,675.7,172.69999999999982,293.19999999999993,1,1,1.0
55,3,1490.0,535.2,82.79999999999995,163.19999999999993,1,1,0.0
55,4,1327.0,388.5,233.20000000000005,232.70000000000005,1,1,1.0
55,5,1241.6,200.7,302.20000000000005,265.0,1,1,1.0
55,6,1533.7,767.6,46.5,118.29999999999995,1,1,0.0
56,1,1036.05,543.5,216.4000000000001,183.19000000000005,1,1,1.0
56,2,1335.4,666.7,172.69999999999982,302.19999999999993,1,1,1.0
56,3,1490.0,535.2,82.79999999999995,163.19999999999993,1,1,0.0
56,4,1327.0,388.5,233.20000000000005,235.29999999999995,1,1,1.0
56,5,1241.6,200.7,302.20000000000005,260.0,1,1,1.0
56,6,1533.7,767.6,46.5,118.29999999999995,1,1,0.0
57,1,1027.8,543.5,224.6500000000001,183.19000000000005,1,1,1.0
57,2,1335.4,664.0,172.69999999999982,314.79999999999995,1,1,1.0
57,3,1490.0,535.2,82.79999999999995,163.19999999999993,1,1,0.0
57,4,1327.0,388.5,233.20000000000005,235.29999999999995,1,1,1.0
57,5,1242.9,200.7,300.89999999999986,266.3,1,1,1.0
57,6,1533.7,767.6,46.5,118.29999999999995,1,1,0.0
58,1,1033.1,526.2,219.35000000000014,200.49,1,1,1.0
58,2,1352.6,665.8,182.60000000000014,320.20000000000005,1,1,1.0
58,3,1490.0,526.8,82.79999999999995,171.60000000000002,1,1,0.0
58,4,1327.0,388.5,233.20000000000005,235.29999999999995,1,1,1.0
58,5,1242.9,200.7,300.89999999999986,260.0,1,1,1.0
58,6,1533.7,767.6,46.5,118.29999999999995,1,1,0.0
59,1,1033.1,502.1,219.35000000000014,208.79999999999995,1,1,1.0
59,2,1352.6,679.4,178.10000000000014,300.30000000000007,1,1,1.0
59,3,1490.0,526.3,82.79999999999995,172.10000000000002,1,1,0.0
59,4,1327.0,377.0,231.5999999999999,246.79999999999995,1,1,1.0
59,5,1242.9,200.7,300.89999999999986,258.7,1,1,1.0
59,6,1533.7,767.6,46.5,118.29999999999995,1,1,0.0
60,1,1055.0,497.6,222.29999999999995,213.29999999999995,1,1,1.0
60,2,1352.6,679.4,176.30000000000018,294.0,1,1,1.0
60,3,1490.0,518.5,82.79999999999995,179.89999999999998,1,1,0.0
60,4,1317.6,369.2,240.5,245.7,1,1,1.0
60,5,1242.9,200.7,300.89999999999986,258.7,1,1,1.0
60,6,1533.7,767.6,46.5,118.29999999999995,1,1,0.0
61,1,1055.8,505.9,221.5,194.5,1,1,1.0
61,2,1347.2,679.4,181.70000000000005,294.0,1,1,1.0
61,3,1490.0,524.8,82.79999999999995,173.60000000000002,1,1,0.0
61,4,1317.6,361.4,238.9000000000001,268.20000000000005,1,1,1.0
61,5,1242.9,200.7,300.89999999999986,258.7,1,1,1.0
61,6,1533.7,767.6,46.5,118.29999999999995,1,1,0.0
62,1,1067.9,505.9,215.39999999999986,198.30000000000007,1,1,1.0
62,2,1347.2,675.8,177.20000000000005,291.30000000000007,1,1,1.0
62,3,1451.8,524.8,121.0,163.10000000000002,1,1,0.0
62,4,1323.9,367.7,233.0999999999999,259.8,1,1,1.0
62,5,1242.9,203.2,300.89999999999986,258.7,1,1,1.0
62,6,1533.7,767.6,46.5,118.29999999999995,1,1,0.0
63,1,1099.5,460.7,207.20000000000005,236.00000000000006,1,1,1.0
63,2,1340.0,675.8,185.29999999999995,291.30000000000007,1,1,1.0
63,3,1458.1,495.0,114.70000000000005,203.39999999999998,1,1,0.0
63,4,1328.1,376.1,229.4000000000001,249.29999999999995,1,1,1.0
63,5,1242.9,203.2,300.89999999999986,261.8,1,1,1.0
63,6,1533.7,767.6,46.5,118.29999999999995,1,1,0.0
64,1,1045.25,544.3,211.75,187.82000000000005,1,1,1.0
64,2,1324.6,675.8,200.70000000000005,291.30000000000007,1,1,1.0
64,3,1461.2,510.7,111.59999999999991,187.7,1,1,0.0
64,4,1333.9,363.5,221.5,245.70000000000005,1,1,1.0
64,5,1234.7,203.2,309.0999999999999,254.90000000000003,1,1,1.0
64,6,1533.7,767.6,46.5,118.29999999999995,1,1,0.0
65,1,1040.7,550.3,216.29999999999995,184.80000000000007,1,1,1.0
65,2,1316.5,679.4,208.79999999999995,287.70000000000005,1,1,1.0
65,3,1460.7,510.7,112.09999999999991,187.7,1,1,0.0
65,4,1333.9,376.6,225.19999999999982,217.39999999999998,1,1,1.0
65,5,1238.5,201.3,305.29999999999995,255.5,1,1,1.0
65,6,1539.4,767.6,40.799999999999955,118.29999999999995,1,1,0.0
66,1,1040.7,551.8,216.29999999999995,183.30000000000007,1,1,1.0
66,2,1321.9,679.4,203.39999999999986,287.70000000000005,1,1,1.0
66,3,1461.2,497.6,111.59999999999991,200.79999999999995,1,1,0.0
66,4,1295.2,376.6,263.89999999999986,221.60000000000002,1,1,1.0
66,5,1238.5,201.3,305.29999999999995,255.5,1,1,1.0
66,6,1536.1,767.6,44.100000000000136,118.29999999999995,1,1,0.0
67,1,1040.7,520.9,216.29999999999995,214.20000000000005,1,1,1.0
67,2,1318.3,679.4,207.0,287.70000000000005,1,1,1.0
67,3,1465.9,514.9,106.89999999999986,183.5,1,1,0.0
67,4,1295.2,382.4,264.39999999999986,223.10000000000002,1,1,1.0
67,5,1238.5,201.9,305.29999999999995,263.70000000000005,1,1,1.0
67,6,1536.55,767.6,43.65000000000009,118.29999999999995,1,1,0.0
68,1,1040.7,523.9,216.29999999999995,211.20000000000005,1,1,1.0
68,2,1318.3,679.4,207.0,287.70000000000005,1,1,1.0
68,3,1471.7,516.0,101.09999999999991,182.39999999999998,1,1,0.0
68,4,1300.4,382.4,259.1999999999998,223.10000000000002,1,1,1.0
68,5,1238.5,204.4,305.29999999999995,261.20000000000005,1,1,1.0
68,6,1537.0,767.6,43.200000000000045,118.29999999999995,1,1,0.0
69,1,1040.7,532.2,214.0,202.89999999999998,1,1,1.0
69,2,1318.3,670.4,207.0,296.70000000000005,1,1,1.0
69,3,1481.1,528.0,91.70000000000005,175.60000000000002,1,1,0.0
69,4,1323.9,388.7,236.19999999999982,212.59999999999997,1,1,1.0
69,5,1238.5,204.4,305.29999999999995,252.99999999999997,1,1,1.0
69,6,1536.7,767.6,43.5,118.29999999999995,1,1,0.0
70,1,1040.7,540.5,214.0,194.60000000000002,1,1,1.0
70,2,1309.3,675.8,226.9000000000001,291.30000000000007,1,1,1.0
70,3,1483.7,523.8,89.09999999999991,179.80000000000007,1,1,0.0
70,4,1323.9,391.8,235.19999999999982,209.49999999999994,1,1,1.0
70,5,1248.5,204.4,295.29999999999995,251.1,1,1,1.0
70,6,1542.5,767.6,37.700000000000045,118.29999999999995,1,1,0.0
71,1,1040.7,525.4,214.0,209.70000000000005,1,1,1.0
71,2,1309.3,675.8,226.9000000000001,291.30000000000007,1,1,1.0
71,3,1472.7,509.1,100.09999999999991,194.5,1,1,0.0
71,4,1323.9,391.8,235.19999999999982,209.49999999999994,1,1,1.0
71,5,1243.5,204.4,300.29999999999995,251.1,1,1,1.0
71,6,1540.8,767.6,39.40000000000009,118.29999999999995,1,1,0.0
72,1,1040.7,535.9,214.0,199.20000000000005,1,1,1.0
72,2,1309.3,675.8,232.29999999999995,291.30000000000007,1,1,1.0
72,3,1472.7,496.5,100.09999999999991,207.10000000000002,1,1,0.0
72,4,1323.9,391.8,235.19999999999982,208.49999999999994,1,1,1.0
72,5,1212.1,204.4,345.5,235.99999999999997,1,1,1.0
72,6,1546.4,767.6,33.799999999999955,118.29999999999995,1,1,0.0
73,1,1040.7,535.9,214.0,199.20000000000005,1,1,1.0
73,2,1312.0,675.8,229.5999999999999,291.30000000000007,1,1,1.0
73,3,1472.7,496.5,100.09999999999991,207.10000000000002,1,1,0.0
73,4,1325.5,391.8,233.5999999999999,208.49999999999994,1,1,1.0
73,5,1230.9,202.5,326.6999999999998,237.89999999999998,1,1,1.0
73,6,1557.4,767.6,22.799999999999955,118.29999999999995,1,1,0.0
74,1,1040.7,525.4,214.0,209.70000000000005,1,1,1.0
74,2,1312.0,675.8,229.5999999999999,286.80000000000007,1,1,1.0
74,3,1472.7,503.3,100.09999999999991,200.3,1,1,0.0
74,4,1325.5,391.8,233.5999999999999,208.49999999999994,1,1,1.0
74,5,1229.0,202.5,328.5999999999999,237.89999999999998,1,1,1.0
74,6,1553.8,767.6,26.40000000000009,118.29999999999995,1,1,0.0
75,1,1040.7,535.9,214.0,199.20000000000005,1,1,1.0
75,2,1312.0,676.7,229.5999999999999,285.9,1,1,1.0
75,3,1477.9,503.3,94.89999999999986,200.3,1,1,0.0
75,4,1325.5,394.9,233.5999999999999,201.20000000000005,1,1,1.0
75,5,1222.1,202.5,335.5,237.89999999999998,1,1,1.0
75,6,1550.2,767.6,30.0,118.29999999999995,1,1,0.0
76,1,1040.7,534.4,214.0,196.89999999999998,1,1,1.0
76,2,1312.0,676.7,229.5999999999999,285.9,1,1,1.0
76,3,1477.9,503.3,94.89999999999986,200.3,1,1,0.0
76,4,1325.5,391.8,233.5999999999999,204.3,1,1,1.0
76,5,1200.7,202.5,350.5999999999999,232.89999999999998,1,1,1.0
76,6,1555.7,767.6,24.5,118.29999999999995,1,1,0.0
77,1,1042.2,540.4,212.5,190.89999999999998,1,1,1.0
77,2,1312.0,676.7,229.5999999999999,285.9,1,1,1.0
77,3,1477.9,510.6,94.89999999999986,193.0,1,1,0.0
77,4,1325.5,394.4,233.5999999999999,201.70000000000005,1,1,1.0
77,5,1235.2,198.7,316.0999999999999,233.60000000000002,1,1,1.0
77,6,1550.4,767.6,29.799999999999955,118.29999999999995,1,1,0.0
78,1,1042.2,540.4,212.5,190.89999999999998,1,1,1.0
78,2,1312.0,676.7,229.5999999999999,285.9,1,1,1.0
78,3,1477.9,510.6,94.89999999999986,190.89999999999998,1,1,0.0
78,4,1325.5,396.25,233.5999999999999,199.85000000000002,1,1,1.0
78,5,1223.3,202.5,328.0,233.60000000000002,1,1,1.0
78,6,1540.0,767.6,40.200000000000045,118.29999999999995,1,1,0.0
79,1,1042.2,540.4,212.5,190.89999999999998,1,1,1.0
79,2,1312.0,676.7,229.5999999999999,285.9,1,1,1.0
79,3,1477.9,502.2,94.89999999999986,199.3,1,1,0.0
79,4,1325.5,398.1,233.5999999999999,198.0,1,1,1.0
79,5,1227.7,202.5,323.5999999999999,233.60000000000002,1,1,1.0
79,6,1538.8,767.6,41.40000000000009,118.29999999999995,1,1,0.0
80,1,1042.2,540.4,212.5,190.89999999999998,1,1,1.0
80,2,1312.0,676.7,229.5999999999999,285.9,1,1,1.0
80,3,1477.9,502.2,94.89999999999986,199.3,1,1,0.0
80,4,1325.5,398.1,233.5999999999999,198.0,1,1,1.0
80,5,1225.2,202.5,329.89999999999986,233.60000000000002,1,1,1.0
80,6,1537.9,767.6,42.299999999999955,118.29999999999995,1,1,0.0
81,1,1049.0,529.9,205.70000000000005,201.39999999999998,1,1,1.0
81,2,1312.0,676.7,229.5999999999999,285.9,1,1,1.0
81,3,1477.9,502.2,94.89999999999986,199.3,1,1,0.0
81,4,1325.5,398.1,233.5999999999999,198.0,1,1,1.0
81,5,1224.6,202.5,325.5,231.7,1,1,1.0
81,6,1537.0,767.6,43.200000000000045,118.29999999999995,1,1,0.0
82,1,1051.3,522.4,203.4000000000001,211.89999999999998,1,1,1.0
82,2,1312.0,676.7,224.20000000000005,285.9,1,1,1.0
82,3,1477.9,502.2,94.89999999999986,199.3,1,1,0.0
82,4,1325.5,398.1,233.5999999999999,198.0,1,1,1.0
82,5,1227.7,202.5,322.39999999999986,231.7,1,1,1.0
82,6,1536.1,767.6,44.100000000000136,118.29999999999995,1,1,0.0
83,1,1061.8,505.8,189.9000000000001,226.99999999999994,1,1,1.0
83,2,1319.2,676.7,210.70000000000005,285.9,1,1,1.0
83,3,1461.7,502.2,111.09999999999991,199.3,1,1,0.0
83,4,1319.2,398.1,239.89999999999986,195.89999999999998,1,1,1.0
83,5,1232.1,202.5,318.0,231.7,1,1,1.0
83,6,1536.1,767.6,44.100000000000136,118.29999999999995,1,1,0.0
84,1,1052.0,514.1,195.20000000000005,220.19999999999993,1,1,1.0
84,2,1319.2,676.7,210.70000000000005,285.9,1,1,1.0
84,3,1474.3,502.2,98.5,199.3,1,1,0.0
84,4,1319.2,398.1,239.89999999999986,195.89999999999998,1,1,1.0
84,5,1240.3,197.5,305.4000000000001,229.2,1,1,1.0
84,6,1536.1,767.6,44.100000000000136,118.29999999999995,1,1,0.0
85,1,1048.2,520.9,199.0,217.89999999999998,1,1,1.0
85,2,1319.2,676.7,210.70000000000005,285.9,1,1,1.0
85,3,1474.3,498.0,98.5,203.5,1,1,0.0
85,4,1319.2,398.1,239.89999999999986,195.89999999999998,1,1,1.0
85,5,1232.1,197.5,313.60000000000014,233.60000000000002,1,1,1.0
85,6,1536.1,767.6,44.100000000000136,118.29999999999995,1,1,0.0
86,1,1042.9,520.9,204.29999999999995,217.89999999999998,1,1,1.0
86,2,1319.2,676.7,210.70000000000005,285.9,1,1,1.0
86,3,1484.2,498.0,88.59999999999991,203.5,1,1,0.0
86,4,1319.2,398.1,239.89999999999986,195.89999999999998,1,1,1.0
86,5,1234.6,198.1,306.70000000000005,233.00000000000003,1,1,1.0
86,6,1536.1,767.6,44.100000000000136,118.29999999999995,1,1,0.0
87,1,1045.9,493.0,200.5,220.89999999999998,1,1,1.0
87,2,1323.7,676.7,206.20000000000005,285.9,1,1,1.0
87,3,1478.4,498.0,94.39999999999986,203.5,1,1,0.0
87,4,1319.2,398.1,239.89999999999986,195.89999999999998,1,1,1.0
87,5,1234.6,200.0,310.5,231.10000000000002,1,1,1.0
87,6,1536.1,767.6,44.100000000000136,118.29999999999995,1,1,0.0
88,1,1080.6,444.0,208.70000000000005,229.20000000000005,1,1,1.0
88,2,1326.4,667.7,203.5,305.79999999999995,1,1,1.0
88,3,1478.4,505.3,94.39999999999986,196.2,1,1,0.0
88,4,1319.2,407.0,239.89999999999986,187.0,1,1,1.0
88,5,1234.6,200.0,309.20000000000005,231.10000000000002,1,1,1.0
88,6,1536.1,767.6,44.100000000000136,118.29999999999995,1,1,0.0
89,1,1020.3,478.7,250.9000000000001,202.00000000000006,1,1,1.0
89,2,1327.3,660.5,202.60000000000014,318.4,1,1,1.0
89,3,1478.4,512.6,94.39999999999986,188.89999999999998,1,1,0.0
89,4,1319.2,409.1,239.89999999999986,184.89999999999998,1,1,1.0
89,5,1237.45,200.0,306.3499999999999,231.10000000000002,1,1,1.0
89,6,1536.1,767.6,44.100000000000136,118.29999999999995,1,1,0.0
90,1,998.4,513.4,240.39999999999998,177.10000000000002,1,1,1.0
90,2,1327.3,660.5,198.10000000000014,319.29999999999995,1,1,1.0
90,3,1484.7,512.6,88.09999999999991,193.10000000000002,1,1,0.0
90,4,1309.3,386.1,249.79999999999995,207.89999999999998,1,1,1.0
90,5,1240.3,200.0,303.5,231.10000000000002,1,1,1.0
90,6,1536.1,767.6,44.100000000000136,118.29999999999995,1,1,0.0
91,1,998.4,513.4,240.39999999999998,177.10000000000002,1,1,1.0
91,2,1327.3,660.5,198.10000000000014,319.29999999999995,1,1,1.0
91,3,1470.6,512.6,102.20000000000005,193.10000000000002,1,1,0.0
91,4,1318.2,398.1,240.37999999999988,200.09000000000003,1,1,1.0
91,5,1240.3,200.0,306.0,233.60000000000002,1,1,1.0
91,6,1536.1,767.6,44.100000000000136,118.29999999999995,1,1,0.0
92,1,998.4,513.4,240.39999999999998,177.10000000000002,1,1,1.0
92,2,1337.2,646.9,182.79999999999995,343.80000000000007,1,1,1.0
92,3,1481.1,512.6,91.70000000000005,193.10000000000002,1,1,0.0
92,4,1318.2,394.4,240.37999999999988,203.79000000000008,1,1,1.0
92,5,1240.3,200.0,306.0,233.60000000000002,1,1,1.0
92,6,1536.1,767.6,44.100000000000136,118.29999999999995,1,1,0.0
93,1,992.4,513.4,250.19999999999993,177.10000000000002,1,1,1.0
93,2,1346.2,671.3,179.20000000000005,319.4000000000001,1,1,1.0
93,3,1467.0,518.4,105.79999999999995,187.30000000000007,1,1,0.0
93,4,1322.4,395.4,236.17999999999984,202.79000000000008,1,1,1.0
93,5,1240.3,201.3,306.0,236.7,1,1,1.0
93,6,1536.1,767.6,44.100000000000136,118.29999999999995,1,1,0.0
94,1,992.4,513.4,250.19999999999993,177.10000000000002,1,1,1.0
94,2,1346.2,683.1,170.20000000000005,307.6,1,1,1.0
94,3,1471.2,510.0,101.59999999999991,195.70000000000005,1,1,0.0
94,4,1326.6,395.4,231.98000000000002,202.79000000000008,1,1,1.0
94,5,1240.3,181.2,306.0,265.6,1,1,1.0
94,6,1536.1,767.6,44.100000000000136,118.29999999999995,1,1,0.0
95,1,992.4,514.9,274.30000000000007,173.30000000000007,1,1,1.0
95,2,1351.6,683.1,164.80000000000018,297.69999999999993,1,1,1.0
95,3,1488.5,514.7,84.29999999999995,181.5999999999999,1,1,0.0
95,4,1335.0,395.4,223.57999999999993,198.10000000000002,1,1,1.0
95,5,1248.5,164.9,297.79999999999995,278.1,1,1,1.0
95,6,1536.1,767.6,44.100000000000136,118.29999999999995,1,1,0.0
96,1,988.6,471.9,261.4999999999999,217.80000000000007,1,1,1.0
96,2,1351.6,686.25,177.0,294.54999999999995,1,1,1.0
96,3,1488.5,497.4,84.29999999999995,198.89999999999998,1,1,0.0
96,4,1335.0,395.4,223.57999999999993,198.10000000000002,1,1,1.0
96,5,1248.5,169.9,300.29999999999995,273.1,1,1,1.0
96,6,1536.1,767.6,44.100000000000136,118.29999999999995,1,1,0.0
97,1,991.6,490.0,258.4999999999999,214.0,1,1,1.0
97,2,1351.6,689.4,189.20000000000005,291.4,1,1,1.0
97,3,1488.5,497.4,84.29999999999995,198.89999999999998,1,1,0.0
97,4,1322.4,384.4,236.17999999999984,247.30000000000007,1,1,1.0
97,5,1251.0,164.8,300.9000000000001,275.7,1,1,1.0
97,6,1536.1,767.6,44.100000000000136,118.29999999999995,1,1,0.0
98,1,991.6,495.3,269.1,208.7,1,1,1.0
98,2,1346.2,691.2,191.0,274.19999999999993,1,1,1.0
98,3,1488.5,501.6,84.29999999999995,194.69999999999993,1,1,0.0
98,4,1325.5,384.4,233.07999999999993,247.30000000000007,1,1,1.0
98,5,1231.5,204.4,320.4000000000001,236.1,1,1,1.0
98,6,1536.1,767.6,44.100000000000136,118.29999999999995,1,1,0.0
99,1,1002.1,498.3,258.6,216.99999999999994,1,1,1.0
99,2,1348.9,687.6,184.69999999999982,286.79999999999995,1,1,1.0
99,3,1488.5,501.6,84.29999999999995,194.69999999999993,1,1,0.0
99,4,1331.3,375.5,227.27999999999997,235.29999999999995,1,1,1.0
99,5,1230.9,204.4,321.0,241.79999999999998,1,1,1.0
99,6,1536.1,767.6,44.100000000000136,136.60000000000002,1,1,0.0
100,1,1002.1,498.3,258.6,216.99999999999994,1,1,1.0
100,2,1352.5,687.6,181.0999999999999,286.79999999999995,1,1,1.0
100,3,1488.5,501.6,84.29999999999995,194.69999999999993,1,1,0.0
100,4,1331.3,380.7,227.27999999999997,221.2,1,1,1.0
100,5,1222.7,213.2,322.89999999999986,226.7,1,1,1.0
100,6,1536.1,767.6,44.100000000000136,136.60000000000002,1,1,0.0
101,1,1002.1,502.1,258.6,213.19999999999993,1,1,1.0
101,2,1352.5,681.3,173.0,293.1,1,1,1.0
101,3,1488.5,501.6,84.29999999999995,194.69999999999993,1,1,0.0
101,4,1331.3,380.7,227.27999999999997,219.59999999999997,1,1,1.0
101,5,1234.6,200.0,314.8000000000002,239.89999999999998,1,1,1.0
101,6,1536.1,767.6,44.100000000000136,136.60000000000002,1,1,0.0
102,1,1002.1,493.8,258.6,221.49999999999994,1,1,1.0
102,2,1357.0,682.2,179.4000000000001,292.19999999999993,1,1,1.0
102,3,1488.5,510.0,84.29999999999995,186.29999999999995,1,1,0.0
102,4,1328.2,382.8,230.37999999999988,217.49999999999994,1,1,1.0
102,5,1234.6,208.8,319.20000000000005,231.09999999999997,1,1,1.0
102,6,1536.1,779.4,44.100000000000136,124.80000000000007,1,1,0.0
103,1,1007.4,489.3,253.30000000000007,234.99999999999994,1,1,1.0
103,2,1357.0,671.3,169.5,307.6,1,1,1.0
103,3,1488.5,521.0,84.29999999999995,175.29999999999995,1,1,0.0
103,4,1328.2,376.5,230.37999999999988,223.79999999999995,1,1,1.0
103,5,1222.0,206.3,331.79999999999995,233.59999999999997,1,1,1.0
103,6,1536.1,779.4,44.100000000000136,124.80000000000007,1,1,0.0
104,1,1014.2,516.4,232.20000000000005,201.89999999999998,1,1,1.0
104,2,1357.0,658.6,174.9000000000001,320.29999999999995,1,1,1.0
104,3,1488.5,510.0,84.29999999999995,192.60000000000002,1,1,0.0
104,4,1328.2,368.1,230.37999999999988,232.19999999999993,1,1,1.0
104,5,1222.0,197.5,331.79999999999995,242.39999999999998,1,1,1.0
104,6,1536.1,779.4,44.100000000000136,124.80000000000007,1,1,0.0
105,1,1013.4,487.8,236.80000000000007,204.90000000000003,1,1,1.0
105,2,1357.0,658.6,174.9000000000001,320.29999999999995,1,1,1.0
105,3,1462.9,549.2,109.89999999999986,137.69999999999993,1,1,0.0
105,4,1328.2,368.1,230.37999999999988,225.39999999999998,1,1,1.0
105,5,1229.5,198.8,321.79999999999995,229.2,1,1,1.0
105,6,1536.1,779.4,44.100000000000136,124.80000000000007,1,1,0.0
106,1,1056.3,431.3,246.60000000000014,208.7,1,1,1.0
106,2,1354.3,627.9,164.9000000000001,351.0,1,1,1.0
106,3,1462.9,549.2,109.89999999999986,137.69999999999993,1,1,0.0
106,4,1328.2,372.3,230.37999999999988,224.90000000000003,1,1,1.0
106,5,1242.1,207.6,300.4000000000001,220.4,1,1,1.0
106,6,1536.1,779.4,44.100000000000136,124.80000000000007,1,1,0.0
107,1,978.7,510.4,248.79999999999995,186.89999999999998,1,1,1.0
107,2,1354.3,636.9,164.9000000000001,342.0,1,1,1.0
107,3,1455.6,569.1,117.20000000000005,133.5,1,1,0.0
107,4,1334.0,359.2,218.79999999999995,242.7,1,1,1.0
107,5,1247.8,209.5,294.70000000000005,221.0,1,1,1.0
107,6,1536.1,779.4,44.100000000000136,124.80000000000007,1,1,0.0
108,1,978.7,523.2,256.29999999999995,174.0999999999999,1,1,1.0
108,2,1354.3,640.5,172.10000000000014,338.4,1,1,1.0
108,3,1455.6,569.1,117.20000000000005,133.5,1,1,0.0
108,4,1340.3,393.2,181.70000000000005,216.50000000000006,1,1,1.0
108,5,1241.5,212.6,301.0,223.6,1,1,1.0
108,6,1536.1,779.4,44.100000000000136,124.80000000000007,1,1,0.0
109,1,978.7,517.9,254.79999999999995,179.39999999999998,1,1,1.0
109,2,1354.3,626.9,168.5,359.20000000000005,1,1,1.0
109,3,1488.0,546.6,84.79999999999995,149.69999999999993,1,1,0.0
109,4,1350.2,381.2,183.29999999999995,213.3,1,1,1.0
109,5,1235.8,212.6,306.70000000000005,223.6,1,1,1.0
109,6,1536.1,783.17,44.100000000000136,121.03000000000009,1,1,0.0
110,1,972.7,517.9,260.79999999999995,173.39999999999998,1,1,1.0
110,2,1348.9,641.4,169.39999999999986,344.70000000000005,1,1,1.0
110,3,1488.0,546.6,84.79999999999995,149.69999999999993,1,1,0.0
110,4,1350.2,390.1,186.39999999999986,210.19999999999993,1,1,1.0
110,5,1237.1,212.6,308.5,223.6,1,1,1.0
110,6,1536.1,786.93,44.100000000000136,117.2700000000001,1,1,0.0
111,1,972.7,520.9,257.79999999999995,170.39999999999998,1,1,1.0
111,2,1348.9,648.6,169.39999999999986,337.5,1,1,1.0
111,3,1488.0,546.6,84.79999999999995,149.69999999999993,1,1,0.0
111,4,1327.7,394.8,226.70000000000005,211.3,1,1,1.0
111,5,1213.2,212.6,332.39999999999986,220.50000000000003,1,1,1.0
111,6,1536.1,790.7,44.100000000000136,113.5,1,1,0.0
112,1,976.5,520.9,254.0,170.39999999999998,1,1,1.0
112,2,1348.9,636.8,169.39999999999986,346.6,1,1,1.0
112,3,1488.0,533.5,84.79999999999995,162.79999999999995,1,1,0.0
112,4,1313.0,394.8,241.4000000000001,204.49999999999994,1,1,1.0
112,5,1209.4,212.6,339.29999999999995,220.50000000000003,1,1,1.0
112,6,1536.1,790.7,44.100000000000136,113.5,1,1,0.0
113,1,976.5,529.9,281.9000000000001,161.39999999999998,1,1,1.0
113,2,1352.5,643.1,165.79999999999995,340.29999999999995,1,1,1.0
113,3,1488.0,533.5,84.79999999999995,157.60000000000002,1,1,0.0
113,4,1314.0,400.0,237.79999999999995,206.10000000000002,1,1,1.0
113,5,1192.4,212.6,356.29999999999995,213.6,1,1,1.0
113,6,1536.1,790.7,44.100000000000136,113.5,1,1,0.0
114,1,976.5,534.4,281.9000000000001,156.89999999999998,1,1,1.0
114,2,1352.5,637.7,165.79999999999995,345.69999999999993,1,1,1.0
114,3,1488.0,537.7,84.79999999999995,153.39999999999998,1,1,0.0
114,4,1314.0,404.2,239.9000000000001,201.90000000000003,1,1,1.0
114,5,1190.5,212.6,350.0,226.20000000000002,1,1,1.0
114,6,1536.1,790.7,44.100000000000136,113.5,1,1,0.0
115,1,971.2,534.4,273.5999999999999,156.89999999999998,1,1,1.0
115,2,1352.5,644.9,165.79999999999995,338.5,1,1,1.0
115,3,1482.2,537.7,90.59999999999991,156.0,1,1,0.0
115,4,1309.8,404.2,244.10000000000014,201.90000000000003,1,1,1.0
115,5,1215.0,202.6,317.29999999999995,244.4,1,1,1.0
115,6,1536.1,790.7,44.100000000000136,113.5,1,1,0.0
116,1,971.2,534.4,266.0999999999999,156.89999999999998,1,1,1.0
116,2,1352.5,628.6,165.79999999999995,354.79999999999995,1,1,1.0
116,3,1482.2,542.9,90.59999999999991,150.80000000000007,1,1,0.0
116,4,1309.8,409.4,247.20000000000005,196.70000000000005,1,1,1.0
116,5,1220.7,198.8,314.0999999999999,248.2,1,1,1.0
116,6,1536.1,790.7,44.100000000000136,113.5,1,1,0.0
117,1,974.2,532.1,254.0999999999999,159.19999999999993,1,1,1.0
117,2,1343.5,644.9,165.79999999999995,338.5,1,1,1.0
117,3,1493.7,542.9,79.09999999999991,150.80000000000007,1,1,0.0
117,4,1309.8,409.4,247.20000000000005,189.89999999999998,1,1,1.0
117,5,1224.5,193.8,310.29999999999995,253.2,1,1,1.0
117,6,1536.1,790.7,44.100000000000136,113.5,1,1,0.0
118,1,979.5,530.6,254.79999999999995,160.69999999999993,1,1,1.0
118,2,1343.5,645.8,158.5999999999999,337.6,1,1,1.0
118,3,1500.0,542.9,72.79999999999995,147.10000000000002,1,1,0.0
118,4,1309.8,409.9,246.20000000000005,189.39999999999998,1,1,1.0
118,5,1193.1,196.9,348.60000000000014,244.4,1,1,1.0
118,6,1536.1,790.7,44.100000000000136,113.5,1,1,0.0
119,1,1001.4,532.9,250.19999999999993,175.70000000000005,1,1,1.0
119,2,1343.5,634.9,158.5999999999999,343.1,1,1,1.0
119,3,1500.0,542.9,72.79999999999995,147.10000000000002,1,1,0.0
119,4,1311.4,400.5,246.69999999999982,203.0,1,1,1.0
119,5,1231.4,200.7,327.89999999999986,240.60000000000002,1,1,1.0
119,6,1536.1,790.7,44.100000000000136,113.5,1,1,0.0
120,1,1009.7,526.9,240.39999999999986,172.70000000000005,1,1,1.0
120,2,1337.2,623.1,159.5,354.9,1,1,1.0
120,3,1503.1,545.0,69.70000000000005,170.10000000000002,1,1,0.0
120,4,1336.0,392.15,207.92000000000007,193.55000000000007,1,1,1.0
120,5,1253.4,200.0,312.1999999999998,229.39999999999998,1,1,1.0
120,6,1527.8,790.7,52.40000000000009,113.5,1,1,0.0
