1,1,247.4,844.2,282.0,137.5,1,1,1.0
1,2,370.9,593.1,232.60000000000002,204.10000000000002,1,1,1.0
1,3,647.0,506.3,223.39999999999998,209.3,1,1,1.0
1,4,700.9,254.5,339.0000000000001,175.89999999999998,1,1,1.0
1,5,1039.0,351.4,226.5999999999999,262.20000000000005,1,1,1.0
1,6,1311.3,108.9,360.9000000000001,222.20000000000002,1,1,1.0
1,7,1279.1,443.1,239.4000000000001,239.19999999999993,1,1,1.0
1,8,1800.1,488.1,262.0999999999999,167.29999999999995,1,1,1.0
1,9,1731.7,759.1,311.89999999999986,201.89999999999998,1,1,1.0
2,1,264.7,844.2,268.50000000000006,138.19999999999993,1,1,1.0
2,2,372.4,598.4,231.10000000000002,198.10000000000002,1,1,1.0
2,3,638.0,506.3,231.60000000000002,204.8,1,1,1.0
2,4,700.1,254.5,336.69999999999993,178.10000000000002,1,1,1.0
2,5,1039.4,352.2,228.5,255.90000000000003,1,1,1.0
2,6,1315.8,108.9,356.4000000000001,222.20000000000002,1,1,1.0
2,7,1278.5,441.6,234.70000000000005,236.79999999999995,1,1,1.0
2,8,1808.3,476.7,250.10000000000014,178.50000000000006,1,1,1.0
2,9,1751.8,755.3,289.9000000000001,205.70000000000005,1,1,1.0
3,1,267.7,844.2,267.8,135.19999999999993,1,1,1.0
3,2,367.9,597.8,234.0,197.9000000000001,1,1,1.0
3,3,635.0,510.0,234.60000000000002,204.20000000000005,1,1,1.0
3,4,701.5,254.5,332.29999999999995,178.2,1,1,1.0
3,5,1039.4,348.4,230.0,262.70000000000005,1,1,1.0
3,6,1308.6,119.7,371.70000000000005,211.40000000000003,1,1,1.0
3,7,1278.4,439.3,236.29999999999995,239.90000000000003,1,1,1.0
3,8,1812.0,482.4,246.4000000000001,170.89999999999998,1,1,1.0
3,9,1766.9,750.9,272.89999999999986,210.10000000000002,1,1,1.0
4,1,284.3,845.0,247.40000000000003,132.89999999999998,1,1,1.0
4,2,367.1,597.0,240.10000000000002,199.60000000000002,1,1,1.0
4,3,641.8,510.0,223.30000000000007,205.0,1,1,1.0
4,4,700.0,255.3,331.5999999999999,177.3,1,1,1.0
4,5,1037.1,348.4,230.80000000000018,265.0,1,1,1.0
4,6,1295.9,114.3,384.39999999999986,214.09999999999997,1,1,1.0
4,7,1276.6,438.5,237.30000000000018,240.0,1,1,1.0
4,8,1803.8,481.8,257.10000000000014,168.40000000000003,1,1,1.0
4,9,1755.6,752.2,281.70000000000005,208.0999999999999,1,1,1.0
5,1,272.2,846.5,261.8,133.70000000000005,1,1,1.0
5,2,344.0,625.6,270.0,171.69999999999993,1,1,1.0
5,3,653.9,509.2,207.39999999999998,197.50000000000006,1,1,1.0
5,4,701.6,251.5,326.9999999999999,177.0,1,1,1.0
5,5,1041.6,346.2,230.20000000000005,264.90000000000003,1,1,1.0
5,6,1304.0,112.5,375.4000000000001,217.7,1,1,1.0
5,7,1280.4,440.8,233.5,236.90000000000003,1,1,1.0
5,8,1793.8,481.2,266.5000000000002,169.00000000000006,1,1,1.0
5,9,1764.4,754.7,270.39999999999986,206.19999999999993,1,1,1.0
6,1,282.0,846.5,252.0,133.70000000000005,1,1,1.0
6,2,328.7,613.5,298.09999999999997,169.5,1,1,1.0
6,3,655.5,502.4,205.0,207.30000000000007,1,1,1.0
6,4,700.1,253.1,330.69999999999993,172.20000000000002,1,1,1.0
6,5,1034.1,343.7,231.9000000000001,268.2,1,1,1.0
6,6,1304.0,112.5,375.4000000000001,215.89999999999998,1,1,1.0
6,7,1280.1,440.8,233.80000000000018,237.59999999999997,1,1,1.0
6,8,1810.1,480.6,249.5999999999999,170.89999999999998,1,1,1.0
6,9,1763.8,754.1,272.29999999999995,209.29999999999995,1,1,1.0
7,1,291.0,844.2,243.0,136.0,1,1,1.0
7,2,301.6,631.3,341.79999999999995,144.70000000000005,1,1,1.0
7,3,639.9,502.4,222.10000000000002,205.80000000000007,1,1,1.0
7,4,694.9,267.4,329.5000000000001,158.70000000000005,1,1,1.0
7,5,1033.3,341.6,230.79999999999995,270.29999999999995,1,1,1.0
7,6,1285.9,114.3,393.5,215.0,1,1,1.0
7,7,1282.3,440.8,231.60000000000014,255.2,1,1,1.0
7,8,1759.8,471.2,305.60000000000014,180.90000000000003,1,1,1.0
7,9,1766.3,755.4,269.79999999999995,208.0,1,1,1.0
8,1,291.0,845.0,243.0,134.39999999999998,1,1,1.0
8,2,329.4,630.1,314.0,150.69999999999993,1,1,1.0
8,3,646.4,504.7,214.80000000000007,201.90000000000003,1,1,1.0
8,4,695.6,262.0,332.9999999999999,164.10000000000002,1,1,1.0
8,5,1036.3,341.6,226.29999999999995,270.29999999999995,1,1,1.0
8,6,1323.0,106.2,354.5999999999999,223.10000000000002,1,1,1.0
8,7,1280.9,439.3,229.19999999999982,247.2,1,1,1.0
8,8,1758.5,458.0,311.3000000000002,182.39999999999998,1,1,1.0
8,9,1770.7,756.7,263.5,204.79999999999995,1,1,1.0
9,1,292.5,847.3,240.70000000000005,133.60000000000002,1,1,1.0
9,2,339.2,630.9,308.7,149.89999999999998,1,1,1.0
9,3,683.3,450.4,166.60000000000002,299.9,1,1,1.0
9,4,694.1,259.9,335.30000000000007,169.20000000000005,1,1,1.0
9,5,1037.0,341.6,224.9000000000001,268.79999999999995,1,1,1.0
9,6,1277.8,115.2,402.5,214.10000000000002,1,1,1.0
9,7,1279.4,437.8,228.39999999999986,268.2,1,1,1.0
9,8,1815.0,432.9,248.5,210.20000000000005,1,1,1.0
9,9,1773.8,754.8,256.60000000000014,208.0,1,1,1.0
10,1,299.3,845.8,233.90000000000003,135.9000000000001,1,1,1.0
10,2,361.8,630.9,285.3,149.89999999999998,1,1,1.0
10,3,673.5,438.3,217.10000000000002,250.99999999999994,1,1,1.0
10,4,693.3,262.2,321.0,171.40000000000003,1,1,1.0
10,5,1030.9,337.8,232.5,274.09999999999997,1,1,1.0
10,6,1283.2,113.4,396.20000000000005,215.9,1,1,1.0
10,7,1278.6,438.6,227.70000000000005,268.1,1,1,1.0
10,8,1815.0,430.4,247.19999999999982,212.89999999999998,1,1,1.0
10,9,1773.8,756.7,257.20000000000005,206.0999999999999,1,1,1.0
11,1,304.6,846.6,227.10000000000002,134.29999999999995,1,1,1.0
11,2,350.5,633.2,284.5,148.39999999999998,1,1,1.0
11,3,650.9,460.2,269.80000000000007,190.00000000000006,1,1,1.0
11,4,694.8,263.0,310.5,159.7,1,1,1.0
11,5,1038.5,343.1,221.9000000000001,298.9,1,1,1.0
11,6,1292.2,111.6,385.39999999999986,217.70000000000002,1,1,1.0
11,7,1279.0,438.6,227.29999999999995,261.79999999999995,1,1,1.0
11,8,1814.4,426.6,250.9000000000001,218.0,1,1,1.0
11,9,1774.4,756.7,256.5999999999999,206.0999999999999,1,1,1.0
12,1,306.1,845.1,226.39999999999998,135.79999999999995,1,1,1.0
12,2,355.8,633.2,278.40000000000003,149.19999999999993,1,1,1.0
12,3,678.7,444.4,245.0,169.30000000000007,1,1,1.0
12,4,694.8,258.0,312.80000000000007,166.8,1,1,1.0
12,5,1038.5,330.3,208.29999999999995,313.3,1,1,1.0
12,6,1304.0,111.6,370.9000000000001,217.70000000000002,1,1,1.0
12,7,1279.0,438.6,224.29999999999995,273.69999999999993,1,1,1.0
12,8,1814.4,421.6,251.5,226.19999999999993,1,1,1.0
12,9,1773.1,756.1,257.9000000000001,207.29999999999995,1,1,1.0
13,1,306.1,845.1,224.89999999999998,136.60000000000002,1,1,1.0
13,2,366.3,624.9,254.3,156.70000000000005,1,1,1.0
13,3,656.1,449.6,265.29999999999995,144.79999999999995,1,1,1.0
13,4,694.8,260.3,314.30000000000007,166.59999999999997,1,1,1.0
13,5,1009.9,325.0,230.69999999999993,317.1,1,1,1.0
13,6,1297.7,109.8,381.70000000000005,219.5,1,1,1.0
13,7,1280.1,437.1,225.1400000000001,273.6,1,1,1.0
13,8,1815.7,439.2,246.99999999999977,211.09999999999997,1,1,1.0
13,9,1775.0,756.1,254.70000000000005,207.89999999999998,1,1,1.0
14,1,300.8,844.3,227.2,135.9000000000001,1,1,1.0
14,2,373.8,624.9,248.3,149.20000000000005,1,1,1.0
14,3,648.5,453.3,320.4,149.40000000000003,1,1,1.0
14,4,697.8,257.7,311.30000000000007,169.2,1,1,1.0
14,5,1003.1,335.0,249.39999999999998,308.6,1,1,1.0
14,6,1326.6,109.8,354.60000000000014,220.39999999999998,1,1,1.0
14,7,1279.0,436.3,227.4000000000001,257.99999999999994,1,1,1.0
14,8,1804.4,443.0,261.4000000000001,207.20000000000005,1,1,1.0
14,9,1775.7,756.7,254.5999999999999,206.0999999999999,1,1,1.0
15,1,297.0,845.2,231.79999999999995,137.19999999999993,1,1,1.0
15,2,372.3,624.9,241.49999999999994,152.20000000000005,1,1,1.0
15,3,640.9,456.3,337.80000000000007,148.7,1,1,1.0
15,4,699.3,256.4,312.0,169.70000000000005,1,1,1.0
15,5,1030.2,332.7,213.0999999999999,310.09999999999997,1,1,1.0
15,6,1326.6,109.8,357.3000000000002,219.5,1,1,1.0
15,7,1277.5,436.3,228.9000000000001,266.99999999999994,1,1,1.0
15,8,1794.4,443.6,271.4000000000001,213.0,1,1,1.0
15,9,1773.2,756.7,255.20000000000005,206.69999999999993,1,1,1.0
16,1,304.5,842.1,225.10000000000002,138.0,1,1,1.0
16,2,370.0,627.2,240.79999999999995,146.0999999999999,1,1,1.0
16,3,628.8,459.3,351.4000000000001,144.90000000000003,1,1,1.0
16,4,697.8,257.7,311.20000000000005,170.7,1,1,1.0
16,5,886.4,418.4,275.30000000000007,283.9,1,1,1.0
16,6,1336.5,101.7,348.29999999999995,232.10000000000002,1,1,1.0
16,7,1279.0,436.3,222.9000000000001,267.8,1,1,1.0
16,8,1797.6,442.3,268.2000000000003,210.40000000000003,1,1,1.0
16,9,1775.1,754.8,252.70000000000005,207.30000000000007,1,1,1.0
17,1,320.4,833.1,200.10000000000002,142.5,1,1,1.0
17,2,369.2,630.2,247.59999999999997,151.39999999999998,1,1,1.0
17,3,634.8,460.1,335.6,144.10000000000002,1,1,1.0
17,4,697.8,258.5,308.20000000000005,169.89999999999998,1,1,1.0
17,5,859.2,477.6,311.89999999999986,236.29999999999995,1,1,1.0
17,6,1341.9,96.3,351.89999999999986,238.39999999999998,1,1,1.0
17,7,1278.2,434.0,223.70000000000005,264.1,1,1,1.0
17,8,1797.0,442.3,268.8000000000002,208.2,1,1,1.0
17,9,1775.1,754.8,252.70000000000005,207.9000000000001,1,1,1.0
18,1,321.2,830.8,202.3,139.5,1,1,1.0
18,2,367.7,637.7,246.09999999999997,146.89999999999998,1,1,1.0
18,3,642.3,441.3,335.6,165.2,1,1,1.0
18,4,738.5,257.7,270.4,174.10000000000002,1,1,1.0
18,5,872.0,478.7,306.29999999999995,229.00000000000006,1,1,1.0
18,6,1346.2,98.1,342.20000000000005,236.6,1,1,1.0
18,7,1278.2,437.8,226.0,262.59999999999997,1,1,1.0
18,8,1801.4,441.0,261.2999999999997,210.89999999999998,1,1,1.0
18,9,1768.2,754.2,259.5999999999999,208.5,1,1,1.0
19,1,327.2,827.8,196.3,144.70000000000005,1,1,1.0
19,2,365.6,641.5,242.19999999999993,149.20000000000005,1,1,1.0
19,3,655.1,439.0,317.5,164.5,1,1,1.0
19,4,734.7,253.2,274.19999999999993,182.90000000000003,1,1,1.0
19,5,875.8,478.6,307.0,233.60000000000002,1,1,1.0
19,6,1354.5,79.1,329.4000000000001,252.00000000000003,1,1,1.0
19,7,1278.2,440.1,229.79999999999995,255.89999999999998,1,1,1.0
19,8,1798.3,439.7,270.70000000000005,213.00000000000006,1,1,1.0
19,9,1768.2,753.6,262.70000000000005,208.5,1,1,1.0
20,1,344.5,829.3,180.5,140.20000000000005,1,1,1.0
20,2,361.6,639.2,253.69999999999993,153.69999999999993,1,1,1.0
20,3,651.7,440.5,313.4,163.0,1,1,1.0
20,4,733.2,253.2,269.69999999999993,180.5,1,1,1.0
20,5,822.3,511.8,304.70000000000005,210.90000000000003,1,1,1.0
20,6,1338.2,84.5,343.89999999999986,245.7,1,1,1.0
20,7,1278.2,441.6,232.0999999999999,238.39999999999998,1,1,1.0
20,8,1802.7,441.6,271.29999999999995,215.0,1,1,1.0
20,9,1772.0,754.9,259.5,207.20000000000005,1,1,1.0
21,1,347.5,830.8,180.5,134.9000000000001,1,1,1.0
21,2,351.1,642.2,267.19999999999993,152.19999999999993,1,1,1.0
21,3,650.6,442.7,310.6,163.90000000000003,1,1,1.0
21,4,720.4,258.7,281.0,175.0,1,1,1.0
21,5,798.9,536.7,301.69999999999993,190.5,1,1,1.0
21,6,1277.6,111.6,404.5,219.50000000000003,1,1,1.0
21,7,1272.4,441.6,238.69999999999982,242.5,1,1,1.0
21,8,1815.9,432.8,249.29999999999973,214.90000000000003,1,1,1.0
21,9,1770.1,756.8,265.8000000000002,205.30000000000007,1,1,1.0
22,1,348.3,832.3,178.2,131.10000000000002,1,1,1.0
22,2,352.6,642.2,265.69999999999993,155.69999999999993,1,1,1.0
22,3,649.8,440.4,314.4000000000001,166.20000000000005,1,1,1.0
22,4,718.9,263.8,282.5,172.89999999999998,1,1,1.0
22,5,789.9,542.7,316.69999999999993,182.19999999999993,1,1,1.0
22,6,1275.8,115.2,409.70000000000005,214.10000000000002,1,1,1.0
22,7,1272.9,441.6,235.89999999999986,243.60000000000002,1,1,1.0
22,8,1805.2,445.4,257.4999999999998,209.0,1,1,1.0
22,9,1769.5,757.4,266.4000000000001,205.30000000000007,1,1,1.0
23,1,351.3,832.3,172.2,133.4000000000001,1,1,1.0
23,2,359.4,638.8,261.20000000000005,153.30000000000007,1,1,1.0
23,3,649.8,445.7,320.4000000000001,162.40000000000003,1,1,1.0
23,4,722.7,259.3,281.0,174.39999999999998,1,1,1.0
23,5,796.7,545.0,308.39999999999986,180.70000000000005,1,1,1.0
23,6,1314.7,113.4,366.5,213.20000000000002,1,1,1.0
23,7,1269.1,442.4,242.0,243.5,1,1,1.0
23,8,1807.7,432.2,249.29999999999995,216.50000000000006,1,1,1.0
23,9,1770.1,756.1,264.5,207.19999999999993,1,1,1.0
24,1,351.3,829.3,172.2,148.5,1,1,1.0
24,2,362.4,646.7,253.70000000000005,154.0,1,1,1.0
24,3,651.3,443.4,341.5,159.39999999999998,1,1,1.0
24,4,708.4,254.3,293.80000000000007,180.89999999999998,1,1,1.0
24,5,799.0,543.5,304.5999999999999,181.39999999999998,1,1,1.0
24,6,1311.1,111.6,374.60000000000014,215.9,1,1,1.0
24,7,1266.8,443.9,243.5,245.0,1,1,1.0
24,8,1810.8,429.1,246.20000000000005,212.29999999999995,1,1,1.0
24,9,1768.8,754.8,264.5,207.20000000000005,1,1,1.0
25,1,357.3,829.3,165.49999999999994,159.0,1,1,1.0
25,2,365.0,649.0,249.39999999999998,146.60000000000002,1,1,1.0
25,3,643.0,453.2,346.0,160.09999999999997,1,1,1.0
25,4,697.1,261.2,355.6,175.5,1,1,1.0
25,5,819.4,528.4,278.9,217.60000000000002,1,1,1.0
25,6,1284.9,111.6,402.5999999999999,216.79999999999998,1,1,1.0
25,7,1277.4,443.9,228.39999999999986,247.30000000000007,1,1,1.0
25,8,1810.8,424.1,244.89999999999986,219.5,1,1,1.0
25,9,1772.6,755.4,258.8000000000002,207.20000000000005,1,1,1.0
26,1,323.4,830.1,201.70000000000005,141.60000000000002,1,1,1.0
26,2,303.7,649.8,320.00000000000006,146.0,1,1,1.0
26,3,662.3,436.6,337.30000000000007,206.39999999999998,1,1,1.0
26,4,708.4,278.7,381.19999999999993,167.0,1,1,1.0
26,5,811.9,525.4,281.9,232.70000000000005,1,1,1.0
26,6,1289.4,109.8,393.5999999999999,219.5,1,1,1.0
26,7,1278.2,443.1,225.29999999999995,248.10000000000002,1,1,1.0
26,8,1810.8,410.9,245.50000000000023,231.0,1,1,1.0
26,9,1772.6,758.5,261.3000000000002,202.79999999999995,1,1,1.0
27,1,300.0,836.9,217.60000000000002,149.10000000000002,1,1,1.0
27,2,314.2,640.0,314.8,146.79999999999995,1,1,1.0
27,3,675.4,438.1,261.70000000000005,221.10000000000002,1,1,1.0
27,4,859.9,290.8,326.9,195.59999999999997,1,1,1.0
27,5,820.2,515.6,277.39999999999986,247.0,1,1,1.0
27,6,1300.2,109.8,386.39999999999986,221.3,1,1,1.0
27,7,1278.9,444.6,224.5999999999999,250.5,1,1,1.0
27,8,1813.9,405.9,244.9000000000001,239.60000000000002,1,1,1.0
27,9,1773.9,761.6,263.0999999999999,199.10000000000002,1,1,1.0
28,1,296.2,842.2,221.40000000000003,140.0,1,1,1.0
28,2,313.4,639.2,320.80000000000007,149.0999999999999,1,1,1.0
28,3,687.5,445.6,250.20000000000005,224.89999999999998,1,1,1.0
28,4,958.6,350.4,280.9,215.89999999999998,1,1,1.0
28,5,814.2,514.8,281.0999999999999,226.0,1,1,1.0
28,6,1295.7,109.8,390.89999999999986,221.3,1,1,1.0
28,7,1276.8,446.9,226.70000000000005,244.39999999999998,1,1,1.0
28,8,1812.6,400.2,246.80000000000018,248.40000000000003,1,1,1.0
28,9,1773.9,759.7,263.6999999999998,202.29999999999995,1,1,1.0
29,1,297.7,855.8,247.00000000000006,142.20000000000005,1,1,1.0
29,2,291.5,630.9,330.6,150.60000000000002,1,1,1.0
29,3,663.4,448.6,258.4,197.79999999999995,1,1,1.0
29,4,968.4,351.2,308.0000000000001,196.3,1,1,1.0
29,5,809.7,514.8,275.0999999999999,224.5,1,1,1.0
29,6,1278.5,122.5,414.4000000000001,194.10000000000002,1,1,1.0
29,7,1335.5,377.6,138.5999999999999,312.1,1,1,1.0
29,8,1812.0,438.5,246.0999999999999,198.60000000000002,1,1,1.0
29,9,1773.3,779.8,264.9000000000001,173.4000000000001,1,1,1.0
30,1,296.2,848.3,250.8,144.4000000000001,1,1,1.0
30,2,274.2,639.2,344.90000000000003,148.29999999999995,1,1,1.0
30,3,665.7,438.8,255.29999999999995,205.3,1,1,1.0
30,4,997.0,353.5,330.5999999999999,204.5,1,1,1.0
30,5,795.4,520.8,294.69999999999993,215.5,1,1,1.0
30,6,1278.5,115.3,410.79999999999995,206.7,1,1,1.0
30,7,1338.5,375.3,136.29999999999995,326.59999999999997,1,1,1.0
30,8,1812.0,432.2,246.0999999999999,203.59999999999997,1,1,1.0
30,9,1769.5,779.2,268.70000000000005,174.0,1,1,1.0
31,1,268.4,845.3,276.30000000000007,141.4000000000001,1,1,1.0
31,2,272.7,639.2,348.7,146.79999999999995,1,1,1.0
31,3,670.3,437.3,256.0,201.49999999999994,1,1,1.0
31,4,1006.0,361.0,276.4000000000001,232.0,1,1,1.0
31,5,793.1,529.8,302.30000000000007,202.0,1,1,1.0
31,6,1289.4,113.5,398.0999999999999,210.3,1,1,1.0
31,7,1337.0,375.3,137.79999999999995,343.09999999999997,1,1,1.0
31,8,1811.4,411.5,248.5999999999999,223.10000000000002,1,1,1.0
31,9,1773.9,777.3,260.5,177.20000000000005,1,1,1.0
32,1,267.6,842.3,277.1,142.10000000000002,1,1,1.0
32,2,270.4,639.2,353.30000000000007,149.89999999999998,1,1,1.0
32,3,662.8,434.3,263.5,205.3,1,1,1.0
32,4,1042.2,361.8,256.0,261.09999999999997,1,1,1.0
32,5,674.0,598.4,333.20000000000005,180.10000000000002,1,1,1.0
32,6,1289.4,111.7,391.79999999999995,212.10000000000002,1,1,1.0
32,7,1337.0,383.6,150.5999999999999,337.79999999999995,1,1,1.0
32,8,1812.7,384.6,247.29999999999995,261.5,1,1,1.0
32,9,1772.0,776.0,260.5,178.5,1,1,1.0
33,1,248.8,839.3,296.7,143.60000000000002,1,1,1.0
33,2,270.4,638.4,354.80000000000007,151.10000000000002,1,1,1.0
33,3,662.8,432.0,264.30000000000007,202.29999999999995,1,1,1.0
33,4,1058.8,354.3,256.70000000000005,272.3,1,1,1.0
33,5,595.4,629.3,345.70000000000005,162.0,1,1,1.0
33,6,1289.4,110.8,391.79999999999995,213.0,1,1,1.0
33,7,1318.2,383.6,173.20000000000005,309.9,1,1,1.0
33,8,1812.7,411.2,247.89999999999986,236.09999999999997,1,1,1.0
33,9,1772.6,776.0,259.9000000000001,179.79999999999995,1,1,1.0
34,1,249.6,831.0,298.19999999999993,150.39999999999998,1,1,1.0
34,2,270.4,638.4,354.80000000000007,152.20000000000005,1,1,1.0
34,3,662.8,430.5,264.30000000000007,202.29999999999995,1,1,1.0
34,4,1069.3,357.3,228.9000000000001,282.90000000000003,1,1,1.0
34,5,591.1,630.1,332.69999999999993,170.19999999999993,1,1,1.0
34,6,1313.8,109.9,365.60000000000014,213.9,1,1,1.0
34,7,1296.9,416.8,202.0,291.49999999999994,1,1,1.0
34,8,1812.7,390.1,249.79999999999995,254.60000000000002,1,1,1.0
34,9,1779.8,778.2,251.4000000000001,178.19999999999993,1,1,1.0
35,1,248.1,826.0,302.0,147.89999999999998,1,1,1.0
35,2,271.2,639.9,358.50000000000006,152.10000000000002,1,1,1.0
35,3,664.3,430.5,263.6,196.29999999999995,1,1,1.0
35,4,1074.7,358.8,222.70000000000005,281.8,1,1,1.0
35,5,597.9,658.7,307.6,169.5,1,1,1.0
35,6,1309.3,107.7,371.9000000000001,216.10000000000002,1,1,1.0
35,7,1281.6,426.6,212.80000000000018,275.79999999999995,1,1,1.0
35,8,1812.7,431.9,250.39999999999986,211.5,1,1,1.0
35,9,1776.9,767.9,241.69999999999982,193.5,1,1,1.0
36,1,242.8,829.5,308.8,141.39999999999998,1,1,1.0
36,2,271.2,639.9,355.50000000000006,152.89999999999998,1,1,1.0
36,3,664.3,427.5,264.4000000000001,194.0,1,1,1.0
36,4,1098.1,351.3,191.80000000000018,283.49999999999994,1,1,1.0
36,5,597.1,661.7,296.29999999999995,170.29999999999995,1,1,1.0
36,6,1309.3,108.1,372.79999999999995,216.6,1,1,1.0
36,7,1291.2,429.6,200.89999999999986,274.69999999999993,1,1,1.0
36,8,1812.7,454.2,250.99999999999977,193.50000000000006,1,1,1.0
36,9,1780.5,770.4,236.79999999999995,191.0,1,1,1.0
37,1,242.8,827.2,313.3,136.89999999999998,1,1,1.0
37,2,271.1,643.7,356.79999999999995,148.29999999999995,1,1,1.0
37,3,656.0,395.8,273.5,221.90000000000003,1,1,1.0
37,4,1095.8,346.8,194.10000000000014,277.59999999999997,1,1,1.0
37,5,557.9,652.7,334.70000000000005,176.28999999999996,1,1,1.0
37,6,1299.4,107.2,383.5999999999999,217.5,1,1,1.0
37,7,1280.3,423.6,208.0,270.1,1,1,1.0
37,8,1812.7,454.4,251.60000000000014,182.10000000000002,1,1,1.0
37,9,1778.7,772.3,238.0,186.60000000000002,1,1,1.0
38,1,245.1,834.0,305.69999999999993,140.60000000000002,1,1,1.0
38,2,270.5,643.7,360.0,151.5999999999999,1,1,1.0
38,3,654.5,399.6,273.5,215.10000000000002,1,1,1.0
38,4,1091.3,346.1,200.9000000000001,277.6,1,1,1.0
38,5,550.4,657.2,338.4,171.0,1,1,1.0
38,6,1297.6,108.1,381.8000000000002,217.50000000000003,1,1,1.0
38,7,1267.7,421.3,216.79999999999995,271.49999999999994,1,1,1.0
38,8,1781.9,455.4,278.0,180.5,1,1,1.0
38,9,1782.5,771.7,234.79999999999995,187.19999999999993,1,1,1.0
39,1,245.1,836.3,305.69999999999993,142.10000000000002,1,1,1.0
39,2,266.0,643.7,360.70000000000005,151.29999999999995,1,1,1.0
39,3,651.5,421.5,289.29999999999995,189.39999999999998,1,1,1.0
39,4,1091.3,341.6,200.10000000000014,282.79999999999995,1,1,1.0
39,5,543.6,656.4,342.9,172.60000000000002,1,1,1.0
39,6,1308.5,108.1,373.5999999999999,217.50000000000003,1,1,1.0
39,7,1283.5,419.0,203.29999999999995,276.20000000000005,1,1,1.0
39,8,1789.9,452.9,268.0999999999999,186.80000000000007,1,1,1.0
39,9,1785.6,767.9,243.0,194.20000000000005,1,1,1.0
40,1,248.8,835.5,303.49999999999994,141.39999999999998,1,1,1.0
40,2,266.0,642.9,360.70000000000005,155.0,1,1,1.0
40,3,638.7,426.8,312.5999999999999,165.3,1,1,1.0
40,4,1090.5,352.9,200.0999999999999,273.1,1,1,1.0
40,5,542.8,655.6,343.70000000000005,173.39999999999998,1,1,1.0
40,6,1309.4,109.9,372.6999999999998,216.6,1,1,1.0
40,7,1288.9,423.5,198.5999999999999,269.1,1,1,1.0
40,8,1805.2,452.9,250.29999999999995,181.10000000000002,1,1,1.0
40,9,1785.0,771.0,248.0,192.29999999999995,1,1,1.0
41,1,249.7,836.3,302.59999999999997,140.60000000000002,1,1,1.0
41,2,266.0,648.9,365.20000000000005,152.89999999999998,1,1,1.0
41,3,637.1,443.4,308.19999999999993,163.0,1,1,1.0
41,4,1092.0,357.4,221.0999999999999,266.20000000000005,1,1,1.0
41,5,548.8,655.6,334.70000000000005,171.89999999999998,1,1,1.0
41,6,1303.1,109.0,378.10000000000014,217.5,1,1,1.0
41,7,1285.9,428.0,202.39999999999986,264.20000000000005,1,1,1.0
41,8,1800.8,454.8,254.70000000000005,182.3,1,1,1.0
41,9,1777.4,769.7,258.0999999999999,202.39999999999998,1,1,1.0
42,1,249.7,835.5,302.59999999999997,141.39999999999998,1,1,1.0
42,2,263.0,655.0,355.4,147.60000000000002,1,1,1.0
42,3,637.9,447.9,289.30000000000007,147.20000000000005,1,1,1.0
42,4,1104.1,375.5,211.30000000000018,264.70000000000005,1,1,1.0
42,5,560.9,655.6,321.80000000000007,171.89999999999998,1,1,1.0
42,6,1310.3,109.0,374.5,216.60000000000002,1,1,1.0
42,7,1285.2,428.0,205.39999999999986,262.4,1,1,1.0
42,8,1810.2,451.7,243.39999999999986,184.09999999999997,1,1,1.0
42,9,1775.5,769.7,255.5999999999999,205.5,1,1,1.0
43,1,249.7,837.0,299.59999999999997,139.20000000000005,1,1,1.0
43,2,260.0,652.0,356.9,139.10000000000002,1,1,1.0
43,3,632.6,450.9,315.69999999999993,146.5,1,1,1.0
43,4,1098.8,372.5,219.60000000000014,256.4,1,1,1.0
43,5,555.6,660.1,324.79999999999995,164.39999999999998,1,1,1.0
43,6,1310.3,108.1,373.60000000000014,218.4,1,1,1.0
43,7,1290.0,430.3,202.0999999999999,263.8,1,1,1.0
43,8,1811.7,451.1,241.29999999999995,185.29999999999995,1,1,1.0
43,9,1773.0,772.2,255.5999999999999,202.39999999999998,1,1,1.0
44,1,267.0,834.7,279.29999999999995,143.0,1,1,1.0
44,2,261.5,651.2,353.9,139.29999999999995,1,1,1.0
44,3,625.8,474.2,355.70000000000005,142.8,1,1,1.0
44,4,1100.3,366.5,243.70000000000005,263.9,1,1,1.0
44,5,555.6,658.6,326.29999999999995,162.89999999999998,1,1,1.0
44,6,1310.3,107.3,373.60000000000014,220.09999999999997,1,1,1.0
44,7,1288.1,432.6,204.0,261.9,1,1,1.0
44,8,1812.7,438.5,239.70000000000005,194.10000000000002,1,1,1.0
44,9,1773.0,771.6,255.5999999999999,203.0,1,1,1.0
45,1,268.5,834.7,277.79999999999995,146.79999999999995,1,1,1.0
45,2,260.0,652.0,352.4,139.79999999999995,1,1,1.0
45,3,634.8,456.2,363.30000000000007,163.09999999999997,1,1,1.0
45,4,1104.1,364.2,242.20000000000005,272.59999999999997,1,1,1.0
45,5,554.9,656.4,325.5,162.89999999999998,1,1,1.0
45,6,1310.3,107.2,375.4000000000001,219.3,1,1,1.0
45,7,1296.1,432.6,196.0,263.0,1,1,1.0
45,8,1809.6,439.6,248.5,191.69999999999993,1,1,1.0
45,9,1720.8,771.0,316.60000000000014,206.10000000000002,1,1,1.0
46,1,289.6,834.7,256.69999999999993,145.29999999999995,1,1,1.0
46,2,260.0,650.5,349.4,139.20000000000005,1,1,1.0
46,3,638.6,477.3,353.29999999999995,145.09999999999997,1,1,1.0
46,4,1108.6,366.5,198.60000000000014,266.9,1,1,1.0
46,5,527.0,653.4,345.9,170.39999999999998,1,1,1.0
46,6,1306.7,107.2,379.0,219.3,1,1,1.0
46,7,1292.4,430.3,197.39999999999986,263.40000000000003,1,1,1.0
46,8,1809.6,443.0,247.9000000000001,183.89999999999998,1,1,1.0
46,9,1723.3,772.3,317.9000000000001,204.80000000000007,1,1,1.0
47,1,296.4,839.2,246.89999999999998,140.79999999999995,1,1,1.0
47,2,260.0,650.5,363.70000000000005,142.89999999999998,1,1,1.0
47,3,649.5,478.8,333.9,142.8,1,1,1.0
47,4,1101.1,340.9,217.4000000000001,278.20000000000005,1,1,1.0
47,5,527.0,688.8,337.6,158.4000000000001,1,1,1.0
47,6,1303.1,107.2,382.60000000000014,219.3,1,1,1.0
47,7,1297.9,421.3,186.5999999999999,315.09999999999997,1,1,1.0
47,8,1787.6,433.3,274.3000000000002,187.99999999999994,1,1,1.0
47,9,1729.0,773.6,308.4000000000001,197.79999999999995,1,1,1.0
48,1,296.4,839.2,246.89999999999998,142.29999999999995,1,1,1.0
48,2,262.3,649.0,363.7,137.79999999999995,1,1,1.0
48,3,647.1,478.8,324.0,138.3,1,1,1.0
48,4,1099.6,343.9,227.20000000000005,272.20000000000005,1,1,1.0
48,5,538.3,690.3,326.30000000000007,159.9000000000001,1,1,1.0
48,6,1303.1,107.2,382.60000000000014,219.3,1,1,1.0
48,7,1300.9,413.0,170.0,322.4,1,1,1.0
48,8,1739.2,408.4,325.79999999999995,203.5,1,1,1.0
48,9,1749.7,768.0,292.0999999999999,196.5,1,1,1.0
49,1,285.1,840.0,259.69999999999993,141.5,1,1,1.0
49,2,260.8,648.2,365.2,135.5999999999999,1,1,1.0
49,3,646.4,477.5,290.80000000000007,165.29999999999995,1,1,1.0
49,4,1101.9,346.2,226.39999999999986,271.40000000000003,1,1,1.0
49,5,538.3,688.0,321.0,169.0,1,1,1.0
49,6,1295.9,108.1,390.6999999999998,218.4,1,1,1.0
49,7,1302.6,404.7,169.80000000000018,307.59999999999997,1,1,1.0
49,8,1805.1,382.7,260.5,227.90000000000003,1,1,1.0
49,9,1753.5,768.0,285.20000000000005,207.79999999999995,1,1,1.0
50,1,285.1,839.2,259.69999999999993,142.29999999999995,1,1,1.0
50,2,260.8,648.2,364.40000000000003,137.0999999999999,1,1,1.0
50,3,648.5,463.0,269.20000000000005,163.29999999999995,1,1,1.0
50,4,1101.1,343.9,221.9000000000001,270.70000000000005,1,1,1.0
50,5,555.6,687.2,302.19999999999993,172.0999999999999,1,1,1.0
50,6,1297.7,108.1,387.0999999999999,217.50000000000003,1,1,1.0
50,7,1285.4,402.4,186.5,304.6,1,1,1.0
50,8,1802.6,376.4,260.5,236.70000000000005,1,1,1.0
50,9,1749.7,768.6,285.20000000000005,192.10000000000002,1,1,1.0
51,1,285.1,837.7,258.19999999999993,143.79999999999995,1,1,1.0
51,2,266.1,646.7,359.1,137.79999999999995,1,1,1.0
51,3,659.1,468.7,280.5,153.8,1,1,1.0
51,4,1101.1,359.7,225.70000000000005,254.90000000000003,1,1,1.0
51,5,555.6,688.7,306.0,170.69999999999993,1,1,1.0
51,6,1307.6,108.1,377.20000000000005,217.50000000000003,1,1,1.0
51,7,1298.0,405.5,171.4000000000001,309.0,1,1,1.0
51,8,1778.1,383.3,283.7000000000003,231.7,1,1,1.0
51,9,1752.8,769.9,272.70000000000005,192.70000000000005,1,1,1.0
52,1,285.1,836.2,258.9,146.0999999999999,1,1,1.0
52,2,266.1,647.5,359.1,138.5,1,1,1.0
52,3,662.2,470.6,281.9,151.29999999999995,1,1,1.0
52,4,1100.3,362.7,225.0,254.90000000000003,1,1,1.0
52,5,561.6,687.2,303.0,170.69999999999993,1,1,1.0
52,6,1307.6,108.1,374.5,217.50000000000003,1,1,1.0
52,7,1296.7,408.0,171.39999999999986,306.5,1,1,1.0
52,8,1778.7,384.6,281.20000000000005,232.29999999999995,1,1,1.0
52,9,1765.4,770.5,262.0,192.70000000000005,1,1,1.0
53,1,283.6,836.2,258.9,146.0999999999999,1,1,1.0
53,2,266.1,646.7,359.1,140.0999999999999,1,1,1.0
53,3,664.1,473.1,278.69999999999993,147.5,1,1,1.0
53,4,1089.0,367.2,230.29999999999995,251.2,1,1,1.0
53,5,561.6,686.4,303.79999999999995,173.0,1,1,1.0
53,6,1304.0,109.9,377.20000000000005,215.70000000000002,1,1,1.0
53,7,1296.9,412.5,175.69999999999982,309.9,1,1,1.0
53,8,1785.6,394.6,275.5999999999999,220.39999999999998,1,1,1.0
53,9,1764.8,769.9,261.29999999999995,197.10000000000002,1,1,1.0
54,1,282.1,836.1,262.69999999999993,146.19999999999993,1,1,1.0
54,2,266.1,648.2,360.6,137.0999999999999,1,1,1.0
54,3,659.7,471.2,283.0,148.09999999999997,1,1,1.0
54,4,1093.5,364.2,224.29999999999995,253.40000000000003,1,1,1.0
54,5,558.6,686.4,306.79999999999995,173.0,1,1,1.0
54,6,1303.1,109.0,380.8000000000002,216.60000000000002,1,1,1.0
54,7,1298.4,410.2,171.89999999999986,315.7,1,1,1.0
54,8,1796.3,411.6,265.5000000000002,204.69999999999993,1,1,1.0
54,9,1764.8,769.9,258.20000000000005,197.10000000000002,1,1,1.0
55,1,279.9,842.3,266.4,141.5,1,1,1.0
55,2,275.1,647.4,353.1,138.70000000000005,1,1,1.0
55,3,656.5,476.8,308.29999999999995,141.90000000000003,1,1,1.0
55,4,1097.3,353.7,254.4000000000001,257.09999999999997,1,1,1.0
55,5,557.8,686.4,307.6,171.5,1,1,1.0
55,6,1316.2,108.1,365.0,217.50000000000003,1,1,1.0
55,7,1298.5,408.6,172.5999999999999,302.19999999999993,1,1,1.0
55,8,1769.3,395.3,294.39999999999986,220.99999999999994,1,1,1.0
55,9,1756.0,747.9,263.79999999999995,210.30000000000007,1,1,1.0
56,1,279.8,841.5,266.49999999999994,140.79999999999995,1,1,1.0
56,2,270.6,645.9,355.29999999999995,139.39999999999998,1,1,1.0
56,3,655.2,474.9,298.29999999999995,156.89999999999998,1,1,1.0
56,4,1110.1,352.2,206.20000000000005,268.40000000000003,1,1,1.0
56,5,557.8,687.9,299.30000000000007,176.80000000000007,1,1,1.0
56,6,1312.2,108.1,369.0,217.50000000000003,1,1,1.0
56,7,1298.2,402.6,169.0999999999999,313.69999999999993,1,1,1.0
56,8,1769.3,394.7,291.89999999999986,221.00000000000006,1,1,1.0
56,9,1755.7,746.0,264.0999999999999,215.29999999999995,1,1,1.0
57,1,279.0,841.5,265.79999999999995,142.29999999999995,1,1,1.0
57,2,268.2,646.7,351.7,138.5999999999999,1,1,1.0
57,3,653.9,476.2,288.9,182.00000000000006,1,1,1.0
57,4,1098.8,343.9,216.0,278.20000000000005,1,1,1.0
57,5,538.2,690.9,317.4,161.0,1,1,1.0
57,6,1312.2,108.1,369.0,217.50000000000003,1,1,1.0
57,7,1287.5,392.8,173.0,333.7,1,1,1.0
57,8,1772.4,399.1,289.4000000000001,216.0,1,1,1.0
57,9,1762.3,744.8,268.20000000000005,212.70000000000005,1,1,1.0
58,1,279.0,840.7,265.79999999999995,141.5,1,1,1.0
58,2,269.0,646.7,350.9,138.5999999999999,1,1,1.0
58,3,667.0,450.8,271.4,214.90000000000003,1,1,1.0
58,4,1115.4,339.4,198.5999999999999,284.20000000000005,1,1,1.0
58,5,538.2,689.4,315.9,162.5,1,1,1.0
58,6,1322.1,108.1,359.10000000000014,217.50000000000003,1,1,1.0
58,7,1298.2,391.3,173.0,320.90000000000003,1,1,1.0
58,8,1780.0,399.7,281.8000000000002,214.8,1,1,1.0
58,9,1766.8,747.3,264.29999999999995,209.5,1,1,1.0
59,1,279.0,840.7,265.79999999999995,142.29999999999995,1,1,1.0
59,2,265.2,642.9,354.7,143.89999999999998,1,1,1.0
59,3,776.3,461.8,209.20000000000005,308.40000000000003,1,1,1.0
59,4,1110.1,337.8,211.5,288.09999999999997,1,1,1.0
59,5,538.2,692.5,315.9,160.20000000000005,1,1,1.0
59,6,1329.3,108.1,351.9000000000001,217.50000000000003,1,1,1.0
59,7,1298.2,391.3,172.79999999999995,312.99999999999994,1,1,1.0
59,8,1812.0,395.3,249.80000000000018,223.49999999999994,1,1,1.0
59,9,1767.4,749.8,262.5,209.5,1,1,1.0
60,1,279.0,840.7,265.0,142.29999999999995,1,1,1.0
60,2,265.2,642.9,354.7,143.89999999999998,1,1,1.0
60,3,788.2,448.6,189.0999999999999,330.0,1,1,1.0
60,4,1111.6,335.5,201.0,288.1,1,1,1.0
60,5,535.2,691.8,319.69999999999993,160.9000000000001,1,1,1.0
60,6,1326.6,108.1,354.60000000000014,218.4,1,1,1.0
60,7,1302.0,391.3,172.0,330.7,1,1,1.0
60,8,1799.4,402.8,261.0999999999999,219.7,1,1,1.0
60,9,1769.3,750.4,258.10000000000014,208.89999999999998,1,1,1.0
61,1,284.3,841.5,259.7,142.29999999999995,1,1,1.0
61,2,265.2,642.9,354.7,143.89999999999998,1,1,1.0
61,3,795.7,452.4,184.69999999999993,308.6,1,1,1.0
61,4,1112.4,332.5,195.69999999999982,314.5,1,1,1.0
61,5,533.7,691.1,321.19999999999993,160.10000000000002,1,1,1.0
61,6,1324.8,108.1,355.5,218.4,1,1,1.0
61,7,1302.0,391.3,177.5999999999999,338.99999999999994,1,1,1.0
61,8,1789.4,417.9,272.4000000000001,206.60000000000002,1,1,1.0
61,9,1771.2,752.3,254.89999999999986,204.5,1,1,1.0
62,1,285.1,840.7,260.4,142.29999999999995,1,1,1.0
62,2,263.7,643.7,354.7,142.29999999999995,1,1,1.0
62,3,802.0,452.4,174.0,317.4,1,1,1.0
62,4,1111.6,334.8,197.30000000000018,290.3,1,1,1.0
62,5,543.5,690.3,313.70000000000005,161.70000000000005,1,1,1.0
62,6,1325.7,109.0,354.5999999999999,217.5,1,1,1.0
62,7,1302.0,393.6,173.5,335.9,1,1,1.0
62,8,1785.6,421.1,274.3000000000002,203.39999999999998,1,1,1.0
62,9,1768.4,755.4,257.0999999999999,201.39999999999998,1,1,1.0
63,1,285.1,839.0,259.6,144.79999999999995,1,1,1.0
63,2,282.5,644.5,335.9,140.0,1,1,1.0
63,3,805.1,446.1,168.39999999999998,314.0,1,1,1.0
63,4,1114.6,337.1,193.5,294.0,1,1,1.0
63,5,543.5,689.5,312.9,160.20000000000005,1,1,1.0
63,6,1316.7,109.0,366.29999999999995,217.5,1,1,1.0
63,7,1302.0,392.1,175.0,322.29999999999995,1,1,1.0
63,8,1811.3,421.1,241.70000000000005,204.0,1,1,1.0
63,9,1769.3,758.5,261.20000000000005,200.20000000000005,1,1,1.0
64,1,285.1,841.6,258.79999999999995,143.0,1,1,1.0
64,2,282.5,644.5,335.9,140.0,1,1,1.0
64,3,800.1,448.6,223.69999999999993,336.29999999999995,1,1,1.0
64,4,1112.3,334.8,195.79999999999995,293.99999999999994,1,1,1.0
64,5,542.7,689.5,314.5,161.70000000000005,1,1,1.0
64,6,1316.7,109.0,366.29999999999995,217.5,1,1,1.0
64,7,1302.0,392.1,173.5,336.0,1,1,1.0
64,8,1813.2,423.0,237.89999999999986,202.10000000000002,1,1,1.0
64,9,1769.3,757.9,263.70000000000005,202.10000000000002,1,1,1.0
65,1,285.1,837.9,258.0,146.70000000000005,1,1,1.0
65,2,332.2,624.2,286.2,160.29999999999995,1,1,1.0
65,3,802.0,492.0,250.70000000000005,290.4,1,1,1.0
65,4,1085.9,371.7,223.0,245.00000000000006,1,1,1.0
65,5,542.7,689.5,314.5,161.70000000000005,1,1,1.0
65,6,1323.0,109.0,358.20000000000005,217.5,1,1,1.0
65,7,1302.0,394.4,174.29999999999995,319.20000000000005,1,1,1.0
65,8,1813.2,425.5,236.60000000000014,202.70000000000005,1,1,1.0
65,9,1774.3,759.2,259.29999999999995,198.29999999999995,1,1,1.0
66,1,285.1,841.5,258.0,143.89999999999998,1,1,1.0
66,2,332.2,624.2,285.40000000000003,160.29999999999995,1,1,1.0
66,3,802.6,500.8,253.89999999999998,293.49999999999994,1,1,1.0
66,4,1085.1,386.7,217.0,232.3,1,1,1.0
66,5,532.9,686.5,321.30000000000007,163.89999999999998,1,1,1.0
66,6,1321.2,109.0,363.5999999999999,217.5,1,1,1.0
66,7,1302.0,401.2,184.0999999999999,310.90000000000003,1,1,1.0
66,8,1813.2,423.6,235.99999999999977,206.5,1,1,1.0
66,9,1774.3,759.2,257.4000000000001,198.29999999999995,1,1,1.0
67,1,285.1,843.0,260.29999999999995,142.39999999999998,1,1,1.0
67,2,338.2,624.2,276.40000000000003,159.5,1,1,1.0
67,3,804.5,500.8,257.0999999999999,291.59999999999997,1,1,1.0
67,4,1083.6,383.0,225.20000000000005,236.0,1,1,1.0
67,5,532.9,687.3,321.30000000000007,163.10000000000002,1,1,1.0
67,6,1325.7,109.0,355.5,217.5,1,1,1.0
67,7,1302.0,411.7,203.70000000000005,295.09999999999997,1,1,1.0
67,8,1813.2,420.5,235.04999999999995,205.79999999999995,1,1,1.0
67,9,1773.7,757.3,253.5999999999999,200.80000000000007,1,1,1.0
68,1,270.8,843.0,275.40000000000003,146.20000000000005,1,1,1.0
68,2,335.9,639.3,279.5,136.10000000000002,1,1,1.0
68,3,805.7,502.1,257.5,290.29999999999995,1,1,1.0
68,4,1086.6,383.0,222.20000000000005,236.0,1,1,1.0
68,5,532.9,687.3,321.30000000000007,163.10000000000002,1,1,1.0
68,6,1325.7,109.0,355.5,217.5,1,1,1.0
68,7,1298.2,426.8,218.0,278.49999999999994,1,1,1.0
68,8,1813.2,421.7,234.0999999999999,215.3,1,1,1.0
68,9,1773.1,757.3,254.20000000000005,198.9000000000001,1,1,1.0
69,1,288.9,845.3,255.0,148.20000000000005,1,1,1.0
69,2,293.7,638.5,323.2,137.70000000000005,1,1,1.0
69,3,809.5,509.6,208.5,278.6,1,1,1.0
69,4,1085.1,383.0,220.70000000000005,233.0,1,1,1.0
69,5,532.9,687.3,321.30000000000007,163.10000000000002,1,1,1.0
69,6,1283.2,112.6,398.0,208.50000000000003,1,1,1.0
69,7,1301.2,414.0,201.39999999999986,294.29999999999995,1,1,1.0
69,8,1813.2,420.4,235.99999999999977,209.10000000000002,1,1,1.0
69,9,1768.1,752.9,255.5,204.60000000000002,1,1,1.0
70,1,297.9,840.0,241.10000000000002,165.70000000000005,1,1,1.0
70,2,293.7,642.3,320.90000000000003,132.30000000000007,1,1,1.0
70,3,806.4,504.0,200.20000000000005,280.9,1,1,1.0
70,4,1088.1,389.0,209.4000000000001,237.5,1,1,1.0
70,5,546.5,688.8,310.70000000000005,161.60000000000002,1,1,1.0
70,6,1283.2,118.9,405.20000000000005,202.20000000000002,1,1,1.0
70,7,1300.4,414.8,192.39999999999986,319.09999999999997,1,1,1.0
70,8,1811.9,421.0,241.0999999999999,207.89999999999998,1,1,1.0
70,9,1769.4,754.2,254.79999999999995,203.89999999999998,1,1,1.0
71,1,306.2,844.5,239.90000000000003,156.70000000000005,1,1,1.0
71,2,307.3,642.3,307.3,132.30000000000007,1,1,1.0
71,3,808.3,504.0,194.20000000000005,270.9,1,1,1.0
71,4,1088.1,391.3,208.60000000000014,240.49999999999994,1,1,1.0
71,5,538.2,690.3,320.5,160.80000000000007,1,1,1.0
71,6,1294.1,112.6,388.9000000000001,211.20000000000002,1,1,1.0
71,7,1296.6,413.3,190.9000000000001,331.90000000000003,1,1,1.0
71,8,1811.9,428.5,244.9000000000001,201.0,1,1,1.0
71,9,1768.1,753.6,258.60000000000014,207.60000000000002,1,1,1.0
72,1,287.4,838.5,261.0,161.89999999999998,1,1,1.0
72,2,311.8,640.0,311.90000000000003,167.0,1,1,1.0
72,3,807.7,500.9,197.29999999999995,269.6,1,1,1.0
72,4,1088.1,390.5,210.9000000000001,239.79999999999995,1,1,1.0
72,5,505.8,690.3,350.59999999999997,181.9000000000001,1,1,1.0
72,6,1294.1,111.7,388.9000000000001,212.10000000000002,1,1,1.0
72,7,1298.9,405.8,180.29999999999995,333.40000000000003,1,1,1.0
72,8,1811.9,430.4,244.9000000000001,197.20000000000005,1,1,1.0
72,9,1769.4,754.2,252.89999999999986,206.39999999999998,1,1,1.0
73,1,287.4,842.3,265.5,155.10000000000002,1,1,1.0
73,2,316.3,637.7,310.40000000000003,178.39999999999998,1,1,1.0
73,3,808.3,500.3,194.9000000000001,283.99999999999994,1,1,1.0
73,4,1088.1,386.0,212.4000000000001,243.5,1,1,1.0
73,5,516.4,692.6,338.5,165.29999999999995,1,1,1.0
73,6,1294.1,110.8,387.10000000000014,213.89999999999998,1,1,1.0
73,7,1270.3,408.8,195.4000000000001,343.2,1,1,1.0
73,8,1811.9,431.7,243.5999999999999,192.09999999999997,1,1,1.0
73,9,1767.5,754.2,256.0999999999999,205.79999999999995,1,1,1.0
74,1,300.2,840.0,251.90000000000003,159.70000000000005,1,1,1.0
74,2,315.5,637.7,310.4,170.89999999999998,1,1,1.0
74,3,807.7,501.6,194.89999999999998,307.79999999999995,1,1,1.0
74,4,1085.9,370.2,227.39999999999986,262.3,1,1,1.0
74,5,555.5,691.8,297.1,173.60000000000002,1,1,1.0
74,6,1297.7,110.8,381.70000000000005,213.89999999999998,1,1,1.0
74,7,1259.8,409.6,208.20000000000005,346.19999999999993,1,1,1.0
74,8,1811.9,431.7,243.5999999999999,194.00000000000006,1,1,1.0
74,9,1768.8,754.2,254.79999999999995,205.79999999999995,1,1,1.0
75,1,294.4,841.5,260.0,154.5,1,1,1.0
75,2,279.4,638.5,347.30000000000007,140.60000000000002,1,1,1.0
75,3,819.6,497.2,185.5,292.09999999999997,1,1,1.0
75,4,1078.4,371.0,241.0999999999999,256.20000000000005,1,1,1.0
75,5,557.0,690.3,298.6,175.10000000000002,1,1,1.0
75,6,1304.9,109.9,374.5,214.79999999999998,1,1,1.0
75,7,1261.3,409.6,208.20000000000005,349.19999999999993,1,1,1.0
75,8,1811.9,431.1,243.5999999999999,194.60000000000002,1,1,1.0
75,9,1767.5,754.2,252.29999999999995,203.89999999999998,1,1,1.0
76,1,315.3,843.0,239.09999999999997,156.79999999999995,1,1,1.0
76,2,270.4,641.6,356.30000000000007,137.5,1,1,1.0
76,3,811.4,488.4,191.80000000000007,300.9,1,1,1.0
76,4,1079.2,369.5,244.5999999999999,253.89999999999998,1,1,1.0
76,5,557.0,688.0,298.6,177.39999999999998,1,1,1.0
76,6,1304.9,109.0,374.5,215.7,1,1,1.0
76,7,1265.8,412.6,206.0,343.19999999999993,1,1,1.0
76,8,1811.9,421.7,243.5999999999999,205.3,1,1,1.0
76,9,1771.9,756.7,246.5999999999999,200.79999999999995,1,1,1.0
77,1,313.0,837.7,232.39999999999998,171.19999999999993,1,1,1.0
77,2,268.1,644.6,359.4,137.5,1,1,1.0
77,3,808.3,482.1,193.60000000000002,298.4,1,1,1.0
77,4,1086.0,365.3,240.0999999999999,260.40000000000003,1,1,1.0
77,5,557.0,688.0,298.6,177.39999999999998,1,1,1.0
77,6,1302.2,107.2,376.29999999999995,217.5,1,1,1.0
77,7,1262.0,412.6,208.29999999999995,338.69999999999993,1,1,1.0
77,8,1811.9,421.1,246.0999999999999,207.19999999999993,1,1,1.0
77,9,1773.2,757.3,246.5999999999999,201.5,1,1,1.0
78,1,313.0,837.7,232.39999999999998,172.79999999999995,1,1,1.0
78,2,320.1,640.8,301.4,142.80000000000007,1,1,1.0
78,3,801.4,480.2,259.5000000000001,308.50000000000006,1,1,1.0
78,4,1087.7,365.5,233.5999999999999,259.1,1,1,1.0
78,5,555.5,689.5,300.1,181.89999999999998,1,1,1.0
78,6,1302.2,104.5,378.0999999999999,218.39999999999998,1,1,1.0
78,7,1287.6,415.6,178.20000000000005,359.1,1,1,1.0
78,8,1815.1,414.2,240.4000000000001,211.59999999999997,1,1,1.0
78,9,1771.3,756.0,247.9000000000001,202.79999999999995,1,1,1.0
79,1,311.5,838.5,232.39999999999998,172.0,1,1,1.0
79,2,333.6,625.7,284.1,154.19999999999993,1,1,1.0
79,3,801.4,490.3,261.4,304.09999999999997,1,1,1.0
79,4,1091.3,362.6,223.79999999999995,259.0,1,1,1.0
79,5,538.2,686.5,320.4,183.39999999999998,1,1,1.0
79,6,1302.2,104.5,378.0999999999999,218.39999999999998,1,1,1.0
79,7,1277.8,411.8,176.70000000000005,372.7,1,1,1.0
79,8,1814.5,429.3,242.9000000000001,196.49999999999994,1,1,1.0
79,9,1771.3,757.3,251.0,202.10000000000002,1,1,1.0
80,1,311.5,835.1,237.70000000000005,172.39999999999998,1,1,1.0
80,2,335.1,625.7,281.79999999999995,150.39999999999998,1,1,1.0
80,3,803.3,501.6,262.60000000000014,301.0,1,1,1.0
80,4,1087.5,374.7,241.0999999999999,246.50000000000006,1,1,1.0
80,5,513.3,686.5,342.30000000000007,165.29999999999995,1,1,1.0
80,6,1317.6,104.5,361.8000000000002,219.3,1,1,1.0
80,7,1280.1,414.7,176.70000000000005,347.2,1,1,1.0
80,8,1813.9,430.6,245.4000000000001,197.10000000000002,1,1,1.0
80,9,1770.0,756.7,251.0,200.79999999999995,1,1,1.0
81,1,315.3,837.6,229.99999999999994,167.69999999999993,1,1,1.0
81,2,351.7,612.1,267.50000000000006,170.0,1,1,1.0
81,3,803.3,502.9,256.9000000000001,305.4,1,1,1.0
81,4,1089.0,368.7,242.20000000000005,253.3,1,1,1.0
81,5,527.8,688.8,325.5,163.80000000000007,1,1,1.0
81,6,1318.5,105.4,360.9000000000001,219.29999999999998,1,1,1.0
81,7,1278.6,412.6,177.4000000000001,311.6,1,1,1.0
81,8,1812.6,432.5,246.70000000000027,204.0,1,1,1.0
81,9,1768.1,758.0,256.70000000000005,201.39999999999998,1,1,1.0
82,1,315.3,837.8,230.49999999999994,168.20000000000005,1,1,1.0
82,2,361.7,619.6,248.50000000000006,166.29999999999995,1,1,1.0
82,3,810.2,503.5,253.0999999999999,310.5,1,1,1.0
82,4,1091.3,365.7,243.70000000000005,262.3,1,1,1.0
82,5,523.1,687.3,330.19999999999993,165.30000000000007,1,1,1.0
82,6,1320.3,106.4,359.10000000000014,218.29999999999998,1,1,1.0
82,7,1282.4,412.6,173.5999999999999,325.19999999999993,1,1,1.0
82,8,1813.2,441.3,247.39999999999986,224.09999999999997,1,1,1.0
82,9,1767.5,758.0,257.29999999999995,201.39999999999998,1,1,1.0
83,1,316.1,831.0,230.89999999999998,174.20000000000005,1,1,1.0
83,2,365.2,618.8,244.2,167.10000000000002,1,1,1.0
83,3,813.4,502.9,254.89999999999998,312.4,1,1,1.0
83,4,1089.8,365.7,255.0,265.3,1,1,1.0
83,5,523.1,687.3,331.69999999999993,164.5,1,1,1.0
83,6,1321.2,108.1,358.20000000000005,216.6,1,1,1.0
83,7,1283.9,412.6,166.79999999999995,303.29999999999995,1,1,1.0
83,8,1813.2,437.5,247.39999999999986,226.60000000000002,1,1,1.0
83,9,1776.3,760.5,251.0,198.29999999999995,1,1,1.0
84,1,305.6,839.3,242.19999999999993,164.4000000000001,1,1,1.0
84,2,362.2,626.3,238.90000000000003,158.80000000000007,1,1,1.0
84,3,812.1,507.9,249.89999999999998,309.30000000000007,1,1,1.0
84,4,1082.3,373.2,232.10000000000014,269.09999999999997,1,1,1.0
84,5,566.1,686.5,284.19999999999993,166.79999999999995,1,1,1.0
84,6,1321.2,108.1,360.0,217.50000000000003,1,1,1.0
84,7,1286.9,411.1,160.0,305.6,1,1,1.0
84,8,1813.8,443.8,244.89999999999986,185.8,1,1,1.0
84,9,1775.7,762.4,251.0,197.0,1,1,1.0
85,1,304.8,840.8,244.49999999999994,163.0,1,1,1.0
85,2,363.7,624.7,219.3,163.39999999999998,1,1,1.0
85,3,812.7,507.9,252.70000000000005,304.6,1,1,1.0
85,4,1089.1,366.4,224.30000000000018,297.0,1,1,1.0
85,5,544.2,691.0,309.9,165.29999999999995,1,1,1.0
85,6,1328.4,108.1,352.79999999999995,217.50000000000003,1,1,1.0
85,7,1289.2,411.1,157.70000000000005,303.29999999999995,1,1,1.0
85,8,1813.2,450.0,244.20000000000005,180.89999999999998,1,1,1.0
85,9,1771.9,759.3,254.79999999999995,199.5,1,1,1.0
86,1,309.3,836.1,241.49999999999994,166.89999999999998,1,1,1.0
86,2,365.9,626.2,215.60000000000002,162.69999999999993,1,1,1.0
86,3,812.7,507.9,249.89999999999986,295.4,1,1,1.0
86,4,1095.9,352.1,222.5,309.79999999999995,1,1,1.0
86,5,543.4,696.3,313.0,157.70000000000005,1,1,1.0
86,6,1333.8,108.1,346.5,218.4,1,1,1.0
86,7,1290.0,411.1,157.70000000000005,301.79999999999995,1,1,1.0
86,8,1813.8,438.7,243.00000000000023,190.3,1,1,1.0
86,9,1771.9,757.4,249.79999999999995,203.30000000000007,1,1,1.0
87,1,311.6,834.1,233.19999999999993,173.41999999999996,1,1,1.0
87,2,371.2,622.5,208.00000000000006,166.39999999999998,1,1,1.0
87,3,813.4,505.4,242.30000000000007,292.30000000000007,1,1,1.0
87,4,1083.8,358.9,241.4000000000001,299.20000000000005,1,1,1.0
87,5,551.7,695.5,303.9,154.70000000000005,1,1,1.0
87,6,1337.4,108.1,342.89999999999986,218.4,1,1,1.0
87,7,1289.2,410.3,160.0999999999999,303.40000000000003,1,1,1.0
87,8,1813.8,441.2,238.60000000000014,187.8,1,1,1.0
87,9,1770.0,759.3,247.9000000000001,203.9000000000001,1,1,1.0
88,1,311.6,835.6,231.69999999999993,172.60000000000002,1,1,1.0
88,2,359.9,611.9,247.89999999999998,175.20000000000005,1,1,1.0
88,3,816.5,505.4,248.0,319.5,1,1,1.0
88,4,1080.8,355.1,246.70000000000005,300.0,1,1,1.0
88,5,520.1,691.0,339.29999999999995,160.70000000000005,1,1,1.0
88,6,1336.5,108.1,345.5999999999999,218.4,1,1,1.0
88,7,1295.3,411.0,159.29999999999995,304.20000000000005,1,1,1.0
88,8,1813.2,438.1,240.49999999999977,192.60000000000002,1,1,1.0
88,9,1770.0,758.0,247.9000000000001,205.20000000000005,1,1,1.0
89,1,307.8,837.1,238.49999999999994,169.60000000000002,1,1,1.0
89,2,302.6,622.4,309.0,152.20000000000005,1,1,1.0
89,3,815.9,506.0,244.80000000000007,301.1,1,1,1.0
89,4,1082.9,355.5,233.39999999999986,258.20000000000005,1,1,1.0
89,5,564.6,691.0,291.79999999999995,169.70000000000005,1,1,1.0
89,6,1320.2,101.8,360.0999999999999,224.7,1,1,1.0
89,7,1293.8,409.5,163.79999999999995,307.20000000000005,1,1,1.0
89,8,1813.2,438.1,239.89999999999986,190.19999999999993,1,1,1.0
89,9,1771.3,761.8,247.20000000000005,201.4000000000001,1,1,1.0
90,1,306.3,837.9,242.3,168.0,1,1,1.0
90,2,299.6,629.9,314.19999999999993,142.39999999999998,1,1,1.0
90,3,813.4,506.0,249.19999999999993,291.70000000000005,1,1,1.0
90,4,1087.6,349.1,224.0,269.1,1,1,1.0
90,5,569.1,688.8,287.29999999999995,165.9000000000001,1,1,1.0
90,6,1330.1,109.0,352.0,217.5,1,1,1.0
90,7,1294.6,407.2,161.5,350.2,1,1,1.0
90,8,1813.2,437.5,238.60000000000014,187.70000000000005,1,1,1.0
90,9,1771.9,758.7,246.0,204.5,1,1,1.0
91,1,303.3,837.1,243.8,167.29999999999995,1,1,1.0
91,2,299.6,632.2,314.19999999999993,136.39999999999998,1,1,1.0
91,3,814.7,502.2,250.39999999999986,276.7,1,1,1.0
91,4,1106.4,337.8,197.69999999999982,277.40000000000003,1,1,1.0
91,5,566.8,688.7,297.1,197.0,1,1,1.0
91,6,1311.1,109.0,370.10000000000014,217.5,1,1,1.0
91,7,1294.6,408.7,163.0,346.40000000000003,1,1,1.0
91,8,1813.2,445.0,238.60000000000014,180.20000000000005,1,1,1.0
91,9,1767.5,758.7,249.79999999999995,204.5,1,1,1.0
92,1,301.8,832.0,245.3,169.39999999999998,1,1,1.0
92,2,304.1,632.2,311.19999999999993,137.19999999999993,1,1,1.0
92,3,813.4,502.2,257.19999999999993,269.00000000000006,1,1,1.0
92,4,1103.4,343.1,215.0,270.6,1,1,1.0
92,5,577.3,686.5,282.80000000000007,175.79999999999995,1,1,1.0
92,6,1302.1,108.1,377.3000000000002,218.4,1,1,1.0
92,7,1293.8,409.5,165.29999999999995,333.5,1,1,1.0
92,8,1813.2,445.0,238.60000000000014,182.10000000000002,1,1,1.0
92,9,1771.9,753.0,244.0999999999999,208.89999999999998,1,1,1.0
93,1,312.3,837.1,236.3,164.29999999999995,1,1,1.0
93,2,304.9,633.7,308.1,135.69999999999993,1,1,1.0
93,3,809.6,499.7,263.69999999999993,264.09999999999997,1,1,1.0
93,4,1126.8,346.9,194.60000000000014,272.80000000000007,1,1,1.0
93,5,570.0,683.5,286.29999999999995,170.29999999999995,1,1,1.0
93,6,1307.5,108.1,373.70000000000005,218.4,1,1,1.0
93,7,1294.6,411.0,169.0,310.20000000000005,1,1,1.0
93,8,1813.2,444.4,237.99999999999977,180.80000000000007,1,1,1.0
93,9,1773.2,754.9,242.79999999999995,207.0,1,1,1.0
94,1,319.5,840.2,228.29999999999995,162.69999999999993,1,1,1.0
94,2,298.9,632.2,316.4,139.5,1,1,1.0
94,3,807.7,495.9,268.0999999999999,264.80000000000007,1,1,1.0
94,4,1126.8,336.3,189.29999999999995,312.8,1,1,1.0
94,5,577.1,673.0,272.4,197.60000000000002,1,1,1.0
94,6,1311.1,108.1,367.4000000000001,218.4,1,1,1.0
94,7,1296.9,417.8,192.29999999999995,292.90000000000003,1,1,1.0
94,8,1811.9,443.8,239.29999999999973,181.99999999999994,1,1,1.0
94,9,1770.0,757.4,246.70000000000005,204.39999999999998,1,1,1.0
95,1,318.3,834.9,228.8,170.30000000000007,1,1,1.0
95,2,296.6,633.7,318.0,138.69999999999993,1,1,1.0
95,3,808.3,495.3,260.0,267.3,1,1,1.0
95,4,1130.6,325.0,182.5,357.79999999999995,1,1,1.0
95,5,582.6,670.0,250.29999999999995,187.79999999999995,1,1,1.0
95,6,1335.0,111.7,343.5,216.10000000000002,1,1,1.0
95,7,1319.5,411.8,226.20000000000005,262.7,1,1,1.0
95,8,1811.9,443.8,239.29999999999973,181.40000000000003,1,1,1.0
95,9,1770.0,758.0,244.20000000000005,204.39999999999998,1,1,1.0
96,1,306.8,834.7,232.7,171.5999999999999,1,1,1.0
96,2,286.8,638.2,327.8,131.89999999999998,1,1,1.0
96,3,806.4,497.8,264.4,266.09999999999997,1,1,1.0
96,4,1126.8,328.8,161.4000000000001,352.7,1,1,1.0
96,5,584.1,670.0,242.0,191.60000000000002,1,1,1.0
96,6,1330.06,112.13,352.44000000000005,214.76999999999998,1,1,1.0
96,7,1280.3,439.7,290.29999999999995,177.59999999999997,1,1,1.0
96,8,1811.9,443.8,239.29999999999973,181.40000000000003,1,1,1.0
96,9,1773.8,760.5,242.9000000000001,201.89999999999998,1,1,1.0
97,1,337.2,831.1,197.09999999999997,182.39999999999998,1,1,1.0
97,2,286.0,634.4,331.6,137.20000000000005,1,1,1.0
97,3,808.3,495.9,258.79999999999995,275.6,1,1,1.0
97,4,1125.3,334.8,162.10000000000014,335.40000000000003,1,1,1.0
97,5,583.3,666.2,245.10000000000002,193.89999999999998,1,1,1.0
97,6,1329.2,111.7,352.89999999999986,214.8,1,1,1.0
97,7,1251.2,343.2,229.70000000000005,295.2,1,1,1.0
97,8,1811.9,444.4,239.29999999999973,182.10000000000002,1,1,1.0
97,9,1772.5,759.2,245.5,203.79999999999995,1,1,1.0
98,1,302.5,832.3,228.79999999999995,187.9000000000001,1,1,1.0
98,2,319.2,629.1,298.40000000000003,135.69999999999993,1,1,1.0
98,3,810.2,495.3,252.5,281.90000000000003,1,1,1.0
98,4,1120.7,331.0,163.70000000000005,358.79999999999995,1,1,1.0
98,5,581.0,670.7,243.60000000000002,196.19999999999993,1,1,1.0
98,6,1329.2,111.7,352.89999999999986,214.8,1,1,1.0
98,7,1162.84,290.78,285.3600000000001,236.62,1,1,1.0
98,8,1811.9,443.1,238.69999999999982,183.39999999999998,1,1,1.0
98,9,1773.1,759.2,244.9000000000001,205.0999999999999,1,1,1.0
99,1,332.6,838.6,195.69999999999993,182.29999999999995,1,1,1.0
99,2,353.8,639.0,235.90000000000003,235.10000000000002,1,1,1.0
99,3,812.1,496.5,250.60000000000002,289.5,1,1,1.0
99,4,1112.4,339.3,180.29999999999995,348.2,1,1,1.0
99,5,581.0,673.0,245.10000000000002,194.70000000000005,1,1,1.0
99,6,1329.2,111.7,352.89999999999986,214.8,1,1,1.0
99,7,1157.5,288.2,281.20000000000005,250.00000000000006,1,1,1.0
99,8,1811.9,443.1,238.69999999999982,183.39999999999998,1,1,1.0
99,9,1773.1,761.6,244.30000000000018,201.5,1,1,1.0
100,1,328.1,830.3,197.89999999999998,186.80000000000007,1,1,1.0
100,2,398.3,629.3,189.90000000000003,302.80000000000007,1,1,1.0
100,3,811.5,496.5,248.70000000000005,306.5,1,1,1.0
100,4,1110.1,339.3,179.60000000000014,348.99999999999994,1,1,1.0
100,5,581.0,671.5,245.10000000000002,195.39999999999998,1,1,1.0
100,6,1329.2,111.7,352.89999999999986,214.8,1,1,1.0
100,7,1003.8,274.7,361.79999999999995,130.90000000000003,1,1,1.0
100,8,1796.2,444.4,254.99999999999977,184.0,1,1,1.0
100,9,1774.4,766.0,243.5999999999999,195.20000000000005,1,1,1.0
101,1,328.1,831.1,196.0,183.69999999999993,1,1,1.0
101,2,454.8,718.3,243.40000000000003,245.4000000000001,1,1,1.0
101,3,815.9,496.5,248.89999999999998,310.0,1,1,1.0
101,4,1112.4,343.8,172.0,315.09999999999997,1,1,1.0
101,5,581.0,669.2,243.60000000000002,197.69999999999993,1,1,1.0
101,6,1312.9,113.5,369.1999999999998,213.89999999999998,1,1,1.0
101,7,853.1,301.1,361.80000000000007,171.5,1,1,1.0
101,8,1812.5,443.8,238.69999999999982,184.59999999999997,1,1,1.0
101,9,1771.3,766.7,246.70000000000005,192.5999999999999,1,1,1.0
102,1,326.6,831.1,194.89999999999998,187.5,1,1,1.0
102,2,533.17,878.8,320.23,141.4000000000001,1,1,1.0
102,3,817.4,498.0,242.39999999999998,322.20000000000005,1,1,1.0
102,4,1114.7,351.3,178.70000000000005,293.3,1,1,1.0
102,5,579.5,670.7,240.60000000000002,196.19999999999993,1,1,1.0
102,6,1312.9,113.5,369.1999999999998,213.89999999999998,1,1,1.0
102,7,877.9,306.4,337.0000000000001,158.70000000000005,1,1,1.0
102,8,1812.5,443.2,238.69999999999982,180.8,1,1,1.0
102,9,1774.4,766.7,244.89999999999986,192.5999999999999,1,1,1.0
103,1,334.1,799.5,184.39999999999998,225.0999999999999,1,1,1.0
103,2,619.1,830.6,366.9,151.19999999999993,1,1,1.0
103,3,819.7,501.0,193.39999999999998,323.70000000000005,1,1,1.0
103,4,1118.5,358.1,174.9000000000001,296.29999999999995,1,1,1.0
103,5,578.7,670.7,241.39999999999998,197.69999999999993,1,1,1.0
103,6,1313.8,111.7,368.29999999999995,215.7,1,1,1.0
103,7,907.4,305.6,311.30000000000007,153.5,1,1,1.0
103,8,1812.5,443.2,238.0999999999999,182.7,1,1,1.0
103,9,1771.3,766.7,247.4000000000001,188.79999999999995,1,1,1.0
104,1,334.9,672.7,140.70000000000005,263.0,1,1,1.0
104,2,671.1,834.4,354.1,148.89999999999998,1,1,1.0
104,3,818.2,495.7,196.39999999999998,310.2,1,1,1.0
104,4,1120.0,359.6,177.20000000000005,289.5,1,1,1.0
104,5,578.7,669.9,239.0999999999999,194.70000000000005,1,1,1.0
104,6,1312.0,111.7,367.4000000000001,215.7,1,1,1.0
104,7,895.1,297.3,325.1,173.89999999999998,1,1,1.0
104,8,1812.5,443.2,238.0999999999999,182.7,1,1,1.0
104,9,1771.9,766.7,244.29999999999995,191.29999999999995,1,1,1.0
105,1,354.5,596.8,136.2,252.20000000000005,1,1,1.0
105,2,679.4,838.9,363.1,158.0,1,1,1.0
105,3,817.4,492.7,231.89999999999998,298.09999999999997,1,1,1.0
105,4,1113.2,348.3,207.39999999999986,285.09999999999997,1,1,1.0
105,5,578.7,668.4,241.29999999999995,199.20000000000005,1,1,1.0
105,6,1331.0,112.6,349.29999999999995,214.79999999999998,1,1,1.0
105,7,890.6,293.5,323.6,170.89999999999998,1,1,1.0
105,8,1810.7,441.9,240.49999999999977,185.30000000000007,1,1,1.0
105,9,1776.3,767.3,240.5,190.10000000000002,1,1,1.0
106,1,348.5,564.4,205.5,200.30000000000007,1,1,1.0
106,2,679.4,834.4,342.80000000000007,171.5,1,1,1.0
106,3,818.9,489.7,247.0000000000001,286.8,1,1,1.0
106,4,1122.2,343.8,172.79999999999995,324.90000000000003,1,1,1.0
106,5,578.7,668.4,245.0999999999999,196.20000000000005,1,1,1.0
106,6,1331.0,112.6,349.29999999999995,214.79999999999998,1,1,1.0
106,7,856.7,296.5,322.0999999999999,188.2,1,1,1.0
106,8,1802.5,431.9,247.4000000000001,195.30000000000007,1,1,1.0
106,9,1777.6,768.6,243.0,187.60000000000002,1,1,1.0
107,1,329.6,561.4,242.60000000000002,166.30000000000007,1,1,1.0
107,2,683.2,841.1,321.69999999999993,170.79999999999995,1,1,1.0
107,3,815.9,495.0,247.0000000000001,287.5,1,1,1.0
107,4,1132.7,335.5,161.5,337.0,1,1,1.0
107,5,578.7,669.2,249.5999999999999,184.79999999999995,1,1,1.0
107,6,1336.4,112.6,343.89999999999986,214.79999999999998,1,1,1.0
107,7,751.9,326.6,384.0000000000001,168.59999999999997,1,1,1.0
107,8,1807.5,431.9,242.4000000000001,195.30000000000007,1,1,1.0
107,9,1777.6,768.0,247.4000000000001,191.39999999999998,1,1,1.0
108,1,339.0,552.4,252.0,187.80000000000007,1,1,1.0
108,2,693.7,835.8,323.19999999999993,159.5,1,1,1.0
108,3,815.1,494.2,247.80000000000007,298.09999999999997,1,1,1.0
108,4,1128.9,340.8,163.79999999999995,309.8,1,1,1.0
108,5,582.5,666.2,247.29999999999995,205.89999999999998,1,1,1.0
108,6,1338.2,112.6,339.39999999999986,215.70000000000002,1,1,1.0
108,7,691.6,343.2,361.4,150.5,1,1,1.0
108,8,1810.6,430.6,239.9000000000001,196.60000000000002,1,1,1.0
108,9,1777.0,769.3,247.4000000000001,192.60000000000002,1,1,1.0
109,1,335.7,547.2,252.00000000000006,200.0999999999999,1,1,1.0
109,2,681.7,812.4,368.39999999999986,190.39999999999998,1,1,1.0
109,3,815.1,495.7,247.19999999999993,293.09999999999997,1,1,1.0
109,4,1118.4,351.3,177.29999999999995,288.8,1,1,1.0
109,5,580.2,669.2,243.5,199.0999999999999,1,1,1.0
109,6,1338.2,112.6,343.0,216.1,1,1,1.0
109,7,663.0,341.7,389.20000000000005,147.5,1,1,1.0
109,8,1811.9,428.7,238.5999999999999,197.90000000000003,1,1,1.0
109,9,1778.3,769.9,246.10000000000014,192.0,1,1,1.0
110,1,336.1,549.5,247.0,200.5,1,1,1.0
110,2,671.9,799.6,394.1,195.60000000000002,1,1,1.0
110,3,815.9,495.7,243.89999999999998,286.8,1,1,1.0
110,4,1095.0,373.9,213.79999999999995,258.6,1,1,1.0
110,5,577.1,666.1,249.60000000000002,196.89999999999998,1,1,1.0
110,6,1338.2,112.6,343.0,214.79999999999998,1,1,1.0
110,7,668.3,338.7,380.10000000000014,153.5,1,1,1.0
110,8,1811.9,424.9,239.19999999999982,204.20000000000005,1,1,1.0
110,9,1779.5,768.7,243.5999999999999,190.69999999999993,1,1,1.0
111,1,333.4,550.9,254.39999999999998,185.80000000000007,1,1,1.0
111,2,681.8,799.6,389.5,164.69999999999993,1,1,1.0
111,3,815.9,495.7,235.60000000000002,283.00000000000006,1,1,1.0
111,4,1098.0,373.9,214.20000000000005,245.89999999999998,1,1,1.0
111,5,578.6,659.3,211.10000000000002,215.0,1,1,1.0
111,6,1338.2,112.6,343.0,214.79999999999998,1,1,1.0
111,7,698.4,338.7,347.0000000000001,151.2,1,1,1.0
111,8,1811.9,429.3,241.0999999999999,197.90000000000003,1,1,1.0
111,9,1778.9,767.4,242.89999999999986,188.89999999999998,1,1,1.0
112,1,331.1,542.2,255.60000000000002,197.5,1,1,1.0
112,2,692.2,776.2,384.39999999999986,186.39999999999998,1,1,1.0
112,3,812.9,495.7,254.39999999999998,263.40000000000003,1,1,1.0
112,4,1079.9,416.1,242.0999999999999,199.19999999999993,1,1,1.0
112,5,577.9,654.7,208.0,217.39999999999998,1,1,1.0
112,6,1311.1,112.6,370.10000000000014,214.79999999999998,1,1,1.0
112,7,669.0,341.7,353.79999999999995,159.5,1,1,1.0
112,8,1811.9,431.2,241.69999999999982,204.2,1,1,1.0
112,9,1780.2,769.9,238.39999999999986,189.5,1,1,1.0
113,1,324.3,552.4,264.90000000000003,179.80000000000007,1,1,1.0
113,2,711.0,791.3,367.20000000000005,145.80000000000007,1,1,1.0
113,3,814.4,479.9,247.39999999999998,276.20000000000005,1,1,1.0
113,4,1081.4,417.6,248.0999999999999,193.89999999999998,1,1,1.0
113,5,576.4,655.5,207.20000000000005,217.39999999999998,1,1,1.0
113,6,1309.3,112.6,371.9000000000001,214.79999999999998,1,1,1.0
113,7,589.9,369.6,251.30000000000007,212.19999999999993,1,1,1.0
113,8,1811.9,429.9,240.4000000000001,206.10000000000002,1,1,1.0
113,9,1781.5,771.1,239.0,190.19999999999993,1,1,1.0
114,1,324.2,549.62,264.21,181.08000000000004,1,1,1.0
114,2,760.7,770.9,319.70000000000005,160.20000000000005,1,1,1.0
114,3,797.8,449.0,209.5,312.4,1,1,1.0
114,4,1083.7,411.6,242.79999999999995,197.60000000000002,1,1,1.0
114,5,576.4,656.3,207.20000000000005,217.4000000000001,1,1,1.0
114,6,1296.6,112.6,384.60000000000014,214.79999999999998,1,1,1.0
114,7,590.6,383.2,234.79999999999995,267.90000000000003,1,1,1.0
114,8,1812.5,429.3,239.19999999999982,206.7,1,1,1.0
114,9,1780.2,766.7,242.20000000000005,195.89999999999998,1,1,1.0
115,1,323.5,553.47,268.64,169.02999999999997,1,1,1.0
115,2,716.3,787.5,371.60000000000014,128.5,1,1,1.0
115,3,805.3,435.4,222.0,307.20000000000005,1,1,1.0
115,4,1082.9,402.6,242.79999999999995,207.39999999999998,1,1,1.0
115,5,580.9,655.5,205.0,219.70000000000005,1,1,1.0
115,6,1295.7,112.6,385.5,214.79999999999998,1,1,1.0
115,7,588.3,397.5,218.30000000000007,292.70000000000005,1,1,1.0
115,8,1812.5,429.3,239.19999999999982,205.40000000000003,1,1,1.0
115,9,1778.9,767.4,246.0,196.5,1,1,1.0
116,1,323.4,551.62,238.49,176.88,1,1,1.0
116,2,728.4,762.7,346.69999999999993,158.79999999999995,1,1,1.0
116,3,806.8,467.0,274.70000000000005,297.5,1,1,1.0
116,4,1081.4,404.1,243.5,205.89999999999998,1,1,1.0
116,5,579.3,657.8,222.4000000000001,216.60000000000002,1,1,1.0
116,6,1310.2,110.8,370.0999999999999,216.59999999999997,1,1,1.0
116,7,524.2,454.0,214.5999999999999,283.0,1,1,1.0
116,8,1813.1,427.4,238.0,207.30000000000007,1,1,1.0
116,9,1775.8,749.8,249.70000000000005,218.5,1,1,1.0
117,1,320.5,553.2,238.10000000000002,174.5,1,1,1.0
117,2,738.9,746.1,337.69999999999993,160.19999999999993,1,1,1.0
117,3,806.9,468.5,248.30000000000007,278.6,1,1,1.0
117,4,1079.9,398.8,241.19999999999982,209.7,1,1,1.0
117,5,555.2,671.3,269.79999999999995,209.10000000000002,1,1,1.0
117,6,1332.8,114.4,347.5,213.9,1,1,1.0
117,7,447.3,583.6,238.8,249.89999999999998,1,1,1.0
117,8,1813.1,427.4,238.5999999999999,204.80000000000007,1,1,1.0
117,9,1775.2,763.6,254.70000000000005,200.89999999999998,1,1,1.0
118,1,320.5,554.0,267.0,175.20000000000005,1,1,1.0
118,2,743.4,746.9,344.5000000000001,159.39999999999998,1,1,1.0
118,3,806.1,470.8,284.4,271.09999999999997,1,1,1.0
118,4,1079.9,391.3,241.19999999999982,217.99999999999994,1,1,1.0
118,5,528.0,678.4,311.29999999999995,195.89999999999998,1,1,1.0
118,6,1333.7,115.3,346.5999999999999,213.89999999999998,1,1,1.0
118,7,397.3,634.8,246.59999999999997,237.9000000000001,1,1,1.0
118,8,1813.1,426.8,238.5999999999999,205.40000000000003,1,1,1.0
118,9,1777.7,771.1,252.79999999999995,195.89999999999998,1,1,1.0
119,1,319.7,560.0,262.8,171.5,1,1,1.0
119,2,741.9,759.0,337.69999999999993,148.79999999999995,1,1,1.0
119,3,805.3,469.3,273.9000000000001,281.59999999999997,1,1,1.0
119,4,1085.9,375.5,263.6999999999998,231.5,1,1,1.0
119,5,534.6,670.6,308.5,204.39999999999998,1,1,1.0
119,6,1332.8,113.5,348.4000000000001,215.7,1,1,1.0
119,7,396.8,664.9,216.99999999999994,253.80000000000007,1,1,1.0
119,8,1813.1,421.1,238.5999999999999,211.10000000000002,1,1,1.0
119,9,1778.3,761.7,253.5,209.0999999999999,1,1,1.0
120,1,322.7,553.2,260.2,179.89999999999998,1,1,1.0
120,2,741.1,761.3,342.9999999999999,145.0,1,1,1.0
120,3,808.3,470.1,273.9000000000001,288.4,1,1,1.0
120,4,1100.2,345.4,222.39999999999986,284.20000000000005,1,1,1.0
120,5,526.5,702.2,321.1,172.79999999999995,1,1,1.0
120,6,1325.6,112.6,355.60000000000014,216.6,1,1,1.0
120,7,351.2,664.9,243.00000000000006,247.80000000000007,1,1,1.0
120,8,1813.1,425.5,238.5999999999999,206.70000000000005,1,1,1.0
120,9,1779.6,764.2,247.20000000000005,205.29999999999995,1,1,1.0
