1,1,368.09,567.11,76.86000000000001,113.92999999999995,1,1,0.0
1,2,303.61,663.79,150.39,263.05000000000007,1,1,1.0
1,3,356.43,676.67,231.32999999999998,203.43000000000006,1,1,1.0
1,4,467.76,470.7,141.90999999999997,219.59999999999997,1,1,1.0
1,5,519.12,397.04,256.92999999999995,187.91000000000003,1,1,1.0
1,6,635.47,606.36,136.42999999999995,353.03999999999996,1,1,1.0
1,7,477.94,920.17,318.16,116.68999999999994,1,1,1.0
1,8,917.27,499.75,158.31999999999994,273.6,1,1,1.0
1,9,1070.99,518.2,243.01,290.44999999999993,1,1,1.0
1,10,1399.95,572.96,185.94000000000005,284.75,1,1,1.0
2,1,389.19,551.29,81.41000000000003,103.41000000000008,1,1,0.0
2,2,304.46,664.21,150.04000000000002,267.78999999999996,1,1,1.0
2,3,338.8,676.0,248.99999999999994,206.20000000000005,1,1,1.0
2,4,476.9,486.0,137.89999999999998,205.60000000000002,1,1,1.0
2,5,513.4,367.7,293.0,188.50000000000006,1,1,1.0
2,6,620.2,583.7,144.79999999999995,353.0999999999999,1,1,1.0
2,7,480.0,907.6,323.4,121.39999999999998,1,1,1.0
2,8,931.6,493.0,145.80000000000007,330.1,1,1,1.0
2,9,1070.99,500.5,235.21000000000004,305.0,1,1,1.0
2,10,1362.23,603.24,230.06999999999994,266.15999999999997,1,1,1.0
3,1,215.13,565.6,113.07,61.22000000000003,1,1,0.0
3,2,305.7,663.4,150.90000000000003,268.6,1,1,1.0
3,3,344.86,676.0,242.93999999999994,205.20000000000005,1,1,1.0
3,4,446.7,396.4,149.14000000000004,263.5,1,1,1.0
3,5,500.1,352.0,306.79999999999995,204.20000000000005,1,1,1.0
3,6,621.9,585.5,157.20000000000005,322.9,1,1,1.0
3,7,483.7,907.6,354.2,121.39999999999998,1,1,1.0
3,8,942.9,493.0,126.69999999999993,333.1,1,1,1.0
3,9,1073.4,490.8,221.19999999999982,314.7,1,1,1.0
3,10,1307.46,679.8,285.89999999999986,160.38,1,1,1.0
4,1,263.35,576.1,137.14999999999998,123.05999999999995,1,1,0.0
4,2,311.9,675.1,140.0,256.0,1,1,1.0
4,3,345.58,676.0,242.21999999999997,207.0,1,1,1.0
4,4,435.1,387.0,132.10000000000002,212.29999999999995,1,1,1.0
4,5,519.2,414.4,257.5,163.30000000000007,1,1,1.0
4,6,612.3,562.9,163.70000000000005,332.6,1,1,1.0
4,7,486.32,903.2,360.97999999999996,121.09999999999991,1,1,1.0
4,8,824.6,594.0,275.9,247.20000000000005,1,1,1.0
4,9,1070.5,490.8,226.29999999999995,304.99999999999994,1,1,1.0
4,10,1320.7,649.0,249.29999999999995,199.10000000000002,1,1,1.0
5,1,243.0,591.9,184.60000000000002,138.89999999999998,1,1,1.0
5,2,312.9,700.9,138.60000000000002,229.39999999999998,1,1,1.0
5,3,343.8,676.0,243.99999999999994,206.60000000000002,1,1,1.0
5,4,473.8,461.43,108.99999999999994,227.86999999999995,1,1,1.0
5,5,522.3,411.0,287.70000000000005,165.10000000000002,1,1,1.0
5,6,626.0,565.5,155.0,281.9,1,1,1.0
5,7,492.1,904.5,357.79999999999995,118.5,1,1,1.0
5,8,805.1,592.5,303.69999999999993,197.5,1,1,1.0
5,9,1070.5,490.8,233.70000000000005,316.49999999999994,1,1,1.0
5,10,1389.23,580.5,215.8699999999999,266.53999999999996,1,1,1.0
6,1,264.8,588.7,172.7,142.0999999999999,1,1,1.0
6,2,311.9,699.2,141.3,216.29999999999995,1,1,1.0
6,3,322.9,650.2,262.5,236.0,1,1,1.0
6,4,478.4,459.2,111.0,224.7,1,1,1.0
6,5,522.3,408.0,281.4000000000001,163.89999999999998,1,1,1.0
6,6,628.3,559.8,136.9000000000001,276.70000000000005,1,1,1.0
6,7,492.1,904.5,357.4,116.70000000000005,1,1,1.0
6,8,811.8,636.2,269.10000000000014,192.2299999999999,1,1,1.0
6,9,1073.6,481.1,219.60000000000014,319.1,1,1,1.0
6,10,1429.1,623.0,156.9000000000001,267.1,1,1,1.0
7,1,264.8,587.3,171.89999999999998,138.30000000000007,1,1,1.0
7,2,264.2,712.0,191.60000000000002,208.0,1,1,1.0
7,3,320.71,622.46,256.89000000000004,261.43999999999994,1,1,1.0
7,4,473.29,461.25,116.81,224.20000000000005,1,1,1.0
7,5,522.3,401.7,288.20000000000005,170.2,1,1,1.0
7,6,622.68,561.37,137.42000000000007,271.53,1,1,1.0
7,7,492.1,904.5,359.91999999999996,116.70000000000005,1,1,1.0
7,8,804.26,673.9,270.8399999999999,151.51999999999998,1,1,1.0
7,9,1071.6,481.1,221.60000000000014,317.79999999999995,1,1,1.0
7,10,1429.1,615.6,156.9000000000001,274.5,1,1,1.0
8,1,273.5,591.2,159.3,134.39999999999998,1,1,1.0
8,2,273.4,719.5,183.20000000000005,196.0,1,1,1.0
8,3,351.87,633.78,230.13,245.62,1,1,1.0
8,4,474.82,459.71,113.68,217.19,1,1,1.0
8,5,524.4,395.4,264.6,170.70000000000005,1,1,1.0
8,6,623.81,560.9,138.8900000000001,271.0,1,1,1.0
8,7,492.1,903.2,359.91999999999996,118.0,1,1,1.0
8,8,804.26,681.4,278.8399999999999,138.5,1,1,1.0
8,9,1070.1,483.8,223.5,315.09999999999997,1,1,1.0
8,10,1433.3,628.9,171.29999999999995,251.10000000000002,1,1,1.0
9,1,279.66,587.5,157.5,138.10000000000002,1,1,1.0
9,2,296.8,698.4,159.8,223.89999999999998,1,1,1.0
9,3,355.67,641.62,230.43,242.27999999999997,1,1,1.0
9,4,473.3,459.2,117.80000000000001,219.2,1,1,1.0
9,5,524.4,397.5,260.4,173.29999999999995,1,1,1.0
9,6,623.3,559.83,138.80000000000007,275.16999999999996,1,1,1.0
9,7,492.1,904.5,359.91999999999996,116.70000000000005,1,1,1.0
9,8,800.0,685.29,281.26,133.21000000000004,1,1,1.0
9,9,1070.1,483.8,223.5,310.7,1,1,1.0
9,10,1412.6,627.8,180.30000000000018,269.20000000000005,1,1,1.0
10,1,268.8,587.5,168.36,128.89999999999998,1,1,1.0
10,2,304.3,698.4,152.3,218.60000000000002,1,1,1.0
10,3,347.44,640.91,230.16000000000003,250.19000000000005,1,1,1.0
10,4,475.81,462.78,113.19,220.12,1,1,1.0
10,5,524.4,382.3,264.6,170.7,1,1,1.0
10,6,595.56,531.5,236.54000000000008,290.5,1,1,1.0
10,7,492.1,904.5,359.91999999999996,116.70000000000005,1,1,1.0
10,8,793.1,692.17,282.2299999999999,125.73000000000002,1,1,1.0
10,9,1067.4,482.1,228.89999999999986,312.4,1,1,1.0
10,10,1391.9,641.6,206.79999999999995,254.29999999999995,1,1,1.0
11,1,245.3,587.5,191.86,122.5,1,1,1.0
11,2,295.2,698.4,161.40000000000003,219.5,1,1,1.0
11,3,358.04,640.91,221.45999999999998,243.39,1,1,1.0
11,4,472.89,445.91,117.71000000000004,237.48999999999995,1,1,1.0
11,5,527.5,379.2,261.5,180.59999999999997,1,1,1.0
11,6,620.83,593.04,176.06999999999994,290.5,1,1,1.0
11,7,488.7,906.6,381.09999999999997,114.60000000000002,1,1,1.0
11,8,756.55,679.99,318.9000000000001,141.79999999999995,1,1,1.0
11,9,1067.4,484.7,228.39999999999986,314.2,1,1,1.0
11,10,1391.9,644.8,207.89999999999986,251.10000000000002,1,1,1.0
12,1,248.6,580.4,188.56000000000003,142.60000000000002,1,1,1.0
12,2,286.2,692.4,170.40000000000003,229.70000000000005,1,1,1.0
12,3,378.27,659.83,207.23000000000002,225.56999999999994,1,1,1.0
12,4,468.25,459.2,120.25,226.59999999999997,1,1,1.0
12,5,523.3,388.8,275.6,172.2,1,1,1.0
12,6,621.9,579.2,170.39999999999998,314.4,1,1,1.0
12,7,496.8,897.2,372.99999999999994,117.09999999999991,1,1,1.0
12,8,788.4,654.9,272.5000000000001,174.30000000000007,1,1,1.0
12,9,1067.4,482.0,221.29999999999995,326.20000000000005,1,1,1.0
12,10,1389.2,647.5,214.89999999999986,253.70000000000005,1,1,1.0
13,1,252.1,581.8,185.06000000000003,139.0,1,1,1.0
13,2,277.8,685.6,178.8,238.19999999999993,1,1,1.0
13,3,371.5,660.9,217.0,214.60000000000002,1,1,1.0
13,4,477.2,454.2,109.80000000000001,223.90000000000003,1,1,1.0
13,5,525.9,389.7,273.0,172.7,1,1,1.0
13,6,605.8,559.1,148.80000000000007,294.29999999999995,1,1,1.0
13,7,544.4,909.2,351.56000000000006,114.09999999999991,1,1,1.0
13,8,768.8,621.9,248.10000000000002,232.89999999999998,1,1,1.0
13,9,1064.7,480.2,224.89999999999986,334.2,1,1,1.0
13,10,1399.8,647.5,204.29999999999995,253.70000000000005,1,1,1.0
14,1,251.4,581.8,185.76000000000002,139.0,1,1,1.0
14,2,278.7,692.4,177.90000000000003,225.89999999999998,1,1,1.0
14,3,371.15,662.32,217.35000000000002,217.77999999999997,1,1,1.0
14,4,477.2,454.2,109.80000000000001,226.7,1,1,1.0
14,5,525.9,389.7,270.4,172.7,1,1,1.0
14,6,602.7,571.0,153.39999999999998,276.70000000000005,1,1,1.0
14,7,547.3,907.6,343.4000000000001,115.69999999999993,1,1,1.0
14,8,801.2,606.76,140.29999999999995,306.03999999999996,1,1,1.0
14,9,1064.7,479.7,225.89999999999986,334.7,1,1,1.0
14,10,1406.2,643.3,197.89999999999986,257.9000000000001,1,1,1.0
15,1,253.2,578.6,183.96000000000004,142.19999999999993,1,1,1.0
15,2,266.9,703.8,189.70000000000005,211.10000000000002,1,1,1.0
15,3,379.7,639.83,205.40000000000003,245.26999999999998,1,1,1.0
15,4,476.69,456.25,111.81,225.64999999999998,1,1,1.0
15,5,523.8,389.7,291.30000000000007,172.7,1,1,1.0
15,6,601.4,557.8,155.20000000000005,274.80000000000007,1,1,1.0
15,7,543.4,907.6,353.6,115.69999999999993,1,1,1.0
15,8,801.2,612.8,130.5,314.30000000000007,1,1,1.0
15,9,1064.7,480.2,224.89999999999986,314.3,1,1,1.0
15,10,1436.5,622.0,153.29999999999995,279.20000000000005,1,1,1.0
16,1,253.2,581.8,183.96000000000004,139.0,1,1,1.0
16,2,289.3,696.9,167.3,217.10000000000002,1,1,1.0
16,3,381.48,641.86,203.62,247.53999999999996,1,1,1.0
16,4,477.2,454.2,109.80000000000001,224.09999999999997,1,1,1.0
16,5,524.2,384.5,290.0,175.29999999999995,1,1,1.0
16,6,589.4,547.3,170.10000000000002,286.9000000000001,1,1,1.0
16,7,548.5,910.7,348.5,113.89999999999986,1,1,1.0
16,8,801.2,579.6,137.89999999999998,347.5,1,1,1.0
16,9,1061.6,479.8,223.60000000000014,308.09999999999997,1,1,1.0
16,10,1448.7,615.6,137.89999999999986,285.6,1,1,1.0
17,1,245.9,581.8,191.26000000000002,131.20000000000005,1,1,1.0
17,2,278.8,704.3,177.8,212.20000000000005,1,1,1.0
17,3,382.2,647.1,204.3,240.19999999999993,1,1,1.0
17,4,477.2,454.2,111.30000000000001,222.90000000000003,1,1,1.0
17,5,530.6,381.4,258.9,178.39999999999998,1,1,1.0
17,6,587.91,544.22,171.09000000000003,287.38,1,1,1.0
17,7,548.1,910.7,351.0,112.59999999999991,1,1,1.0
17,8,816.3,580.43,157.20000000000005,326.37,1,1,1.0
17,9,1066.0,473.2,214.29999999999995,319.09999999999997,1,1,1.0
17,10,1448.7,629.4,134.70000000000005,271.80000000000007,1,1,1.0
18,1,248.0,577.9,189.16000000000003,136.80000000000007,1,1,1.0
18,2,275.1,707.6,170.2,209.19999999999993,1,1,1.0
18,3,385.4,642.68,193.20000000000005,243.42000000000007,1,1,1.0
18,4,484.4,373.8,105.20000000000005,305.2,1,1,1.0
18,5,532.7,383.5,259.9,176.29999999999995,1,1,1.0
18,6,601.25,555.58,155.25,295.41999999999996,1,1,1.0
18,7,549.0,907.6,347.0,117.39999999999998,1,1,1.0
18,8,808.74,573.5,210.46000000000004,269.21000000000004,1,1,1.0
18,9,1066.0,475.9,220.0999999999999,310.6,1,1,1.0
18,10,1448.7,612.4,134.70000000000005,293.6,1,1,1.0
19,1,258.9,581.8,172.60000000000002,136.80000000000007,1,1,1.0
19,2,272.2,714.2,173.10000000000002,205.79999999999995,1,1,1.0
19,3,394.32,631.27,187.78000000000003,248.52999999999997,1,1,1.0
19,4,482.2,348.7,103.30000000000001,278.2,1,1,1.0
19,5,537.9,384.0,236.39999999999998,175.79999999999995,1,1,1.0
19,6,603.3,559.16,148.9000000000001,288.24,1,1,1.0
19,7,549.4,907.6,333.5,115.69999999999993,1,1,1.0
19,8,762.8,585.9,278.29999999999995,226.70000000000005,1,1,1.0
19,9,1069.1,471.0,213.9000000000001,312.4,1,1,1.0
19,10,1445.0,602.8,134.0999999999999,303.20000000000005,1,1,1.0
20,1,262.8,580.0,163.5,133.20000000000005,1,1,1.0
20,2,270.5,714.2,174.8,205.79999999999995,1,1,1.0
20,3,401.0,625.6,174.29999999999995,244.89999999999998,1,1,1.0
20,4,497.6,478.1,117.10000000000002,244.25,1,1,1.0
20,5,533.7,386.6,259.4,176.60000000000002,1,1,1.0
20,6,604.32,553.53,143.57999999999993,290.1700000000001,1,1,1.0
20,7,548.1,905.5,334.79999999999995,117.79999999999995,1,1,1.0
20,8,759.0,593.9,281.29999999999995,211.89999999999998,1,1,1.0
20,9,1069.1,476.3,216.60000000000014,287.2,1,1,1.0
20,10,1447.1,610.2,132.0,295.79999999999995,1,1,1.0
21,1,275.0,581.8,149.89999999999998,134.20000000000005,1,1,1.0
21,2,266.0,718.8,179.3,201.20000000000005,1,1,1.0
21,3,399.6,633.9,166.89999999999998,226.30000000000007,1,1,1.0
21,4,480.9,489.49,136.80000000000007,223.60000000000002,1,1,1.0
21,5,531.6,389.2,261.5,172.7,1,1,1.0
21,6,604.83,546.21,136.66999999999996,304.78999999999996,1,1,1.0
21,7,544.3,905.5,335.5,117.79999999999995,1,1,1.0
21,8,757.0,599.9,295.4000000000001,203.89999999999998,1,1,1.0
21,9,1069.1,466.6,204.60000000000014,321.69999999999993,1,1,1.0
21,10,1447.1,610.2,132.0,295.79999999999995,1,1,1.0
22,1,266.3,581.8,166.8,132.5,1,1,1.0
22,2,270.6,715.7,174.7,204.29999999999995,1,1,1.0
22,3,398.5,657.8,168.0,195.80000000000007,1,1,1.0
22,4,472.6,488.23,144.63,225.56999999999994,1,1,1.0
22,5,534.55,386.17,281.45000000000005,173.62999999999994,1,1,1.0
22,6,609.6,555.1,129.79999999999995,292.0,1,1,1.0
22,7,543.9,907.6,334.6,115.69999999999993,1,1,1.0
22,8,757.3,594.2,296.29999999999995,203.5,1,1,1.0
22,9,1072.7,460.8,197.5,337.7,1,1,1.0
22,10,1447.1,610.2,132.0,295.79999999999995,1,1,1.0
23,1,258.9,581.8,174.5,132.5,1,1,1.0
23,2,272.0,705.2,173.3,228.29999999999995,1,1,1.0
23,3,394.93,667.8,175.77000000000004,184.30000000000007,1,1,1.0
23,4,464.5,442.39,152.5,264.21000000000004,1,1,1.0
23,5,585.5,376.66,289.23,150.73999999999995,1,1,1.0
23,6,603.43,512.88,136.47000000000003,304.12,1,1,1.0
23,7,541.8,907.2,338.0,116.09999999999991,1,1,1.0
23,8,751.3,587.9,301.10000000000014,201.70000000000005,1,1,1.0
23,9,1069.1,432.7,154.80000000000018,363.09999999999997,1,1,1.0
23,10,1447.1,610.2,132.0,295.79999999999995,1,1,1.0
24,1,258.9,581.8,178.60000000000002,133.4000000000001,1,1,1.0
24,2,263.3,707.5,177.5,250.20000000000005,1,1,1.0
24,3,397.06,666.74,165.04000000000002,179.76,1,1,1.0
24,4,460.1,464.1,160.29999999999995,231.79999999999995,1,1,1.0
24,5,533.3,387.2,276.0,166.40000000000003,1,1,1.0
24,6,592.9,548.4,138.60000000000002,281.0400000000001,1,1,1.0
24,7,539.6,906.8,337.1,116.5,1,1,1.0
24,8,750.7,609.0,297.39999999999986,189.89999999999998,1,1,1.0
24,9,1069.1,429.1,138.70000000000005,360.1,1,1,1.0
24,10,1447.1,610.2,132.0,295.79999999999995,1,1,1.0
25,1,258.9,581.8,178.60000000000002,133.4000000000001,1,1,1.0
25,2,271.2,695.38,172.8,232.12,1,1,1.0
25,3,397.78,668.87,164.20000000000005,176.29999999999995,1,1,1.0
25,4,466.9,463.57,154.51999999999998,238.53000000000003,1,1,1.0
25,5,537.9,366.2,271.4,188.90000000000003,1,1,1.0
25,6,593.9,544.0,139.60000000000002,305.20000000000005,1,1,1.0
25,7,540.2,908.1,350.5,115.19999999999993,1,1,1.0
25,8,750.7,609.0,315.29999999999995,189.89999999999998,1,1,1.0
25,9,1069.1,430.7,135.20000000000005,367.40000000000003,1,1,1.0
25,10,1450.8,603.3,124.60000000000014,302.70000000000005,1,1,1.0
26,1,261.1,581.8,176.39999999999998,132.10000000000002,1,1,1.0
26,2,272.9,695.59,167.0,236.20999999999992,1,1,1.0
26,3,396.0,667.8,172.20000000000005,175.20000000000005,1,1,1.0
26,4,468.4,470.29,155.07000000000005,229.50999999999993,1,1,1.0
26,5,549.4,356.8,259.0,195.7,1,1,1.0
26,6,597.2,548.3,134.78999999999996,295.0,1,1,1.0
26,7,540.2,908.1,342.79999999999995,115.19999999999993,1,1,1.0
26,8,750.7,611.3,311.5,185.80000000000007,1,1,1.0
26,9,1072.2,429.4,133.89999999999986,358.5,1,1,1.0
26,10,1450.8,608.1,124.60000000000014,297.9,1,1,1.0
27,1,273.7,581.8,163.8,132.10000000000002,1,1,1.0
27,2,277.78,694.9,164.32000000000005,236.10000000000002,1,1,1.0
27,3,396.0,655.2,175.0,188.5,1,1,1.0
27,4,464.3,474.69,158.14000000000004,228.41000000000003,1,1,1.0
27,5,547.69,356.37,272.90999999999997,195.73000000000002,1,1,1.0
27,6,596.3,539.9,135.69000000000005,306.5,1,1,1.0
27,7,540.2,908.1,349.5999999999999,115.19999999999993,1,1,1.0
27,8,743.9,611.3,296.0000000000001,177.80000000000007,1,1,1.0
27,9,1071.2,428.1,138.0,357.19999999999993,1,1,1.0
27,10,1450.8,611.0,124.60000000000014,295.0,1,1,1.0
28,1,284.2,581.8,153.3,134.30000000000007,1,1,1.0
28,2,273.13,689.61,169.37,247.18999999999994,1,1,1.0
28,3,393.51,637.6,158.99,214.79999999999995,1,1,1.0
28,4,460.7,479.54,159.19,226.06,1,1,1.0
28,5,548.4,356.8,291.30000000000007,195.7,1,1,1.0
28,6,598.3,545.9,133.69000000000005,299.20000000000005,1,1,1.0
28,7,537.1,907.2,342.79999999999995,116.09999999999991,1,1,1.0
28,8,740.1,614.3,306.9999999999999,166.5,1,1,1.0
28,9,1072.2,427.6,140.5999999999999,358.1,1,1,1.0
28,10,1450.8,613.9,124.60000000000014,292.1,1,1,1.0
29,1,291.6,581.8,123.69999999999999,150.9000000000001,1,1,1.0
29,2,275.72,686.67,166.77999999999997,235.13,1,1,1.0
29,3,398.5,620.6,163.70000000000005,234.89999999999998,1,1,1.0
29,4,458.1,467.28,162.80999999999995,232.42000000000007,1,1,1.0
29,5,546.7,358.5,272.29999999999995,194.0,1,1,1.0
29,6,598.3,554.7,138.10000000000002,282.9,1,1,1.0
29,7,537.1,908.1,341.19999999999993,115.19999999999993,1,1,1.0
29,8,743.1,614.3,303.9999999999999,164.20000000000005,1,1,1.0
29,9,1072.2,427.7,138.29999999999995,358.00000000000006,1,1,1.0
29,10,1450.8,613.9,124.60000000000014,292.1,1,1,1.0
30,1,291.6,587.0,123.69999999999999,155.70000000000005,1,1,1.0
30,2,279.5,681.1,163.39999999999998,245.39999999999998,1,1,1.0
30,3,396.37,624.4,165.83000000000004,232.20000000000005,1,1,1.0
30,4,457.6,474.43,164.32999999999993,229.86999999999995,1,1,1.0
30,5,541.1,360.15,276.6,190.64999999999998,1,1,1.0
30,6,594.7,564.5,160.5,276.20000000000005,1,1,1.0
30,7,538.7,906.4,348.5999999999999,116.89999999999998,1,1,1.0
30,8,740.6,614.3,306.4999999999999,169.10000000000002,1,1,1.0
30,9,1071.76,429.9,139.6400000000001,361.11,1,1,1.0
30,10,1450.8,624.5,124.60000000000014,281.5,1,1,1.0
31,1,302.9,573.0,114.10000000000002,174.5,1,1,1.0
31,2,284.65,674.52,161.25,249.88,1,1,1.0
31,3,390.29,622.98,176.10999999999996,240.62,1,1,1.0
31,4,457.6,448.66,165.87,256.44,1,1,1.0
31,5,557.8,374.42,279.30000000000007,180.18,1,1,1.0
31,6,595.3,561.51,157.30000000000007,275.9,1,1,1.0
31,7,543.0,909.0,362.20000000000005,114.29999999999995,1,1,1.0
31,8,740.1,614.3,306.9999999999999,168.70000000000005,1,1,1.0
31,9,1071.76,429.9,139.6400000000001,355.4,1,1,1.0
31,10,1450.8,624.5,126.10000000000014,281.5,1,1,1.0
32,1,287.2,573.0,129.8,155.29999999999995,1,1,1.0
32,2,275.7,686.3,171.90000000000003,235.10000000000002,1,1,1.0
32,3,381.03,640.58,193.07000000000005,236.62,1,1,1.0
32,4,459.6,450.59,164.89,255.51000000000005,1,1,1.0
32,5,560.4,377.8,275.70000000000005,179.40000000000003,1,1,1.0
32,6,592.7,563.92,164.33999999999992,278.58000000000004,1,1,1.0
32,7,558.6,886.2,374.1,137.0999999999999,1,1,1.0
32,8,740.1,614.3,323.6,168.70000000000005,1,1,1.0
32,9,1071.76,427.6,139.83999999999992,357.69999999999993,1,1,1.0
32,10,1450.8,624.5,124.60000000000014,281.5,1,1,1.0
33,1,304.6,573.0,112.39999999999998,140.89999999999998,1,1,1.0
33,2,274.0,682.0,171.5,239.39999999999998,1,1,1.0
33,3,379.6,663.66,193.69999999999993,216.74,1,1,1.0
33,4,464.5,447.52,155.89999999999998,258.98,1,1,1.0
33,5,557.8,384.1,270.5,175.69999999999993,1,1,1.0
33,6,590.5,560.34,167.05999999999995,284.76,1,1,1.0
33,7,532.44,882.0,346.76,113.60000000000002,1,1,1.0
33,8,740.1,614.3,330.4,174.70000000000005,1,1,1.0
33,9,1069.5,427.7,137.9000000000001,361.09999999999997,1,1,1.0
33,10,1450.8,628.1,124.60000000000014,277.9,1,1,1.0
34,1,324.2,573.0,100.60000000000002,147.39999999999998,1,1,1.0
34,2,275.27,682.89,171.03000000000003,250.21000000000004,1,1,1.0
34,3,377.1,656.4,197.60000000000002,222.89999999999998,1,1,1.0
34,4,459.1,449.06,162.31999999999994,252.04000000000002,1,1,1.0
34,5,558.2,387.7,274.4,172.8,1,1,1.0
34,6,593.02,559.1,156.89999999999998,283.5,1,1,1.0
34,7,535.82,884.11,345.9,116.18999999999994,1,1,1.0
34,8,746.1,614.3,318.4,177.70000000000005,1,1,1.0
34,9,1069.5,428.6,144.0999999999999,350.5,1,1,1.0
34,10,1452.8,627.7,126.70000000000005,278.29999999999995,1,1,1.0
35,1,328.1,573.0,106.29999999999995,142.20000000000005,1,1,1.0
35,2,280.2,680.3,165.3,247.10000000000002,1,1,1.0
35,3,377.1,643.8,198.89999999999998,240.5,1,1,1.0
35,4,463.1,448.54,157.29999999999995,255.66000000000003,1,1,1.0
35,5,553.9,397.2,276.5,165.7,1,1,1.0
35,6,594.5,544.0,168.20000000000005,298.6,1,1,1.0
35,7,537.1,888.3,350.1,114.60000000000002,1,1,1.0
35,8,746.1,614.3,319.9,177.70000000000005,1,1,1.0
35,9,1072.6,428.6,141.0,358.5,1,1,1.0
35,10,1449.2,609.2,131.29999999999995,305.5,1,1,1.0
36,1,328.1,573.0,114.59999999999997,142.20000000000005,1,1,1.0
36,2,283.2,675.8,161.40000000000003,251.60000000000002,1,1,1.0
36,3,377.1,636.3,198.69999999999993,252.80000000000007,1,1,1.0
36,4,472.4,433.5,129.80000000000007,252.39999999999998,1,1,1.0
36,5,556.1,389.9,282.79999999999995,170.10000000000002,1,1,1.0
36,6,592.0,541.5,173.79999999999995,298.5,1,1,1.0
36,7,547.6,892.5,349.0,120.89999999999998,1,1,1.0
36,8,755.1,611.8,292.19999999999993,185.5,1,1,1.0
36,9,1072.6,428.6,141.0,354.1,1,1,1.0
36,10,1441.2,619.2,141.5999999999999,293.19999999999993,1,1,1.0
37,1,323.7,573.0,124.19999999999999,142.20000000000005,1,1,1.0
37,2,287.5,672.8,156.3,254.60000000000002,1,1,1.0
37,3,377.1,641.3,198.19999999999993,248.0,1,1,1.0
37,4,469.5,413.18,133.39,271.71999999999997,1,1,1.0
37,5,560.1,390.55,283.44999999999993,170.09999999999997,1,1,1.0
37,6,593.3,529.6,215.80000000000007,310.4,1,1,1.0
37,7,569.6,883.6,343.69999999999993,157.4999999999999,1,1,1.0
37,8,755.1,610.0,308.30000000000007,195.60000000000002,1,1,1.0
37,9,1072.6,428.6,141.0,347.5,1,1,1.0
37,10,1442.3,619.2,140.5,293.19999999999993,1,1,1.0
38,1,323.7,573.0,124.19999999999999,142.20000000000005,1,1,1.0
38,2,287.5,670.7,156.3,263.5,1,1,1.0
38,3,377.1,653.9,200.69999999999993,234.10000000000002,1,1,1.0
38,4,482.6,360.6,120.79999999999995,299.69999999999993,1,1,1.0
38,5,564.1,391.2,284.1,170.09999999999997,1,1,1.0
38,6,600.2,505.7,210.19999999999993,318.59999999999997,1,1,1.0
38,7,543.4,852.2,323.9,137.29999999999995,1,1,1.0
38,8,761.6,608.3,311.9,195.30000000000007,1,1,1.0
38,9,1072.6,428.6,141.0,347.5,1,1,1.0
38,10,1449.2,594.8,133.5999999999999,321.20000000000005,1,1,1.0
39,1,323.7,573.0,124.19999999999999,142.20000000000005,1,1,1.0
39,2,286.64,669.02,153.36,284.80000000000007,1,1,1.0
39,3,371.4,656.0,207.5,232.70000000000005,1,1,1.0
39,4,487.8,412.61,121.72999999999996,323.78999999999996,1,1,1.0
39,5,559.7,399.23,267.75,165.87,1,1,1.0
39,6,682.5,444.79,169.34000000000003,297.91,1,1,1.0
39,7,546.0,852.2,326.5,136.0,1,1,1.0
39,8,761.9,597.7,279.19999999999993,207.89999999999998,1,1,1.0
39,9,1069.9,431.3,144.5999999999999,344.8,1,1,1.0
39,10,1450.3,572.0,119.20000000000005,335.0,1,1,1.0
40,1,323.7,573.0,124.19999999999999,142.20000000000005,1,1,1.0
40,2,284.94,669.87,152.86,282.92999999999995,1,1,1.0
40,3,378.9,628.8,197.60000000000002,263.5,1,1,1.0
40,4,468.5,466.96,141.54999999999995,262.74000000000007,1,1,1.0
40,5,547.9,404.6,278.30000000000007,167.19999999999993,1,1,1.0
40,6,693.4,440.4,161.0,282.80000000000007,1,1,1.0
40,7,546.0,846.2,334.9,138.89999999999998,1,1,1.0
40,8,768.4,559.3,244.10000000000002,274.0,1,1,1.0
40,9,1069.9,429.3,146.0999999999999,349.90000000000003,1,1,1.0
40,10,1450.3,560.8,116.60000000000014,339.5,1,1,1.0
41,1,320.2,573.0,127.69999999999999,156.39999999999998,1,1,1.0
41,2,284.51,669.02,154.59000000000003,290.98,1,1,1.0
41,3,378.5,634.3,200.10000000000002,257.20000000000005,1,1,1.0
41,4,470.0,470.1,140.04999999999995,254.69999999999993,1,1,1.0
41,5,543.7,404.6,261.5999999999999,167.19999999999993,1,1,1.0
41,6,676.6,439.9,178.29999999999995,262.0,1,1,1.0
41,7,546.0,849.2,334.9,135.89999999999998,1,1,1.0
41,8,793.5,523.1,208.39999999999998,325.0,1,1,1.0
41,9,1069.9,429.3,148.19999999999982,355.7,1,1,1.0
41,10,1436.0,552.8,120.79999999999995,343.6,1,1,1.0
42,1,323.7,573.0,124.19999999999999,154.0,1,1,1.0
42,2,283.9,670.5,153.90000000000003,290.79999999999995,1,1,1.0
42,3,378.9,637.6,204.89999999999998,250.39999999999998,1,1,1.0
42,4,476.49,480.84,133.51,236.16000000000003,1,1,1.0
42,5,542.1,404.6,263.19999999999993,167.19999999999993,1,1,1.0
42,6,655.8,444.9,244.20000000000005,264.9,1,1,1.0
42,7,546.0,852.2,353.20000000000005,134.5999999999999,1,1,1.0
42,8,803.3,518.6,198.60000000000002,339.79999999999995,1,1,1.0
42,9,1069.9,426.7,141.89999999999986,361.00000000000006,1,1,1.0
42,10,1431.4,562.4,128.5,329.70000000000005,1,1,1.0
43,1,323.7,573.0,123.30000000000001,154.0,1,1,1.0
43,2,274.1,681.4,175.59999999999997,233.0,1,1,1.0
43,3,374.02,645.78,210.77999999999997,240.12,1,1,1.0
43,4,467.78,481.59,142.80000000000007,236.63000000000005,1,1,1.0
43,5,543.1,404.6,257.0,167.19999999999993,1,1,1.0
43,6,638.0,442.8,233.20000000000005,260.09999999999997,1,1,1.0
43,7,544.3,852.2,350.20000000000005,132.89999999999998,1,1,1.0
43,8,814.3,517.1,183.80000000000007,347.79999999999995,1,1,1.0
43,9,1069.9,427.7,143.89999999999986,366.59999999999997,1,1,1.0
43,10,1436.0,538.0,120.90000000000009,351.5,1,1,1.0
44,1,326.8,573.0,120.19999999999999,154.0,1,1,1.0
44,2,280.54,682.23,170.06,228.19999999999993,1,1,1.0
44,3,372.6,637.6,214.5,245.0,1,1,1.0
44,4,464.94,476.48,149.26000000000005,238.41999999999996,1,1,1.0
44,5,545.2,386.8,257.5,188.40000000000003,1,1,1.0
44,6,626.3,437.68,251.5200000000001,262.82,1,1,1.0
44,7,542.2,860.0,356.5,120.39999999999998,1,1,1.0
44,8,818.6,517.1,179.5,352.1,1,1,1.0
44,9,1071.7,426.0,135.20000000000005,342.20000000000005,1,1,1.0
44,10,1446.1,543.8,112.30000000000018,339.30000000000007,1,1,1.0
45,1,326.8,569.8,120.19999999999999,157.20000000000005,1,1,1.0
45,2,283.75,682.02,165.14999999999998,223.68000000000006,1,1,1.0
45,3,372.6,641.38,210.29999999999995,239.72000000000003,1,1,1.0
45,4,467.5,478.01,145.60000000000002,239.39,1,1,1.0
45,5,545.63,407.24,252.29999999999995,166.65999999999997,1,1,1.0
45,6,618.8,427.2,238.94000000000005,267.09999999999997,1,1,1.0
45,7,541.3,860.0,350.20000000000005,118.29999999999995,1,1,1.0
45,8,822.3,499.96,172.0,370.34,1,1,1.0
45,9,1073.0,422.9,128.79999999999995,347.5,1,1,1.0
45,10,1446.1,526.3,110.20000000000005,354.70000000000005,1,1,1.0
46,1,328.2,573.0,118.80000000000001,156.79999999999995,1,1,1.0
46,2,282.47,683.73,169.79999999999995,226.69999999999993,1,1,1.0
46,3,385.8,600.6,195.49999999999994,275.4,1,1,1.0
46,4,468.98,480.57,144.12,237.82999999999998,1,1,1.0
46,5,547.3,408.8,253.30000000000007,162.49999999999994,1,1,1.0
46,6,616.2,415.3,236.69999999999993,278.99999999999994,1,1,1.0
46,7,541.3,857.0,343.5,123.89999999999998,1,1,1.0
46,8,808.6,536.9,191.0,328.1,1,1,1.0
46,9,1073.0,422.9,136.5999999999999,348.4,1,1,1.0
46,10,1446.1,516.7,110.20000000000005,360.5999999999999,1,1,1.0
47,1,326.8,573.0,120.19999999999999,154.0,1,1,1.0
47,2,283.32,679.89,196.07999999999998,228.01,1,1,1.0
47,3,360.48,590.64,184.41999999999996,245.26,1,1,1.0
47,4,463.2,464.06,137.15000000000003,249.2,1,1,1.0
47,5,522.7,388.4,253.29999999999995,198.60000000000002,1,1,1.0
47,6,685.73,405.9,174.97000000000003,237.54000000000008,1,1,1.0
47,7,542.2,851.9,327.69999999999993,131.60000000000002,1,1,1.0
47,8,796.5,571.3,237.20000000000005,277.1,1,1,1.0
47,9,1070.3,422.9,135.29999999999995,347.1,1,1,1.0
47,10,1446.1,527.3,114.5,350.0,1,1,1.0
48,1,326.8,573.0,110.59999999999997,154.0,1,1,1.0
48,2,282.5,680.7,199.0,231.0,1,1,1.0
48,3,350.48,596.63,190.62,243.97000000000003,1,1,1.0
48,4,461.2,452.3,147.8,262.99999999999994,1,1,1.0
48,5,519.0,385.3,254.0,197.49999999999994,1,1,1.0
48,6,700.8,403.9,161.9000000000001,237.10000000000002,1,1,1.0
48,7,541.3,853.2,340.6,131.5999999999999,1,1,1.0
48,8,772.4,578.8,289.0000000000001,210.80000000000007,1,1,1.0
48,9,1072.1,419.3,135.70000000000005,354.2,1,1,1.0
48,10,1437.6,565.5,122.90000000000009,311.79999999999995,1,1,1.0
49,1,330.3,602.2,87.5,124.79999999999995,1,1,1.0
49,2,281.6,678.0,199.89999999999998,237.29999999999995,1,1,1.0
49,3,367.4,575.27,154.70000000000005,242.73000000000002,1,1,1.0
49,4,461.2,442.3,142.2,272.99999999999994,1,1,1.0
49,5,521.1,400.0,240.79999999999995,182.79999999999995,1,1,1.0
49,6,702.9,400.9,158.80000000000007,246.89999999999998,1,1,1.0
49,7,541.3,850.6,327.5,136.0,1,1,1.0
49,8,772.4,585.6,284.9,184.39999999999998,1,1,1.0
49,9,1075.2,422.9,136.0999999999999,355.0,1,1,1.0
49,10,1430.7,571.9,131.39999999999986,314.4,1,1,1.0
50,1,330.3,602.2,87.5,124.79999999999995,1,1,1.0
50,2,281.2,678.8,182.0,236.5,1,1,1.0
50,3,362.29,569.74,130.31,253.96000000000004,1,1,1.0
50,4,457.4,489.8,151.60000000000002,214.8,1,1,1.0
50,5,524.8,408.9,239.20000000000005,173.89999999999998,1,1,1.0
50,6,701.5,400.9,161.10000000000002,253.30000000000007,1,1,1.0
50,7,574.8,861.0,321.20000000000005,157.5,1,1,1.0
50,8,763.4,585.6,293.5000000000001,179.89999999999998,1,1,1.0
50,9,1075.2,422.9,117.89999999999986,346.1,1,1,1.0
50,10,1425.1,569.9,137.0,316.4,1,1,1.0
51,1,330.3,602.2,87.5,124.79999999999995,1,1,0.0
51,2,288.4,673.5,170.5,241.0,1,1,1.0
51,3,365.7,569.9,129.90000000000003,257.80000000000007,1,1,1.0
51,4,457.4,490.9,152.20000000000005,213.70000000000005,1,1,1.0
51,5,523.9,392.38,238.0,190.01999999999998,1,1,1.0
51,6,713.3,400.9,146.20000000000005,255.70000000000005,1,1,1.0
51,7,591.5,833.8,299.29999999999995,180.5,1,1,1.0
51,8,763.4,569.1,299.80000000000007,196.39999999999998,1,1,1.0
51,9,1075.2,421.4,117.89999999999986,363.5,1,1,1.0
51,10,1431.7,568.3,133.5,318.0,1,1,1.0
52,1,330.3,602.2,101.5,124.79999999999995,1,1,0.0
52,2,290.5,670.9,191.8,241.89999999999998,1,1,1.0
52,3,302.1,571.8,211.5,232.5,1,1,1.0
52,4,446.1,434.1,155.29999999999995,263.6,1,1,1.0
52,5,521.7,363.9,237.0999999999999,224.39999999999998,1,1,1.0
52,6,708.3,395.9,151.70000000000005,263.80000000000007,1,1,1.0
52,7,563.77,799.79,314.43000000000006,166.91000000000008,1,1,1.0
52,8,764.9,559.2,274.6,213.0999999999999,1,1,1.0
52,9,1073.4,421.1,127.19999999999982,363.79999999999995,1,1,1.0
52,10,1432.3,566.1,135.4000000000001,320.19999999999993,1,1,1.0
53,1,330.3,605.8,101.5,121.20000000000005,1,1,0.0
53,2,269.6,666.0,212.7,247.60000000000002,1,1,1.0
53,3,329.9,570.9,197.39999999999998,208.70000000000005,1,1,1.0
53,4,467.5,398.9,135.39999999999998,284.4,1,1,1.0
53,5,512.7,348.7,236.19999999999993,235.8,1,1,1.0
53,6,693.9,412.9,169.39999999999998,248.70000000000005,1,1,1.0
53,7,559.6,811.3,320.69999999999993,153.80000000000007,1,1,1.0
53,8,777.0,556.2,270.0,231.19999999999993,1,1,1.0
53,9,1073.4,422.9,128.5,359.80000000000007,1,1,1.0
53,10,1410.0,553.9,156.9000000000001,332.4,1,1,1.0
54,1,331.4,631.9,100.40000000000003,95.10000000000002,1,1,0.0
54,2,269.6,666.0,212.7,248.5,1,1,1.0
54,3,310.48,570.52,207.01999999999998,174.38,1,1,1.0
54,4,460.5,406.39,139.85000000000002,274.01,1,1,1.0
54,5,518.1,348.7,230.79999999999995,240.40000000000003,1,1,1.0
54,6,693.9,404.7,169.39999999999998,256.90000000000003,1,1,1.0
54,7,553.3,817.3,299.30000000000007,149.9000000000001,1,1,1.0
54,8,786.0,553.9,267.0,238.80000000000007,1,1,1.0
54,9,1073.4,423.8,125.59999999999991,356.90000000000003,1,1,1.0
54,10,1410.0,553.9,156.9000000000001,332.4,1,1,1.0
55,1,330.3,617.9,101.5,109.10000000000002,1,1,0.0
55,2,270.88,664.72,212.7,248.5,1,1,1.0
55,3,327.63,570.97,178.97000000000003,142.02999999999997,1,1,1.0
55,4,469.8,411.5,131.57999999999998,271.29999999999995,1,1,1.0
55,5,517.1,384.4,235.0,203.70000000000005,1,1,1.0
55,6,690.8,399.7,172.5,257.50000000000006,1,1,1.0
55,7,553.3,815.5,294.6,171.70000000000005,1,1,1.0
55,8,789.0,553.9,264.0,242.60000000000002,1,1,1.0
55,9,1073.4,424.7,132.0,358.00000000000006,1,1,1.0
55,10,1436.0,569.3,130.9000000000001,317.0,1,1,1.0
56,1,330.3,650.6,101.5,76.39999999999998,1,1,0.0
56,2,295.4,663.4,186.90000000000003,258.6,1,1,1.0
56,3,337.4,570.54,195.20000000000005,156.06000000000006,1,1,1.0
56,4,470.9,416.5,141.21000000000004,268.20000000000005,1,1,1.0
56,5,517.1,373.3,234.60000000000002,218.2,1,1,1.0
56,6,699.6,384.0,159.29999999999995,263.1,1,1,1.0
56,7,553.3,811.3,300.9000000000001,160.60000000000002,1,1,1.0
56,8,787.2,550.1,248.5,248.89999999999998,1,1,1.0
56,9,1071.2,424.7,134.20000000000005,358.00000000000006,1,1,1.0
56,10,1436.0,577.8,130.9000000000001,308.5,1,1,1.0
57,1,330.3,646.2,101.5,80.79999999999995,1,1,0.0
57,2,286.9,670.5,195.40000000000003,261.5,1,1,1.0
57,3,337.4,569.5,198.70000000000005,150.10000000000002,1,1,1.0
57,4,474.4,411.8,141.30000000000007,273.40000000000003,1,1,1.0
57,5,519.2,375.9,230.75,212.20000000000005,1,1,1.0
57,6,697.7,375.8,161.19999999999993,271.99999999999994,1,1,1.0
57,7,551.2,811.3,295.19999999999993,167.9000000000001,1,1,1.0
57,8,782.2,558.8,261.29999999999995,237.70000000000005,1,1,1.0
57,9,1072.5,422.5,126.29999999999995,357.5,1,1,1.0
57,10,1431.2,570.4,135.70000000000005,315.9,1,1,1.0
58,1,330.3,607.0,101.5,115.0,1,1,0.0
58,2,290.77,662.78,189.40000000000003,259.80000000000007,1,1,1.0
58,3,331.1,570.19,205.39999999999998,147.20999999999992,1,1,1.0
58,4,494.47,401.4,111.52999999999997,271.6,1,1,1.0
58,5,524.4,346.6,217.20000000000005,248.19999999999993,1,1,1.0
58,6,705.3,347.9,170.60000000000002,279.80000000000007,1,1,1.0
58,7,550.2,811.3,291.19999999999993,167.9000000000001,1,1,1.0
58,8,788.2,553.1,273.0999999999999,243.39999999999998,1,1,1.0
58,9,1073.8,421.8,128.5,358.2,1,1,1.0
58,10,1436.0,575.2,130.9000000000001,311.0999999999999,1,1,1.0
59,1,330.3,607.0,101.5,117.39999999999998,1,1,0.0
59,2,290.77,664.95,188.53000000000003,256.75,1,1,1.0
59,3,328.3,570.54,201.8,151.66000000000008,1,1,1.0
59,4,436.14,359.33,155.26,247.77000000000004,1,1,1.0
59,5,570.4,374.3,187.39999999999998,232.49999999999994,1,1,1.0
59,6,750.51,397.76,149.28999999999996,257.64,1,1,1.0
59,7,551.1,808.3,301.6,164.60000000000002,1,1,1.0
59,8,779.9,556.1,274.6,238.10000000000002,1,1,1.0
59,9,1073.8,422.4,125.40000000000009,360.30000000000007,1,1,1.0
59,10,1436.0,575.2,130.9000000000001,311.0999999999999,1,1,1.0
60,1,330.3,610.1,101.5,114.29999999999995,1,1,0.0
60,2,283.9,675.0,198.40000000000003,249.70000000000005,1,1,1.0
60,3,331.8,571.3,198.3,154.0,1,1,1.0
60,4,502.9,420.87,116.89999999999998,266.23,1,1,1.0
60,5,534.82,439.71,232.38,235.19,1,1,1.0
60,6,760.7,409.7,149.0999999999999,227.40000000000003,1,1,1.0
60,7,550.2,809.6,282.0,171.69999999999993,1,1,1.0
60,8,782.9,557.6,263.30000000000007,238.10000000000002,1,1,1.0
60,9,1073.8,420.7,126.60000000000014,359.3,1,1,1.0
60,10,1436.0,580.0,130.9000000000001,313.70000000000005,1,1,1.0
61,1,330.3,607.0,101.5,117.39999999999998,1,1,0.0
61,2,283.05,673.72,198.39999999999998,250.98000000000002,1,1,1.0
61,3,333.2,570.54,198.3,159.26,1,1,1.0
61,4,507.1,424.0,112.69999999999993,254.89999999999998,1,1,1.0
61,5,494.0,452.3,271.20000000000005,235.2,1,1,1.0
61,6,759.15,403.73,147.55000000000007,236.66999999999996,1,1,1.0
61,7,548.1,810.0,289.5,179.70000000000005,1,1,1.0
61,8,785.4,550.1,257.0000000000001,249.89999999999998,1,1,1.0
61,9,1072.8,420.7,125.10000000000014,359.3,1,1,1.0
61,10,1425.9,591.7,141.0,301.5,1,1,1.0
62,1,330.3,607.0,101.5,117.39999999999998,1,1,0.0
62,2,283.9,670.5,198.40000000000003,261.29999999999995,1,1,1.0
62,3,334.3,570.54,194.7,160.76,1,1,1.0
62,4,507.1,429.7,112.19999999999993,246.7,1,1,1.0
62,5,480.4,458.1,285.6,235.69999999999993,1,1,1.0
62,6,761.2,407.2,145.39999999999998,229.3,1,1,1.0
62,7,550.2,810.0,297.29999999999995,170.29999999999995,1,1,1.0
62,8,782.9,559.1,254.19999999999993,236.60000000000002,1,1,1.0
62,9,1070.7,421.7,130.79999999999995,358.3,1,1,1.0
62,10,1414.2,593.3,152.70000000000005,301.0,1,1,1.0
63,1,330.3,607.0,101.5,117.39999999999998,1,1,0.0
63,2,283.9,668.37,198.40000000000003,253.02999999999997,1,1,1.0
63,3,333.23,570.19,197.26999999999998,162.80999999999995,1,1,1.0
63,4,507.1,415.9,112.69999999999993,263.0,1,1,1.0
63,5,510.2,459.7,257.50000000000006,234.09999999999997,1,1,1.0
63,6,759.2,419.1,149.29999999999995,217.39999999999998,1,1,1.0
63,7,548.1,807.9,289.6,181.20000000000005,1,1,1.0
63,8,769.3,572.7,264.29999999999995,212.5,1,1,1.0
63,9,1072.0,422.9,128.5999999999999,353.6,1,1,1.0
63,10,1392.9,574.7,178.0999999999999,311.9,1,1,1.0
64,1,330.3,607.0,101.5,117.39999999999998,1,1,0.0
64,2,278.6,670.7,203.7,258.79999999999995,1,1,1.0
64,3,332.17,570.54,201.12999999999994,160.06000000000006,1,1,1.0
64,4,512.3,415.9,107.5,266.1,1,1,1.0
64,5,498.7,459.7,267.00000000000006,234.09999999999997,1,1,1.0
64,6,758.7,419.1,149.79999999999995,217.39999999999998,1,1,1.0
64,7,552.7,804.5,304.5999999999999,194.5,1,1,1.0
64,8,772.0,571.9,279.4000000000001,218.10000000000002,1,1,1.0
64,9,1072.0,423.8,126.79999999999995,357.09999999999997,1,1,1.0
64,10,1379.6,517.86,188.9000000000001,318.53999999999996,1,1,1.0
65,1,330.3,607.0,101.5,117.39999999999998,1,1,0.0
65,2,276.5,674.1,205.8,253.10000000000002,1,1,1.0
65,3,333.6,570.2,200.29999999999995,163.19999999999993,1,1,1.0
65,4,510.7,415.9,109.09999999999997,267.6,1,1,1.0
65,5,487.2,466.5,278.50000000000006,235.70000000000005,1,1,1.0
65,6,758.7,408.4,150.79999999999995,225.0,1,1,1.0
65,7,554.4,804.5,287.80000000000007,193.0,1,1,1.0
65,8,773.8,580.9,287.4000000000001,207.30000000000007,1,1,1.0
65,9,1072.0,424.2,129.5,354.00000000000006,1,1,1.0
65,10,1338.18,527.42,211.72000000000003,285.58000000000004,1,1,1.0
66,1,330.3,607.0,101.5,117.39999999999998,1,1,0.0
66,2,276.3,676.5,206.0,250.70000000000005,1,1,1.0
66,3,333.23,569.83,202.06999999999994,161.16999999999996,1,1,1.0
66,4,507.1,428.5,112.69999999999993,253.5,1,1,1.0
66,5,491.9,457.0,275.5,245.20000000000005,1,1,1.0
66,6,758.2,408.4,155.29999999999995,216.80000000000007,1,1,1.0
66,7,554.4,803.65,302.5,190.55000000000007,1,1,1.0
66,8,773.8,582.4,294.9000000000001,205.80000000000007,1,1,1.0
66,9,1072.0,423.7,131.5,351.00000000000006,1,1,1.0
66,10,1279.2,566.7,285.0,221.29999999999995,1,1,1.0
67,1,330.3,607.0,101.5,117.39999999999998,1,1,0.0
67,2,273.3,676.1,209.0,251.10000000000002,1,1,1.0
67,3,328.0,568.06,208.39999999999998,159.74,1,1,1.0
67,4,510.9,414.7,108.89999999999998,272.3,1,1,1.0
67,5,522.63,468.0,235.76999999999998,230.89999999999998,1,1,1.0
67,6,682.33,358.79,199.37,233.00999999999993,1,1,1.0
67,7,564.9,805.0,322.70000000000005,173.79999999999995,1,1,1.0
67,8,758.7,588.4,311.5,168.20000000000005,1,1,1.0
67,9,1070.5,422.2,134.0999999999999,349.00000000000006,1,1,1.0
67,10,1262.7,556.6,308.89999999999986,183.60000000000002,1,1,1.0
68,1,330.3,626.5,101.5,97.89999999999998,1,1,0.0
68,2,273.7,676.1,208.60000000000002,245.10000000000002,1,1,1.0
68,3,323.74,569.83,205.65999999999997,155.16999999999996,1,1,1.0
68,4,510.9,425.4,108.89999999999998,259.70000000000005,1,1,1.0
68,5,558.8,465.5,222.0,229.89999999999998,1,1,1.0
68,6,773.26,411.54,187.44000000000005,200.75999999999993,1,1,1.0
68,7,612.0,824.9,294.0,176.80000000000007,1,1,1.0
68,8,758.7,583.9,311.5,176.5,1,1,1.0
68,9,1070.0,425.5,137.70000000000005,351.9,1,1,1.0
68,10,1262.7,556.6,308.39999999999986,179.89999999999998,1,1,1.0
69,1,332.8,636.8,99.0,87.60000000000002,1,1,0.0
69,2,273.3,678.2,209.0,247.89999999999998,1,1,1.0
69,3,314.3,570.19,225.3,150.1099999999999,1,1,1.0
69,4,512.4,425.4,113.70000000000005,257.20000000000005,1,1,1.0
69,5,570.31,572.2,240.79000000000008,191.75,1,1,1.0
69,6,785.7,406.5,174.29999999999995,199.29999999999995,1,1,1.0
69,7,608.3,829.1,297.70000000000005,172.60000000000002,1,1,1.0
69,8,765.6,561.9,280.1,213.5,1,1,1.0
69,9,1068.9,425.1,142.5,352.29999999999995,1,1,1.0
69,10,1258.5,556.6,311.5,182.0,1,1,1.0
70,1,331.72,632.56,101.47999999999996,88.6400000000001,1,1,0.0
70,2,273.5,678.4,208.8,247.70000000000005,1,1,1.0
70,3,313.6,569.48,229.19999999999993,148.72000000000003,1,1,1.0
70,4,510.9,425.4,115.20000000000005,259.70000000000005,1,1,1.0
70,5,469.32,632.4,248.68,207.95000000000005,1,1,1.0
70,6,787.23,405.99,170.66999999999996,199.29999999999995,1,1,1.0
70,7,614.6,854.1,322.29999999999995,159.60000000000002,1,1,1.0
70,8,791.4,512.3,267.5000000000001,284.5,1,1,1.0
70,9,1070.5,423.8,135.0,346.99999999999994,1,1,1.0
70,10,1262.9,555.0,304.39999999999986,189.39999999999998,1,1,1.0
71,1,330.65,621.2,100.45000000000005,100.69999999999993,1,1,0.0
71,2,272.7,679.7,176.40000000000003,243.79999999999995,1,1,1.0
71,3,326.02,570.19,221.77999999999997,150.80999999999995,1,1,1.0
71,4,511.9,425.4,114.20000000000005,258.70000000000005,1,1,1.0
71,5,400.25,717.7,284.75,153.51999999999998,1,1,1.0
71,6,779.88,406.5,181.41999999999996,192.5,1,1,1.0
71,7,625.6,849.0,329.19999999999993,169.89999999999998,1,1,1.0
71,8,842.9,542.4,219.69999999999993,271.4,1,1,1.0
71,9,1071.0,423.8,134.5,346.99999999999994,1,1,1.0
71,10,1264.3,555.0,298.20000000000005,194.20000000000005,1,1,1.0
72,1,333.5,636.1,98.30000000000001,88.29999999999995,1,1,0.0
72,2,272.7,679.7,176.40000000000003,247.5999999999999,1,1,1.0
72,3,298.5,570.19,242.79999999999995,143.6099999999999,1,1,1.0
72,4,510.9,444.2,115.20000000000005,240.90000000000003,1,1,1.0
72,5,387.7,730.3,312.50000000000006,140.9000000000001,1,1,1.0
72,6,782.6,406.5,176.69999999999993,193.0,1,1,1.0
72,7,626.88,851.56,321.41999999999996,163.34000000000003,1,1,1.0
72,8,875.0,493.3,202.0,305.99999999999994,1,1,1.0
72,9,1070.5,423.4,138.0999999999999,347.4,1,1,1.0
72,10,1282.9,555.0,279.5999999999999,194.20000000000005,1,1,1.0
73,1,335.6,653.2,96.19999999999999,69.09999999999991,1,1,0.0
73,2,271.37,682.28,177.3,245.5,1,1,1.0
73,3,314.68,570.19,225.92000000000002,143.20999999999992,1,1,1.0
73,4,508.9,429.8,119.80000000000007,255.3,1,1,1.0
73,5,398.2,726.1,306.7,133.10000000000002,1,1,1.0
73,6,782.1,409.0,178.19999999999993,193.60000000000002,1,1,1.0
73,7,622.6,852.0,330.69999999999993,171.89999999999998,1,1,1.0
73,8,886.2,494.7,190.89999999999986,294.59999999999997,1,1,1.0
73,9,1070.5,423.4,138.0999999999999,360.20000000000005,1,1,1.0
73,10,1288.2,555.0,278.5999999999999,189.89999999999998,1,1,1.0
74,1,335.27,651.12,97.93,70.48000000000002,1,1,0.0
74,2,271.4,681.9,176.40000000000003,246.70000000000005,1,1,1.0
74,3,309.71,570.9,229.79000000000002,140.70000000000005,1,1,1.0
74,4,510.9,412.2,115.20000000000005,271.59999999999997,1,1,1.0
74,5,419.1,717.7,289.5,133.0999999999999,1,1,1.0
74,6,774.33,407.47,188.06999999999994,197.42999999999995,1,1,1.0
74,7,629.8,849.0,352.70000000000005,162.10000000000002,1,1,1.0
74,8,889.97,480.7,197.12999999999988,280.97999999999996,1,1,1.0
74,9,1068.5,425.6,135.20000000000005,351.4,1,1,1.0
74,10,1286.6,555.0,280.20000000000005,189.89999999999998,1,1,1.0
75,1,334.92,649.11,97.97999999999996,71.38999999999999,1,1,0.0
75,2,272.7,678.9,188.10000000000002,247.60000000000002,1,1,1.0
75,3,310.06,570.19,231.23999999999995,136.51,1,1,1.0
75,4,510.9,431.0,119.60000000000002,252.79999999999995,1,1,1.0
75,5,442.1,708.3,258.1,136.20000000000005,1,1,1.0
75,6,771.8,405.9,188.80000000000007,200.5,1,1,1.0
75,7,625.1,853.7,342.69999999999993,157.39999999999998,1,1,1.0
75,8,894.4,486.5,214.0000000000001,273.29999999999995,1,1,1.0
75,9,1072.5,425.6,131.20000000000005,355.4,1,1,1.0
75,10,1263.2,555.0,307.29999999999995,183.0,1,1,1.0
76,1,334.92,651.15,98.27999999999997,68.64999999999998,1,1,0.0
76,2,271.8,681.0,212.0,236.5,1,1,1.0
76,3,312.9,570.54,228.39999999999998,136.46000000000004,1,1,1.0
76,4,510.9,442.9,116.5,240.89999999999998,1,1,1.0
76,5,480.3,714.1,191.09999999999997,135.10000000000002,1,1,1.0
76,6,724.25,359.43,203.04999999999995,217.46999999999997,1,1,1.0
76,7,625.1,857.4,372.0,153.70000000000005,1,1,1.0
76,8,893.2,485.9,210.20000000000005,273.9,1,1,1.0
76,9,1072.5,425.6,128.0999999999999,355.4,1,1,1.0
76,10,1307.8,555.0,269.10000000000014,164.39999999999998,1,1,1.0
77,1,335.27,651.38,96.93,70.22000000000003,1,1,0.0
77,2,270.5,683.5,210.3,242.60000000000002,1,1,1.0
77,3,311.5,570.54,231.20000000000005,133.96000000000004,1,1,1.0
77,4,510.9,430.3,116.5,253.49999999999994,1,1,1.0
77,5,462.0,700.5,198.39999999999998,144.0,1,1,1.0
77,6,754.39,400.88,176.01,231.32000000000005,1,1,1.0
77,7,626.38,852.6,335.22,153.39999999999998,1,1,1.0
77,8,895.6,470.8,195.19999999999993,290.2,1,1,1.0
77,9,1072.5,423.4,133.4000000000001,355.4,1,1,1.0
77,10,1320.0,549.7,266.4000000000001,157.5,1,1,1.0
78,1,334.92,652.85,97.97999999999996,68.04999999999995,1,1,0.0
78,2,269.7,682.2,200.90000000000003,241.29999999999995,1,1,1.0
78,3,312.9,570.54,227.30000000000007,129.36,1,1,1.0
78,4,510.9,430.3,116.5,253.49999999999994,1,1,1.0
78,5,453.3,677.0,207.09999999999997,175.89999999999998,1,1,1.0
78,6,770.71,422.23,151.49,230.66999999999996,1,1,1.0
78,7,629.05,850.6,331.6500000000001,158.0,1,1,1.0
78,8,901.9,473.25,189.5100000000001,291.54999999999995,1,1,1.0
78,9,1072.5,423.4,133.4000000000001,352.30000000000007,1,1,1.0
78,10,1305.7,552.9,280.29999999999995,156.39999999999998,1,1,1.0
79,1,334.92,648.94,96.18,72.25999999999999,1,1,0.0
79,2,270.1,682.67,212.0,241.23000000000002,1,1,1.0
79,3,311.8,570.54,230.90000000000003,128.26,1,1,1.0
79,4,510.9,417.1,116.5,266.69999999999993,1,1,1.0
79,5,454.2,672.3,210.90000000000003,175.9000000000001,1,1,1.0
79,6,770.71,422.23,152.78999999999996,233.16999999999996,1,1,1.0
79,7,633.4,851.1,320.20000000000005,156.79999999999995,1,1,1.0
79,8,898.8,476.5,203.29999999999995,285.20000000000005,1,1,1.0
79,9,1072.5,424.7,129.9000000000001,355.00000000000006,1,1,1.0
79,10,1282.9,559.8,298.29999999999995,164.9000000000001,1,1,1.0
80,1,334.56,646.46,97.94,74.43999999999994,1,1,0.0
80,2,270.52,682.24,184.98000000000002,242.15999999999997,1,1,1.0
80,3,309.0,570.54,234.10000000000002,127.16000000000008,1,1,1.0
80,4,496.5,363.7,134.5,320.09999999999997,1,1,1.0
80,5,399.8,672.3,265.3,178.0,1,1,1.0
80,6,769.2,421.2,154.29999999999995,231.7,1,1,1.0
80,7,633.8,845.0,322.9000000000001,163.39999999999998,1,1,1.0
80,8,901.3,466.5,197.70000000000005,295.20000000000005,1,1,1.0
80,9,1072.5,422.5,125.0,351.9,1,1,1.0
80,10,1276.5,559.8,301.5,169.10000000000002,1,1,1.0
81,1,334.56,647.17,99.04000000000002,74.43000000000006,1,1,0.0
81,2,270.52,682.67,182.88,239.5300000000001,1,1,1.0
81,3,314.67,569.48,229.82999999999998,130.01999999999998,1,1,1.0
81,4,500.9,375.6,152.20000000000005,293.79999999999995,1,1,1.0
81,5,394.6,661.3,270.5,191.60000000000002,1,1,1.0
81,6,770.71,426.6,154.28999999999996,225.79999999999995,1,1,1.0
81,7,633.4,845.9,317.0,165.10000000000002,1,1,1.0
81,8,906.8,465.2,183.4000000000001,300.2,1,1,1.0
81,9,1072.5,425.6,125.0,343.0,1,1,1.0
81,10,1273.8,551.3,297.79999999999995,158.5,1,1,1.0
82,1,333.85,651.07,99.34999999999997,71.92999999999995,1,1,0.0
82,2,271.8,682.24,180.3,235.70000000000005,1,1,1.0
82,3,314.32,569.48,230.88000000000005,128.22000000000003,1,1,1.0
82,4,515.3,427.7,137.80000000000007,256.09999999999997,1,1,1.0
82,5,387.8,658.2,277.3,194.69999999999993,1,1,1.0
82,6,770.2,412.52,156.39999999999998,237.77999999999997,1,1,1.0
82,7,635.0,841.7,319.6,178.69999999999993,1,1,1.0
82,8,901.3,464.5,190.79999999999995,297.20000000000005,1,1,1.0
82,9,1074.7,424.3,120.09999999999991,353.2,1,1,1.0
82,10,1254.1,543.3,324.4000000000001,125.0,1,1,1.0
83,1,335.62,654.62,100.48000000000002,70.17999999999995,1,1,0.0
83,2,272.23,682.25,177.66999999999996,235.70000000000005,1,1,1.0
83,3,313.25,569.12,230.54999999999995,127.58000000000004,1,1,1.0
83,4,520.9,422.1,132.20000000000005,264.79999999999995,1,1,1.0
83,5,397.7,654.0,265.8,198.89999999999998,1,1,1.0
83,6,739.94,417.78,157.15999999999997,216.92000000000007,1,1,1.0
83,7,635.0,841.7,324.29999999999995,171.5999999999999,1,1,1.0
83,8,904.4,463.3,187.69999999999993,302.8,1,1,1.0
83,9,1074.7,423.4,131.5999999999999,337.30000000000007,1,1,1.0
83,10,1250.38,573.05,326.52,150.05000000000007,1,1,1.0
84,1,334.56,654.62,100.04000000000002,71.17999999999995,1,1,0.0
84,2,271.8,681.4,174.3,240.0,1,1,1.0
84,3,314.32,570.54,234.78000000000003,127.86000000000001,1,1,1.0
84,4,521.6,418.9,131.5,261.70000000000005,1,1,1.0
84,5,405.5,651.9,256.4,201.0,1,1,1.0
84,6,739.94,410.9,153.3599999999999,220.0,1,1,1.0
84,7,633.3,844.38,325.0,176.01999999999998,1,1,1.0
84,8,936.4,440.1,153.19999999999993,325.4,1,1,1.0
84,9,1083.0,425.2,126.0,325.8,1,1,1.0
84,10,1304.57,577.83,307.93000000000006,163.37,1,1,1.0
85,1,333.5,653.92,100.39999999999998,72.98000000000002,1,1,0.0
85,2,271.8,682.2,174.3,238.29999999999995,1,1,1.0
85,3,316.8,570.54,232.3,125.46000000000004,1,1,1.0
85,4,523.1,427.1,130.0,249.10000000000002,1,1,1.0
85,5,414.4,654.5,247.5,198.39999999999998,1,1,1.0
85,6,738.7,392.7,154.5999999999999,237.59999999999997,1,1,1.0
85,7,635.0,840.6,327.6,173.0,1,1,1.0
85,8,964.7,431.9,135.5999999999999,301.6,1,1,1.0
85,9,1071.2,432.7,156.0,297.09999999999997,1,1,1.0
85,10,1297.7,575.7,315.79999999999995,168.5999999999999,1,1,1.0
86,1,337.42,656.4,96.18,71.20000000000005,1,1,0.0
86,2,273.9,682.7,187.40000000000003,234.79999999999995,1,1,1.0
86,3,316.7,570.54,233.50000000000006,123.96000000000004,1,1,1.0
86,4,522.6,424.6,130.5,253.60000000000002,1,1,1.0
86,5,440.56,689.04,230.33999999999997,170.66000000000008,1,1,1.0
86,6,717.98,393.0,175.31999999999994,213.39999999999998,1,1,1.0
86,7,633.3,846.14,327.1,166.15999999999997,1,1,1.0
86,8,952.1,448.2,185.19999999999993,273.40000000000003,1,1,1.0
86,9,1128.31,418.53,154.69000000000005,342.6700000000001,1,1,1.0
86,10,1314.7,575.7,294.0999999999999,170.79999999999995,1,1,1.0
87,1,336.0,653.21,97.19999999999999,72.28999999999996,1,1,0.0
87,2,276.32,678.77,207.38,239.43000000000006,1,1,1.0
87,3,314.92,570.54,227.78000000000003,122.86000000000001,1,1,1.0
87,4,522.6,426.6,130.5,245.19999999999993,1,1,1.0
87,5,496.55,658.69,171.05,201.01,1,1,1.0
87,6,701.65,370.72,186.64999999999998,219.98000000000002,1,1,1.0
87,7,643.23,854.02,328.66999999999996,156.18000000000006,1,1,1.0
87,8,923.8,440.7,219.20000000000005,257.7,1,1,1.0
87,9,1133.6,424.7,149.4000000000001,364.8,1,1,1.0
87,10,1339.7,564.0,269.0999999999999,182.5,1,1,1.0
88,1,336.71,653.2,96.49000000000001,69.39999999999998,1,1,0.0
88,2,274.6,680.9,209.09999999999997,237.30000000000007,1,1,1.0
88,3,316.7,570.54,234.8,124.36000000000001,1,1,1.0
88,4,521.6,433.4,131.5,238.39999999999998,1,1,1.0
88,5,518.5,562.93,185.73000000000002,301.97,1,1,1.0
88,6,645.77,351.88,196.73000000000002,243.22000000000003,1,1,1.0
88,7,671.35,849.43,311.25,161.17000000000007,1,1,1.0
88,8,922.5,431.9,231.20000000000005,250.80000000000007,1,1,1.0
88,9,1133.6,427.8,148.10000000000014,365.7,1,1,1.0
88,10,1342.9,558.7,265.89999999999986,187.79999999999995,1,1,1.0
89,1,337.06,656.4,96.13999999999999,65.5,1,1,0.0
89,2,273.3,681.8,210.39999999999998,236.4000000000001,1,1,1.0
89,3,313.2,570.54,235.2,123.25999999999999,1,1,1.0
89,4,516.5,442.2,136.60000000000002,232.2,1,1,1.0
89,5,544.7,491.24,195.1099999999999,313.96000000000004,1,1,1.0
89,6,741.84,405.26,161.55999999999995,223.74,1,1,1.0
89,7,673.91,878.3,289.99,148.79999999999995,1,1,1.0
89,8,889.8,431.9,287.79999999999995,205.60000000000002,1,1,1.0
89,9,1132.6,432.0,149.10000000000014,361.5,1,1,1.0
89,10,1350.3,558.7,258.5,187.79999999999995,1,1,1.0
90,1,337.07,649.66,95.80000000000001,73.34000000000003,1,1,0.0
90,2,275.9,681.3,207.8,236.9000000000001,1,1,1.0
90,3,316.7,570.54,234.2,123.66000000000008,1,1,1.0
90,4,512.1,442.2,141.0,230.90000000000003,1,1,1.0
90,5,556.9,481.8,176.60000000000002,334.49999999999994,1,1,1.0
90,6,741.84,399.6,161.55999999999995,221.19999999999993,1,1,1.0
90,7,672.63,877.45,283.66999999999996,149.25,1,1,1.0
90,8,884.8,430.6,309.10000000000014,192.39999999999998,1,1,1.0
90,9,1127.68,428.38,157.6199999999999,358.12,1,1,1.0
90,10,1334.9,574.6,273.89999999999986,171.89999999999998,1,1,1.0
91,1,336.0,649.3,95.80000000000001,73.0,1,1,0.0
91,2,273.3,683.9,210.39999999999998,234.30000000000007,1,1,1.0
91,3,316.7,570.54,233.09999999999997,123.25999999999999,1,1,1.0
91,4,512.1,445.3,141.0,227.8,1,1,1.0
91,5,556.9,483.9,176.60000000000002,332.4,1,1,1.0
91,6,744.37,398.1,159.02999999999997,222.69999999999993,1,1,1.0
91,7,671.32,856.8,252.19999999999993,163.10000000000002,1,1,1.0
91,8,884.1,432.4,333.69999999999993,161.20000000000005,1,1,1.0
91,9,1132.2,432.7,149.5,358.09999999999997,1,1,1.0
91,10,1331.2,571.9,285.0,165.60000000000002,1,1,1.0
92,1,337.77,654.27,95.80000000000001,68.02999999999997,1,1,0.0
92,2,274.6,682.2,209.09999999999997,236.0,1,1,1.0
92,3,314.92,570.19,236.97999999999996,121.80999999999995,1,1,1.0
92,4,512.1,422.2,141.0,250.90000000000003,1,1,1.0
92,5,559.4,487.6,176.20000000000005,301.6,1,1,1.0
92,6,746.9,391.4,156.5,229.39999999999998,1,1,1.0
92,7,666.9,853.7,293.0,166.19999999999993,1,1,1.0
92,8,897.9,430.6,319.9,181.79999999999995,1,1,1.0
92,9,1131.18,431.2,151.51999999999998,356.90000000000003,1,1,1.0
92,10,1315.6,570.3,300.60000000000014,158.20000000000005,1,1,1.0
93,1,336.71,653.21,95.80000000000001,68.68999999999994,1,1,0.0
93,2,276.7,682.7,207.0,235.5,1,1,1.0
93,3,317.41,570.19,232.38999999999993,123.20999999999992,1,1,1.0
93,4,509.6,425.8,143.5,249.2,1,1,1.0
93,5,553.1,491.3,184.60000000000002,293.49999999999994,1,1,1.0
93,6,744.3,400.2,159.10000000000002,217.50000000000006,1,1,1.0
93,7,681.0,817.6,319.20000000000005,190.29999999999995,1,1,1.0
93,8,926.2,417.4,291.5999999999999,203.20000000000005,1,1,1.0
93,9,1133.5,424.9,148.20000000000005,353.9,1,1,1.0
93,10,1323.2,574.5,297.20000000000005,153.5,1,1,1.0
94,1,336.0,649.3,95.80000000000001,72.0,1,1,0.0
94,2,276.32,684.8,207.38,233.4000000000001,1,1,1.0
94,3,312.44,569.12,239.16000000000003,121.48000000000002,1,1,1.0
94,4,507.1,427.0,146.0,244.20000000000005,1,1,1.0
94,5,552.1,498.6,187.69999999999993,284.1,1,1,1.0
94,6,745.4,391.4,159.0,234.10000000000002,1,1,1.0
94,7,700.0,840.8,329.5,169.20000000000005,1,1,1.0
94,8,909.2,417.4,319.29999999999995,175.60000000000002,1,1,1.0
94,9,1131.5,428.7,150.20000000000005,353.2,1,1,1.0
94,10,1308.3,574.5,312.10000000000014,153.5,1,1,1.0
95,1,336.0,649.3,95.80000000000001,71.20000000000005,1,1,0.0
95,2,275.9,683.1,207.8,235.10000000000002,1,1,1.0
95,3,319.19,569.48,234.51000000000005,119.72000000000003,1,1,1.0
95,4,507.1,415.2,141.0,258.59999999999997,1,1,1.0
95,5,549.0,495.5,190.79999999999995,289.29999999999995,1,1,1.0
95,6,703.57,383.1,184.13,217.69999999999993,1,1,1.0
95,7,704.1,831.8,310.69999999999993,172.4000000000001,1,1,1.0
95,8,903.5,417.4,325.0,165.60000000000002,1,1,1.0
95,9,1133.5,426.5,145.5,360.29999999999995,1,1,1.0
95,10,1318.9,574.5,301.5,153.5,1,1,1.0
96,1,336.0,649.3,95.80000000000001,71.60000000000002,1,1,0.0
96,2,276.32,684.8,207.38,233.4000000000001,1,1,1.0
96,3,316.7,570.54,235.2,120.06000000000006,1,1,1.0
96,4,501.4,420.3,145.70000000000005,250.90000000000003,1,1,1.0
96,5,550.6,481.9,189.19999999999993,299.80000000000007,1,1,1.0
96,6,688.9,376.33,178.20000000000005,205.46999999999997,1,1,1.0
96,7,780.0,703.07,280.8499999999999,244.63,1,1,1.0
96,8,912.9,417.4,309.9,181.30000000000007,1,1,1.0
96,9,1130.4,420.5,148.5999999999999,361.9,1,1,1.0
96,10,1308.8,574.5,311.60000000000014,153.5,1,1,1.0
97,1,336.0,649.3,95.80000000000001,71.60000000000002,1,1,0.0
97,2,273.3,683.1,210.39999999999998,235.10000000000002,1,1,1.0
97,3,318.48,570.19,234.22000000000003,119.00999999999999,1,1,1.0
97,4,504.5,418.3,143.60000000000002,254.8,1,1,1.0
97,5,553.7,464.1,183.0,317.1,1,1,1.0
97,6,691.13,378.02,164.16999999999996,213.68000000000006,1,1,1.0
97,7,830.8,650.75,275.04999999999995,209.04999999999995,1,1,1.0
97,8,928.7,411.7,280.89999999999986,205.3,1,1,1.0
97,9,1133.9,420.3,145.0999999999999,355.90000000000003,1,1,1.0
97,10,1300.8,572.4,320.70000000000005,150.30000000000007,1,1,1.0
98,1,336.0,652.9,95.80000000000001,68.0,1,1,0.0
98,2,274.2,681.8,209.5,238.10000000000002,1,1,1.0
98,3,318.12,570.19,236.08000000000004,119.70999999999992,1,1,1.0
98,4,498.8,418.3,149.3,249.8,1,1,1.0
98,5,556.8,450.0,179.9000000000001,318.6,1,1,1.0
98,6,716.81,378.37,157.99,203.52999999999997,1,1,1.0
98,7,855.4,604.17,255.15999999999997,234.13,1,1,1.0
98,8,941.8,396.1,265.20000000000005,234.60000000000002,1,1,1.0
98,9,1133.9,421.8,145.0999999999999,350.40000000000003,1,1,1.0
98,10,1284.7,577.7,333.5999999999999,143.39999999999998,1,1,1.0
99,1,336.0,653.9,95.80000000000001,67.0,1,1,0.0
99,2,276.3,682.7,207.39999999999998,237.5999999999999,1,1,1.0
99,3,315.99,569.12,238.90999999999997,120.88,1,1,1.0
99,4,498.8,427.7,149.3,240.40000000000003,1,1,1.0
99,5,561.0,467.8,171.0,329.09999999999997,1,1,1.0
99,6,725.69,377.86,154.90999999999997,205.53999999999996,1,1,1.0
99,7,883.1,616.1,262.51999999999987,223.19999999999993,1,1,1.0
99,8,961.9,359.6,213.69999999999993,294.19999999999993,1,1,1.0
99,9,1128.8,431.3,150.20000000000005,343.99999999999994,1,1,1.0
99,10,1279.6,584.1,346.70000000000005,120.5,1,1,1.0
100,1,336.0,656.8,95.80000000000001,64.10000000000002,1,1,0.0
100,2,275.89,681.82,207.38,238.9799999999999,1,1,1.0
100,3,316.7,570.54,240.00000000000006,120.56000000000006,1,1,1.0
100,4,501.3,406.4,132.49999999999994,257.9,1,1,1.0
100,5,543.2,478.3,188.79999999999995,294.49999999999994,1,1,1.0
100,6,733.1,378.88,157.19999999999993,205.51999999999998,1,1,1.0
100,7,892.5,590.6,211.29999999999995,244.5,1,1,1.0
100,8,973.9,379.1,182.19999999999993,299.79999999999995,1,1,1.0
100,9,1125.5,427.8,153.5,344.40000000000003,1,1,1.0
100,10,1274.3,592.1,338.20000000000005,133.19999999999993,1,1,1.0
101,1,336.0,653.2,95.80000000000001,67.69999999999993,1,1,0.0
101,2,276.3,682.2,207.39999999999998,238.0999999999999,1,1,1.0
101,3,316.7,570.54,244.2,120.16000000000008,1,1,1.0
101,4,523.3,406.4,117.60000000000002,249.70000000000005,1,1,1.0
101,5,532.2,478.3,218.19999999999993,281.90000000000003,1,1,1.0
101,6,736.2,392.1,151.5999999999999,196.10000000000002,1,1,1.0
101,7,882.0,599.0,197.70000000000005,261.20000000000005,1,1,1.0
101,8,958.8,383.5,197.29999999999995,289.20000000000005,1,1,1.0
101,9,1125.5,430.9,155.70000000000005,313.9,1,1,1.0
101,10,1274.3,592.1,337.10000000000014,139.5,1,1,1.0
102,1,336.0,656.8,95.80000000000001,64.10000000000002,1,1,0.0
102,2,276.3,681.4,207.39999999999998,238.89999999999998,1,1,1.0
102,3,316.7,570.54,242.40000000000003,120.16000000000008,1,1,1.0
102,4,516.49,401.29,117.30999999999995,255.31,1,1,1.0
102,5,534.8,460.5,200.30000000000007,298.70000000000005,1,1,1.0
102,6,736.2,394.6,155.39999999999998,193.60000000000002,1,1,1.0
102,7,881.0,581.2,233.20000000000005,252.79999999999995,1,1,1.0
102,8,879.68,358.38,221.12,267.82000000000005,1,1,1.0
102,9,1137.5,424.3,147.70000000000005,299.7,1,1,1.0
102,10,1279.6,592.1,330.8000000000002,138.0,1,1,1.0
103,1,336.0,658.2,95.80000000000001,62.69999999999993,1,1,0.0
103,2,276.3,681.8,207.39999999999998,238.10000000000002,1,1,1.0
103,3,316.7,570.54,244.90000000000003,120.16000000000008,1,1,1.0
103,4,505.7,381.3,135.8,270.99999999999994,1,1,1.0
103,5,552.6,507.1,179.39999999999998,282.5,1,1,1.0
103,6,736.2,394.6,160.0,196.69999999999993,1,1,1.0
103,7,947.46,407.5,237.33999999999992,272.65999999999997,1,1,1.0
103,8,805.58,345.82,313.41999999999996,145.38,1,1,1.0
103,9,1128.6,419.2,194.20000000000005,296.40000000000003,1,1,1.0
103,10,1295.0,587.8,320.5,143.30000000000007,1,1,1.0
104,1,336.0,660.0,95.80000000000001,60.89999999999998,1,1,0.0
104,2,275.6,678.8,208.09999999999997,243.80000000000007,1,1,1.0
104,3,322.05,570.19,215.24999999999994,111.70999999999992,1,1,1.0
104,4,495.5,389.5,148.0,265.20000000000005,1,1,1.0
104,5,514.38,605.7,221.91999999999996,267.5999999999999,1,1,1.0
104,6,733.6,394.6,161.10000000000002,206.19999999999993,1,1,1.0
104,7,1064.67,387.6,334.23,132.42999999999995,1,1,1.0
104,8,779.2,355.2,334.79999999999995,138.10000000000002,1,1,1.0
104,9,1182.7,525.5,232.29999999999995,250.60000000000002,1,1,1.0
104,10,1295.0,584.1,314.9000000000001,158.19999999999993,1,1,1.0
105,1,336.0,654.9,95.80000000000001,66.0,1,1,0.0
105,2,280.7,670.7,203.0,268.0999999999999,1,1,1.0
105,3,321.35,569.48,207.75,157.62,1,1,1.0
105,4,456.06,371.92,184.54000000000002,249.57999999999998,1,1,1.0
105,5,436.93,657.2,306.57,139.19999999999993,1,1,1.0
105,6,733.28,380.86,159.51999999999998,213.93999999999994,1,1,1.0
105,7,1406.37,514.76,293.43000000000006,102.63999999999999,1,1,1.0
105,8,788.0,355.2,335.4000000000001,141.8,1,1,1.0
105,9,1258.31,561.09,227.19000000000005,246.61,1,1,1.0
105,10,1320.5,586.8,280.79999999999995,174.10000000000002,1,1,1.0
106,1,336.0,658.8,95.80000000000001,65.30000000000007,1,1,0.0
106,2,287.6,666.0,156.2,273.29999999999995,1,1,1.0
106,3,319.9,570.54,209.10000000000002,182.96000000000004,1,1,1.0
106,4,528.27,408.34,149.83000000000004,242.06,1,1,1.0
106,5,394.55,712.1,255.84999999999997,136.03999999999996,1,1,1.0
106,6,647.88,351.93,192.82000000000005,236.96999999999997,1,1,1.0
106,7,1585.33,489.2,114.97000000000003,203.59999999999997,1,1,0.0
106,8,818.8,355.2,309.60000000000014,140.7,1,1,1.0
106,9,1310.55,639.01,291.54999999999995,223.19000000000005,1,1,1.0
106,10,1315.2,559.7,287.20000000000005,215.5,1,1,1.0
107,1,334.6,645.0,97.19999999999999,78.70000000000005,1,1,0.0
107,2,297.4,663.44,138.10000000000002,271.0999999999999,1,1,1.0
107,3,308.02,570.19,230.27999999999997,136.80999999999995,1,1,1.0
107,4,534.41,420.62,148.10000000000002,223.89999999999998,1,1,1.0
107,5,337.51,749.8,276.89,106.72000000000003,1,1,1.0
107,6,652.88,377.9,245.22000000000003,225.30000000000007,1,1,1.0
107,7,1665.39,530.46,35.909999999999854,217.83999999999992,1,1,0.0
107,8,823.8,355.2,310.79999999999995,132.90000000000003,1,1,1.0
107,9,1355.71,665.13,261.8899999999999,219.16999999999996,1,1,1.0
107,10,1264.2,537.92,284.39999999999986,218.08000000000004,1,1,1.0
108,1,336.0,664.8,95.80000000000001,58.200000000000045,1,1,0.0
108,2,298.0,663.0,137.5,269.79999999999995,1,1,1.0
108,3,323.13,568.41,221.76999999999998,140.99,1,1,1.0
108,4,533.9,404.0,144.30000000000007,235.70000000000005,1,1,1.0
108,5,292.51,741.95,286.69000000000005,111.94999999999993,1,1,1.0
108,6,644.74,379.44,252.46000000000004,234.16000000000003,1,1,1.0
108,7,1655.5,536.7,45.799999999999955,211.5999999999999,1,1,0.0
108,8,821.3,358.3,314.0,136.5,1,1,1.0
108,9,1408.1,655.4,243.60000000000014,235.10000000000002,1,1,1.0
108,10,1265.79,511.89,295.1100000000001,230.31000000000006,1,1,1.0
109,1,336.7,663.0,95.10000000000002,57.89999999999998,1,1,0.0
109,2,297.18,663.02,132.82,265.98,1,1,1.0
109,3,320.65,569.83,231.05000000000007,138.16999999999996,1,1,1.0
109,4,538.3,403.8,139.9000000000001,235.90000000000003,1,1,1.0
109,5,296.7,754.0,279.7,113.0,1,1,1.0
109,6,656.82,377.9,238.57999999999993,233.70000000000005,1,1,1.0
109,7,1644.5,543.0,56.799999999999955,208.89999999999998,1,1,0.0
109,8,828.8,374.6,296.5,148.0,1,1,1.0
109,9,1387.1,671.4,288.9000000000001,224.0,1,1,1.0
109,10,1272.7,518.8,284.5,227.10000000000002,1,1,1.0
110,1,339.55,669.79,94.34999999999997,52.50999999999999,1,1,0.0
110,2,298.0,663.4,131.10000000000002,266.5,1,1,1.0
110,3,319.92,569.83,232.78000000000003,137.66999999999996,1,1,1.0
110,4,538.3,406.4,139.9000000000001,233.30000000000007,1,1,1.0
110,5,296.7,755.53,281.7,113.47000000000003,1,1,1.0
110,6,686.6,378.93,197.10000000000002,238.07,1,1,1.0
110,7,1638.2,550.8,62.59999999999991,203.10000000000002,1,1,0.0
110,8,853.3,349.5,219.20000000000005,284.20000000000005,1,1,1.0
110,9,1380.1,676.6,286.60000000000014,226.79999999999995,1,1,1.0
110,10,1280.1,521.9,282.20000000000005,226.0,1,1,1.0
111,1,336.0,654.5,95.80000000000001,66.39999999999998,1,1,0.0
111,2,298.03,662.59,131.07000000000005,267.7099999999999,1,1,1.0
111,3,316.73,569.12,236.56999999999994,133.38,1,1,1.0
111,4,538.3,406.4,139.9000000000001,233.30000000000007,1,1,1.0
111,5,303.5,757.7,275.0,113.5,1,1,1.0
111,6,723.33,390.99,169.26999999999998,227.51,1,1,1.0
111,7,1639.2,552.9,62.09999999999991,211.80000000000007,1,1,0.0
111,8,916.09,379.0,123.20999999999992,315.6,1,1,1.0
111,9,1380.1,673.0,268.0,268.9,1,1,1.0
111,10,1282.8,521.9,278.10000000000014,222.89999999999998,1,1,1.0
112,1,336.0,654.5,95.80000000000001,66.39999999999998,1,1,0.0
112,2,295.9,663.02,131.5,256.58000000000004,1,1,1.0
112,3,313.88,569.83,240.12,132.9699999999999,1,1,1.0
112,4,538.3,406.4,139.9000000000001,234.80000000000007,1,1,1.0
112,5,301.97,757.19,278.13,113.00999999999999,1,1,1.0
112,6,728.1,387.7,160.89999999999998,228.8,1,1,1.0
112,7,1636.1,567.6,65.20000000000005,196.39999999999998,1,1,0.0
112,8,901.02,414.16,150.8800000000001,301.73999999999995,1,1,1.0
112,9,1385.4,669.1,250.69999999999982,257.69999999999993,1,1,1.0
112,10,1282.8,523.5,280.70000000000005,218.70000000000005,1,1,1.0
113,1,336.0,654.5,95.80000000000001,66.39999999999998,1,1,0.0
113,2,289.93,666.0,134.87,260.4,1,1,1.0
113,3,315.3,569.83,235.09999999999997,130.56999999999994,1,1,1.0
113,4,538.3,425.2,139.9000000000001,214.50000000000006,1,1,1.0
113,5,319.71,757.19,260.39000000000004,113.50999999999999,1,1,1.0
113,6,728.1,387.7,160.89999999999998,228.8,1,1,1.0
113,7,1636.1,567.6,65.20000000000005,196.39999999999998,1,1,0.0
113,8,901.02,390.3,182.27999999999997,313.7,1,1,1.0
113,9,1395.6,664.2,253.30000000000018,272.29999999999995,1,1,1.0
113,10,1274.8,523.5,290.20000000000005,216.5,1,1,1.0
114,1,334.2,646.0,97.60000000000002,74.89999999999998,1,1,0.0
114,2,286.9,665.2,139.60000000000002,273.79999999999995,1,1,1.0
114,3,295.07,569.83,258.53000000000003,126.56999999999994,1,1,1.0
114,4,538.3,429.0,139.9000000000001,207.60000000000002,1,1,1.0
114,5,323.98,755.14,255.01999999999998,114.06000000000006,1,1,1.0
114,6,732.5,386.2,156.5,233.40000000000003,1,1,1.0
114,7,1627.2,567.1,74.09999999999991,195.89999999999998,1,1,0.0
114,8,870.9,406.6,241.39999999999998,276.1,1,1,1.0
114,9,1409.32,727.95,247.98000000000002,259.44999999999993,1,1,1.0
114,10,1261.5,517.7,307.4000000000001,216.5,1,1,1.0
115,1,336.0,648.8,95.80000000000001,72.10000000000002,1,1,0.0
115,2,287.75,666.48,143.45,269.52,1,1,1.0
115,3,318.98,569.83,241.81999999999994,125.87,1,1,1.0
115,4,538.3,429.0,139.9000000000001,210.10000000000002,1,1,1.0
115,5,329.69,755.14,248.81,113.46000000000004,1,1,1.0
115,6,732.5,382.3,160.89999999999998,232.3,1,1,1.0
115,7,1645.0,612.1,55.799999999999955,147.29999999999995,1,1,0.0
115,8,862.74,421.7,259.5,274.8,1,1,1.0
115,9,1441.2,711.13,230.70000000000005,269.16999999999996,1,1,1.0
115,10,1248.7,545.9,315.29999999999995,193.60000000000002,1,1,1.0
116,1,336.0,644.9,95.80000000000001,76.0,1,1,0.0
116,2,291.14,664.77,142.66000000000003,278.73,1,1,1.0
116,3,323.59,569.12,250.81,115.98000000000002,1,1,1.0
116,4,541.4,430.3,136.80000000000007,208.8,1,1,1.0
116,5,329.81,757.7,252.89000000000004,114.5,1,1,1.0
116,6,731.0,384.8,161.10000000000002,229.8,1,1,1.0
116,7,1647.1,657.6,54.200000000000045,106.39999999999998,1,1,0.0
116,8,886.0,426.1,233.79999999999995,275.4,1,1,1.0
116,9,1437.7,704.5,232.5,270.9,1,1,1.0
116,10,1219.5,552.3,344.5999999999999,182.4000000000001,1,1,1.0
117,1,334.6,636.7,97.19999999999999,84.19999999999993,1,1,0.0
117,2,288.6,666.0,151.39999999999998,277.9,1,1,1.0
117,3,327.5,569.83,247.5,107.06999999999994,1,1,1.0
117,4,541.4,430.3,136.80000000000007,214.49999999999994,1,1,1.0
117,5,366.86,710.09,215.93999999999994,160.61,1,1,1.0
117,6,732.5,383.3,159.60000000000002,228.8,1,1,1.0
117,7,1698.9,657.6,2.3999999999998636,106.39999999999998,1,1,0.0
117,8,891.7,433.6,248.20000000000005,272.9,1,1,1.0
117,9,1434.2,706.1,233.79999999999995,264.9,1,1,1.0
117,10,1245.0,552.3,317.5999999999999,171.80000000000007,1,1,1.0
118,1,334.2,634.9,97.60000000000002,86.0,1,1,0.0
118,2,287.7,667.3,143.8,287.9000000000001,1,1,1.0
118,3,326.22,569.48,251.07999999999993,106.91999999999996,1,1,1.0
118,4,541.4,430.3,136.80000000000007,214.49999999999994,1,1,1.0
118,5,362.21,732.58,201.39000000000004,187.91999999999996,1,1,1.0
118,6,732.5,383.3,158.60000000000002,233.2,1,1,1.0
118,7,1688.09,615.74,12.509999999999991,81.63,1,1,0.0
118,8,905.5,444.9,204.29999999999995,284.20000000000005,1,1,1.0
118,9,1434.2,707.6,234.70000000000005,252.29999999999995,1,1,1.0
118,10,1253.0,562.9,309.5999999999999,161.20000000000005,1,1,1.0
119,1,332.5,623.3,99.30000000000001,97.60000000000002,1,1,0.0
119,2,286.2,666.8,153.8,277.1,1,1,1.0
119,3,328.35,568.41,253.14999999999998,111.59000000000003,1,1,1.0
119,4,541.4,430.3,135.5,221.40000000000003,1,1,1.0
119,5,375.3,697.0,197.3,223.10000000000002,1,1,1.0
119,6,732.5,377.0,155.79999999999995,235.70000000000005,1,1,1.0
119,7,1677.29,573.88,22.610000000000127,56.85000000000002,1,1,0.0
119,8,901.1,434.9,225.80000000000007,254.60000000000002,1,1,1.0
119,9,1434.2,707.6,233.39999999999986,272.19999999999993,1,1,1.0
119,10,1229.1,562.9,324.5,176.10000000000002,1,1,1.0
120,1,333.8,624.5,97.56,98.60000000000002,1,1,0.0
120,2,287.22,666.37,153.17999999999995,284.42999999999995,1,1,1.0
120,3,329.42,568.06,253.47999999999996,113.74000000000001,1,1,1.0
120,4,544.5,430.3,126.20000000000005,225.2,1,1,1.0
120,5,365.9,708.5,199.30000000000007,228.0,1,1,1.0
120,6,732.5,383.3,155.79999999999995,226.3,1,1,1.0
120,7,1666.48,532.01,32.72000000000003,32.09000000000003,1,1,0.0
120,8,894.8,438.7,242.0,247.7,1,1,1.0
120,9,1436.9,706.3,230.69999999999982,273.5,1,1,1.0
120,10,1221.7,562.9,329.79999999999995,181.39999999999998,1,1,1.0
