1,1,293.15,840.89,220.57000000000005,137.12,1,1,1.0
1,2,605.28,570.7,253.32000000000005,211.37,1,1,1.0
1,3,828.17,548.2,159.37,328.04999999999995,1,1,1.0
1,4,653.28,383.55,280.31000000000006,184.46999999999997,1,1,1.0
1,5,976.42,398.25,183.11,275.03,1,1,1.0
1,6,1198.49,257.7,172.01,325.91,1,1,1.0
1,7,1344.12,112.74,330.58000000000015,198.74,1,1,1.0
1,8,1763.64,315.15,310.78,352.21000000000004,1,1,1.0
1,9,1786.05,197.8,235.54999999999995,179.25,1,1,1.0
2,1,293.15,840.89,220.57000000000005,137.12,1,1,1.0
2,2,605.28,568.5,262.52,201.79999999999995,1,1,1.0
2,3,828.17,548.2,153.13,323.5999999999999,1,1,1.0
2,4,653.28,383.55,280.31000000000006,184.46999999999997,1,1,1.0
2,5,967.4,398.25,192.13,275.03,1,1,1.0
2,6,1198.49,265.5,171.6099999999999,318.11,1,1,1.0
2,7,1344.12,112.74,327.7800000000002,198.74,1,1,1.0
2,8,1763.64,325.8,311.3599999999999,344.7,1,1,1.0
2,9,1765.2,197.8,255.5,185.0,1,1,1.0
3,1,295.1,840.89,218.62,137.12,1,1,1.0
3,2,605.28,565.5,260.52,196.29999999999995,1,1,1.0
3,3,828.17,542.0,149.63,325.4,1,1,1.0
3,4,649.3,379.6,284.2900000000001,188.41999999999996,1,1,1.0
3,5,969.7,398.25,189.82999999999993,277.15,1,1,1.0
3,6,1194.5,263.45,174.51,325.55,1,1,1.0
3,7,1344.12,112.74,327.7800000000002,198.74,1,1,1.0
3,8,1759.4,325.8,315.5999999999999,344.7,1,1,1.0
3,9,1782.0,197.8,238.70000000000005,185.0,1,1,1.0
4,1,295.1,840.89,218.62,137.12,1,1,1.0
4,2,605.28,565.5,260.52,200.39999999999998,1,1,1.0
4,3,822.9,556.2,154.89999999999998,307.0999999999999,1,1,1.0
4,4,653.28,381.0,280.31000000000006,187.01999999999998,1,1,1.0
4,5,969.7,398.25,189.82999999999993,273.54999999999995,1,1,1.0
4,6,1195.35,254.5,176.55000000000018,337.04999999999995,1,1,1.0
4,7,1344.12,112.74,327.7800000000002,198.74,1,1,1.0
4,8,1756.7,317.2,300.79999999999995,374.50000000000006,1,1,1.0
4,9,1787.3,197.8,233.4000000000001,185.0,1,1,1.0
5,1,295.1,840.89,218.62,137.12,1,1,1.0
5,2,605.28,569.7,237.82000000000005,192.5,1,1,1.0
5,3,800.3,543.4,209.4000000000001,301.9,1,1,1.0
5,4,653.28,380.7,283.22,180.50000000000006,1,1,1.0
5,5,969.7,398.25,186.79999999999995,276.54999999999995,1,1,1.0
5,6,1196.2,267.0,178.5999999999999,327.1,1,1,1.0
5,7,1344.12,112.74,327.7800000000002,198.74,1,1,1.0
5,8,1756.7,295.5,275.29999999999995,403.6,1,1,1.0
5,9,1787.3,197.8,233.4000000000001,185.0,1,1,1.0
6,1,295.1,840.89,218.62,137.12,1,1,1.0
6,2,591.6,574.6,295.19999999999993,188.0,1,1,1.0
6,3,749.9,631.1,298.80000000000007,182.79999999999995,1,1,1.0
6,4,654.0,382.1,280.70000000000005,185.91999999999996,1,1,1.0
6,5,969.7,398.25,191.5,269.75,1,1,1.0
6,6,1201.5,267.5,176.29999999999995,322.79999999999995,1,1,1.0
6,7,1344.12,112.74,327.7800000000002,198.74,1,1,1.0
6,8,1756.7,306.1,275.29999999999995,393.0,1,1,1.0
6,9,1754.0,214.3,274.20000000000005,163.59999999999997,1,1,1.0
7,1,295.1,840.89,218.62,137.12,1,1,1.0
7,2,562.1,555.2,315.79999999999995,198.79999999999995,1,1,1.0
7,3,689.25,670.9,255.45000000000005,202.32000000000005,1,1,1.0
7,4,653.28,383.55,288.62,178.45,1,1,1.0
7,5,968.0,397.39,195.0999999999999,269.71000000000004,1,1,1.0
7,6,1201.5,271.8,169.29999999999995,314.7,1,1,1.0
7,7,1333.5,112.74,333.0999999999999,197.15999999999997,1,1,1.0
7,8,1745.5,321.0,296.5999999999999,376.5,1,1,1.0
7,9,1739.0,224.8,297.20000000000005,165.09999999999997,1,1,1.0
8,1,295.1,840.89,218.62,137.12,1,1,1.0
8,2,575.7,588.0,314.4,164.79999999999995,1,1,1.0
8,3,694.6,676.7,242.60000000000002,217.79999999999995,1,1,1.0
8,4,653.28,379.8,288.62,190.49999999999994,1,1,1.0
8,5,967.98,393.9,195.51999999999998,272.80000000000007,1,1,1.0
8,6,1206.0,250.7,163.5,335.8,1,1,1.0
8,7,1328.7,113.27,343.0,197.16000000000003,1,1,1.0
8,8,1742.8,321.0,299.29999999999995,376.5,1,1,1.0
8,9,1752.3,219.5,283.9000000000001,161.5,1,1,1.0
9,1,295.1,840.89,218.62,137.12,1,1,1.0
9,2,589.3,544.1,303.0,214.89999999999998,1,1,1.0
9,3,697.7,681.6,246.0999999999999,215.89999999999998,1,1,1.0
9,4,647.3,370.8,297.80000000000007,199.49999999999994,1,1,1.0
9,5,966.3,395.7,192.5,272.3,1,1,1.0
9,6,1206.0,237.1,162.70000000000005,349.4,1,1,1.0
9,7,1328.7,113.27,342.29999999999995,197.16000000000003,1,1,1.0
9,8,1705.6,379.4,339.70000000000005,310.1,1,1,1.0
9,9,1752.3,215.5,283.9000000000001,161.10000000000002,1,1,1.0
10,1,295.1,840.89,218.62,137.12,1,1,1.0
10,2,618.08,506.84,265.12,227.66000000000003,1,1,1.0
10,3,697.7,705.9,259.4,199.20000000000005,1,1,1.0
10,4,644.8,362.7,299.97,211.90000000000003,1,1,1.0
10,5,965.8,396.53,199.01999999999998,273.6700000000001,1,1,1.0
10,6,1206.0,253.7,162.70000000000005,332.8,1,1,1.0
10,7,1328.7,113.27,340.5999999999999,197.16000000000003,1,1,1.0
10,8,1711.4,387.4,355.0999999999999,267.5,1,1,1.0
10,9,1748.8,213.8,287.4000000000001,164.7,1,1,1.0
11,1,295.1,840.89,218.62,137.12,1,1,1.0
11,2,610.0,503.9,272.29999999999995,229.10000000000002,1,1,1.0
11,3,697.7,705.9,257.5999999999999,199.20000000000005,1,1,1.0
11,4,644.8,371.01,301.0400000000001,201.78999999999996,1,1,1.0
11,5,964.1,395.24,197.70999999999992,277.05999999999995,1,1,1.0
11,6,1206.0,253.7,159.70000000000005,332.8,1,1,1.0
11,7,1328.7,113.27,342.79999999999995,197.16000000000003,1,1,1.0
11,8,1750.71,428.84,340.78999999999996,201.06,1,1,1.0
11,9,1721.4,212.4,313.0,169.49999999999997,1,1,1.0
12,1,295.1,840.89,218.62,137.12,1,1,1.0
12,2,610.0,503.5,269.0,223.20000000000005,1,1,1.0
12,3,702.1,693.5,246.60000000000002,211.60000000000002,1,1,1.0
12,4,643.6,374.59,301.53,202.91000000000003,1,1,1.0
12,5,964.5,396.53,197.30999999999995,274.07000000000005,1,1,1.0
12,6,1205.6,247.68,157.5300000000002,336.71999999999997,1,1,1.0
12,7,1328.7,113.27,342.79999999999995,197.16000000000003,1,1,1.0
12,8,1727.9,428.84,368.9000000000001,182.95999999999998,1,1,1.0
12,9,1737.8,210.6,294.79999999999995,171.29999999999998,1,1,1.0
13,1,295.1,840.89,218.62,137.12,1,1,1.0
13,2,576.4,528.5,302.6,198.20000000000005,1,1,1.0
13,3,705.6,693.9,239.10000000000002,211.20000000000005,1,1,1.0
13,4,642.1,374.57,302.30999999999995,196.43,1,1,1.0
13,5,967.5,394.81,195.17000000000007,273.59,1,1,1.0
13,6,1204.0,250.69,158.91000000000008,334.21,1,1,1.0
13,7,1328.7,113.27,341.0,197.16000000000003,1,1,1.0
13,8,1772.0,428.84,324.8000000000002,182.95999999999998,1,1,1.0
13,9,1763.5,205.3,267.29999999999995,176.59999999999997,1,1,1.0
14,1,298.3,840.89,219.2,137.12,1,1,1.0
14,2,580.8,531.8,298.20000000000005,200.60000000000002,1,1,1.0
14,3,692.8,695.2,253.70000000000005,217.89999999999998,1,1,1.0
14,4,637.5,363.18,304.4,212.52000000000004,1,1,1.0
14,5,965.0,394.81,195.95000000000005,278.09,1,1,1.0
14,6,1198.6,257.57,172.70000000000005,321.43,1,1,1.0
14,7,1335.6,113.27,333.70000000000005,197.16000000000003,1,1,1.0
14,8,1789.5,430.6,305.1999999999998,209.89999999999998,1,1,1.0
14,9,1765.7,203.5,265.0999999999999,180.60000000000002,1,1,1.0
15,1,310.4,840.89,207.10000000000002,137.12,1,1,1.0
15,2,601.5,537.3,277.5,193.9000000000001,1,1,1.0
15,3,638.8,718.2,313.0,194.89999999999998,1,1,1.0
15,4,642.1,366.54,301.59000000000003,208.06,1,1,1.0
15,5,965.0,396.1,195.08999999999992,274.19999999999993,1,1,1.0
15,6,1199.1,251.98,179.1300000000001,292.52,1,1,1.0
15,7,1338.8,113.27,336.10000000000014,197.16000000000003,1,1,1.0
15,8,1799.1,433.1,286.5999999999999,205.79999999999995,1,1,1.0
15,9,1765.7,207.9,265.0999999999999,176.20000000000002,1,1,1.0
16,1,310.4,840.89,207.10000000000002,137.12,1,1,1.0
16,2,617.26,522.3,259.94000000000005,212.80000000000007,1,1,1.0
16,3,542.29,762.0,327.11,152.87,1,1,1.0
16,4,641.1,381.34,301.87,193.26000000000005,1,1,1.0
16,5,968.4,393.95,190.83000000000004,276.34999999999997,1,1,1.0
16,6,1212.8,240.32,173.35000000000014,294.78000000000003,1,1,1.0
16,7,1340.4,113.27,331.89999999999986,197.16000000000003,1,1,1.0
16,8,1804.4,429.4,287.6999999999998,252.5,1,1,1.0
16,9,1732.9,203.0,295.6999999999998,181.10000000000002,1,1,1.0
17,1,310.4,840.89,207.10000000000002,137.12,1,1,1.0
17,2,596.94,534.78,284.9599999999999,203.22000000000003,1,1,1.0
17,3,432.94,733.7,301.85999999999996,158.5999999999999,1,1,1.0
17,4,665.3,386.7,278.0300000000001,184.00000000000006,1,1,1.0
17,5,966.3,395.67,195.51,276.33,1,1,1.0
17,6,1214.5,242.73,168.5,293.16999999999996,1,1,1.0
17,7,1338.8,113.27,334.4000000000001,197.16000000000003,1,1,1.0
17,8,1792.2,420.1,306.79999999999995,299.0,1,1,1.0
17,9,1703.7,203.0,324.89999999999986,181.10000000000002,1,1,1.0
18,1,310.4,840.89,207.10000000000002,137.12,1,1,1.0
18,2,600.57,540.67,279.8299999999999,182.63,1,1,1.0
18,3,326.25,707.99,313.85,155.11,1,1,1.0
18,4,670.7,381.28,287.0,192.62,1,1,1.0
18,5,971.8,393.52,187.86000000000013,280.68000000000006,1,1,1.0
18,6,1214.5,246.45,168.5,289.45,1,1,1.0
18,7,1338.8,113.27,337.0,197.16000000000003,1,1,1.0
18,8,1798.0,420.7,301.0,292.59999999999997,1,1,1.0
18,9,1749.7,197.7,276.70000000000005,186.40000000000003,1,1,1.0
19,1,310.4,840.89,207.10000000000002,137.12,1,1,1.0
19,2,608.47,536.37,267.53,194.23000000000002,1,1,1.0
19,3,326.25,691.2,294.85,163.0,1,1,1.0
19,4,659.53,379.7,278.27,182.7,1,1,1.0
19,5,969.7,400.83,193.82999999999993,272.67,1,1,1.0
19,6,1212.8,250.68,163.83000000000015,287.42,1,1,1.0
19,7,1338.8,113.27,332.20000000000005,197.16000000000003,1,1,1.0
19,8,1803.3,423.0,293.0000000000002,297.70000000000005,1,1,1.0
19,9,1757.2,188.4,260.29999999999995,195.70000000000002,1,1,1.0
20,1,310.4,840.89,207.10000000000002,137.12,1,1,1.0
20,2,607.76,537.45,259.03999999999996,206.04999999999995,1,1,1.0
20,3,351.9,691.2,240.89999999999998,157.69999999999993,1,1,1.0
20,4,669.13,364.68,269.07000000000005,197.71999999999997,1,1,1.0
20,5,964.0,396.53,197.80999999999995,278.6700000000001,1,1,1.0
20,6,1214.5,214.69,162.55999999999995,324.31,1,1,1.0
20,7,1338.8,113.27,333.9000000000001,197.16000000000003,1,1,1.0
20,8,1803.3,415.0,288.70000000000005,296.70000000000005,1,1,1.0
20,9,1769.6,188.4,247.9000000000001,195.70000000000002,1,1,1.0
21,1,310.4,840.89,207.10000000000002,137.12,1,1,1.0
21,2,607.4,541.1,267.80000000000007,205.39999999999998,1,1,1.0
21,3,342.2,700.1,209.40000000000003,127.60000000000002,1,1,1.0
21,4,661.34,381.93,299.4599999999999,173.67000000000002,1,1,1.0
21,5,975.6,398.68,187.92999999999995,274.82,1,1,1.0
21,6,1217.1,232.43,176.4000000000001,282.57,1,1,1.0
21,7,1329.2,113.27,345.70000000000005,197.16000000000003,1,1,1.0
21,8,1779.9,415.0,312.0999999999999,280.20000000000005,1,1,1.0
21,9,1773.1,188.4,244.4000000000001,195.70000000000002,1,1,1.0
22,1,310.4,840.89,207.10000000000002,137.12,1,1,1.0
22,2,601.1,541.1,258.19999999999993,197.29999999999995,1,1,1.0
22,3,339.5,686.8,208.10000000000002,135.70000000000005,1,1,1.0
22,4,662.91,377.92,310.99,173.97999999999996,1,1,1.0
22,5,973.4,398.25,185.39999999999998,274.35,1,1,1.0
22,6,1221.8,232.43,153.75,318.36999999999995,1,1,1.0
22,7,1319.6,113.27,356.20000000000005,197.16000000000003,1,1,1.0
22,8,1695.4,430.9,414.6999999999998,203.20000000000005,1,1,1.0
22,9,1785.5,188.4,232.0,195.70000000000002,1,1,1.0
23,1,310.4,840.89,207.10000000000002,137.12,1,1,1.0
23,2,601.8,542.6,249.80000000000007,208.29999999999995,1,1,1.0
23,3,302.8,680.6,244.8,131.10000000000002,1,1,1.0
23,4,664.7,379.0,278.9,170.70000000000005,1,1,1.0
23,5,968.2,396.1,195.32999999999993,275.6,1,1,1.0
23,6,1152.2,294.0,242.20000000000005,254.0,1,1,1.0
23,7,1316.9,113.27,355.79999999999995,197.16000000000003,1,1,1.0
23,8,1601.37,460.65,428.0300000000002,181.75,1,1,1.0
23,9,1768.7,186.2,247.0999999999999,197.90000000000003,1,1,1.0
24,1,312.3,840.89,208.40000000000003,137.12,1,1,1.0
24,2,601.8,536.7,242.80000000000007,220.79999999999995,1,1,1.0
24,3,258.1,680.6,286.0,141.29999999999995,1,1,1.0
24,4,664.7,379.0,275.69999999999993,170.70000000000005,1,1,1.0
24,5,967.8,398.68,198.30999999999995,270.52000000000004,1,1,1.0
24,6,1158.6,344.73,290.10000000000014,223.87,1,1,1.0
24,7,1323.8,113.27,347.70000000000005,197.16000000000003,1,1,1.0
24,8,1600.31,414.43,362.19000000000005,235.67000000000002,1,1,1.0
24,9,1787.7,190.2,235.0999999999999,193.90000000000003,1,1,1.0
25,1,312.3,840.89,208.40000000000003,137.12,1,1,1.0
25,2,601.8,536.7,237.60000000000002,225.19999999999993,1,1,1.0
25,3,237.3,684.1,283.49999999999994,124.10000000000002,1,1,1.0
25,4,657.9,377.5,286.1,169.29999999999995,1,1,1.0
25,5,965.7,397.82,200.40999999999985,272.18,1,1,1.0
25,6,1201.55,378.74,210.04999999999995,288.55999999999995,1,1,1.0
25,7,1321.1,113.27,349.9000000000001,197.16000000000003,1,1,1.0
25,8,1574.28,385.21,379.72,194.19,1,1,1.0
25,9,1785.5,190.2,237.29999999999995,187.3,1,1,1.0
26,1,312.3,840.89,208.40000000000003,137.12,1,1,1.0
26,2,602.9,532.8,236.5,229.10000000000002,1,1,1.0
26,3,233.4,679.6,280.6,128.60000000000002,1,1,1.0
26,4,651.59,374.5,312.2099999999999,164.70000000000005,1,1,1.0
26,5,960.6,396.1,205.08000000000004,273.9,1,1,1.0
26,6,1187.2,393.1,224.39999999999986,305.1,1,1,1.0
26,7,1321.1,113.27,351.20000000000005,197.16000000000003,1,1,1.0
26,8,1237.4,334.97,247.39999999999986,179.13,1,1,1.0
26,9,1782.4,190.2,231.5,192.60000000000002,1,1,1.0
27,1,312.3,840.89,208.40000000000003,137.12,1,1,1.0
27,2,602.9,536.7,229.10000000000002,225.19999999999993,1,1,1.0
27,3,249.3,685.0,259.8,123.20000000000005,1,1,1.0
27,4,644.3,388.1,301.4000000000001,168.69999999999993,1,1,1.0
27,5,967.0,396.53,191.79999999999995,279.07000000000005,1,1,1.0
27,6,1282.9,453.38,158.0999999999999,308.12,1,1,1.0
27,7,1324.3,113.27,347.60000000000014,197.16000000000003,1,1,1.0
27,8,1100.7,280.14,284.70000000000005,158.06,1,1,1.0
27,9,1787.3,187.5,235.9000000000001,195.3,1,1,1.0
28,1,312.3,840.89,208.40000000000003,137.12,1,1,1.0
28,2,602.9,536.7,225.60000000000002,229.5999999999999,1,1,1.0
28,3,251.1,687.2,256.20000000000005,118.29999999999995,1,1,1.0
28,4,644.3,388.1,293.1,168.69999999999993,1,1,1.0
28,5,986.8,395.24,179.72000000000003,271.86,1,1,1.0
28,6,1273.9,447.4,167.0999999999999,341.1,1,1,1.0
28,7,1324.3,113.27,345.0,197.16000000000003,1,1,1.0
28,8,1070.45,266.12,299.8499999999999,135.57999999999998,1,1,1.0
28,9,1786.4,187.5,236.79999999999995,195.3,1,1,1.0
29,1,312.3,840.89,208.40000000000003,137.12,1,1,1.0
29,2,602.9,536.7,222.10000000000002,229.5999999999999,1,1,1.0
29,3,248.0,687.2,259.3,118.29999999999995,1,1,1.0
29,4,644.3,388.1,300.4000000000001,168.69999999999993,1,1,1.0
29,5,986.8,395.67,177.1400000000001,272.72999999999996,1,1,1.0
29,6,1273.4,439.9,171.39999999999986,351.20000000000005,1,1,1.0
29,7,1324.3,113.27,345.0,197.16000000000003,1,1,1.0
29,8,1043.5,239.7,302.0999999999999,162.0,1,1,1.0
29,9,1786.4,187.5,236.79999999999995,195.3,1,1,1.0
30,1,312.3,840.89,208.40000000000003,138.61,1,1,1.0
30,2,587.8,535.9,242.10000000000002,247.20000000000005,1,1,1.0
30,3,217.01,685.87,293.39,118.29999999999995,1,1,1.0
30,4,649.52,392.39,286.78,166.61,1,1,1.0
30,5,966.6,406.01,198.00999999999988,270.69000000000005,1,1,1.0
30,6,1284.4,439.9,160.39999999999986,346.5,1,1,1.0
30,7,1324.3,113.27,345.0,197.16000000000003,1,1,1.0
30,8,1057.9,222.54,273.77,261.70000000000005,1,1,1.0
30,9,1786.4,187.5,236.79999999999995,195.3,1,1,1.0
31,1,312.3,840.89,209.90000000000003,140.11,1,1,1.0
31,2,601.4,528.8,228.5,272.0,1,1,1.0
31,3,225.0,685.87,285.4,118.29999999999995,1,1,1.0
31,4,649.16,389.52,288.94000000000005,172.98000000000002,1,1,1.0
31,5,956.53,394.83,193.56999999999994,290.17,1,1,1.0
31,6,1277.2,439.9,167.5999999999999,346.5,1,1,1.0
31,7,1321.6,113.27,347.70000000000005,197.16000000000003,1,1,1.0
31,8,1101.46,217.13,223.53999999999996,304.47,1,1,1.0
31,9,1782.0,187.5,239.5,195.3,1,1,1.0
32,1,313.5,840.89,208.39999999999998,141.01,1,1,1.0
32,2,606.8,528.8,189.0,296.80000000000007,1,1,1.0
32,3,225.0,685.87,284.05,118.29999999999995,1,1,1.0
32,4,651.8,383.94,308.30000000000007,170.16000000000003,1,1,1.0
32,5,948.36,397.07,209.84000000000003,284.43,1,1,1.0
32,6,1285.9,445.2,158.89999999999986,339.7,1,1,1.0
32,7,1321.6,113.27,347.70000000000005,197.16000000000003,1,1,1.0
32,8,1151.63,231.52,273.66999999999985,256.17999999999995,1,1,1.0
32,9,1769.2,190.2,251.79999999999995,192.60000000000002,1,1,1.0
33,1,312.3,840.89,208.40000000000003,139.21000000000004,1,1,1.0
33,2,615.2,521.9,188.5999999999999,267.80000000000007,1,1,1.0
33,3,225.0,685.87,282.7,118.29999999999995,1,1,1.0
33,4,651.44,380.36,294.3599999999999,175.84000000000003,1,1,1.0
33,5,945.38,390.62,213.7199999999999,287.58000000000004,1,1,1.0
33,6,1277.6,454.2,160.4000000000001,332.2,1,1,1.0
33,7,1330.6,113.27,338.70000000000005,197.16000000000003,1,1,1.0
33,8,1162.2,223.03,246.70000000000005,245.47,1,1,1.0
33,9,1777.2,187.1,242.0999999999999,195.70000000000002,1,1,1.0
34,1,312.3,840.89,208.40000000000003,141.01,1,1,1.0
34,2,611.8,522.8,188.9000000000001,270.80000000000007,1,1,1.0
34,3,225.0,685.87,282.7,118.29999999999995,1,1,1.0
34,4,651.4,388.9,296.6,172.0,1,1,1.0
34,5,947.53,391.05,212.87000000000012,287.15000000000003,1,1,1.0
34,6,1282.6,439.9,161.4000000000001,377.30000000000007,1,1,1.0
34,7,1324.2,113.27,345.0999999999999,197.16000000000003,1,1,1.0
34,8,1202.91,295.34,355.1899999999998,192.36,1,1,1.0
34,9,1767.9,190.2,251.29999999999995,192.60000000000002,1,1,1.0
35,1,312.3,840.89,208.40000000000003,137.12,1,1,1.0
35,2,615.2,523.0,185.5,271.20000000000005,1,1,1.0
35,3,220.1,685.87,289.70000000000005,118.29999999999995,1,1,1.0
35,4,649.3,390.3,285.20000000000005,168.40000000000003,1,1,1.0
35,5,945.38,388.9,214.5200000000001,286.30000000000007,1,1,1.0
35,6,1291.4,444.82,152.5999999999999,370.47999999999996,1,1,1.0
35,7,1324.2,113.27,345.0999999999999,197.16000000000003,1,1,1.0
35,8,1272.27,352.15,329.73,167.64999999999998,1,1,1.0
35,9,1775.0,185.3,242.4000000000001,197.5,1,1,1.0
36,1,312.3,847.3,204.8,130.71000000000004,1,1,1.0
36,2,608.7,523.0,192.0,271.20000000000005,1,1,1.0
36,3,222.8,685.87,284.9,118.29999999999995,1,1,1.0
36,4,651.8,382.8,278.0,175.90000000000003,1,1,1.0
36,5,946.67,392.77,212.83000000000004,282.03,1,1,1.0
36,6,1284.92,444.3,159.5999999999999,366.90000000000003,1,1,1.0
36,7,1324.2,113.27,345.0999999999999,197.16000000000003,1,1,1.0
36,8,1308.42,347.36,336.17999999999984,190.53999999999996,1,1,1.0
36,9,1772.8,177.3,246.4000000000001,205.5,1,1,1.0
37,1,304.3,847.9,217.3,136.39999999999998,1,1,1.0
37,2,610.8,523.0,195.70000000000005,261.5,1,1,1.0
37,3,222.8,685.87,284.9,118.29999999999995,1,1,1.0
37,4,651.8,382.8,312.6,177.09999999999997,1,1,1.0
37,5,954.41,392.34,202.89,282.86000000000007,1,1,1.0
37,6,1284.4,444.82,154.39999999999986,327.97999999999996,1,1,1.0
37,7,1324.2,113.27,345.0999999999999,197.16000000000003,1,1,1.0
37,8,1332.4,342.93,337.5,207.17000000000002,1,1,1.0
37,9,1783.0,181.3,236.20000000000005,201.5,1,1,1.0
38,1,303.4,847.3,220.5,137.70000000000005,1,1,1.0
38,2,612.1,523.0,190.39999999999998,261.5,1,1,1.0
38,3,288.8,685.87,222.0,139.13,1,1,1.0
38,4,656.3,376.8,324.9000000000001,184.49999999999994,1,1,1.0
38,5,946.95,393.2,211.64999999999986,283.3,1,1,1.0
38,6,1287.41,611.67,298.99,176.23000000000002,1,1,1.0
38,7,1315.7,113.27,353.5999999999999,197.16000000000003,1,1,1.0
38,8,1343.47,345.14,268.8299999999999,220.06000000000006,1,1,1.0
38,9,1783.0,181.3,236.20000000000005,201.5,1,1,1.0
39,1,303.4,847.3,221.70000000000005,139.0,1,1,1.0
39,2,606.9,523.9,199.10000000000002,258.4,1,1,1.0
39,3,300.3,685.87,213.99999999999994,147.13,1,1,1.0
39,4,656.1,374.3,319.80999999999995,186.99999999999994,1,1,1.0
39,5,939.51,394.49,217.3900000000001,282.01,1,1,1.0
39,6,1300.44,620.89,305.76,147.40999999999997,1,1,1.0
39,7,1334.3,113.27,338.70000000000005,202.43,1,1,1.0
39,8,1332.77,339.98,264.43000000000006,232.62,1,1,1.0
39,9,1788.8,181.3,230.4000000000001,201.5,1,1,1.0
40,1,304.4,847.3,221.30000000000007,138.4000000000001,1,1,1.0
40,2,610.81,524.72,195.59000000000003,255.88,1,1,1.0
40,3,320.2,682.3,197.59999999999997,156.9000000000001,1,1,1.0
40,4,655.6,371.6,312.79999999999995,192.19999999999993,1,1,1.0
40,5,946.39,396.64,212.20999999999992,283.56000000000006,1,1,1.0
40,6,1557.19,578.5,433.71000000000004,212.49,1,1,1.0
40,7,1332.2,111.1,346.79999999999995,205.20000000000002,1,1,1.0
40,8,1313.59,351.42,199.51,320.37999999999994,1,1,1.0
40,9,1765.3,176.0,253.9000000000001,208.60000000000002,1,1,1.0
41,1,305.4,847.3,220.89999999999998,137.80000000000007,1,1,1.0
41,2,607.4,526.5,199.0,257.5,1,1,1.0
41,3,303.38,671.7,214.41999999999996,137.39999999999998,1,1,1.0
41,4,661.38,367.0,288.6,199.0,1,1,1.0
41,5,945.96,397.07,213.03999999999996,281.33,1,1,1.0
41,6,1573.8,554.39,435.26,223.01,1,1,1.0
41,7,1329.0,111.1,345.5999999999999,207.79999999999998,1,1,1.0
41,8,1316.9,343.3,182.89999999999986,341.40000000000003,1,1,1.0
41,9,1787.4,179.5,233.5999999999999,205.10000000000002,1,1,1.0
42,1,306.4,847.3,220.5,137.20000000000005,1,1,1.0
42,2,612.1,526.5,195.69999999999993,267.79999999999995,1,1,1.0
42,3,285.7,671.7,229.90000000000003,152.39999999999998,1,1,1.0
42,4,663.89,363.06,282.71000000000004,203.14000000000004,1,1,1.0
42,5,946.82,393.63,214.77999999999986,282.07000000000005,1,1,1.0
42,6,1665.73,474.5,338.77,295.36,1,1,1.0
42,7,1339.6,90.9,354.10000000000014,230.70000000000002,1,1,1.0
42,8,1316.9,340.2,175.5,364.09999999999997,1,1,1.0
42,9,1787.4,184.4,233.5999999999999,200.20000000000002,1,1,1.0
43,1,306.4,847.3,220.5,135.70000000000005,1,1,1.0
43,2,612.1,506.6,195.69999999999993,305.0,1,1,1.0
43,3,259.6,675.2,252.09999999999997,134.69999999999993,1,1,1.0
43,4,666.46,358.77,275.43999999999994,205.93000000000006,1,1,1.0
43,5,947.25,394.06,212.6500000000001,281.64000000000004,1,1,1.0
43,6,1692.9,432.3,380.9200000000001,275.8,1,1,1.0
43,7,1342.8,105.2,365.79999999999995,219.10000000000002,1,1,1.0
43,8,1328.0,329.3,164.4000000000001,359.90000000000003,1,1,1.0
43,9,1787.4,184.4,234.5,200.20000000000002,1,1,1.0
44,1,306.4,847.3,222.0,135.70000000000005,1,1,1.0
44,2,586.8,523.4,215.20000000000005,299.70000000000005,1,1,1.0
44,3,257.8,675.2,250.3,134.69999999999993,1,1,1.0
44,4,668.97,354.11,270.92999999999995,209.28999999999996,1,1,1.0
44,5,951.12,396.64,210.08000000000004,277.76,1,1,1.0
44,6,1678.6,437.5,398.2000000000003,220.89999999999998,1,1,1.0
44,7,1347.1,108.9,364.9000000000001,215.4,1,1,1.0
44,8,1328.0,329.3,170.70000000000005,341.8,1,1,1.0
44,9,1787.4,186.6,235.79999999999995,198.00000000000003,1,1,1.0
45,1,307.1,847.3,222.79999999999995,135.70000000000005,1,1,1.0
45,2,594.68,525.12,218.12,291.28,1,1,1.0
45,3,257.8,680.5,250.3,125.39999999999998,1,1,1.0
45,4,668.97,352.7,268.8299999999999,210.00000000000006,1,1,1.0
45,5,956.54,394.06,205.05999999999995,290.84,1,1,1.0
45,6,1681.6,441.3,383.0999999999999,235.90000000000003,1,1,1.0
45,7,1347.1,103.6,364.20000000000005,220.70000000000002,1,1,1.0
45,8,1324.75,331.88,177.1500000000001,315.22,1,1,1.0
45,9,1787.4,186.6,235.79999999999995,198.00000000000003,1,1,1.0
46,1,307.1,847.3,221.69999999999993,135.70000000000005,1,1,1.0
46,2,599.26,529.61,219.5,238.99,1,1,1.0
46,3,240.5,625.6,246.39999999999998,190.5,1,1,1.0
46,4,669.68,350.91,268.12,211.48999999999995,1,1,1.0
46,5,975.8,384.7,197.29999999999995,297.59999999999997,1,1,1.0
46,6,1686.1,433.8,380.0999999999999,257.7,1,1,1.0
46,7,1345.0,103.6,366.29999999999995,217.50000000000003,1,1,1.0
46,8,1314.2,340.7,192.20000000000005,300.2,1,1,1.0
46,9,1787.4,186.6,231.79999999999995,198.00000000000003,1,1,1.0
47,1,307.1,845.5,221.69999999999993,137.5,1,1,1.0
47,2,604.6,530.9,217.69999999999993,239.89999999999998,1,1,1.0
47,3,270.6,542.4,155.09999999999997,278.1,1,1,1.0
47,4,666.1,352.7,270.6,209.3,1,1,1.0
47,5,962.2,384.7,210.89999999999986,292.3,1,1,1.0
47,6,1696.7,427.8,355.20000000000005,255.40000000000003,1,1,1.0
47,7,1345.0,99.9,363.5999999999999,221.20000000000002,1,1,1.0
47,8,1308.7,342.9,204.0,293.6,1,1,1.0
47,9,1787.4,186.6,234.5,198.00000000000003,1,1,1.0
48,1,307.1,845.5,221.69999999999993,137.5,1,1,1.0
48,2,604.6,530.9,217.69999999999993,243.39999999999998,1,1,1.0
48,3,273.3,517.6,158.2,307.79999999999995,1,1,1.0
48,4,672.19,347.68,267.01,213.61999999999995,1,1,1.0
48,5,969.7,377.0,203.39999999999986,300.0,1,1,1.0
48,6,1695.6,427.8,356.3000000000002,247.09999999999997,1,1,1.0
48,7,1345.0,93.5,365.70000000000005,227.60000000000002,1,1,1.0
48,8,1307.4,342.9,202.0,291.4,1,1,1.0
48,9,1787.4,190.6,234.5,194.00000000000003,1,1,1.0
49,1,307.1,845.5,221.69999999999993,137.5,1,1,1.0
49,2,604.2,530.9,218.0999999999999,246.10000000000002,1,1,1.0
49,3,286.9,517.0,134.90000000000003,257.5,1,1,1.0
49,4,673.62,349.12,264.48,214.27999999999997,1,1,1.0
49,5,969.7,380.8,203.39999999999986,296.2,1,1,1.0
49,6,1694.4,427.8,357.5,247.09999999999997,1,1,1.0
49,7,1323.2,98.8,377.89999999999986,225.0,1,1,1.0
49,8,1310.8,346.2,198.60000000000014,288.09999999999997,1,1,1.0
49,9,1787.4,188.4,233.19999999999982,196.20000000000002,1,1,1.0
50,1,307.1,845.5,221.69999999999993,137.5,1,1,1.0
50,2,604.2,530.9,218.0999999999999,249.20000000000005,1,1,1.0
50,3,273.3,513.61,148.5,268.68999999999994,1,1,1.0
50,4,669.46,348.54,272.53999999999996,213.85999999999996,1,1,1.0
50,5,971.42,383.84,199.98000000000013,295.36000000000007,1,1,1.0
50,6,1698.9,426.3,350.6999999999998,280.2,1,1,1.0
50,7,1323.2,113.1,377.89999999999986,230.9,1,1,1.0
50,8,1310.5,339.3,198.9000000000001,291.99999999999994,1,1,1.0
50,9,1787.4,187.1,229.19999999999982,197.50000000000003,1,1,1.0
51,1,307.1,845.5,221.69999999999993,137.5,1,1,1.0
51,2,604.2,530.9,215.89999999999998,252.70000000000005,1,1,1.0
51,3,315.8,546.8,195.0,258.62,1,1,1.0
51,4,672.39,368.92,258.61,202.37999999999994,1,1,1.0
51,5,966.7,389.0,201.0999999999999,291.0,1,1,1.0
51,6,1698.9,426.3,346.89999999999986,282.8,1,1,1.0
51,7,1323.2,95.6,372.0999999999999,230.29999999999998,1,1,1.0
51,8,1312.2,338.5,192.79999999999995,292.79999999999995,1,1,1.0
51,9,1787.4,186.65,230.75,197.95000000000002,1,1,1.0
52,1,307.1,845.5,221.69999999999993,137.5,1,1,1.0
52,2,607.7,530.9,212.39999999999998,252.70000000000005,1,1,1.0
52,3,304.73,557.0,258.77,158.99,1,1,1.0
52,4,668.03,373.08,260.80000000000007,188.2,1,1,1.0
52,5,972.7,390.7,195.0999999999999,290.8,1,1,1.0
52,6,1689.1,430.8,365.0,263.59999999999997,1,1,1.0
52,7,1323.2,95.6,372.0999999999999,230.29999999999998,1,1,1.0
52,8,1319.9,337.0,185.0999999999999,294.29999999999995,1,1,1.0
52,9,1787.4,186.2,232.29999999999995,198.40000000000003,1,1,1.0
53,1,307.1,845.5,221.69999999999993,137.5,1,1,1.0
53,2,602.8,530.9,217.30000000000007,252.70000000000005,1,1,1.0
53,3,384.9,488.82,237.04000000000008,231.18,1,1,1.0
53,4,669.1,371.5,263.79999999999995,190.5,1,1,1.0
53,5,970.1,392.9,197.69999999999993,290.80000000000007,1,1,1.0
53,6,1678.6,436.8,430.5,194.3,1,1,1.0
53,7,1326.9,74.4,364.6999999999998,254.70000000000002,1,1,1.0
53,8,1318.61,333.56,191.19000000000005,298.14000000000004,1,1,1.0
53,9,1787.4,182.2,232.29999999999995,202.40000000000003,1,1,1.0
54,1,307.1,845.5,221.69999999999993,137.5,1,1,1.0
54,2,600.2,530.9,217.69999999999993,256.20000000000005,1,1,1.0
54,3,479.6,415.33,218.92999999999995,274.17,1,1,1.0
54,4,669.9,368.5,263.0,193.5,1,1,1.0
54,5,989.14,392.85,178.65999999999997,296.94999999999993,1,1,1.0
54,6,1678.6,424.0,408.5999999999999,217.70000000000005,1,1,1.0
54,7,1302.5,89.8,389.0999999999999,240.89999999999998,1,1,1.0
54,8,1321.89,327.8,195.6099999999999,309.49999999999994,1,1,1.0
54,9,1787.4,182.2,232.29999999999995,202.40000000000003,1,1,1.0
55,1,311.2,845.5,215.00000000000006,137.5,1,1,1.0
55,2,602.8,530.9,215.10000000000002,258.4,1,1,1.0
55,3,558.0,337.9,255.60000000000002,259.1,1,1,1.0
55,4,666.0,359.9,266.9,202.10000000000002,1,1,1.0
55,5,990.3,395.86,182.20000000000005,295.24,1,1,1.0
55,6,1674.7,384.8,383.89999999999986,261.40000000000003,1,1,1.0
55,7,1300.4,82.9,389.5999999999999,242.99999999999997,1,1,1.0
55,8,1325.0,327.8,170.4000000000001,310.90000000000003,1,1,1.0
55,9,1787.4,179.1,232.29999999999995,205.50000000000003,1,1,1.0
56,1,311.2,845.5,215.00000000000006,137.5,1,1,1.0
56,2,602.8,530.9,215.10000000000002,253.5,1,1,1.0
56,3,650.1,271.05,277.29999999999995,146.25,1,1,1.0
56,4,660.9,347.4,283.30000000000007,214.60000000000002,1,1,1.0
56,5,973.5,397.5,194.29999999999995,294.5,1,1,1.0
56,6,1676.4,376.5,400.9000000000001,269.70000000000005,1,1,1.0
56,7,1304.1,87.2,381.60000000000014,238.7,1,1,1.0
56,8,1325.0,324.8,166.70000000000005,317.59999999999997,1,1,1.0
56,9,1787.4,181.8,233.5999999999999,202.8,1,1,1.0
57,1,311.2,845.5,215.00000000000006,137.5,1,1,1.0
57,2,602.8,530.9,215.10000000000002,251.30000000000007,1,1,1.0
57,3,668.3,263.9,276.9000000000001,145.0,1,1,1.0
57,4,652.3,368.6,291.9000000000001,198.10000000000002,1,1,1.0
57,5,967.5,397.5,200.29999999999995,292.29999999999995,1,1,1.0
57,6,1676.4,376.5,397.2999999999997,269.70000000000005,1,1,1.0
57,7,1319.5,96.8,366.20000000000005,229.09999999999997,1,1,1.0
57,8,1328.7,319.6,163.0,379.6,1,1,1.0
57,9,1787.4,181.8,232.29999999999995,202.8,1,1,1.0
58,1,311.2,845.5,215.00000000000006,137.5,1,1,1.0
58,2,602.8,530.9,215.10000000000002,254.0,1,1,1.0
58,3,703.3,255.7,276.5,159.40000000000003,1,1,1.0
58,4,651.9,384.4,292.30000000000007,186.60000000000002,1,1,1.0
58,5,955.28,394.06,214.72000000000003,294.44,1,1,1.0
58,6,1683.9,411.2,349.89999999999986,235.00000000000006,1,1,1.0
58,7,1311.5,104.2,371.5,225.40000000000003,1,1,1.0
58,8,1328.7,327.3,166.29999999999995,332.8,1,1,1.0
58,9,1787.4,184.0,232.29999999999995,200.60000000000002,1,1,1.0
59,1,311.2,845.5,215.00000000000006,137.5,1,1,1.0
59,2,602.8,530.9,215.10000000000002,254.0,1,1,1.0
59,3,703.3,242.7,277.20000000000005,173.3,1,1,1.0
59,4,654.41,383.32,292.30000000000007,186.59999999999997,1,1,1.0
59,5,961.71,396.64,206.49,294.06000000000006,1,1,1.0
59,6,1696.0,404.4,345.29999999999995,232.70000000000005,1,1,1.0
59,7,1320.0,104.2,363.0,225.40000000000003,1,1,1.0
59,8,1314.3,333.2,182.5,308.09999999999997,1,1,1.0
59,9,1787.4,184.0,232.29999999999995,200.60000000000002,1,1,1.0
60,1,313.0,845.5,213.20000000000005,137.5,1,1,1.0
60,2,602.8,530.9,215.10000000000002,254.0,1,1,1.0
60,3,693.1,248.5,288.79999999999995,167.5,1,1,1.0
60,4,652.98,381.17,288.12,188.72999999999996,1,1,1.0
60,5,985.81,378.97,184.19000000000005,317.03,1,1,1.0
60,6,1813.5,378.8,265.5,241.09999999999997,1,1,1.0
60,7,1320.0,104.2,363.0,225.40000000000003,1,1,1.0
60,8,1321.3,347.6,195.79999999999995,295.5,1,1,1.0
60,9,1787.4,183.1,232.29999999999995,201.50000000000003,1,1,1.0
61,1,313.0,845.5,213.20000000000005,137.5,1,1,1.0
61,2,602.8,535.8,215.10000000000002,249.10000000000002,1,1,1.0
61,3,688.2,253.8,293.0,158.2,1,1,1.0
61,4,648.48,382.54,289.62,192.75999999999993,1,1,1.0
61,5,990.17,387.68,180.23000000000013,309.52000000000004,1,1,1.0
61,6,1816.7,342.6,276.60000000000014,203.89999999999998,1,1,1.0
61,7,1316.8,104.2,368.29999999999995,225.40000000000003,1,1,1.0
61,8,1338.6,344.3,240.10000000000014,305.8,1,1,1.0
61,9,1787.4,184.0,232.29999999999995,200.60000000000002,1,1,1.0
62,1,316.3,845.5,209.90000000000003,137.5,1,1,1.0
62,2,599.7,535.8,218.19999999999993,227.80000000000007,1,1,1.0
62,3,677.1,257.8,347.19999999999993,154.2,1,1,1.0
62,4,648.48,391.18,293.52,186.32,1,1,1.0
62,5,992.4,395.42,186.0000000000001,291.58,1,1,1.0
62,6,1812.8,334.3,282.79999999999995,204.2,1,1,1.0
62,7,1313.1,104.2,372.0,227.0,1,1,1.0
62,8,1336.0,354.3,237.5,295.8,1,1,1.0
62,9,1787.4,180.5,235.0,204.10000000000002,1,1,1.0
63,1,314.5,845.5,211.70000000000005,137.5,1,1,1.0
63,2,599.7,536.05,218.19999999999993,233.95000000000005,1,1,1.0
63,3,677.1,257.8,344.1,154.2,1,1,1.0
63,4,651.7,387.6,295.0,188.39999999999998,1,1,1.0
63,5,996.84,401.78,181.65999999999997,296.9200000000001,1,1,1.0
63,6,1814.3,334.3,275.29999999999995,198.8,1,1,1.0
63,7,1314.7,104.2,370.39999999999986,227.0,1,1,1.0
63,8,1338.6,359.8,236.70000000000005,297.7,1,1,1.0
63,9,1787.4,183.2,238.0999999999999,201.40000000000003,1,1,1.0
64,1,315.6,845.5,208.39999999999998,137.5,1,1,1.0
64,2,599.7,536.3,218.19999999999993,240.10000000000002,1,1,1.0
64,3,667.4,261.1,344.1,150.89999999999998,1,1,1.0
64,4,653.4,383.96,288.6,193.83999999999997,1,1,1.0
64,5,999.85,403.93,176.85000000000002,297.57,1,1,1.0
64,6,1812.8,336.6,276.79999999999995,196.5,1,1,1.0
64,7,1320.5,104.2,364.5999999999999,227.0,1,1,1.0
64,8,1338.6,362.4,240.80000000000018,295.1,1,1,1.0
64,9,1787.4,187.2,240.79999999999995,197.40000000000003,1,1,1.0
65,1,315.6,845.5,208.39999999999998,137.5,1,1,1.0
65,2,562.3,525.8,260.80000000000007,268.80000000000007,1,1,1.0
65,3,665.2,256.6,341.9,158.59999999999997,1,1,1.0
65,4,653.4,383.6,291.5,194.89999999999998,1,1,1.0
65,5,1017.14,401.78,161.7600000000001,300.9200000000001,1,1,1.0
65,6,1806.8,336.6,291.79999999999995,191.69999999999993,1,1,1.0
65,7,1320.5,104.2,364.5999999999999,227.0,1,1,1.0
65,8,1343.0,359.5,201.0,312.4,1,1,1.0
65,9,1787.4,187.2,240.79999999999995,197.40000000000003,1,1,1.0
66,1,315.6,845.5,208.39999999999998,137.5,1,1,1.0
66,2,588.6,512.86,235.10000000000002,289.14,1,1,1.0
66,3,665.2,256.2,338.79999999999995,158.3,1,1,1.0
66,4,653.4,383.6,291.5,194.89999999999998,1,1,1.0
66,5,1011.98,404.36,164.72000000000003,298.93999999999994,1,1,1.0
66,6,1807.8,332.28,292.81999999999994,189.72000000000003,1,1,1.0
66,7,1319.45,104.2,365.64999999999986,227.0,1,1,1.0
66,8,1342.3,357.7,201.70000000000005,314.2,1,1,1.0
66,9,1783.0,189.0,250.5,195.60000000000002,1,1,1.0
67,1,315.6,845.5,208.39999999999998,137.5,1,1,1.0
67,2,623.1,504.9,203.60000000000002,294.9,1,1,1.0
67,3,670.5,260.9,325.1,151.10000000000002,1,1,1.0
67,4,647.4,388.1,305.0,190.39999999999998,1,1,1.0
67,5,1021.79,398.77,159.21000000000004,314.43000000000006,1,1,1.0
67,6,1829.4,331.3,287.2999999999997,201.7,1,1,1.0
67,7,1318.4,104.2,366.6999999999998,227.0,1,1,1.0
67,8,1342.3,357.7,202.4000000000001,319.00000000000006,1,1,1.0
67,9,1767.5,180.1,266.0,204.50000000000003,1,1,1.0
68,1,315.6,845.5,208.39999999999998,137.5,1,1,1.0
68,2,625.4,508.9,198.30000000000007,288.36,1,1,1.0
68,3,675.4,264.9,306.5,147.10000000000002,1,1,1.0
68,4,649.91,382.72,309.59000000000003,195.38,1,1,1.0
68,5,1022.22,390.11,154.07999999999993,319.68999999999994,1,1,1.0
68,6,1839.9,328.7,275.2999999999997,196.00000000000006,1,1,1.0
68,7,1315.7,106.3,369.39999999999986,224.89999999999998,1,1,1.0
68,8,1361.5,364.0,195.4000000000001,335.6,1,1,1.0
68,9,1754.2,158.8,282.39999999999986,225.8,1,1,1.0
69,1,315.6,845.5,208.39999999999998,137.5,1,1,1.0
69,2,598.3,485.0,214.80000000000007,293.70000000000005,1,1,1.0
69,3,671.0,261.3,306.5,139.59999999999997,1,1,1.0
69,4,655.28,374.21,289.62,208.19,1,1,1.0
69,5,1020.5,391.83,152.4000000000001,321.37000000000006,1,1,1.0
69,6,1902.4,276.3,259.5,247.59999999999997,1,1,1.0
69,7,1311.4,106.3,373.6999999999998,229.09999999999997,1,1,1.0
69,8,1387.3,489.1,250.4000000000001,315.29999999999995,1,1,1.0
69,9,1763.5,165.9,273.0999999999999,218.70000000000002,1,1,1.0
70,1,311.9,845.5,210.0,134.20000000000005,1,1,1.0
70,2,587.4,512.0,208.39999999999998,264.5,1,1,1.0
70,3,671.0,262.0,306.5,138.89999999999998,1,1,1.0
70,4,654.92,380.5,289.58000000000004,204.10000000000002,1,1,1.0
70,5,1017.93,374.16,152.80000000000007,332.63999999999993,1,1,1.0
70,6,1927.7,243.1,247.70000000000005,234.4,1,1,1.0
70,7,1311.4,106.3,373.6999999999998,229.09999999999997,1,1,1.0
70,8,1406.5,500.5,244.9000000000001,280.29999999999995,1,1,1.0
70,9,1788.3,152.2,248.29999999999995,232.40000000000003,1,1,1.0
71,1,311.9,845.5,209.70000000000005,134.20000000000005,1,1,1.0
71,2,591.28,490.73,200.62,291.16999999999996,1,1,1.0
71,3,666.1,256.7,363.19999999999993,144.2,1,1,1.0
71,4,663.2,380.5,283.79999999999995,204.10000000000002,1,1,1.0
71,5,1018.4,380.1,147.19999999999993,327.9,1,1,1.0
71,6,1938.6,207.7,246.5999999999999,255.2,1,1,1.0
71,7,1308.2,106.3,374.79999999999995,228.0,1,1,1.0
71,8,1402.8,493.5,215.79999999999995,294.29999999999995,1,1,1.0
71,9,1789.2,145.1,250.89999999999986,239.50000000000003,1,1,1.0
72,1,311.9,845.5,211.20000000000005,134.20000000000005,1,1,1.0
72,2,575.68,508.38,218.82000000000005,274.22,1,1,1.0
72,3,669.2,256.5,328.19999999999993,150.60000000000002,1,1,1.0
72,4,667.22,377.78,282.17999999999995,204.72000000000003,1,1,1.0
72,5,1014.3,357.7,153.5,345.00000000000006,1,1,1.0
72,6,1945.4,163.3,243.5999999999999,319.9,1,1,1.0
72,7,1313.0,106.3,372.70000000000005,228.0,1,1,1.0
72,8,1402.8,493.5,203.9000000000001,311.20000000000005,1,1,1.0
72,9,1783.4,191.1,261.5999999999999,193.50000000000003,1,1,1.0
73,1,311.9,845.5,210.70000000000005,134.20000000000005,1,1,1.0
73,2,575.25,508.81,217.54999999999995,269.48999999999995,1,1,1.0
73,3,672.1,240.1,314.19999999999993,167.00000000000003,1,1,1.0
73,4,664.72,377.78,284.28,208.82000000000005,1,1,1.0
73,5,1012.6,390.54,155.14999999999998,305.75999999999993,1,1,1.0
73,6,1967.3,161.2,227.70000000000005,345.40000000000003,1,1,1.0
73,7,1313.0,106.3,372.70000000000005,228.0,1,1,1.0
73,8,1396.9,497.2,218.0999999999999,279.90000000000003,1,1,1.0
73,9,1783.4,207.5,269.0999999999999,177.10000000000002,1,1,1.0
74,1,311.9,845.5,208.80000000000007,134.20000000000005,1,1,1.0
74,2,600.0,507.19,198.39999999999998,283.10999999999996,1,1,1.0
74,3,669.2,255.2,317.0999999999999,151.90000000000003,1,1,1.0
74,4,664.0,376.7,281.6,208.50000000000006,1,1,1.0
74,5,1006.2,394.41,171.01,298.38999999999993,1,1,1.0
74,6,1971.8,153.4,221.70000000000005,351.70000000000005,1,1,1.0
74,7,1313.0,106.3,367.9000000000001,228.0,1,1,1.0
74,8,1385.5,506.4,229.79999999999995,267.5,1,1,1.0
74,9,1748.4,213.3,308.0999999999999,171.3,1,1,1.0
75,1,311.9,842.2,208.0,137.5,1,1,1.0
75,2,608.84,492.08,191.36,293.21999999999997,1,1,1.0
75,3,674.5,261.0,308.29999999999995,157.2,1,1,1.0
75,4,664.0,376.7,281.6,202.50000000000006,1,1,1.0
75,5,1006.6,394.76,170.61,297.53999999999996,1,1,1.0
75,6,1979.3,136.8,203.60000000000014,381.09999999999997,1,1,1.0
75,7,1321.0,107.9,363.5999999999999,226.4,1,1,1.0
75,8,1383.29,511.2,239.61000000000013,257.50000000000006,1,1,1.0
75,9,1790.5,197.4,256.29999999999995,187.20000000000002,1,1,1.0
76,1,311.9,841.9,206.89999999999998,137.80000000000007,1,1,1.0
76,2,609.7,497.29,187.69999999999993,296.91,1,1,1.0
76,3,677.2,261.0,305.5999999999999,157.2,1,1,1.0
76,4,666.5,376.7,279.1,202.50000000000006,1,1,1.0
76,5,1003.7,393.47,180.08999999999992,287.3299999999999,1,1,1.0
76,6,1939.4,170.0,229.9000000000001,304.9,1,1,1.0
76,7,1321.0,107.9,363.5999999999999,226.4,1,1,1.0
76,8,1383.7,512.7,234.5,254.5999999999999,1,1,1.0
76,9,1790.5,180.6,251.9000000000001,255.79999999999998,1,1,1.0
77,1,311.9,841.3,206.60000000000002,138.4000000000001,1,1,1.0
77,2,610.99,491.27,183.40999999999997,303.03,1,1,1.0
77,3,677.2,257.9,305.5999999999999,160.3,1,1,1.0
77,4,665.08,374.55,274.81999999999994,201.34999999999997,1,1,1.0
77,5,999.4,394.98,185.04000000000008,287.81999999999994,1,1,1.0
77,6,1890.4,179.8,288.6999999999998,280.8,1,1,1.0
77,7,1318.3,107.9,366.29999999999995,226.4,1,1,1.0
77,8,1381.1,511.0,236.10000000000014,255.29999999999995,1,1,1.0
77,9,1790.5,181.5,246.0999999999999,232.3,1,1,1.0
78,1,311.9,842.8,207.30000000000007,136.9000000000001,1,1,1.0
78,2,610.13,489.55,184.26999999999998,301.05,1,1,1.0
78,3,674.5,257.9,308.29999999999995,160.3,1,1,1.0
78,4,665.43,378.13,270.1700000000001,197.07000000000005,1,1,1.0
78,5,996.3,378.85,176.30999999999995,306.75,1,1,1.0
78,6,1939.4,145.1,233.69999999999982,324.5,1,1,1.0
78,7,1318.3,107.9,366.29999999999995,222.70000000000002,1,1,1.0
78,8,1376.0,512.7,250.0999999999999,256.0,1,1,1.0
78,9,1790.5,185.0,250.5,217.7,1,1,1.0
79,1,311.9,845.5,207.30000000000007,134.20000000000005,1,1,1.0
79,2,542.0,505.42,257.20000000000005,271.08,1,1,1.0
79,3,674.5,269.0,308.70000000000005,149.2,1,1,1.0
79,4,666.15,377.06,275.55000000000007,200.23999999999995,1,1,1.0
79,5,971.0,412.88,228.6199999999999,244.32000000000005,1,1,1.0
79,6,1960.5,110.6,214.9000000000001,340.20000000000005,1,1,1.0
79,7,1318.3,107.9,366.29999999999995,222.70000000000002,1,1,1.0
79,8,1376.0,512.7,245.0999999999999,256.0,1,1,1.0
79,9,1790.5,188.5,257.0999999999999,214.2,1,1,1.0
80,1,311.9,845.5,207.30000000000007,134.20000000000005,1,1,1.0
80,2,538.9,507.4,265.6,259.80000000000007,1,1,1.0
80,3,674.5,266.1,305.6,152.09999999999997,1,1,1.0
80,4,674.31,372.62,272.8900000000001,212.98000000000002,1,1,1.0
80,5,967.6,413.88,274.4799999999999,224.82000000000005,1,1,1.0
80,6,1957.9,143.5,227.5999999999999,316.1,1,1,1.0
80,7,1322.6,107.9,362.0,223.20000000000002,1,1,1.0
80,8,1376.0,514.5,240.4000000000001,254.20000000000005,1,1,1.0
80,9,1790.5,188.5,249.5999999999999,212.39999999999998,1,1,1.0
81,1,313.7,842.9,205.50000000000006,136.80000000000007,1,1,1.0
81,2,537.1,512.0,267.4,255.20000000000005,1,1,1.0
81,3,674.5,256.88,305.6,158.22000000000003,1,1,1.0
81,4,682.9,371.42,270.30000000000007,249.37999999999994,1,1,1.0
81,5,948.0,396.45,303.80999999999995,211.15000000000003,1,1,1.0
81,6,1960.5,155.6,231.4000000000001,303.5,1,1,1.0
81,7,1322.6,107.9,364.70000000000005,222.70000000000002,1,1,1.0
81,8,1376.0,512.7,257.29999999999995,256.0,1,1,1.0
81,9,1790.5,188.5,251.79999999999995,219.89999999999998,1,1,1.0
82,1,313.7,842.9,205.50000000000006,136.80000000000007,1,1,1.0
82,2,537.1,508.1,267.4,258.66999999999996,1,1,1.0
82,3,674.5,261.9,304.29999999999995,156.40000000000003,1,1,1.0
82,4,735.65,380.5,202.35000000000002,292.9,1,1,1.0
82,5,935.4,384.41,296.38,198.19,1,1,1.0
82,6,1965.0,202.3,223.9000000000001,269.59999999999997,1,1,1.0
82,7,1318.9,107.9,368.39999999999986,222.70000000000002,1,1,1.0
82,8,1378.6,507.9,269.10000000000014,259.20000000000005,1,1,1.0
82,9,1790.5,188.5,251.79999999999995,219.89999999999998,1,1,1.0
83,1,309.6,843.3,209.60000000000002,136.4000000000001,1,1,1.0
83,2,534.4,508.6,270.1,255.10000000000002,1,1,1.0
83,3,691.3,236.7,294.1,193.40000000000003,1,1,1.0
83,4,772.6,387.9,148.5,295.30000000000007,1,1,1.0
83,5,931.5,392.15,299.70000000000005,190.05000000000007,1,1,1.0
83,6,1960.5,221.1,229.9000000000001,259.1,1,1,1.0
83,7,1318.9,107.9,368.39999999999986,222.70000000000002,1,1,1.0
83,8,1380.1,510.9,256.5,260.0,1,1,1.0
83,9,1790.5,188.5,251.79999999999995,219.89999999999998,1,1,1.0
84,1,309.6,843.3,209.60000000000002,136.4000000000001,1,1,1.0
84,2,534.4,505.4,268.80000000000007,258.70000000000005,1,1,1.0
84,3,718.7,248.1,266.69999999999993,192.6,1,1,1.0
84,4,746.2,402.67,156.19999999999993,299.7,1,1,1.0
84,5,940.5,390.0,295.20000000000005,202.10000000000002,1,1,1.0
84,6,1960.5,221.1,228.4000000000001,259.1,1,1,1.0
84,7,1318.9,107.9,368.39999999999986,222.70000000000002,1,1,1.0
84,8,1392.6,503.5,238.0,269.1,1,1,1.0
84,9,1790.5,188.5,251.79999999999995,222.10000000000002,1,1,1.0
85,1,311.8,834.4,207.40000000000003,145.30000000000007,1,1,1.0
85,2,539.3,509.3,259.9000000000001,256.99999999999994,1,1,1.0
85,3,687.7,235.8,295.5,179.7,1,1,1.0
85,4,730.4,415.2,189.60000000000002,304.2,1,1,1.0
85,5,956.3,390.0,317.79999999999995,220.39999999999998,1,1,1.0
85,6,1962.0,199.2,223.0999999999999,273.5,1,1,1.0
85,7,1316.3,110.5,371.0,220.10000000000002,1,1,1.0
85,8,1395.2,507.6,253.5,264.6,1,1,1.0
85,9,1790.5,188.5,251.79999999999995,239.39999999999998,1,1,1.0
86,1,311.8,834.4,205.59999999999997,145.30000000000007,1,1,1.0
86,2,539.3,509.3,254.30000000000007,259.2,1,1,1.0
86,3,689.5,246.3,299.0,169.2,1,1,1.0
86,4,730.4,416.7,187.89999999999998,286.90000000000003,1,1,1.0
86,5,975.9,379.5,257.5000000000001,248.79999999999995,1,1,1.0
86,6,1958.2,215.8,223.89999999999986,249.39999999999998,1,1,1.0
86,7,1315.2,112.2,372.0999999999999,218.40000000000003,1,1,1.0
86,8,1400.4,508.0,250.39999999999986,263.29999999999995,1,1,1.0
86,9,1777.7,188.5,250.0,254.5,1,1,1.0
87,1,311.8,834.4,205.3,145.30000000000007,1,1,1.0
87,2,539.3,509.3,256.4000000000001,256.99999999999994,1,1,1.0
87,3,693.0,243.4,297.70000000000005,178.79999999999998,1,1,1.0
87,4,756.0,421.0,164.39999999999998,290.1,1,1,1.0
87,5,989.5,380.3,253.70000000000005,253.99999999999994,1,1,1.0
87,6,1961.2,212.8,223.89999999999986,250.09999999999997,1,1,1.0
87,7,1315.2,112.2,372.0999999999999,218.40000000000003,1,1,1.0
87,8,1400.4,508.0,253.5,264.20000000000005,1,1,1.0
87,9,1797.6,171.7,216.4000000000001,284.1,1,1,1.0
88,1,306.3,837.0,211.99999999999994,142.70000000000005,1,1,1.0
88,2,571.9,496.0,223.80000000000007,270.29999999999995,1,1,1.0
88,3,695.2,243.4,293.29999999999995,176.49999999999997,1,1,1.0
88,4,755.1,411.54,163.18999999999994,292.06,1,1,1.0
88,5,989.5,380.3,253.70000000000005,259.3,1,1,1.0
88,6,1961.2,212.8,220.89999999999986,241.8,1,1,1.0
88,7,1315.2,112.2,372.0999999999999,218.40000000000003,1,1,1.0
88,8,1404.1,508.0,261.60000000000014,264.20000000000005,1,1,1.0
88,9,1777.7,176.1,249.0999999999999,274.79999999999995,1,1,1.0
89,1,306.3,837.0,210.8,135.70000000000005,1,1,1.0
89,2,562.3,507.1,235.10000000000002,266.19999999999993,1,1,1.0
89,3,697.0,243.4,291.5,176.99999999999997,1,1,1.0
89,4,756.9,411.54,157.95000000000005,296.96,1,1,1.0
89,5,986.9,380.3,251.0000000000001,260.2,1,1,1.0
89,6,1953.7,214.3,225.39999999999986,227.5,1,1,1.0
89,7,1315.2,111.8,372.0999999999999,218.8,1,1,1.0
89,8,1404.1,508.0,225.70000000000005,264.20000000000005,1,1,1.0
89,9,1702.0,190.71,259.28,369.99,1,1,1.0
90,1,298.9,837.0,220.0,135.70000000000005,1,1,1.0
90,2,562.73,505.81,238.66999999999996,266.98999999999995,1,1,1.0
90,3,695.6,243.4,290.19999999999993,176.99999999999997,1,1,1.0
90,4,756.9,417.13,160.10000000000002,294.16999999999996,1,1,1.0
90,5,984.2,379.44,256.28,260.16,1,1,1.0
90,6,1974.0,233.1,201.5,231.29999999999998,1,1,1.0
90,7,1315.2,110.5,372.0999999999999,220.10000000000002,1,1,1.0
90,8,1411.1,502.8,213.9000000000001,274.59999999999997,1,1,1.0
90,9,1715.3,207.2,176.9000000000001,370.00000000000006,1,1,1.0
91,1,296.3,837.0,221.7,135.70000000000005,1,1,1.0
91,2,581.29,482.24,223.51,290.86,1,1,1.0
91,3,694.3,243.4,288.80000000000007,176.99999999999997,1,1,1.0
91,4,753.0,417.13,157.12,299.27,1,1,1.0
91,5,980.6,375.57,270.6,264.93,1,1,1.0
91,6,1967.2,233.1,207.39999999999986,192.9,1,1,1.0
91,7,1327.4,100.5,370.6999999999998,230.5,1,1,1.0
91,8,1411.1,502.8,230.5,270.7,1,1,1.0
91,9,1715.3,193.4,164.70000000000005,405.1,1,1,1.0
92,1,278.2,830.0,233.3,137.5,1,1,1.0
92,2,589.03,480.09,215.37,299.51000000000005,1,1,1.0
92,3,696.3,243.4,286.80000000000007,179.20000000000002,1,1,1.0
92,4,752.6,415.84,152.61,300.16,1,1,1.0
92,5,979.3,377.72,257.22,263.17999999999995,1,1,1.0
92,6,2032.0,226.32,168.0999999999999,278.78000000000003,1,1,1.0
92,7,1327.4,100.5,364.5999999999999,230.5,1,1,1.0
92,8,1409.81,500.65,244.3900000000001,277.05000000000007,1,1,1.0
92,9,1715.3,203.0,153.5,395.5,1,1,1.0
93,1,276.0,830.0,231.7,137.5,1,1,1.0
93,2,540.61,508.44,256.89,268.16,1,1,1.0
93,3,695.6,243.4,287.5,179.20000000000002,1,1,1.0
93,4,753.0,414.98,151.35000000000002,305.31999999999994,1,1,1.0
93,5,981.4,380.3,257.67999999999995,259.3,1,1,1.0
93,6,2039.5,211.2,178.0999999999999,300.7,1,1,1.0
93,7,1340.7,92.0,347.89999999999986,236.5,1,1,1.0
93,8,1411.1,498.4,244.4000000000001,278.4,1,1,1.0
93,9,1715.3,205.7,149.79999999999995,392.8,1,1,1.0
94,1,276.0,830.0,231.7,137.5,1,1,1.0
94,2,541.9,506.72,259.9,267.67999999999995,1,1,1.0
94,3,693.8,243.4,289.30000000000007,179.20000000000002,1,1,1.0
94,4,757.7,396.88,148.79999999999995,352.02,1,1,1.0
94,5,979.7,375.8,271.5999999999999,263.8,1,1,1.0
94,6,2049.3,199.1,155.5,321.79999999999995,1,1,1.0
94,7,1342.85,92.0,346.60000000000014,236.5,1,1,1.0
94,8,1411.1,498.4,246.60000000000014,316.4,1,1,1.0
94,9,1715.3,205.7,149.79999999999995,413.50000000000006,1,1,1.0
95,1,287.8,830.0,222.3,137.5,1,1,1.0
95,2,542.76,507.15,256.84000000000003,260.95000000000005,1,1,1.0
95,3,688.1,243.4,295.0,179.20000000000002,1,1,1.0
95,4,756.0,398.6,155.20000000000005,344.69999999999993,1,1,1.0
95,5,977.1,368.3,247.80000000000007,271.7,1,1,1.0
95,6,2044.0,206.6,167.4000000000001,311.29999999999995,1,1,1.0
95,7,1315.2,85.6,376.39999999999986,244.6,1,1,1.0
95,8,1412.2,498.0,240.70000000000005,300.20000000000005,1,1,1.0
95,9,1721.1,207.4,150.9000000000001,403.30000000000007,1,1,1.0
96,1,290.8,830.0,221.3,137.5,1,1,1.0
96,2,540.61,508.87,260.68999999999994,259.23,1,1,1.0
96,3,691.6,243.4,291.5,179.20000000000002,1,1,1.0
96,4,756.0,398.6,156.89999999999998,346.0,1,1,1.0
96,5,978.0,383.6,248.19000000000005,250.79999999999995,1,1,1.0
96,6,2042.0,209.0,158.30000000000018,349.6,1,1,1.0
96,7,1315.2,85.6,375.0999999999999,242.9,1,1,1.0
96,8,1417.7,496.2,252.5,281.3,1,1,1.0
96,9,1700.3,215.3,171.70000000000005,416.49999999999994,1,1,1.0
97,1,290.8,831.5,221.3,136.0,1,1,1.0
97,2,548.1,509.3,252.79999999999995,259.2,1,1,1.0
97,3,722.6,243.4,260.5,179.20000000000002,1,1,1.0
97,4,756.0,398.6,160.39999999999998,349.4,1,1,1.0
97,5,980.1,372.38,248.66999999999996,265.91999999999996,1,1,1.0
97,6,2042.5,220.1,150.30000000000018,337.1,1,1,1.0
97,7,1315.2,85.6,377.29999999999995,242.9,1,1,1.0
97,8,1411.8,498.4,233.29999999999995,274.70000000000005,1,1,1.0
97,9,1703.6,212.1,175.10000000000014,386.9,1,1,1.0
98,1,290.8,831.5,223.90000000000003,136.0,1,1,1.0
98,2,548.96,509.85,252.83999999999992,256.94999999999993,1,1,1.0
98,3,725.3,243.4,263.9000000000001,179.20000000000002,1,1,1.0
98,4,756.0,398.6,160.0,349.4,1,1,1.0
98,5,983.1,391.76,245.2399999999999,247.84000000000003,1,1,1.0
98,6,2048.5,224.6,144.30000000000018,337.79999999999995,1,1,1.0
98,7,1315.63,85.6,375.56999999999994,242.50000000000003,1,1,1.0
98,8,1411.1,492.1,206.30000000000018,316.4,1,1,1.0
98,9,1697.8,212.1,176.29999999999995,386.9,1,1,1.0
99,1,283.1,837.8,234.60000000000002,133.0,1,1,1.0
99,2,548.1,510.3,252.79999999999995,254.3,1,1,1.0
99,3,712.0,243.4,275.79999999999995,179.20000000000002,1,1,1.0
99,4,760.3,402.7,160.80000000000007,339.00000000000006,1,1,1.0
99,5,982.71,391.33,245.20000000000005,248.7,1,1,1.0
99,6,2048.5,224.6,144.30000000000018,337.79999999999995,1,1,1.0
99,7,1308.35,86.46,382.35000000000014,240.74,1,1,1.0
99,8,1422.2,472.9,178.20000000000005,307.6,1,1,1.0
99,9,1699.8,212.1,177.5,379.5,1,1,1.0
100,1,283.1,841.1,234.60000000000002,129.69999999999993,1,1,1.0
100,2,548.1,512.0,252.79999999999995,256.5,1,1,1.0
100,3,701.8,243.4,285.1,196.99999999999997,1,1,1.0
100,4,758.2,400.4,158.39999999999998,320.5,1,1,1.0
100,5,989.1,377.57,241.39,266.72999999999996,1,1,1.0
100,6,2048.5,222.0,144.30000000000018,351.70000000000005,1,1,1.0
100,7,1307.49,86.03,384.1099999999999,242.86999999999998,1,1,1.0
100,8,1379.4,516.1,221.0,284.29999999999995,1,1,1.0
100,9,1699.8,234.4,178.60000000000014,420.9,1,1,1.0
101,1,283.1,840.2,234.60000000000002,130.5999999999999,1,1,1.0
101,2,544.1,512.0,247.5,249.39999999999998,1,1,1.0
101,3,684.8,263.8,367.79999999999995,157.89999999999998,1,1,1.0
101,4,735.6,413.1,190.85000000000002,300.6,1,1,1.0
101,5,991.6,388.7,240.10000000000002,258.90000000000003,1,1,1.0
101,6,2048.5,223.3,144.30000000000018,356.59999999999997,1,1,1.0
101,7,1308.78,86.46,381.1200000000001,243.34000000000003,1,1,1.0
101,8,1299.71,587.5,338.28999999999996,148.71000000000004,1,1,1.0
101,9,1711.5,350.74,195.0999999999999,379.46000000000004,1,1,1.0
102,1,292.7,840.2,228.00000000000006,130.5999999999999,1,1,1.0
102,2,572.4,498.3,213.89999999999998,272.40000000000003,1,1,1.0
102,3,686.3,248.12,345.49,173.98000000000002,1,1,1.0
102,4,722.3,416.78,202.43000000000006,297.82000000000005,1,1,1.0
102,5,1001.1,394.26,225.2399999999999,251.03999999999996,1,1,1.0
102,6,2048.5,224.6,144.30000000000018,361.5,1,1,1.0
102,7,1306.2,85.6,383.20000000000005,242.9,1,1,1.0
102,8,1295.9,582.5,342.0999999999999,153.71000000000004,1,1,1.0
102,9,1710.9,364.02,173.89999999999986,451.68000000000006,1,1,1.0
103,1,292.7,841.1,227.40000000000003,129.69999999999993,1,1,1.0
103,2,572.4,463.3,206.80000000000007,306.99999999999994,1,1,1.0
103,3,688.1,235.09,314.0,179.91,1,1,1.0
103,4,718.9,418.5,205.80000000000007,296.1,1,1,1.0
103,5,995.1,400.28,231.66999999999996,246.32000000000005,1,1,1.0
103,6,2049.5,224.6,143.30000000000018,349.1,1,1,1.0
103,7,1306.2,85.6,385.0,242.9,1,1,1.0
103,8,1317.7,582.5,320.29999999999995,151.79999999999995,1,1,1.0
103,9,1699.8,425.6,187.70000000000005,400.69999999999993,1,1,1.0
104,1,294.9,841.1,222.80000000000007,133.89999999999998,1,1,1.0
104,2,552.4,492.5,212.60000000000002,282.70000000000005,1,1,1.0
104,3,683.5,233.3,317.65,179.09999999999997,1,1,1.0
104,4,718.9,420.2,201.10000000000002,297.00000000000006,1,1,1.0
104,5,996.6,400.91,229.31000000000006,247.98999999999995,1,1,1.0
104,6,2048.5,223.6,144.30000000000018,350.1,1,1,1.0
104,7,1305.77,83.45,384.53,245.95,1,1,1.0
104,8,1315.3,575.7,322.70000000000005,163.29999999999995,1,1,1.0
104,9,1699.8,404.3,209.5,392.8,1,1,1.0
105,1,294.9,841.1,226.5,134.79999999999995,1,1,1.0
105,2,557.4,490.3,189.0,272.09999999999997,1,1,1.0
105,3,679.9,232.94,318.14,183.76,1,1,1.0
105,4,714.4,426.6,211.60000000000002,288.0,1,1,1.0
105,5,997.9,399.62,229.30000000000007,249.27999999999997,1,1,1.0
105,6,2048.5,224.6,144.30000000000018,330.1,1,1,1.0
105,7,1322.27,89.16,366.3299999999999,241.44000000000003,1,1,1.0
105,8,1314.6,584.7,318.20000000000005,145.0,1,1,1.0
105,9,1699.8,416.0,197.29999999999995,437.4,1,1,1.0
106,1,279.4,841.1,237.89999999999998,134.19999999999993,1,1,1.0
106,2,491.4,478.3,247.5,232.7,1,1,1.0
106,3,676.6,255.94,322.88,159.76,1,1,1.0
106,4,726.2,426.6,199.79999999999995,288.0,1,1,1.0
106,5,991.9,401.77,234.87,245.83000000000004,1,1,1.0
106,6,2048.5,213.9,144.30000000000018,329.9,1,1,1.0
106,7,1303.67,126.48,393.3299999999999,182.71999999999997,1,1,1.0
106,8,1310.7,585.78,311.71000000000004,137.82000000000005,1,1,1.0
106,9,1699.8,452.7,210.60000000000014,419.3,1,1,1.0
107,1,279.4,841.1,237.89999999999998,132.69999999999993,1,1,1.0
107,2,421.0,550.9,312.59000000000003,178.70000000000005,1,1,1.0
107,3,678.7,254.15,299.8599999999999,162.74999999999997,1,1,1.0
107,4,728.8,437.5,203.20000000000005,272.4,1,1,1.0
107,5,993.6,402.2,233.60000000000002,243.59999999999997,1,1,1.0
107,6,2048.5,216.5,144.30000000000018,329.4,1,1,1.0
107,7,1311.36,72.4,378.34000000000015,244.1,1,1,1.0
107,8,1300.8,593.6,332.0,151.5,1,1,1.0
107,9,1699.8,457.5,220.20000000000005,400.70000000000005,1,1,1.0
108,1,279.4,841.1,237.89999999999998,132.10000000000002,1,1,1.0
108,2,331.6,573.92,346.2099999999999,160.08000000000004,1,1,1.0
108,3,679.0,251.64,299.20000000000005,164.56,1,1,1.0
108,4,732.8,444.38,205.69000000000005,258.32000000000005,1,1,1.0
108,5,993.6,401.34,234.0300000000001,244.45999999999998,1,1,1.0
108,6,2051.6,216.5,148.9000000000001,330.70000000000005,1,1,1.0
108,7,1308.28,58.84,376.72,263.65999999999997,1,1,1.0
108,8,1338.1,560.4,343.8000000000002,158.80000000000007,1,1,1.0
108,9,1699.8,457.5,220.20000000000005,433.6,1,1,1.0
109,1,279.4,841.1,237.89999999999998,135.10000000000002,1,1,1.0
109,2,312.6,600.93,367.41999999999996,160.07000000000005,1,1,1.0
109,3,679.3,252.0,297.6,165.7,1,1,1.0
109,4,743.9,448.4,192.84000000000003,252.30000000000007,1,1,1.0
109,5,990.6,405.21,236.16999999999996,241.89000000000004,1,1,1.0
109,6,2048.5,216.5,149.5,330.70000000000005,1,1,1.0
109,7,1309.57,59.7,371.33000000000015,260.7,1,1,1.0
109,8,1344.6,555.3,342.3000000000002,164.30000000000007,1,1,1.0
109,9,1699.8,463.3,220.20000000000005,417.7,1,1,1.0
110,1,279.4,841.1,237.89999999999998,134.79999999999995,1,1,1.0
110,2,361.7,609.8,318.32,159.60000000000002,1,1,1.0
110,3,677.5,252.36,300.12,166.74,1,1,1.0
110,4,743.9,445.82,191.36,254.88000000000005,1,1,1.0
110,5,989.7,405.64,236.63999999999987,240.15999999999997,1,1,1.0
110,6,2042.08,222.67,167.32000000000016,320.33000000000004,1,1,1.0
110,7,1319.72,67.03,357.0799999999999,255.47,1,1,1.0
110,8,1356.5,555.3,330.0999999999999,159.9000000000001,1,1,1.0
110,9,1713.6,467.7,230.80000000000018,361.2,1,1,1.0
111,1,279.4,841.1,237.89999999999998,135.10000000000002,1,1,1.0
111,2,378.1,609.8,304.9,167.60000000000002,1,1,1.0
111,3,676.5,252.72,299.67999999999995,166.67999999999998,1,1,1.0
111,4,744.7,437.5,192.27999999999997,269.5,1,1,1.0
111,5,989.3,404.06,237.47000000000003,240.83999999999997,1,1,1.0
111,6,2044.25,222.03,165.1500000000001,315.57000000000005,1,1,1.0
111,7,1345.89,70.3,333.51,251.8,1,1,1.0
111,8,1363.9,555.3,318.0,159.9000000000001,1,1,1.0
111,9,1726.6,477.7,211.4000000000001,392.09999999999997,1,1,1.0
112,1,279.4,841.1,240.10000000000002,131.79999999999995,1,1,1.0
112,2,378.1,612.0,304.9,165.39999999999998,1,1,1.0
112,3,677.9,255.58,299.0,162.42,1,1,1.0
112,4,751.8,434.37,189.05000000000007,271.33000000000004,1,1,1.0
112,5,989.7,406.05,237.93000000000006,240.15000000000003,1,1,1.0
112,6,2037.7,218.3,165.99999999999977,355.09999999999997,1,1,1.0
112,7,1347.18,71.16,328.72,253.54,1,1,1.0
112,8,1356.2,550.1,325.70000000000005,162.89999999999998,1,1,1.0
112,9,1707.76,540.92,326.94000000000005,290.68000000000006,1,1,1.0
113,1,282.0,841.1,237.5,135.10000000000002,1,1,1.0
113,2,357.3,612.0,328.7,154.29999999999995,1,1,1.0
113,3,678.3,254.15,297.88,164.54999999999998,1,1,1.0
113,4,751.8,430.42,190.34000000000003,277.78000000000003,1,1,1.0
113,5,989.7,403.48,237.5,243.12,1,1,1.0
113,6,2044.9,212.9,155.19999999999982,335.5,1,1,1.0
113,7,1345.46,74.86,327.03999999999996,245.14,1,1,1.0
113,8,1342.5,550.1,331.70000000000005,162.89999999999998,1,1,1.0
113,9,1715.72,651.95,341.28,210.44999999999993,1,1,1.0
114,1,282.0,841.1,241.89999999999998,134.5,1,1,1.0
114,2,357.3,612.0,328.49999999999994,154.29999999999995,1,1,1.0
114,3,680.0,253.43,295.47,167.46999999999997,1,1,1.0
114,4,751.4,428.27,182.14,279.13,1,1,1.0
114,5,988.0,407.99,238.76999999999998,239.51,1,1,1.0
114,6,2044.9,212.9,149.79999999999973,344.5,1,1,1.0
114,7,1344.17,75.72,326.8299999999999,244.17999999999998,1,1,1.0
114,8,1335.1,550.1,339.10000000000014,168.79999999999995,1,1,1.0
114,9,1694.5,683.8,372.0999999999999,174.9000000000001,1,1,1.0
115,1,287.9,841.1,236.0,134.79999999999995,1,1,1.0
115,2,345.7,612.0,342.3,154.29999999999995,1,1,1.0
115,3,701.6,219.28,268.55999999999995,198.42,1,1,1.0
115,4,746.3,427.41,190.25,281.69,1,1,1.0
115,5,988.0,406.93,239.6300000000001,239.27000000000004,1,1,1.0
115,6,2041.3,212.9,153.39999999999986,351.70000000000005,1,1,1.0
115,7,1343.74,77.27,329.8599999999999,246.13,1,1,1.0
115,8,1338.8,550.1,331.29999999999995,188.39999999999998,1,1,1.0
115,9,1685.5,622.7,385.4000000000001,196.69999999999993,1,1,1.0
116,1,289.4,841.1,235.60000000000002,135.60000000000002,1,1,1.0
116,2,317.5,616.9,370.5,159.60000000000002,1,1,1.0
116,3,719.8,211.42,257.5,210.28,1,1,1.0
116,4,741.13,425.41,191.0,280.7,1,1,1.0
116,5,987.1,406.93,241.39,240.17000000000002,1,1,1.0
116,6,2042.8,218.3,151.89999999999986,348.40000000000003,1,1,1.0
116,7,1341.33,77.7,332.27,244.40000000000003,1,1,1.0
116,8,1340.2,550.1,329.89999999999986,172.5,1,1,1.0
116,9,1683.4,627.5,377.4000000000001,187.60000000000002,1,1,1.0
117,1,289.4,841.1,235.60000000000002,135.0,1,1,1.0
117,2,380.8,629.7,315.59999999999997,156.5,1,1,1.0
117,3,716.6,205.04,260.69999999999993,215.96,1,1,1.0
117,4,744.1,423.26,187.16999999999996,282.44000000000005,1,1,1.0
117,5,987.1,406.49,240.5300000000001,238.80999999999995,1,1,1.0
117,6,2039.8,216.2,154.89999999999986,335.59999999999997,1,1,1.0
117,7,1347.99,95.2,320.51,226.90000000000003,1,1,1.0
117,8,1317.1,545.4,343.0,144.60000000000002,1,1,1.0
117,9,1679.7,627.5,372.10000000000014,161.60000000000002,1,1,1.0
118,1,295.7,841.1,229.3,138.89999999999998,1,1,1.0
118,2,373.3,629.7,320.40000000000003,156.5,1,1,1.0
118,3,712.0,216.0,259.1,206.10000000000002,1,1,1.0
118,4,739.0,423.26,192.70000000000005,280.74,1,1,1.0
118,5,986.7,405.2,240.5,242.7,1,1,1.0
118,6,2044.9,210.2,147.0999999999999,338.50000000000006,1,1,1.0
118,7,1349.71,96.06,322.5899999999999,225.64,1,1,1.0
118,8,1279.1,505.5,312.0,198.29999999999995,1,1,1.0
118,9,1826.3,569.06,309.97,178.04000000000008,1,1,1.0
119,1,295.7,841.1,229.3,137.39999999999998,1,1,1.0
119,2,336.1,631.6,328.79999999999995,142.10000000000002,1,1,1.0
119,3,712.0,220.0,257.29999999999995,196.8,1,1,1.0
119,4,731.8,420.36,198.18000000000006,280.24,1,1,1.0
119,5,985.8,403.48,241.83000000000015,244.01999999999998,1,1,1.0
119,6,2039.74,212.78,147.66000000000008,355.02,1,1,1.0
119,7,1337.1,105.8,333.10000000000014,215.39999999999998,1,1,1.0
119,8,1293.2,497.0,299.0,178.79999999999995,1,1,1.0
119,9,1823.6,547.3,318.0,189.20000000000005,1,1,1.0
120,1,292.0,841.1,233.0,136.19999999999993,1,1,1.0
120,2,325.9,632.0,330.1,139.60000000000002,1,1,1.0
120,3,704.9,257.2,282.6,174.2,1,1,1.0
120,4,740.7,426.7,191.0,278.00000000000006,1,1,1.0
120,5,989.29,406.06,239.20000000000005,240.59999999999997,1,1,1.0
120,6,2040.25,212.78,148.1500000000001,353.22,1,1,1.0
120,7,1337.1,98.9,331.60000000000014,223.20000000000002,1,1,1.0
120,8,1291.1,501.1,301.10000000000014,175.39999999999998,1,1,1.0
120,9,1821.5,538.8,299.9000000000001,182.30000000000007,1,1,1.0
