1,1,343.2,620.2,306.3,144.89999999999998,1,1,1.0
1,2,279.6,843.3,249.19999999999993,134.30000000000007,1,1,1.0
1,3,709.0,255.3,281.20000000000005,172.8,1,1,1.0
1,4,749.6,423.0,176.60000000000002,283.29999999999995,1,1,1.0
1,5,988.0,405.6,237.70000000000005,245.19999999999993,1,1,1.0
1,6,1336.4,97.8,335.1999999999998,225.7,1,1,1.0
1,7,1282.2,501.4,306.5999999999999,175.5,1,1,1.0
1,8,1820.4,535.4,300.0999999999999,175.70000000000005,1,1,1.0
1,9,2040.7,214.5,153.29999999999995,341.79999999999995,1,1,1.0
2,1,319.3,617.1,326.40000000000003,145.5,1,1,1.0
2,2,285.3,843.3,243.49999999999994,133.70000000000005,1,1,1.0
2,3,696.9,255.3,300.1,172.0,1,1,1.0
2,4,743.6,421.5,174.29999999999995,284.79999999999995,1,1,1.0
2,5,984.2,406.4,243.0,243.60000000000002,1,1,1.0
2,6,1338.7,97.8,334.39999999999986,225.7,1,1,1.0
2,7,1291.4,501.4,294.89999999999986,174.20000000000005,1,1,1.0
2,8,1819.0,531.6,300.8000000000002,173.5,1,1,1.0
2,9,2038.4,214.5,153.29999999999973,347.79999999999995,1,1,1.0
3,1,303.6,624.6,344.0,139.89999999999998,1,1,1.0
3,2,289.0,843.3,239.79999999999995,132.4000000000001,1,1,1.0
3,3,702.2,253.0,286.5,175.10000000000002,1,1,1.0
3,4,745.9,418.5,174.30000000000007,287.79999999999995,1,1,1.0
3,5,984.2,407.9,247.5,239.80000000000007,1,1,1.0
3,6,1350.0,85.7,319.29999999999995,239.3,1,1,1.0
3,7,1291.4,501.4,292.39999999999986,178.0,1,1,1.0
3,8,1816.7,531.6,301.60000000000014,175.39999999999998,1,1,1.0
3,9,2038.4,216.8,153.29999999999973,345.49999999999994,1,1,1.0
4,1,301.7,622.7,340.2,143.69999999999993,1,1,1.0
4,2,287.7,841.4,238.59999999999997,134.89999999999998,1,1,1.0
4,3,698.4,252.2,289.6,176.7,1,1,1.0
4,4,747.4,421.5,174.30000000000007,284.79999999999995,1,1,1.0
4,5,984.2,398.9,249.0,247.30000000000007,1,1,1.0
4,6,1350.0,85.7,317.79999999999995,240.10000000000002,1,1,1.0
4,7,1256.6,502.7,327.8000000000002,175.40000000000003,1,1,1.0
4,8,1815.2,530.8,301.60000000000014,172.0,1,1,1.0
4,9,2039.9,219.8,155.5999999999999,351.49999999999994,1,1,1.0
5,1,304.2,620.8,337.09999999999997,146.20000000000005,1,1,1.0
5,2,287.2,841.5,237.2,135.39999999999998,1,1,1.0
5,3,698.4,243.2,288.80000000000007,183.40000000000003,1,1,1.0
5,4,737.9,422.3,183.80000000000007,283.2,1,1,1.0
5,5,986.5,407.2,246.70000000000005,239.8,1,1,1.0
5,6,1350.0,85.7,321.5999999999999,237.8,1,1,1.0
5,7,1265.4,502.7,318.39999999999986,177.59999999999997,1,1,1.0
5,8,1814.0,530.8,289.1999999999998,166.0,1,1,1.0
5,9,2040.7,219.8,152.49999999999977,341.7,1,1,1.0
6,1,309.2,620.8,332.09999999999997,144.9000000000001,1,1,1.0
6,2,288.9,840.86,236.80000000000007,135.43999999999994,1,1,1.0
6,3,697.6,204.8,289.6,222.59999999999997,1,1,1.0
6,4,733.1,416.3,187.79999999999995,289.2,1,1,1.0
6,5,974.4,406.4,246.69999999999993,232.30000000000007,1,1,1.0
6,6,1350.0,94.7,318.5999999999999,229.60000000000002,1,1,1.0
6,7,1270.7,484.5,272.29999999999995,228.89999999999998,1,1,1.0
6,8,1852.9,527.0,269.0999999999999,159.29999999999995,1,1,1.0
6,9,2039.2,213.8,150.20000000000005,332.59999999999997,1,1,1.0
7,1,309.8,615.1,332.09999999999997,149.29999999999995,1,1,1.0
7,2,288.9,843.3,236.80000000000007,133.60000000000002,1,1,1.0
7,3,700.6,219.1,287.4,209.1,1,1,1.0
7,4,729.3,413.3,192.4000000000001,288.40000000000003,1,1,1.0
7,5,969.9,406.4,272.30000000000007,218.0,1,1,1.0
7,6,1350.8,94.7,315.5,230.40000000000003,1,1,1.0
7,7,1311.7,435.9,247.89999999999986,232.20000000000005,1,1,1.0
7,8,1867.2,518.0,255.60000000000014,159.29999999999995,1,1,1.0
7,9,2036.9,210.0,148.0,322.1,1,1,1.0
8,1,309.8,615.1,331.49999999999994,155.29999999999995,1,1,1.0
8,2,288.3,844.6,236.8,131.69999999999993,1,1,1.0
8,3,699.1,232.7,289.69999999999993,194.0,1,1,1.0
8,4,741.4,424.6,190.10000000000002,278.6,1,1,1.0
8,5,962.4,407.2,267.0000000000001,217.2,1,1,1.0
8,6,1353.1,87.9,313.20000000000005,237.20000000000002,1,1,1.0
8,7,1281.1,429.3,273.10000000000014,221.09999999999997,1,1,1.0
8,8,1858.2,528.7,261.60000000000014,153.0999999999999,1,1,1.0
8,9,2036.9,210.0,148.0,332.6,1,1,1.0
9,1,301.0,613.2,342.79999999999995,156.29999999999995,1,1,1.0
9,2,288.9,842.6,237.39999999999998,134.89999999999998,1,1,1.0
9,3,696.1,258.3,295.0,168.39999999999998,1,1,1.0
9,4,736.9,424.6,196.89999999999998,279.4,1,1,1.0
9,5,952.6,416.2,334.1,207.40000000000003,1,1,1.0
9,6,1353.1,87.9,312.4000000000001,237.99999999999997,1,1,1.0
9,7,1282.0,428.7,255.9000000000001,230.3,1,1,1.0
9,8,1862.7,528.57,257.10000000000014,158.5,1,1,1.0
9,9,2038.4,202.5,147.29999999999973,327.29999999999995,1,1,1.0
10,1,345.0,615.1,296.29999999999995,153.79999999999995,1,1,1.0
10,2,297.1,843.9,226.69999999999993,134.20000000000005,1,1,1.0
10,3,694.6,261.3,296.5,166.2,1,1,1.0
10,4,739.9,422.3,193.10000000000002,282.49999999999994,1,1,1.0
10,5,962.4,395.1,287.4,243.60000000000002,1,1,1.0
10,6,1351.6,95.4,313.9000000000001,231.29999999999998,1,1,1.0
10,7,1286.5,430.0,247.5999999999999,229.60000000000002,1,1,1.0
10,8,1828.0,512.7,306.0999999999999,177.39999999999998,1,1,1.0
10,9,2038.4,202.5,148.0999999999999,328.79999999999995,1,1,1.0
11,1,382.7,635.2,225.90000000000003,153.19999999999993,1,1,1.0
11,2,290.2,840.8,234.90000000000003,137.30000000000007,1,1,1.0
11,3,693.8,263.6,296.5,163.89999999999998,1,1,1.0
11,4,717.3,420.0,216.5,284.79999999999995,1,1,1.0
11,5,969.9,393.6,282.9,249.60000000000002,1,1,1.0
11,6,1352.4,95.9,313.0999999999999,228.49999999999997,1,1,1.0
11,7,1280.0,429.4,251.0,247.89999999999998,1,1,1.0
11,8,1825.7,530.0,300.10000000000014,160.10000000000002,1,1,1.0
11,9,2039.9,216.8,145.79999999999973,337.09999999999997,1,1,1.0
12,1,378.9,624.5,222.20000000000005,165.20000000000005,1,1,1.0
12,2,290.2,840.8,236.2,138.60000000000002,1,1,1.0
12,3,694.6,268.1,298.0,160.2,1,1,1.0
12,4,740.7,422.3,191.5999999999999,281.7,1,1,1.0
12,5,969.1,429.0,313.80000000000007,208.20000000000005,1,1,1.0
12,6,1351.6,95.4,313.9000000000001,228.99999999999997,1,1,1.0
12,7,1278.8,428.8,256.0,245.49999999999994,1,1,1.0
12,8,1829.4,530.8,291.0999999999999,160.10000000000002,1,1,1.0
12,9,2040.7,216.8,145.79999999999995,343.90000000000003,1,1,1.0
13,1,378.9,618.8,227.20000000000005,169.0,1,1,1.0
13,2,297.8,841.4,228.59999999999997,136.70000000000005,1,1,1.0
13,3,694.6,268.9,302.5,157.90000000000003,1,1,1.0
13,4,739.9,417.8,184.10000000000002,286.99999999999994,1,1,1.0
13,5,978.1,388.3,339.4999999999999,199.2,1,1,1.0
13,6,1351.6,96.9,313.9000000000001,228.29999999999998,1,1,1.0
13,7,1279.3,428.8,255.5,238.90000000000003,1,1,1.0
13,8,1837.0,530.0,279.6999999999998,160.10000000000002,1,1,1.0
13,9,2039.9,227.3,146.5999999999999,348.49999999999994,1,1,1.0
14,1,380.2,618.8,217.7,167.70000000000005,1,1,1.0
14,2,297.8,844.5,228.59999999999997,135.5,1,1,1.0
14,3,694.6,265.1,299.5,162.5,1,1,1.0
14,4,739.9,416.3,181.10000000000002,286.99999999999994,1,1,1.0
14,5,981.9,383.8,346.30000000000007,184.09999999999997,1,1,1.0
14,6,1351.6,95.4,313.9000000000001,229.79999999999998,1,1,1.0
14,7,1287.9,428.8,245.0,241.09999999999997,1,1,1.0
14,8,1838.3,531.5,276.89999999999986,160.10000000000002,1,1,1.0
14,9,2039.9,227.3,148.0999999999999,352.99999999999994,1,1,1.0
15,1,378.9,632.6,210.89999999999998,156.39999999999998,1,1,1.0
15,2,297.2,846.4,230.50000000000006,131.10000000000002,1,1,1.0
15,3,695.4,269.6,298.70000000000005,158.0,1,1,1.0
15,4,746.0,412.5,173.5,290.0,1,1,1.0
15,5,972.9,381.5,312.30000000000007,179.60000000000002,1,1,1.0
15,6,1350.8,95.4,315.5,229.79999999999998,1,1,1.0
15,7,1286.0,425.0,246.9000000000001,247.20000000000005,1,1,1.0
15,8,1835.4,530.7,278.2999999999997,160.89999999999998,1,1,1.0
15,9,2039.9,230.3,148.0999999999999,350.8,1,1,1.0
16,1,377.6,630.7,207.79999999999995,158.89999999999998,1,1,1.0
16,2,301.0,845.8,227.29999999999995,133.0,1,1,1.0
16,3,695.4,267.3,300.20000000000005,160.3,1,1,1.0
16,4,745.2,414.8,173.5,287.7,1,1,1.0
16,5,973.7,381.5,310.70000000000005,177.29999999999995,1,1,1.0
16,6,1350.8,94.6,315.5,230.6,1,1,1.0
16,7,1286.5,421.2,250.20000000000005,247.2,1,1,1.0
16,8,1834.6,529.2,285.0999999999999,163.19999999999993,1,1,1.0
16,9,2049.7,246.9,142.80000000000018,363.6,1,1,1.0
17,1,378.2,613.7,208.50000000000006,174.0,1,1,1.0
17,2,299.1,843.9,228.60000000000002,134.89999999999998,1,1,1.0
17,3,695.4,268.8,300.20000000000005,160.3,1,1,1.0
17,4,743.7,414.8,176.5,285.40000000000003,1,1,1.0
17,5,971.4,382.3,312.9,177.99999999999994,1,1,1.0
17,6,1350.8,94.6,315.5,229.79999999999998,1,1,1.0
17,7,1290.9,421.2,243.29999999999995,253.2,1,1,1.0
17,8,1834.7,529.8,280.4999999999998,163.0,1,1,1.0
17,9,2046.7,254.4,145.79999999999995,369.6,1,1,1.0
18,1,380.1,622.5,204.69999999999993,163.29999999999995,1,1,1.0
18,2,298.5,843.3,228.60000000000002,136.10000000000002,1,1,1.0
18,3,694.6,268.0,306.29999999999995,161.89999999999998,1,1,1.0
18,4,738.5,411.0,182.39999999999998,291.5,1,1,1.0
18,5,974.4,381.5,314.5000000000001,175.79999999999995,1,1,1.0
18,6,1350.0,94.6,316.29999999999995,229.79999999999998,1,1,1.0
18,7,1289.8,418.7,243.1400000000001,253.8,1,1,1.0
18,8,1834.7,526.9,280.39999999999986,167.10000000000002,1,1,1.0
18,9,2047.5,257.4,147.30000000000018,368.1,1,1,1.0
19,1,379.5,625.0,207.20000000000005,162.10000000000002,1,1,1.0
19,2,291.0,843.3,236.10000000000002,134.80000000000007,1,1,1.0
19,3,681.9,277.8,358.1,149.09999999999997,1,1,1.0
19,4,744.5,409.5,179.39999999999998,288.5,1,1,1.0
19,5,972.1,386.0,320.6,172.79999999999995,1,1,1.0
19,6,1350.0,94.6,316.29999999999995,229.79999999999998,1,1,1.0
19,7,1292.4,414.9,239.29999999999995,252.0,1,1,1.0
19,8,1835.3,529.9,276.89999999999986,161.10000000000002,1,1,1.0
19,9,2051.3,255.1,140.5,374.19999999999993,1,1,1.0
20,1,380.8,626.3,200.2,160.20000000000005,1,1,1.0
20,2,291.0,843.3,236.10000000000002,134.80000000000007,1,1,1.0
20,3,688.6,277.7,339.4,150.0,1,1,1.0
20,4,745.3,423.8,177.10000000000002,280.99999999999994,1,1,1.0
20,5,976.6,381.5,307.1,177.29999999999995,1,1,1.0
20,6,1350.0,94.6,316.29999999999995,231.29999999999998,1,1,1.0
20,7,1294.5,414.9,228.4000000000001,258.0,1,1,1.0
20,8,1831.6,529.9,279.8000000000002,162.60000000000002,1,1,1.0
20,9,2049.8,250.6,139.69999999999982,368.19999999999993,1,1,1.0
21,1,382.1,623.8,198.29999999999995,166.5,1,1,1.0
21,2,292.9,841.4,235.5,138.0,1,1,1.0
21,3,686.3,271.7,338.70000000000005,156.0,1,1,1.0
21,4,730.2,419.3,193.69999999999993,284.7,1,1,1.0
21,5,975.8,382.3,308.70000000000005,177.99999999999994,1,1,1.0
21,6,1350.0,92.3,316.29999999999995,232.8,1,1,1.0
21,7,1293.4,414.3,234.5,255.99999999999994,1,1,1.0
21,8,1831.2,529.1,283.9999999999998,161.79999999999995,1,1,1.0
21,9,2050.6,254.4,139.70000000000027,374.20000000000005,1,1,1.0
22,1,379.6,603.1,199.5,187.19999999999993,1,1,1.0
22,2,292.9,841.4,235.5,137.39999999999998,1,1,1.0
22,3,687.1,271.7,339.4,156.0,1,1,1.0
22,4,744.5,423.1,193.0,280.1,1,1,1.0
22,5,987.9,382.3,321.4,180.3,1,1,1.0
22,6,1350.0,92.3,317.79999999999995,232.8,1,1,1.0
22,7,1283.9,416.8,239.5999999999999,256.59999999999997,1,1,1.0
22,8,1830.5,527.6,283.9000000000001,163.79999999999995,1,1,1.0
22,9,2050.6,253.6,142.0,369.0,1,1,1.0
23,1,341.9,620.1,259.80000000000007,169.60000000000002,1,1,1.0
23,2,293.5,840.2,234.89999999999998,139.19999999999993,1,1,1.0
23,3,689.4,270.9,338.6,156.8,1,1,1.0
23,4,740.0,421.6,191.5,283.9,1,1,1.0
23,5,985.6,382.3,324.4999999999999,185.59999999999997,1,1,1.0
23,6,1350.0,95.3,317.79999999999995,229.8,1,1,1.0
23,7,1284.2,416.8,239.29999999999995,251.40000000000003,1,1,1.0
23,8,1831.2,528.4,280.89999999999986,163.60000000000002,1,1,1.0
23,9,2050.6,244.6,143.4000000000001,369.69999999999993,1,1,1.0
24,1,326.9,621.4,291.80000000000007,160.10000000000002,1,1,1.0
24,2,293.5,841.5,235.5,135.39999999999998,1,1,1.0
24,3,689.4,270.1,322.80000000000007,157.59999999999997,1,1,1.0
24,4,743.0,423.9,184.70000000000005,281.6,1,1,1.0
24,5,986.4,380.8,325.19999999999993,184.09999999999997,1,1,1.0
24,6,1349.2,95.3,316.29999999999995,229.8,1,1,1.0
24,7,1283.7,416.2,237.89999999999986,253.7,1,1,1.0
24,8,1826.7,529.9,294.39999999999986,161.0,1,1,1.0
24,9,2050.6,245.4,141.9000000000001,372.70000000000005,1,1,1.0
25,1,347.0,626.5,273.6,166.89999999999998,1,1,1.0
25,2,293.5,841.5,234.89999999999998,135.39999999999998,1,1,1.0
25,3,686.4,271.6,349.19999999999993,156.89999999999998,1,1,1.0
25,4,735.5,423.9,190.70000000000005,281.6,1,1,1.0
25,5,985.6,380.0,322.19999999999993,184.89999999999998,1,1,1.0
25,6,1348.4,88.5,318.5999999999999,238.10000000000002,1,1,1.0
25,7,1287.3,414.9,234.9000000000001,268.0,1,1,1.0
25,8,1822.6,530.7,292.5,162.5,1,1,1.0
25,9,2052.1,249.9,143.4000000000001,379.5,1,1,1.0
26,1,358.3,621.4,245.96999999999997,206.60000000000002,1,1,1.0
26,2,298.5,841.5,229.89999999999998,135.39999999999998,1,1,1.0
26,3,687.9,271.6,338.6,155.39999999999998,1,1,1.0
26,4,734.0,423.9,191.39999999999998,281.6,1,1,1.0
26,5,984.1,379.2,314.69999999999993,186.50000000000006,1,1,1.0
26,6,1348.4,87.0,318.5999999999999,237.3,1,1,1.0
26,7,1288.8,416.8,232.79999999999995,251.99999999999994,1,1,1.0
26,8,1822.6,530.7,285.0,158.69999999999993,1,1,1.0
26,9,2053.5,252.0,138.5,394.1,1,1,1.0
27,1,363.3,616.4,236.59999999999997,221.0,1,1,1.0
27,2,298.5,843.4,229.89999999999998,134.80000000000007,1,1,1.0
27,3,686.4,275.4,334.80000000000007,151.60000000000002,1,1,1.0
27,4,708.4,409.6,212.5,286.9,1,1,1.0
27,5,979.6,381.5,318.4,182.70000000000005,1,1,1.0
27,6,1348.4,87.8,317.79999999999995,237.3,1,1,1.0
27,7,1289.7,415.5,233.20000000000005,257.20000000000005,1,1,1.0
27,8,1824.1,530.7,325.7000000000003,157.89999999999998,1,1,1.0
27,9,2052.8,256.2,139.19999999999982,391.90000000000003,1,1,1.0
28,1,357.0,619.5,244.20000000000005,216.60000000000002,1,1,1.0
28,2,298.5,843.4,229.89999999999998,134.80000000000007,1,1,1.0
28,3,687.9,275.4,333.30000000000007,151.60000000000002,1,1,1.0
28,4,738.5,398.3,182.39999999999998,307.99999999999994,1,1,1.0
28,5,973.6,381.5,318.4,183.5,1,1,1.0
28,6,1348.4,89.3,319.29999999999995,235.8,1,1,1.0
28,7,1297.1,414.2,225.80000000000018,254.09999999999997,1,1,1.0
28,8,1818.1,529.9,333.2000000000003,157.89999999999998,1,1,1.0
28,9,2052.8,251.2,139.19999999999982,386.59999999999997,1,1,1.0
29,1,360.2,621.4,239.7,211.0,1,1,1.0
29,2,297.8,844.7,229.99999999999994,133.5,1,1,1.0
29,3,687.1,276.2,347.69999999999993,151.60000000000002,1,1,1.0
29,4,755.8,408.8,161.30000000000007,305.09999999999997,1,1,1.0
29,5,975.1,390.5,316.9,172.20000000000005,1,1,1.0
29,6,1348.4,89.3,318.5,235.8,1,1,1.0
29,7,1295.9,414.2,227.0,254.50000000000006,1,1,1.0
29,8,1818.1,528.4,327.9000000000001,160.89999999999998,1,1,1.0
29,9,2053.6,236.2,138.4000000000001,331.2,1,1,1.0
30,1,360.8,621.4,239.7,214.10000000000002,1,1,1.0
30,2,299.1,844.1,228.69999999999993,132.79999999999995,1,1,1.0
30,3,687.9,284.5,346.1,143.3,1,1,1.0
30,4,761.8,410.3,161.30000000000007,296.09999999999997,1,1,1.0
30,5,987.9,395.8,306.4,178.99999999999994,1,1,1.0
30,6,1347.6,95.3,319.3000000000002,229.8,1,1,1.0
30,7,1293.0,414.2,229.9000000000001,260.50000000000006,1,1,1.0
30,8,1819.6,529.9,341.5,159.39999999999998,1,1,1.0
30,9,2052.8,233.7,138.39999999999964,320.90000000000003,1,1,1.0
31,1,358.9,623.3,235.30000000000007,199.0,1,1,1.0
31,2,299.1,844.1,228.69999999999993,132.79999999999995,1,1,1.0
31,3,697.7,278.4,320.5,147.90000000000003,1,1,1.0
31,4,755.0,408.0,178.60000000000002,298.4,1,1,1.0
31,5,991.7,399.6,303.39999999999986,167.69999999999993,1,1,1.0
31,6,1347.6,95.3,320.10000000000014,229.8,1,1,1.0
31,7,1290.4,414.8,231.19999999999982,257.7,1,1,1.0
31,8,1817.3,527.6,341.5000000000002,158.69999999999993,1,1,1.0
31,9,2047.4,220.1,140.19999999999982,328.9,1,1,1.0
32,1,358.3,620.2,234.59999999999997,208.39999999999998,1,1,1.0
32,2,297.8,846.0,229.99999999999994,132.20000000000005,1,1,1.0
32,3,696.2,279.9,323.5,152.40000000000003,1,1,1.0
32,4,742.2,407.2,202.69999999999993,296.2,1,1,1.0
32,5,990.2,398.1,308.70000000000005,171.5,1,1,1.0
32,6,1347.6,100.6,320.10000000000014,223.70000000000002,1,1,1.0
32,7,1290.3,416.7,231.29999999999995,256.00000000000006,1,1,1.0
32,8,1815.0,526.1,352.8000000000002,161.69999999999993,1,1,1.0
32,9,2046.5,215.6,141.0999999999999,323.6,1,1,1.0
33,1,360.8,619.6,232.7,211.5,1,1,1.0
33,2,299.7,844.7,228.09999999999997,132.19999999999993,1,1,1.0
33,3,698.5,282.2,315.1,148.60000000000002,1,1,1.0
33,4,734.7,410.2,211.0,294.7,1,1,1.0
33,5,990.9,398.1,305.69999999999993,172.29999999999995,1,1,1.0
33,6,1347.6,99.1,320.10000000000014,225.20000000000002,1,1,1.0
33,7,1288.8,418.0,235.29999999999995,252.5,1,1,1.0
33,8,1836.1,528.4,338.5,154.39999999999998,1,1,1.0
33,9,1998.8,215.6,188.79999999999995,321.79999999999995,1,1,1.0
34,1,358.9,616.7,234.0,212.5,1,1,1.0
34,2,298.4,846.0,227.5,129.60000000000002,1,1,1.0
34,3,701.6,279.2,324.06000000000006,151.60000000000002,1,1,1.0
34,4,736.2,412.5,209.5,292.4,1,1,1.0
34,5,992.4,397.3,302.69999999999993,173.09999999999997,1,1,1.0
34,6,1347.6,100.6,320.10000000000014,223.70000000000002,1,1,1.0
34,7,1289.6,415.5,235.80000000000018,250.20000000000005,1,1,1.0
34,8,1907.7,532.9,280.4999999999998,139.89999999999998,1,1,1.0
34,9,2015.0,215.6,171.0999999999999,323.79999999999995,1,1,1.0
35,1,364.6,608.9,228.29999999999995,213.39999999999998,1,1,1.0
35,2,298.4,844.1,227.5,133.39999999999998,1,1,1.0
35,3,703.9,271.7,324.80000000000007,158.3,1,1,1.0
35,4,737.7,415.5,203.5,290.9,1,1,1.0
35,5,1004.5,400.3,292.9000000000001,167.49999999999994,1,1,1.0
35,6,1347.6,111.9,320.10000000000014,212.4,1,1,1.0
35,7,1291.1,411.7,228.0,260.50000000000006,1,1,1.0
35,8,1912.2,523.9,274.4999999999998,142.10000000000002,1,1,1.0
35,9,2037.5,207.4,160.5999999999999,345.6,1,1,1.0
36,1,365.2,609.5,225.8,209.70000000000005,1,1,1.0
36,2,298.4,843.5,227.5,134.0,1,1,1.0
36,3,706.2,276.2,321.0,155.3,1,1,1.0
36,4,740.0,412.5,211.0,293.9,1,1,1.0
36,5,1018.9,404.82,274.69999999999993,163.28000000000003,1,1,1.0
36,6,1346.1,111.9,321.60000000000014,212.4,1,1,1.0
36,7,1291.4,411.7,225.79999999999995,259.7,1,1,1.0
36,8,1914.5,514.1,272.1999999999998,140.60000000000002,1,1,1.0
36,9,2028.5,210.4,202.80000000000018,341.1,1,1,1.0
37,1,365.8,612.6,224.59999999999997,182.69999999999993,1,1,1.0
37,2,298.4,843.5,227.5,134.0,1,1,1.0
37,3,709.2,271.7,311.19999999999993,157.5,1,1,1.0
37,4,742.3,412.5,208.70000000000005,293.9,1,1,1.0
37,5,1021.1,409.3,272.4999999999999,158.8,1,1,1.0
37,6,1345.3,111.9,320.10000000000014,213.20000000000002,1,1,1.0
37,7,1287.6,414.8,229.0,255.8,1,1,1.0
37,8,1918.3,505.8,263.10000000000014,146.59999999999997,1,1,1.0
37,9,2028.5,207.4,168.9000000000001,329.0,1,1,1.0
38,1,361.4,618.3,232.80000000000007,172.60000000000002,1,1,1.0
38,2,298.4,843.5,227.5,134.0,1,1,1.0
38,3,707.7,273.2,310.4,157.5,1,1,1.0
38,4,740.8,412.5,206.4000000000001,293.9,1,1,1.0
38,5,1020.4,407.8,273.19999999999993,161.09999999999997,1,1,1.0
38,6,1346.1,96.1,319.3000000000002,229.00000000000003,1,1,1.0
38,7,1283.1,417.3,237.9000000000001,260.8,1,1,1.0
38,8,1928.1,505.8,230.5999999999999,148.90000000000003,1,1,1.0
38,9,2039.0,207.4,150.9000000000001,320.70000000000005,1,1,1.0
39,1,365.2,620.8,233.40000000000003,172.60000000000002,1,1,1.0
39,2,298.4,843.5,227.5,134.0,1,1,1.0
39,3,707.7,273.2,311.9,159.0,1,1,1.0
39,4,739.3,414.0,209.4000000000001,292.4,1,1,1.0
39,5,1020.4,405.5,274.0000000000001,155.89999999999998,1,1,1.0
39,6,1346.9,85.6,318.5,239.50000000000003,1,1,1.0
39,7,1279.3,461.9,239.79999999999995,217.20000000000005,1,1,1.0
39,8,1931.1,508.8,220.0999999999999,145.90000000000003,1,1,1.0
39,9,2039.8,208.2,147.10000000000014,320.7,1,1,1.0
40,1,363.9,621.4,237.80000000000007,169.5,1,1,1.0
40,2,298.4,841.6,224.30000000000007,136.5,1,1,1.0
40,3,707.7,277.0,311.0999999999999,158.2,1,1,1.0
40,4,739.3,414.0,204.9000000000001,293.20000000000005,1,1,1.0
40,5,1018.1,407.0,276.30000000000007,155.89999999999998,1,1,1.0
40,6,1346.9,84.8,316.1999999999998,241.09999999999997,1,1,1.0
40,7,1281.1,468.2,243.70000000000005,211.09999999999997,1,1,1.0
40,8,1937.9,515.9,214.0999999999999,143.30000000000007,1,1,1.0
40,9,2039.8,209.0,147.89999999999986,318.0,1,1,1.0
41,1,364.6,623.3,254.10000000000002,167.60000000000002,1,1,1.0
41,2,298.4,841.0,224.30000000000007,136.5,1,1,1.0
41,3,706.2,279.3,309.5999999999999,153.59999999999997,1,1,1.0
41,4,740.8,411.7,206.4000000000001,294.00000000000006,1,1,1.0
41,5,1013.5,407.8,279.4000000000001,163.40000000000003,1,1,1.0
41,6,1346.9,96.1,317.0,231.29999999999998,1,1,1.0
41,7,1276.6,465.7,248.20000000000005,213.90000000000003,1,1,1.0
41,8,1935.6,515.4,214.5,141.30000000000007,1,1,1.0
41,9,2041.3,203.8,143.39999999999986,324.40000000000003,1,1,1.0
42,1,288.6,622.67,337.0,163.23000000000002,1,1,1.0
42,2,298.4,841.0,224.30000000000007,136.5,1,1,1.0
42,3,706.2,279.3,326.20000000000005,154.39999999999998,1,1,1.0
42,4,740.8,411.7,199.60000000000002,291.7,1,1,1.0
42,5,1013.5,407.8,285.4000000000001,160.40000000000003,1,1,1.0
42,6,1346.9,89.3,316.1999999999998,236.59999999999997,1,1,1.0
42,7,1278.6,463.2,246.20000000000005,211.8,1,1,1.0
42,8,1923.0,516.7,286.4000000000001,145.0,1,1,1.0
42,9,2039.0,200.0,144.19999999999982,328.20000000000005,1,1,1.0
43,1,310.6,631.5,322.5,160.70000000000005,1,1,1.0
43,2,299.7,843.5,223.00000000000006,134.0,1,1,1.0
43,3,709.2,287.6,365.39999999999986,152.09999999999997,1,1,1.0
43,4,740.8,421.5,204.10000000000002,290.9,1,1,1.0
43,5,963.8,381.4,361.5,158.89999999999998,1,1,1.0
43,6,1346.9,89.3,316.1999999999998,236.59999999999997,1,1,1.0
43,7,1278.6,460.7,248.10000000000014,210.40000000000003,1,1,1.0
43,8,1921.7,512.7,331.39999999999986,175.29999999999995,1,1,1.0
43,9,2039.8,198.5,143.39999999999986,322.9,1,1,1.0
44,1,345.4,636.5,285.0,156.29999999999995,1,1,1.0
44,2,299.7,843.5,223.00000000000006,134.0,1,1,1.0
44,3,706.1,287.6,360.19999999999993,149.79999999999995,1,1,1.0
44,4,733.3,423.0,212.4000000000001,290.9,1,1,1.0
44,5,960.8,381.4,360.79999999999995,161.20000000000005,1,1,1.0
44,6,1346.1,92.3,317.0,234.39999999999998,1,1,1.0
44,7,1278.0,459.4,246.79999999999995,211.70000000000005,1,1,1.0
44,8,1921.7,499.8,355.89999999999986,154.90000000000003,1,1,1.0
44,9,2039.8,196.2,144.89999999999986,311.6,1,1,1.0
45,1,342.0,639.0,293.1,150.0,1,1,1.0
45,2,299.7,845.4,221.09999999999997,133.39999999999998,1,1,1.0
45,3,709.1,285.3,351.19999999999993,154.39999999999998,1,1,1.0
45,4,731.8,424.5,216.9000000000001,286.4,1,1,1.0
45,5,966.1,395.0,353.9999999999999,154.39999999999998,1,1,1.0
45,6,1344.6,90.8,318.5,235.89999999999998,1,1,1.0
45,7,1278.0,457.5,246.79999999999995,214.89999999999998,1,1,1.0
45,8,1921.1,503.6,316.9000000000001,149.19999999999993,1,1,1.0
45,9,2034.5,202.2,161.5,308.6,1,1,1.0
46,1,335.7,637.7,298.7,152.5999999999999,1,1,1.0
46,2,302.2,842.9,218.59999999999997,135.89999999999998,1,1,1.0
46,3,708.3,282.3,353.5,158.89999999999998,1,1,1.0
46,4,734.1,426.0,220.60000000000002,287.20000000000005,1,1,1.0
46,5,969.9,411.6,315.5000000000001,171.69999999999993,1,1,1.0
46,6,1343.1,87.8,319.20000000000005,238.09999999999997,1,1,1.0
46,7,1278.0,456.9,245.5,215.5,1,1,1.0
46,8,1924.9,503.0,350.0999999999999,150.5,1,1,1.0
46,9,2047.3,200.7,156.20000000000005,310.1,1,1,1.0
47,1,348.3,630.2,285.40000000000003,155.0999999999999,1,1,1.0
47,2,302.2,844.2,218.59999999999997,134.5999999999999,1,1,1.0
47,3,708.3,285.3,352.0,152.89999999999998,1,1,1.0
47,4,734.1,426.0,225.10000000000002,291.70000000000005,1,1,1.0
47,5,974.4,415.4,316.30000000000007,179.20000000000005,1,1,1.0
47,6,1343.1,87.8,321.5,238.09999999999997,1,1,1.0
47,7,1277.0,455.7,245.29999999999995,221.90000000000003,1,1,1.0
47,8,1924.3,501.2,332.5000000000002,154.3,1,1,1.0
47,9,1960.6,251.2,253.4000000000001,259.6,1,1,1.0
48,1,343.2,630.8,290.50000000000006,168.30000000000007,1,1,1.0
48,2,301.6,844.8,219.19999999999993,134.0,1,1,1.0
48,3,710.6,287.6,348.9,152.09999999999997,1,1,1.0
48,4,732.6,427.5,228.10000000000002,287.9,1,1,1.0
48,5,981.2,419.9,304.20000000000005,173.20000000000005,1,1,1.0
48,6,1342.3,90.8,319.29999999999995,235.09999999999997,1,1,1.0
48,7,1279.1,453.8,241.30000000000018,246.3,1,1,1.0
48,8,1926.2,516.3,272.79999999999995,144.10000000000002,1,1,1.0
48,9,1953.8,282.8,282.10000000000014,235.09999999999997,1,1,1.0
49,1,330.6,630.8,300.6,170.80000000000007,1,1,1.0
49,2,292.2,842.9,229.90000000000003,136.5,1,1,1.0
49,3,710.6,287.3,351.9,151.59999999999997,1,1,1.0
49,4,731.1,429.8,225.10000000000002,287.09999999999997,1,1,1.0
49,5,991.0,423.7,318.5,174.00000000000006,1,1,1.0
49,6,1342.3,89.3,317.79999999999995,236.59999999999997,1,1,1.0
49,7,1277.2,453.8,247.0,254.3,1,1,1.0
49,8,1926.2,514.3,346.29999999999995,142.30000000000007,1,1,1.0
49,9,1970.4,287.3,284.7999999999997,233.2,1,1,1.0
50,1,342.6,629.5,286.0,172.79999999999995,1,1,1.0
50,2,291.6,842.9,230.5,135.20000000000005,1,1,1.0
50,3,706.8,287.6,350.9000000000001,146.79999999999995,1,1,1.0
50,4,731.1,429.8,222.10000000000002,290.90000000000003,1,1,1.0
50,5,986.5,419.2,359.20000000000005,177.7,1,1,1.0
50,6,1342.3,97.6,320.79999999999995,229.1,1,1,1.0
50,7,1277.4,451.9,241.0999999999999,256.30000000000007,1,1,1.0
50,8,1922.4,504.9,365.1999999999998,149.80000000000007,1,1,1.0
50,9,1934.2,270.7,331.29999999999995,191.0,1,1,1.0
51,1,343.2,629.5,283.50000000000006,172.20000000000005,1,1,1.0
51,2,297.3,844.2,223.49999999999994,133.89999999999998,1,1,1.0
51,3,703.0,277.8,358.0,156.59999999999997,1,1,1.0
51,4,731.9,429.8,226.60000000000002,287.09999999999997,1,1,1.0
51,5,998.6,404.9,312.4,180.80000000000007,1,1,1.0
51,6,1341.5,97.6,321.5999999999999,229.9,1,1,1.0
51,7,1278.3,450.6,241.5,230.89999999999998,1,1,1.0
51,8,1924.3,485.4,337.60000000000014,169.30000000000007,1,1,1.0
51,9,1708.9,233.7,446.2999999999997,188.8,1,1,1.0
52,1,304.3,629.5,325.49999999999994,169.70000000000005,1,1,1.0
52,2,300.4,844.2,220.39999999999998,135.19999999999993,1,1,1.0
52,3,703.0,273.3,362.5,161.09999999999997,1,1,1.0
52,4,737.2,429.0,220.5,287.1,1,1,1.0
52,5,998.6,404.9,309.4,173.30000000000007,1,1,1.0
52,6,1340.7,91.6,320.89999999999986,235.1,1,1,1.0
52,7,1277.4,448.7,241.0999999999999,229.40000000000003,1,1,1.0
52,8,1923.7,475.4,336.89999999999986,180.10000000000002,1,1,1.0
52,9,1734.5,184.7,371.0,246.10000000000002,1,1,1.0
53,1,277.9,634.5,355.0,152.10000000000002,1,1,1.0
53,2,301.7,844.8,220.40000000000003,133.30000000000007,1,1,1.0
53,3,703.0,274.1,321.0,158.0,1,1,1.0
53,4,734.9,429.0,222.80000000000007,290.1,1,1,1.0
53,5,998.6,403.4,308.6,174.80000000000007,1,1,1.0
53,6,1342.2,116.5,323.20000000000005,210.2,1,1,1.0
53,7,1278.4,448.7,240.0999999999999,233.7,1,1,1.0
53,8,1922.4,492.4,338.7999999999997,163.60000000000002,1,1,1.0
53,9,1760.1,216.3,329.5999999999999,232.5,1,1,1.0
54,1,341.3,638.3,291.90000000000003,155.20000000000005,1,1,1.0
54,2,301.7,842.9,220.40000000000003,135.20000000000005,1,1,1.0
54,3,703.0,276.4,315.0,156.5,1,1,1.0
54,4,731.9,430.5,219.70000000000005,290.9,1,1,1.0
54,5,996.3,402.6,310.9000000000001,175.60000000000002,1,1,1.0
54,6,1331.7,111.2,333.70000000000005,214.0,1,1,1.0
54,7,1278.4,450.0,238.19999999999982,242.5,1,1,1.0
54,8,1923.7,484.9,345.70000000000005,173.0,1,1,1.0
54,9,1773.7,202.7,303.20000000000005,270.2,1,1,1.0
55,1,342.6,637.0,294.1,155.29999999999995,1,1,1.0
55,2,303.0,843.5,219.10000000000002,134.60000000000002,1,1,1.0
55,3,703.0,274.9,311.20000000000005,157.20000000000005,1,1,1.0
55,4,734.2,433.5,221.89999999999998,284.1,1,1,1.0
55,5,995.5,398.8,313.20000000000005,179.40000000000003,1,1,1.0
55,6,1340.7,108.2,323.89999999999986,219.3,1,1,1.0
55,7,1277.6,450.6,239.0,231.5,1,1,1.0
55,8,1926.2,484.3,333.20000000000005,182.99999999999994,1,1,1.0
55,9,1781.2,187.6,274.60000000000014,300.4,1,1,1.0
56,1,366.5,635.7,261.0,159.0999999999999,1,1,1.0
56,2,307.4,844.8,213.39999999999998,133.30000000000007,1,1,1.0
56,3,702.2,265.5,306.69999999999993,165.8,1,1,1.0
56,4,735.0,433.5,221.89999999999998,286.4,1,1,1.0
56,5,1001.5,401.8,304.9000000000001,173.40000000000003,1,1,1.0
56,6,1342.2,87.1,322.39999999999986,244.20000000000002,1,1,1.0
56,7,1277.4,450.6,243.0,223.79999999999995,1,1,1.0
56,8,1924.9,488.1,331.4000000000001,184.89999999999998,1,1,1.0
56,9,1766.9,188.4,295.6999999999998,285.29999999999995,1,1,1.0
57,1,367.8,638.84,250.7,159.76,1,1,1.0
57,2,309.9,844.8,210.89999999999998,133.30000000000007,1,1,1.0
57,3,703.0,274.8,324.70000000000005,152.7,1,1,1.0
57,4,734.2,433.5,224.19999999999993,286.4,1,1,1.0
57,5,1005.3,407.1,292.79999999999995,174.89999999999998,1,1,1.0
57,6,1344.5,87.1,317.0999999999999,241.9,1,1,1.0
57,7,1278.7,449.3,239.79999999999995,237.59999999999997,1,1,1.0
57,8,1924.3,490.0,337.0000000000002,166.70000000000005,1,1,1.0
57,9,1764.6,205.7,299.5,225.8,1,1,1.0
58,1,366.0,625.1,250.60000000000002,172.89999999999998,1,1,1.0
58,2,309.9,844.8,210.89999999999998,133.30000000000007,1,1,1.0
58,3,701.5,284.9,333.9000000000001,144.10000000000002,1,1,1.0
58,4,735.7,431.2,225.69999999999993,288.7,1,1,1.0
58,5,996.3,405.6,304.10000000000014,174.89999999999998,1,1,1.0
58,6,1343.0,84.8,320.9000000000001,245.0,1,1,1.0
58,7,1274.2,451.8,245.5999999999999,235.49999999999994,1,1,1.0
58,8,1923.0,487.5,315.0999999999999,189.89999999999998,1,1,1.0
58,9,1782.7,236.6,298.70000000000005,210.70000000000002,1,1,1.0
59,1,367.3,630.1,246.8,165.39999999999998,1,1,1.0
59,2,309.3,844.8,211.49999999999994,133.30000000000007,1,1,1.0
59,3,701.5,273.6,348.79999999999995,154.59999999999997,1,1,1.0
59,4,740.2,430.4,222.0,289.5,1,1,1.0
59,5,996.3,408.6,311.60000000000014,184.0,1,1,1.0
59,6,1340.7,74.3,323.20000000000005,257.0,1,1,1.0
59,7,1273.4,449.3,246.39999999999986,236.3,1,1,1.0
59,8,1923.6,486.9,347.2000000000003,186.10000000000002,1,1,1.0
59,9,1793.2,210.2,265.60000000000014,225.8,1,1,1.0
60,1,367.3,618.8,248.09999999999997,177.30000000000007,1,1,1.0
60,2,307.5,845.4,215.79999999999995,133.30000000000007,1,1,1.0
60,3,701.5,270.6,343.5,157.59999999999997,1,1,1.0
60,4,740.2,430.4,222.0,289.5,1,1,1.0
60,5,994.8,405.6,314.60000000000014,189.29999999999995,1,1,1.0
60,6,1340.7,67.5,324.0,263.0,1,1,1.0
60,7,1274.7,448.7,240.0999999999999,237.7,1,1,1.0
60,8,1926.1,483.8,341.5,195.49999999999994,1,1,1.0
60,9,1790.2,211.7,263.29999999999995,222.8,1,1,1.0
61,1,369.8,614.4,244.3,177.30000000000007,1,1,1.0
61,2,306.9,843.5,217.65999999999997,133.29999999999995,1,1,1.0
61,3,703.0,270.8,332.20000000000005,156.59999999999997,1,1,1.0
61,4,737.2,435.7,221.19999999999993,287.50000000000006,1,1,1.0
61,5,993.3,408.6,317.60000000000014,186.29999999999995,1,1,1.0
61,6,1339.9,71.3,324.79999999999995,259.2,1,1,1.0
61,7,1274.9,448.7,243.0,237.59999999999997,1,1,1.0
61,8,1926.1,483.8,345.3000000000002,184.8,1,1,1.0
61,9,1793.2,181.6,255.79999999999995,252.9,1,1,1.0
62,1,371.7,604.4,243.00000000000006,188.60000000000002,1,1,1.0
62,2,306.9,843.5,217.65999999999997,133.29999999999995,1,1,1.0
62,3,701.5,272.8,352.5,153.89999999999998,1,1,1.0
62,4,738.0,432.7,223.39999999999998,292.40000000000003,1,1,1.0
62,5,990.3,411.6,331.10000000000014,190.89999999999998,1,1,1.0
62,6,1339.9,71.3,324.79999999999995,258.4,1,1,1.0
62,7,1274.2,446.2,245.0,235.59999999999997,1,1,1.0
62,8,1926.1,483.8,350.3000000000002,184.2,1,1,1.0
62,9,1793.2,222.3,261.10000000000014,212.2,1,1,1.0
63,1,375.5,619.5,239.20000000000005,175.39999999999998,1,1,1.0
63,2,306.9,846.0,217.65999999999997,130.79999999999995,1,1,1.0
63,3,701.5,273.6,330.5999999999999,155.39999999999998,1,1,1.0
63,4,732.0,425.2,224.10000000000002,296.09999999999997,1,1,1.0
63,5,989.5,410.8,335.0,196.99999999999994,1,1,1.0
63,6,1339.9,71.3,324.79999999999995,259.2,1,1,1.0
63,7,1272.8,447.5,246.4000000000001,231.89999999999998,1,1,1.0
63,8,1926.7,482.5,344.70000000000005,189.89999999999998,1,1,1.0
63,9,1793.2,204.9,269.39999999999986,229.6,1,1,1.0
64,1,371.7,622.6,241.7,164.10000000000002,1,1,1.0
64,2,306.9,846.0,216.39999999999998,130.79999999999995,1,1,1.0
64,3,701.5,279.6,326.79999999999995,153.89999999999998,1,1,1.0
64,4,743.3,418.4,190.20000000000005,318.80000000000007,1,1,1.0
64,5,991.0,410.8,335.70000000000005,199.99999999999994,1,1,1.0
64,6,1341.4,85.6,324.79999999999995,245.70000000000002,1,1,1.0
64,7,1277.5,448.1,240.4000000000001,224.39999999999998,1,1,1.0
64,8,1926.7,483.8,347.79999999999995,187.3,1,1,1.0
64,9,1792.4,191.3,294.2999999999997,253.0,1,1,1.0
65,1,369.2,613.2,245.50000000000006,175.39999999999998,1,1,1.0
65,2,306.9,846.0,216.39999999999998,130.79999999999995,1,1,1.0
65,3,703.8,263.8,306.5,190.8,1,1,1.0
65,4,738.8,419.9,206.80000000000007,324.1,1,1,1.0
65,5,991.0,414.6,334.9000000000001,194.69999999999993,1,1,1.0
65,6,1336.1,107.5,331.60000000000014,225.3,1,1,1.0
65,7,1277.9,449.4,240.0,238.20000000000005,1,1,1.0
65,8,1925.4,485.1,353.5,187.89999999999998,1,1,1.0
65,9,1741.9,226.0,360.6999999999998,242.39999999999998,1,1,1.0
66,1,370.5,611.9,244.20000000000005,180.5,1,1,1.0
66,2,306.9,846.0,216.39999999999998,130.79999999999995,1,1,1.0
66,3,703.8,262.6,306.5,194.29999999999995,1,1,1.0
66,4,734.3,424.4,211.30000000000007,320.4,1,1,1.0
66,5,991.0,414.6,334.9000000000001,194.69999999999993,1,1,1.0
66,6,1296.2,106.0,371.5,225.3,1,1,1.0
66,7,1274.5,449.4,242.79999999999995,232.70000000000005,1,1,1.0
66,8,1927.9,483.8,349.0999999999999,185.40000000000003,1,1,1.0
66,9,1716.3,230.5,348.60000000000014,239.39999999999998,1,1,1.0
67,1,368.0,616.3,248.0,173.60000000000002,1,1,1.0
67,2,306.9,846.0,216.39999999999998,130.79999999999995,1,1,1.0
67,3,703.8,257.0,307.30000000000007,199.10000000000002,1,1,1.0
67,4,717.7,425.2,224.89999999999998,311.3,1,1,1.0
67,5,991.0,413.9,332.5999999999999,201.39999999999998,1,1,1.0
67,6,1297.7,108.3,373.79999999999995,223.0,1,1,1.0
67,7,1273.0,449.4,244.29999999999995,229.20000000000005,1,1,1.0
67,8,1929.2,483.2,343.9999999999998,189.09999999999997,1,1,1.0
67,9,1730.6,241.0,329.8000000000002,216.8,1,1,1.0
68,1,373.0,622.6,236.70000000000005,167.29999999999995,1,1,1.0
68,2,306.9,846.0,216.39999999999998,130.79999999999995,1,1,1.0
68,3,703.0,259.8,310.4,205.5,1,1,1.0
68,4,741.8,422.2,202.30000000000007,321.09999999999997,1,1,1.0
68,5,991.8,413.9,331.79999999999995,201.39999999999998,1,1,1.0
68,6,1298.5,105.3,374.5,226.8,1,1,1.0
68,7,1268.7,449.4,249.89999999999986,232.20000000000005,1,1,1.0
68,8,1928.6,481.9,349.5999999999999,186.0,1,1,1.0
68,9,1781.8,238.0,270.29999999999995,277.1,1,1,1.0
69,1,376.1,623.9,229.79999999999995,167.30000000000007,1,1,1.0
69,2,308.2,844.8,215.09999999999997,133.30000000000007,1,1,1.0
69,3,701.5,259.3,307.4,205.8,1,1,1.0
69,4,750.1,416.9,183.5,327.9,1,1,1.0
69,5,992.6,413.1,334.80000000000007,204.5,1,1,1.0
69,6,1295.5,105.3,379.0,226.0,1,1,1.0
69,7,1273.5,449.4,245.0999999999999,230.60000000000002,1,1,1.0
69,8,1927.9,481.9,343.4000000000001,200.39999999999998,1,1,1.0
69,9,1783.3,185.3,255.20000000000005,338.8,1,1,1.0
70,1,374.2,607.0,231.7,186.70000000000005,1,1,1.0
70,2,309.5,844.8,213.79999999999995,133.30000000000007,1,1,1.0
70,3,705.3,259.5,305.9000000000001,203.3,1,1,1.0
70,4,756.1,417.7,167.0,367.8,1,1,1.0
70,5,992.6,413.9,334.80000000000007,202.89999999999998,1,1,1.0
70,6,1310.6,106.0,363.9000000000001,223.0,1,1,1.0
70,7,1275.2,448.8,243.39999999999986,228.90000000000003,1,1,1.0
70,8,1927.3,483.2,347.10000000000014,192.8,1,1,1.0
70,9,1786.3,152.1,233.4000000000001,401.4,1,1,1.0
71,1,369.8,601.9,237.40000000000003,190.5,1,1,1.0
71,2,309.5,844.8,216.29999999999995,133.30000000000007,1,1,1.0
71,3,703.0,260.3,309.0,205.5,1,1,1.0
71,4,751.6,423.0,174.5,291.70000000000005,1,1,1.0
71,5,991.8,415.4,338.60000000000014,204.39999999999998,1,1,1.0
71,6,1301.6,105.7,369.9000000000001,223.3,1,1,1.0
71,7,1277.8,448.8,241.4000000000001,231.59999999999997,1,1,1.0
71,8,1928.6,483.8,348.9000000000001,204.8,1,1,1.0
71,9,1786.3,165.7,240.9000000000001,359.2,1,1,1.0
72,1,374.2,605.7,235.50000000000006,185.39999999999998,1,1,1.0
72,2,308.2,844.2,217.59999999999997,133.29999999999995,1,1,1.0
72,3,705.3,257.8,308.20000000000005,208.0,1,1,1.0
72,4,732.0,457.7,211.39999999999998,251.00000000000006,1,1,1.0
72,5,992.6,418.4,336.30000000000007,198.39999999999998,1,1,1.0
72,6,1286.5,109.0,394.79999999999995,222.3,1,1,1.0
72,7,1274.6,448.8,244.60000000000014,233.49999999999994,1,1,1.0
72,8,1933.0,492.0,371.0,164.60000000000002,1,1,1.0
72,9,1790.8,159.7,218.29999999999995,455.59999999999997,1,1,1.0
73,1,372.9,599.2,242.39999999999998,187.5,1,1,1.0
73,2,308.8,844.2,216.99999999999994,133.29999999999995,1,1,1.0
73,3,699.3,270.6,318.70000000000005,172.59999999999997,1,1,1.0
73,4,732.8,445.6,207.5,266.9,1,1,1.0
73,5,992.6,419.2,337.1,195.3,1,1,1.0
73,6,1331.7,109.0,344.29999999999995,222.3,1,1,1.0
73,7,1276.9,449.5,238.5,245.20000000000005,1,1,1.0
73,8,2001.4,497.1,282.5,158.29999999999995,1,1,1.0
73,9,1813.5,374.9,203.70000000000005,467.4,1,1,1.0
74,1,372.9,598.8,242.39999999999998,187.9000000000001,1,1,1.0
74,2,308.8,844.2,216.99999999999994,133.29999999999995,1,1,1.0
74,3,699.3,270.6,318.70000000000005,172.59999999999997,1,1,1.0
74,4,732.8,445.6,207.5,266.9,1,1,1.0
74,5,990.3,419.2,339.4000000000001,195.3,1,1,1.0
74,6,1331.7,109.0,344.29999999999995,222.3,1,1,1.0
74,7,1277.8,449.5,237.60000000000014,240.5,1,1,1.0
74,8,2001.4,497.1,282.5,158.29999999999995,1,1,1.0
74,9,1811.6,374.9,205.60000000000014,467.4,1,1,1.0
75,1,372.9,598.8,242.39999999999998,187.9000000000001,1,1,1.0
75,2,308.8,844.2,216.99999999999994,133.29999999999995,1,1,1.0
75,3,699.3,270.6,318.70000000000005,171.09999999999997,1,1,1.0
75,4,734.3,447.1,204.5,265.4,1,1,1.0
75,5,990.3,419.2,339.4000000000001,195.3,1,1,1.0
75,6,1331.7,109.0,344.29999999999995,220.8,1,1,1.0
75,7,1276.1,449.5,239.30000000000018,242.60000000000002,1,1,1.0
75,8,2001.4,497.1,280.0,158.29999999999995,1,1,1.0
75,9,1811.9,381.2,206.19999999999982,461.09999999999997,1,1,1.0
76,1,372.3,601.7,243.59999999999997,185.5999999999999,1,1,1.0
76,2,309.4,842.9,214.5,135.20000000000005,1,1,1.0
76,3,700.8,266.7,326.20000000000005,166.7,1,1,1.0
76,4,731.3,443.3,209.0,269.2,1,1,1.0
76,5,991.8,417.7,337.9000000000001,193.00000000000006,1,1,1.0
76,6,1324.9,109.0,350.29999999999995,220.8,1,1,1.0
76,7,1277.2,448.9,237.5999999999999,245.80000000000007,1,1,1.0
76,8,1990.1,478.9,264.9000000000001,170.20000000000005,1,1,1.0
76,9,1816.2,431.8,205.5,437.59999999999997,1,1,1.0
77,1,372.3,601.3,242.3,190.4000000000001,1,1,1.0
77,2,306.9,847.3,217.0,132.70000000000005,1,1,1.0
77,3,697.0,267.6,314.9,162.79999999999995,1,1,1.0
77,4,733.6,443.3,206.69999999999993,267.7,1,1,1.0
77,5,990.3,421.5,328.9000000000001,181.70000000000005,1,1,1.0
77,6,1323.4,109.8,348.79999999999995,219.3,1,1,1.0
77,7,1277.2,448.3,240.70000000000005,254.59999999999997,1,1,1.0
77,8,2025.3,466.4,207.70000000000005,192.10000000000002,1,1,1.0
77,9,1806.4,517.5,266.2999999999997,399.6,1,1,1.0
78,1,372.3,598.2,242.99999999999994,190.39999999999998,1,1,1.0
78,2,303.8,847.9,218.8,134.60000000000002,1,1,1.0
78,3,698.5,264.6,311.9,167.29999999999995,1,1,1.0
78,4,733.6,422.2,199.19999999999993,285.8,1,1,1.0
78,5,990.3,420.0,328.9000000000001,181.70000000000005,1,1,1.0
78,6,1312.9,109.0,361.5999999999999,220.10000000000002,1,1,1.0
78,7,1277.0,447.7,240.9000000000001,253.8,1,1,1.0
78,8,1980.7,433.1,237.89999999999986,256.79999999999995,1,1,1.0
78,9,1753.2,639.0,362.89999999999986,324.79999999999995,1,1,1.0
79,1,371.0,603.9,245.0,186.60000000000002,1,1,1.0
79,2,293.8,844.8,224.99999999999994,134.60000000000002,1,1,1.0
79,3,697.7,262.3,312.69999999999993,169.59999999999997,1,1,1.0
79,4,746.4,421.4,185.70000000000005,284.30000000000007,1,1,1.0
79,5,991.1,423.0,315.30000000000007,156.79999999999995,1,1,1.0
79,6,1318.2,109.0,356.29999999999995,220.10000000000002,1,1,1.0
79,7,1277.2,448.9,241.39999999999986,250.39999999999998,1,1,1.0
79,8,2016.6,423.1,172.5,265.1,1,1,1.0
79,9,1760.8,681.3,382.39999999999986,263.0,1,1,1.0
80,1,343.3,603.3,285.90000000000003,184.70000000000005,1,1,1.0
80,2,293.4,829.7,224.10000000000002,139.0,1,1,1.0
80,3,696.9,263.8,314.30000000000007,169.59999999999997,1,1,1.0
80,4,749.4,421.4,183.5,283.5,1,1,1.0
80,5,986.6,423.0,318.30000000000007,155.29999999999995,1,1,1.0
80,6,1317.4,109.0,354.79999999999995,220.89999999999998,1,1,1.0
80,7,1277.6,448.3,239.74,245.59999999999997,1,1,1.0
80,8,2023.4,376.6,187.19999999999982,323.4,1,1,1.0
80,9,1732.6,711.7,413.9000000000001,252.0999999999999,1,1,1.0
81,1,367.2,578.2,251.8,233.69999999999993,1,1,1.0
81,2,296.3,842.3,220.59999999999997,135.80000000000007,1,1,1.0
81,3,698.4,264.6,312.80000000000007,174.79999999999995,1,1,1.0
81,4,742.6,423.7,188.79999999999995,279.7,1,1,1.0
81,5,986.6,420.0,325.80000000000007,155.29999999999995,1,1,1.0
81,6,1315.1,107.5,360.10000000000014,221.60000000000002,1,1,1.0
81,7,1275.5,448.9,242.5,234.60000000000002,1,1,1.0
81,8,2005.2,355.9,203.29999999999995,365.5,1,1,1.0
81,9,1732.6,767.0,417.2000000000003,219.60000000000002,1,1,1.0
82,1,365.3,580.1,242.49999999999994,255.19999999999993,1,1,1.0
82,2,300.1,838.5,219.89999999999998,137.70000000000005,1,1,1.0
82,3,699.2,264.6,312.79999999999995,177.79999999999995,1,1,1.0
82,4,721.5,423.7,209.89999999999998,277.50000000000006,1,1,1.0
82,5,987.4,417.7,325.0000000000001,155.3,1,1,1.0
82,6,1315.9,108.3,359.29999999999995,220.8,1,1,1.0
82,7,1276.2,448.9,243.70000000000005,234.39999999999998,1,1,1.0
82,8,1996.6,363.5,187.30000000000018,345.29999999999995,1,1,1.0
82,9,1792.3,784.4,335.79999999999995,181.60000000000002,1,1,1.0
83,1,365.3,582.0,236.3,229.89999999999998,1,1,1.0
83,2,300.0,836.6,220.0,140.89999999999998,1,1,1.0
83,3,700.0,263.1,311.20000000000005,181.59999999999997,1,1,1.0
83,4,740.3,419.2,185.9000000000001,299.3,1,1,1.0
83,5,988.2,416.9,313.5999999999999,156.10000000000002,1,1,1.0
83,6,1315.9,108.3,357.79999999999995,220.8,1,1,1.0
83,7,1275.7,449.5,243.5999999999999,240.60000000000002,1,1,1.0
83,8,1995.6,358.5,178.70000000000027,346.5,1,1,1.0
83,9,1788.0,775.7,308.5999999999999,175.0999999999999,1,1,1.0
84,1,364.7,588.5,235.59999999999997,224.0,1,1,1.0
84,2,300.0,837.2,219.39999999999998,140.29999999999995,1,1,1.0
84,3,700.0,267.6,310.4,178.59999999999997,1,1,1.0
84,4,735.0,420.7,185.20000000000005,331.7,1,1,1.0
84,5,989.0,418.4,312.0999999999999,153.80000000000007,1,1,1.0
84,6,1328.0,106.8,344.9000000000001,225.3,1,1,1.0
84,7,1275.7,449.5,240.5,232.60000000000002,1,1,1.0
84,8,1993.3,330.9,182.60000000000014,371.6,1,1,1.0
84,9,1787.7,763.8,295.89999999999986,196.80000000000007,1,1,1.0
85,1,366.0,598.9,223.0,227.39999999999998,1,1,1.0
85,2,292.0,839.7,226.79999999999995,139.0999999999999,1,1,1.0
85,3,699.2,257.1,310.4,189.09999999999997,1,1,1.0
85,4,726.0,435.0,210.0,323.4,1,1,1.0
85,5,989.0,418.4,311.29999999999995,153.80000000000007,1,1,1.0
85,6,1337.0,106.8,338.20000000000005,220.8,1,1,1.0
85,7,1278.3,448.9,242.29999999999995,226.80000000000007,1,1,1.0
85,8,1993.3,283.8,176.29999999999995,381.7,1,1,1.0
85,9,1782.2,749.7,275.39999999999986,219.5999999999999,1,1,1.0
86,1,364.1,604.6,216.10000000000002,210.39999999999998,1,1,1.0
86,2,292.1,840.3,229.19999999999993,139.10000000000002,1,1,1.0
86,3,704.4,257.1,305.20000000000005,189.09999999999997,1,1,1.0
86,4,688.3,469.7,240.20000000000005,283.40000000000003,1,1,1.0
86,5,989.0,418.4,311.29999999999995,153.80000000000007,1,1,1.0
86,6,1337.0,106.8,335.20000000000005,220.8,1,1,1.0
86,7,1278.3,448.9,236.0,226.80000000000007,1,1,1.0
86,8,1991.4,298.2,183.19999999999982,373.59999999999997,1,1,1.0
86,9,1779.1,751.5,264.4000000000001,215.60000000000002,1,1,1.0
87,1,367.2,605.9,214.90000000000003,214.10000000000002,1,1,1.0
87,2,291.4,842.8,232.39999999999998,136.60000000000002,1,1,1.0
87,3,706.7,257.9,302.9,188.3,1,1,1.0
87,4,710.9,466.7,213.80000000000007,284.90000000000003,1,1,1.0
87,5,989.8,416.1,317.29999999999995,152.29999999999995,1,1,1.0
87,6,1337.0,106.8,332.20000000000005,221.5,1,1,1.0
87,7,1253.8,446.4,261.79999999999995,237.89999999999998,1,1,1.0
87,8,1965.8,311.0,232.89999999999986,312.6,1,1,1.0
87,9,1776.1,756.3,264.10000000000014,206.5,1,1,1.0
88,1,310.1,629.8,299.6,165.10000000000002,1,1,1.0
88,2,298.3,839.7,225.49999999999994,141.0,1,1,1.0
88,3,707.5,257.1,305.1,188.29999999999995,1,1,1.0
88,4,687.5,492.3,249.29999999999995,235.2,1,1,1.0
88,5,986.0,415.3,346.79999999999995,154.59999999999997,1,1,1.0
88,6,1337.0,106.8,336.0,220.7,1,1,1.0
88,7,1259.4,447.0,254.89999999999986,238.29999999999995,1,1,1.0
88,8,1962.8,322.3,272.79999999999995,263.59999999999997,1,1,1.0
88,9,1777.2,760.6,267.29999999999995,198.89999999999998,1,1,1.0
89,1,348.4,631.7,272.6,167.0,1,1,1.0
89,2,297.0,842.2,225.5,138.5,1,1,1.0
89,3,726.3,256.3,285.5,189.09999999999997,1,1,1.0
89,4,658.9,521.7,305.0,189.19999999999993,1,1,1.0
89,5,986.0,413.8,340.0,153.8,1,1,1.0
89,6,1337.0,106.8,335.20000000000005,220.7,1,1,1.0
89,7,1278.3,445.7,231.60000000000014,246.50000000000006,1,1,1.0
89,8,1895.0,311.8,323.3000000000002,217.59999999999997,1,1,1.0
89,9,1777.2,760.6,267.29999999999995,197.79999999999995,1,1,1.0
90,1,366.0,575.2,245.5,235.39999999999998,1,1,1.0
90,2,298.3,842.8,224.2,137.9000000000001,1,1,1.0
90,3,721.8,254.8,288.5,191.39999999999998,1,1,1.0
90,4,638.6,511.9,263.5,227.60000000000002,1,1,1.0
90,5,986.0,415.3,340.0,150.8,1,1,1.0
90,6,1336.2,106.0,333.70000000000005,222.3,1,1,1.0
90,7,1276.2,447.6,238.70000000000005,230.39999999999998,1,1,1.0
90,8,1817.4,358.5,310.5,188.20000000000005,1,1,1.0
90,9,1775.0,761.7,268.4000000000001,196.69999999999993,1,1,1.0
91,1,356.5,567.6,251.20000000000005,246.10000000000002,1,1,1.0
91,2,298.9,842.8,223.0,136.60000000000002,1,1,1.0
91,3,723.3,254.0,285.5,196.7,1,1,1.0
91,4,654.4,441.8,257.5,279.59999999999997,1,1,1.0
91,5,986.8,413.8,367.10000000000014,153.8,1,1,1.0
91,6,1337.0,106.0,332.9000000000001,222.3,1,1,1.0
91,7,1270.1,449.5,249.20000000000005,233.70000000000005,1,1,1.0
91,8,1775.2,380.4,322.60000000000014,196.60000000000002,1,1,1.0
91,9,1771.7,762.8,273.89999999999986,194.5,1,1,1.0
92,1,354.0,567.6,251.79999999999995,247.39999999999998,1,1,1.0
92,2,300.2,842.2,222.3,138.5,1,1,1.0
92,3,722.5,257.8,289.29999999999995,189.89999999999998,1,1,1.0
92,4,646.1,475.7,263.5,248.00000000000006,1,1,1.0
92,5,987.6,413.8,365.4999999999999,154.59999999999997,1,1,1.0
92,6,1337.0,106.0,334.4000000000001,220.8,1,1,1.0
92,7,1272.1,450.8,248.5,226.8,1,1,1.0
92,8,1736.0,427.9,376.0999999999999,170.20000000000005,1,1,1.0
92,9,1771.7,762.8,276.0999999999999,194.5,1,1,1.0
93,1,360.3,576.4,241.7,236.10000000000002,1,1,1.0
93,2,304.0,841.6,219.10000000000002,137.79999999999995,1,1,1.0
93,3,712.7,271.3,298.29999999999995,184.7,1,1,1.0
93,4,645.4,514.9,268.70000000000005,196.0,1,1,1.0
93,5,989.1,413.8,366.9999999999999,153.8,1,1,1.0
93,6,1336.2,106.0,334.39999999999986,220.8,1,1,1.0
93,7,1272.5,450.2,244.29999999999995,227.09999999999997,1,1,1.0
93,8,1776.7,420.3,322.60000000000014,165.7,1,1,1.0
93,9,1769.5,760.6,278.29999999999995,195.79999999999995,1,1,1.0
94,1,368.5,578.3,232.20000000000005,232.30000000000007,1,1,1.0
94,2,308.4,842.9,214.70000000000005,137.10000000000002,1,1,1.0
94,3,704.4,275.1,356.30000000000007,162.09999999999997,1,1,1.0
94,4,640.1,495.3,278.5,215.59999999999997,1,1,1.0
94,5,989.1,413.8,368.4999999999999,152.3,1,1,1.0
94,6,1337.0,106.0,335.9000000000001,220.8,1,1,1.0
94,7,1260.9,451.5,255.89999999999986,225.0,1,1,1.0
94,8,1809.3,427.1,278.70000000000005,191.29999999999995,1,1,1.0
94,9,1769.5,762.8,277.20000000000005,194.5,1,1,1.0
95,1,371.0,581.5,224.10000000000002,230.89999999999998,1,1,1.0
95,2,311.5,842.9,210.29999999999995,137.10000000000002,1,1,1.0
95,3,704.4,271.3,357.9,163.59999999999997,1,1,1.0
95,4,623.5,482.5,299.6,223.10000000000002,1,1,1.0
95,5,989.1,413.8,368.4999999999999,151.49999999999994,1,1,1.0
95,6,1337.0,106.0,334.4000000000001,220.8,1,1,1.0
95,7,1258.6,450.2,262.60000000000014,226.2,1,1,1.0
95,8,1809.1,446.7,257.0999999999999,194.3,1,1,1.0
95,9,1771.7,763.9,278.29999999999995,193.39999999999998,1,1,1.0
96,1,372.3,578.3,225.3,231.60000000000002,1,1,1.0
96,2,311.5,844.8,209.70000000000005,135.20000000000005,1,1,1.0
96,3,706.6,260.0,320.9999999999999,174.89999999999998,1,1,1.0
96,4,619.0,484.0,306.4,218.60000000000002,1,1,1.0
96,5,991.4,412.3,323.19999999999993,153.8,1,1,1.0
96,6,1337.0,105.6,334.0,220.79999999999998,1,1,1.0
96,7,1265.5,449.1,252.9000000000001,236.27999999999997,1,1,1.0
96,8,1809.1,454.2,245.80000000000018,164.90000000000003,1,1,1.0
96,9,1771.7,762.8,276.0999999999999,194.5,1,1,1.0
97,1,372.3,582.1,229.09999999999997,225.89999999999998,1,1,1.0
97,2,313.4,846.1,207.80000000000007,135.19999999999993,1,1,1.0
97,3,708.9,252.5,316.4,180.10000000000002,1,1,1.0
97,4,615.2,478.7,306.4,228.40000000000003,1,1,1.0
97,5,1005.0,403.3,340.5,152.99999999999994,1,1,1.0
97,6,1337.0,105.2,333.5999999999999,220.8,1,1,1.0
97,7,1271.9,450.8,250.0,232.90000000000003,1,1,1.0
97,8,1809.1,441.4,245.0,178.60000000000002,1,1,1.0
97,9,1770.6,762.8,277.20000000000005,194.5,1,1,1.0
98,1,370.4,580.2,233.5,224.0,1,1,1.0
98,2,313.4,842.4,209.10000000000002,139.5,1,1,1.0
98,3,708.1,253.3,321.69999999999993,179.3,1,1,1.0
98,4,614.4,484.7,306.4,220.90000000000003,1,1,1.0
98,5,1101.5,383.0,351.0,162.79999999999995,1,1,1.0
98,6,1337.0,105.2,335.0999999999999,220.8,1,1,1.0
98,7,1271.3,448.9,249.29999999999995,226.70000000000005,1,1,1.0
98,8,1809.1,440.6,244.20000000000027,178.5,1,1,1.0
98,9,1765.2,762.8,282.5999999999999,194.5,1,1,1.0
99,1,365.4,581.5,237.20000000000005,225.20000000000005,1,1,1.0
99,2,312.8,842.4,208.40000000000003,140.10000000000002,1,1,1.0
99,3,705.8,248.0,323.20000000000005,185.39999999999998,1,1,1.0
99,4,618.9,465.1,300.4,237.5,1,1,1.0
99,5,1123.4,380.7,354.0,170.40000000000003,1,1,1.0
99,6,1337.0,105.2,330.5999999999999,220.8,1,1,1.0
99,7,1270.0,447.6,253.0999999999999,227.89999999999998,1,1,1.0
99,8,1809.1,443.6,245.0,175.5,1,1,1.0
99,9,1780.4,762.8,267.39999999999986,194.5,1,1,1.0
100,1,365.4,584.1,234.10000000000002,219.5,1,1,1.0
100,2,314.1,846.8,207.10000000000002,137.0,1,1,1.0
100,3,707.3,246.5,321.70000000000005,186.89999999999998,1,1,1.0
100,4,618.9,475.6,301.20000000000005,224.69999999999993,1,1,1.0
100,5,1127.9,368.7,331.39999999999986,187.00000000000006,1,1,1.0
100,6,1337.0,106.0,330.5999999999999,220.0,1,1,1.0
100,7,1268.7,448.9,255.0,229.20000000000005,1,1,1.0
100,8,1809.1,440.6,243.5,180.0,1,1,1.0
100,9,1779.3,766.1,266.29999999999995,191.19999999999993,1,1,1.0
101,1,365.4,579.0,236.0,222.10000000000002,1,1,1.0
101,2,314.1,846.8,207.10000000000002,137.0,1,1,1.0
101,3,704.3,239.1,328.5,192.79999999999998,1,1,1.0
101,4,620.4,479.4,293.70000000000005,226.20000000000005,1,1,1.0
101,5,1127.9,365.7,304.29999999999995,190.00000000000006,1,1,1.0
101,6,1336.2,106.8,334.39999999999986,219.2,1,1,1.0
101,7,1275.8,449.5,245.4000000000001,223.0,1,1,1.0
101,8,1809.1,440.6,248.0,180.0,1,1,1.0
101,9,1779.3,765.0,265.20000000000005,192.29999999999995,1,1,1.0
102,1,366.7,582.1,235.3,217.10000000000002,1,1,1.0
102,2,313.5,846.8,207.70000000000005,137.0,1,1,1.0
102,3,702.0,242.7,331.5999999999999,190.0,1,1,1.0
102,4,646.2,497.5,249.0999999999999,226.20000000000005,1,1,1.0
102,5,1133.2,367.2,286.89999999999986,195.3,1,1,1.0
102,6,1332.4,106.8,339.0,219.2,1,1,1.0
102,7,1272.6,449.5,241.10000000000014,222.0,1,1,1.0
102,8,1809.1,440.6,248.0,180.0,1,1,1.0
102,9,1785.8,765.0,258.70000000000005,192.29999999999995,1,1,1.0
103,1,366.1,582.1,234.60000000000002,217.69999999999993,1,1,1.0
103,2,313.5,846.8,207.70000000000005,136.4000000000001,1,1,1.0
103,3,703.5,244.2,328.5999999999999,188.5,1,1,1.0
103,4,644.0,462.9,235.5,267.6,1,1,1.0
103,5,1127.2,365.9,320.0,194.30000000000007,1,1,1.0
103,6,1329.4,106.8,341.1999999999998,218.39999999999998,1,1,1.0
103,7,1273.5,448.9,240.79999999999995,248.39999999999998,1,1,1.0
103,8,1809.1,440.6,248.0,180.0,1,1,1.0
103,9,1782.5,765.0,262.0,192.29999999999995,1,1,1.0
104,1,366.7,581.3,234.59999999999997,217.9000000000001,1,1,1.0
104,2,313.5,846.8,207.70000000000005,136.4000000000001,1,1,1.0
104,3,706.5,244.2,320.9000000000001,189.3,1,1,1.0
104,4,640.0,472.7,207.79999999999995,279.7,1,1,1.0
104,5,1134.7,352.1,281.5999999999999,223.89999999999998,1,1,1.0
104,6,1329.4,106.0,342.0,220.0,1,1,1.0
104,7,1276.5,448.3,238.4000000000001,252.7,1,1,1.0
104,8,1809.1,439.8,248.0,180.8,1,1,1.0
104,9,1761.9,765.0,279.29999999999995,192.29999999999995,1,1,1.0
105,1,366.7,587.7,234.59999999999997,208.39999999999998,1,1,1.0
105,2,313.5,846.8,207.70000000000005,136.4000000000001,1,1,1.0
105,3,702.7,241.9,327.20000000000005,187.1,1,1,1.0
105,4,637.0,466.7,210.79999999999995,290.2,1,1,1.0
105,5,1098.5,312.9,284.4000000000001,224.70000000000005,1,1,1.0
105,6,1291.0,108.3,379.0,220.0,1,1,1.0
105,7,1276.1,447.0,241.30000000000018,249.70000000000005,1,1,1.0
105,8,1764.6,440.6,296.3000000000002,180.0,1,1,1.0
105,9,1761.9,765.0,279.29999999999995,192.29999999999995,1,1,1.0
106,1,365.4,585.8,236.5,213.5,1,1,1.0
106,2,315.4,848.7,208.30000000000007,135.0999999999999,1,1,1.0
106,3,701.2,241.9,326.39999999999986,186.29999999999998,1,1,1.0
106,4,637.8,471.2,210.0,275.90000000000003,1,1,1.0
106,5,1118.1,286.3,222.9000000000001,275.40000000000003,1,1,1.0
106,6,1287.2,108.3,386.5,217.7,1,1,1.0
106,7,1273.9,448.9,244.79999999999995,257.70000000000005,1,1,1.0
106,8,1754.8,439.8,306.10000000000014,180.8,1,1,1.0
106,9,1768.4,766.1,272.79999999999995,191.19999999999993,1,1,1.0
107,1,365.4,589.5,236.5,208.0,1,1,1.0
107,2,314.8,843.7,207.59999999999997,140.69999999999993,1,1,1.0
107,3,699.7,242.7,324.19999999999993,184.8,1,1,1.0
107,4,636.3,484.8,209.20000000000005,265.3,1,1,1.0
107,5,1038.2,322.6,323.20000000000005,175.09999999999997,1,1,1.0
107,6,1299.3,108.3,374.4000000000001,219.2,1,1,1.0
107,7,1280.0,450.2,236.79999999999995,246.90000000000003,1,1,1.0
107,8,1779.7,439.8,276.70000000000005,180.8,1,1,1.0
107,9,1769.5,765.0,273.9000000000001,192.29999999999995,1,1,1.0
108,1,369.8,587.7,233.40000000000003,211.69999999999993,1,1,1.0
108,2,314.2,843.7,208.2,142.0,1,1,1.0
108,3,699.7,243.5,328.0,183.89999999999998,1,1,1.0
108,4,634.0,481.0,215.29999999999995,263.1,1,1,1.0
108,5,983.9,295.5,295.4,213.5,1,1,1.0
108,6,1294.1,108.3,375.8000000000002,220.0,1,1,1.0
108,7,1279.3,448.3,236.9000000000001,247.8,1,1,1.0
108,8,1778.9,439.8,277.5,180.8,1,1,1.0
108,9,1769.5,762.0,271.70000000000005,195.29999999999995,1,1,1.0
109,1,367.9,584.5,237.20000000000005,208.0,1,1,1.0
109,2,314.2,844.3,209.50000000000006,141.4000000000001,1,1,1.0
109,3,699.7,262.4,309.0999999999999,162.0,1,1,1.0
109,4,634.0,463.7,219.0,286.40000000000003,1,1,1.0
109,5,1012.8,270.6,251.4000000000001,273.79999999999995,1,1,1.0
109,6,1302.4,107.5,367.5,220.8,1,1,1.0
109,7,1278.4,452.1,238.39999999999986,228.0,1,1,1.0
109,8,1801.5,439.8,254.0999999999999,180.8,1,1,1.0
109,9,1778.2,761.9,263.0,196.5,1,1,1.0
110,1,367.9,592.7,237.20000000000005,201.0999999999999,1,1,1.0
110,2,314.2,844.3,209.50000000000006,141.4000000000001,1,1,1.0
110,3,692.2,274.5,310.5999999999999,153.7,1,1,1.0
110,4,637.1,487.1,226.39999999999998,257.0,1,1,1.0
110,5,1046.4,243.5,222.29999999999995,319.79999999999995,1,1,1.0
110,6,1303.9,108.3,367.5,220.0,1,1,1.0
110,7,1278.7,454.0,236.20000000000005,231.20000000000005,1,1,1.0
110,8,1801.5,439.8,254.0999999999999,180.8,1,1,1.0
110,9,1778.2,761.3,263.0,196.20000000000005,1,1,1.0
111,1,367.9,590.8,238.5,201.70000000000005,1,1,1.0
111,2,308.5,847.4,214.60000000000002,137.70000000000005,1,1,1.0
111,3,695.2,273.0,309.0999999999999,156.0,1,1,1.0
111,4,611.5,509.7,260.29999999999995,222.3,1,1,1.0
111,5,1056.2,261.6,220.79999999999995,301.1,1,1,1.0
111,6,1303.9,108.3,366.6999999999998,220.0,1,1,1.0
111,7,1280.0,453.4,234.9000000000001,237.60000000000002,1,1,1.0
111,8,1809.2,439.8,246.39999999999986,180.8,1,1,1.0
111,9,1779.3,766.1,261.9000000000001,191.19999999999993,1,1,1.0
112,1,369.7,593.3,234.2,201.10000000000002,1,1,1.0
112,2,302.8,845.5,221.59999999999997,140.20000000000005,1,1,1.0
112,3,694.4,273.0,307.6,155.2,1,1,1.0
112,4,634.9,508.2,242.89999999999998,220.00000000000006,1,1,1.0
112,5,1020.8,293.25,178.60000000000014,329.45000000000005,1,1,1.0
112,6,1308.4,107.5,362.1999999999998,220.8,1,1,1.0
112,7,1279.1,455.3,237.70000000000005,241.3,1,1,1.0
112,8,1807.6,439.8,248.0,180.8,1,1,1.0
112,9,1781.1,766.1,259.0,191.19999999999993,1,1,1.0
113,1,369.2,588.3,233.40000000000003,206.70000000000005,1,1,1.0
113,2,302.8,846.1,220.3,137.69999999999993,1,1,1.0
113,3,688.4,272.2,362.6,158.3,1,1,1.0
113,4,655.3,510.5,220.20000000000005,217.70000000000005,1,1,1.0
113,5,1016.7,305.3,191.70000000000005,323.3,1,1,1.0
113,6,1316.7,107.5,353.89999999999986,220.0,1,1,1.0
113,7,1280.0,453.4,238.0999999999999,232.89999999999998,1,1,1.0
113,8,1806.8,439.8,248.79999999999995,180.8,1,1,1.0
113,9,1781.1,766.1,257.9000000000001,191.19999999999993,1,1,1.0
114,1,368.5,589.6,234.10000000000002,205.39999999999998,1,1,1.0
114,2,315.4,847.4,205.20000000000005,137.0,1,1,1.0
114,3,686.9,271.4,355.1,157.60000000000002,1,1,1.0
114,4,656.1,506.7,216.39999999999998,218.50000000000006,1,1,1.0
114,5,1028.6,319.42,188.75,303.97999999999996,1,1,1.0
114,6,1293.3,110.5,380.29999999999995,217.8,1,1,1.0
114,7,1277.6,452.8,239.9000000000001,236.2,1,1,1.0
114,8,1806.8,439.8,248.79999999999995,180.8,1,1,1.0
114,9,1742.4,762.8,303.0999999999999,195.60000000000002,1,1,1.0
115,1,369.1,597.7,238.5,197.89999999999998,1,1,1.0
115,2,315.4,848.7,205.20000000000005,135.0999999999999,1,1,1.0
115,3,686.9,271.4,347.6,156.10000000000002,1,1,1.0
115,4,667.4,513.5,205.89999999999998,212.5,1,1,1.0
115,5,1052.5,332.78,183.18000000000006,291.9200000000001,1,1,1.0
115,6,1306.1,110.5,371.3000000000002,217.8,1,1,1.0
115,7,1278.5,452.2,239.5999999999999,240.3,1,1,1.0
115,8,1806.1,439.8,250.30000000000018,180.8,1,1,1.0
115,9,1734.8,759.5,314.0000000000002,203.20000000000005,1,1,1.0
116,1,365.3,598.3,243.59999999999997,200.4000000000001,1,1,1.0
116,2,315.4,848.7,205.20000000000005,135.0999999999999,1,1,1.0
116,3,698.2,269.1,336.29999999999995,156.89999999999998,1,1,1.0
116,4,650.1,515.0,224.69999999999993,206.5,1,1,1.0
116,5,1054.8,340.0,204.79999999999995,282.6,1,1,1.0
116,6,1314.4,109.7,362.1999999999998,220.10000000000002,1,1,1.0
116,7,1278.8,449.1,241.20000000000005,240.0,1,1,1.0
116,8,1806.1,439.8,250.30000000000018,180.8,1,1,1.0
116,9,1732.6,758.4,316.2000000000003,204.30000000000007,1,1,1.0
117,1,370.3,597.0,234.2,204.20000000000005,1,1,1.0
117,2,311.6,849.3,210.89999999999998,133.20000000000005,1,1,1.0
117,3,701.2,262.3,340.79999999999995,163.7,1,1,1.0
117,4,645.5,511.2,227.0,205.00000000000006,1,1,1.0
117,5,1054.8,344.5,206.29999999999995,283.4,1,1,1.0
117,6,1326.5,110.5,347.0999999999999,220.8,1,1,1.0
117,7,1276.8,448.5,243.20000000000005,243.20000000000005,1,1,1.0
117,8,1806.1,433.8,250.30000000000018,186.8,1,1,1.0
117,9,1732.6,756.2,318.4000000000001,207.5999999999999,1,1,1.0
118,1,369.7,588.2,236.09999999999997,209.89999999999998,1,1,1.0
118,2,288.4,845.5,235.39999999999998,137.60000000000002,1,1,1.0
118,3,699.7,261.5,341.5999999999999,164.5,1,1,1.0
118,4,665.1,511.2,207.39999999999998,202.00000000000006,1,1,1.0
118,5,1054.8,344.5,206.29999999999995,283.4,1,1,1.0
118,6,1324.2,95.5,347.89999999999986,235.8,1,1,1.0
118,7,1277.5,448.5,244.4000000000001,244.5,1,1,1.0
118,8,1772.9,440.6,283.5,180.0,1,1,1.0
118,9,1714.2,756.2,344.39999999999986,208.69999999999993,1,1,1.0
119,1,367.8,588.8,234.2,208.70000000000005,1,1,1.0
119,2,294.7,844.9,228.50000000000006,136.89999999999998,1,1,1.0
119,3,695.9,258.5,340.6,167.5,1,1,1.0
119,4,654.6,511.2,217.89999999999998,202.00000000000006,1,1,1.0
119,5,1054.8,342.2,204.0,290.8,1,1,1.0
119,6,1304.6,112.1,368.3000000000002,218.4,1,1,1.0
119,7,1278.3,447.2,241.70000000000005,242.50000000000006,1,1,1.0
119,8,1810.6,440.6,244.30000000000018,180.0,1,1,1.0
119,9,1718.5,766.0,335.8000000000002,196.70000000000005,1,1,1.0
120,1,367.2,588.2,236.7,210.5999999999999,1,1,1.0
120,2,265.2,846.8,262.40000000000003,136.9000000000001,1,1,1.0
120,3,695.9,258.5,342.4,168.39999999999998,1,1,1.0
120,4,649.3,507.4,218.70000000000005,202.80000000000007,1,1,1.0
120,5,1056.3,343.7,204.0,282.59999999999997,1,1,1.0
120,6,1303.1,109.1,367.5,221.4,1,1,1.0
120,7,1277.3,445.9,240.79999999999995,237.80000000000007,1,1,1.0
120,8,1810.6,440.6,245.0999999999999,192.10000000000002,1,1,1.0
120,9,1718.5,764.9,333.5999999999999,196.70000000000005,1,1,1.0
