1,1,732.1,385.4,155.89999999999998,223.60000000000002,1,1,1.0
1,2,892.7,437.1,227.89999999999986,286.5,1,1,1.0
1,3,326.5,568.9,256.79999999999995,110.20000000000005,1,1,1.0
1,4,332.3,624.7,100.80000000000001,97.0,1,1,0.0
1,5,359.6,708.1,207.5,252.10000000000002,1,1,1.0
1,6,285.7,669.7,156.10000000000002,271.79999999999995,1,1,1.0
1,7,1439.2,710.8,230.5,259.5,1,1,1.0
1,8,1232.3,574.9,304.9000000000001,172.39999999999998,1,1,1.0
1,9,529.7,399.0,143.19999999999993,255.5,1,1,1.0
2,1,733.5,386.8,155.20000000000005,222.2,1,1,1.0
2,2,908.0,436.4,205.0,291.4,1,1,1.0
2,3,328.8,568.9,249.90000000000003,109.0,1,1,1.0
2,4,334.5,641.3,98.60000000000002,79.10000000000002,1,1,0.0
2,5,363.4,705.0,203.70000000000005,254.39999999999998,1,1,1.0
2,6,283.2,669.1,157.3,272.4,1,1,1.0
2,7,1417.9,735.9,261.79999999999995,240.0,1,1,1.0
2,8,1221.0,545.4,294.9000000000001,178.70000000000005,1,1,1.0
2,9,529.7,399.6,141.89999999999998,252.29999999999995,1,1,1.0
3,1,734.2,386.8,154.5,224.99999999999994,1,1,1.0
3,2,908.0,437.8,189.0,298.3,1,1,1.0
3,3,320.7,570.6,240.59999999999997,95.69999999999993,1,1,1.0
3,4,334.5,643.0,98.60000000000002,77.39999999999998,1,1,0.0
3,5,363.4,705.0,203.70000000000005,252.10000000000002,1,1,1.0
3,6,283.2,669.1,157.3,272.4,1,1,1.0
3,7,1416.6,740.9,260.0,235.0,1,1,1.0
3,8,1315.4,578.1,308.5,155.39999999999998,1,1,1.0
3,9,529.7,402.7,146.29999999999995,248.59999999999997,1,1,1.0
4,1,714.8,387.5,173.9000000000001,229.89999999999998,1,1,1.0
4,2,895.5,456.5,212.5999999999999,253.20000000000005,1,1,1.0
4,3,321.3,571.8,220.3,108.40000000000009,1,1,1.0
4,4,337.6,653.5,95.5,67.29999999999995,1,1,0.0
4,5,360.9,720.1,206.20000000000005,235.10000000000002,1,1,1.0
4,6,288.9,667.8,147.8,272.4000000000001,1,1,1.0
4,7,1419.1,730.9,247.5,273.30000000000007,1,1,1.0
4,8,1305.1,575.6,311.3000000000002,167.89999999999998,1,1,1.0
4,9,499.6,353.1,171.39999999999998,265.6,1,1,1.0
5,1,671.8,378.5,214.10000000000002,235.39999999999998,1,1,1.0
5,2,896.9,461.4,209.10000000000002,242.0,1,1,1.0
5,3,323.0,573.5,213.39999999999998,108.39999999999998,1,1,1.0
5,4,337.6,653.5,95.5,67.29999999999995,1,1,0.0
5,5,370.9,705.0,196.20000000000005,250.20000000000005,1,1,1.0
5,6,292.0,665.9,144.10000000000002,260.5,1,1,1.0
5,7,1444.8,704.5,210.5,296.6,1,1,1.0
5,8,1318.9,573.7,288.6999999999998,175.5,1,1,1.0
5,9,492.1,342.4,172.60000000000002,255.60000000000002,1,1,1.0
6,1,714.9,369.4,167.5,257.70000000000005,1,1,1.0
6,2,887.9,460.0,219.5000000000001,270.5,1,1,1.0
6,3,318.4,573.5,221.5,114.20000000000005,1,1,1.0
6,4,337.6,656.1,95.5,64.69999999999993,1,1,0.0
6,5,378.4,682.4,188.70000000000005,272.80000000000007,1,1,1.0
6,6,292.0,663.4,144.7,277.4,1,1,1.0
6,7,1460.5,697.0,179.70000000000005,304.70000000000005,1,1,1.0
6,8,1344.0,571.8,259.79999999999995,181.20000000000005,1,1,1.0
6,9,530.4,404.9,138.70000000000005,250.89999999999998,1,1,1.0
7,10,1668.8,542.2,30.700000000000045,70.19999999999993,1,1,0.0
7,1,637.1,345.1,185.60000000000002,210.5,1,1,1.0
7,2,864.3,471.8,229.9000000000001,312.90000000000003,1,1,1.0
7,3,319.6,572.9,217.39999999999998,118.30000000000007,1,1,1.0
7,4,339.3,656.1,93.80000000000001,57.69999999999993,1,1,0.0
7,5,362.1,699.4,205.0,253.89999999999998,1,1,1.0
7,6,285.7,665.3,162.3,259.20000000000005,1,1,1.0
7,7,1517.0,700.8,125.09999999999991,300.9000000000001,1,1,1.0
7,8,1334.0,577.5,276.70000000000005,162.89999999999998,1,1,1.0
7,9,529.8,415.8,138.70000000000005,232.49999999999994,1,1,1.0
8,10,1665.47,545.15,34.02999999999997,70.45000000000005,1,1,0.0
8,1,716.3,425.65,145.30000000000007,225.75,1,1,1.0
8,2,899.0,464.9,185.5,317.70000000000005,1,1,1.0
8,3,305.7,572.9,233.59999999999997,121.80000000000007,1,1,1.0
8,4,339.3,656.1,93.80000000000001,64.69999999999993,1,1,0.0
8,5,376.5,689.4,190.60000000000002,257.0,1,1,1.0
8,6,281.3,666.6,164.8,266.1,1,1,1.0
8,7,1521.4,700.2,127.0,304.0,1,1,1.0
8,8,1318.9,580.0,298.0999999999999,142.79999999999995,1,1,1.0
8,9,529.8,435.9,138.70000000000005,198.0,1,1,1.0
9,10,1662.15,548.1,37.34999999999991,70.69999999999993,1,1,0.0
9,1,719.1,423.6,141.10000000000002,221.60000000000002,1,1,1.0
9,2,853.2,510.7,209.0999999999999,297.59999999999997,1,1,1.0
9,3,321.3,573.5,219.2,122.89999999999998,1,1,1.0
9,4,334.9,645.6,96.5,76.10000000000002,1,1,0.0
9,5,392.8,676.2,174.3,279.0,1,1,1.0
9,6,281.3,668.5,164.2,255.39999999999998,1,1,1.0
9,7,1522.7,693.9,113.79999999999995,322.9,1,1,1.0
9,8,1301.7,580.0,314.0,145.89999999999998,1,1,1.0
9,9,529.8,435.3,134.30000000000007,204.3,1,1,1.0
10,10,1658.82,551.05,40.680000000000064,70.95000000000005,1,1,0.0
10,1,720.5,423.6,138.29999999999995,223.69999999999993,1,1,1.0
10,2,718.5,583.6,289.6,206.60000000000002,1,1,1.0
10,3,316.7,572.3,225.00000000000006,121.20000000000005,1,1,1.0
10,4,339.3,657.4,87.30000000000001,63.89999999999998,1,1,0.0
10,5,395.3,655.5,171.8,304.70000000000005,1,1,1.0
10,6,281.3,668.5,164.2,255.39999999999998,1,1,1.0
10,7,1519.5,693.9,115.70000000000005,324.80000000000007,1,1,1.0
10,8,1300.6,578.1,312.60000000000014,157.79999999999995,1,1,1.0
10,9,529.8,405.8,134.30000000000007,233.8,1,1,1.0
11,10,1655.5,554.0,44.0,71.20000000000005,1,1,0.0
11,1,720.5,423.6,138.29999999999995,221.60000000000002,1,1,1.0
11,2,565.7,637.8,343.0999999999999,167.0,1,1,1.0
11,3,318.4,573.4,219.80000000000007,131.70000000000005,1,1,1.0
11,4,339.3,657.4,93.80000000000001,63.89999999999998,1,1,0.0
11,5,395.9,671.2,171.20000000000005,290.9,1,1,1.0
11,6,281.3,668.5,166.7,255.39999999999998,1,1,1.0
11,7,1519.5,692.6,116.29999999999995,326.1,1,1,1.0
11,8,1294.8,574.3,304.60000000000014,167.30000000000007,1,1,1.0
11,9,531.1,407.7,133.0,229.40000000000003,1,1,1.0
12,10,1652.17,556.95,47.32999999999993,71.44999999999993,1,1,0.0
12,1,720.5,409.0,138.29999999999995,237.60000000000002,1,1,1.0
12,2,515.7,707.9,348.69999999999993,117.0,1,1,1.0
12,3,316.1,573.4,221.5,131.70000000000005,1,1,1.0
12,4,339.3,661.8,93.80000000000001,59.5,1,1,0.0
12,5,393.4,681.2,166.80000000000007,277.0999999999999,1,1,1.0
12,6,281.3,668.5,166.09999999999997,254.10000000000002,1,1,1.0
12,7,1522.0,699.5,115.70000000000005,307.9,1,1,1.0
12,8,1265.5,573.7,330.0999999999999,181.69999999999993,1,1,1.0
12,9,529.8,407.7,135.60000000000002,231.3,1,1,1.0
13,10,1648.85,559.9,50.65000000000009,71.70000000000005,1,1,0.0
13,1,721.2,410.4,141.79999999999995,242.39999999999998,1,1,1.0
13,2,490.7,569.7,279.3,260.0999999999999,1,1,1.0
13,3,316.7,573.4,219.7,119.5,1,1,1.0
13,4,339.3,661.8,92.5,59.5,1,1,0.0
13,5,395.3,683.1,168.7,270.79999999999995,1,1,1.0
13,6,276.3,672.9,179.89999999999998,244.70000000000005,1,1,1.0
13,7,1518.9,701.4,120.09999999999991,309.1,1,1,1.0
13,8,1268.6,575.0,328.3000000000002,173.5,1,1,1.0
13,9,529.8,411.5,135.60000000000002,226.20000000000005,1,1,1.0
14,10,1645.52,562.85,53.98000000000002,71.94999999999993,1,1,0.0
14,1,718.4,422.2,146.0,229.90000000000003,1,1,1.0
14,2,466.4,518.3,198.0,317.70000000000005,1,1,1.0
14,3,292.4,572.2,245.70000000000005,114.29999999999995,1,1,1.0
14,4,337.6,654.8,93.29999999999995,67.40000000000009,1,1,0.0
14,5,392.8,683.7,171.90000000000003,272.0999999999999,1,1,1.0
14,6,263.7,683.6,189.90000000000003,233.39999999999998,1,1,1.0
14,7,1514.5,703.9,121.90000000000009,311.0,1,1,1.0
14,8,1263.6,576.3,333.3000000000002,168.4000000000001,1,1,1.0
14,9,529.8,403.3,137.5,228.09999999999997,1,1,1.0
15,10,1642.2,565.8,57.299999999999955,72.20000000000005,1,1,0.0
15,1,719.1,411.1,141.79999999999995,246.29999999999995,1,1,1.0
15,2,491.4,522.5,178.60000000000002,317.0,1,1,1.0
15,3,326.0,571.0,214.39999999999998,134.0,1,1,1.0
15,4,355.0,661.8,75.89999999999998,60.40000000000009,1,1,0.0
15,5,394.1,685.0,170.60000000000002,273.9,1,1,1.0
15,6,263.1,684.2,190.5,235.89999999999998,1,1,1.0
15,7,1519.6,707.7,115.5,294.0,1,1,1.0
15,8,1268.6,575.0,328.9000000000001,171.60000000000002,1,1,1.0
15,9,529.8,414.6,140.10000000000002,206.79999999999995,1,1,1.0
16,10,1638.87,568.75,60.63000000000011,72.45000000000005,1,1,0.0
16,1,718.4,415.3,143.20000000000005,243.8,1,1,1.0
16,2,478.2,500.3,192.50000000000006,336.40000000000003,1,1,1.0
16,3,326.6,569.8,190.10000000000002,120.20000000000005,1,1,1.0
16,4,338.9,666.2,60.200000000000045,62.09999999999991,1,1,0.0
16,5,395.4,661.1,169.30000000000007,297.79999999999995,1,1,1.0
16,6,263.1,684.8,190.5,232.80000000000007,1,1,1.0
16,7,1512.7,711.5,131.79999999999995,278.29999999999995,1,1,1.0
16,8,1304.4,578.1,297.5,162.79999999999995,1,1,1.0
16,9,529.8,417.1,142.60000000000002,203.69999999999993,1,1,1.0
17,10,1635.55,571.7,63.950000000000045,72.69999999999993,1,1,0.0
17,1,719.1,407.7,142.5,249.3,1,1,1.0
17,2,488.6,496.8,185.60000000000002,335.7,1,1,1.0
17,3,328.9,569.2,187.80000000000007,133.19999999999993,1,1,1.0
17,4,337.2,666.2,61.900000000000034,59.5,1,1,0.0
17,5,394.1,645.4,171.19999999999993,309.70000000000005,1,1,1.0
17,6,266.9,679.8,181.0,240.9000000000001,1,1,1.0
17,7,1522.7,710.2,116.70000000000005,279.69999999999993,1,1,1.0
17,8,1284.3,577.5,316.29999999999995,169.70000000000005,1,1,1.0
17,9,529.8,425.9,143.20000000000005,196.20000000000005,1,1,1.0
18,10,1632.22,574.65,67.27999999999997,72.95000000000005,1,1,0.0
18,1,720.5,395.2,149.39999999999998,261.09999999999997,1,1,1.0
18,2,487.2,488.5,188.40000000000003,336.4,1,1,1.0
18,3,312.1,570.4,209.19999999999993,114.39999999999998,1,1,1.0
18,4,349.0,678.0,80.19999999999999,62.10000000000002,1,1,0.0
18,5,388.4,676.8,177.0,276.4000000000001,1,1,1.0
18,6,268.8,677.3,179.09999999999997,240.30000000000007,1,1,1.0
18,7,1522.7,714.0,116.70000000000005,273.4,1,1,1.0
18,8,1284.3,578.1,318.20000000000005,163.39999999999998,1,1,1.0
18,9,529.8,424.6,145.70000000000005,190.5,1,1,1.0
19,10,1628.9,577.6,70.59999999999991,73.19999999999993,1,1,0.0
19,1,721.2,389.0,147.29999999999995,261.70000000000005,1,1,1.0
19,2,521.2,532.9,155.79999999999995,290.6,1,1,1.0
19,3,330.0,555.4,193.60000000000002,161.80000000000007,1,1,1.0
19,4,338.5,667.5,90.69999999999999,68.20000000000005,1,1,0.0
19,5,388.4,679.3,178.30000000000007,271.4000000000001,1,1,1.0
19,6,263.1,681.1,190.5,232.10000000000002,1,1,1.0
19,7,1518.3,706.5,120.5,277.1,1,1,1.0
19,8,1268.6,579.4,337.0,155.80000000000007,1,1,1.0
19,9,529.8,434.0,154.5,173.10000000000002,1,1,1.0
20,10,1607.8,588.9,91.70000000000005,125.20000000000005,1,1,0.0
20,1,703.8,391.1,160.5,222.79999999999995,1,1,1.0
20,2,485.1,494.7,196.10000000000002,334.40000000000003,1,1,1.0
20,3,329.4,559.5,172.20000000000005,159.39999999999998,1,1,1.0
20,4,339.8,667.5,88.5,73.0,1,1,0.0
20,5,383.4,689.4,183.20000000000005,264.4,1,1,1.0
20,6,262.5,681.7,190.5,233.39999999999998,1,1,1.0
20,7,1511.4,702.7,127.39999999999986,281.5,1,1,1.0
20,8,1277.4,575.6,320.0,174.0,1,1,1.0
20,9,529.8,435.3,159.5,167.99999999999994,1,1,1.0
21,10,1660.5,618.3,39.0,27.200000000000045,1,1,0.0
21,1,699.6,375.1,153.60000000000002,233.19999999999993,1,1,1.0
21,2,503.8,532.9,172.49999999999994,292.0,1,1,1.0
21,3,328.2,558.9,171.10000000000002,159.39999999999998,1,1,1.0
21,4,339.8,667.5,85.0,74.70000000000005,1,1,0.0
21,5,395.3,707.6,171.3,246.19999999999993,1,1,1.0
21,6,261.9,681.7,191.10000000000002,233.39999999999998,1,1,1.0
21,7,1527.7,732.2,109.79999999999995,302.20000000000005,1,1,1.0
21,8,1280.5,557.4,312.5,179.60000000000002,1,1,1.0
21,9,529.8,435.3,160.80000000000007,172.40000000000003,1,1,1.0
22,10,1670.3,618.3,29.200000000000045,38.5,1,1,0.0
22,1,705.2,387.6,148.69999999999993,216.5,1,1,1.0
22,2,506.6,553.0,169.69999999999993,274.0,1,1,1.0
22,3,328.2,559.5,171.7,159.39999999999998,1,1,1.0
22,4,339.8,667.5,85.0,74.29999999999995,1,1,0.0
22,5,394.7,710.7,171.90000000000003,249.39999999999998,1,1,1.0
22,6,262.5,683.0,190.5,230.79999999999995,1,1,1.0
22,7,1488.1,705.8,143.10000000000014,318.60000000000014,1,1,1.0
22,8,1294.9,542.3,298.6999999999998,162.70000000000005,1,1,1.0
22,9,529.8,428.4,165.80000000000007,174.89999999999998,1,1,1.0
23,10,1661.3,603.23,38.200000000000045,31.66999999999996,1,1,0.0
23,1,711.4,378.5,143.20000000000005,233.89999999999998,1,1,1.0
23,2,477.4,509.2,204.5,325.40000000000003,1,1,1.0
23,3,328.2,564.1,173.40000000000003,157.69999999999993,1,1,1.0
23,4,339.8,666.6,84.09999999999997,75.19999999999993,1,1,0.0
23,5,394.7,713.8,171.90000000000003,239.4000000000001,1,1,1.0
23,6,262.5,682.4,189.89999999999998,230.80000000000007,1,1,1.0
23,7,1488.1,712.1,141.80000000000018,319.80000000000007,1,1,1.0
23,8,1301.2,534.8,286.0999999999999,185.30000000000007,1,1,1.0
23,9,529.8,434.7,163.9000000000001,168.59999999999997,1,1,1.0
24,10,1661.3,583.64,38.200000000000045,31.66999999999996,1,1,0.0
24,1,714.9,386.1,141.10000000000002,222.79999999999995,1,1,1.0
24,2,503.1,534.9,176.0,296.9,1,1,1.0
24,3,329.4,560.6,183.20000000000005,153.10000000000002,1,1,1.0
24,4,339.8,666.6,87.59999999999997,75.19999999999993,1,1,0.0
24,5,406.0,705.1,160.60000000000002,258.1,1,1,1.0
24,6,260.6,684.3,188.7,228.9000000000001,1,1,1.0
24,7,1488.1,710.8,141.80000000000018,307.30000000000007,1,1,1.0
24,8,1273.4,554.3,313.1999999999998,169.60000000000002,1,1,1.0
24,9,529.8,436.0,162.60000000000002,176.10000000000002,1,1,1.0
25,10,1659.7,578.4,39.0,33.89999999999998,1,1,0.0
25,1,717.0,384.0,136.20000000000005,237.39999999999998,1,1,1.0
25,2,501.7,555.0,178.8,274.70000000000005,1,1,1.0
25,3,325.9,565.8,212.20000000000005,148.5,1,1,1.0
25,4,358.6,678.4,70.5,63.39999999999998,1,1,0.0
25,5,394.7,711.9,171.90000000000003,262.6,1,1,1.0
25,6,260.6,684.3,184.89999999999998,228.9000000000001,1,1,1.0
25,7,1488.1,708.3,154.4000000000001,307.9000000000001,1,1,1.0
25,8,1235.2,560.0,331.89999999999986,149.5,1,1,1.0
25,9,529.8,436.0,162.60000000000002,172.29999999999995,1,1,1.0
26,10,1649.2,599.5,49.5,39.89999999999998,1,1,0.0
26,1,717.7,377.1,137.5999999999999,232.5,1,1,1.0
26,2,476.0,514.0,209.29999999999995,317.1,1,1,1.0
26,3,306.2,568.1,238.8,121.89999999999998,1,1,1.0
26,4,343.3,674.9,85.39999999999998,62.5,1,1,0.0
26,5,351.4,718.8,223.39999999999998,236.20000000000005,1,1,1.0
26,6,264.4,681.8,189.90000000000003,232.0,1,1,1.0
26,7,1488.1,705.2,137.4000000000001,321.0,1,1,1.0
26,8,1207.6,521.1,287.3000000000002,182.69999999999993,1,1,1.0
26,9,529.8,437.0,161.60000000000002,177.10000000000002,1,1,1.0
27,10,1671.1,620.6,27.600000000000136,30.899999999999977,1,1,0.0
27,1,713.5,386.1,144.60000000000002,232.5,1,1,1.0
27,2,484.3,509.8,197.49999999999994,321.3,1,1,1.0
27,3,285.9,568.7,261.4,124.79999999999995,1,1,1.0
27,4,341.6,666.2,85.79999999999995,71.19999999999993,1,1,0.0
27,5,378.4,742.0,227.80000000000007,201.10000000000002,1,1,1.0
27,6,263.1,681.8,190.59999999999997,230.70000000000005,1,1,1.0
27,7,1488.1,702.7,138.70000000000005,309.0999999999999,1,1,1.0
27,8,1302.4,570.1,316.79999999999995,140.60000000000002,1,1,1.0
27,9,529.8,437.0,159.5,170.79999999999995,1,1,1.0
28,10,1664.3,593.5,34.40000000000009,34.60000000000002,1,1,0.0
28,1,648.9,367.3,190.39999999999998,248.90000000000003,1,1,1.0
28,2,503.7,556.3,177.40000000000003,272.70000000000005,1,1,1.0
28,3,303.3,569.3,245.7,115.5,1,1,1.0
28,4,339.4,662.7,88.90000000000003,76.0,1,1,0.0
28,5,409.8,733.2,205.2,206.79999999999995,1,1,1.0
28,6,261.8,682.4,193.2,230.70000000000005,1,1,1.0
28,7,1488.1,703.3,140.0,312.9000000000001,1,1,1.0
28,8,1316.8,561.9,302.4000000000001,155.10000000000002,1,1,1.0
28,9,528.8,419.8,163.12,187.47999999999996,1,1,1.0
29,10,1666.6,602.5,32.100000000000136,32.39999999999998,1,1,0.0
29,1,644.7,383.3,201.5,202.59999999999997,1,1,1.0
29,2,481.5,502.2,198.89999999999998,329.59999999999997,1,1,1.0
29,3,310.8,565.8,225.99999999999994,124.20000000000005,1,1,1.0
29,4,335.5,645.7,92.80000000000001,95.59999999999991,1,1,0.0
29,5,419.3,731.3,188.8,206.20000000000005,1,1,1.0
29,6,261.8,685.5,192.59999999999997,228.20000000000005,1,1,1.0
29,7,1488.1,697.1,140.0,316.0,1,1,1.0
29,8,1304.2,563.2,314.39999999999986,159.5,1,1,1.0
29,9,528.8,437.1,155.80000000000007,164.89999999999998,1,1,1.0
30,10,1677.9,592.7,20.799999999999955,33.19999999999993,1,1,0.0
30,1,704.4,406.9,166.80000000000007,202.60000000000002,1,1,1.0
30,2,481.5,498.0,196.79999999999995,332.4,1,1,1.0
30,3,331.6,567.0,166.39999999999998,147.29999999999995,1,1,1.0
30,4,337.7,655.4,84.5,84.60000000000002,1,1,0.0
30,5,385.4,716.2,217.70000000000005,218.19999999999993,1,1,1.0
30,6,261.8,684.9,190.7,228.80000000000007,1,1,1.0
30,7,1488.1,694.6,140.60000000000014,309.69999999999993,1,1,1.0
30,8,1297.9,565.7,319.39999999999986,160.79999999999995,1,1,1.0
30,9,529.8,437.6,159.0,167.0,1,1,1.0
31,10,1682.4,617.57,16.299999999999955,32.52999999999997,1,1,0.0
31,1,707.2,406.9,164.0,200.39999999999998,1,1,1.0
31,2,510.7,539.0,167.59999999999997,291.4,1,1,1.0
31,3,332.8,567.6,173.89999999999998,159.5,1,1,1.0
31,4,340.3,665.9,70.59999999999997,70.20000000000005,1,1,0.0
31,5,400.5,730.0,200.10000000000002,204.39999999999998,1,1,1.0
31,6,264.3,678.6,184.39999999999998,239.5,1,1,1.0
31,7,1488.1,695.9,145.0,309.0,1,1,1.0
31,8,1297.25,565.7,319.4000000000001,160.79999999999995,1,1,1.0
31,9,530.3,437.6,153.80000000000007,171.19999999999993,1,1,1.0
32,10,1677.9,619.1,20.799999999999955,33.299999999999955,1,1,0.0
32,1,707.9,408.3,162.60000000000002,215.09999999999997,1,1,1.0
32,2,503.1,511.2,175.19999999999993,318.50000000000006,1,1,1.0
32,3,332.2,565.8,171.60000000000002,157.20000000000005,1,1,1.0
32,4,340.3,665.9,70.59999999999997,70.20000000000005,1,1,0.0
32,5,411.2,713.0,194.40000000000003,230.79999999999995,1,1,1.0
32,6,271.2,674.2,200.2,253.89999999999998,1,1,1.0
32,7,1488.1,698.4,145.0,302.70000000000005,1,1,1.0
32,8,1296.6,565.7,319.4000000000001,160.79999999999995,1,1,1.0
32,9,528.7,437.6,157.0,167.0,1,1,1.0
33,10,1668.1,613.1,30.600000000000136,25.699999999999932,1,1,0.0
33,1,707.9,406.2,161.89999999999998,215.8,1,1,1.0
33,2,479.5,498.0,199.5,333.1,1,1,1.0
33,3,333.3,565.8,171.7,158.30000000000007,1,1,1.0
33,4,339.4,664.16,81.10000000000002,70.20000000000005,1,1,0.0
33,5,411.2,711.1,190.59999999999997,239.0,1,1,1.0
33,6,271.8,672.9,195.2,259.0,1,1,1.0
33,7,1488.1,700.3,145.60000000000014,292.6,1,1,1.0
33,8,1307.2,566.3,310.70000000000005,154.5,1,1,1.0
33,9,528.7,431.3,158.5,171.7,1,1,1.0
34,10,1672.6,597.3,26.100000000000136,32.5,1,1,0.0
34,1,706.5,395.1,161.89999999999998,229.69999999999993,1,1,1.0
34,2,504.5,545.9,177.29999999999995,283.1,1,1,1.0
34,3,336.8,568.2,175.2,152.5,1,1,1.0
34,4,330.7,614.9,93.30000000000001,119.46000000000004,1,1,0.0
34,5,414.3,711.7,186.90000000000003,248.39999999999998,1,1,1.0
34,6,271.8,674.2,195.8,259.5999999999999,1,1,1.0
34,7,1488.1,695.9,147.5,292.6,1,1,1.0
34,8,1322.9,556.3,296.89999999999986,156.30000000000007,1,1,1.0
34,9,529.7,431.3,153.79999999999995,160.2,1,1,1.0
35,10,1659.8,582.2,38.90000000000009,73.29999999999995,1,1,0.0
35,1,703.7,382.6,164.0,246.39999999999998,1,1,1.0
35,2,514.2,550.8,167.5999999999999,275.4000000000001,1,1,1.0
35,3,336.8,561.8,168.3,162.4000000000001,1,1,1.0
35,4,331.1,609.7,85.5,124.65999999999997,1,1,0.0
35,5,414.3,709.2,193.2,250.89999999999998,1,1,1.0
35,6,273.1,674.2,189.5,250.79999999999995,1,1,1.0
35,7,1488.1,718.5,176.4000000000001,258.1,1,1,1.0
35,8,1312.3,562.6,308.10000000000014,155.0,1,1,1.0
35,9,530.2,434.4,158.5,157.10000000000002,1,1,1.0
36,10,1643.2,582.2,55.5,116.29999999999995,1,1,0.0
36,1,649.5,390.3,216.79999999999995,234.49999999999994,1,1,1.0
36,2,511.4,552.9,170.39999999999998,274.70000000000005,1,1,1.0
36,3,339.1,561.8,171.2,154.9000000000001,1,1,1.0
36,4,331.1,611.4,90.29999999999995,122.10000000000002,1,1,0.0
36,5,413.0,709.2,182.60000000000002,251.5,1,1,1.0
36,6,271.2,672.9,194.5,255.89999999999998,1,1,1.0
36,7,1398.3,778.8,303.9000000000001,126.90000000000009,1,1,1.0
36,8,1295.3,562.0,318.79999999999995,169.39999999999998,1,1,1.0
36,9,530.2,434.9,158.5,166.5,1,1,1.0
37,10,1652.1,580.9,46.600000000000136,92.63,1,1,0.0
37,1,634.9,387.5,235.60000000000002,247.0,1,1,1.0
37,2,492.7,557.8,189.09999999999997,271.20000000000005,1,1,1.0
37,3,338.5,563.0,171.2,151.39999999999998,1,1,1.0
37,4,331.1,611.4,89.89999999999998,122.10000000000002,1,1,0.0
37,5,412.4,706.1,192.60000000000002,254.0,1,1,1.0
37,6,273.1,672.9,193.89999999999998,253.39999999999998,1,1,1.0
37,7,1371.3,729.2,327.79999999999995,154.5,1,1,1.0
37,8,1293.4,567.7,320.6999999999998,154.29999999999995,1,1,1.0
37,9,530.2,437.0,160.5999999999999,157.60000000000002,1,1,1.0
38,10,1661.0,579.6,37.700000000000045,68.94999999999993,1,1,0.0
38,1,659.2,386.1,209.89999999999998,252.60000000000002,1,1,1.0
38,2,468.4,523.1,216.20000000000005,310.1,1,1,1.0
38,3,339.1,560.1,172.29999999999995,150.79999999999995,1,1,1.0
38,4,331.1,608.3,92.09999999999997,125.20000000000005,1,1,0.0
38,5,411.8,706.7,196.3,252.0999999999999,1,1,1.0
38,6,273.7,672.9,193.3,253.39999999999998,1,1,1.0
38,7,1368.8,722.3,317.20000000000005,165.20000000000005,1,1,1.0
38,8,1284.6,570.8,333.3000000000002,135.5,1,1,1.0
38,9,530.2,406.6,164.79999999999995,187.5,1,1,1.0
39,10,1669.9,578.3,28.799999999999955,45.280000000000086,1,1,0.0
39,1,664.8,372.2,208.5,272.7,1,1,1.0
39,2,484.4,534.9,199.5,294.1,1,1,1.0
39,3,338.5,562.4,174.10000000000002,148.5,1,1,1.0
39,4,330.23,612.3,96.87,122.10000000000002,1,1,0.0
39,5,412.4,702.9,195.70000000000005,252.80000000000007,1,1,1.0
39,6,273.7,672.9,193.60000000000002,253.70000000000005,1,1,1.0
39,7,1327.4,715.4,354.1999999999998,155.80000000000007,1,1,1.0
39,8,1285.2,570.8,334.0,135.5,1,1,1.0
39,9,482.0,381.0,193.60000000000002,210.5,1,1,1.0
40,10,1678.8,577.0,19.90000000000009,21.600000000000023,1,1,0.0
40,1,698.8,402.8,166.20000000000005,243.49999999999994,1,1,1.0
40,2,492.7,555.0,192.59999999999997,272.6,1,1,1.0
40,3,337.9,562.4,173.0,147.89999999999998,1,1,1.0
40,4,332.0,612.3,93.80000000000001,122.10000000000002,1,1,0.0
40,5,412.4,701.6,194.39999999999998,254.10000000000002,1,1,1.0
40,6,273.7,672.9,193.90000000000003,254.0,1,1,1.0
40,7,1332.4,716.7,350.5,146.29999999999995,1,1,1.0
40,8,1282.7,570.2,337.0999999999999,137.39999999999998,1,1,1.0
40,9,510.3,390.4,208.2,178.60000000000002,1,1,1.0
41,10,1679.85,602.12,19.90000000000009,21.600000000000023,1,1,0.0
41,1,696.0,395.9,169.0,240.70000000000005,1,1,1.0
41,2,490.0,525.8,198.79999999999995,301.80000000000007,1,1,1.0
41,3,336.2,561.2,169.5,149.0999999999999,1,1,1.0
41,4,332.0,610.6,93.39999999999998,123.79999999999995,1,1,0.0
41,5,411.8,702.2,195.59999999999997,253.5,1,1,1.0
41,6,275.0,672.3,192.0,255.9000000000001,1,1,1.0
41,7,1330.5,710.4,349.9000000000001,147.60000000000002,1,1,1.0
41,8,1286.5,570.2,330.79999999999995,137.39999999999998,1,1,1.0
41,9,526.9,422.8,189.5,145.7,1,1,1.0
42,10,1678.8,605.3,20.950000000000045,21.600000000000023,1,1,0.0
42,1,692.5,380.6,162.10000000000002,206.69999999999993,1,1,1.0
42,2,478.2,502.9,207.09999999999997,326.80000000000007,1,1,1.0
42,3,337.9,562.9,171.90000000000003,147.39999999999998,1,1,1.0
42,4,330.3,611.5,93.80000000000001,121.20000000000005,1,1,0.0
42,5,413.1,706.0,192.39999999999998,250.29999999999995,1,1,1.0
42,6,272.5,674.2,198.89999999999998,249.0,1,1,1.0
42,7,1331.8,688.4,333.5,147.60000000000002,1,1,1.0
42,8,1282.7,572.7,335.20000000000005,141.19999999999993,1,1,1.0
42,9,528.1,413.9,186.69999999999993,154.60000000000002,1,1,1.0
43,10,1646.4,579.1,53.34999999999991,108.0,1,1,0.0
43,1,687.6,377.1,160.10000000000002,228.89999999999998,1,1,1.0
43,2,507.4,541.1,173.0,287.19999999999993,1,1,1.0
43,3,337.3,561.2,174.8,148.5,1,1,1.0
43,4,330.7,609.8,93.40000000000003,123.80000000000007,1,1,0.0
43,5,412.5,706.0,193.0,250.29999999999995,1,1,1.0
43,6,271.2,672.9,205.2,254.10000000000002,1,1,1.0
43,7,1192.4,634.4,330.39999999999986,152.0,1,1,1.0
43,8,1306.6,571.4,309.4000000000001,145.0,1,1,1.0
43,9,529.6,401.4,181.0,170.20000000000005,1,1,1.0
44,10,1650.15,576.65,49.59999999999991,95.97000000000003,1,1,0.0
44,1,685.5,380.6,161.5,227.5,1,1,1.0
44,2,517.1,541.1,164.69999999999993,287.9,1,1,1.0
44,3,336.7,560.6,172.5,147.89999999999998,1,1,1.0
44,4,329.0,611.5,95.10000000000002,121.70000000000005,1,1,0.0
44,5,413.1,704.7,195.5,250.29999999999995,1,1,1.0
44,6,271.8,673.5,199.59999999999997,256.0,1,1,1.0
44,7,1016.6,572.2,391.9,130.0999999999999,1,1,1.0
44,8,1316.6,566.4,301.9000000000001,146.89999999999998,1,1,1.0
44,9,529.7,414.5,179.89999999999998,159.20000000000005,1,1,1.0
45,10,1653.9,574.2,45.84999999999991,83.92999999999995,1,1,0.0
45,1,675.1,388.9,167.0,207.39999999999998,1,1,1.0
45,2,483.1,500.1,201.5,331.0,1,1,1.0
45,3,337.9,561.8,175.39999999999998,147.30000000000007,1,1,1.0
45,4,329.0,611.5,95.10000000000002,121.70000000000005,1,1,0.0
45,5,411.2,705.3,191.7,248.4000000000001,1,1,1.0
45,6,271.8,675.4,177.0,278.0,1,1,1.0
45,7,880.3,568.4,398.20000000000005,125.10000000000002,1,1,1.0
45,8,1292.1,570.8,327.0,145.0,1,1,1.0
45,9,529.7,410.8,179.89999999999998,162.40000000000003,1,1,1.0
46,10,1657.65,571.75,42.09999999999991,71.89999999999998,1,1,0.0
46,1,643.2,375.0,185.0,207.39999999999998,1,1,1.0
46,2,485.2,493.2,201.50000000000006,332.3,1,1,1.0
46,3,338.5,559.5,178.29999999999995,149.60000000000002,1,1,1.0
46,4,329.0,608.4,95.10000000000002,119.60000000000002,1,1,0.0
46,5,411.2,704.7,193.59999999999997,247.69999999999993,1,1,1.0
46,6,280.0,670.4,170.10000000000002,269.80000000000007,1,1,1.0
46,7,807.5,548.3,354.20000000000005,152.10000000000002,1,1,1.0
46,8,1279.0,570.2,340.70000000000005,143.0999999999999,1,1,1.0
46,9,529.7,399.3,175.19999999999993,172.90000000000003,1,1,1.0
47,10,1661.4,569.3,38.34999999999991,59.870000000000005,1,1,0.0
47,1,617.5,361.1,191.29999999999995,235.89999999999998,1,1,1.0
47,2,514.4,541.1,168.10000000000002,285.1,1,1,1.0
47,3,342.0,564.1,178.89999999999998,141.5,1,1,1.0
47,4,330.3,609.3,96.39999999999998,116.5,1,1,0.0
47,5,411.2,707.8,193.00000000000006,247.10000000000002,1,1,1.0
47,6,278.7,670.4,172.0,269.20000000000005,1,1,1.0
47,7,714.6,589.1,342.9,162.79999999999995,1,1,1.0
47,8,1268.9,573.3,344.5,143.10000000000002,1,1,1.0
47,9,529.7,390.9,171.0,183.39999999999998,1,1,1.0
48,10,1665.15,566.85,34.59999999999991,47.82999999999993,1,1,0.0
48,1,673.7,394.4,161.5,234.60000000000002,1,1,1.0
48,2,493.6,504.3,191.0,324.7,1,1,1.0
48,3,337.9,564.1,182.39999999999998,141.5,1,1,1.0
48,4,329.9,612.3,95.90000000000003,110.90000000000009,1,1,0.0
48,5,412.5,707.2,194.20000000000005,247.0999999999999,1,1,1.0
48,6,280.6,668.5,171.39999999999998,272.4,1,1,1.0
48,7,710.8,536.4,280.80000000000007,238.10000000000002,1,1,1.0
48,8,1282.1,574.6,328.8000000000002,144.29999999999995,1,1,1.0
48,9,527.6,424.4,163.69999999999993,148.30000000000007,1,1,1.0
49,10,1668.9,564.4,30.84999999999991,35.80000000000007,1,1,0.0
49,1,687.6,389.5,147.60000000000002,242.29999999999995,1,1,1.0
49,2,482.5,494.6,200.0,335.1,1,1,1.0
49,3,337.9,561.8,180.10000000000002,144.4000000000001,1,1,1.0
49,4,329.9,607.1,95.5,116.10000000000002,1,1,0.0
49,5,412.5,708.5,195.5,246.39999999999998,1,1,1.0
49,6,280.6,667.2,172.7,273.69999999999993,1,1,1.0
49,7,706.4,533.9,307.80000000000007,241.89999999999998,1,1,1.0
49,8,1299.7,572.7,309.29999999999995,154.39999999999998,1,1,1.0
49,9,528.1,424.4,170.0,147.30000000000007,1,1,1.0
50,10,1650.1,556.9,49.65000000000009,53.10000000000002,1,1,0.0
50,1,687.6,399.9,149.0,220.80000000000007,1,1,1.0
50,2,497.1,514.8,181.89999999999998,314.20000000000005,1,1,1.0
50,3,336.7,563.0,182.50000000000006,142.0,1,1,1.0
50,4,329.0,611.0,97.69999999999999,112.60000000000002,1,1,0.0
50,5,412.5,707.2,195.5,247.69999999999993,1,1,1.0
50,6,281.2,667.8,157.0,283.1,1,1,1.0
50,7,720.2,552.7,300.9,260.79999999999995,1,1,1.0
50,8,1270.8,574.0,341.29999999999995,146.79999999999995,1,1,1.0
50,9,529.7,423.4,172.5999999999999,147.80000000000007,1,1,1.0
51,10,1637.3,524.5,62.450000000000045,121.70000000000005,1,1,0.0
51,1,686.9,397.8,153.89999999999998,215.99999999999994,1,1,1.0
51,2,495.7,549.5,184.7,278.1,1,1,1.0
51,3,336.7,564.7,186.00000000000006,139.69999999999993,1,1,1.0
51,4,329.0,611.9,96.39999999999998,112.10000000000002,1,1,0.0
51,5,412.5,707.2,192.39999999999998,248.29999999999995,1,1,1.0
51,6,278.7,670.9,155.10000000000002,268.1,1,1,1.0
51,7,713.9,574.7,313.5000000000001,228.0999999999999,1,1,1.0
51,8,1268.9,574.0,338.5,150.60000000000002,1,1,1.0
51,9,530.2,422.4,170.5,149.80000000000007,1,1,1.0
52,10,1675.0,567.5,24.75,40.299999999999955,1,1,0.0
52,1,686.9,396.4,160.80000000000007,198.0,1,1,1.0
52,2,486.0,494.0,198.60000000000002,333.6,1,1,1.0
52,3,336.7,565.3,193.50000000000006,139.10000000000002,1,1,1.0
52,4,329.0,608.4,96.39999999999998,123.39999999999998,1,1,0.0
52,5,413.8,706.6,192.40000000000003,246.39999999999998,1,1,1.0
52,6,280.0,670.3,156.3,265.6,1,1,1.0
52,7,703.9,578.5,308.4,233.70000000000005,1,1,1.0
52,8,1278.3,577.8,324.4000000000001,157.4000000000001,1,1,1.0
52,9,530.2,423.0,164.19999999999993,147.29999999999995,1,1,1.0
53,10,1659.2,540.4,40.549999999999955,33.5,1,1,0.0
53,1,686.9,392.9,165.70000000000005,205.70000000000005,1,1,1.0
53,2,481.1,496.8,198.60000000000002,277.3,1,1,1.0
53,3,335.0,569.9,196.39999999999998,135.70000000000005,1,1,1.0
53,4,328.6,612.3,96.79999999999995,119.5,1,1,0.0
53,5,413.8,706.6,194.90000000000003,247.69999999999993,1,1,1.0
53,6,283.8,668.4,154.39999999999998,271.30000000000007,1,1,1.0
53,7,618.5,657.0,324.70000000000005,174.70000000000005,1,1,1.0
53,8,1262.0,579.1,307.4000000000001,173.69999999999993,1,1,1.0
53,9,530.2,423.0,170.5,146.0,1,1,1.0
54,10,1659.2,540.4,40.549999999999955,35.80000000000007,1,1,0.0
54,1,685.5,401.9,172.70000000000005,193.20000000000005,1,1,1.0
54,2,513.0,547.5,160.39999999999998,221.0,1,1,1.0
54,3,334.4,568.2,191.80000000000007,140.89999999999998,1,1,1.0
54,4,328.6,611.9,94.59999999999997,116.39999999999998,1,1,0.0
54,5,413.2,706.0,196.09999999999997,252.10000000000002,1,1,1.0
54,6,286.9,667.1,154.40000000000003,271.29999999999995,1,1,1.0
54,7,615.4,663.3,319.6,161.5,1,1,1.0
54,8,1238.1,574.7,321.3000000000002,165.5,1,1,1.0
54,9,526.4,423.6,174.30000000000007,144.10000000000002,1,1,1.0
55,10,1675.8,559.2,23.950000000000045,27.5,1,1,0.0
55,1,668.8,398.4,185.20000000000005,181.39999999999998,1,1,1.0
55,2,513.0,546.1,162.5,225.19999999999993,1,1,1.0
55,3,334.4,543.9,172.10000000000002,168.10000000000002,1,1,1.0
55,4,326.4,608.8,95.10000000000002,120.40000000000009,1,1,0.0
55,5,411.9,706.0,194.89999999999998,250.79999999999995,1,1,1.0
55,6,285.6,666.5,158.79999999999995,270.6,1,1,1.0
55,7,622.3,647.6,322.1,181.0,1,1,1.0
55,8,1197.3,588.5,347.0,107.70000000000005,1,1,1.0
55,9,524.5,423.6,169.89999999999998,142.19999999999993,1,1,1.0
56,10,1665.2,550.2,34.549999999999955,39.5,1,1,0.0
56,1,591.0,355.3,218.60000000000002,161.99999999999994,1,1,1.0
56,2,481.1,505.8,198.60000000000002,327.3,1,1,1.0
56,3,333.2,549.1,170.40000000000003,161.69999999999993,1,1,1.0
56,4,326.4,613.6,96.40000000000003,113.89999999999998,1,1,0.0
56,5,412.5,707.3,193.0,247.60000000000002,1,1,1.0
56,6,284.3,667.8,156.32999999999998,270.6,1,1,1.0
56,7,671.3,626.9,257.4000000000001,289.6,1,1,1.0
56,8,1260.7,572.2,325.0999999999999,154.0999999999999,1,1,1.0
56,9,518.2,422.3,168.69999999999993,141.59999999999997,1,1,1.0
57,10,1662.9,549.4,36.84999999999991,34.30000000000007,1,1,0.0
57,1,656.3,384.5,173.4000000000001,217.5,1,1,1.0
57,2,479.7,507.2,191.7,328.00000000000006,1,1,1.0
57,3,334.9,561.3,175.10000000000002,147.80000000000007,1,1,1.0
57,4,325.5,610.1,95.60000000000002,118.29999999999995,1,1,0.0
57,5,413.1,709.2,192.39999999999998,247.5999999999999,1,1,1.0
57,6,283.0,667.2,169.60000000000002,281.19999999999993,1,1,1.0
57,7,636.2,648.2,156.89999999999998,315.4,1,1,1.0
57,8,1277.7,577.2,319.39999999999986,149.69999999999993,1,1,1.0
57,9,492.5,443.6,178.70000000000005,125.29999999999995,1,1,1.0
58,10,1656.1,520.0,42.8900000000001,32.10000000000002,1,1,0.0
58,1,673.0,398.4,173.39999999999998,204.30000000000007,1,1,1.0
58,2,517.9,546.1,150.0,286.29999999999995,1,1,1.0
58,3,334.9,553.8,172.8,151.80000000000007,1,1,1.0
58,4,325.5,611.4,93.89999999999998,116.10000000000002,1,1,0.0
58,5,415.6,711.7,191.79999999999995,246.39999999999998,1,1,1.0
58,6,285.5,667.2,162.7,292.5,1,1,1.0
58,7,434.7,828.4,288.7,190.5,1,1,1.0
58,8,1285.9,576.6,307.39999999999986,152.79999999999995,1,1,1.0
58,9,501.9,428.5,156.10000000000002,127.79999999999995,1,1,1.0
59,10,1632.0,491.4,67.70000000000005,115.70000000000005,1,1,0.0
59,1,673.0,398.4,172.0,205.0,1,1,1.0
59,2,499.2,553.7,168.7,279.4,1,1,1.0
59,3,333.2,560.2,177.40000000000003,148.29999999999995,1,1,1.0
59,4,325.5,613.1,93.0,116.10000000000002,1,1,0.0
59,5,415.6,709.8,191.19999999999993,247.70000000000005,1,1,1.0
59,6,283.0,668.5,148.89999999999998,285.5,1,1,1.0
59,7,430.9,848.5,291.20000000000005,174.20000000000005,1,1,1.0
59,8,1285.4,577.55,307.5999999999999,151.85000000000002,1,1,1.0
59,9,511.9,414.7,152.39999999999998,146.00000000000006,1,1,1.0
60,10,1663.6,500.4,31.200000000000045,39.60000000000002,1,1,0.0
60,1,673.0,399.1,174.79999999999995,197.39999999999998,1,1,1.0
60,2,488.1,555.1,179.79999999999995,277.29999999999995,1,1,1.0
60,3,334.4,562.5,178.5,146.0,1,1,1.0
60,4,323.8,609.6,96.39999999999998,127.5,1,1,0.0
60,5,414.3,714.2,193.8,242.69999999999993,1,1,1.0
60,6,279.9,676.7,152.60000000000002,245.29999999999995,1,1,1.0
60,7,451.0,829.7,274.20000000000005,191.69999999999993,1,1,1.0
60,8,1264.5,578.5,328.20000000000005,150.89999999999998,1,1,1.0
60,9,514.4,414.7,142.39999999999998,146.00000000000006,1,1,1.0
61,10,1671.9,488.3,20.799999999999955,26.099999999999966,1,1,0.0
61,1,673.0,390.1,173.39999999999998,205.69999999999993,1,1,1.0
61,2,495.0,535.0,177.10000000000002,299.5,1,1,1.0
61,3,335.0,568.9,193.5,136.10000000000002,1,1,1.0
61,4,323.8,612.2,96.39999999999998,125.29999999999995,1,1,0.0
61,5,413.0,682.8,188.20000000000005,276.6,1,1,1.0
61,6,278.0,678.0,155.10000000000002,239.60000000000002,1,1,1.0
61,7,474.9,814.0,241.5,204.29999999999995,1,1,1.0
61,8,1282.8,581.0,313.0,140.89999999999998,1,1,1.0
61,9,507.5,427.9,156.20000000000005,133.39999999999998,1,1,1.0
62,10,1671.9,499.6,23.699999999999818,26.100000000000023,1,1,0.0
62,1,675.8,392.2,176.80000000000007,202.90000000000003,1,1,1.0
62,2,495.0,499.6,177.10000000000002,334.9,1,1,1.0
62,3,336.2,564.8,192.90000000000003,144.20000000000005,1,1,1.0
62,4,323.4,612.2,96.80000000000001,126.59999999999991,1,1,0.0
62,5,411.7,699.8,181.3,256.5,1,1,1.0
62,6,278.0,673.6,158.89999999999998,255.29999999999995,1,1,1.0
62,7,486.2,806.5,220.2,215.60000000000002,1,1,1.0
62,8,1273.9,582.3,320.5999999999999,144.0,1,1,1.0
62,9,507.5,410.3,153.70000000000005,148.49999999999994,1,1,1.0
63,10,1665.1,513.2,31.800000000000182,47.89999999999998,1,1,0.0
63,1,675.1,390.1,178.89999999999998,198.79999999999995,1,1,1.0
63,2,486.7,513.5,184.00000000000006,305.70000000000005,1,1,1.0
63,3,336.8,562.5,190.59999999999997,148.79999999999995,1,1,1.0
63,4,323.4,609.6,96.80000000000001,133.60000000000002,1,1,0.0
63,5,411.7,701.7,181.3,254.0,1,1,1.0
63,6,276.7,673.6,161.5,254.69999999999993,1,1,1.0
63,7,485.6,806.5,205.69999999999993,219.4000000000001,1,1,1.0
63,8,1277.0,577.9,321.29999999999995,142.70000000000005,1,1,1.0
63,9,505.6,405.3,159.39999999999998,154.8,1,1,1.0
64,10,1671.9,468.7,26.299999999999955,127.80000000000001,1,1,0.0
64,1,675.8,398.4,174.5,193.10000000000002,1,1,1.0
64,2,474.9,519.1,204.80000000000007,302.9,1,1,1.0
64,3,335.6,564.2,188.89999999999998,141.89999999999998,1,1,1.0
64,4,323.4,612.7,98.5,128.79999999999995,1,1,0.0
64,5,411.1,702.3,181.89999999999998,254.70000000000005,1,1,1.0
64,6,277.3,673.6,163.39999999999998,252.79999999999995,1,1,1.0
64,7,439.1,815.3,249.10000000000002,209.29999999999995,1,1,1.0
64,8,1263.8,581.0,330.10000000000014,154.70000000000005,1,1,1.0
64,9,505.0,411.6,168.20000000000005,154.19999999999993,1,1,1.0
65,10,1638.0,501.9,60.200000000000045,147.30000000000007,1,1,0.0
65,1,677.2,385.9,182.29999999999995,207.20000000000005,1,1,1.0
65,2,519.3,554.5,155.5,275.79999999999995,1,1,1.0
65,3,336.2,565.4,195.2,139.0,1,1,1.0
65,4,322.1,612.3,99.79999999999995,128.30000000000007,1,1,0.0
65,5,409.2,706.7,184.40000000000003,248.39999999999998,1,1,1.0
65,6,277.9,672.3,162.8,254.10000000000002,1,1,1.0
65,7,349.9,890.7,316.30000000000007,118.19999999999993,1,1,1.0
65,8,1249.4,592.3,338.1999999999998,150.30000000000007,1,1,1.0
65,9,508.8,426.6,166.90000000000003,147.39999999999998,1,1,1.0
66,10,1598.8,492.1,99.40000000000009,136.79999999999995,1,1,0.0
66,1,675.8,388.0,174.70000000000005,198.20000000000005,1,1,1.0
66,2,520.0,556.6,154.79999999999995,275.1,1,1,1.0
66,3,334.4,565.4,192.39999999999998,141.30000000000007,1,1,1.0
66,4,321.2,611.9,101.60000000000002,130.89999999999998,1,1,0.0
66,5,410.5,704.2,185.60000000000002,249.5999999999999,1,1,1.0
66,6,278.5,672.3,164.7,254.70000000000005,1,1,1.0
66,7,290.2,913.3,339.59999999999997,95.0,1,1,1.0
66,8,1213.0,584.8,334.4000000000001,141.5,1,1,1.0
66,9,513.2,404.7,166.29999999999995,169.90000000000003,1,1,1.0
67,10,1583.7,490.6,114.5,164.0,1,1,0.0
67,1,676.5,391.5,179.60000000000002,189.79999999999995,1,1,1.0
67,2,478.3,504.5,197.90000000000003,332.1,1,1,1.0
67,3,337.3,565.4,190.7,139.0,1,1,1.0
67,4,321.2,613.6,100.69999999999999,122.19999999999993,1,1,0.0
67,5,414.2,703.6,184.8,250.19999999999993,1,1,1.0
67,6,279.1,671.0,164.7,256.0,1,1,1.0
67,7,234.9,914.6,310.1,96.19999999999993,1,1,1.0
67,8,1213.0,569.7,330.5999999999999,123.89999999999998,1,1,1.0
67,9,514.5,417.3,160.60000000000002,159.8,1,1,1.0
68,10,1600.3,486.1,97.90000000000009,201.69999999999993,1,1,0.0
68,1,676.5,393.6,181.0,187.0,1,1,1.0
68,2,486.6,492.0,185.39999999999998,341.79999999999995,1,1,1.0
68,3,336.7,562.5,188.40000000000003,141.29999999999995,1,1,1.0
68,4,321.6,608.8,99.39999999999998,127.0,1,1,0.0
68,5,384.1,719.3,215.69999999999993,210.60000000000002,1,1,1.0
68,6,280.4,671.0,159.60000000000002,256.0,1,1,1.0
68,7,224.9,879.5,302.5,138.20000000000005,1,1,1.0
68,8,1182.9,575.4,362.0,111.89999999999998,1,1,1.0
68,9,518.9,417.3,165.0,158.49999999999994,1,1,1.0
69,10,1592.0,511.7,107.5,225.8,1,1,1.0
69,1,673.7,400.5,186.5,177.29999999999995,1,1,1.0
69,2,527.6,549.6,143.0,282.1,1,1,1.0
69,3,336.1,563.7,191.29999999999995,140.0999999999999,1,1,1.0
69,4,320.7,611.0,100.69999999999999,122.60000000000002,1,1,0.0
69,5,402.9,723.7,192.5,200.5,1,1,1.0
69,6,284.2,669.7,158.90000000000003,249.0999999999999,1,1,1.0
69,7,246.9,746.5,181.29999999999998,273.1,1,1,1.0
69,8,1198.0,612.4,341.20000000000005,111.30000000000007,1,1,1.0
69,9,508.2,418.6,183.90000000000003,155.89999999999998,1,1,1.0
70,10,1613.9,445.39,85.79999999999995,210.01,1,1,0.0
70,1,675.1,398.5,185.89999999999998,177.20000000000005,1,1,1.0
70,2,499.8,504.5,172.90000000000003,328.6,1,1,1.0
70,3,336.7,564.3,192.40000000000003,141.80000000000007,1,1,1.0
70,4,320.7,613.2,99.80000000000001,113.39999999999998,1,1,0.0
70,5,404.2,725.0,192.50000000000006,204.89999999999998,1,1,1.0
70,6,303.7,657.8,128.7,270.4000000000001,1,1,1.0
70,7,254.4,670.5,90.9,305.79999999999995,1,1,1.0
70,8,1249.5,583.5,321.0999999999999,129.5,1,1,1.0
70,9,455.5,375.3,228.39999999999998,185.40000000000003,1,1,1.0
71,10,1606.4,445.39,93.29999999999995,164.01,1,1,0.0
71,1,677.2,400.5,189.39999999999998,180.10000000000002,1,1,1.0
71,2,483.8,491.4,193.09999999999997,338.20000000000005,1,1,1.0
71,3,336.1,562.0,191.79999999999995,142.89999999999998,1,1,1.0
71,4,320.7,609.7,103.69999999999999,122.29999999999995,1,1,0.0
71,5,408.0,728.1,190.0,185.5,1,1,1.0
71,6,330.1,646.5,111.09999999999997,302.4,1,1,1.0
71,7,270.1,661.1,82.69999999999999,302.6,1,1,1.0
71,8,1263.9,585.4,302.29999999999995,133.89999999999998,1,1,1.0
71,9,437.9,354.5,214.60000000000002,177.29999999999995,1,1,1.0
72,10,1635.8,445.39,63.90000000000009,192.61,1,1,0.0
72,1,663.7,390.1,200.5,182.0,1,1,1.0
72,2,532.4,550.4,138.89999999999998,278.5,1,1,1.0
72,3,336.1,563.7,193.0,141.79999999999995,1,1,1.0
72,4,321.1,609.7,105.0,131.79999999999995,1,1,0.0
72,5,407.4,729.4,193.10000000000002,196.80000000000007,1,1,1.0
72,6,325.1,644.6,105.39999999999998,296.79999999999995,1,1,1.0
72,7,218.0,666.1,131.0,292.5799999999999,1,1,1.0
72,8,1263.9,554.0,292.89999999999986,171.60000000000002,1,1,1.0
72,9,508.2,407.9,191.40000000000003,190.5,1,1,1.0
73,10,1629.1,443.9,70.60000000000014,197.10000000000002,1,1,0.0
73,1,623.0,372.1,181.10000000000002,182.79999999999995,1,1,1.0
73,2,502.5,556.6,167.39999999999998,273.69999999999993,1,1,1.0
73,3,336.1,562.5,187.19999999999993,141.79999999999995,1,1,1.0
73,4,321.1,609.7,105.0,131.79999999999995,1,1,0.0
73,5,398.6,727.5,201.29999999999995,200.0,1,1,1.0
73,6,293.7,645.9,139.90000000000003,269.70000000000005,1,1,1.0
73,7,233.1,663.6,115.9,297.6,1,1,1.0
73,8,1263.9,552.7,279.6999999999998,194.19999999999993,1,1,1.0
73,9,515.7,414.8,185.19999999999993,174.2,1,1,1.0
74,10,1634.4,442.4,65.29999999999995,197.89999999999998,1,1,0.0
74,1,631.3,375.6,167.9000000000001,189.0,1,1,1.0
74,2,503.2,562.2,165.3,269.5,1,1,1.0
74,3,334.9,560.8,187.80000000000007,143.5,1,1,1.0
74,4,320.2,609.7,104.60000000000002,130.89999999999998,1,1,0.0
74,5,402.4,726.9,193.70000000000005,200.60000000000002,1,1,1.0
74,6,305.6,649.7,129.89999999999998,268.4,1,1,1.0
74,7,265.8,668.0,79.39999999999998,276.9,1,1,1.0
74,8,1235.6,572.2,303.0,183.5,1,1,1.0
74,9,518.2,399.1,181.39999999999998,184.89999999999998,1,1,1.0
75,10,1631.4,433.4,68.29999999999995,231.80000000000007,1,1,0.0
75,1,632.7,379.1,173.39999999999998,188.29999999999995,1,1,1.0
75,2,494.2,552.4,175.00000000000006,279.30000000000007,1,1,1.0
75,3,337.2,560.8,190.09999999999997,143.5,1,1,1.0
75,4,321.9,612.8,104.20000000000005,116.0,1,1,0.0
75,5,402.4,726.3,192.39999999999998,200.0,1,1,1.0
75,6,303.1,644.7,134.29999999999995,271.5,1,1,1.0
75,7,273.3,650.4,83.19999999999999,302.70000000000005,1,1,1.0
75,8,1176.6,597.3,322.4000000000001,166.60000000000002,1,1,1.0
75,9,511.9,399.1,180.20000000000005,176.69999999999993,1,1,1.0
76,10,1643.5,417.6,56.200000000000045,263.4,1,1,0.0
76,1,632.7,379.8,169.89999999999998,186.2,1,1,1.0
76,2,486.6,564.2,184.0,269.5999999999999,1,1,1.0
76,3,336.6,560.2,190.10000000000002,144.69999999999993,1,1,1.0
76,4,319.3,612.8,105.5,112.90000000000009,1,1,0.0
76,5,404.9,726.9,194.89999999999998,195.0,1,1,1.0
76,6,323.2,647.2,108.5,294.0999999999999,1,1,1.0
76,7,272.7,632.2,76.30000000000001,319.0,1,1,1.0
76,8,1224.4,567.8,331.0999999999999,127.0,1,1,1.0
76,9,511.9,399.7,180.20000000000005,175.50000000000006,1,1,1.0
77,10,1628.4,446.2,71.29999999999995,212.90000000000003,1,1,1.0
77,1,612.6,378.4,191.39999999999998,189.0,1,1,1.0
77,2,527.6,548.2,143.0,287.0,1,1,1.0
77,3,337.2,562.5,191.2,142.39999999999998,1,1,1.0
77,4,320.2,608.9,105.40000000000003,124.10000000000002,1,1,0.0
77,5,394.9,736.3,212.39999999999998,187.5,1,1,1.0
77,6,322.6,661.6,156.89999999999998,260.19999999999993,1,1,1.0
77,7,274.0,666.7,74.39999999999998,277.5999999999999,1,1,1.0
77,8,1264.6,558.4,332.3000000000002,113.80000000000007,1,1,1.0
77,9,513.2,407.2,183.29999999999995,168.00000000000006,1,1,1.0
78,10,1614.1,488.4,85.60000000000014,251.30000000000007,1,1,1.0
78,1,634.8,381.2,167.10000000000002,200.8,1,1,1.0
78,2,517.2,551.0,154.79999999999995,286.29999999999995,1,1,1.0
78,3,336.6,559.6,189.5,139.5,1,1,1.0
78,4,320.6,613.3,65.79999999999995,89.80000000000007,1,1,0.0
78,5,382.3,741.3,228.8,187.5,1,1,1.0
78,6,352.1,738.2,121.09999999999997,265.19999999999993,1,1,1.0
78,7,286.6,675.5,188.0,225.5,1,1,1.0
78,8,1282.8,559.0,304.10000000000014,128.29999999999995,1,1,1.0
78,9,513.2,411.0,186.39999999999998,164.79999999999995,1,1,1.0
79,10,1628.4,517.0,71.29999999999995,197.79999999999995,1,1,0.0
79,1,590.4,355.6,205.89999999999998,184.0,1,1,1.0
79,2,479.7,566.3,193.00000000000006,266.80000000000007,1,1,1.0
79,3,337.8,559.0,184.8,139.5,1,1,1.0
79,4,320.6,611.1,52.69999999999999,103.79999999999995,1,1,0.0
79,5,393.6,752.0,219.39999999999998,163.0,1,1,1.0
79,6,340.2,789.1,115.40000000000003,191.69999999999993,1,1,1.0
79,7,255.2,647.2,220.7,219.29999999999995,1,1,1.0
79,8,1278.4,560.3,309.0999999999999,126.40000000000009,1,1,1.0
79,9,513.8,413.5,187.10000000000002,161.70000000000005,1,1,1.0
80,10,1632.2,514.7,67.5,164.69999999999993,1,1,0.0
80,1,548.7,352.1,221.19999999999993,200.79999999999995,1,1,1.0
80,2,445.0,570.5,241.60000000000002,253.60000000000002,1,1,1.0
80,3,337.8,559.0,184.8,126.79999999999995,1,1,1.0
80,4,319.3,610.2,75.39999999999998,96.89999999999998,1,1,0.0
80,5,399.9,740.7,207.39999999999998,187.5,1,1,1.0
80,6,339.6,761.3,121.0,228.30000000000007,1,1,1.0
80,7,238.2,656.0,246.5,170.29999999999995,1,1,1.0
80,8,1266.5,559.7,316.0,145.79999999999995,1,1,1.0
80,9,507.5,407.9,185.89999999999998,171.70000000000005,1,1,1.0
81,10,1610.4,518.5,89.29999999999995,134.5,1,1,0.0
81,1,666.1,397.2,157.89999999999998,224.40000000000003,1,1,1.0
81,2,506.1,551.1,205.5,272.29999999999995,1,1,1.0
81,3,336.1,563.6,202.10000000000002,130.29999999999995,1,1,1.0
81,4,321.0,613.7,52.80000000000001,97.29999999999995,1,1,0.0
81,5,405.6,711.2,202.29999999999995,227.0,1,1,1.0
81,6,339.6,762.7,121.0,226.89999999999998,1,1,1.0
81,7,254.5,648.5,207.0,197.29999999999995,1,1,1.0
81,8,1285.4,559.7,295.1999999999998,150.79999999999995,1,1,1.0
81,9,502.4,389.1,178.39999999999998,188.0,1,1,1.0
82,10,1608.9,521.5,90.79999999999995,139.79999999999995,1,1,0.0
82,1,666.3,377.8,158.4000000000001,238.90000000000003,1,1,1.0
82,2,470.7,532.3,192.3,234.20000000000005,1,1,1.0
82,3,335.5,564.2,209.60000000000002,128.5,1,1,1.0
82,4,321.0,608.9,70.69999999999999,102.10000000000002,1,1,0.0
82,5,409.4,687.9,190.30000000000007,253.39999999999998,1,1,1.0
82,6,338.3,762.7,119.80000000000001,226.29999999999995,1,1,1.0
82,7,251.4,632.8,213.20000000000002,208.0,1,1,1.0
82,8,1279.8,560.3,299.5,156.5,1,1,1.0
82,9,509.3,397.9,177.2,183.0,1,1,1.0
83,10,1610.4,518.5,89.29999999999995,161.60000000000002,1,1,0.0
83,1,668.9,375.7,158.60000000000002,239.59999999999997,1,1,1.0
83,2,466.5,510.1,156.89999999999998,188.29999999999995,1,1,1.0
83,3,336.7,533.0,191.7,159.10000000000002,1,1,1.0
83,4,321.0,610.6,70.69999999999999,100.39999999999998,1,1,0.0
83,5,408.1,687.9,192.19999999999993,255.30000000000007,1,1,1.0
83,6,338.3,762.7,118.5,223.79999999999995,1,1,1.0
83,7,253.9,678.6,208.79999999999998,163.5,1,1,1.0
83,8,1259.7,555.3,319.0,157.70000000000005,1,1,1.0
83,9,512.4,407.9,179.10000000000002,172.39999999999998,1,1,1.0
84,10,1616.4,512.5,83.29999999999995,172.10000000000002,1,1,0.0
84,1,671.7,379.9,159.29999999999995,238.20000000000005,1,1,1.0
84,2,466.5,465.7,79.79999999999995,156.3,1,1,0.0
84,3,336.1,564.8,193.39999999999998,127.30000000000007,1,1,1.0
84,4,321.0,613.2,73.30000000000001,99.09999999999991,1,1,0.0
84,5,406.2,696.3,194.7,246.30000000000007,1,1,1.0
84,6,337.0,762.7,121.69999999999999,228.19999999999993,1,1,1.0
84,7,253.3,679.9,210.0,157.20000000000005,1,1,1.0
84,8,1258.4,557.2,322.79999999999995,144.5,1,1,1.0
84,9,512.4,383.4,177.80000000000007,198.20000000000005,1,1,1.0
85,10,1587.7,538.1,111.99000000000001,224.89999999999998,1,1,1.0
85,1,671.7,377.1,162.0,241.0,1,1,1.0
85,2,463.7,521.3,65.19999999999999,79.20000000000005,1,1,0.0
85,3,335.5,563.6,195.10000000000002,127.89999999999998,1,1,1.0
85,4,319.7,608.4,77.69999999999999,102.20000000000005,1,1,0.0
85,5,406.2,696.5,194.09999999999997,247.39999999999998,1,1,1.0
85,6,335.1,769.6,144.29999999999995,214.39999999999998,1,1,1.0
85,7,254.5,680.5,206.3,153.5,1,1,1.0
85,8,1248.4,554.1,334.0999999999999,137.60000000000002,1,1,1.0
85,9,519.9,399.1,172.80000000000007,186.29999999999995,1,1,1.0
86,10,1627.6,488.4,72.09000000000015,148.89999999999998,1,1,0.0
86,1,669.6,383.4,164.10000000000002,234.0,1,1,1.0
86,2,466.5,526.9,60.299999999999955,72.89999999999998,1,1,0.0
86,3,336.7,563.0,193.90000000000003,131.39999999999998,1,1,1.0
86,4,318.0,612.3,79.39999999999998,100.90000000000009,1,1,0.0
86,5,406.2,700.6,193.50000000000006,240.69999999999993,1,1,1.0
86,6,333.8,776.5,148.09999999999997,206.20000000000005,1,1,1.0
86,7,252.6,682.4,210.70000000000002,145.20000000000005,1,1,1.0
86,8,1261.6,549.1,323.4000000000001,128.19999999999993,1,1,1.0
86,9,523.0,387.8,163.39999999999998,204.49999999999994,1,1,1.0
87,10,1621.6,489.2,78.10000000000014,121.69999999999999,1,1,0.0
87,1,668.9,384.1,165.5,229.10000000000002,1,1,1.0
87,2,470.7,526.9,51.19999999999999,64.60000000000002,1,1,0.0
87,3,332.9,566.5,196.0,124.39999999999998,1,1,1.0
87,4,318.0,612.3,80.30000000000001,100.90000000000009,1,1,0.0
87,5,408.7,703.1,191.59999999999997,239.5,1,1,1.0
87,6,335.1,779.6,145.5,208.5,1,1,1.0
87,7,251.4,683.7,214.99999999999997,140.0999999999999,1,1,1.0
87,8,1273.9,552.3,310.5,133.20000000000005,1,1,1.0
87,9,522.4,382.8,162.10000000000002,210.09999999999997,1,1,1.0
88,10,1627.6,490.0,72.10000000000014,127.70000000000005,1,1,0.0
88,1,639.7,386.2,182.89999999999998,206.90000000000003,1,1,1.0
88,2,469.3,526.2,49.099999999999966,59.69999999999993,1,1,0.0
88,3,329.2,564.8,200.90000000000003,120.30000000000007,1,1,1.0
88,4,317.1,608.8,75.5,104.40000000000009,1,1,0.0
88,5,406.8,711.9,193.49999999999994,230.70000000000005,1,1,1.0
88,6,335.1,761.4,148.0,224.5,1,1,1.0
88,7,248.9,669.9,216.20000000000002,165.20000000000005,1,1,1.0
88,8,1284.2,554.2,296.39999999999986,138.79999999999995,1,1,1.0
88,9,513.6,391.0,172.79999999999995,194.39999999999998,1,1,1.0
89,10,1620.1,489.2,79.60000000000014,127.69999999999999,1,1,0.0
89,1,600.8,372.3,196.10000000000002,205.49999999999994,1,1,1.0
89,2,456.1,535.2,35.89999999999998,51.39999999999998,1,1,0.0
89,3,334.4,564.2,190.5,119.69999999999993,1,1,1.0
89,4,317.1,613.2,88.09999999999997,101.29999999999995,1,1,0.0
89,5,413.1,727.0,209.19999999999993,206.79999999999995,1,1,1.0
89,6,334.5,752.7,143.60000000000002,227.5,1,1,1.0
89,7,247.6,647.9,282.79999999999995,155.10000000000002,1,1,1.0
89,8,1286.1,555.5,295.8000000000002,141.29999999999995,1,1,1.0
89,9,511.1,389.1,175.29999999999995,192.5,1,1,1.0
90,10,1629.9,489.2,69.79999999999995,145.8,1,1,0.0
90,1,602.9,368.8,194.70000000000005,191.59999999999997,1,1,1.0
90,2,453.3,538.0,49.89999999999998,68.10000000000002,1,1,0.0
90,3,331.5,553.8,180.10000000000002,125.5,1,1,1.0
90,4,317.1,611.5,68.89999999999998,104.70000000000005,1,1,0.0
90,5,404.3,732.0,211.09999999999997,206.20000000000005,1,1,1.0
90,6,334.5,770.8,143.0,210.0,1,1,1.0
90,7,274.6,630.3,256.4,205.4000000000001,1,1,1.0
90,8,1276.8,556.1,305.70000000000005,142.0,1,1,1.0
90,9,511.1,388.5,179.10000000000002,193.70000000000005,1,1,1.0
91,10,1604.3,489.2,95.40000000000009,124.69999999999999,1,1,0.0
91,1,617.5,365.3,180.10000000000002,194.40000000000003,1,1,1.0
91,2,450.5,540.1,33.19999999999999,27.100000000000023,1,1,0.0
91,3,331.5,555.0,189.39999999999998,115.0,1,1,1.0
91,4,316.2,609.8,58.5,108.10000000000002,1,1,0.0
91,5,406.8,729.5,203.09999999999997,219.39999999999998,1,1,1.0
91,6,334.5,762.6,144.89999999999998,216.89999999999998,1,1,1.0
91,7,275.2,646.6,255.8,186.60000000000002,1,1,1.0
91,8,1276.0,556.1,309.0,142.0,1,1,1.0
91,9,509.8,397.9,180.40000000000003,183.70000000000005,1,1,1.0
92,10,1612.6,486.9,87.10000000000014,139.80000000000007,1,1,0.0
92,1,634.2,376.4,173.0999999999999,187.5,1,1,1.0
92,2,462.3,542.9,58.19999999999999,56.200000000000045,1,1,0.0
92,3,333.2,546.9,188.3,126.60000000000002,1,1,1.0
92,4,316.2,613.7,27.0,34.89999999999998,1,1,0.0
92,5,430.0,716.3,201.39999999999998,228.80000000000007,1,1,1.0
92,6,337.6,796.6,142.39999999999998,190.39999999999998,1,1,1.0
92,7,287.1,632.8,193.0,208.60000000000002,1,1,1.0
92,8,1273.5,556.7,310.9000000000001,142.69999999999993,1,1,1.0
92,9,507.3,399.8,179.09999999999997,182.40000000000003,1,1,1.0
93,10,1597.5,486.1,103.70000000000005,142.10000000000002,1,1,0.0
93,1,638.4,382.0,163.30000000000007,193.0,1,1,1.0
93,2,462.3,536.0,65.80000000000001,65.20000000000005,1,1,0.0
93,3,329.7,550.4,186.59999999999997,144.5,1,1,1.0
93,4,317.5,610.2,106.19999999999999,94.59999999999991,1,1,0.0
93,5,420.0,722.0,188.39999999999998,237.5,1,1,1.0
93,6,337.6,785.3,142.39999999999998,201.70000000000005,1,1,1.0
93,7,268.9,685.5,198.0,169.70000000000005,1,1,1.0
93,8,1279.8,556.7,304.60000000000014,142.69999999999993,1,1,1.0
93,9,509.8,392.9,179.09999999999997,189.30000000000007,1,1,1.0
94,10,1597.5,483.1,102.90000000000009,130.0,1,1,0.0
94,1,637.7,382.0,164.0,195.79999999999995,1,1,1.0
94,2,467.9,527.6,69.20000000000005,56.19999999999993,1,1,0.0
94,3,329.7,552.7,188.90000000000003,145.0999999999999,1,1,1.0
94,4,319.2,611.1,101.5,101.19999999999993,1,1,0.0
94,5,413.7,712.0,205.40000000000003,253.79999999999995,1,1,1.0
94,6,340.1,784.0,133.62,234.39999999999998,1,1,1.0
94,7,275.8,705.6,172.3,98.69999999999993,1,1,1.0
94,8,1272.9,558.0,311.5,145.20000000000005,1,1,1.0
94,9,509.8,393.5,179.09999999999997,190.60000000000002,1,1,1.0
95,10,1586.2,476.3,114.20000000000005,155.59999999999997,1,1,0.0
95,1,638.4,382.7,165.39999999999998,204.8,1,1,1.0
95,2,499.8,523.5,48.400000000000034,47.10000000000002,1,1,0.0
95,3,331.4,556.8,195.30000000000007,141.0,1,1,1.0
95,4,319.6,614.2,104.5,106.39999999999998,1,1,0.0
95,5,415.0,712.0,202.79999999999995,254.39999999999998,1,1,1.0
95,6,341.4,788.4,131.70000000000005,218.70000000000005,1,1,1.0
95,7,251.3,660.4,191.8,159.0,1,1,1.0
95,8,1274.2,556.7,306.39999999999986,143.39999999999998,1,1,1.0
95,9,507.3,388.5,175.90000000000003,196.20000000000005,1,1,1.0
96,10,1617.1,464.2,83.30000000000018,213.7,1,1,0.0
96,1,640.5,384.1,163.29999999999995,202.69999999999993,1,1,1.0
96,2,191.1,477.1,25.80000000000001,29.69999999999999,1,1,0.0
96,3,330.8,556.8,201.09999999999997,141.60000000000002,1,1,1.0
96,4,319.2,609.0,97.19999999999999,114.5,1,1,0.0
96,5,417.5,710.7,197.79999999999995,257.0,1,1,1.0
96,6,343.9,790.9,153.10000000000002,200.5,1,1,1.0
96,7,263.2,654.1,178.0,161.5,1,1,1.0
96,8,1289.3,556.7,294.4000000000001,143.39999999999998,1,1,1.0
96,9,507.9,388.5,175.89999999999998,196.79999999999995,1,1,1.0
97,10,1594.5,499.6,105.90000000000009,279.29999999999995,1,1,1.0
97,1,641.9,386.9,161.89999999999998,213.80000000000007,1,1,1.0
97,2,200.3,502.7,15.199999999999989,17.099999999999966,1,1,0.0
97,3,334.9,563.2,206.30000000000007,135.19999999999993,1,1,1.0
97,4,315.3,613.4,126.39999999999998,112.0,1,1,0.0
97,5,425.0,715.7,193.39999999999998,253.29999999999995,1,1,1.0
97,6,351.43,807.3,168.17000000000002,164.60000000000002,1,1,1.0
97,7,273.2,663.5,169.3,152.70000000000005,1,1,1.0
97,8,1283.0,560.5,300.70000000000005,145.29999999999995,1,1,1.0
97,9,508.5,391.0,174.70000000000005,195.60000000000002,1,1,1.0
98,10,1604.3,411.4,94.60000000000014,266.6,1,1,1.0
98,1,641.9,385.5,161.89999999999998,214.5,1,1,1.0
98,2,207.0,513.7,8.800000000000011,15.139999999999986,1,1,0.0
98,3,345.9,567.3,184.89999999999998,110.30000000000007,1,1,1.0
98,4,290.88,617.8,257.22,125.10000000000002,1,1,1.0
98,5,424.4,721.4,198.39999999999998,247.60000000000002,1,1,1.0
98,6,363.4,819.2,220.89999999999998,169.69999999999993,1,1,1.0
98,7,226.7,651.6,205.2,175.29999999999995,1,1,1.0
98,8,1247.8,560.5,325.20000000000005,162.29999999999995,1,1,1.0
98,9,509.1,406.7,178.5,178.00000000000006,1,1,1.0
99,10,1603.5,401.6,96.15000000000009,228.19999999999993,1,1,1.0
99,1,640.5,386.2,163.29999999999995,226.3,1,1,1.0
99,2,202.7,494.9,17.5,42.30000000000007,1,1,0.0
99,3,340.1,564.9,203.39999999999998,113.30000000000007,1,1,1.0
99,4,311.8,624.3,288.2,124.30000000000007,1,1,1.0
99,5,422.5,728.3,197.79999999999995,243.80000000000007,1,1,1.0
99,6,362.7,796.0,237.3,199.79999999999995,1,1,1.0
99,7,271.3,607.6,161.89999999999998,203.60000000000002,1,1,1.0
99,8,1255.3,559.9,317.10000000000014,166.70000000000005,1,1,1.0
99,9,511.0,404.8,177.20000000000005,178.59999999999997,1,1,1.0
100,10,1595.2,401.6,104.45000000000005,240.19999999999993,1,1,1.0
100,1,640.5,378.6,162.60000000000002,228.29999999999995,1,1,1.0
100,2,207.1,511.3,11.099999999999994,21.499999999999943,1,1,0.0
100,3,336.6,571.9,205.19999999999993,109.80000000000007,1,1,1.0
100,4,330.1,644.8,314.4,104.70000000000005,1,1,1.0
100,5,420.6,734.6,199.10000000000002,240.60000000000002,1,1,1.0
100,6,346.4,831.2,264.30000000000007,152.0,1,1,1.0
100,7,290.8,612.6,138.59999999999997,222.5,1,1,1.0
100,8,1253.4,551.1,319.0,161.10000000000002,1,1,1.0
100,9,506.6,424.9,181.60000000000002,157.20000000000005,1,1,1.0
101,10,1589.9,410.6,109.75,216.89999999999998,1,1,1.0
101,1,639.8,376.5,164.70000000000005,220.70000000000005,1,1,1.0
101,2,208.1,508.3,10.099999999999994,23.19999999999999,1,1,0.0
101,3,339.5,571.9,206.89999999999998,113.89999999999998,1,1,1.0
101,4,496.7,629.5,336.2,111.29999999999995,1,1,1.0
101,5,420.6,720.2,194.69999999999993,246.79999999999995,1,1,1.0
101,6,343.9,841.9,261.20000000000005,146.30000000000007,1,1,1.0
101,7,304.0,611.3,114.89999999999998,221.30000000000007,1,1,1.0
101,8,1210.7,537.3,346.0,142.9000000000001,1,1,1.0
101,9,506.6,426.8,179.10000000000002,153.40000000000003,1,1,1.0
102,10,1556.7,416.6,142.95000000000005,195.89999999999998,1,1,1.0
102,1,640.5,381.4,164.70000000000005,217.20000000000005,1,1,1.0
102,2,206.8,507.6,11.399999999999977,14.5,1,1,0.0
102,3,340.7,569.6,217.3,117.39999999999998,1,1,1.0
102,4,536.8,634.7,297.0,124.39999999999998,1,1,1.0
102,5,420.6,715.2,194.69999999999993,251.79999999999995,1,1,1.0
102,6,343.9,843.2,277.5,141.89999999999998,1,1,1.0
102,7,304.0,633.3,128.39999999999998,194.9000000000001,1,1,1.0
102,8,1231.4,541.1,306.5,163.0,1,1,1.0
102,9,506.6,419.9,184.10000000000002,160.89999999999998,1,1,1.0
103,10,1581.6,424.9,118.05000000000018,232.70000000000005,1,1,1.0
103,1,641.9,375.2,157.70000000000005,224.09999999999997,1,1,1.0
103,2,206.8,507.6,10.399999999999977,15.199999999999932,1,1,0.0
103,3,326.8,572.5,230.59999999999997,115.70000000000005,1,1,1.0
103,4,555.6,626.9,270.6,181.39999999999998,1,1,1.0
103,5,423.1,723.4,187.19999999999993,243.60000000000002,1,1,1.0
103,6,345.8,845.1,310.7,136.19999999999993,1,1,1.0
103,7,307.1,625.2,125.5,206.0999999999999,1,1,1.0
103,8,1230.6,540.4,301.0,174.39999999999998,1,1,1.0
103,9,508.5,419.9,184.10000000000002,163.39999999999998,1,1,1.0
104,10,1564.3,446.8,129.29999999999995,287.7,1,1,1.0
104,1,642.6,377.3,159.79999999999995,228.2,1,1,1.0
104,2,224.19,497.42,12.360000000000014,16.20999999999998,1,1,0.0
104,3,328.0,570.2,235.20000000000005,116.79999999999995,1,1,1.0
104,4,564.0,598.6,262.98,230.0,1,1,1.0
104,5,425.6,720.9,182.19999999999993,241.70000000000005,1,1,1.0
104,6,367.1,830.0,317.69999999999993,146.29999999999995,1,1,1.0
104,7,309.6,624.6,125.5,209.79999999999995,1,1,1.0
104,8,1229.6,538.5,297.0,175.70000000000005,1,1,1.0
104,9,508.5,419.9,185.39999999999998,164.0,1,1,1.0
105,10,1559.1,362.4,130.0,294.5,1,1,1.0
105,1,640.5,366.9,156.29999999999995,226.80000000000007,1,1,1.0
105,2,241.58,487.23,14.329999999999984,17.22999999999996,1,1,0.0
105,3,328.0,570.2,238.10000000000002,116.79999999999995,1,1,1.0
105,4,570.73,589.38,261.9,216.5,1,1,1.0
105,5,422.5,722.8,185.89999999999998,239.20000000000005,1,1,1.0
105,6,389.7,836.3,287.59999999999997,148.80000000000007,1,1,1.0
105,7,257.5,624.6,171.3,202.89999999999998,1,1,1.0
105,8,1229.6,538.5,295.70000000000005,173.20000000000005,1,1,1.0
105,9,511.0,399.8,179.79999999999995,184.09999999999997,1,1,1.0
106,10,1556.8,359.4,132.29999999999995,294.5,1,1,1.0
106,1,560.6,350.2,200.10000000000002,199.09999999999997,1,1,1.0
106,2,258.98,477.05,16.279999999999973,18.24000000000001,1,1,0.0
106,3,328.0,573.7,228.29999999999995,112.69999999999993,1,1,1.0
106,4,560.9,593.9,265.5,255.70000000000005,1,1,1.0
106,5,425.0,719.0,188.39999999999998,242.39999999999998,1,1,1.0
106,6,392.2,838.8,281.00000000000006,158.30000000000007,1,1,1.0
106,7,217.9,626.5,203.4,204.79999999999995,1,1,1.0
106,8,1230.2,538.5,299.5,169.39999999999998,1,1,1.0
106,9,509.7,404.2,182.40000000000003,181.00000000000006,1,1,1.0
107,10,1556.8,356.4,133.70000000000005,265.1,1,1,1.0
107,1,678.7,387.7,173.69999999999993,221.3,1,1,1.0
107,2,276.37,466.86,18.25,19.25999999999999,1,1,0.0
107,3,328.6,569.7,235.79999999999995,117.29999999999995,1,1,1.0
107,4,566.1,591.8,260.29999999999995,260.80000000000007,1,1,1.0
107,5,423.1,703.9,186.5,257.5,1,1,1.0
107,6,397.77,837.85,279.43000000000006,161.25,1,1,1.0
107,7,217.9,626.5,204.65,206.5,1,1,1.0
107,8,1245.3,537.3,286.29999999999995,168.70000000000005,1,1,1.0
107,9,509.7,416.1,182.40000000000003,167.19999999999993,1,1,1.0
108,10,1528.2,360.2,164.39999999999986,247.00000000000006,1,1,1.0
108,1,681.5,391.2,189.60000000000002,210.2,1,1,1.0
108,2,293.76,456.68,20.210000000000036,20.269999999999982,1,1,0.0
108,3,327.4,570.9,241.60000000000002,117.30000000000007,1,1,1.0
108,4,607.9,585.5,219.80000000000007,302.4,1,1,1.0
108,5,423.7,716.5,186.50000000000006,244.29999999999995,1,1,1.0
108,6,398.01,841.66,291.19000000000005,156.54000000000008,1,1,1.0
108,7,217.9,626.5,205.9,197.89999999999998,1,1,1.0
108,8,1245.3,537.3,296.29999999999995,152.4000000000001,1,1,1.0
108,9,508.4,413.6,185.60000000000002,165.29999999999995,1,1,1.0
109,10,1558.3,361.7,136.10000000000014,280.2,1,1,1.0
109,1,682.2,391.9,199.29999999999995,192.80000000000007,1,1,1.0
109,2,311.15,446.49,22.170000000000016,21.289999999999964,1,1,0.0
109,3,286.3,572.6,274.59999999999997,114.39999999999998,1,1,1.0
109,4,583.7,563.5,242.0999999999999,303.6,1,1,1.0
109,5,423.1,707.7,187.10000000000002,251.79999999999995,1,1,1.0
109,6,400.03,841.3,292.77,158.10000000000002,1,1,1.0
109,7,216.0,632.2,209.7,185.89999999999998,1,1,1.0
109,8,1232.7,538.6,308.29999999999995,148.60000000000002,1,1,1.0
109,9,472.0,414.8,212.60000000000002,148.40000000000003,1,1,1.0
110,10,1559.1,365.5,135.30000000000018,276.4,1,1,1.0
110,1,682.9,386.3,192.30000000000007,190.8,1,1,1.0
110,2,328.55,436.31,24.129999999999995,22.310000000000002,1,1,0.0
110,3,286.3,569.7,283.90000000000003,118.5,1,1,1.0
110,4,579.3,559.1,246.5,316.79999999999995,1,1,1.0
110,5,424.4,710.8,183.30000000000007,247.4000000000001,1,1,1.0
110,6,400.86,835.0,291.93999999999994,167.89999999999998,1,1,1.0
110,7,217.2,632.8,208.5,187.20000000000005,1,1,1.0
110,8,1234.6,539.9,310.8000000000002,142.30000000000007,1,1,1.0
110,9,436.2,374.6,208.8,132.09999999999997,1,1,1.0
111,10,1559.9,362.5,134.5,264.29999999999995,1,1,1.0
111,1,684.3,386.3,210.20000000000005,179.7,1,1,1.0
111,2,345.94,426.12,26.089999999999975,23.329999999999984,1,1,0.0
111,3,331.4,568.0,232.39999999999998,123.10000000000002,1,1,1.0
111,4,566.7,549.1,259.0999999999999,316.1,1,1,1.0
111,5,425.0,708.3,182.70000000000005,252.4000000000001,1,1,1.0
111,6,402.4,836.67,294.30000000000007,173.23000000000002,1,1,1.0
111,7,217.2,632.8,211.60000000000002,187.20000000000005,1,1,1.0
111,8,1247.8,539.9,297.0,144.80000000000007,1,1,1.0
111,9,491.5,383.4,202.5,169.70000000000005,1,1,1.0
112,10,1559.9,362.5,134.5,253.79999999999995,1,1,1.0
112,1,680.1,393.9,209.69999999999993,171.39999999999998,1,1,1.0
112,2,363.33,415.94,28.05000000000001,24.339999999999975,1,1,0.0
112,3,334.9,566.8,233.5,132.4000000000001,1,1,1.0
112,4,562.4,566.7,263.4,294.5,1,1,1.0
112,5,425.0,712.1,182.70000000000005,249.19999999999993,1,1,1.0
112,6,400.61,839.4,292.78999999999996,167.60000000000002,1,1,1.0
112,7,214.1,632.2,213.4,187.19999999999993,1,1,1.0
112,8,1256.6,539.9,292.60000000000014,139.10000000000002,1,1,1.0
112,9,505.3,395.9,187.40000000000003,162.20000000000005,1,1,1.0
113,10,1559.2,359.5,134.39999999999986,259.1,1,1,1.0
113,1,648.2,398.1,224.19999999999993,180.39999999999998,1,1,1.0
113,2,380.72,405.75,30.019999999999982,25.360000000000014,1,1,0.0
113,3,333.7,566.8,238.2,132.4000000000001,1,1,1.0
113,4,571.2,600.0,254.5999999999999,255.10000000000002,1,1,1.0
113,5,425.6,711.5,183.39999999999998,249.20000000000005,1,1,1.0
113,6,399.19,840.82,293.31,147.38,1,1,1.0
113,7,214.1,630.9,213.4,189.10000000000002,1,1,1.0
113,8,1239.6,538.6,309.60000000000014,129.69999999999993,1,1,1.0
113,9,505.9,407.8,181.10000000000002,145.3,1,1,1.0
114,10,1559.2,361.0,134.39999999999986,256.79999999999995,1,1,1.0
114,1,646.8,398.1,232.5,176.89999999999998,1,1,1.0
114,2,398.12,395.57,31.96999999999997,26.370000000000005,1,1,0.0
114,3,334.9,568.5,237.0,127.20000000000005,1,1,1.0
114,4,573.9,609.4,251.89999999999998,242.30000000000007,1,1,1.0
114,5,426.2,714.6,182.8,246.10000000000002,1,1,1.0
114,6,392.41,841.9,300.98999999999995,146.0,1,1,1.0
114,7,212.2,632.2,215.3,187.19999999999993,1,1,1.0
114,8,1254.0,538.0,293.9000000000001,134.10000000000002,1,1,1.0
114,9,507.8,402.1,185.49999999999994,153.5,1,1,1.0
115,10,1557.7,358.7,135.89999999999986,262.09999999999997,1,1,1.0
115,1,672.5,390.5,197.79999999999995,197.0,1,1,1.0
115,2,415.51,385.38,33.94,27.389999999999986,1,1,0.0
115,3,333.7,568.0,239.40000000000003,127.10000000000002,1,1,1.0
115,4,576.1,612.5,250.29999999999995,249.5,1,1,1.0
115,5,426.8,714.0,182.2,248.60000000000002,1,1,1.0
115,6,390.51,848.8,317.59000000000003,139.30000000000007,1,1,1.0
115,7,212.2,632.2,214.7,188.5,1,1,1.0
115,8,1247.1,537.4,301.4000000000001,128.39999999999998,1,1,1.0
115,9,507.8,383.3,180.49999999999994,179.2,1,1,1.0
116,10,1546.4,352.7,147.19999999999982,272.7,1,1,1.0
116,1,680.8,392.6,186.0,197.0,1,1,1.0
116,2,432.9,375.2,35.900000000000034,28.400000000000034,1,1,0.0
116,3,334.9,568.0,237.60000000000002,131.20000000000005,1,1,1.0
116,4,572.9,622.5,313.20000000000005,233.20000000000005,1,1,1.0
116,5,427.4,719.0,182.20000000000005,243.0,1,1,1.0
116,6,391.11,848.1,309.49,140.19999999999993,1,1,1.0
116,7,210.9,631.6,215.99999999999997,189.10000000000002,1,1,1.0
116,8,1221.4,539.3,322.0999999999999,124.0,1,1,1.0
116,9,508.4,389.6,179.89999999999998,174.79999999999995,1,1,1.0
117,10,1560.7,356.5,132.89999999999986,319.4,1,1,1.0
117,1,680.8,393.3,184.60000000000002,196.99999999999994,1,1,1.0
117,2,430.6,376.4,28.899999999999977,25.5,1,1,0.0
117,3,332.0,567.4,237.60000000000002,127.20000000000005,1,1,1.0
117,4,572.9,605.5,287.5,254.0,1,1,1.0
117,5,427.4,719.6,182.20000000000005,241.79999999999995,1,1,1.0
117,6,393.25,848.1,306.04999999999995,141.5,1,1,1.0
117,7,210.9,631.6,217.29999999999998,189.10000000000002,1,1,1.0
117,8,1206.3,541.8,337.20000000000005,125.30000000000007,1,1,1.0
117,9,509.0,385.8,180.60000000000002,176.7,1,1,1.0
118,10,1556.2,391.9,136.5999999999999,294.5,1,1,1.0
118,1,679.4,394.7,197.10000000000002,191.40000000000003,1,1,1.0
118,2,436.7,379.5,20.600000000000023,19.600000000000023,1,1,0.0
118,3,330.3,565.7,239.3,132.29999999999995,1,1,1.0
118,4,600.5,591.7,248.0,281.5999999999999,1,1,1.0
118,5,427.4,720.2,183.5,239.29999999999995,1,1,1.0
118,6,410.5,869.5,329.0,128.89999999999998,1,1,1.0
118,7,213.4,631.0,216.1,191.0,1,1,1.0
118,8,1169.9,544.3,337.1999999999998,155.5,1,1,1.0
118,9,509.0,391.5,187.5,169.70000000000005,1,1,1.0
119,10,1535.1,390.4,150.20000000000005,320.1,1,1,1.0
119,1,683.6,391.2,190.10000000000002,197.7,1,1,1.0
119,2,433.4,382.8,21.400000000000034,19.099999999999966,1,1,0.0
119,3,326.2,568.6,242.3,129.39999999999998,1,1,1.0
119,4,628.8,584.8,212.20000000000005,311.1,1,1,1.0
119,5,426.8,727.1,184.09999999999997,233.0,1,1,1.0
119,6,430.96,867.6,314.34,134.39999999999998,1,1,1.0
119,7,215.91,630.4,212.39000000000001,191.0,1,1,1.0
119,8,1151.1,535.5,313.9000000000001,161.20000000000005,1,1,1.0
119,9,509.0,385.8,189.39999999999998,175.40000000000003,1,1,1.0
120,10,1574.3,446.9,118.5,349.5,1,1,1.0
120,1,684.3,391.9,195.60000000000002,193.5,1,1,1.0
120,2,433.4,382.8,21.400000000000034,19.099999999999966,1,1,0.0
120,3,325.0,570.9,247.60000000000002,119.0,1,1,1.0
120,4,648.9,586.1,195.89999999999998,317.29999999999995,1,1,1.0
120,5,426.8,722.7,184.7,237.39999999999998,1,1,1.0
120,6,430.0,870.1,308.70000000000005,145.19999999999993,1,1,1.0
120,7,215.91,629.8,213.69000000000003,195.4000000000001,1,1,1.0
120,8,1260.99,551.2,312.01,186.89999999999998,1,1,1.0
120,9,509.6,397.7,189.39999999999998,162.90000000000003,1,1,1.0
